1,352,0.3159711352,0.3468543424,0.004612800500000014,0.0204966533,-1,-1,-1,-1
2,352,0.3135598987,0.346481676,0.005172463099999969,0.020160838299999984,-1,-1,-1,-1
3,352,0.3115680076,0.346481676,0.0050162306000000045,0.020060405199999964,-1,-1,-1,-1
4,352,0.3093664437,0.3462953428,0.004612800500000014,0.0204966533,-1,-1,-1,-1
5,352,0.3093664437,0.3462953428,0.004612800500000014,0.0204966533,-1,-1,-1,-1
6,352,0.3050681524,0.3466680092,0.004612800400000006,0.0204966533,-1,-1,-1,-1
7,352,0.3024472431,0.3466680092,0.00408861850000003,0.0204966533,-1,-1,-1,-1
8,352,0.2998263337,0.346481676,0.0040886185999999825,0.0204966533,-1,-1,-1,-1
9,352,0.2985826064,0.3480892541,0.0040886185999999825,0.0204966533,-1,-1,-1,-1
10,352,0.2936408417,0.3489040078,0.00408861850000003,0.020496653199999992,-1,-1,-1,-1
11,352,0.290076405,0.3489040078,0.00408861850000003,0.020496653199999992,-1,-1,-1,-1
12,352,0.2876651684,0.3489040078,0.0040886185999999825,0.020496653199999992,-1,-1,-1,-1
13,352,0.2855735513,0.3489040078,0.0040886185999999825,0.020496653199999992,-1,-1,-1,-1
14,352,0.2820040042,0.3487176746,0.0040886185999999825,0.020496653199999992,-1,-1,-1,-1
15,352,0.2790271185,0.3482360109,0.004882775999999978,0.022276550800000017,-1,-1,-1,-1
16,352,0.2756089854,0.3481586749,0.005102961600000011,0.021984853599999965,-1,-1,-1,-1
17,352,0.2734074216,0.3483450081,0.005020318999999995,0.022610419299999962,-1,-1,-1,-1
18,352,0.2704720031,0.3479723417,0.0050899665999999955,0.023352248699999967,-1,-1,-1,-1
19,352,0.2680191532,0.3479687085,0.004822473199999955,0.0212419861,-1,-1,-1,-1
20,352,0.2655446936,0.3472270089,0.005739572400000004,0.02490948039999996,-1,-1,-1,-1
21,352,0.2629277265,0.3467418418,0.005241818700000012,0.02310531830000001,-1,-1,-1,-1
22,352,0.2609992045,0.3468191779,0.005241818699999956,0.023105318200000002,-1,-1,-1,-1
23,352,0.2586254929,0.3457363432,0.0059756733000000395,0.0234779846,-1,-1,-1,-1
24,352,0.2568432746,0.3451773435,0.005137858399999973,0.023342127499999976,-1,-1,-1,-1
25,352,0.2548513835,0.3457363432,0.005426961500000049,0.022635462699999997,-1,-1,-1,-1
26,352,0.2526498196,0.3457363432,0.005635028099999995,0.022561630100000007,-1,-1,-1,-1
27,352,0.2514863987,0.3454408831,0.005314094499999977,0.021803061800000023,-1,-1,-1,-1
28,352,0.248910315,0.3452932179,0.004815464599999986,0.02224618719999999,-1,-1,-1,-1
29,352,0.2474145715,0.3449977578,0.004815464599999986,0.02224618709999998,-1,-1,-1,-1
30,352,0.2455032788,0.3448500926,0.004815464699999994,0.02224618719999999,-1,-1,-1,-1
31,352,0.2441736966,0.3448500926,0.00455892220000001,0.021507601799999998,-1,-1,-1,-1
32,352,0.2426778072,0.3447022977,0.004725813400000001,0.02175025009999998,-1,-1,-1,-1
33,352,0.2411819177,0.3444069673,0.0043165427999999895,0.021507601799999998,-1,-1,-1,-1
34,352,0.2405169806,0.3442591724,0.004316542699999981,0.021507601700000045,-1,-1,-1,-1
35,352,0.2387718492,0.3442591724,0.0043165427999999895,0.021507601700000045,-1,-1,-1,-1
36,352,0.2376436171,0.3433729218,0.004613822500000003,0.021507601799999998,-1,-1,-1,-1
37,352,0.2359463775,0.3436683819,0.004732384000000006,0.02195085680000003,-1,-1,-1,-1
38,352,0.2342012461,0.3435207167,0.004732383999999978,0.021950856799999974,-1,-1,-1,-1
39,352,0.2330378252,0.3438160471,0.004815464600000013,0.022689442199999965,-1,-1,-1,-1
40,352,0.2320369153,0.343520587,0.004277703599999988,0.022489095100000023,-1,-1,-1,-1
41,352,0.2310815609,0.3427821313,0.004444887099999989,0.023153718200000006,-1,-1,-1,-1
42,352,0.2292983205,0.3430775914,0.004399769399999975,0.02160336359999998,-1,-1,-1,-1
43,352,0.2278809853,0.3429299263,0.004488106500000005,0.021677196099999962,-1,-1,-1,-1
44,352,0.2268838717,0.3426344661,0.004321215099999998,0.020769146200000033,-1,-1,-1,-1
45,352,0.2261511851,0.3425258583,0.004321215199999978,0.020769146100000024,-1,-1,-1,-1
46,352,0.2263954627,0.3417661222,0.004321215099999998,0.02156313839999996,-1,-1,-1,-1
47,352,0.226700627,0.3416499884,0.004713256500000013,0.020964173099999983,-1,-1,-1,-1
48,352,0.2279217226,0.3413319503,0.004022037200000023,0.02058657589999996,-1,-1,-1,-1
49,352,0.2285321973,0.3410063862,0.004293765000000005,0.0202052157,-1,-1,-1,-1
50,352,0.229203851,0.3407893002,0.004632512000000005,0.02015253370000003,-1,-1,-1,-1
51,352,0.2298143257,0.3406806923,0.004632512000000005,0.02015253380000004,-1,-1,-1,-1
52,352,0.2303637676,0.3402466502,0.004632512000000005,0.020152533699999975,-1,-1,-1,-1
53,352,0.2307301109,0.3402466502,0.004083216099999981,0.019610013400000015,-1,-1,-1,-1
54,352,0.2309133555,0.339812608,0.004083216100000009,0.01961001339999996,-1,-1,-1,-1
55,352,0.231157633,0.3393785658,0.004083216199999989,0.019610013400000015,-1,-1,-1,-1
56,352,0.2310966001,0.3386189595,0.004083216200000017,0.020304351100000007,-1,-1,-1,-1
57,352,0.2313407316,0.3386189595,0.004083216200000017,0.019610013400000015,-1,-1,-1,-1
58,352,0.231646042,0.3386189595,0.004083216200000017,0.019610013400000015,-1,-1,-1,-1
59,352,0.2317806648,0.3383796848,0.004083216099999981,0.01961001339999996,-1,-1,-1,-1
60,352,0.2315563909,0.3383000131,0.004052115600000017,0.019294570499999997,-1,-1,-1,-1
61,352,0.2311974942,0.3381406696,0.0038307620000000153,0.01916792620000002,-1,-1,-1,-1
62,352,0.2313769425,0.337901395,0.0038307620000000153,0.01916792610000001,-1,-1,-1,-1
63,352,0.2304170619,0.3373433036,0.00420747199999999,0.01924772770000005,-1,-1,-1,-1
64,352,0.2309283947,0.3371838304,0.0037249034999999875,0.019082026099999982,-1,-1,-1,-1
65,352,0.230355883,0.3371838304,0.0036063419999999846,0.019001316300000015,-1,-1,-1,-1
66,352,0.2301797929,0.3371838304,0.003606342099999993,0.019001316300000015,-1,-1,-1,-1
67,352,0.2296954722,0.3371054563,0.0038364565000000017,0.018496036599999988,-1,-1,-1,-1
68,352,0.2292110055,0.336792349,0.003822585399999995,0.01858764620000003,-1,-1,-1,-1
69,352,0.2288145839,0.3365574861,0.004052845700000002,0.018601141099999996,-1,-1,-1,-1
70,352,0.2284622577,0.3364008676,0.003699205499999997,0.0182409315,-1,-1,-1,-1
71,352,0.2281981226,0.3361661345,0.003705775999999994,0.018453605600000034,-1,-1,-1,-1
72,352,0.2280220326,0.3359314014,0.0040148827,0.018046163900000023,-1,-1,-1,-1
73,352,0.2281541731,0.3359314014,0.003705775999999994,0.018453605599999978,-1,-1,-1,-1
74,352,0.2283302632,0.3357747828,0.004038828600000016,0.01805511729999998,-1,-1,-1,-1
75,352,0.2284704344,0.3356500849,0.003705775999999994,0.018453605600000034,-1,-1,-1,-1
76,352,0.2286106056,0.3354008188,0.004173889400000019,0.017986085799999996,-1,-1,-1,-1
77,352,0.22836516,0.335338405,0.003705775999999994,0.018453605599999978,-1,-1,-1,-1
78,352,0.22836516,0.334964441,0.003705775999999994,0.018119088200000022,-1,-1,-1,-1
79,352,0.2273483348,0.3354629732,0.004605499799999996,0.01785022850000001,-1,-1,-1,-1
80,352,0.2267523152,0.3353382752,0.0037057759000000134,0.018119088200000022,-1,-1,-1,-1
81,352,0.225385062,0.3349643112,0.0037057759000000134,0.018119088200000022,-1,-1,-1,-1
82,352,0.2243467731,0.334816646,0.0033708251999999828,0.01694633090000003,-1,-1,-1,-1
83,352,0.2240560639,0.3342998179,0.0033708251000000022,0.016946330899999973,-1,-1,-1,-1
