1,425,0.131836558,0.3619735438,0.003060258499999996,0.014991259499999965,-1,-1,-1,-1
2,425,0.1308662375,0.3619072372,0.003060258499999996,0.014991259499999965,-1,-1,-1,-1
3,425,0.1302318169,0.3617083174,0.0030602584000000155,0.01499125950000002,-1,-1,-1,-1
4,425,0.1293734873,0.3616420108,0.0030602583999999877,0.014991259499999965,-1,-1,-1,-1
5,425,0.1276193762,0.3610449919,0.0030602584000000155,0.01499125950000002,-1,-1,-1,-1
6,425,0.1257160412,0.3581927703,0.0030602584000000155,0.014991259399999957,-1,-1,-1,-1
7,425,0.1247830267,0.3566007632,0.0030602584000000155,0.01499125950000002,-1,-1,-1,-1
8,425,0.1233648154,0.3561364873,0.0030602584000000155,0.014991259399999957,-1,-1,-1,-1
9,425,0.1209762836,0.3566007632,0.0030602584000000016,0.01499125950000002,-1,-1,-1,-1
10,425,0.1206777628,0.3565344566,0.0030602584000000016,0.01499125950000002,-1,-1,-1,-1
11,425,0.1206777628,0.3565344566,0.0030602584000000016,0.01499125950000002,-1,-1,-1,-1
12,425,0.1202892623,0.3570523552,0.0030602584000000016,0.01499125950000002,-1,-1,-1,-1
13,425,0.1199007618,0.3575702538,0.0030602584000000016,0.014991259599999973,-1,-1,-1,-1
14,425,0.1195122612,0.3580881525,0.0030602584000000016,0.01499125950000002,-1,-1,-1,-1
15,425,0.1191237607,0.3586060511,0.0030602584000000016,0.01499125950000002,-1,-1,-1,-1
16,425,0.1183467596,0.3598490078,0.0030602584000000016,0.014991259499999965,-1,-1,-1,-1
17,425,0.1148113062,0.3589513385,0.0030602584000000016,0.01499125950000002,-1,-1,-1,-1
18,425,0.1163265422,0.3584679881,0.00306025850000001,0.014991259399999957,-1,-1,-1,-1
19,425,0.1151998432,0.3582608935,0.0023385957999999957,0.014242163599999969,-1,-1,-1,-1
20,425,0.1148890574,0.3584855055,0.00241627400000001,0.013396138099999955,-1,-1,-1,-1
21,425,0.1148113792,0.3583474424,0.00241627400000001,0.013396138200000018,-1,-1,-1,-1
22,425,0.1133084812,0.3572016748,0.0029649858,0.013628795200000043,-1,-1,-1,-1
23,425,0.1137668848,0.3570658177,0.0029649858,0.01362879509999998,-1,-1,-1,-1
24,425,0.1141107423,0.3577448439,0.0030701872000000047,0.013615819299999998,-1,-1,-1,-1
25,425,0.1130028058,0.3570658177,0.0030701872000000047,0.013615819299999998,-1,-1,-1,-1
26,425,0.1136522656,0.356997954,0.003070187299999999,0.013615819299999998,-1,-1,-1,-1
27,425,0.1131610824,0.356997954,0.0030701872000000047,0.013615819299999998,-1,-1,-1,-1
28,425,0.113619559,0.3570324697,0.0030701872000000047,0.012941075099999977,-1,-1,-1,-1
29,425,0.1135868524,0.3568579445,0.003984366200000006,0.012629395199999949,-1,-1,-1,-1
30,425,0.1132487624,0.3564503731,0.003274603600000009,0.012978705099999988,-1,-1,-1,-1
31,425,0.1121321382,0.3558301274,0.0028656249000000023,0.012875417300000025,-1,-1,-1,-1
32,425,0.1092359969,0.3560162011,0.003807765100000013,0.013061491000000036,-1,-1,-1,-1
33,425,0.1077018524,0.3560162011,0.0034095182999999973,0.01300803049999999,-1,-1,-1,-1
34,425,0.1044628027,0.3559134324,0.0038014135999999976,0.013068238399999987,-1,-1,-1,-1
35,425,0.1021488098,0.3559134324,0.003920632199999996,0.012991810699999995,-1,-1,-1,-1
36,425,0.1011139522,0.3555728163,0.002850366600000001,0.012902277300000042,-1,-1,-1,-1
37,425,0.0996191578,0.3557090627,0.0030420069999999994,0.012834154099999995,-1,-1,-1,-1
38,425,0.0986992113,0.3550959538,0.00315706419999999,0.01269790770000001,-1,-1,-1,-1
39,425,0.097894322,0.3549597074,0.0032337202999999926,0.012902277299999987,-1,-1,-1,-1
40,425,0.097281073,0.3547553377,0.003387032600000006,0.012902277399999995,-1,-1,-1,-1
41,425,0.0970127766,0.3547553377,0.0032337202999999926,0.01269790770000001,-1,-1,-1,-1
42,425,0.0966435861,0.3544828449,0.0027212924000000055,0.01262978440000001,-1,-1,-1,-1
43,425,0.0963369616,0.3543465985,0.0027212923999999916,0.01262978440000001,-1,-1,-1,-1
44,425,0.0958770249,0.3541422288,0.0031045729999999994,0.012357291599999987,-1,-1,-1,-1
45,425,0.0957237126,0.3537334895,0.0031045729999999994,0.012357291599999987,-1,-1,-1,-1
46,425,0.0954937443,0.3535291199,0.003104572899999991,0.012357291599999987,-1,-1,-1,-1
47,425,0.0957620407,0.3531885038,0.0031045729999999994,0.012357291599999987,-1,-1,-1,-1
48,425,0.0955320723,0.3531885038,0.0031045729999999994,0.012357291599999987,-1,-1,-1,-1
49,425,0.095340432,0.3526435181,0.0027979484999999943,0.012357291599999987,-1,-1,-1,-1
50,425,0.0948038392,0.3523710252,0.003181229100000002,0.012357291599999987,-1,-1,-1,-1
51,425,0.0944972147,0.3520304092,0.003066244900000001,0.012357291599999987,-1,-1,-1,-1
52,425,0.0939606218,0.3514173002,0.0031045729999999994,0.01215292200000001,-1,-1,-1,-1
53,425,0.0938073096,0.3512810538,0.0033345413000000074,0.012016675499999963,-1,-1,-1,-1
54,425,0.0938839657,0.3511448074,0.0033345412999999935,0.012016675500000018,-1,-1,-1,-1
55,425,0.0942672463,0.3509404377,0.0033345413000000074,0.012016675600000026,-1,-1,-1,-1
56,425,0.0946121989,0.350395452,0.0033345412999999935,0.012016675500000018,-1,-1,-1,-1
57,425,0.0949954795,0.3499867127,0.0033345413000000074,0.012016675600000026,-1,-1,-1,-1
58,425,0.0952254478,0.3496460967,0.003756150099999994,0.012016675499999963,-1,-1,-1,-1
59,425,0.0957620407,0.3495779734,0.003679493900000011,0.011607936299999955,-1,-1,-1,-1
60,425,0.0963752897,0.3493054806,0.003411197399999996,0.011607936200000002,-1,-1,-1,-1
61,425,0.0966435861,0.3488286181,0.003756223000000003,0.011744182599999986,-1,-1,-1,-1
62,425,0.0966435861,0.3482836324,0.003756223000000003,0.011744182599999986,-1,-1,-1,-1
63,425,0.095915353,0.3482836324,0.00341119740000001,0.01153981300000001,-1,-1,-1,-1
64,425,0.0948038392,0.3483517556,0.0034878535999999932,0.011199196900000041,-1,-1,-1,-1
65,425,0.0943665342,0.3479631289,0.003044124199999998,0.011255382300000005,-1,-1,-1,-1
66,425,0.0935706977,0.3475589311,0.00388398320000001,0.011626102499999957,-1,-1,-1,-1
67,425,0.0928545835,0.347271516,0.004298729299999998,0.011564856499999998,-1,-1,-1,-1
68,425,0.0931586528,0.346622983,0.004156514,0.01156485639999999,-1,-1,-1,-1
69,425,0.0923681456,0.3463528258,0.004308512199999989,0.010598415100000036,-1,-1,-1,-1
70,425,0.0923681456,0.3452554582,0.00308464239999999,0.011570565800000043,-1,-1,-1,-1
71,425,0.0923387243,0.3452554582,0.002878911900000003,0.011466110200000046,-1,-1,-1,-1
72,425,0.0925718319,0.3453599138,0.002351809800000007,0.01151840280000005,-1,-1,-1,-1
73,425,0.0925718319,0.3453599138,0.0022341973999999987,0.011466110200000046,-1,-1,-1,-1
74,425,0.0925718319,0.3451740996,0.0022636188000000057,0.011652054099999976,-1,-1,-1,-1
75,425,0.0925718319,0.3451740996,0.0022636188000000057,0.011652054099999976,-1,-1,-1,-1
76,425,0.0925718319,0.3451740996,0.0022636188000000057,0.011652054099999976,-1,-1,-1,-1
77,425,0.0925718319,0.3451740996,0.0022636188000000057,0.011652054099999976,-1,-1,-1,-1
78,425,0.0924836409,0.3451740996,0.0022636188000000057,0.011652054099999976,-1,-1,-1,-1
79,425,0.0927776353,0.3447561474,0.0022636188000000057,0.011652054199999984,-1,-1,-1,-1
80,425,0.092748214,0.345069644,0.0022636188000000057,0.011652054099999976,-1,-1,-1,-1
81,425,0.0925129892,0.3454875961,0.002263618799999992,0.011234101999999968,-1,-1,-1,-1
82,425,0.0928172775,0.3456124238,0.002263618799999992,0.011234101999999968,-1,-1,-1,-1
83,425,0.0925129892,0.3454875961,0.002263618799999992,0.011234101999999968,-1,-1,-1,-1
84,425,0.0925129892,0.3454875961,0.002263618799999992,0.011234101999999968,-1,-1,-1,-1
85,425,0.092566685,0.3456784709,0.0022636188000000057,0.011234102000000024,-1,-1,-1,-1
86,425,0.0926203808,0.3458693456,0.0022636188000000057,0.011234102000000024,-1,-1,-1,-1
87,425,0.0925292695,0.3453443427,0.002719759200000005,0.011704865900000028,-1,-1,-1,-1
88,425,0.0918899574,0.3453844381,0.0029135166999999934,0.01148025389999996,-1,-1,-1,-1
89,425,0.0918362251,0.3451458122,0.002900010699999997,0.01178804109999998,-1,-1,-1,-1
90,425,0.0905473802,0.3453844381,0.0034369684999999983,0.011740289899999978,-1,-1,-1,-1
91,425,0.0895270507,0.3458616899,0.0028462053000000015,0.011215416799999989,-1,-1,-1,-1
92,425,0.0888557621,0.345909441,0.0028730715000000046,0.01164491740000001,-1,-1,-1,-1
93,425,0.0877548342,0.345909441,0.003007329199999992,0.011788041100000035,-1,-1,-1,-1
94,425,0.0872715356,0.3460049433,0.002792545999999993,0.01169253880000004,-1,-1,-1,-1
95,425,0.0871570624,0.3459641991,0.0027925461000000013,0.01169253880000004,-1,-1,-1,-1
96,425,0.0880997137,0.3459200812,0.0038742003999999997,0.011652702899999978,-1,-1,-1,-1
97,425,0.0897843963,0.3454748798,0.0037022716999999955,0.01177882819999998,-1,-1,-1,-1
98,425,0.0918646244,0.3451325769,0.0028554771000000034,0.011879391000000017,-1,-1,-1,-1
99,425,0.0930227889,0.3452611675,0.0025307472000000025,0.011348159699999971,-1,-1,-1,-1
100,425,0.0940723207,0.3446821851,0.0025307472000000025,0.011348159700000027,-1,-1,-1,-1
101,425,0.0961351735,0.3457757898,0.0029289939999999903,0.00974006249999998,-1,-1,-1,-1
102,425,0.0970400078,0.3452611675,0.003797544300000011,0.00980442279999999,-1,-1,-1,-1
103,425,0.0981955441,0.3466119536,0.0030763196999999964,0.00980442279999999,-1,-1,-1,-1
104,425,0.0980145626,0.3465477231,0.0030763197000000103,0.00980442279999999,-1,-1,-1,-1
105,425,0.0984488743,0.3464190027,0.0021714853999999922,0.009547111600000047,-1,-1,-1,-1
106,425,0.0980869844,0.346225922,0.002026714900000004,0.00980455259999996,-1,-1,-1,-1
107,425,0.0983041768,0.3461615618,0.002171412400000003,0.009740192300000006,-1,-1,-1,-1
108,425,0.0983041768,0.3460973313,0.002171412400000003,0.009740192400000014,-1,-1,-1,-1
109,425,0.0977974433,0.3459043804,0.002171412400000003,0.009740192400000014,-1,-1,-1,-1
110,425,0.0971821501,0.3451593071,0.0021352746000000006,0.009327430500000011,-1,-1,-1,-1
111,425,0.0967478384,0.344001472,0.0026057972000000096,0.011514380300000016,-1,-1,-1,-1
112,425,0.0964945082,0.3446446849,0.002678218900000001,0.010742446999999988,-1,-1,-1,-1
113,425,0.0935268212,0.3426505562,0.002678218900000001,0.010742446999999988,-1,-1,-1,-1
