137,616,0.0990324099,0.3300109101,0.0026370435999999997,0.011051272300000026,-1,-1,-1,-1
138,616,0.0984217161,0.3301589645,0.002637043699999994,0.011051272300000026,-1,-1,-1,-1
139,616,0.097894322,0.330257581,0.002748085499999997,0.012383373099999984,-1,-1,-1,-1
140,616,0.0972281438,0.3303561975,0.002748085499999997,0.012383372999999975,-1,-1,-1,-1
141,616,0.0972281438,0.3305535602,0.0024704442999999993,0.01238337300000003,-1,-1,-1,-1
142,616,0.0970272318,0.3306779986,0.0029146117999999943,0.012383372999999975,-1,-1,-1,-1
143,616,0.0969373616,0.3309576281,0.002914611800000008,0.012383373099999984,-1,-1,-1,-1
144,616,0.0962181811,0.3312770936,0.002914611800000008,0.012383372999999975,-1,-1,-1,-1
145,616,0.0957502868,0.3312770936,0.002194409199999997,0.012383372999999975,-1,-1,-1,-1
146,616,0.0940047904,0.3316937481,0.002194409199999997,0.012383373099999984,-1,-1,-1,-1
147,616,0.0920248722,0.3320178849,0.0021944093000000053,0.012383372999999975,-1,-1,-1,-1
148,616,0.0899146387,0.3317400719,0.002194409200000011,0.012383373099999984,-1,-1,-1,-1
149,616,0.0872943134,0.3307827137,0.002759328399999997,0.01349877709999997,-1,-1,-1,-1
