1,302,0.4193635994,0.4395495356,0.010627604899999976,0.058241844900000006,-1,-1,-1,-1
2,302,0.4185339611,0.4427305653,0.01038347340000001,0.059474421,-1,-1,-1,-1
3,302,0.4173352054,0.446547801,0.01122844279999996,0.05992688879999997,-1,-1,-1,-1
4,302,0.4167387478,0.4495168053,0.01194419200000002,0.062471582900000044,-1,-1,-1,-1
5,302,0.4168580393,0.4541822723,0.013614711400000035,0.06310778879999995,-1,-1,-1,-1
6,302,0.4175739345,0.4577433647,0.011072648399999996,0.06484836940000005,-1,-1,-1,-1
7,302,0.4186478502,0.4611805377,0.012431870999999983,0.0665008439,-1,-1,-1,-1
8,302,0.4205569527,0.464770696,0.014688335200000013,0.0686365391,-1,-1,-1,-1
9,302,0.4240845945,0.4684196348,0.013069795899999959,0.07092547919999997,-1,-1,-1,-1
10,302,0.4267963231,0.4724202193,0.012625044400000007,0.07201454230000004,-1,-1,-1,-1
11,302,0.4295055695,0.4770856863,0.013733856900000008,0.073711005,-1,-1,-1,-1
12,302,0.4323691502,0.4813271025,0.013733856900000008,0.07392303040000003,-1,-1,-1,-1
13,302,0.4363069387,0.485568389,0.014210731000000032,0.07561962280000001,-1,-1,-1,-1
14,302,0.4390507899,0.4904458814,0.014569043599999998,0.07774039580000003,-1,-1,-1,-1
15,302,0.4435323258,0.4953026124,0.015850733999999977,0.07937703979999994,-1,-1,-1,-1
16,302,0.4487389557,0.5003800627,0.014742943499999994,0.08158475089999995,-1,-1,-1,-1
17,302,0.4538108168,0.505569754,0.015940969199999988,0.08421067389999992,-1,-1,-1,-1
18,302,0.4576528216,0.513905051,0.016974147800000006,0.08582006860000002,-1,-1,-1,-1
19,302,0.4641136917,0.5206035743,0.018320083300000012,0.08933198239999995,-1,-1,-1,-1
20,302,0.4699480257,0.527084752,0.017699825700000005,0.09315804169999997,-1,-1,-1,-1
21,302,0.478553807,0.5343291693,0.017408094500000026,0.09602427730000007,-1,-1,-1,-1
22,302,0.4858467976,0.5416026525,0.01881170449999997,0.10041699190000009,-1,-1,-1,-1
23,302,0.4954736385,0.5504171476,0.017699825700000005,0.1014538922,-1,-1,-1,-1
24,302,0.5039360364,0.5579374315,0.020754681700000055,0.10563756580000006,-1,-1,-1,-1
25,302,0.5150392012,0.5665014927,0.021543874799999974,0.10756357129999994,-1,-1,-1,-1
26,302,0.5256387718,0.5756179359,0.022135222000000065,0.1117074092,-1,-1,-1,-1
27,302,0.5383971249,0.5848528487,0.021854441499999933,0.11339219350000007,-1,-1,-1,-1
28,302,0.5476806924,0.5955084872,0.024296486600000056,0.12201892819999993,-1,-1,-1,-1
29,302,0.5621457757,0.6079545337,0.023936275800000018,0.1236520686,-1,-1,-1,-1
30,302,0.5736834712,0.6214372208,0.024672466700000006,0.13121270740000002,-1,-1,-1,-1
31,302,0.5871152301,0.63825548,0.023419686500000036,0.13099756780000005,-1,-1,-1,-1
32,302,0.5988250734,0.6541144345,0.028307572899999967,0.13902689430000004,-1,-1,-1,-1
33,302,0.6150990952,0.6731472821,0.02456178980000001,0.1398485251,-1,-1,-1,-1
34,302,0.6341550772,0.6922661596,0.02916130319999999,0.1494832238,-1,-1,-1,-1
35,302,0.6554577407,0.715290768,0.025975620700000035,0.14899688899999997,-1,-1,-1,-1
36,302,0.6827854294,0.7373225942,0.02938703720000002,0.15975283080000002,-1,-1,-1,-1
37,302,0.7082781896,0.7655027675,0.0272443161,0.16795058379999994,-1,-1,-1,-1
38,302,0.7382584722,0.7926581081,0.0304152513,0.1822970733,-1,-1,-1,-1
39,302,0.7716980631,0.8269867584,0.029657888799999976,0.1812722405999999,-1,-1,-1,-1
40,302,0.810371004,0.862559663,0.039060893799999996,0.18127224060000013,-1,-1,-1,-1
41,302,0.8536085614,0.909347076,0.037705175600000085,0.18257410760000004,-1,-1,-1,-1
42,302,0.9067325685,0.9561032172,0.04499466190000001,0.1921205705000001,-1,-1,-1,-1
