0,400,0.6003638172,0.5697158055,0.4041919656,0.402096041
0,400,0.5869681233499999,0.71784123635,0.3994457105,0.5165378511
0,400,0.81682749365,0.9042068875,0.5560337275,0.6691652532
0,400,0.8436279343,0.900441166,0.5741257406,0.6614915948
0,400,0.7090049626,0.9163743423999999,0.4858051842,0.6783604598
0,400,0.6900675421,0.96455549145,0.472906806,0.6969395419
0,400,0.6767004664,0.76597677535,0.4603944826,0.5549436433
0,400,0.69527132475,0.7638561321,0.4722793939,0.5534078216
0,400,0.6602495514,0.7873543590500001,0.4519884452,0.5774743909
0,400,0.6827149788,0.7838349192,0.464943914,0.572624018
0,400,0.7570744111000001,1.0142610435,0.5192154268,0.7500738326
0,400,0.8907684564,0.9323372335,0.606458125,0.683482547
0,400,0.7371574712,0.86814920515,0.5056315238,0.6120089679
0,400,0.71866545925,0.87053656695,0.4857054583,0.6106341765
0,400,0.7137690311,0.82653961065,0.4883341062,0.6016917395
0,400,0.58845583615,0.55956382455,0.3956461951,0.3911487053
0,400,1.03295424815,0.5437818817,0.6943616721,0.3814210996
0,400,1.21949232325,1.2862523201,0.8451639769,0.9860984524
0,400,1.26660138,1.29591147825,0.87707833,0.9850781613
0,400,1.05063961865,1.16078934175,0.7229352783,0.8656719207
0,400,0.60340027575,0.5435917855,0.4056126591,0.3795785288
0,400,0.6094864798999999,0.54570814665,0.409254482,0.3806944519
0,400,1.0538745071,0.5419710692499999,0.7069405768,0.3826889699
0,400,1.0620357559,0.5443428925,0.7124599636,0.383438455
0,400,1.0539545945,0.54481956035,0.7068831942,0.3839796777
0,400,0.6609608472499999,0.57255621915,0.4436814037,0.3949567281
0,400,0.67698577325,0.5682965718999999,0.4536566285,0.3894517236
0,400,0.6685844812,0.5664477078,0.448555419,0.3914029022
0,400,0.67337008645,0.56499395845,0.4522946317,0.3942693973
0,400,1.048815641,0.54925996135,0.703087621,0.3815227005
0,400,0.9041703559000001,0.4747434156,0.6043241646,0.321051864
0,400,0.90093451845,0.4716489996,0.6025274911,0.3235044294
0,400,0.9060523732500001,0.46988447860000004,0.6055747545,0.3210090436
0,400,0.9173852143499999,0.4768556893,0.6135656807,0.3285151838
0,400,0.87897706565,0.45361853649999995,0.5872478087,0.3093778806
0,400,0.880270802,0.458349272,0.588066204,0.3092709596
0,400,0.8426617751,0.48328548270000005,0.5645003598,0.3334415952
0,400,1.07103781295,0.4982667508,0.7168201639,0.3447638032
0,400,0.84731012935,0.48532619475,0.5670110303,0.3351886637
0,400,0.8532097305999999,0.4896889351,0.5703920764,0.336056229
0,400,0.8664742330499999,0.48127130640000004,0.5793161631,0.3310225074
0,400,0.8673586986999999,0.48382612159999994,0.5797800422,0.3319212148
0,400,0.8576143913500001,0.48645768889999996,0.5734990585,0.3353259482
0,400,0.8618874227,0.48521894935,0.5772591508,0.3347701925
0,400,0.8673143111,0.48322819429999997,0.581217673,0.3332418968
0,400,1.0246724667,0.44896455314999995,0.6844395956,0.3067574077
0,400,1.0172764649500001,0.45115779619999996,0.6797761291,0.3077408474
0,400,0.9318327764000001,0.4695927166,0.6233820448,0.3225839226
0,400,0.9283215608500001,0.46965824465000006,0.6213280987,0.3225766561
0,400,0.92362013145,0.45008735340000006,0.6169754911,0.3058581812
0,400,0.9094748136499999,0.4499355685,0.6077808447,0.30655466
0,400,0.9125598575,0.44964481209999996,0.6101159362,0.306980203
0,400,0.9200038605,0.45049687125,0.6157405244,0.3107329487
0,400,1.11851934535,0.5024408224,0.7486112831,0.3486194474
0,400,0.6163823186499999,0.5445170934,0.4143721907,0.3804022358
0,400,0.6248270492,0.54765394035,0.4201419876,0.3816965769
0,400,0.7033234299,0.57221995,0.4731288898,0.3995189074
0,400,0.63338800495,0.5448780166,0.4251288699,0.3723544836
0,400,0.63250069215,0.55066991715,0.4247603365,0.3835788537
0,400,0.6953260791,0.58166293055,0.466271306,0.3973328659
0,400,0.62158566325,0.5513118324999999,0.4170133957,0.3805178506
0,400,0.61961611205,0.5507878677,0.4161364497,0.383132225
0,400,0.63743909855,0.5534809405500001,0.4284541395,0.3864227709
0,400,0.70873308895,0.5650573455,0.4777952765,0.3969285384
0,400,0.69243504815,0.5653431385500001,0.4654989043,0.3951276201
0,400,0.6996265606000001,0.56335776855,0.4705500318,0.3943382991
0,400,0.68597673335,0.63637294355,0.4638610915,0.4549039891
0,400,0.9313858346499999,0.47231855349999996,0.6229203559,0.3247760628
0,400,0.97476925775,0.47341008205,0.6516659639,0.3248814267
0,400,0.8656412364999999,0.45589691355000006,0.5786605708,0.3108326115
0,400,0.82310694425,0.5847981771,0.5552293493,0.4142368954
0,400,0.66850264165,0.6052907861500001,0.4521150373,0.4251478987
0,400,0.7008298426499999,0.60229946345,0.4718542079,0.4257665873
0,400,0.7068944371,0.61334801075,0.4744736572,0.4240478061
0,400,0.7093177196,0.6017174965000001,0.4779494648,0.4238863866
0,400,1.0497285059,0.55505369615,0.705303786,0.3894175971
0,400,0.6142842771,0.5684249029999999,0.4138520972,0.3995243572
0,400,0.84011209955,0.60316445725,0.5646874007,0.4249848041
0,400,0.6747997595999999,0.5594379588,0.4543541262,0.3923061512
0,400,0.6975578673,0.5612982416,0.4691579566,0.3914568818
0,400,0.70601486285,0.56861954085,0.4738066759,0.3929544247
0,400,0.6575716245500001,0.5539796673499999,0.4416734513,0.3870016235
0,400,0.6128654088000001,0.5517402302500001,0.4130129682,0.3854539939
0,400,0.67611882895,0.55687775865,0.4540104147,0.3880598041
0,400,0.6253109318500001,0.54144038945,0.4208667895,0.3743243475
0,400,0.83586266905,0.4743318864,0.5594666077,0.3246271
0,400,1.04941239065,0.4939646725,0.7027561745,0.3420057862
0,400,0.0368350532,0.80670116425,0.0408385802,0.5585177689
0,400,0.3391531659,0.8009517679,0.237330057,0.5588287732
0,400,0.315806215,0.7856272091000001,0.2173884412,0.551025846
0,400,-0.021711559749999998,0.9602080412,0.0002715589,0.7031906544
0,400,0.53429653335,0.87307081545,0.3675939965,0.6406617217
0,400,-0.02042973275,1.00199477745,0.0106902439,0.7308881295
0,400,0.7039769781,0.4984361505,0.4713800594,0.3433855516
0,400,0.7001742503,0.50398397525,0.4684895152,0.3445345199
0,400,0.59752133525,0.5659260787,0.4033519605,0.3967720496
0,400,0.60132910035,0.56832966035,0.4043327209,0.3925791631
0,400,0.6149941858,0.5642695167,0.4142328956,0.3926645442
0,400,0.5746336421,0.5649177253,0.387294912,0.3938626044
0,400,0.52167324115,0.55606501625,0.3514880341,0.3911006947
0,400,0.5722866507,0.55588958285,0.3855465684,0.3893471383
0,400,0.5716011259,0.5542834969,0.3848611896,0.3886156896
0,400,0.59797747565,0.5512140595,0.4027457201,0.383602859
0,400,0.5124378574,0.557795865,0.3459109726,0.3922936944
0,400,0.55399109735,0.5721301571499999,0.3716684519,0.3894307027
0,400,0.5530077089000001,0.56564352955,0.3735146234,0.3940656765
0,400,0.5571269168499999,0.5672557789,0.3759826585,0.3937345328
0,400,0.5867664082,0.55418844885,0.3953624944,0.3793645571
0,400,0.5838868392000001,0.55033377785,0.3940856224,0.3830373715
0,400,0.5722109436,0.5540983964,0.3845675602,0.386413039
0,400,0.58149151795,0.54783041185,0.3914220777,0.3848198641
0,400,0.56107791945,0.55531721805,0.3776858845,0.3870348417
0,400,0.5661275868,0.55237656595,0.3806537176,0.3860011855
0,400,0.5660597643,0.5492914278,0.3807113922,0.3836137588
0,400,0.52864493295,0.5565771082,0.3572433757,0.3892310044
0,400,0.5530377142,0.55300887915,0.3716992604,0.3848002705
0,400,0.55824324895,0.56003588605,0.3752845767,0.3854170127
0,400,0.56266163485,0.5506621317,0.3783395787,0.3853936562
0,400,0.7138638657,0.5910986445,0.4812304928,0.418708114
0,400,0.65772391475,0.5757510033,0.4433452849,0.4038636114
0,400,0.7106438705,0.5837831196000001,0.479667876,0.4105714772
0,400,0.80443475385,0.578488194,0.5428550069,0.4063787204
0,400,0.68510066335,0.6034016321,0.4633024509,0.4261270564
0,400,0.6775479911,0.58101452725,0.4566660748,0.4084897615
0,400,0.62497736815,0.63666165625,0.4235517979,0.4550654087
0,400,0.66597729695,0.56975298135,0.4488194081,0.3987022073
0,400,0.6872532403,0.58300820175,0.4626627738,0.4093634255
0,400,0.68275746815,0.58885907755,0.4598072237,0.4105812091
0,400,0.64527817265,0.59880389905,0.4353952419,0.4218515137
0,400,0.63594664035,0.5971050358500001,0.4284242071,0.4226509559
0,400,0.6562808085,0.6176445094,0.4434242772,0.43155732
0,400,0.34572780095,0.5144823466,0.2330335909,0.3553799952
0,400,0.7438835715,0.5004852318999999,0.4977914276,0.3463385524
0,400,0.72575213525,0.50080897935,0.4855051303,0.3446189927
0,400,0.72113889675,0.49935652755000004,0.4827463859,0.3451262187
0,400,0.7129352407,0.50050813435,0.4771771178,0.3451825339
0,400,0.7051565333,0.4968512153,0.4716648308,0.3409756334
0,400,0.6080341019,0.47400963124999995,0.406913915,0.3238520525
0,400,0.73936582465,0.500493036,0.4947225545,0.3452685638
0,400,0.738218027,0.49829497329999994,0.495054001,0.3446305412
0,400,0.7430272131,0.5006540478,0.497408001,0.345119082
0,400,0.74622151015,0.5012641073999999,0.4994705617,0.3459146314
0,400,0.7310881801,0.49761348164999997,0.4899825292,0.3452401467
0,400,0.73044305195,0.499716948,0.4890964331,0.3452746624
0,400,0.7211964984,0.5016031014,0.4827001002,0.3456700366
0,400,0.7182169114,0.5003847988,0.4808599152,0.344677384
0,400,0.7180268043,0.500556145,0.4804382336,0.3446175654
0,400,0.7156819299499999,0.4980296171,0.4792180141,0.3438099484
0,400,0.7230452981,0.5016873796,0.483886883,0.3457994058
0,400,0.72514385075,0.501199293,0.4852598307,0.3456599154
0,400,0.70844208765,0.49474529965,0.4744345747,0.3394600109
0,400,0.71051932265,0.4988864125,0.4755766293,0.3419544018
0,400,0.7126358346999999,0.50292008535,0.4782575494,0.3464632503
0,400,0.7140265227,0.5067732642,0.4784177242,0.3449440378
0,400,0.7088060217,0.5037664352,0.4741439628,0.34267002
0,400,0.7082779706,0.50563288155,0.4760410924,0.3470850531
0,400,0.7088060217,0.5037664352,0.4741439628,0.34267002
0,400,0.7082779706,0.50563288155,0.4760410924,0.3470850531
0,400,0.7080796867,0.5007181484500001,0.4751883842,0.3436585203
0,400,0.6547779104,0.58835301945,0.440843375,0.4129664299
0,400,0.56017133295,0.4589065199,0.3743755081,0.3108551812
0,400,0.47888780875000003,0.5330858882,0.3219786391,0.3672262978
0,400,0.34165714185,0.5204363156,0.2296890477,0.358855966
0,400,0.39288321635,0.53382058085,0.2651752841,0.3700088391
0,400,0.39239115705000005,0.5356384326,0.2641914575,0.3707083672
0,400,0.13675711455,0.52016012455,0.0931228069,0.3574915553
0,400,0.13630323735,0.5278671958,0.0926447647,0.3581962738
0,400,0.1418162362,0.5257169026999999,0.0973151668,0.3581878394
0,400,0.1556833653,0.5230713864000001,0.106006584,0.3595212378
0,400,0.03661826475,0.5461570462,0.0278128855,0.3781990662
0,400,0.4221273812,0.5353974062,0.2835434052,0.3693795104
0,400,0.3211802473,0.5288523872,0.2172146874,0.3647865784
0,400,0.3102605826,0.52907751825,0.209159589,0.3659458409
0,400,0.4335503116,0.53598696395,0.2915184162,0.3694510073
0,400,0.1637825591,0.5225204318000001,0.1118064592,0.360690881
0,400,0.42459855555000003,0.53921178715,0.2853199291,0.3722310833
0,400,0.42237764515000004,0.5368777561,0.2838526579,0.3723495528
0,400,0.142753923,0.49684868495,0.0967099484,0.3388010107
0,400,0.1457376714,0.49759012505,0.098845515,0.3388422739
0,400,0.1990360164,0.54529843415,0.1363535748,0.3799977785
0,400,0.19674735659999998,0.5424666494,0.1340492188,0.3758492694
0,400,0.1816988107,0.5186110027499999,0.1231139674,0.3566261959
0,400,0.1791663479,0.51799374155,0.1219431728,0.3564660739
0,400,0.26499798944999997,0.52604155855,0.1792984519,0.3631503237
0,400,0.26047513215,0.52766652425,0.1759582891,0.3632177981
0,400,0.3641015435,0.5318574645,0.2452147598,0.367717304
0,400,0.2099448397,0.5342930316,0.1421921432,0.3648579456
0,400,0.21213570825,0.5296699955999999,0.1440310871,0.364932946
0,400,0.2899118498,0.53462780845,0.1951172824,0.3637173683
0,400,0.28785994795,0.53665223575,0.1953437465,0.3717017983
0,400,0.07941452025,0.5586576561,0.0560097451,0.3885744264
0,400,0.2471345941,0.54560077145,0.1671069892,0.3795519283
0,400,0.06473065665,0.5519008713,0.0465461087,0.3826000854
0,400,0.3664818256,0.5326317334999999,0.2477819368,0.3669418672
0,400,0.3927969235,0.53155921445,0.2648212058,0.3655247745
0,400,0.13913407490000002,0.51670231995,0.0950994398,0.3544995837
0,400,0.14753773965,0.5176171173999999,0.1007373151,0.3567226064
0,400,0.07161598255,0.53850557645,0.0504222803,0.3721741193
0,400,0.07101448760000001,0.53661739565,0.048977933,0.3648075993
0,400,0.07618395745,0.5416176396,0.0529988021,0.372242502
0,400,0.14591430900000002,0.5069659555,0.099295888,0.3473191374
0,400,0.12804802995,0.5124630448,0.0873556383,0.3512679482
0,400,0.1412160552,0.5056123797000001,0.095916375,0.346126527
0,400,0.13637248340000002,0.51266780365,0.09278131,0.3514758213
0,400,0.1590292956,0.512246413,0.1077372602,0.3498446272
0,400,0.1896139204,0.51120347905,0.1284526648,0.3505176845
0,400,0.18620586215,0.510238984,0.1262435083,0.3507600734
0,400,0.16660806735,0.50407707705,0.1128464273,0.3439247847
0,400,0.1632284084,0.5037866776,0.1106340586,0.3443804966
0,400,0.1908176405,0.52741596065,0.1294721182,0.3617694337
0,400,0.19608512075,0.52697809055,0.1335794993,0.3618513113
0,400,0.1602282702,0.51653395825,0.1088288434,0.3543177921
0,400,0.16455908565,0.51633633615,0.1115641529,0.3545241081
0,400,0.19497327845,0.5287804361,0.1332419933,0.364647088
0,400,0.1601701941,0.5098754006999999,0.1090273462,0.34969268
0,400,0.43676351715,0.5346747811,0.2935383415,0.3690961178
0,400,0.1251782923,0.51865012485,0.0853635872,0.3560764091
0,400,0.13119563985,0.49269167665,0.0887209203,0.3347150451
0,400,0.16093529525,0.5185643545,0.1097487899,0.3573812606
0,400,0.15190191865,0.5183983934,0.1035399359,0.3563854938
0,400,0.1479510986,0.51723763865,0.1005639992,0.3560793935
0,400,0.14139689065,0.5156188364500001,0.0969534959,0.3556168045
0,400,0.12371896215,0.52606474255,0.0850388565,0.3610824097
0,400,0.1296476607,0.51927147345,0.0889528598,0.3574057849
0,400,0.17590700255,0.52370804645,0.1200288139,0.3601275993
0,400,0.16290940945,0.5186915827,0.1110561053,0.357369193
0,400,0.13740803455,0.49631777805,0.0932857559,0.3379823643
0,400,0.14112293625,0.4969431492,0.0955642679,0.338684228
0,400,0.1547240321,0.5037952416,0.1046468504,0.343676946
0,400,0.1708848584,0.5039067042,0.1155772104,0.3444962412
0,400,0.16755499065,0.5035988631,0.1133043687,0.3436299254
0,400,0.13965263535,0.49543632860000003,0.0944797663,0.3377763078
0,400,0.14238907635,0.4960856401,0.0961129797,0.3383207744
0,400,0.13414509624999998,0.50668379565,0.0909447405,0.3457639817
0,400,0.13960472895,0.49749661135,0.0946053363,0.3388482103
0,400,0.14819614265,0.4938239494,0.1008857359,0.3364722348
0,400,0.1655745912,0.5055178315,0.1122593584,0.3458724132
0,400,0.1367915733,0.49902882245,0.092999281,0.3403276195
0,400,0.13992746575,0.49071967175,0.0946178203,0.3334749431
0,400,0.13635832025,0.48161289560000003,0.0921164215,0.327319589
0,400,0.13310875765,0.49786138525,0.0904583131,0.3407796981
0,400,0.7112290853,0.6439371507,0.4810652076,0.4596815674
0,400,0.70315237725,0.66027699035,0.4739090301,0.4677873217
0,400,0.71378034705,0.65636042445,0.4838184035,0.4702686935
0,400,0.7970703636500001,0.8789915661500001,0.5440140475,0.6488642757
0,400,0.778032925,0.87145733335,0.5304410954,0.6419410107
0,400,0.4637246436,0.66541594605,0.3173480252,0.4700342199
0,400,1.10731170915,1.00662741555,0.7604585233,0.7351270803
0,400,0.70277238185,0.70447902995,0.4738966191,0.4903921613
0,400,1.03118071745,0.5525326005,0.6924061379,0.389579925
0,400,0.6908545449,0.67760455165,0.4685950816,0.4893010221
0,400,0.7119416952500001,0.6822053340500001,0.4824702779,0.4913479625
0,400,1.13351160385,0.49708257465,0.7578916383,0.3407721721
0,400,0.7012211174999999,0.49514365825,0.469638627,0.3419128791
0,400,1.0245547082,0.5558587002500001,0.687337781,0.3892895255
0,400,0.4174687331,1.5085282479,0.3016672488,1.1200499726
0,400,0.9746071118,0.5519207242499999,0.654510125,0.3869942273
0,400,0.88525104075,0.77403348085,0.6041124477,0.5721620777
0,400,0.116017326,0.69209611105,0.087139395,0.4880657211
0,400,0.36543974035000004,0.51741981965,0.2461553669,0.3566492929
0,400,0.3560045398,0.51350844415,0.2393230432,0.3525960265
0,400,0.35226729835000004,0.51273514835,0.2374031359,0.3533565411
0,400,0.80944039845,0.4713001191,0.5411597715,0.3223793466
0,400,0.81336945515,0.47111777579999997,0.5444791109,0.3212945772
0,400,0.90598433175,0.47847382115,0.6067307775,0.3286999599
0,400,0.79278032195,0.4891353205,0.5315117989,0.336456015
0,400,0.8953830090499999,0.4775086342,0.5994682547,0.3264740826
0,400,0.9228428383,0.48653275414999997,0.6176402822,0.3363869835
0,400,1.10487075925,0.50345761,0.7406259053,0.3496219616
0,400,0.98324443165,0.49371903959999996,0.6579819903,0.3406487718
0,400,0.9879600973,0.49276018914999997,0.660882512,0.3401942277
0,400,0.9991872991499999,0.49396519144999995,0.6687582351,0.3420659941
0,400,1.0018823824,0.49339113985,0.6702995342,0.3417377051
0,400,1.01472797735,0.49666838555000004,0.6792379301,0.3433862869
0,400,1.0124298268,0.4949730258,0.67705783,0.3412454014
0,400,1.0156909243,0.4945723316,0.6796426744,0.3424324322
0,400,1.0363552248,0.495452743,0.6934740672,0.3432452394
0,400,1.04042800105,0.49728318135000005,0.6961471027,0.3439328297
0,400,1.0565062213,0.4986125572,0.7075418528,0.3466587964
0,400,0.8554906516999999,0.45426298210000005,0.5720506228,0.31069999
0,400,0.13933871035,0.47100098560000003,0.0939418107,0.3181830332
0,400,0.8741131982000001,0.45048616615000003,0.583846175,0.3060511321
0,400,0.84291736855,0.45837165535,0.5637304403,0.3138705093
0,400,0.06342921825,0.53049188595,0.0460421495,0.3701879059
0,400,0.66783836155,0.46593897665,0.4467463345,0.3171506745
0,400,0.6577947304,0.46086392695,0.4397884408,0.3137674811
0,400,0.6585924651,0.46567770784999996,0.4404400908,0.3161244145
0,400,0.55399109735,0.5721301571499999,0.3716684519,0.3894307027
0,400,0.5530077089000001,0.56564352955,0.3735146234,0.3940656765
0,400,0.5571269168499999,0.5672557789,0.3759826585,0.3937345328
0,400,0.5530377142,0.55300887915,0.3716992604,0.3848002705
0,400,0.55824324895,0.56003588605,0.3752845767,0.3854170127
0,400,0.56266163485,0.5506621317,0.3783395787,0.3853936562
0,400,0.72575213525,0.50080897935,0.4855051303,0.3446189927
0,400,0.72113889675,0.49935652755000004,0.4827463859,0.3451262187
0,400,0.7129352407,0.50050813435,0.4771771178,0.3451825339
0,400,0.7088060217,0.5037664352,0.4741439628,0.34267002
0,400,0.7088060217,0.5037664352,0.4741439628,0.34267002
0,400,0.7082779706,0.50563288155,0.4760410924,0.3470850531
0,400,0.7082779706,0.50563288155,0.4760410924,0.3470850531
0,400,0.7088060217,0.5037664352,0.4741439628,0.34267002
0,400,0.7088060217,0.5037664352,0.4741439628,0.34267002
0,400,0.7082779706,0.50563288155,0.4760410924,0.3470850531
0,400,0.7082779706,0.50563288155,0.4760410924,0.3470850531
