1,423,0.133814505,0.3580600273,0.004777063599999992,0.01983345760000005,-1,-1,-1,-1
2,423,0.1345982226,0.3571977821,0.0042919397999999775,0.02023129709999999,-1,-1,-1,-1
3,423,0.1345982226,0.3569987325,0.004515848699999991,0.020098683999999978,-1,-1,-1,-1
4,423,0.1343743137,0.35646815,0.004515848699999991,0.020098683900000025,-1,-1,-1,-1
5,423,0.1333293813,0.3565344566,0.003955967000000005,0.019833327800000022,-1,-1,-1,-1
6,423,0.131948549,0.3567335061,0.0052248082999999945,0.01970058490000004,-1,-1,-1,-1
7,423,0.1309782285,0.356136617,0.004067884900000013,0.018904516400000015,-1,-1,-1,-1
8,423,0.1294853323,0.356136617,0.005075584299999991,0.018904516400000015,-1,-1,-1,-1
9,423,0.1262384709,0.3564682798,0.0050755843999999994,0.018904516400000015,-1,-1,-1,-1
10,423,0.1258279591,0.3564682798,0.0050755843999999994,0.018904516400000015,-1,-1,-1,-1
11,423,0.1258279591,0.3564682798,0.0050755843999999994,0.018904516400000015,-1,-1,-1,-1
12,423,0.1248761091,0.3563647001,0.0050755843999999994,0.018904516400000015,-1,-1,-1,-1
13,423,0.1239242591,0.3562611204,0.0050755843999999856,0.01890451639999996,-1,-1,-1,-1
14,423,0.122972409,0.3561575406,0.0050755843999999994,0.018904516400000015,-1,-1,-1,-1
15,423,0.122020559,0.3560539609,0.0050755843999999994,0.01890451639999996,-1,-1,-1,-1
16,423,0.1185874598,0.3546039096,0.0037684880000000004,0.019625454600000036,-1,-1,-1,-1
17,423,0.1164506521,0.3546729411,0.0037684880000000004,0.01962545469999999,-1,-1,-1,-1
18,423,0.1162175445,0.3542586222,0.0037684880000000004,0.01962545469999999,-1,-1,-1,-1
19,423,0.1150131673,0.3538443033,0.004312454500000007,0.01914210420000001,-1,-1,-1,-1
20,423,0.1145469521,0.3542734147,0.004234703199999995,0.01864396130000001,-1,-1,-1,-1
21,423,0.1143527566,0.3535138084,0.004234703200000009,0.018643961299999956,-1,-1,-1,-1
22,423,0.1138222232,0.3534837044,0.0044716801999999944,0.018935009700000005,-1,-1,-1,-1
23,423,0.1122177011,0.3521936454,0.0044716801,0.018935009599999997,-1,-1,-1,-1
24,423,0.1117210424,0.3526689508,0.0044716801,0.018935009599999997,-1,-1,-1,-1
25,423,0.1107277981,0.3531442562,0.004848609200000006,0.018691712400000005,-1,-1,-1,-1
26,423,0.1102312124,0.3526689508,0.0037406727999999972,0.018148543299999986,-1,-1,-1,-1
27,423,0.1083319657,0.3523779024,0.004523879299999992,0.018622680999999974,-1,-1,-1,-1
28,423,0.1079390483,0.3520868541,0.0039672098999999905,0.018448155799999977,-1,-1,-1,-1
29,423,0.1063345262,0.3519123289,0.0037379714999999925,0.018622680999999974,-1,-1,-1,-1
30,423,0.104730004,0.351505017,0.003214008699999993,0.017865929300000027,-1,-1,-1,-1
31,423,0.103026778,0.3515680796,0.0036819760000000035,0.018198370699999966,-1,-1,-1,-1
32,423,0.1012820846,0.3515060551,0.0045037297,0.01881199859999999,-1,-1,-1,-1
33,423,0.0997911595,0.3515444636,0.003865658799999991,0.018286217100000002,-1,-1,-1,-1
34,423,0.0981427609,0.351287412,0.0049737411999999925,0.018362515099999976,-1,-1,-1,-1
35,423,0.0975510486,0.3511996952,0.003806013000000011,0.01802319670000002,-1,-1,-1,-1
36,423,0.0960179261,0.3509272024,0.004266898800000002,0.0180928769,-1,-1,-1,-1
37,423,0.0954813333,0.3508590792,0.004650106400000006,0.017956630500000015,-1,-1,-1,-1
38,423,0.0949064124,0.3506547095,0.004343481900000001,0.018024753800000015,-1,-1,-1,-1
39,423,0.0947914282,0.3503140934,0.0038452171000000063,0.017888507399999976,-1,-1,-1,-1
40,423,0.0939482108,0.3501097238,0.003883545200000005,0.0176160145,-1,-1,-1,-1
41,423,0.0933732899,0.3499734774,0.004036857399999996,0.017888507299999967,-1,-1,-1,-1
42,423,0.0931049935,0.3505184631,0.0038068890000000077,0.01707102869999999,-1,-1,-1,-1
43,423,0.092798369,0.3499053541,0.0038068890999999883,0.0170710288,-1,-1,-1,-1
44,423,0.0928750251,0.349224122,0.0032702962000000085,0.01768413769999999,-1,-1,-1,-1
45,423,0.0926833848,0.349224122,0.0032702961999999947,0.01768413769999999,-1,-1,-1,-1
46,423,0.0928366971,0.348270397,0.0032702961999999947,0.01768413769999999,-1,-1,-1,-1
47,423,0.0928750251,0.348270397,0.0032702962000000085,0.01768413769999999,-1,-1,-1,-1
48,423,0.0921467919,0.3486511084,0.003500264599999997,0.017235303099999988,-1,-1,-1,-1
49,423,0.0920442188,0.3486511084,0.0036028377,0.017235303099999988,-1,-1,-1,-1
50,423,0.0913159856,0.3482423692,0.0036028378000000083,0.01723530299999998,-1,-1,-1,-1
51,423,0.0908943769,0.3464030424,0.00394779029999999,0.017575919099999948,-1,-1,-1,-1
52,423,0.0905110963,0.3470161513,0.003947790300000004,0.017575919100000004,-1,-1,-1,-1
53,423,0.0903961121,0.3468799049,0.0037944780999999983,0.016690317300000035,-1,-1,-1,-1
54,423,0.0902811279,0.3466755352,0.003794478100000012,0.01669031729999998,-1,-1,-1,-1
55,423,0.0902811279,0.3465392888,0.003794478100000012,0.01669031729999998,-1,-1,-1,-1
56,423,0.0908943769,0.3453811942,0.0037944780999999983,0.01669031729999998,-1,-1,-1,-1
57,423,0.0913926417,0.3455855638,0.0037944780999999983,0.016009085199999995,-1,-1,-1,-1
58,423,0.0917375943,0.345653687,0.004177758699999992,0.016009085199999995,-1,-1,-1,-1
59,423,0.092197531,0.3454493174,0.004062774500000005,0.016009085099999987,-1,-1,-1,-1
60,423,0.0926191397,0.3451768245,0.004101102499999995,0.01580471550000001,-1,-1,-1,-1
61,423,0.0923508432,0.3448362084,0.0045993673999999984,0.015736592299999963,-1,-1,-1,-1
62,423,0.0925808116,0.3427243888,0.004331070900000011,0.016417824400000003,-1,-1,-1,-1
63,423,0.0927341239,0.3421112799,0.004101102499999995,0.016417824400000003,-1,-1,-1,-1
64,423,0.0919292346,0.3438143602,0.003257885199999991,0.016077208399999987,-1,-1,-1,-1
65,423,0.0915797557,0.3432962345,0.0029270958000000014,0.016077208399999987,-1,-1,-1,-1
66,423,0.0910681308,0.3427910847,0.0029270958000000014,0.01607720829999998,-1,-1,-1,-1
67,423,0.0905301508,0.3420086409,0.0029270958000000014,0.016077208399999987,-1,-1,-1,-1
68,423,0.0901957111,0.3414143469,0.0029270957999999875,0.016077208399999987,-1,-1,-1,-1
69,423,0.0893505226,0.3412559118,0.0033172389999999996,0.016077208400000043,-1,-1,-1,-1
70,423,0.0879100446,0.3402108368,0.003397618300000002,0.01729447289999997,-1,-1,-1,-1
71,423,0.0887500496,0.340419229,0.0031456022999999944,0.014943767800000007,-1,-1,-1,-1
72,423,0.087439668,0.3417255078,0.0027802809999999956,0.014682564000000009,-1,-1,-1,-1
73,423,0.0871727587,0.3418133543,0.003230507999999993,0.015441391700000029,-1,-1,-1,-1
74,423,0.0870869038,0.3412029703,0.003222769399999992,0.016010123299999957,-1,-1,-1,-1
75,423,0.0870869038,0.3412029703,0.00329300099999999,0.0161349509,-1,-1,-1,-1
76,423,0.0870869038,0.3412029703,0.003222769399999992,0.016093298499999964,-1,-1,-1,-1
77,423,0.0874331705,0.3412232127,0.0036021076999999957,0.01611470850000002,-1,-1,-1,-1
78,423,0.087828643,0.3410460923,0.0030896068000000054,0.016167001299999983,-1,-1,-1,-1
79,423,0.0877091325,0.3422273488,0.0033495075000000013,0.01519374760000003,-1,-1,-1,-1
80,423,0.087527932,0.3414118815,0.003577504799999992,0.015926039700000005,-1,-1,-1,-1
81,423,0.087527932,0.3414118815,0.0033902814000000003,0.015926039700000005,-1,-1,-1,-1
82,423,0.087527932,0.3414118815,0.0032030579000000003,0.015926039700000005,-1,-1,-1,-1
83,423,0.0875440371,0.3413450559,0.003214680400000003,0.015978877299999972,-1,-1,-1,-1
84,423,0.0875601422,0.3412782303,0.0032263029000000054,0.016031715000000002,-1,-1,-1,-1
85,423,0.0875762473,0.3412114046,0.003237925399999994,0.016084552700000032,-1,-1,-1,-1
86,423,0.0875923524,0.341144579,0.0032495478999999966,0.016137390400000007,-1,-1,-1,-1
87,423,0.0876084575,0.3410777534,0.003261170399999999,0.016190227999999973,-1,-1,-1,-1
88,423,0.0877427152,0.3413279278,0.003100046600000003,0.01608317720000002,-1,-1,-1,-1
89,423,0.0878769729,0.3412563011,0.003100046600000003,0.01608317730000003,-1,-1,-1,-1
90,423,0.0880112306,0.3411846744,0.0031000465999999893,0.01608317730000003,-1,-1,-1,-1
91,423,0.0880112306,0.3411846744,0.0031000465999999893,0.01608317730000003,-1,-1,-1,-1
92,423,0.0880112306,0.3411846744,0.0031000465999999893,0.01608317730000003,-1,-1,-1,-1
93,423,0.0878501068,0.3411369232,0.003100046600000003,0.01608317730000003,-1,-1,-1,-1
94,423,0.0876889829,0.3412800469,0.003100046600000003,0.016083177299999973,-1,-1,-1,-1
95,423,0.08761459,0.3412800469,0.0031000465999999893,0.016083177299999973,-1,-1,-1,-1
96,423,0.0879370567,0.3408391275,0.0040864283999999945,0.016425090899999994,-1,-1,-1,-1
97,423,0.0896445171,0.3407581582,0.003090847899999999,0.016171932100000008,-1,-1,-1,-1
98,423,0.0907616523,0.3400911995,0.003894131000000009,0.016373057700000027,-1,-1,-1,-1
99,423,0.092173074,0.340484238,0.0036337923000000077,0.015546236599999985,-1,-1,-1,-1
100,423,0.092860716,0.3408059093,0.0036337921999999995,0.015546236599999985,-1,-1,-1,-1
101,423,0.0936931285,0.3399052555,0.0034528837000000062,0.015288925499999995,-1,-1,-1,-1
102,423,0.0945616788,0.3399696157,0.0030185720999999915,0.015031614400000004,-1,-1,-1,-1
103,423,0.0957559812,0.3412561713,0.0030185720999999915,0.015031614400000004,-1,-1,-1,-1
104,423,0.0960817332,0.3410630907,0.0030185720999999915,0.015031614299999996,-1,-1,-1,-1
105,423,0.0962627147,0.3408701398,0.0030185720999999915,0.015031614299999996,-1,-1,-1,-1
106,423,0.0964074853,0.3405484684,0.002837590599999995,0.015546236599999985,-1,-1,-1,-1
107,423,0.0960455954,0.3402267971,0.0031271316999999937,0.015610726600000013,-1,-1,-1,-1
108,423,0.096154155,0.3402267971,0.003127131799999988,0.015610726600000013,-1,-1,-1,-1
109,423,0.095915499,0.3397560333,0.0030762466999999932,0.01563122840000003,-1,-1,-1,-1
110,423,0.0956259578,0.3400133444,0.0030400359000000016,0.015759819100000017,-1,-1,-1,-1
111,423,0.0955173252,0.3395629526,0.0028229894000000033,0.013830180400000003,-1,-1,-1,-1
112,423,0.0951915731,0.3393700017,0.002967760100000008,0.014666344200000014,-1,-1,-1,-1
113,423,0.091608593,0.3379548555,0.00296776,0.014666344100000006,-1,-1,-1,-1
