0,400,0.62752768085,0.57901987955,0.4233390589,0.4103253253
0,400,0.6127572871,0.7470681715,0.4173654298,0.5415711212
0,400,0.8108019573999999,0.95854838645,0.5533247732,0.7113636269
0,400,0.8531312493000001,0.95660012735,0.5846400404,0.7096971385
0,400,0.7421041273,0.9699920484,0.5078548434,0.7211715532
0,400,0.72555567655,1.02932133445,0.4963454741,0.7450602235
0,400,0.6676785518499999,0.7962262075,0.4549792021,0.5796335724
0,400,0.6859212489,0.7912877286,0.4666937178,0.5762061312
0,400,0.65989394005,0.82697319865,0.4526482719,0.6079150871
0,400,0.68889857275,0.8229761825999999,0.4703758399,0.6043141588
0,400,0.75405218865,1.1087518997,0.5197648687,0.8257641738
0,400,0.8642026566,0.9015034339,0.5900268486,0.6610837638
0,400,0.731596252,0.8511172986,0.4945090854,0.6000157786
0,400,0.71313760375,0.85610125785,0.4825454739,0.6006740435
0,400,0.7140371085,0.8157330629,0.4882993554,0.592337968
0,400,0.59787979385,0.56507259215,0.4021169939,0.3951870495
0,400,1.0324862077499999,0.5438153594,0.6943948167,0.381488055
0,400,1.08753734975,1.1277140288,0.7428845597,0.8501533226
0,400,1.12297985565,1.1333489866000002,0.7715354061,0.8549410222
0,400,0.98829862545,1.03580348545,0.6753839523,0.7662688617
0,400,0.6028352107,0.5435917855,0.405235949,0.3795785288
0,400,0.6099039272,0.54465885455,0.40950533,0.3782392913
0,400,1.05171762275,0.5433984453,0.7055026539,0.3837419602
0,400,1.05871720285,0.54520526755,0.7105676525,0.3844308481
0,400,1.04573362685,0.5479312342,0.7020573627,0.3861291274
0,400,0.6731139819499999,0.5766096802,0.4516168455,0.398399351
0,400,0.6833582332,0.57512264775,0.458696513,0.3972600713
0,400,0.6768005574,0.57183391845,0.4539911412,0.3972888777
0,400,0.6784875762,0.56972411005,0.4566155548,0.3977330411
0,400,1.048815641,0.54925996135,0.703087621,0.3815227005
0,400,0.9020832652499999,0.47461028335,0.6031660001,0.3208995275
0,400,0.8969547149999999,0.4710538622,0.600023318,0.323112948
0,400,0.9017229814000001,0.46937874479999997,0.6025441364,0.3207691202
0,400,0.9221186205,0.47836432665,0.6171047114,0.3296914447
0,400,0.87897706565,0.45361853649999995,0.5872478087,0.3093778806
0,400,0.87959340525,0.45858326985,0.5873731353,0.3092944027
0,400,0.8430452747,0.4835583649,0.5647560262,0.3336235166
0,400,1.04708832305,0.4962907234,0.7007876453,0.3426374506
0,400,0.84715265575,0.48532619475,0.5669060479,0.3351886637
0,400,0.8535589905000001,0.48967063915,0.570587732,0.3360196371
0,400,0.8664742330499999,0.48084524435,0.5793161631,0.3301703833
0,400,0.8671212107,0.48317661535,0.5796703874,0.3311417555
0,400,0.8576143913500001,0.48645768889999996,0.5734990585,0.3353259482
0,400,0.86202204545,0.4851527725,0.5772302405,0.3347260746
0,400,0.8673143111,0.48322819429999997,0.581217673,0.3332418968
0,400,1.01293933445,0.45054916395,0.6768196849,0.3085859645
0,400,1.00609328575,0.45143437649999996,0.6723206763,0.3079252342
0,400,0.9184462811,0.46953406575,0.6143179328,0.3211384129
0,400,0.91430933275,0.47158107104999997,0.6118628927,0.3223234973
0,400,1.1042959843,0.50014286415,0.7394886204,0.3477229459
0,400,0.9237125568,0.45053865355,0.6170295154,0.3059625071
0,400,0.90962356305,0.45024617785,0.6079803697,0.3069149345
0,400,0.9126792766999999,0.44975096265000003,0.610195549,0.3070509701
0,400,0.9200038605,0.45049687125,0.6157405244,0.3107329487
0,400,1.10695500275,0.4993603554,0.7411096419,0.3407586772
0,400,1.1069264574,0.5022375556,0.7405575718,0.3486042656
0,400,0.6287673199,0.54745761565,0.4227544282,0.3818891385
0,400,0.63679321595,0.55193850115,0.4283941287,0.3850278669
0,400,0.72055798935,0.57714934585,0.4845468557,0.4040402127
0,400,0.6434758047,0.54851650995,0.4317134118,0.3748301461
0,400,0.6435772098,0.5539578031,0.4319883518,0.38587519
0,400,0.71389153495,0.5865232299500001,0.4788944523,0.4007625129
0,400,0.62817655675,0.54833705395,0.4218433155,0.3786769667
0,400,0.6295096432,0.5539215355,0.4231498278,0.3845328382
0,400,0.6546685476499999,0.5567511144,0.4395543841,0.3867783092
0,400,0.7197992398,0.5692708636,0.4844550144,0.4000442996
0,400,0.7072807838999999,0.56907661515,0.4753003752,0.3992403159
0,400,0.7123492868,0.566376146,0.4776964266,0.3972836874
0,400,0.72684430255,0.6183996391,0.4914697067,0.442348686
0,400,0.9423140775500001,0.4718712111,0.6300115583,0.3244577652
0,400,0.97476925775,0.47341008205,0.6516659639,0.3248814267
0,400,0.8656077268,0.45592668075000004,0.578638231,0.3108524563
0,400,0.7907331653999999,0.5931653731,0.5334433872,0.4209525468
0,400,0.7145761836,0.6389095277500001,0.4839639772,0.4501072065
0,400,0.691318132,0.6140908133,0.465607099,0.4344166784
0,400,0.69753085515,0.62707600635,0.4687535043,0.4357435889
0,400,0.70265031605,0.61124728545,0.4734463191,0.4319523049
0,400,1.0264350464,0.5583036099500001,0.6884220636,0.3917359923
0,400,0.6297909346,0.57185889695,0.4235304802,0.3997637617
0,400,0.81840376255,0.615021052,0.5498385987,0.4347927186
0,400,0.69279263075,0.56549515065,0.4664631653,0.3972477443
0,400,0.71840935485,0.5678212016,0.4827306167,0.3977750828
0,400,0.72636180695,0.5744544563,0.4873061841,0.397693854
0,400,0.68932237155,0.5576410631,0.4626989847,0.391105366
0,400,0.62061578085,0.55557388035,0.4177847753,0.3860375179
0,400,0.7109358939,0.5620416930000001,0.4776240048,0.3927507038
0,400,0.6246073746,0.54110632625,0.4212167794,0.3744625403
0,400,0.87335890195,0.47599921840000003,0.5849196527,0.3266153896
0,400,1.07746794755,0.4958008851,0.7209626607,0.3427474858
0,400,0.03683419905,0.8067041660500001,0.0408418451,0.5585082369
0,400,0.3392802817,0.8013217889,0.237399905,0.5588137814
0,400,0.3095628294,0.7862510817500001,0.2115716286,0.5508789469
0,400,-0.0215574827,0.9606758274,0.0002677182,0.703472956
0,400,0.40405872995,0.9359857183,0.2816289003,0.6893430898
0,400,0.70310981475,0.49829387029999994,0.4708998757,0.3433478784
0,400,0.69856943615,0.50604479995,0.4672469559,0.3461619511
0,400,0.6048392937,0.5721188032,0.4087441712,0.4013073688
0,400,0.6072508954,0.57282209435,0.4082805842,0.3955741191
0,400,0.62273893635,0.5728696508,0.4198660255,0.4002805898
0,400,0.59205918495,0.5739029177999999,0.3986337397,0.4001949492
0,400,0.52167346015,0.55661623045,0.3514881801,0.3909756075
0,400,0.57355235275,0.5622258851499999,0.3865065951,0.3934901975
0,400,0.57451493465,0.5579391832,0.3872607453,0.3910528138
0,400,0.6066004864,0.55540480495,0.4092499556,0.3864169317
0,400,0.51270608085,0.5576200422,0.3455888709,0.3919420488
0,400,0.5711552792,0.5761408627,0.3831112398,0.392761344
0,400,0.5707524332,0.5707342151,0.3856740366,0.3977907836
0,400,0.57442754665,0.5719907965,0.3878595391,0.3972455384
0,400,0.5872241548,0.5560766296499999,0.3956676588,0.3824394443
0,400,0.58426442535,0.5503622598,0.3942947111,0.3832801496
0,400,0.58388997845,0.55564453385,0.3925292841,0.3874439703
0,400,0.5889521298,0.5505949168,0.3969582558,0.3866004102
0,400,0.5622511231,0.5583289778,0.3787085502,0.3889951034
0,400,0.56766158525,0.5557271251,0.3816763833,0.388923866
0,400,0.5658625756,0.54907038415,0.380495733,0.3838959835
0,400,0.5292654095,0.5565771082,0.3574689638,0.3892310044
0,400,0.5530377142,0.55300887915,0.3716992604,0.3848002705
0,400,0.55789632535,0.5606524984,0.3750532943,0.3858280876
0,400,0.56458431645,0.5505618284,0.3800265975,0.3847819746
0,400,0.70554580035,0.58078264885,0.4752946807,0.4102098403
0,400,0.6655730637,0.56967376375,0.4482095174,0.3989151411
0,400,0.67823409995,0.5862053864,0.4580613623,0.4121863218
0,400,0.74840095325,0.58484181915,0.5060012253,0.4105961313
0,400,0.6815785701,0.59290527215,0.4609545834,0.4187921975
0,400,0.66574236415,0.5773411937499999,0.4477470985,0.4063765145
0,400,0.63376727025,0.6131521403,0.4285547415,0.4364606344
0,400,0.65656523915,0.5650118003,0.4425447029,0.3948290458
0,400,0.6827130076,0.57965848605,0.459635952,0.4071302817
0,400,0.67430543715,0.5837330328,0.4539822345,0.407028551
0,400,0.6287219833000001,0.5937078934,0.4237579664,0.4180545204
0,400,0.62147031405,0.5932081284999999,0.4188107993,0.4186541344
0,400,0.6481296344499999,0.6036339647,0.4377217917,0.420944891
0,400,0.3482550438,0.51531675865,0.2346532982,0.3562658565
0,400,0.7438835715,0.5004852318999999,0.4977914276,0.3463385524
0,400,0.72575213525,0.50080897935,0.4855051303,0.3446189927
0,400,0.72113889675,0.49935652755000004,0.4827463859,0.3451262187
0,400,0.7130065309,0.50050813435,0.4772246446,0.3451825339
0,400,0.7051345585,0.4962593404,0.4716941792,0.3402452228
0,400,0.60776821465,0.47585615955,0.4067366569,0.3247350591
0,400,0.73942890165,0.5005491658,0.4947225545,0.3452685638
0,400,0.7383422828999999,0.49812304325,0.4950817432,0.3444831355
0,400,0.7430272131,0.5006540478,0.497408001,0.345119082
0,400,0.74622151015,0.5012641073999999,0.4994705617,0.3459146314
0,400,0.73104184575,0.49761348164999997,0.4898898605,0.3452401467
0,400,0.73049517815,0.4998598608,0.4890964331,0.3452746624
0,400,0.7211964984,0.5016031014,0.4827001002,0.3456700366
0,400,0.7182169114,0.5003847988,0.4808599152,0.344677384
0,400,0.7180893703,0.5006451593,0.4805633656,0.344795594
0,400,0.71556643475,0.49791225055,0.4791410173,0.3437317041
0,400,0.7230452981,0.5016873796,0.483886883,0.3457994058
0,400,0.72549690695,0.501199293,0.4854952015,0.3456599154
0,400,0.70835555145,0.49467938229999997,0.4743109515,0.339416066
0,400,0.71051932265,0.4988864125,0.4755766293,0.3419544018
0,400,0.7126358346999999,0.50292008535,0.4782575494,0.3464632503
0,400,0.7144685,0.5067732642,0.4784177242,0.3449440378
0,400,0.7088060217,0.5032780242,0.4741439628,0.341693198
0,400,0.7080744303,0.5057943660499999,0.4760410924,0.3470850531
0,400,0.7088060217,0.5032780242,0.4741439628,0.341693198
0,400,0.7080744303,0.5057943660499999,0.4760410924,0.3470850531
0,400,0.70736002445,0.50079802775,0.4749356089,0.3438182789
0,400,0.6513748166,0.580221054,0.4381964756,0.4070522968
0,400,0.46449458145,0.5320703657,0.3124596643,0.367220329
0,400,0.34165714185,0.5204363156,0.2296890477,0.358855966
0,400,0.37712242549999997,0.53434506465,0.254982794,0.3709181867
0,400,0.37560697045,0.53637293065,0.2536841663,0.3716175851
0,400,0.1395227945,0.5237601445,0.0951871198,0.3598915686
0,400,0.1401743715,0.5304022877,0.095340432,0.3600959382
0,400,0.1439496856,0.52812723185,0.0982916928,0.3595509525
0,400,0.1545858321,0.52420489175,0.1056890816,0.3605046775
0,400,0.0569386714,0.5453299006000001,0.04140314,0.3783977264
0,400,0.4057351629,0.5330301569,0.2729013452,0.3677947698
0,400,0.30607658195,0.5279601029000001,0.2069573681,0.3640398182
0,400,0.2970333497,0.52824187345,0.2009662176,0.3649539669
0,400,0.40251823395,0.53475866995,0.2703182529,0.3680195115
0,400,0.1638499435,0.5229992407,0.1118064592,0.360690881
0,400,0.4003719355,0.5395969753000001,0.2690132006,0.3726459212
0,400,0.39945147795,0.53761861225,0.2691466553,0.3727643907
0,400,0.1477965818,0.4975178496,0.1000071838,0.3386850066
0,400,0.1503691613,0.49801073725,0.101550527,0.3386789079
0,400,0.18234648185,0.5457938521,0.1239826637,0.3768493182
0,400,0.18106132375,0.54237692145,0.1235918635,0.3757894507
0,400,0.18261769855,0.51753244995,0.1235560177,0.3552019665
0,400,0.18030363275,0.5171343509,0.1225900045,0.355202226
0,400,0.250312757,0.5265111545500001,0.169333521,0.3634485087
0,400,0.24436489890000002,0.52772601855,0.1651914622,0.3630715603
0,400,0.34041596965,0.53084294755,0.2294014047,0.3674649237
0,400,0.196496472,0.5342160199,0.1329080646,0.3654534074
0,400,0.19909124535,0.53001729425,0.1351350345,0.3649720033
0,400,0.2716511933,0.53532792045,0.1828822352,0.3640032263
0,400,0.2698693766,0.5370211391999999,0.183655878,0.3719187546
0,400,0.07973631165,0.55850778495,0.0562242727,0.3884745123
0,400,0.2159137965,0.54919118925,0.146872693,0.3832381079
0,400,0.06876046905,0.5529542508,0.0492326503,0.3833023384
0,400,0.32982548835,0.5360815579,0.2232278127,0.3686509164
0,400,0.31633864655,0.53758260425,0.2141739945,0.3697349189
0,400,0.1393856822,0.51683864425,0.0951747234,0.3546201553
0,400,0.14094049465,0.51584565435,0.0960572033,0.3555303853
0,400,0.0847802572,0.54337765795,0.0593735216,0.3753082629
0,400,0.0845791352,0.53971829305,0.0579361134,0.3669377581
0,400,0.0897960334,0.5448730306,0.0624356088,0.3751605696
0,400,0.146002938,0.50732934415,0.0993919636,0.3475613965
0,400,0.12833691405,0.5123394498,0.0875482277,0.3511855516
0,400,0.13550897034999998,0.50168692545,0.0916477241,0.3427045357
0,400,0.14030764365,0.50569159725,0.0950530081,0.3461793387
0,400,0.1368522047,0.51304306525,0.0928083708,0.3517259957
0,400,0.1547372097,0.5079104677,0.1048758696,0.346953997
0,400,0.1873826796,0.5095400398500001,0.1272463894,0.3491999869
0,400,0.18395169765,0.5087245076,0.1247354269,0.3495731724
0,400,0.1670908914,0.5041214544,0.11316831,0.3439543696
0,400,0.16381176149999999,0.50366580745,0.1110229606,0.3442999165
0,400,0.1876580941,0.5264332346,0.1276817232,0.361114283
0,400,0.1943342949,0.52613816375,0.1318153864,0.3612946473
0,400,0.1610311153,0.5171858650000001,0.1091972308,0.354583278
0,400,0.16452053860000002,0.51653798085,0.1115384548,0.3546585379
0,400,0.19669862519999998,0.52612655035,0.1341046302,0.3626419299
0,400,0.13828698825000002,0.51547337715,0.0942297943,0.3539525219
0,400,0.1564794188,0.51347560775,0.1067352082,0.3520491593
0,400,0.41345640564999997,0.53135276875,0.2783913837,0.3669388827
0,400,0.1251492847,0.51865012485,0.085395821,0.3560764091
0,400,0.13872283315,0.49156725444999994,0.0937390491,0.3339654303
0,400,0.1511551056,0.5176931559,0.1029797622,0.3563024484
0,400,0.1456464141,0.5173610390000001,0.0990584,0.355804565
0,400,0.1388760723,0.5158922376499999,0.0945790542,0.3549231155
0,400,0.13702015455,0.5164330062,0.0937658423,0.3565418528
0,400,0.11656617194999999,0.5284364608000001,0.0806578469,0.3640702682
0,400,0.16544621595,0.5226786723,0.1122828953,0.3588427306
0,400,0.1629482485,0.5190355725,0.1113436022,0.3578734346
0,400,0.14063744749999998,0.4958958034,0.0952428962,0.3377010478
0,400,0.14504126875,0.4966155738,0.0979558659,0.3384658444
0,400,0.1386166096,0.49282156494999996,0.0936772862,0.3361260391
0,400,0.15397050240000001,0.50245593925,0.1041444972,0.3427840777
0,400,0.17425791035,0.5030641173,0.1176915323,0.3438174744
0,400,0.17176658635,0.50447095895,0.1161223449,0.3442386705
0,400,0.13700036995,0.49527588209999995,0.0929179525,0.3376272152
0,400,0.14643027765,0.4955453257,0.0988071139,0.3379605648
0,400,0.14591788625000002,0.49531474480000004,0.0983913457,0.3367600392
0,400,0.1440571867,0.4947669693,0.097392772,0.3368943392
0,400,0.134183659,0.50644575365,0.090970449,0.3456052871
0,400,0.14235231795,0.49695352984999996,0.0963449193,0.3382848313
0,400,0.1641772017,0.50546350665,0.1113623886,0.3459694183
0,400,0.1409535992,0.4990782605,0.0959689392,0.3407563416
0,400,0.13910202535,0.49942529955000003,0.0941696375,0.3405919375
0,400,0.13393299344999998,0.4911861536,0.0903958201,0.3325235538
0,400,0.1430654754,0.49049577345,0.0963638278,0.3329614887
0,400,0.7134315982,0.66079946295,0.483098128,0.4747373169
0,400,0.71849170535,0.67474973475,0.4857504299,0.4820493383
0,400,0.73446654935,0.6681658531,0.4994156613,0.4804882138
0,400,0.7973995469,0.9151397551,0.5442007964,0.6799934706
0,400,0.77448265145,0.91252726235,0.5302442717,0.6743958185
0,400,0.5864766481,0.6714299932,0.3995692364,0.474399815
0,400,1.32511394755,1.18277341675,0.9197248323,0.8715886489
0,400,0.68417918375,0.7232036362,0.4619497989,0.504704135
0,400,1.00813087845,0.55671997235,0.6774682687,0.3925629433
0,400,0.6701913395,0.6949722732,0.4550929452,0.5032603122
0,400,0.69673210815,0.6999929541000001,0.4732055459,0.5058750758
0,400,0.70121859875,0.4959813791,0.4695397771,0.343231485
0,400,1.00003716,0.56016895335,0.6709631572,0.3923740149
0,400,0.8965710329500001,0.5708783768,0.6032819333,0.4005551588
0,400,0.84150083635,0.7328561767499999,0.5750710201,0.5372492547
0,400,0.3600231458,0.51641750005,0.2424303174,0.3557379989
0,400,0.34750797515,0.51319339055,0.2335403973,0.3519656597
0,400,0.3438419874,0.5124249607,0.2319259464,0.3527364252
0,400,0.802264927,0.47066787025,0.5362430732,0.3214781997
0,400,0.7769727222,0.47160935795000003,0.520006956,0.3214897989
0,400,0.918957979,0.47778093235,0.6153045336,0.3265917735
0,400,0.8581817197000001,0.49089088815000004,0.5752601052,0.3379748383
0,400,0.9099005836,0.4770236617,0.609012015,0.3271570016
0,400,0.9420670257499999,0.48820709305,0.6300944929,0.3381466385
0,400,1.0939178404,0.49730854915,0.7331629572,0.3452720673
0,400,1.0039007015,0.4956332371,0.6719830486,0.3423854596
0,400,1.00880501425,0.4944004664,0.6749688411,0.3410093706
0,400,1.01893873465,0.49620962430000004,0.6826010167,0.3436005182
0,400,1.0266390977,0.4957116761,0.6869764022,0.3436268592
0,400,1.03783016155,0.4988510533,0.6946157323,0.3452210722
0,400,1.038536347,0.49954286085,0.6943556856,0.3448160959
0,400,1.03987549295,0.49766,0.6958945025,0.3450396698
0,400,1.05929174045,0.49770676165,0.7090089901,0.3459843225
0,400,1.06163491745,0.49917947220000003,0.7101626891,0.3463800752
0,400,1.0845497322,0.5030767688,0.7267597618,0.350017206
0,400,0.8551743905,0.45396336969999995,0.571839782,0.309601195
0,400,0.13917736735,0.4718854196,0.0938342487,0.3187726558
0,400,1.11412892065,0.50196830675,0.7457074031,0.3484794379
0,400,0.87060059555,0.45121664170000003,0.5815044399,0.3065381158
0,400,0.06342921825,0.53049188595,0.0460421495,0.3701879059
0,400,0.66031292055,0.46503008324999995,0.4413973433,0.3165448321
0,400,0.66268298185,0.4607442247,0.4430472751,0.3136876796
0,400,0.5711552792,0.5761408627,0.3831112398,0.392761344
0,400,0.5707524332,0.5707342151,0.3856740366,0.3977907836
0,400,0.57442754665,0.5719907965,0.3878595391,0.3972455384
0,400,0.5530377142,0.55300887915,0.3716992604,0.3848002705
0,400,0.55789632535,0.5606524984,0.3750532943,0.3858280876
0,400,0.56458431645,0.5505618284,0.3800265975,0.3847819746
0,400,0.72575213525,0.50080897935,0.4855051303,0.3446189927
0,400,0.72113889675,0.49935652755000004,0.4827463859,0.3451262187
0,400,0.7130065309,0.50050813435,0.4772246446,0.3451825339
0,400,0.7088060217,0.5032780242,0.4741439628,0.341693198
0,400,0.7088060217,0.5032780242,0.4741439628,0.341693198
0,400,0.7080744303,0.5057943660499999,0.4760410924,0.3470850531
0,400,0.7080744303,0.5057943660499999,0.4760410924,0.3470850531
0,400,0.7088060217,0.5032780242,0.4741439628,0.341693198
0,400,0.7088060217,0.5032780242,0.4741439628,0.341693198
0,400,0.7080744303,0.5057943660499999,0.4760410924,0.3470850531
0,400,0.7080744303,0.5057943660499999,0.4760410924,0.3470850531
