0,400,0.77473240445,0.4989882081,0.5191314701,0.344227122
0,400,0.7642035034,0.49946085345,0.512119698,0.3447335695
0,400,0.7101472118500001,0.50366918115,0.4765185505,0.3483969115
0,400,0.7119535952,0.508182701,0.4765899502,0.3478433618
0,400,0.7808119650500001,0.49633866915,0.5233831837,0.3423918177
0,400,0.78545002545,0.49738822085,0.5262826833,0.3429304453
0,400,0.1736498813,0.53910596915,0.1193835884,0.3740748219
0,400,0.1785627721,0.53884262415,0.1222885634,0.3735092045
0,400,0.2966107189,0.52869414675,0.2002401016,0.3648606705
0,400,0.7185815755,0.49943769154999995,0.4816058888,0.3454694299
0,400,0.72360079945,0.5003830471,0.4850078145,0.3402415896
0,400,0.5956767699000001,0.72646965775,0.4077428232,0.5255122087
0,400,0.60305473915,0.73192846825,0.4081069763,0.5259437855
0,400,0.1734725501,0.5223642674,0.118114017,0.3602729288
0,400,0.1755598598,0.52267763425,0.1191007638,0.3590020741
0,400,0.32307201085000004,0.53501656495,0.2182774333,0.3662315691
0,400,0.327621145,0.53489905945,0.2203246106,0.3643763191
0,400,0.3271271198,0.53202563145,0.2201421482,0.3656349395
0,400,0.3403523086,0.5291424624,0.2301032828,0.365532041
0,400,0.50409818235,0.52756628585,0.3389801397,0.3671556659
0,400,0.8608575360499999,0.45408107,0.5758302855,0.3105785844
0,400,0.5235546013,0.51872291945,0.3519462186,0.3593485293
0,400,0.41575594325,0.5311611803,0.2798520843,0.368420076
0,400,0.49131967965,0.5292244048,0.3300594111,0.363606122
0,400,0.47951634035,0.5270117845,0.3229347235,0.3647017596
0,400,0.50707747725,0.5241607739499999,0.3403236903,0.3620207759
0,400,0.47723010190000004,0.5343995957000001,0.3203793004,0.3609150388
0,400,0.50493461015,0.5249466239,0.3388854755,0.363614405
0,400,0.5000598647500001,0.5240960676499999,0.3358926257,0.3630643803
0,400,0.91672151835,0.4501290708,0.6122111305,0.305881927
0,400,0.9154805444,0.44896582760000003,0.611691913,0.3055824228
0,400,0.9103773846500001,0.44894100184999997,0.6080744741,0.3055782921
0,400,0.92013249685,0.44970307355,0.6157565857,0.3096145601
0,400,0.16335240880000002,0.5295257041,0.1120319012,0.3655383992
0,400,0.18146665215000002,0.5295489309,0.1233134193,0.363910449
0,400,0.33557013469999997,0.53123903535,0.2263821756,0.3664454111
0,400,0.16894173775,0.5265833562,0.1148775917,0.3574079626
0,400,0.16881689519999998,0.5290031017,0.1148814648,0.3639009766
0,400,0.33073144245,0.5378207779999999,0.2226227317,0.363892564
0,400,0.15594684325,0.5353635392,0.1068468811,0.3679211546
0,400,0.1765134985,0.5313102079500001,0.1195466104,0.3645373123
0,400,0.19185589295,0.5304412801,0.1301991833,0.3648423746
0,400,0.34312463205,0.52660094745,0.2306032267,0.3640690139
0,400,0.3453928502,0.5283032492499999,0.2334085488,0.3647061281
0,400,0.34588658865,0.52751859955,0.2331663155,0.3634448755
0,400,0.7821786341499999,0.469400674,0.5225392363,0.319668249
0,400,0.52041936595,0.52222529605,0.3504468249,0.3606379395
0,400,1.05256237325,0.5527432635,0.7049911751,0.3831733584
0,400,1.0381221849,0.53888012445,0.6949045434,0.3702185289
0,400,1.0401883229,0.5421028715,0.6973208904,0.3816937222
0,400,1.04776691225,0.54378129775,0.7016939397,0.3813400005
0,400,1.06946962335,0.5441326838,0.7163435331,0.383055927
0,400,1.058542938,0.54302201585,0.7091900324,0.3795956569
0,400,0.90821604705,0.45963336215000006,0.6070195399,0.3145596567
0,400,0.9122983871500001,0.45780253455,0.6098165393,0.3137986231
0,400,0.91732432755,0.4665630502,0.6133177529,0.3200553186
0,400,0.90266840695,0.4633840966,0.6035641739,0.3175821216
0,400,0.9064924523,0.4688045635,0.605878264,0.318278968
0,400,0.8659465469000001,0.45599149515000004,0.578864111,0.3108956659
0,400,0.8545800667,0.58179591695,0.5756726262,0.4105848535
0,400,0.740810391,0.6616549607,0.4996097108,0.4699520828
0,400,0.16382428194999998,0.54448523765,0.1129696611,0.3765039011
0,400,0.16869043449999999,0.551370133,0.1147088498,0.3759288892
0,400,0.172106319,0.5435545448,0.1183296762,0.3753896648
0,400,0.7967878310000001,0.49316769574999997,0.5331230376,0.3387807683
0,400,0.1751623431,0.52311316865,0.1193729296,0.3581019393
0,400,0.18038762595000002,0.52706755905,0.1226674637,0.3578810903
0,400,0.7754620977,0.47012102835,0.5183466574,0.3209036797
0,400,0.778283116,0.47000930625000004,0.5203223412,0.3203184689
0,400,0.83393947645,0.4740956611,0.5575586733,0.3243625224
0,400,0.8241605643,0.4756462103,0.5512397266,0.3251557362
0,400,0.9954752445999999,0.53706175365,0.667680669,0.3715281815
0,400,1.0120391726,0.5406451645,0.678735358,0.380790084
0,400,1.0446859201,0.54760411305,0.700020646,0.3825457165
0,400,1.02101538555,0.5438092607,0.6835175319,0.3797697928
0,400,1.05699185605,0.54764887975,0.7090676747,0.3827977075
0,400,1.0135142554,0.5359169591999999,0.681040152,0.3771619064
0,400,1.0835252413,0.5451367550499999,0.7262917944,0.3844770421
0,400,1.07483097685,0.5429168466000001,0.7201064483,0.3811663836
0,400,1.06101367425,0.541682973,0.7112796053,0.378822426
0,400,1.02281738845,0.49782505285,0.6852073249,0.3444274691
0,400,0.03686580215,0.8065930991,0.0407210439,0.5588609194
0,400,0.3398627724,0.80185506655,0.2380673488,0.5572558101
0,400,0.3194442147,0.80478700505,0.2192336636,0.5562670503
0,400,0.0319781237,1.0889918206,0.0476784292,0.8063981064
0,400,0.82539113335,0.487609274,0.5523623269,0.335761461
0,400,0.9060403581,0.47071386465,0.6068541346,0.3211470577
0,400,0.80008011095,0.5947283643,0.5412665143,0.4216006176
0,400,0.67826279125,0.5058979133,0.4552093165,0.3493454462
0,400,0.67847063885,0.5070069592499999,0.4547664631,0.3461375565
0,400,0.7103236669999999,0.5032575223,0.4771585196,0.346249019
0,400,0.7265248532999999,0.5021199079,0.4863671344,0.3455174838
0,400,0.14063752045,0.52811023345,0.0970643917,0.3645793541
0,400,0.1345438698,0.5293530604,0.0929763572,0.3654539264
0,400,0.28314409975,0.54045707955,0.1926093131,0.3730327313
0,400,0.17255326064999998,0.53308459055,0.1182646037,0.3698989769
0,400,0.3270751031,0.54362617145,0.2202676452,0.3688137633
0,400,0.3271456633,0.5408789244,0.2217319232,0.3738037564
0,400,0.3309944942,0.53924020425,0.2234750834,0.3736926831
0,400,0.18975036825,0.5255888311,0.1287728683,0.3611349146
0,400,0.19144100079999998,0.5235743952,0.1311552676,0.3629340162
0,400,0.14717289295,0.5226989795,0.1010508751,0.3593992648
0,400,0.15179193540000002,0.5221456892,0.1033329644,0.3591135366
0,400,0.1631919055,0.5210808259999999,0.111653512,0.3586768992
0,400,0.16770198149999999,0.52628391035,0.1140823638,0.3572744879
0,400,0.7585445294500001,0.47139895504999996,0.5072975169,0.3223765685
0,400,0.5528409270000001,0.475079928,0.369816805,0.3229598654
0,400,0.78638815035,0.47257638375,0.5259331313,0.3233912801
0,400,0.789713347,0.471340369,0.5280521986,0.3219747064
0,400,0.77650578905,0.9357153664,0.5321281141,0.6908284354
0,400,0.38881898175,0.5162288312000001,0.2612899137,0.3556902478
0,400,0.6785843819,0.7708656216,0.4622165622,0.562740702
0,400,0.66251937575,0.77793382675,0.4493256305,0.5646110411
0,400,0.8753648832,1.0730663647,0.5989602802,0.7939948802
0,400,0.67196647635,0.71536940175,0.4556126007,0.5117535253
0,400,0.6513721154,0.71683554305,0.4414535578,0.5166542445
0,400,0.7380336386,0.49770768624999995,0.4938924782,0.3439019905
0,400,0.73951171465,0.50022182215,0.4948688095,0.3439254767
0,400,0.84323392175,0.57515859085,0.5656764837,0.4056305329
0,400,0.5574269707999999,0.55333483245,0.3747351348,0.3859141175
0,400,0.5653970903500001,0.5513704834,0.3793685229,0.38561191
0,400,0.8414944118500001,0.5843432221,0.5639782221,0.411838569
0,400,0.71142371885,0.4997849901,0.4754490151,0.3385840544
0,400,0.70924726895,0.50028417115,0.4746059437,0.3441475801
0,400,0.18089709710000001,0.50406715055,0.1224561118,0.3449261311
0,400,0.78300639865,0.49642454775,0.5235656171,0.3429008027
0,400,0.8824193927499999,0.47776399885,0.5907489931,0.3273223917
0,400,0.35148233965,0.52204279075,0.2367395129,0.3617486723
0,400,0.36692219680000004,0.5165081364,0.246569894,0.3554900304
0,400,0.36269713039999996,0.5150991537,0.2442954704,0.3559617026
0,400,0.13997689075,0.51725573995,0.0954065753,0.3548073709
0,400,0.14592285065,0.50714813645,0.0992049227,0.3476741567
0,400,0.38505910845,0.5347630167999999,0.2593612457,0.370732113
0,400,0.38554715245000004,0.53337142175,0.2596335575,0.3711622625
0,400,0.14096601025,0.4973725201,0.0951410531,0.3384197802
0,400,0.1442856219,0.49689338675,0.097380945,0.3380584027
0,400,0.49701917195,0.5344238281,0.3338897351,0.3701331478
0,400,0.5040168538500001,0.53346863255,0.3386125797,0.3697733707
0,400,0.7717744604,0.5773566999,0.518299708,0.4063750872
0,400,0.71992699995,0.7644264856,0.4902034935,0.5541252564
0,400,0.69706442095,0.66594789105,0.4710428211,0.4737880037
0,400,0.21934820980000003,0.5275891233000001,0.14863812,0.3650036644
0,400,0.23196230325,0.5277602099,0.1570900051,0.3645008502
0,400,0.2279977217,0.5380568716,0.1544991742,0.3730030166
0,400,0.2211644488,0.5392060778,0.150027713,0.3738354174
0,400,0.48187761655,0.5358452676500001,0.3240620795,0.3715193579
0,400,0.80268229745,0.5678629406,0.5392394499,0.401413569
0,400,0.90997531165,0.46794110025,0.6088333741,0.3222113093
0,400,0.8942198618999999,0.47913243215,0.5987717426,0.3292659017
0,400,0.16487779265,0.5097531682,0.1120431441,0.3500308306
0,400,0.16879886275,0.5113951971999999,0.1142016345,0.3501365838
0,400,0.48697247445,0.5353892313999999,0.3268589329,0.3696665362
0,400,0.48108718245,0.5300904131499999,0.3246404317,0.3657774143
0,400,0.1404557357,0.49419750175,0.0952524124,0.3370525379
0,400,0.1776502723,0.49985246455,0.1201369356,0.3413780145
0,400,0.17402319654999998,0.50098473725,0.1177220487,0.3411735151
0,400,0.1688313504,0.5526630726999999,0.1154677016,0.3858157606
0,400,0.1872943061,0.5183911918,0.127304137,0.3560360542
0,400,0.1730353912,0.52094566965,0.117563261,0.3577428457
0,400,0.5262020848,0.5283722159500001,0.3545869856,0.3661310063
0,400,0.13051628415,0.5128965679499999,0.0894766037,0.3519079171
0,400,0.158222727,0.5232455871999999,0.1080307436,0.360878382
0,400,0.1544623062,0.5236935135,0.1050476524,0.3607289002
0,400,0.1185772755,0.529790817,0.081530503,0.3656775976
0,400,0.14471445815,0.49698869445000005,0.0979830971,0.3388134675
0,400,0.14100649199999998,0.4977178723,0.095741088,0.339015242
0,400,0.14072629565,0.49825539695,0.0954759309,0.3395790427
0,400,0.1374660012,0.4983140477,0.093424175,0.3398105318
0,400,0.15905718365,0.5152323508000001,0.1081723749,0.3519790248
0,400,0.1349355826,0.5045130008,0.0918889354,0.3454005282
0,400,0.14071534475,0.50040283525,0.0957118857,0.3421974395
0,400,0.14787082875000002,0.4939781674,0.0999416245,0.3368787682
0,400,0.1448083071,0.49497030090000005,0.0979637506,0.336821934
0,400,0.19264081509999997,0.51602569425,0.1302989822,0.3537606091
0,400,0.1891032445,0.5144318057,0.1282256166,0.3539909304
0,400,0.13733294810000002,0.5213865370999999,0.0933437956,0.3576915132
0,400,0.1385877358,0.5217326679000001,0.0950745448,0.3576145664
0,400,0.06919284605,0.5289618386,0.0489919501,0.3648111028
0,400,0.1332390731,0.49116111025,0.090344424,0.3336301343
0,400,0.14156670225,0.4894346085,0.0955494477,0.3314959962
0,400,0.7674291201000001,0.4968184513,0.5149959818,0.342506135
0,400,0.73777904285,0.5004174763,0.4937282637,0.3451204228
0,400,0.74164516405,0.49891865744999997,0.4969027033,0.3445255665
0,400,0.5844962918500001,0.54797249745,0.3928252497,0.3831755643
0,400,0.5787351097,0.5490031692999999,0.389185763,0.3834023822
0,400,0.39594955365000006,0.52135809715,0.2664520047,0.3536385787
0,400,0.39855744809999993,0.5210678723,0.2686373544,0.3589781012
0,400,0.40068199125,0.52789723485,0.2706921887,0.3650889157
0,400,0.6058675808,0.55330920515,0.406988673,0.3872255867
0,400,0.60014049245,0.5552254139,0.4037975881,0.3872197476
0,400,0.5925975299,0.55549939895,0.3988460406,0.3874376121
0,400,0.5916747362,0.5711661812,0.3983148502,0.399421848
0,400,0.88942522215,0.5804960772000001,0.5975696651,0.4119074708
0,400,0.9252563382000001,0.5870407068,0.6224780866,0.4167085354
0,400,0.8790373684999999,0.5838690197,0.58954282,0.4121519358
0,400,0.6710860989,0.59470619035,0.452224108,0.4210484383
0,400,0.6522593553,0.5982506737,0.4383912552,0.4219655714
0,400,0.6593367595,0.6310936539499999,0.4449595898,0.4483523525
0,400,0.6814376688,0.62184719275,0.4603544754,0.4470620339
0,400,0.56966435425,0.5509942486,0.3829611399,0.3843523442
0,400,0.61872054945,0.5655178584,0.4163696303,0.3965888306
0,400,0.77909515985,0.7728690929,0.5268620575,0.5338515282
0,400,0.7753745637,0.7636946475999999,0.5276845412,0.5533516362
0,400,0.7981490248,0.766311163,0.542054425,0.5525311732
0,400,0.8993121829,0.77323968315,0.6087215978,0.5599630915
0,400,1.0826688099,1.3393898547999998,0.749110935,1.0201455268
0,400,0.8068004347500001,0.57495110695,0.5415257167,0.4076205093
0,400,0.7948002473,0.58229660615,0.5342127226,0.4111553905
0,400,0.8644116722999999,0.59789468125,0.5807897128,0.4132360681
0,400,0.9007816442,0.5867349308500001,0.6052030088,0.4167263123
0,400,0.6044286359,0.5477450308,0.4051784204,0.3808256378
0,400,1.09993410495,1.5323049366500001,0.7628293147,1.1397291473
0,400,1.0287905795,0.5404025809499999,0.6895838784,0.3817903923
0,400,1.0320522854,0.5436947704,0.6912638886,0.3806604552
0,400,1.01867361405,0.54265629155,0.6824029519,0.3823601619
0,400,0.9982348366,0.5459782896,0.6686909302,0.3755666096
0,400,1.00355633305,0.5328562356,0.6727579325,0.3718778806
0,400,0.8564814017,0.57996273925,0.5753238392,0.4132200315
0,400,0.87278602105,0.5824699036,0.5868297689,0.4136366326
0,400,0.7798253642,0.4691678872,0.5212315558,0.3201704144
0,400,1.0237190105,0.5444812151,0.685872554,0.383109647
0,400,1.02943821435,0.53565011085,0.6897595305,0.3691865595
0,400,0.9963035687999999,0.5346863945,0.6676251846,0.375113928
0,400,0.9041082278999999,0.59059797125,0.6071694938,0.4179621323
0,400,0.59766562395,0.55377653045,0.4034560961,0.3830329597
0,400,1.20730086055,1.4060233119499999,0.8296261459,1.0801554611
0,400,1.16558518265,1.4892171332,0.8152755357,1.1419076628
0,400,0.8419481126499999,0.5816508884,0.5653033053,0.4087773086
0,400,0.82736398725,0.5906372233,0.5563061853,0.415526695
0,400,0.75838148185,0.49894155335,0.5078905797,0.3440425405
0,400,0.52827384425,0.55682494695,0.3561884415,0.3909528997
0,400,0.8166650302999999,0.46617147625,0.5459014506,0.3180878929
0,400,0.8121465569999999,0.4659596551,0.5427273294,0.3178150836
0,400,0.9129320047,0.46884673489999995,0.6102118902,0.3221582282
0,400,0.9089146397500001,0.47020141375,0.6076781011,0.3224603925
0,400,0.9069875633,0.4753514769,0.6066182998,0.3257380404
0,400,0.9334264858999999,0.4734368335,0.6241514476,0.325543215
0,400,0.9445087589,0.4708021414,0.6315794124,0.3235002038
0,400,1.10513146305,0.52473385235,0.7408316357,0.3662915175
0,400,1.0581721413,0.5256531913,0.7089191808,0.3665113284
0,400,0.95220092715,0.4685082909,0.6368396223,0.3176463294
0,400,0.8163278417,0.49071358245,0.5471636442,0.3379581921
0,400,0.7559741766999999,0.5046110982,0.5071048058,0.3489465686
0,400,0.87374225555,0.4853278167,0.5844940287,0.331680902
0,400,0.8688229766,0.48234434424999995,0.5811378046,0.3317350113
0,400,0.59342950435,0.51484859005,0.3991777791,0.3557255421
0,400,0.13128280885,0.58308177475,0.0939735439,0.4030919375
0,400,1.03536322155,0.4938172019,0.6929422927,0.342998309
0,400,1.0285601002,0.49441052269999997,0.6883183954,0.3433485272
0,400,1.04140299395,0.49306687335,0.6979026009,0.3426745615
0,400,1.04315586395,0.49401462945,0.6979379357,0.3419453187
0,400,0.85585778525,0.45353178945,0.5722953785,0.3102125283
0,400,0.9868878607,0.4528275286,0.6597028838,0.3097487304
0,400,0.9515163895,0.45178706005,0.636067392,0.3092181479
0,400,1.0507546029000001,0.5393039156499999,0.7039711376,0.3704391183
0,400,1.0488725855499998,0.54282342045,0.7031985899,0.3804638711
0,400,0.06342921825,0.53049188595,0.0460421495,0.3701879059
0,400,0.18497008025,0.5455345298500001,0.1281664089,0.3778856129
0,400,0.1775586986,0.5554627638,0.1208210002,0.3767130718
0,400,0.3710162908,0.51932752915,0.2507167712,0.3573902139
0,400,1.03430684875,0.53870098855,0.6943868085,0.3786591099
0,400,1.0492717084,0.44425315155,0.7006636814,0.3009348841
0,400,0.07419104430000001,0.5405965698999999,0.0533800386,0.374767862
0,400,0.3270751031,0.54362617145,0.2202676452,0.3688137633
0,400,0.3271456633,0.5408789244,0.2217319232,0.3738037564
0,400,0.3309944942,0.53924020425,0.2234750834,0.3736926831
0,400,0.1631919055,0.5210808259999999,0.111653512,0.3586768992
0,400,0.16770198149999999,0.52628391035,0.1140823638,0.3572744879
0,400,0.7585445294500001,0.47139895504999996,0.5072975169,0.3223765685
