135,710,0.8611610147,0.9787641125,0.04026505200000008,0.1892736690000001,-1,-1,-1,-1
136,710,0.818246873,0.9335644246,0.0403786491,0.20539797969999996,-1,-1,-1,-1
137,710,0.7791926957,0.8924004856,0.03992440679999998,0.20136223070000014,-1,-1,-1,-1
138,710,0.7474043507,0.8698005768,0.03856211799999998,0.2005552624999999,-1,-1,-1,-1
139,710,0.7124373318,0.8383223315,0.03947031059999995,0.19409796040000005,-1,-1,-1,-1
140,710,0.684282049,0.8084582821,0.03674558689999996,0.19894080729999997,-1,-1,-1,-1
141,710,0.6541028985,0.7936216948,0.04619502369999995,0.20732930529999993,-1,-1,-1,-1
142,710,0.6358026729,0.7690843617,0.03174746169999998,0.2096118870999999,-1,-1,-1,-1
143,710,0.6200709383,0.7462589326,0.030142209499999906,0.19648720370000006,-1,-1,-1,-1
144,710,0.6004865401,0.7314223452,0.03527919179999994,0.19648733349999992,-1,-1,-1,-1
145,710,0.5870022171,0.7114501758,0.03174746169999998,0.18621578009999995,-1,-1,-1,-1
146,710,0.578012571,0.6960430404,0.028858037000000003,0.17252054849999998,-1,-1,-1,-1
147,710,0.5626019162,0.6823478088,0.03206868730000001,0.1748030007,-1,-1,-1,-1
148,710,0.5548965887,0.6669406734,0.028215877700000003,0.16567293280000006,-1,-1,-1,-1
149,710,0.5466409433,0.6522671925,0.025729153000000005,0.15568516119999998,-1,-1,-1,-1
150,710,0.5350829522,0.6438823277,0.028323780200000037,0.1544274121,-1,-1,-1,-1
151,710,0.5274253705,0.630272088,0.024632897499999973,0.14985212719999996,-1,-1,-1,-1
152,710,0.5189400488,0.6166617185,0.02483979599999997,0.14139174300000001,-1,-1,-1,-1
153,710,0.5096266949,0.607833469,0.02463304349999995,0.14286307460000003,-1,-1,-1,-1
154,710,0.5036247395,0.5990050896,0.024012201899999974,0.1366097529,-1,-1,-1,-1
155,710,0.5015550242,0.5868661816,0.024426291000000044,0.12962070029999995,-1,-1,-1,-1
156,710,0.4970019426,0.5784056676,0.02297741719999996,0.12998856569999995,-1,-1,-1,-1
157,710,0.493276601,0.5714164853,0.02339150630000003,0.12410310930000001,-1,-1,-1,-1
158,710,0.4929470527,0.5608732176,0.02230620160000002,0.1193100896,-1,-1,-1,-1
159,710,0.4917935606,0.5558943838,0.020988008300000027,0.11901735449999995,-1,-1,-1,-1
160,710,0.4908049156,0.54974422,0.018351621799999995,0.1146243803,-1,-1,-1,-1
161,710,0.4883332302,0.5406654068,0.019175565499999936,0.11023127640000008,-1,-1,-1,-1
162,710,0.4814127154,0.5356867027,0.019999363400000025,0.10642403220000007,-1,-1,-1,-1
163,710,0.4773981248,0.5300690678,0.018756804100000024,0.10730249720000007,-1,-1,-1,-1
164,710,0.4743274995,0.5237591713,0.019340120699999963,0.1017380632999999,-1,-1,-1,-1
165,710,0.4702082185,0.5198719958,0.018845725199999996,0.10085946850000005,-1,-1,-1,-1
166,710,0.4680662274,0.5146004268,0.01835132970000003,0.1011522037,-1,-1,-1,-1
167,710,0.4683957757,0.5072786735,0.01851603089999998,0.09734508909999995,-1,-1,-1,-1
168,710,0.4677366791,0.5037642942,0.01835132970000003,0.097930819,-1,-1,-1,-1
169,710,0.467497074,0.4995048415,0.01763412040000001,0.0945332224,-1,-1,-1,-1
170,710,0.4688151212,0.4939675271,0.01763412049999996,0.09091283039999998,-1,-1,-1,-1
171,710,0.4667781125,0.4918378008,0.016915159000000013,0.0904868332,-1,-1,-1,-1
172,710,0.4647411038,0.4873652847,0.015956592499999978,0.0883572366,-1,-1,-1,-1
173,710,0.4646383116,0.4813412462,0.014801348199999953,0.08561492030000001,-1,-1,-1,-1
174,710,0.4625842196,0.4789680929,0.015212224999999968,0.08543235010000005,-1,-1,-1,-1
175,710,0.4610436505,0.4754996481,0.014082386800000013,0.08324189680000005,-1,-1,-1,-1
176,710,0.4599138123,0.4694756095,0.01449326350000002,0.07995602229999998,-1,-1,-1,-1
177,710,0.4561137127,0.468380318,0.014185033000000014,0.07886073069999999,-1,-1,-1,-1
178,710,0.4540596207,0.4658245945,0.01336342530000001,0.07904330100000001,-1,-1,-1,-1
179,710,0.4525190516,0.4614434284,0.013876948399999978,0.07667014769999997,-1,-1,-1,-1
180,710,0.4497111013,0.4582351494,0.01355280249999996,0.07553618810000007,-1,-1,-1,-1
181,710,0.4489089133,0.45609634,0.012449684299999986,0.07214962089999999,-1,-1,-1,-1
182,710,0.4480062692,0.4523533262,0.012249210300000035,0.07161501579999996,-1,-1,-1,-1
183,710,0.4437944168,0.4486103124,0.011948426300000037,0.06947620640000002,-1,-1,-1,-1
184,710,0.4410869225,0.4468279495,0.011346712300000006,0.07001094130000002,-1,-1,-1,-1
185,710,0.4369753801,0.4439761171,0.013552802500000016,0.06894147170000003,-1,-1,-1,-1
186,710,0.4348694539,0.4423720425,0.011848116300000044,0.06573319269999994,-1,-1,-1,-1
187,710,0.4334655518,0.4413025729,0.010644688199999974,0.06662437409999994,-1,-1,-1,-1
188,710,0.4317607196,0.4375595591,0.011647496300000004,0.06573332249999997,-1,-1,-1,-1
189,710,0.4283512013,0.4350643031,0.011647496300000004,0.06573332239999996,-1,-1,-1,-1
190,710,0.4273197749,0.434147689,0.011647496300000004,0.06432310699999999,-1,-1,-1,-1
191,710,0.4268040617,0.4312667907,0.011647496300000004,0.06340649300000001,-1,-1,-1,-1
192,710,0.425330512,0.4289095977,0.011343500000000006,0.062490008700000044,-1,-1,-1,-1
193,710,0.4259199611,0.4278620573,0.011269764099999968,0.06196604380000004,-1,-1,-1,-1
194,710,0.427246185,0.4252431415,0.011416943899999976,0.061049429700000046,-1,-1,-1,-1
195,710,0.4261410228,0.424064545,0.011048702399999999,0.06052559460000001,-1,-1,-1,-1
196,710,0.4261410228,0.4232788572,0.010311927599999993,0.06013281569999995,-1,-1,-1,-1
197,710,0.4269513875,0.4210527203,0.009869950299999986,0.05829945780000001,-1,-1,-1,-1
198,710,0.426519485,0.4204131407,0.009869950300000041,0.0582994577,-1,-1,-1,-1
199,710,0.42738329,0.4181101867,0.012481952899999982,0.0574113906,-1,-1,-1,-1
200,710,0.4298305915,0.4183660705,0.009674732699999966,0.056131971700000005,-1,-1,-1,-1
201,710,0.4327097954,0.4174704773,0.009602895,0.055364450200000026,-1,-1,-1,-1
202,710,0.4355171617,0.4160631166,0.009746716400000022,0.05485268259999998,-1,-1,-1,-1
203,710,0.4393321544,0.4151675234,0.009386943699999983,0.05331737999999997,-1,-1,-1,-1
204,710,0.4402677971,0.4142719302,0.009387089699999962,0.053189438099999986,-1,-1,-1,-1
205,710,0.4403397808,0.4115851506,0.008811219799999992,0.05318956790000001,-1,-1,-1,-1
206,710,0.4420056279,0.4089532589,0.009093898300000014,0.051816593099999975,-1,-1,-1,-1
207,710,0.4428694329,0.4082953833,0.009279041099999996,0.051706817399999994,-1,-1,-1,-1
208,710,0.4433013354,0.406211851,0.010204462999999997,0.05126810389999997,-1,-1,-1,-1
209,710,0.4458309874,0.4040186727,0.009217278200000012,0.050281030999999976,-1,-1,-1,-1
210,710,0.4476819773,0.4024833701,0.008538615999999999,0.0500617391,-1,-1,-1,-1
211,710,0.4491010646,0.4008384216,0.009402420999999994,0.04918444179999998,-1,-1,-1,-1
212,710,0.4512604311,0.3983161758,0.009094044299999993,0.048745858099999984,-1,-1,-1,-1
213,710,0.4528028983,0.3974388785,0.008662141800000023,0.0454559611,-1,-1,-1,-1
214,710,0.4537900831,0.3944779192,0.008230239400000006,0.04332960849999995,-1,-1,-1,-1
215,710,0.4554560762,0.3907494384,0.008106713499999973,0.04633325830000001,-1,-1,-1,-1
216,710,0.4555794561,0.3906397924,0.00810671340000002,0.04633325829999996,-1,-1,-1,-1
217,710,0.4543455115,0.387569317,0.008600232900000004,0.04490760159999996,-1,-1,-1,-1
218,710,0.4555178391,0.3881176764,0.007859807800000007,0.042385355800000024,-1,-1,-1,-1
219,710,0.4561347384,0.3846084874,0.00847685309999996,0.04589454480000005,-1,-1,-1,-1
220,710,0.4550857906,0.3846084874,0.008476853100000015,0.045346185400000016,-1,-1,-1,-1
221,710,0.4550857906,0.3838408361,0.008970518500000024,0.04282393959999997,-1,-1,-1,-1
222,710,0.4574920628,0.3829635389,0.007613194099999998,0.04095969909999997,-1,-1,-1,-1
223,710,0.4579239653,0.3815378822,0.00792171669999997,0.042166063899999995,-1,-1,-1,-1
224,710,0.4578622024,0.3803316471,0.009464183900000034,0.0447979557,-1,-1,-1,-1
225,710,0.4602684746,0.3803316471,0.008045096500000015,0.04446888809999999,-1,-1,-1,-1
226,710,0.4621810814,0.3790156364,0.0077367198999999665,0.0443593719,-1,-1,-1,-1
227,710,0.4629832694,0.3787962148,0.0077367198999999665,0.0443593719,-1,-1,-1,-1
228,710,0.4636003147,0.3772609121,0.00884713859999997,0.043591850399999965,-1,-1,-1,-1
229,710,0.4653896876,0.3768221986,0.007736427900000009,0.04381127200000001,-1,-1,-1,-1
230,710,0.4662534926,0.3764931311,0.007921570699999991,0.04348233420000003,-1,-1,-1,-1
231,710,0.4652663078,0.3762737095,0.0094640379,0.0432630423,-1,-1,-1,-1
232,710,0.4647110254,0.3762737095,0.007921570700000047,0.04315339629999998,-1,-1,-1,-1
233,710,0.4647110254,0.3762737095,0.007921570700000047,0.04337268820000001,-1,-1,-1,-1
234,710,0.4648345513,0.3760544176,0.007921570699999991,0.043372688199999954,-1,-1,-1,-1
