31,546,0.0871234067,0.3246830259,0.0021949933000000033,0.010061214900000004,-1,-1,-1,-1
32,546,0.0865842587,0.3259834657,0.0021949933000000033,0.010061214800000051,-1,-1,-1,-1
33,546,0.0866034957,0.3259834657,0.0021949932999999894,0.010061214800000051,-1,-1,-1,-1
34,546,0.0866227327,0.3259834657,0.0021949933000000033,0.010061214800000051,-1,-1,-1,-1
35,546,0.0868153221,0.3259834657,0.0028111625000000057,0.009992832100000015,-1,-1,-1,-1
36,546,0.0869638525,0.3259834657,0.0028111625000000057,0.009992832100000015,-1,-1,-1,-1
37,546,0.0871972886,0.3259834657,0.0024665019999999954,0.009992832100000015,-1,-1,-1,-1
38,546,0.0873670272,0.326134245,0.0024665019999999954,0.009992832200000024,-1,-1,-1,-1
39,546,0.0875791821,0.3264359336,0.0024665019999999954,0.009992832100000015,-1,-1,-1,-1
40,546,0.0878338265,0.3265868427,0.0024665019999999954,0.009992832100000015,-1,-1,-1,-1
41,546,0.0879611486,0.3265868427,0.0022119307000000032,0.009992832100000015,-1,-1,-1,-1
42,546,0.0883430421,0.3267376221,0.0022119306999999894,0.00999283209999996,-1,-1,-1,-1
43,546,0.0886401029,0.3266622324,0.002211930599999995,0.009992832100000015,-1,-1,-1,-1
44,546,0.0898283458,0.3264359336,0.002211930599999995,0.009992832100000015,-1,-1,-1,-1
45,546,0.0910147635,0.3267626655,0.0022119307000000032,0.009992832100000015,-1,-1,-1,-1
46,546,0.0913202929,0.3262106728,0.0022119307000000032,0.010754384800000016,-1,-1,-1,-1
47,546,0.091871633,0.3267191964,0.002831020100000012,0.011093443699999983,-1,-1,-1,-1
48,546,0.0933827077,0.3264505963,0.0026043369999999982,0.011585747500000021,-1,-1,-1,-1
49,546,0.0941691995,0.3262176798,0.002699682600000003,0.011085658200000015,-1,-1,-1,-1
50,546,0.0949819734,0.3260313465,0.002699682600000003,0.011085658300000023,-1,-1,-1,-1
51,546,0.0952588115,0.3260313465,0.002699682600000003,0.011085658300000023,-1,-1,-1,-1
52,546,0.095615664,0.3261665549,0.002699682600000003,0.011085658299999968,-1,-1,-1,-1
53,546,0.0967310471,0.3261215287,0.0024835123999999986,0.011641024700000002,-1,-1,-1,-1
54,546,0.0971268847,0.3260277133,0.002541113999999997,0.011458065199999978,-1,-1,-1,-1
55,546,0.0976474893,0.3260822119,0.002581267200000001,0.0113951323,-1,-1,-1,-1
56,546,0.0974926439,0.3260822119,0.002581267200000001,0.0113951323,-1,-1,-1,-1
57,546,0.0970865855,0.3263528881,0.002224560700000003,0.011885489699999974,-1,-1,-1,-1
58,546,0.0957669321,0.3264882262,0.002224560700000003,0.011885489699999974,-1,-1,-1,-1
59,546,0.0949416742,0.3264110199,0.0025262937999999957,0.01188548970000003,-1,-1,-1,-1
60,546,0.0942665163,0.3269162995,0.002576813799999994,0.010974195699999967,-1,-1,-1,-1
61,546,0.0941069255,0.3270916033,0.002741588000000003,0.011232415100000004,-1,-1,-1,-1
62,546,0.0938645461,0.3271102885,0.002567031099999992,0.011434968200000006,-1,-1,-1,-1
63,546,0.0933825617,0.3269801407,0.002226896799999989,0.010655768400000043,-1,-1,-1,-1
64,546,0.0930159994,0.3270452795,0.002226896800000003,0.01065576829999998,-1,-1,-1,-1
65,546,0.092209504,0.3270452795,0.0025205992999999954,0.01065576829999998,-1,-1,-1,-1
66,546,0.091922372,0.3272347269,0.0024359855999999958,0.01065576829999998,-1,-1,-1,-1
67,546,0.0910817099,0.3273617605,0.0025205992999999954,0.010655768300000035,-1,-1,-1,-1
68,546,0.0907651566,0.3273265959,0.0025205993000000093,0.010655768399999987,-1,-1,-1,-1
69,546,0.0898153507,0.3274320896,0.00252059939999999,0.010655768300000035,-1,-1,-1,-1
70,546,0.0895028858,0.3274320896,0.0025205992999999954,0.010655768300000035,-1,-1,-1,-1
71,546,0.0890222884,0.3276029815,0.0025205993000000093,0.010655768399999987,-1,-1,-1,-1
72,546,0.0893105884,0.3276456721,0.0025205992999999954,0.01065576829999998,-1,-1,-1,-1
73,546,0.0896018817,0.3275986995,0.0025205993000000093,0.010655768300000035,-1,-1,-1,-1
74,546,0.0899461042,0.3275986995,0.0025205992999999954,0.010655768300000035,-1,-1,-1,-1
75,546,0.0905286907,0.3275986995,0.0025205993000000093,0.010655768300000035,-1,-1,-1,-1
76,546,0.0905984843,0.3275986995,0.002305305100000002,0.010655768300000035,-1,-1,-1,-1
77,546,0.091296347,0.3275986995,0.0023053051999999963,0.010655768300000035,-1,-1,-1,-1
78,546,0.0916103451,0.3275986995,0.002305305100000002,0.010655768300000035,-1,-1,-1,-1
79,546,0.0926222789,0.3279086926,0.00230530520000001,0.01065576829999998,-1,-1,-1,-1
80,546,0.0929013802,0.3280326119,0.002305305100000002,0.010655768399999987,-1,-1,-1,-1
81,546,0.0929013802,0.3280326119,0.002305305100000002,0.010655768399999987,-1,-1,-1,-1
82,546,0.0931804085,0.3279705874,0.002689169799999988,0.01065576829999998,-1,-1,-1,-1
83,546,0.0927966169,0.3281566611,0.0026891696999999937,0.01065576829999998,-1,-1,-1,-1
84,546,0.0930757181,0.3278465383,0.002689169800000002,0.010655768300000035,-1,-1,-1,-1
85,546,0.0928664104,0.3280946365,0.0023402748999999945,0.011552010300000026,-1,-1,-1,-1
86,546,0.0933897892,0.3282186856,0.0023402750000000028,0.011552010399999979,-1,-1,-1,-1
87,546,0.0929710278,0.328342605,0.0027590364000000117,0.011676189199999965,-1,-1,-1,-1
88,546,0.0930757911,0.3284046296,0.002759036399999998,0.01167618920000002,-1,-1,-1,-1
89,546,0.0930757911,0.3284666541,0.002759036399999998,0.011676189300000028,-1,-1,-1,-1
90,546,0.0932153783,0.3285285489,0.002759036399999998,0.011676189300000028,-1,-1,-1,-1
91,546,0.0935643462,0.3285905735,0.0027590363000000034,0.01167618920000002,-1,-1,-1,-1
92,546,0.0938086237,0.3287146226,0.002759036399999998,0.011676189299999973,-1,-1,-1,-1
93,546,0.0943320025,0.3285905735,0.002759036399999998,0.01167618920000002,-1,-1,-1,-1
94,546,0.0943652931,0.3284131936,0.002759036399999998,0.01167618920000002,-1,-1,-1,-1
95,546,0.0951971216,0.3282948539,0.002759036399999998,0.011676189199999965,-1,-1,-1,-1
96,546,0.0956961894,0.3284130639,0.0023898458999999928,0.011785705399999957,-1,-1,-1,-1
97,546,0.0966610345,0.3285314036,0.0023898458999999928,0.011785705400000013,-1,-1,-1,-1
98,546,0.0981916018,0.3285314036,0.0023898457999999984,0.011785705400000013,-1,-1,-1,-1
99,546,0.0981583111,0.3287679534,0.0023898458999999928,0.011785705400000013,-1,-1,-1,-1
100,546,0.0987817809,0.3286888007,0.0023898458999999928,0.011785705400000013,-1,-1,-1,-1
101,546,0.0990221161,0.3284323979,0.0023898458999999928,0.011785705400000013,-1,-1,-1,-1
102,546,0.1006078697,0.3287814023,0.002397627099999994,0.011827714699999992,-1,-1,-1,-1
103,546,0.1007178501,0.328966626,0.002401621999999992,0.01183986140000004,-1,-1,-1,-1
104,546,0.1008278306,0.3291518498,0.0024056167000000017,0.01185200799999997,-1,-1,-1,-1
105,546,0.100937811,0.3293370735,0.0024096116,0.011864154699999963,-1,-1,-1,-1
106,546,0.1010477914,0.3295222972,0.00241360639999999,0.011876301400000011,-1,-1,-1,-1
107,546,0.1011577719,0.3297075209,0.002417601200000008,0.011888448100000004,-1,-1,-1,-1
108,546,0.1012677523,0.3298927447,0.002421595999999998,0.011900594699999989,-1,-1,-1,-1
109,546,0.1013777327,0.3300779684,0.0024255908999999964,0.011912741400000038,-1,-1,-1,-1
110,546,0.1014877131,0.3302631921,0.002429585799999995,0.01192488810000003,-1,-1,-1,-1
111,546,0.1015976936,0.3304484158,0.0024335805000000044,0.011937034799999968,-1,-1,-1,-1
112,546,0.101707674,0.3306336396,0.0024375754000000027,0.011949181400000009,-1,-1,-1,-1
113,546,0.1018176544,0.3308188633,0.0024415702000000067,0.011961328100000002,-1,-1,-1,-1
114,546,0.1019276349,0.331004087,0.0024455650000000106,0.011973474799999995,-1,-1,-1,-1
115,546,0.1020376153,0.3311893108,0.0024495598000000007,0.01198562139999998,-1,-1,-1,-1
116,546,0.1021475957,0.3313745345,0.002453554699999999,0.011997768100000028,-1,-1,-1,-1
117,546,0.1022575762,0.3315597582,0.002457549499999989,0.012009914800000021,-1,-1,-1,-1
118,546,0.1023675566,0.3317449819,0.002461544299999993,0.012022061500000014,-1,-1,-1,-1
119,546,0.102477537,0.3319302057,0.0024655392000000054,0.012034208000000046,-1,-1,-1,-1
120,546,0.1025875174,0.3321154294,0.0024695340000000093,0.012046354699999984,-1,-1,-1,-1
121,546,0.1026974979,0.3323006531,0.0024735287999999994,0.012058501399999977,-1,-1,-1,-1
122,546,0.1028074783,0.3324858768,0.0024775236999999978,0.01207064809999997,-1,-1,-1,-1
123,546,0.1029174587,0.3326711006,0.002481518499999988,0.01208279470000001,-1,-1,-1,-1
124,546,0.1030274392,0.3328563243,0.0024855133000000057,0.012094941400000003,-1,-1,-1,-1
125,546,0.1031374196,0.333041548,0.0024895080999999958,0.012107088099999996,-1,-1,-1,-1
126,546,0.1032474,0.3332267718,0.002493502999999994,0.012119234700000037,-1,-1,-1,-1
127,546,0.1033573805,0.3334119955,0.0024974977000000037,0.012131381399999974,-1,-1,-1,-1
128,546,0.1034673609,0.3335972192,0.002501492600000002,0.012143528099999967,-1,-1,-1,-1
129,546,0.1035773413,0.3337824429,0.0025054875000000004,0.012155674800000016,-1,-1,-1,-1
130,546,0.1036873217,0.3339676667,0.0025094823000000044,0.0121678214,-1,-1,-1,-1
131,546,0.1037973022,0.3341528904,0.0025134771000000083,0.012179968099999994,-1,-1,-1,-1
132,546,0.1039072826,0.3343381141,0.0025174718999999984,0.012192114800000042,-1,-1,-1,-1
133,546,0.104017263,0.3345233378,0.002521466799999997,0.012204261500000035,-1,-1,-1,-1
134,546,0.1041272435,0.3347085616,0.0025254615000000064,0.012216408099999965,-1,-1,-1,-1
135,546,0.1042372239,0.3348937853,0.0025294564000000047,0.012228554799999958,-1,-1,-1,-1
136,546,0.1043741324,0.3354137703,0.002533451199999995,0.012240701399999998,-1,-1,-1,-1
137,546,0.1045824535,0.3356088399,0.002537446099999993,0.012252848099999991,-1,-1,-1,-1
138,546,0.1042574023,0.3359339053,0.002541440899999997,0.012264994799999984,-1,-1,-1,-1
139,546,0.1045684976,0.335946278,0.003021071799999997,0.012207336300000038,-1,-1,-1,-1
140,546,0.1049113505,0.3361399233,0.002678218900000001,0.012444430700000009,-1,-1,-1,-1
141,546,0.1052888013,0.3352114018,0.0027853808000000008,0.013350173300000046,-1,-1,-1,-1
142,546,0.1056181086,0.3353762735,0.0029114927999999984,0.013508087300000027,-1,-1,-1,-1
143,546,0.1055604028,0.335634114,0.0029243395000000116,0.013550096700000014,-1,-1,-1,-1
144,546,0.1058380235,0.3358477765,0.0029371861000000027,0.013592106000000048,-1,-1,-1,-1
145,546,0.1057275557,0.3360161564,0.0029500326999999937,0.013634115200000019,-1,-1,-1,-1
146,546,0.1057041219,0.3359989182,0.0027400001000000007,0.013676124600000006,-1,-1,-1,-1
147,546,0.1055590661,0.3361166377,0.0027477813000000018,0.013718133899999985,-1,-1,-1,-1
148,546,0.1056429729,0.3365112359,0.0027555623999999945,0.013760143200000019,-1,-1,-1,-1
149,546,0.1054136306,0.3366330056,0.002763343700000004,0.013802152499999998,-1,-1,-1,-1
150,546,0.1049034659,0.3382196926,0.00276334369999999,0.013802152499999998,-1,-1,-1,-1
151,546,0.1046814551,0.3378815419,0.002763343700000004,0.013802152499999998,-1,-1,-1,-1
152,546,0.1049351504,0.3377687818,0.002763343700000004,0.013802152500000053,-1,-1,-1,-1
153,546,0.1043327063,0.3382196926,0.002763343700000004,0.013802152499999998,-1,-1,-1,-1
154,546,0.1037936312,0.3370926102,0.0030130966999999953,0.01401210180000001,-1,-1,-1,-1
155,546,0.1024934704,0.3362472336,0.0035522446999999985,0.015984560800000047,-1,-1,-1,-1
156,546,0.1022080906,0.3361907886,0.0034253606000000103,0.015759300099999984,-1,-1,-1,-1
157,546,0.1017324576,0.3366980146,0.0034253605999999964,0.01575930000000003,-1,-1,-1,-1
158,546,0.1017642151,0.3368107748,0.0034253605999999964,0.01575930000000003,-1,-1,-1,-1
159,546,0.1014153933,0.3370924805,0.003583856199999999,0.015759299999999976,-1,-1,-1,-1
160,546,0.1020820095,0.3366978849,0.003361188500000001,0.016492046299999952,-1,-1,-1,-1
161,546,0.1019868829,0.3369232754,0.0037100102999999968,0.016097580399999978,-1,-1,-1,-1
162,546,0.103065033,0.3373740564,0.003456315099999996,0.01621047040000001,-1,-1,-1,-1
163,546,0.1027162111,0.3377122071,0.003932021100000002,0.01660493620000003,-1,-1,-1,-1
164,546,0.1038260458,0.3377122071,0.004090516699999991,0.01660493620000003,-1,-1,-1,-1
165,546,0.1044602474,0.3376558919,0.003836894500000007,0.016717696299999973,-1,-1,-1,-1
166,546,0.1053798289,0.3382757483,0.004027147699999997,0.0163232304,-1,-1,-1,-1
167,546,0.1056968932,0.3383885084,0.003995463099999999,0.016661381099999983,-1,-1,-1,-1
168,546,0.105443198,0.3382194331,0.004217473799999996,0.016943216599999977,-1,-1,-1,-1
169,546,0.1055383246,0.3381631179,0.004217473799999996,0.016943216600000033,-1,-1,-1,-1
170,546,0.1049992495,0.3383885084,0.003868652,0.017281367300000017,-1,-1,-1,-1
171,546,0.1048089233,0.3385012685,0.003868652,0.017281367300000017,-1,-1,-1,-1
172,546,0.1035723505,0.3390435293,0.004217327900000012,0.016739106500000045,-1,-1,-1,-1
173,546,0.1032868247,0.3394592756,0.003868652,0.017281367300000017,-1,-1,-1,-1
174,546,0.1030331295,0.3394592756,0.003868652,0.017281367300000017,-1,-1,-1,-1
175,546,0.1026843076,0.3396283509,0.0042809889000000045,0.017619517899999992,-1,-1,-1,-1
176,546,0.1027477497,0.339571906,0.0042809889000000045,0.017619517900000048,-1,-1,-1,-1
177,546,0.1028746338,0.3399665016,0.0039638515999999985,0.017619517899999992,-1,-1,-1,-1
178,546,0.1030965715,0.340248337,0.0039004096000000016,0.01818318889999998,-1,-1,-1,-1
179,546,0.1014476618,0.3405300427,0.004788306499999992,0.018352264300000032,-1,-1,-1,-1
180,546,0.100686576,0.3409245086,0.0039956092,0.018127003400000008,-1,-1,-1,-1
181,546,0.0990378123,0.3416361042,0.0045662228000000055,0.01780987369999998,-1,-1,-1,-1
182,546,0.098245042,0.3410724333,0.0038369674999999964,0.01904984590000003,-1,-1,-1,-1
183,546,0.0974840292,0.3414105839,0.0043759696000000015,0.01899353079999999,-1,-1,-1,-1
184,546,0.0971869685,0.3409412474,0.004321872200000007,0.019917670900000017,-1,-1,-1,-1
185,546,0.097368899,0.343139616,0.004298218400000012,0.017992443900000044,-1,-1,-1,-1
186,546,0.0967505397,0.343139616,0.004807433900000005,0.018186432899999994,-1,-1,-1,-1
187,546,0.0971870415,0.343333605,0.004625576499999992,0.018509790999999998,-1,-1,-1,-1
188,546,0.096605039,0.3430749963,0.004771077099999993,0.019285617099999985,-1,-1,-1,-1
189,546,0.0972961852,0.3437215829,0.004480075900000005,0.018833019499999992,-1,-1,-1,-1
190,546,0.0968232535,0.3443681695,0.004662006300000007,0.018962259000000037,-1,-1,-1,-1
191,546,0.0972233984,0.3446915277,0.00433457520000001,0.01889750950000002,-1,-1,-1,-1
192,546,0.0969687541,0.3452087451,0.004589219500000005,0.019350236899999984,-1,-1,-1,-1
193,546,0.0969687541,0.3454674836,0.004552862599999999,0.019156118100000008,-1,-1,-1,-1
194,546,0.0975143997,0.3458554615,0.004552862599999999,0.019156118100000008,-1,-1,-1,-1
195,546,0.0974416129,0.3462434394,0.004698436200000003,0.01915611819999996,-1,-1,-1,-1
196,546,0.0987875484,0.3460494504,0.004589365500000012,0.019867324600000014,-1,-1,-1,-1
197,546,0.0986597882,0.3462766576,0.005469085799999995,0.01989262740000003,-1,-1,-1,-1
198,546,0.1005449447,0.3463334918,0.004510592300000005,0.019892627399999974,-1,-1,-1,-1
199,546,0.1006408014,0.3470149835,0.004894018900000005,0.0200061661,-1,-1,-1,-1
200,546,0.1023023411,0.3471853564,0.0045744724000000014,0.019608586100000047,-1,-1,-1,-1
201,546,0.1040227235,0.3472390116,0.005118803899999996,0.019755342900000028,-1,-1,-1,-1
202,546,0.1057431059,0.3472926667,0.005663135300000011,0.019902099800000017,-1,-1,-1,-1
203,546,0.1092140951,0.3470780461,0.005663135399999991,0.019902099800000017,-1,-1,-1,-1
204,546,0.1127152358,0.3470777866,0.006840208300000011,0.019365937700000002,-1,-1,-1,-1
205,546,0.1174841227,0.346863166,0.0037011765999999946,0.02022442000000002,-1,-1,-1,-1
206,546,0.1215587241,0.3465949552,0.003701176699999989,0.020224419900000012,-1,-1,-1,-1
207,546,0.1262088306,0.3463157149,0.0032946801000000026,0.02036313179999999,-1,-1,-1,-1
208,546,0.1302305758,0.3458689564,0.004111542400000001,0.019916373200000004,-1,-1,-1,-1
209,546,0.1344093565,0.345645642,0.003200429700000007,0.019916373200000004,-1,-1,-1,-1
210,546,0.1380854192,0.3454781238,0.0032004295999999988,0.019916373200000004,-1,-1,-1,-1
211,546,0.1417300893,0.3453665314,0.0037974712999999938,0.019916373300000012,-1,-1,-1,-1
212,546,0.1450291498,0.3450872911,0.0036089702000000057,0.019916373299999957,-1,-1,-1,-1
213,546,0.1484538533,0.3455340497,0.003608970300000014,0.019916373200000004,-1,-1,-1,-1
214,546,0.1515644128,0.3455340497,0.0042374044000000055,0.019916373200000004,-1,-1,-1,-1
215,546,0.1515644128,0.3455340497,0.0042374044000000055,0.019916373200000004,-1,-1,-1,-1
216,546,0.1583567658,0.3449914645,0.0042374044000000055,0.019916373200000004,-1,-1,-1,-1
217,546,0.1651491188,0.3444488793,0.0042374044000000055,0.019916373200000004,-1,-1,-1,-1
218,546,0.1675912734,0.3443132168,0.0042374044000000055,0.019916373200000004,-1,-1,-1,-1
219,546,0.1700334279,0.3441775543,0.004237404499999986,0.019916373200000004,-1,-1,-1,-1
220,546,0.1742993046,0.3440419566,0.0035869224999999783,0.019916373300000012,-1,-1,-1,-1
221,546,0.1780007733,0.343906359,0.003586922500000006,0.019916373200000004,-1,-1,-1,-1
222,546,0.1822746076,0.3438384953,0.004082924099999996,0.019916373200000004,-1,-1,-1,-1
223,546,0.1857089479,0.3437707614,0.004082924200000004,0.019916373200000004,-1,-1,-1,-1
224,546,0.190555148,0.3437707614,0.00339608529999999,0.019916373200000004,-1,-1,-1,-1
225,546,0.19372236,0.3435671703,0.0038157957999999936,0.019916373200000004,-1,-1,-1,-1
226,546,0.1969200884,0.3432377134,0.006278063400000006,0.019798941800000025,-1,-1,-1,-1
227,546,0.2013691368,0.3429906532,0.004470658000000016,0.019798941800000025,-1,-1,-1,-1
228,546,0.2051230236,0.3429082566,0.003960858299999981,0.01979894179999997,-1,-1,-1,-1
229,546,0.2081420337,0.3426257723,0.003960858399999989,0.01979894179999997,-1,-1,-1,-1
230,546,0.2111610439,0.3428375382,0.003960858299999981,0.01979894179999997,-1,-1,-1,-1
231,546,0.2158880984,0.3425550539,0.003960858399999989,0.01979894179999997,-1,-1,-1,-1
232,546,0.2188276052,0.3426962312,0.004172721300000015,0.019518663400000025,-1,-1,-1,-1
233,546,0.221767112,0.3428374084,0.004093363900000008,0.020224809200000027,-1,-1,-1,-1
234,546,0.2247860491,0.3429785857,0.0034974903999999973,0.02022480919999997,-1,-1,-1,-1
