18,264,0.7608664799,0.3462056797,0.007141722500000003,0.023445415299999994,-1,-1,-1,-1
19,264,0.7513259319,0.3489755047,0.0068448807,0.022146143399999985,-1,-1,-1,-1
20,264,0.7369785339,0.3506859813,0.006723983099999997,0.025501698299999986,-1,-1,-1,-1
21,264,0.7238658106,0.3516900526,0.007471270799999985,0.02725460589999995,-1,-1,-1,-1
22,264,0.7108256551,0.3521902716,0.007488792100000086,0.024777645900000034,-1,-1,-1,-1
23,264,0.6992602173,0.353000354,0.008450862999999975,0.026670562899999972,-1,-1,-1,-1
24,264,0.6908186991,0.3535066717,0.00791105780000001,0.02704141259999998,-1,-1,-1,-1
25,264,0.6838285368,0.3550301663,0.008120292500000015,0.02685702579999999,-1,-1,-1,-1
26,264,0.6771182788,0.3562951819,0.008602715099999991,0.0275944434,-1,-1,-1,-1
27,264,0.6720347368,0.3571986904,0.006975999100000019,0.028588393499999976,-1,-1,-1,-1
28,264,0.6637485749,0.3587312681,0.007899084899999909,0.028904744799999993,-1,-1,-1,-1
29,264,0.655260625,0.3602419166,0.008175630999999961,0.02869271940000001,-1,-1,-1,-1
30,264,0.6465992132,0.3620403694,0.00773044140000001,0.029196182399999993,-1,-1,-1,-1
31,264,0.6372845452,0.3635202652,0.0076146541999999595,0.029702240499999977,-1,-1,-1,-1
32,264,0.6275708273,0.365092549,0.007597424899999927,0.0297947583,-1,-1,-1,-1
33,264,0.6183601197,0.3662948913,0.00874230219999994,0.02942481680000003,-1,-1,-1,-1
34,264,0.6092595048,0.3684130691,0.008395962599999973,0.03093637370000002,-1,-1,-1,-1
35,264,0.5992920187,0.3703386853,0.008666814199999928,0.03084009289999995,-1,-1,-1,-1
36,264,0.5880240067,0.3717830272,0.008938249900000028,0.031032524700000008,-1,-1,-1,-1
37,264,0.5770196917,0.3733852852,0.008938249900000028,0.03219567999999995,-1,-1,-1,-1
38,264,0.5676271995,0.3747764261,0.00977708690000001,0.0315070516,-1,-1,-1,-1
39,264,0.5582880016,0.3753350365,0.008692658299999989,0.03312293420000001,-1,-1,-1,-1
40,264,0.5523876703,0.3747415211,0.008692658299999989,0.03312293420000001,-1,-1,-1,-1
41,264,0.5356856883,0.378562909,0.0073287633999999935,0.03436913489999999,-1,-1,-1,-1
42,264,0.5203176688,0.3800289206,0.008334053700000066,0.034216019900000005,-1,-1,-1,-1
43,264,0.5054766054,0.3802750725,0.008752231100000007,0.03442168710000004,-1,-1,-1,-1
44,264,0.4901726851,0.3799361432,0.009607421299999974,0.03369737519999999,-1,-1,-1,-1
45,264,0.4782340415,0.3790761039,0.009085721699999993,0.033306023500000004,-1,-1,-1,-1
46,264,0.4697906251,0.3786812488,0.008754421199999973,0.032442480600000045,-1,-1,-1,-1
47,264,0.4644769687,0.3783765758,0.009027463000000013,0.03181328169999997,-1,-1,-1,-1
48,264,0.4605915984,0.3783765758,0.007884775699999957,0.031508608699999996,-1,-1,-1,-1
49,264,0.4549923431,0.3788843208,0.007884775800000021,0.031610209599999994,-1,-1,-1,-1
50,264,0.4486100274,0.3787828497,0.007891784299999982,0.03140583990000001,-1,-1,-1,-1
51,264,0.4428951309,0.3787828497,0.008257543600000028,0.03132318380000004,-1,-1,-1,-1
52,264,0.4386708675,0.3781424914,0.007818632499999978,0.025863335300000012,-1,-1,-1,-1
53,264,0.4367083248,0.3767730202,0.006699161000000009,0.026375232500000012,-1,-1,-1,-1
54,264,0.4332966163,0.3755164388,0.006699161000000009,0.0250670073,-1,-1,-1,-1
55,264,0.4304499729,0.3740017678,0.006216300500000049,0.02702532270000002,-1,-1,-1,-1
56,264,0.4253867265,0.372425202,0.007720220599999994,0.02557241669999999,-1,-1,-1,-1
57,264,0.4213762242,0.3707323726,0.007569828599999995,0.025572286899999963,-1,-1,-1,-1
58,264,0.4183183019,0.3693067159,0.007218816599999955,0.026819655399999975,-1,-1,-1,-1
59,264,0.4155109357,0.3677029008,0.007218816600000011,0.025661301199999986,-1,-1,-1,-1
60,264,0.4132048275,0.3666336907,0.007018342600000005,0.02673051129999998,-1,-1,-1,-1
61,264,0.4117009074,0.3654753365,0.006894086600000016,0.02673051139999999,-1,-1,-1,-1
62,264,0.4114640765,0.3646337229,0.006557383699999975,0.024938805899999972,-1,-1,-1,-1
63,264,0.4117482152,0.3635650318,0.006273244999999983,0.023734906499999986,-1,-1,-1,-1
64,264,0.4117233932,0.3625551214,0.006061382100000012,0.023482396500000002,-1,-1,-1,-1
65,264,0.411107808,0.3614609977,0.0056824818999999804,0.02238814299999997,-1,-1,-1,-1
66,264,0.4094504296,0.3606193841,0.0056824818999999804,0.021967336100000012,-1,-1,-1,-1
67,264,0.4076508359,0.3599460672,0.006328291400000019,0.024205670299999982,-1,-1,-1,-1
68,264,0.4063589247,0.3590132333,0.006654043499999984,0.0264407606,-1,-1,-1,-1
69,264,0.4056322247,0.3582752967,0.006423491000000003,0.025551395799999987,-1,-1,-1,-1
70,264,0.4052169675,0.3579985218,0.005874341199999966,0.024013757499999955,-1,-1,-1,-1
71,264,0.4051131532,0.3577217469,0.006140228400000003,0.025154983599999958,-1,-1,-1,-1
72,264,0.4050093389,0.3576294886,0.006244042700000008,0.02553530570000001,-1,-1,-1,-1
73,264,0.4050093389,0.3576294886,0.006203451499999957,0.02553530570000001,-1,-1,-1,-1
74,264,0.4047092849,0.3576294886,0.00638202379999997,0.025319257799999995,-1,-1,-1,-1
75,264,0.4047092849,0.3576472655,0.006057731899999974,0.025445512900000022,-1,-1,-1,-1
76,264,0.4047092849,0.3576472655,0.006260396099999954,0.02558954480000003,-1,-1,-1,-1
77,264,0.4047092849,0.3576472655,0.005835794199999966,0.025517528800000022,-1,-1,-1,-1
78,264,0.4047092849,0.357394496,0.005976695399999954,0.025554250399999978,-1,-1,-1,-1
79,264,0.4041550247,0.3573123588,0.006065032400000003,0.024957491100000007,-1,-1,-1,-1
80,264,0.4038778945,0.35698394,0.005787902299999981,0.026106891999999993,-1,-1,-1,-1
81,264,0.4038778945,0.35698394,0.005787902299999981,0.026106891999999993,-1,-1,-1,-1
82,264,0.4038778945,0.35698394,0.005787902299999981,0.026106891999999993,-1,-1,-1,-1
83,264,0.4038778945,0.35698394,0.005787902299999981,0.026106891999999993,-1,-1,-1,-1
84,264,0.4038778945,0.35698394,0.005787902299999981,0.026106891999999993,-1,-1,-1,-1
85,264,0.4038778945,0.35698394,0.005787902299999981,0.026106891999999993,-1,-1,-1,-1
86,264,0.4038778945,0.35698394,0.005787902299999981,0.026106891999999993,-1,-1,-1,-1
87,264,0.4038778945,0.35698394,0.005787902299999981,0.026106891999999993,-1,-1,-1,-1
88,264,0.4038778945,0.35698394,0.005787902299999981,0.026106891999999993,-1,-1,-1,-1
89,264,0.4038778945,0.35698394,0.005787902299999981,0.026106891999999993,-1,-1,-1,-1
90,264,0.4038778945,0.35698394,0.005868938800000001,0.025338332399999997,-1,-1,-1,-1
91,264,0.4038778945,0.35698394,0.006156727799999984,0.02541566839999998,-1,-1,-1,-1
92,264,0.4038778945,0.35698394,0.006111756199999985,0.02541566839999998,-1,-1,-1,-1
93,264,0.4038778945,0.35698394,0.005963554400000015,0.02536389480000001,-1,-1,-1,-1
94,264,0.4038778945,0.35698394,0.006050431299999992,0.025349491599999996,-1,-1,-1,-1
95,264,0.4038778945,0.35698394,0.0061373082000000245,0.025335088399999983,-1,-1,-1,-1
96,264,0.4038778945,0.35698394,0.006164612399999991,0.02547159440000002,-1,-1,-1,-1
97,264,0.4037010744,0.3571410776,0.00616475839999997,0.025133313899999954,-1,-1,-1,-1
98,264,0.4037010744,0.3570519335,0.006076275299999989,0.024986686800000046,-1,-1,-1,-1
99,264,0.4037010744,0.3567482986,0.005943696700000001,0.025054680200000012,-1,-1,-1,-1
100,264,0.4033031926,0.3563553899,0.0062973369999999584,0.02513318410000004,-1,-1,-1,-1
101,264,0.4020210642,0.3561196187,0.006430061599999981,0.0251333138,-1,-1,-1,-1
102,264,0.4011115576,0.3553113529,0.006430061599999981,0.02513331390000001,-1,-1,-1,-1
103,264,0.4004861896,0.3553113529,0.006057439900000017,0.023194202800000008,-1,-1,-1,-1
104,264,0.3997762809,0.3556082404,0.005590640599999974,0.020454870999999986,-1,-1,-1,-1
105,264,0.3961832259,0.3550973812,0.005791114600000036,0.02179125380000002,-1,-1,-1,-1
106,264,0.394643825,0.3546594462,0.006577533400000002,0.02505792419999997,-1,-1,-1,-1
107,264,0.3923769939,0.3545087966,0.007026081199999978,0.024758701100000002,-1,-1,-1,-1
108,264,0.3905928774,0.3542378608,0.006357931900000002,0.02459585419999999,-1,-1,-1,-1
109,264,0.3885275425,0.3541231543,0.006230755600000026,0.024272495999999977,-1,-1,-1,-1
110,264,0.3867594873,0.3536897609,0.006230755600000026,0.02301124330000004,-1,-1,-1,-1
111,264,0.3850739286,0.3537981093,0.00604692699999998,0.02287486710000003,-1,-1,-1,-1
112,264,0.3826550994,0.3533204682,0.006360560100000023,0.022874867099999974,-1,-1,-1,-1
113,264,0.3805818798,0.3532180888,0.006360560099999968,0.022650384899999987,-1,-1,-1,-1
114,264,0.3786565701,0.3529496184,0.006313106200000029,0.02368365189999999,-1,-1,-1,-1
115,264,0.3766178092,0.3531310208,0.006264776400000005,0.02122317110000005,-1,-1,-1,-1
116,264,0.3744336208,0.3526134141,0.006167532600000025,0.020015249199999974,-1,-1,-1,-1
117,264,0.3723948599,0.3525271247,0.005297741200000039,0.020034453499999993,-1,-1,-1,-1
118,264,0.3700761947,0.3521779446,0.0052977411999999835,0.019244224199999993,-1,-1,-1,-1
119,264,0.3684093256,0.3519285487,0.0050359421999999765,0.019244224199999993,-1,-1,-1,-1
120,264,0.3663804935,0.3519285487,0.005035942299999985,0.019244224199999993,-1,-1,-1,-1
121,264,0.3653607481,0.3519285487,0.0050359421999999765,0.019244224199999993,-1,-1,-1,-1
122,264,0.3612173752,0.3513206301,0.005417178599999961,0.019004430500000002,-1,-1,-1,-1
123,264,0.3590834147,0.3513843416,0.005097267100000025,0.022840351300000006,-1,-1,-1,-1
124,264,0.3563553328,0.3511292364,0.005528001500000046,0.02507336539999999,-1,-1,-1,-1
125,264,0.3549911459,0.3510653952,0.004917964799999952,0.02181954119999996,-1,-1,-1,-1
126,264,0.3536056412,0.3505230046,0.00525233150000004,0.01961922629999996,-1,-1,-1,-1
127,264,0.3508635422,0.350445409,0.005284892099999994,0.020474334799999994,-1,-1,-1,-1
128,264,0.3498340139,0.3502258577,0.004900589499999997,0.020948083100000015,-1,-1,-1,-1
129,264,0.3483337441,0.3501807017,0.005130265799999978,0.021690042200000037,-1,-1,-1,-1
130,264,0.3468759637,0.3499647835,0.0049116862999999955,0.020181080600000012,-1,-1,-1,-1
131,264,0.3468759637,0.3499647835,0.004850361400000003,0.020181080600000012,-1,-1,-1,-1
132,264,0.3460023759,0.3498734336,0.004850361400000003,0.020181080500000004,-1,-1,-1,-1
133,264,0.3453565663,0.3497946701,0.005496170999999994,0.02053532130000002,-1,-1,-1,-1
134,264,0.3453565663,0.3497946701,0.005496170999999994,0.02053532130000002,-1,-1,-1,-1
135,264,0.3453565663,0.3497946701,0.005496170999999994,0.02053532130000002,-1,-1,-1,-1
136,264,0.3453565663,0.3497946701,0.005349429299999986,0.021185800700000035,-1,-1,-1,-1
137,264,0.3453565663,0.3499743857,0.005349429299999986,0.02118580069999998,-1,-1,-1,-1
138,264,0.3448961915,0.3493288371,0.0055443548999999925,0.02201080529999999,-1,-1,-1,-1
139,264,0.3443937654,0.3487793099,0.005229407700000022,0.02218039960000001,-1,-1,-1,-1
140,264,0.3441735798,0.3486337208,0.005295112999999962,0.021432990600000035,-1,-1,-1,-1
141,264,0.3437483939,0.3476033085,0.005024553300000012,0.01994271419999999,-1,-1,-1,-1
142,264,0.3430527943,0.3470536515,0.0050245532999999565,0.018356416499999972,-1,-1,-1,-1
143,264,0.3421067848,0.3463811132,0.004764360500000009,0.018356416500000028,-1,-1,-1,-1
144,264,0.3403342032,0.3459180051,0.004764360500000009,0.017669864199999996,-1,-1,-1,-1
145,264,0.337878433,0.3455212036,0.004764360600000017,0.017669864199999996,-1,-1,-1,-1
146,264,0.3332939589,0.3450526456,0.004920154899999973,0.018522377700000037,-1,-1,-1,-1
147,264,0.3292345426,0.3458022605,0.005130995799999982,0.018522377599999973,-1,-1,-1,-1
148,264,0.3251222702,0.3451463313,0.005130995799999982,0.01852237760000003,-1,-1,-1,-1
149,264,0.3209875119,0.3451452932,0.005723803199999988,0.01926141720000002,-1,-1,-1,-1
150,264,0.3176660386,0.3459896318,0.005130995800000038,0.019395911900000007,-1,-1,-1,-1
151,264,0.3149547481,0.3459896318,0.005130995799999982,0.019395911900000007,-1,-1,-1,-1
152,264,0.3121755621,0.3467125164,0.005130995799999982,0.019395911900000007,-1,-1,-1,-1
153,264,0.3082333932,0.3471186605,0.005130995800000038,0.019009750599999986,-1,-1,-1,-1
154,264,0.3049768951,0.3478294776,0.005130995800000038,0.019009750599999986,-1,-1,-1,-1
155,264,0.3015770136,0.3479973851,0.005130995799999982,0.019009750599999986,-1,-1,-1,-1
156,264,0.297251126,0.3479973851,0.005130995900000046,0.019009750599999986,-1,-1,-1,-1
157,264,0.2929801389,0.3482802586,0.0049442469000000044,0.018130766500000006,-1,-1,-1,-1
158,264,0.289500243,0.3482802586,0.0054584999000000245,0.0182520907,-1,-1,-1,-1
159,264,0.286283606,0.3482802586,0.005458499999999977,0.01774758970000001,-1,-1,-1,-1
160,264,0.2830108033,0.3485675007,0.005458499999999977,0.017747589600000002,-1,-1,-1,-1
161,264,0.2800405367,0.3486754165,0.005458499999999977,0.017747589600000002,-1,-1,-1,-1
162,264,0.2782811449,0.3484626991,0.005404767699999979,0.019867324500000005,-1,-1,-1,-1
163,264,0.2775747404,0.3484626991,0.005202833599999956,0.020584759299999977,-1,-1,-1,-1
164,264,0.2770702702,0.34819358,0.005202833500000004,0.020584759299999977,-1,-1,-1,-1
165,264,0.2750591055,0.3480782247,0.005202833600000012,0.020584759200000025,-1,-1,-1,-1
166,264,0.271571617,0.3479666323,0.004882922000000012,0.0166696858,-1,-1,-1,-1
167,264,0.2693227453,0.3477135722,0.005037183399999978,0.017144373400000024,-1,-1,-1,-1
168,264,0.2677947333,0.3472536925,0.0052802562,0.017974454100000037,-1,-1,-1,-1
169,264,0.2653732759,0.3470610288,0.005306063800000038,0.018424299099999986,-1,-1,-1,-1
170,264,0.2633927737,0.3466406389,0.004706510399999975,0.01871181629999996,-1,-1,-1,-1
171,264,0.2595580607,0.3471500466,0.004763399300000026,0.018504597700000014,-1,-1,-1,-1
172,264,0.2573668623,0.3465304472,0.004690160200000015,0.018157904000000002,-1,-1,-1,-1
173,264,0.2543696586,0.3467647514,0.004616921200000013,0.017513692699999972,-1,-1,-1,-1
174,264,0.2510296742,0.3469354415,0.004443397700000018,0.01734300259999999,-1,-1,-1,-1
175,264,0.2446222445,0.3470848317,0.0046066679,0.01845901729999999,-1,-1,-1,-1
176,264,0.2365109438,0.347476784,0.004635346999999984,0.01858804540000003,-1,-1,-1,-1
177,264,0.2256512412,0.3484776812,0.00496748520000001,0.017661120600000024,-1,-1,-1,-1
178,264,0.2125432633,0.3493172886,0.00531854779999999,0.017417483999999983,-1,-1,-1,-1
179,264,0.1980153949,0.3504973481,0.005749506099999996,0.017628435599999992,-1,-1,-1,-1
180,264,0.1839733073,0.3520209287,0.005397394100000008,0.017795608299999988,-1,-1,-1,-1
181,264,0.1701830169,0.3531316696,0.005996406900000001,0.018751401400000034,-1,-1,-1,-1
182,264,0.1561174944,0.3552163697,0.005824332200000004,0.019540981900000032,-1,-1,-1,-1
183,264,0.1403567766,0.3580098108,0.005688979399999988,0.017428902700000026,-1,-1,-1,-1
184,264,0.124749298,0.3602089579,0.006000495199999997,0.01755788269999997,-1,-1,-1,-1
185,264,0.108561788,0.3622546007,0.006742161599999991,0.018349409600000033,-1,-1,-1,-1
186,264,0.0937108689,0.3639043503,0.0065565077000000055,0.020234281600000015,-1,-1,-1,-1
187,264,0.0817337512,0.3655456657,0.006437362200000005,0.020499897200000006,-1,-1,-1,-1
188,264,0.0726318222,0.3670912192,0.006962712199999999,0.02071828079999999,-1,-1,-1,-1
189,264,0.0652954663,0.367580279,0.006881018600000011,0.02117944249999998,-1,-1,-1,-1
190,264,0.0571840804,0.3676674767,0.006881018600000004,0.021921920699999986,-1,-1,-1,-1
191,264,0.047701061,0.3677114648,0.008286453799999996,0.02250700179999998,-1,-1,-1,-1
192,264,0.0403287861,0.3676455475,0.0074415574,0.019294829999999985,-1,-1,-1,-1
193,264,0.0323607837,0.3676455475,0.006432105799999997,0.02074929310000001,-1,-1,-1,-1
194,264,0.0261634647,0.368694645,0.005841853600000002,0.019831251699999997,-1,-1,-1,-1
195,264,0.0212758119,0.3685957042,0.005963722299999998,0.0203443492,-1,-1,-1,-1
196,264,0.0163881592,0.3684967633,0.006085590800000002,0.020857446800000012,-1,-1,-1,-1
197,264,0.0115005064,0.3683978224,0.0062074595,0.02137054439999997,-1,-1,-1,-1
198,264,0.0066128536,0.3678130657,0.006329328099999999,0.022369457799999992,-1,-1,-1,-1
199,264,0.0061208819,0.3689319733,0.005643642800000001,0.021913745900000003,-1,-1,-1,-1
200,264,0.0044540858,0.3686304146,0.0059112821,0.022215304599999985,-1,-1,-1,-1
201,264,0.0016094866,0.3680457227,0.0061911134,0.02049327959999997,-1,-1,-1,-1
202,264,0.0002328156,0.3688603466,0.005433824,0.019664382300000005,-1,-1,-1,-1
203,264,-0.0029385577,0.3692936103,0.005433824,0.01856792279999997,-1,-1,-1,-1
