1,204,0.6870053125,0.3239160234,0.004827291600000061,0.016283524400000027,-1,-1,-1,-1
2,204,0.6864824824,0.3242604653,0.004827291600000061,0.01628352439999997,-1,-1,-1,-1
3,204,0.6862223954,0.3245057803,0.004827291600000061,0.016283524400000027,-1,-1,-1,-1
4,204,0.686192521,0.3243042988,0.00482729159999995,0.01628352439999997,-1,-1,-1,-1
5,204,0.6861626466,0.3241028172,0.00482729159999995,0.01628352439999997,-1,-1,-1,-1
6,204,0.6861591976,0.3240894158,0.004827291600000061,0.01628352439999997,-1,-1,-1,-1
7,204,0.6860769315,0.3238834268,0.00482729159999995,0.016283524400000027,-1,-1,-1,-1
8,204,0.6859946654,0.3236774378,0.004827291600000061,0.01628352439999997,-1,-1,-1,-1
9,204,0.6859123994,0.3234714489,0.00482729159999995,0.01628352439999997,-1,-1,-1,-1
10,204,0.6858301333,0.3232654599,0.004827291600000061,0.016283524400000027,-1,-1,-1,-1
11,204,0.6857478672,0.3230594709,0.00482729159999995,0.016283524400000027,-1,-1,-1,-1
12,204,0.6864034453,0.3232669679,0.004827291600000061,0.016283524400000027,-1,-1,-1,-1
13,204,0.6865099101,0.3233782555,0.004827291600000061,0.01628352430000002,-1,-1,-1,-1
14,204,0.6866163748,0.323489543,0.00482729159999995,0.016283524400000027,-1,-1,-1,-1
15,204,0.6865367335,0.3234488023,0.00482729159999995,0.01628352439999997,-1,-1,-1,-1
16,204,0.6864570922,0.3234080615,0.004827291600000061,0.01628352439999997,-1,-1,-1,-1
17,204,0.6863774509,0.3233673208,0.00482729159999995,0.01628352439999997,-1,-1,-1,-1
18,204,0.6862978096,0.32332658,0.004827291600000061,0.016283524400000027,-1,-1,-1,-1
19,204,0.6862181683,0.3232858393,0.00482729159999995,0.01628352430000002,-1,-1,-1,-1
20,204,0.686138527,0.3232450985,0.00482729159999995,0.016283524400000027,-1,-1,-1,-1
21,204,0.6860588857,0.3232043578,0.004827291600000061,0.01628352430000002,-1,-1,-1,-1
22,204,0.6859792444,0.323163617,0.00482729159999995,0.01628352439999997,-1,-1,-1,-1
23,204,0.6859882723,0.3232213532,0.00482729159999995,0.01628352439999997,-1,-1,-1,-1
24,204,0.6859973003,0.3232790894,0.004827291600000061,0.016283524400000027,-1,-1,-1,-1
25,204,0.6860063282,0.3233368256,0.004827291600000061,0.016283524400000027,-1,-1,-1,-1
26,204,0.6860153561,0.3233945619,0.004827291600000061,0.016283524400000027,-1,-1,-1,-1
27,204,0.686024384,0.3234522981,0.004827291600000061,0.016283524400000027,-1,-1,-1,-1
28,204,0.686033412,0.3235100343,0.00482729159999995,0.01628352439999997,-1,-1,-1,-1
29,204,0.6860424399,0.3235677705,0.00482729159999995,0.01628352439999997,-1,-1,-1,-1
30,204,0.6860514678,0.3236255067,0.00482729159999995,0.01628352439999997,-1,-1,-1,-1
31,204,0.6860604958,0.323683243,0.004827291600000061,0.01628352439999997,-1,-1,-1,-1
32,204,0.6860695237,0.3237409792,0.004827291600000061,0.016283524400000027,-1,-1,-1,-1
33,204,0.6857247902,0.3226904543,0.004827145599999971,0.01707154780000003,-1,-1,-1,-1
34,204,0.6856755843,0.3227779116,0.004827145500000074,0.017071547799999975,-1,-1,-1,-1
35,204,0.6856755843,0.3227779116,0.004827145500000074,0.017071547799999975,-1,-1,-1,-1
36,204,0.6871040164,0.323215587,0.004827145500000074,0.017071547799999975,-1,-1,-1,-1
37,204,0.6873011321,0.3221650622,0.004728587700000064,0.017683878099999994,-1,-1,-1,-1
38,204,0.6877936295,0.3240910676,0.004728587599999945,0.017683878200000003,-1,-1,-1,-1
39,204,0.6878428354,0.3240910676,0.004728587699999953,0.017683878200000003,-1,-1,-1,-1
40,204,0.6896652069,0.3245287431,0.004580531899999962,0.017771465099999995,-1,-1,-1,-1
41,204,0.6927683928,0.3244412858,0.004580531899999962,0.017771465200000003,-1,-1,-1,-1
42,204,0.6955760511,0.3248789613,0.004580531800000065,0.017771465099999995,-1,-1,-1,-1
43,204,0.6997627895,0.3248789613,0.004580531799999954,0.017771465099999995,-1,-1,-1,-1
44,204,0.7007479301,0.3241786546,0.004580531899999962,0.017771465200000003,-1,-1,-1,-1
45,204,0.7047376988,0.3252291795,0.004580531899999962,0.017771465099999995,-1,-1,-1,-1
46,204,0.6999330391,0.3246255429,0.004952131499999957,0.01723711969999997,-1,-1,-1,-1
47,204,0.7015585869,0.3240128233,0.004952131500000068,0.017237119600000017,-1,-1,-1,-1
48,204,0.7084052197,0.3255886105,0.004952131599999965,0.017237119700000025,-1,-1,-1,-1
49,204,0.7084545717,0.3265516781,0.004952131499999957,0.01723711969999997,-1,-1,-1,-1
50,204,0.7140205362,0.3260264157,0.004952131600000076,0.01723711969999997,-1,-1,-1,-1
51,204,0.7152027927,0.3263766339,0.004952131500000068,0.017237119700000025,-1,-1,-1,-1
52,204,0.7173208378,0.3263766339,0.004952131599999965,0.017237119700000025,-1,-1,-1,-1
53,204,0.7204732296,0.3269020261,0.004952131599999965,0.01723711969999997,-1,-1,-1,-1
54,204,0.7229853603,0.3277775067,0.005493980799999965,0.018025013300000003,-1,-1,-1,-1
55,204,0.7256451087,0.3279526807,0.005493980799999965,0.018025013300000003,-1,-1,-1,-1
56,204,0.7288960584,0.3283028989,0.005247659099999913,0.01767479510000003,-1,-1,-1,-1
57,204,0.7303738424,0.3285655301,0.00624579489999999,0.018886220499999995,-1,-1,-1,-1
58,204,0.7337724099,0.3290907925,0.006245794799999982,0.018886220499999995,-1,-1,-1,-1
59,204,0.7376253656,0.3290907925,0.00624579489999999,0.018886220499999995,-1,-1,-1,-1
60,204,0.7409916645,0.3292349542,0.005475145300000039,0.01953501299999999,-1,-1,-1,-1
