84,724,0.7093613041,0.963142616,0.043307789099999994,0.20481354740000002,-1,-1,-1,-1
85,724,0.7015943597,0.9293205429,0.043307789100000105,0.20481354749999992,-1,-1,-1,-1
86,724,0.6982718644,0.8971090324,0.0394484088,0.18910524250000016,-1,-1,-1,-1
87,724,0.6943546635,0.8646189304,0.037114850400000066,0.18910524249999994,-1,-1,-1,-1
88,724,0.6948638062,0.836727859,0.035670356999999986,0.1778481732999999,-1,-1,-1,-1
89,724,0.6902812301,0.8111976139,0.03380724830000004,0.1692475201,-1,-1,-1,-1
90,724,0.6913117805,0.7877001655,0.033030174099999976,0.16453469119999997,-1,-1,-1,-1
91,724,0.6850413096,0.77005781,0.03630799000000007,0.17081772770000003,-1,-1,-1,-1
92,724,0.6824401119,0.7514060631,0.03137513199999997,0.16088445480000002,-1,-1,-1,-1
93,724,0.684583271,0.7385184485,0.05036482479999993,0.15254941729999993,-1,-1,-1,-1
94,724,0.6796962607,0.7250003374,0.04359718420000003,0.14340831990000003,-1,-1,-1,-1
95,724,0.6753252556,0.7139427069,0.04269965050000002,0.1530536588000001,-1,-1,-1,-1
96,724,0.6658457404,0.6999879584,0.04174575629999999,0.1496290723999999,-1,-1,-1,-1
97,724,0.6593688091,0.6849431087,0.03980073500000003,0.14145117240000005,-1,-1,-1,-1
98,724,0.6563326426,0.6717504318,0.037069294799999986,0.13447846949999998,-1,-1,-1,-1
99,724,0.6498960105,0.6607060368,0.0374368061,0.12864634370000005,-1,-1,-1,-1
100,724,0.6441139487,0.6489953318,0.035484338199999965,0.12871394790000001,-1,-1,-1,-1
101,724,0.6363294829,0.6394417322,0.03495606799999995,0.12945370109999998,-1,-1,-1,-1
102,724,0.6288021437,0.6296382177,0.03265025180000003,0.121811055,-1,-1,-1,-1
103,724,0.6222716261,0.6195620806,0.03105317630000004,0.11613204440000002,-1,-1,-1,-1
104,724,0.6117949973,0.6103759571,0.03105317630000004,0.11273639400000002,-1,-1,-1,-1
105,724,0.6066301268,0.6027778181,0.029895887800000076,0.11273639410000003,-1,-1,-1,-1
106,724,0.6020916463,0.5957868192,0.029102314399999996,0.11107289009999999,-1,-1,-1,-1
107,724,0.5979422869,0.5877752697,0.029102314399999996,0.10686949299999993,-1,-1,-1,-1
108,724,0.5978838822,0.578433955,0.02729395999999995,0.1061637365,-1,-1,-1,-1
109,724,0.593674366,0.5720648886,0.02729395999999995,0.09959094930000001,-1,-1,-1,-1
110,724,0.5927268963,0.5657498017,0.026379488999999978,0.09959094930000001,-1,-1,-1,-1
111,724,0.5910360812,0.5602401259,0.024570988600000065,0.0995909492999999,-1,-1,-1,-1
112,724,0.5880856236,0.5538922101,0.02480402309999996,0.09606489169999999,-1,-1,-1,-1
113,724,0.5873868118,0.5466100331,0.02386677420000005,0.09465324900000005,-1,-1,-1,-1
114,724,0.5831434208,0.5409116884,0.02386677429999995,0.09042493839999999,-1,-1,-1,-1
115,724,0.5811690511,0.5344726822,0.022616038400000038,0.08818310070000002,-1,-1,-1,-1
116,724,0.5758169937,0.5297266352,0.024022860700000037,0.08655294450000006,-1,-1,-1,-1
117,724,0.5738074351,0.5253925714,0.022604795500000052,0.08564839800000001,-1,-1,-1,-1
118,724,0.5719995187,0.5215366677,0.021958986000000014,0.08457464640000001,-1,-1,-1,-1
119,724,0.5691305356,0.5154458035,0.022118138600000004,0.08197428600000001,-1,-1,-1,-1
120,724,0.5686466529,0.509940799,0.02114540899999995,0.07994200829999998,-1,-1,-1,-1
121,724,0.5654336663,0.505065772,0.021371872999999986,0.07766850959999994,-1,-1,-1,-1
122,724,0.5655120746,0.5003299759,0.0208847781,0.07585772960000003,-1,-1,-1,-1
123,724,0.5626236719,0.4961513628,0.0208847781,0.07585772959999998,-1,-1,-1,-1
124,724,0.5601800207,0.4928793723,0.0208847781,0.07495396170000002,-1,-1,-1,-1
125,724,0.5580408038,0.4893623979,0.019930591900000016,0.07339569179999994,-1,-1,-1,-1
126,724,0.5545341878,0.4850572702,0.019930591900000016,0.071834697,-1,-1,-1,-1
127,724,0.5531053176,0.4809463911,0.019076423699999956,0.06925003730000007,-1,-1,-1,-1
128,724,0.5489333264,0.4769116801,0.018353957999999948,0.06815617319999995,-1,-1,-1,-1
129,724,0.5449734901,0.4743008093,0.01756140670000006,0.06815617319999995,-1,-1,-1,-1
130,724,0.5392549434,0.4713136388,0.016830180199999933,0.06652394090000002,-1,-1,-1,-1
131,724,0.5339593924,0.4689895342,0.01654180719999998,0.06652394100000003,-1,-1,-1,-1
132,724,0.529471724,0.4665747284,0.016706508299999978,0.06461636120000003,-1,-1,-1,-1
133,724,0.5259359056,0.4630325808,0.017566517000000004,0.06370532670000006,-1,-1,-1,-1
134,724,0.5259359056,0.4592128797,0.017470003299999926,0.06239255999999993,-1,-1,-1,-1
135,724,0.5249244828,0.4558420133,0.017236676699999953,0.061190736700000026,-1,-1,-1,-1
136,724,0.525378725,0.4534589984,0.016554948299999928,0.05870858630000003,-1,-1,-1,-1
137,724,0.5227583998,0.4508106273,0.01637958819999996,0.05842363660000005,-1,-1,-1,-1
138,724,0.5210597001,0.4485964282,0.015707788599999994,0.05562176119999995,-1,-1,-1,-1
139,724,0.5190629906,0.4459344325,0.0155828026,0.05423321550000004,-1,-1,-1,-1
140,724,0.5178148829,0.4435075592,0.016648249700000006,0.055661856600000004,-1,-1,-1,-1
141,724,0.5178684692,0.4403705176,0.01605982270000006,0.05428161539999998,-1,-1,-1,-1
142,724,0.5181632667,0.4379609022,0.014884136900000011,0.05273761900000001,-1,-1,-1,-1
143,724,0.5187664409,0.4358663404,0.01511468930000004,0.05078332619999998,-1,-1,-1,-1
144,724,0.5196254275,0.4345939285,0.01511468930000004,0.05078332619999998,-1,-1,-1,-1
145,724,0.5215889924,0.4328490659,0.013802774399999995,0.0489829269,-1,-1,-1,-1
146,724,0.5220798836,0.4297954591,0.013403432499999979,0.0489829269,-1,-1,-1,-1
147,724,0.5238153782,0.4265107523,0.013124550300000037,0.04955671899999997,-1,-1,-1,-1
148,724,0.5243854077,0.4236041618,0.012795002000000055,0.04871523510000003,-1,-1,-1,-1
149,724,0.525515976,0.4208504269,0.012778502700000027,0.04797509249999998,-1,-1,-1,-1
150,724,0.5242566254,0.4184934934,0.013368097800000034,0.04705121199999995,-1,-1,-1,-1
151,724,0.5243527011,0.4162281694,0.012467643799999983,0.046072054400000007,-1,-1,-1,-1
152,724,0.5226667044,0.4140442041,0.012467643899999992,0.0448340284,-1,-1,-1,-1
153,724,0.5227188306,0.412193718,0.012143497900000022,0.04381983610000001,-1,-1,-1,-1
154,724,0.523112332,0.4096591452,0.011482357100000007,0.0454582966,-1,-1,-1,-1
155,724,0.5240336656,0.4046681141,0.010748210500000077,0.04392740580000004,-1,-1,-1,-1
156,724,0.527418508,0.4026628262,0.010226510800000033,0.04310875940000003,-1,-1,-1,-1
157,724,0.5300296345,0.4010796427,0.01075536510000008,0.04251355709999999,-1,-1,-1,-1
158,724,0.5332512358,0.4002397159,0.011557115100000015,0.041921988099999974,-1,-1,-1,-1
159,724,0.5383546355,0.3986622417,0.011557115100000015,0.04192198820000004,-1,-1,-1,-1
160,724,0.542756303,0.3967063918,0.009494992399999957,0.041921988099999974,-1,-1,-1,-1
161,724,0.5497254397,0.3937726818,0.00811956250000001,0.041921988099999974,-1,-1,-1,-1
162,724,0.5514022376,0.3931207751,0.008800852899999989,0.04192198810000003,-1,-1,-1,-1
163,724,0.5535582458,0.3908455895,0.008800852899999989,0.04192198810000003,-1,-1,-1,-1
164,724,0.5577738945,0.3900244776,0.009935509600000003,0.04192198820000004,-1,-1,-1,-1
165,724,0.5601921397,0.3890008128,0.010683673299999974,0.04124893080000003,-1,-1,-1,-1
166,724,0.5663312,0.3878473895,0.009035493700000008,0.040675398200000046,-1,-1,-1,-1
167,724,0.5704078456,0.3860359608,0.008151393100000015,0.04067539819999999,-1,-1,-1,-1
168,724,0.573317712,0.3857137704,0.009466374099999952,0.039145026400000005,-1,-1,-1,-1
169,724,0.5770775123,0.3842097396,0.009466374099999952,0.04011977230000002,-1,-1,-1,-1
170,724,0.580716999,0.3836506102,0.00901154780000002,0.03946020979999998,-1,-1,-1,-1
171,724,0.5855774352,0.3823144869,0.008511311899999985,0.03933239770000002,-1,-1,-1,-1
172,724,0.5885000047,0.3813154761,0.00871864830000002,0.03883749879999998,-1,-1,-1,-1
173,724,0.5906469602,0.3810719194,0.009836221600000083,0.03883749879999998,-1,-1,-1,-1
174,724,0.5940926894,0.3803758948,0.009274222700000001,0.0383780239,-1,-1,-1,-1
175,724,0.5959721515,0.3792424543,0.009274222700000001,0.0383780239,-1,-1,-1,-1
176,724,0.5977413748,0.3786659373,0.007987859999999958,0.03803416380000002,-1,-1,-1,-1
177,724,0.5982354783,0.3786578922,0.007140408299999956,0.03796240740000001,-1,-1,-1,-1
178,724,0.5985537837,0.3785447428,0.006968260599999998,0.03796240740000001,-1,-1,-1,-1
179,724,0.5982732953,0.3786159802,0.006968260599999998,0.03796240740000001,-1,-1,-1,-1
180,724,0.5981353143,0.3786977281,0.00696826049999999,0.03796240739999995,-1,-1,-1,-1
181,724,0.5983959451,0.3789525738,0.00696826049999999,0.03777373849999999,-1,-1,-1,-1
182,724,0.5983959451,0.3789525738,0.00696826049999999,0.03777373849999999,-1,-1,-1,-1
183,724,0.5983959451,0.3789525738,0.00696826049999999,0.03777373849999999,-1,-1,-1,-1
184,724,0.5983959451,0.3789525738,0.00696826049999999,0.03777373849999999,-1,-1,-1,-1
185,724,0.5983959451,0.3789525738,0.00696826049999999,0.03777373849999999,-1,-1,-1,-1
186,724,0.5983959451,0.3789525738,0.00696826049999999,0.03777373849999999,-1,-1,-1,-1
187,724,0.5983959451,0.3789525738,0.00696826049999999,0.03777373849999999,-1,-1,-1,-1
188,724,0.5983959451,0.3789525738,0.00696826049999999,0.03777373849999999,-1,-1,-1,-1
189,724,0.5983959451,0.3789525738,0.00696826049999999,0.03777373849999999,-1,-1,-1,-1
190,724,0.5983959451,0.3789525738,0.00696826049999999,0.03777373849999999,-1,-1,-1,-1
191,724,0.5982140145,0.3789525738,0.007150191100000036,0.03777373849999999,-1,-1,-1,-1
192,724,0.5980880065,0.3789525738,0.0072761990999999915,0.03777373849999999,-1,-1,-1,-1
193,724,0.5979491494,0.3789525738,0.006948257000000013,0.03777373849999999,-1,-1,-1,-1
194,724,0.5977104203,0.3789525738,0.006799325100000031,0.03777373849999999,-1,-1,-1,-1
195,724,0.5977104203,0.3789525738,0.006799325100000031,0.03777373849999999,-1,-1,-1,-1
196,724,0.5978213892,0.3791286561,0.0066883561999999674,0.037597656199999996,-1,-1,-1,-1
197,724,0.5980539858,0.3791286561,0.006667330500000013,0.037597656199999996,-1,-1,-1,-1
198,724,0.5980539858,0.3791286561,0.0072432004999999355,0.037597656199999996,-1,-1,-1,-1
199,724,0.5980098902,0.3791286561,0.007287296100000007,0.037597656199999996,-1,-1,-1,-1
200,724,0.5979657947,0.3791286561,0.007331391599999959,0.037597656199999996,-1,-1,-1,-1
201,724,0.5978164248,0.3791286561,0.007288464100000058,0.037597656199999996,-1,-1,-1,-1
202,724,0.5978164248,0.3793764948,0.0070573277000000045,0.03734981749999999,-1,-1,-1,-1
203,724,0.5980804139,0.3793764948,0.006793338599999976,0.03734981749999999,-1,-1,-1,-1
204,724,0.5981302769,0.3793764948,0.006743475599999993,0.03734981749999999,-1,-1,-1,-1
205,724,0.5981801398,0.3793764948,0.006693612700000018,0.03734981749999999,-1,-1,-1,-1
206,724,0.5981801398,0.3793764948,0.006693612700000018,0.03734981749999999,-1,-1,-1,-1
207,724,0.5981801398,0.3793764948,0.006693612700000018,0.03734981749999999,-1,-1,-1,-1
208,724,0.5981801398,0.3789654199,0.007022869000000043,0.03776089240000002,-1,-1,-1,-1
209,724,0.5981801398,0.3787332819,0.007022869000000043,0.037993030400000016,-1,-1,-1,-1
210,724,0.5981801398,0.3790371115,0.007022869000000043,0.03768920079999999,-1,-1,-1,-1
211,724,0.5981801398,0.379340941,0.007022869000000043,0.037385371300000025,-1,-1,-1,-1
212,724,0.5981801398,0.3783717747,0.007022869000000043,0.038354537600000016,-1,-1,-1,-1
213,724,0.5981801398,0.3794081559,0.007022869000000043,0.037318156400000024,-1,-1,-1,-1
214,724,0.5981801398,0.3794081559,0.007022869000000043,0.037318156400000024,-1,-1,-1,-1
215,724,0.5981801398,0.3792626317,0.007022869000000043,0.03746368059999999,-1,-1,-1,-1
216,724,0.5981801398,0.3791171076,0.007022869000000043,0.03760920470000001,-1,-1,-1,-1
217,724,0.5981801398,0.3791171076,0.0070491511000000395,0.03760920470000001,-1,-1,-1,-1
218,724,0.5981801398,0.3791171076,0.007075433200000036,0.03760920470000001,-1,-1,-1,-1
219,724,0.5981801398,0.3791171076,0.007101715300000033,0.03760920470000001,-1,-1,-1,-1
220,724,0.5981801398,0.3791171076,0.00712799740000003,0.03760920470000001,-1,-1,-1,-1
221,724,0.5980547158,0.3791171076,0.0070821496999999844,0.03760920470000001,-1,-1,-1,-1
222,724,0.5978659227,0.3787833687,0.007270942799999958,0.0379429436,-1,-1,-1,-1
223,724,0.5978690474,0.3787833687,0.00726781809999999,0.0379429436,-1,-1,-1,-1
224,724,0.597872172,0.3787833687,0.00726469350000003,0.0379429436,-1,-1,-1,-1
225,724,0.5978752967,0.3787833687,0.007261568800000062,0.0379429436,-1,-1,-1,-1
226,724,0.5978784213,0.3787833687,0.007258444199999992,0.0379429436,-1,-1,-1,-1
227,724,0.597881546,0.3787833687,0.007255319500000024,0.0379429436,-1,-1,-1,-1
228,724,0.5979853603,0.3787833687,0.0071515051999999635,0.0379429436,-1,-1,-1,-1
229,724,0.5979447691,0.3787833687,0.007192096399999959,0.0379429436,-1,-1,-1,-1
230,724,0.5979041778,0.3787833687,0.007232687699999962,0.0379429436,-1,-1,-1,-1
231,724,0.5978635866,0.3787833687,0.007273278899999958,0.0379429436,-1,-1,-1,-1
232,724,0.5978229953,0.3787833687,0.007313870199999961,0.0379429436,-1,-1,-1,-1
233,724,0.5975454271,0.3787833687,0.007433161699999968,0.0379429436,-1,-1,-1,-1
234,724,0.5975454271,0.3788886028,0.007216772499999968,0.03783770950000004,-1,-1,-1,-1
