122,704,0.9712063542,0.8234818515,0.037370224800000074,0.1775355849,-1,-1,-1,-1
123,704,0.9225586266,0.796355447,0.03836003789999998,0.16966495309999996,-1,-1,-1,-1
124,704,0.8809060257,0.773750218,0.03327269960000001,0.16853462679999998,-1,-1,-1,-1
125,704,0.839318254,0.7489996917,0.03875937979999999,0.1569826165,-1,-1,-1,-1
126,704,0.8115195317,0.7257485249,0.031751258000000004,0.16196508350000005,-1,-1,-1,-1
127,704,0.7753111217,0.7078949226,0.04413217089999999,0.15075472740000007,-1,-1,-1,-1
128,704,0.755221231,0.6896262229,0.034087444699999914,0.1461874875,-1,-1,-1,-1
129,704,0.7334961558,0.6709422959,0.034087444599999905,0.1416203775,-1,-1,-1,-1
130,704,0.7208816243,0.653919148,0.027546560200000014,0.1349771314,-1,-1,-1,-1
131,704,0.6989229304,0.6377264546,0.03175140399999998,0.1283338852,-1,-1,-1,-1
132,704,0.6900460054,0.6231945402,0.020071347099999914,0.12252109350000007,-1,-1,-1,-1
133,704,0.6739130308,0.6091624556,0.021951831300000002,0.11608442289999998,-1,-1,-1,-1
134,704,0.6629288655,0.5966556822,0.017661278599999997,0.11150874880000006,-1,-1,-1,-1
135,704,0.6529676578,0.583881217,0.017035618700000033,0.10692334280000004,-1,-1,-1,-1
136,704,0.6425019799,0.5737961266,0.016405140299999954,0.10109627759999995,-1,-1,-1,-1
137,704,0.6331711046,0.5643834447,0.015396345799999933,0.0993032747,-1,-1,-1,-1
138,704,0.6243445537,0.5565394134,0.01615297810000005,0.09773449430000003,-1,-1,-1,-1
139,704,0.6175355918,0.5471266018,0.014387697200000105,0.09549343520000009,-1,-1,-1,-1
140,704,0.6092133651,0.5383861987,0.015144329600000006,0.09235574489999998,-1,-1,-1,-1
141,704,0.6016477708,0.5314386689,0.01464000529999998,0.0878734968,-1,-1,-1,-1
142,704,0.5939561685,0.5224740432,0.01791840509999998,0.08652893919999993,-1,-1,-1,-1
143,704,0.5875253768,0.5164230148,0.015774807999999974,0.08316715590000001,-1,-1,-1,-1
144,704,0.5783205096,0.5092513921,0.01602711609999996,0.07442662309999992,-1,-1,-1,-1
145,704,0.5708809234,0.5009591749,0.01602726210000005,0.07980537259999998,-1,-1,-1,-1
146,704,0.5655849344,0.4951322395,0.012271550200000036,0.0763757256,-1,-1,-1,-1
147,704,0.5569693703,0.4893694049,0.013638073299999998,0.07480785349999997,-1,-1,-1,-1
148,704,0.5504845543,0.4839357675,0.010951604700000006,0.07200870309999996,-1,-1,-1,-1
149,704,0.54159113,0.4796547749,0.012804346699999969,0.07003274069999993,-1,-1,-1,-1
150,704,0.5359401866,0.4745504647,0.011136893500000022,0.06871556200000001,-1,-1,-1,-1
151,704,0.5302890973,0.4701046788,0.012433915100000026,0.06575187779999997,-1,-1,-1,-1
152,704,0.528145208,0.4672820421,0.011699622500000006,0.0638435195,-1,-1,-1,-1
153,704,0.5280659237,0.4636126014,0.010826034699999987,0.06229108870000005,-1,-1,-1,-1
154,704,0.528145354,0.4633303766,0.011461185500000082,0.05650463810000006,-1,-1,-1,-1
155,704,0.5289395115,0.4566971219,0.010905319000000024,0.0583392935,-1,-1,-1,-1
156,704,0.5275896336,0.4513340732,0.011381609099999968,0.059609499499999996,-1,-1,-1,-1
157,704,0.5236988609,0.4476646324,0.010349306599999997,0.05848047079999996,-1,-1,-1,-1
158,704,0.5206815299,0.4438540145,0.01026987629999998,0.05777484400000005,-1,-1,-1,-1
159,704,0.5165523201,0.4400433965,0.010508167300000038,0.05692803999999996,-1,-1,-1,-1
160,704,0.512582117,0.4372207597,0.011540323700000021,0.05537560929999996,-1,-1,-1,-1
161,704,0.5131379834,0.4355271518,0.009793440199999948,0.05269402000000001,-1,-1,-1,-1
162,704,0.5126615473,0.4315753565,0.009714009899999931,0.0518473458,-1,-1,-1,-1
163,704,0.5134102951,0.4297608136,0.00880070690000001,0.0517842832,-1,-1,-1,-1
164,704,0.5123601792,0.4268575968,0.008961173800000055,0.05033046889999998,-1,-1,-1,-1
165,704,0.5120101893,0.423850703,0.008727847100000075,0.04939724579999999,-1,-1,-1,-1
166,704,0.5108435561,0.4211548403,0.008552633099999984,0.0477381536,-1,-1,-1,-1
167,704,0.5119520766,0.4184589777,0.008435969800000054,0.047634346699999996,-1,-1,-1,-1
168,704,0.5127688659,0.415659438,0.008144238500000012,0.047219508700000024,-1,-1,-1,-1
169,704,0.5138772404,0.4129634455,0.00802757519999997,0.04504216109999998,-1,-1,-1,-1
170,704,0.5167942614,0.4099564219,0.00785250720000008,0.04504216110000003,-1,-1,-1,-1
171,704,0.5191278198,0.4022834123,0.008085833800000053,0.045249515200000034,-1,-1,-1,-1
172,704,0.5221030994,0.400313289,0.008552487100000006,0.04400526090000001,-1,-1,-1,-1
173,704,0.5267702162,0.3975136195,0.007794102500000011,0.04286468359999995,-1,-1,-1,-1
174,704,0.5326041122,0.395336142,0.006802245299999954,0.04286468370000002,-1,-1,-1,-1
175,704,0.5388655303,0.392127863,0.007185233900000032,0.04286468369999996,-1,-1,-1,-1
176,704,0.5443373173,0.3888192807,0.007185233900000032,0.04286468360000001,-1,-1,-1,-1
177,704,0.5492450613,0.3864129092,0.006226083300000074,0.04286468370000002,-1,-1,-1,-1
178,704,0.5527988392,0.3852096586,0.006902993300000104,0.04286468370000002,-1,-1,-1,-1
179,704,0.5579777268,0.3886324284,0.007000967199999986,0.0377371467,-1,-1,-1,-1
180,704,0.5615011342,0.3829963678,0.0089973847,0.03882620980000001,-1,-1,-1,-1
181,704,0.5669622624,0.3814308315,0.0066486410999999634,0.039974312999999984,-1,-1,-1,-1
182,704,0.5722473005,0.3797608395,0.008351575100000064,0.039243772600000004,-1,-1,-1,-1
183,704,0.5787654072,0.3781953032,0.00600268539999993,0.03913931700000001,-1,-1,-1,-1
184,704,0.5828759275,0.376629637,0.006531247600000012,0.03913944679999998,-1,-1,-1,-1
185,704,0.5862817955,0.3758990967,0.006472550999999993,0.03778256210000003,-1,-1,-1,-1
186,704,0.5877499428,0.3750641007,0.006883573799999931,0.0381999952,-1,-1,-1,-1
187,704,0.5882196623,0.374542212,0.006883573800000042,0.0381999952,-1,-1,-1,-1
188,704,0.5901118274,0.3743334306,0.006048387099999997,0.03778269179999999,-1,-1,-1,-1
189,704,0.5908751764,0.3742291047,0.006048387099999997,0.0377826919,-1,-1,-1,-1
190,704,0.5914035926,0.3740204531,0.006048387099999997,0.03778269179999999,-1,-1,-1,-1
191,704,0.5913448959,0.3743335603,0.006048387100000108,0.0377826919,-1,-1,-1,-1
192,704,0.5904641536,0.3743335603,0.007105511499999939,0.0377826919,-1,-1,-1,-1
193,704,0.5902292208,0.3742291047,0.00710551150000005,0.0377826919,-1,-1,-1,-1
194,704,0.5902879175,0.3741247789,0.00710551150000005,0.0377826919,-1,-1,-1,-1
195,704,0.5912276485,0.3741247789,0.006165780500000051,0.0377826919,-1,-1,-1,-1
196,704,0.5915799747,0.3741247789,0.0058134543000000205,0.0377826919,-1,-1,-1,-1
197,704,0.5915799747,0.3742292345,0.005930993699999942,0.0376782363,-1,-1,-1,-1
198,704,0.5915799747,0.3745423418,0.005872150999999937,0.037365129,-1,-1,-1,-1
199,704,0.5915799747,0.3745423418,0.005872150999999937,0.037365129,-1,-1,-1,-1
200,704,0.5915799747,0.3745423418,0.005872150999999937,0.037365129,-1,-1,-1,-1
201,704,0.5915799747,0.3745423418,0.005872150999999937,0.037365129,-1,-1,-1,-1
202,704,0.5915799747,0.3745423418,0.005872150999999937,0.037365129,-1,-1,-1,-1
203,704,0.5915799747,0.3751685563,0.006048387099999997,0.0367389145,-1,-1,-1,-1
204,704,0.5915799747,0.3751685563,0.006048387099999997,0.0367389145,-1,-1,-1,-1
205,704,0.5915799747,0.3751685563,0.006048387099999997,0.0367389145,-1,-1,-1,-1
206,704,0.5915799747,0.3751685563,0.006048387099999997,0.0367389145,-1,-1,-1,-1
207,704,0.5915799747,0.3751685563,0.006048387099999997,0.0367389145,-1,-1,-1,-1
208,704,0.5915799747,0.3745423418,0.0059896903999999696,0.037365129,-1,-1,-1,-1
209,704,0.5896421079,0.3745423418,0.007927557199999935,0.037365129,-1,-1,-1,-1
210,704,0.5906403896,0.3745423418,0.006929275499999998,0.037365129,-1,-1,-1,-1
211,704,0.5906403896,0.3745423418,0.006929275499999998,0.037365129,-1,-1,-1,-1
212,704,0.5906403896,0.3745423418,0.006929275499999998,0.037365129,-1,-1,-1,-1
213,704,0.5909927158,0.3745423418,0.006576949299999968,0.037365129,-1,-1,-1,-1
214,704,0.5909927158,0.3745423418,0.006576949299999968,0.037365129,-1,-1,-1,-1
215,704,0.5917560647,0.374855449,0.006576949399999976,0.037365129,-1,-1,-1,-1
216,704,0.5920496942,0.3741247789,0.006576949300000079,0.037365129,-1,-1,-1,-1
217,704,0.5934003021,0.3737073458,0.007868860499999908,0.037991213800000034,-1,-1,-1,-1
218,704,0.5934589988,0.3738116716,0.007868860500000019,0.03799121379999998,-1,-1,-1,-1
219,704,0.5931066726,0.3738116716,0.007868860499999908,0.03799121379999998,-1,-1,-1,-1
220,704,0.5928717399,0.3738116716,0.007868860500000019,0.03799121379999998,-1,-1,-1,-1
221,704,0.5930479759,0.3738116716,0.007868860500000019,0.03799121379999998,-1,-1,-1,-1
222,704,0.5928131892,0.3738116716,0.007868860500000019,0.03799121379999998,-1,-1,-1,-1
223,704,0.5928131892,0.3738116716,0.007868860500000019,0.03799121379999998,-1,-1,-1,-1
224,704,0.5928131892,0.3738116716,0.007868860500000019,0.03799121379999998,-1,-1,-1,-1
225,704,0.5926956498,0.3738116716,0.007868860500000019,0.03799121379999998,-1,-1,-1,-1
226,704,0.5925782564,0.3738116716,0.007868860500000019,0.03799121379999998,-1,-1,-1,-1
227,704,0.5925782564,0.3738116716,0.007986253900000073,0.03746945489999998,-1,-1,-1,-1
228,704,0.5925782564,0.3738116716,0.007986253900000073,0.03746945489999998,-1,-1,-1,-1
229,704,0.5925782564,0.3738116716,0.007986253900000073,0.03746945489999998,-1,-1,-1,-1
230,704,0.5925782564,0.3738116716,0.007986253900000073,0.03746945489999998,-1,-1,-1,-1
231,704,0.5925782564,0.3738116716,0.007986253900000073,0.03746945489999998,-1,-1,-1,-1
232,704,0.5925782564,0.3738116716,0.007986253900000073,0.03746945489999998,-1,-1,-1,-1
233,704,0.5925782564,0.3738116716,0.007986253900000073,0.03746945489999998,-1,-1,-1,-1
234,704,0.5925782564,0.3738116716,0.007986253900000073,0.03746945489999998,-1,-1,-1,-1
