0,400,0.42036596945000004,0.5280382175,0.2828242977,0.3656296194
0,400,0.6881290913,0.5842498609,0.4632183482,0.4118490794
0,400,0.6794075956,0.5871044831,0.457557622,0.412731048
0,400,0.650265712,0.63455249665,0.4391873108,0.4506143027
0,400,0.659342162,0.64890372235,0.4436019734,0.4520339905
0,400,0.6075921976,0.55857292375,0.4093580042,0.3909656161
0,400,0.61411030425,0.5579740233999999,0.4129221489,0.3903159152
0,400,0.5371681447000001,0.5586758222,0.3623971494,0.3911283332
0,400,0.54520294745,0.5586268384499999,0.3678876259,0.3898191997
0,400,0.6386497542,0.58556794775,0.4298831556,0.4111816017
0,400,0.5777717248,0.5490267852499999,0.3894132492,0.3837685607
0,400,0.5778190325,0.5476555623,0.3888075928,0.3742926864
0,400,0.5063285105,0.5381589266,0.3406795208,0.373005482
0,400,0.48669217924999997,0.5258007089,0.3272780697,0.3637234274
0,400,0.49110401415,0.5267958021,0.3300041451,0.36320708
0,400,0.5157834226,0.55129970005,0.346128238,0.3779902847
0,400,0.52444709765,0.54235330545,0.3515407443,0.3707288691
0,400,0.51895976035,0.5422086247,0.3483163687,0.372123773
0,400,0.5225816527,0.53973322165,0.3506857,0.3721165065
0,400,1.0233304004,0.49908027175,0.6845276406,0.3383769599
0,400,1.0168910671,0.49354548764999995,0.6803086336,0.3401155941
0,400,1.0298942817,0.49504627445000005,0.6886724736,0.3422288411
0,400,0.7647239620499999,0.49731244185,0.5122705281,0.3434702407
0,400,0.8646716460499999,0.45336803765,0.5775121891,0.3088716927
0,400,0.7429535502,0.49820647789999994,0.4971558388,0.3436955014
0,400,0.7181632521,0.49942445615000003,0.481507769,0.3448359489
0,400,0.75402466545,0.5016750525,0.5048163407,0.344977775
0,400,0.76362726845,0.49798731585,0.5115623715,0.3437964535
0,400,0.7744051922999999,0.4987146122,0.5178132768,0.3425253392
0,400,0.76034361215,0.5041849064,0.5090562273,0.3400706976
0,400,0.74226605425,0.5002399882999999,0.4967512405,0.3436766864
0,400,0.7315157996,0.49896426765,0.4896261634,0.3449022555
0,400,0.7570340389000001,0.5051660429,0.5083152182,0.3492126384
0,400,0.9241421961,0.4506682822,0.6172854738,0.3060063654
0,400,0.91587362875,0.4487371513,0.6119523979,0.3054205058
0,400,0.912096526,0.44903228700000003,0.6092799464,0.3055462418
0,400,0.91994457985,0.44944589225000003,0.6154528815,0.3084890349
0,400,0.5010585115999999,0.5290779075500001,0.3368183884,0.3667044091
0,400,0.5104152309000001,0.5308011005,0.3427809206,0.3677741382
0,400,0.5430800109,0.5409983671,0.3651015774,0.3740862406
0,400,0.5014509471499999,0.53016431055,0.3369675247,0.3592714527
0,400,0.50143200935,0.53321564665,0.3369976907,0.3692808939
0,400,0.54172903805,0.5424116319000001,0.3632318981,0.3683014768
0,400,0.5327691782999999,0.53296385035,0.3587265622,0.3660627533
0,400,0.5070595179,0.53306895465,0.3403672018,0.3677981435
0,400,0.52056457455,0.5277917413,0.3499858661,0.3648698834
0,400,0.5527007193,0.5341245402,0.3709861394,0.3681238374
0,400,0.55365585465,0.538442449,0.3719736163,0.37460774
0,400,0.559457409,0.5378028045000001,0.3764697534,0.3740776766
0,400,0.9137442676,0.48023239489999997,0.610839351,0.3304420976
0,400,0.88932272195,0.48436215390000004,0.5952959715,0.3334897356
0,400,1.0723838945,0.5453239966500001,0.7182186636,0.3788834125
0,400,1.0613451208,0.5335954499,0.7100136842,0.365649732
0,400,1.0631407721500001,0.5380570014,0.7125709325,0.3781064186
0,400,1.0681434967499999,0.53623947395,0.7149046369,0.3734717043
0,400,1.07930608835,0.53653746435,0.7230479993,0.3756081781
0,400,1.0874681403,0.53864091465,0.7290937582,0.3771259633
0,400,1.04568836325,0.49193927195,0.6991899857,0.3391573275
0,400,1.0531998602,0.49204852860000003,0.7050930912,0.3406360554
0,400,0.86619003685,0.45562048034999997,0.5790264377,0.3106483227
0,400,0.86270479595,0.45561188664999996,0.5764011863,0.3099900813
0,400,0.9299192205,0.45608745154999997,0.6215389396,0.3129200283
0,400,0.37843455935000003,0.52690523115,0.2557179627,0.3632307739
0,400,0.6694003213,0.6565323868999999,0.453149968,0.4644668664
0,400,0.51892442555,0.5423316357,0.3486846101,0.376709698
0,400,0.5234033333,0.548013566,0.3513046434,0.3763420922
0,400,0.52342282585,0.5410354132499999,0.3514583937,0.3754888003
0,400,0.49798540405,0.53818435935,0.3346547875,0.3733387019
0,400,0.49200907380000003,0.5323496384499999,0.3314826842,0.3697251871
0,400,0.4978151058,0.53274581275,0.3347058916,0.3671767733
0,400,0.5022401469,0.53442325715,0.3375925462,0.3665437513
0,400,0.52081242935,0.53020408155,0.3497564817,0.3668170395
0,400,0.52893775935,0.5359052809,0.3561484343,0.3709197438
0,400,0.5263338604000001,0.5293072557,0.353465178,0.3662924258
0,400,0.15471738855,0.58139030785,0.1098022301,0.4031572061
0,400,0.91606964935,0.48091881734999997,0.6126008357,0.3312930539
0,400,0.91952158405,0.48112338165,0.6149800957,0.3309547735
0,400,0.93816376905,0.47248049215,0.6273499117,0.3237644655
0,400,0.90565346935,0.47982774300000003,0.6059009445,0.3307616928
0,400,0.9280645804000001,0.4814536171,0.6211590172,0.3317455218
0,400,0.95876528455,0.48833827890000003,0.6413398731,0.3365648824
0,400,1.01357740545,0.53923715495,0.6794233649,0.3800198375
0,400,1.05269947815,0.5433815767,0.7056756777,0.3788775734
0,400,1.05328615305,0.53768452955,0.7054668811,0.3744650057
0,400,1.09893713735,0.54117237325,0.7364239817,0.3752854687
0,400,0.0368476517,0.80665688755,0.040790423,0.5586583653
0,400,0.33904381959999996,0.8007683436,0.236596798,0.5573771452
0,400,0.3191214892,0.8029737146,0.219813695,0.5534048372
0,400,0.10443765220000001,0.984078664,0.0875498338,0.7249099606
0,400,0.6091986179,0.5534309835,0.4095600844,0.3868245032
0,400,0.59413109045,0.5555005667499999,0.4002366557,0.3873182343
0,400,0.84170090635,0.482018218,0.5629624903,0.3314774552
0,400,0.8059576554500001,0.49463935174999996,0.5394470947,0.3373281219
0,400,0.5062456488,0.53912608165,0.3417067128,0.3746081293
0,400,0.5082406062,0.5419114777,0.340970814,0.3714095822
0,400,0.48224415225,0.5387170269,0.3251483399,0.3698565086
0,400,0.4653819091,0.5348125610500001,0.3134545976,0.3703037213
0,400,0.4371129596,0.5290951168,0.294383968,0.3671655384
0,400,0.4935505189,0.53235476385,0.3325471092,0.3698875149
0,400,0.49674649514999997,0.538190458,0.3343414465,0.3742721846
0,400,0.5160826006,0.536873474,0.3471275418,0.372215123
0,400,0.3844763029,0.5483280357,0.2599185722,0.383278333
0,400,0.4106853232,0.53753757805,0.2754712964,0.3630033073
0,400,0.4111631464,0.5344057268,0.2770953842,0.3671550604
0,400,0.4140006641,0.5372205132,0.2788380334,0.3679524264
0,400,0.4693572625,0.5393346252,0.3155605018,0.3670190302
0,400,0.46453858559999994,0.5348338001499999,0.3136996318,0.3689206411
0,400,0.4935785531,0.5352152253,0.3315480974,0.3705753648
0,400,0.4944319183,0.5310257124,0.3327268496,0.3698123848
0,400,0.47806164225000003,0.53419614515,0.3213343707,0.3697227937
0,400,0.48302998925,0.5314548022,0.3248275051,0.3682825176
0,400,0.4350471014,0.5346614952,0.2924794,0.3708995736
0,400,0.3845708454,0.5348242629,0.2604773588,0.3716598864
0,400,0.45879291435,0.53376932115,0.3082864403,0.3681489705
0,400,0.4581719661,0.5433667323,0.307837799,0.3701244626
0,400,0.46348256535,0.53365258005,0.3116485147,0.3695205011
0,400,1.46410697515,1.2456429689,1.0072757611,0.9385855596
0,400,0.0645909235,1.07823341325,0.0746098422,0.7951254661
0,400,0.77690775915,0.7481725460499999,0.5273497365,0.5408994911
0,400,0.7061317451,0.7388322046,0.481546024,0.5287570796
0,400,0.81368510365,0.9501570986500001,0.5567650999,0.7015581661
0,400,0.7893663502999999,0.9572263419,0.5382915584,0.6946321762
0,400,0.82630540265,1.0950861233,0.5696347139,0.819785421
0,400,0.78977591295,1.0820317690499999,0.5427846293,0.8150468999
0,400,0.9701504709,0.49103654205,0.6489276612,0.3402574201
0,400,0.8723631024,0.48056885865,0.583108524,0.3294185625
0,400,0.86017609295,0.48074422735,0.5753190939,0.3311034767
0,400,0.85332486075,0.48334037055,0.5709091037,0.3324948771
0,400,0.84934450985,0.48474403320000004,0.5678243153,0.3329826394
0,400,0.5731958653,0.47096173375000006,0.3831332876,0.3200376715
0,400,0.8704193951499999,0.48096410305000004,0.5823475113,0.3316431423
0,400,0.87430790475,0.47962460615,0.5852801555,0.3312455623
0,400,0.84713805455,0.49017488070000004,0.5666207411,0.3370955946
0,400,0.8503104499499999,0.49013562875000005,0.5688088719,0.3372654485
0,400,0.8451102446500001,0.48838719779999995,0.5655309101,0.3384045984
0,400,0.8983113459000001,0.4777093056,0.6014468588,0.3294469796
0,400,0.8198320485999999,0.49303309125000006,0.5483437762,0.3394106261
0,400,0.816902948,0.49168724105000006,0.546837037,0.3389040589
0,400,0.8656143703,0.48039355495,0.5793920892,0.3303855229
0,400,0.8631906497499999,0.47875081229999994,0.5776760141,0.3296645846
0,400,0.86173695765,0.48283839975,0.5767546805,0.3320452639
0,400,0.86461776775,0.4830139631,0.5783768701,0.3322463896
0,400,0.8384902803000001,0.48236945255,0.5610099802,0.3316673553
0,400,0.8438952086,0.4792450625,0.5646360046,0.3311850948
0,400,0.8404038325,0.4868918446,0.5629518696,0.333525257
0,400,0.8431779749999999,0.49009026735,0.5639050702,0.3311684641
0,400,0.83892396775,0.48824459325,0.5609125247,0.3314342311
0,400,0.8375400510500001,0.48972502419999997,0.5613992181,0.3334237858
0,400,0.83892396775,0.48824459325,0.5609125247,0.3314342311
0,400,0.8375400510500001,0.48972502419999997,0.5613992181,0.3334237858
0,400,0.8199282582,0.48922189104999997,0.5499848294,0.3363330039
0,400,0.8572693657999999,0.9405993467,0.584184484,0.6952142728
0,400,0.72205052065,0.5012823384,0.4846067205,0.3448255682
0,400,0.584673477,0.5627721684,0.3936824842,0.3934491938
0,400,0.34173226484999997,0.5203821414,0.2298392937,0.3587476176
0,400,0.57172552785,0.5511489207,0.3848991527,0.3858406742
0,400,0.5676114302499999,0.5542606594,0.3812939787,0.3867738974
0,400,0.580015851,0.5612558106000001,0.3900184676,0.3914579198
0,400,0.491286608,0.539772798,0.3303137148,0.3733351984
0,400,0.476925412,0.5420172309,0.3205553174,0.3758836554
0,400,0.8572252703,0.48682827920000005,0.5740906978,0.3341308724
0,400,0.5622035963500001,0.5523005274,0.3778708813,0.3844527772
0,400,0.55664639245,0.5511254344500001,0.3743350629,0.3855884237
0,400,0.42866563739999997,0.52808914775,0.2879377722,0.3655560463
0,400,0.4268058869,0.5304358951,0.2864878764,0.3656527164
0,400,0.68292560065,0.6250238107,0.4610268591,0.4415501522
0,400,0.4904682127,0.65504824165,0.3313699632,0.4652993321
0,400,0.49667728565,0.65872812785,0.3377887819,0.4693580483
0,400,0.1793732099,0.7045782304,0.1278021098,0.5021439998
0,400,0.5927522293,0.56781938495,0.3985302174,0.3982269019
0,400,0.29722966235000003,0.53239713005,0.2010028665,0.3643508493
0,400,0.30123822995,0.5280582652,0.2031342717,0.3640453978
0,400,0.52423705985,0.5196652905,0.3507877621,0.3526337862
0,400,0.5221498231999999,0.5196277904,0.3499950648,0.357550855
0,400,0.20427794455,0.5383375392,0.1392594259,0.372871182
0,400,0.53307332065,0.52081748115,0.3572156335,0.3608756571
0,400,0.5264629347,0.5224046872,0.353402685,0.3604212428
0,400,0.8160537779000001,0.47402390455,0.5459907534,0.3231220311
0,400,0.1818049246,0.5308489814,0.1240285114,0.3673251738
0,400,0.1419698039,0.51563940315,0.0975329432,0.3553239395
0,400,0.1412989533,0.5158102303,0.0969778068,0.3558521864
0,400,0.13904968025,0.5162799561,0.0955885789,0.3558521864
0,400,0.13961423420000002,0.51721175185,0.095528422,0.3548060733
0,400,0.1844135325,0.5078235944,0.1248793944,0.3487489464
0,400,0.14603093585000002,0.5075631041,0.0991944829,0.3477956106
0,400,0.1394593159,0.5126785088,0.0948469856,0.3516282876
0,400,0.16774717725,0.5102307443,0.1136034977,0.3490813876
0,400,0.1386833552,0.51244194275,0.09418245,0.3516730867
0,400,0.1802850892,0.54008272625,0.1228812978,0.3733835983
0,400,0.1754539648,0.5389019887,0.1198370276,0.3736777608
0,400,0.13510128755,0.4992448055,0.0914160401,0.3401318138
0,400,0.13269200390000002,0.49942406694999997,0.0899264656,0.3402863563
0,400,0.3191199132,0.5354432109,0.2154848142,0.3693112574
0,400,0.3224243397,0.5351012324,0.2187599288,0.3695021322
0,400,0.2512231397,0.52882611115,0.1696988422,0.3637426713
0,400,0.25416533555,0.5278298903,0.1714203927,0.3635705682
0,400,0.52703340215,0.5257968989,0.3538529849,0.3632013188
0,400,0.137075274,0.51677517945,0.0938452726,0.3557243743
0,400,0.4161163,0.53658437205,0.2793800286,0.3707763607
0,400,0.16177161355,0.51375492045,0.1099176523,0.3522720195
0,400,0.15789478485,0.51279555095,0.1077340479,0.3525145381
0,400,0.3865974873,0.5320229065,0.260241988,0.3678647096
0,400,0.1562848196,0.50618368395,0.1058548782,0.3455433769
0,400,0.16205651425,0.5075619562,0.1098612111,0.3470740802
0,400,0.13955699770000002,0.4983051593,0.094714407,0.3400932756
0,400,0.1371481338,0.4993122799,0.092848743,0.3399444426
0,400,0.18462338775,0.51583942595,0.1250916223,0.3549700881
0,400,0.1773540146,0.5171510249,0.1210516986,0.355564382
0,400,0.2682155754,0.52843521365,0.1811344026,0.3643578563
0,400,0.39401254355000004,0.5210411848500001,0.2647849949,0.3574303093
0,400,0.39694635585000004,0.5227247365500001,0.2681882347,0.3593897925
0,400,0.1507802571,0.5006212188,0.102263648,0.3430089492
0,400,0.14835609845,0.50097448635,0.1007949167,0.3431629725
0,400,0.13819332185,0.49409585835000003,0.0935778523,0.3362704603
0,400,0.1472966378,0.49719877344999996,0.099572215,0.3387184843
0,400,0.1864969729,0.53087830675,0.1270735116,0.3649233439
0,400,0.14471358205,0.50445168985,0.0977951801,0.3444871581
0,400,0.14056341960000002,0.50421533475,0.0955131638,0.3446603857
0,400,0.1492302703,0.5046910943,0.1011714808,0.344600567
0,400,0.1766406382,0.51499606055,0.119791399,0.3506316125
0,400,0.1410924928,0.49380532904999996,0.0957184562,0.3365888877
0,400,0.14667645335,0.49851724955,0.0993527595,0.3393581937
0,400,0.132618122,0.49190235575,0.0899765476,0.3341204917
0,400,0.1415326607,0.5146247381,0.0961643758,0.3532865642
0,400,0.12949445795,0.5131791171,0.0880749647,0.3526538988
0,400,0.0643565383,0.55796532955,0.0467719158,0.3866019673
0,400,0.5534303396,0.53774350485,0.371932295,0.3746208457
0,400,0.54070805145,0.54334303835,0.3635354563,0.3782085385
0,400,0.54611362225,0.54007383775,0.3673590637,0.3763660975
0,400,0.67555887425,0.6449565983,0.4562589943,0.4585611028
0,400,0.66749216795,0.64133179455,0.4510627313,0.4517807019
0,400,0.4026797959,0.5542027465,0.2730102942,0.3843178338
0,400,0.6347050301,0.65733315915,0.42898679,0.4510897379
0,400,0.63139939915,0.6515441132,0.4270499453,0.4630708596
0,400,0.6528258075,0.67649180755,0.4440309556,0.4845117655
0,400,0.9514928815999999,0.8326108163999999,0.643780312,0.6108333558
0,400,0.9379337275999999,0.83929033005,0.6345452204,0.6124824567
0,400,0.9188706641,0.8423157793,0.6239752902,0.6164027206
0,400,0.9122182267000001,1.1995989424,0.6269329024,0.8941292582
0,400,1.1850327680000001,1.1372197476,0.8194432926,0.85864965
0,400,1.12607669005,1.12502737905,0.7732862319,0.8467435287
0,400,1.24612747875,1.1510443484000001,0.8543381817,0.8608596968
0,400,1.1971580144,1.47021445445,0.8241083652,1.1086405669
0,400,1.12011262465,1.48414565185,0.7705118643,1.1081009013
0,400,0.60513810665,0.72802688965,0.4107703751,0.5286425029
0,400,0.6392293475,0.76018513425,0.434532313,0.5530925085
0,400,0.6478646233,0.8216052191000001,0.443071221,0.5983884772
0,400,0.86252958195,0.5982831782,0.5799618267,0.4136365028
0,400,0.8391961882500001,0.7560446053000001,0.5721817413,0.5501964284
0,400,0.6724744509,0.7768721427,0.4598209488,0.5640922666
0,400,0.6018465657000001,0.7336537373,0.4066601468,0.5120770132
0,400,0.70959923015,0.9505516293,0.4873631287,0.6833985932
0,400,0.7389942978999999,0.9417182543,0.5006741358,0.6659830556
0,400,0.89360225075,0.47500410035,0.5977131945,0.3263540559
0,400,0.91127046495,0.47144566805,0.6093285683,0.3237112645
0,400,1.07186679415,0.5267717096,0.7178821067,0.3705226828
0,400,1.05402037275,0.53356125845,0.7058834523,0.3713711737
0,400,1.04079894365,0.5381347266500001,0.6972148859,0.3771698217
0,400,0.8528410511000001,0.58008701345,0.5739255586,0.4131140951
0,400,0.8719656586,0.58262723075,0.5864113078,0.4139114611
0,400,0.8875075415,0.47730705435,0.5936468428,0.3262185881
0,400,0.9102209332,0.4794400246,0.6086761882,0.3304419678
0,400,1.03084729985,0.54249986765,0.6916277497,0.3817735237
0,400,1.0712488728,0.5247850421,0.717911309,0.3619042528
0,400,0.87919389295,0.47664301515,0.5888489725,0.3283724495
0,400,0.8483516305000001,0.75893432715,0.5720980766,0.5494150227
0,400,0.69415119615,0.7798037117500001,0.4739852481,0.5641383309
0,400,0.5886263778,0.7137644837,0.4008185122,0.512950288
0,400,0.7045813933,0.80923352425,0.480543508,0.5882792517
0,400,0.6830264216999999,0.93027206205,0.4695717536,0.6829262723
0,400,0.8746301524,0.4756730703,0.5853794434,0.3279354228
0,400,0.9215936355000001,0.48075227235,0.6160436446,0.3292811483
0,400,0.822277817,0.5802911236,0.5542312136,0.4134826092
0,400,0.5230085906999999,0.5191844703999999,0.3506264192,0.3575743412
0,400,0.62440062215,0.5516087199999999,0.4203693277,0.3823028086
0,400,0.6180686804,0.54959824175,0.4155347356,0.3828096453
0,400,0.885216874,0.9118598494000001,0.6073918696,0.6768405984
0,400,1.0120622796,0.49489228765000004,0.6781942324,0.3405214307
0,400,0.8791470187999999,0.481767365,0.588010179,0.3314204326
0,400,0.51202654265,0.5238464988,0.3448325305,0.3615520882
0,400,0.8991340485999999,0.47039423485,0.6021785232,0.3220389369
0,400,0.7590531611,0.50244393655,0.5087913622,0.3461529977
0,400,0.7895001698999999,0.49686192035,0.529322208,0.3412236019
0,400,0.7738401270999999,0.5028460582000001,0.518767901,0.3448151876
0,400,0.8070248547,0.46963728865,0.5398232208,0.3216048947
0,400,0.79105687325,0.4697059309,0.5294864711,0.3217221964
0,400,0.8667626791,0.47093883135,0.5796319864,0.3221759619
0,400,0.8703046298999999,0.4698622899,0.5819015916,0.3214237518
0,400,0.8802248083499999,0.47582391460000006,0.5888529149,0.3261474804
0,400,0.8826631300500001,0.4733108817,0.5904407917,0.3246490292
0,400,0.8590131831000001,0.4728790454,0.574381553,0.3237422768
0,400,0.89059740385,0.4708823864,0.5955211215,0.3224969844
0,400,0.89493840355,0.47025571769999996,0.5983232313,0.322104984
0,400,0.9143206487,0.4728017223,0.6111995618,0.3255468802
0,400,0.9182565389499999,0.47493662589999996,0.6139638545,0.3259860608
0,400,0.8621339634,0.4705993182,0.5771080288,0.3229948678
0,400,0.855944675,0.45379838175,0.572353305,0.3103902565
0,400,0.95129854015,0.45350331094999996,0.6362966303,0.3115528927
0,400,1.1033952384,0.5280545022500001,0.7395534496,0.3609825781
0,400,1.10200192215,0.5307303172,0.7385799899,0.3712250656
0,400,0.06342921825,0.53049188595,0.0460421495,0.3701879059
0,400,1.0564638049,0.5269252139,0.7091869662,0.3665019858
0,400,0.4106853232,0.53753757805,0.2754712964,0.3630033073
0,400,0.4111631464,0.5344057268,0.2770953842,0.3671550604
0,400,0.4140006641,0.5372205132,0.2788380334,0.3679524264
0,400,0.45879291435,0.53376932115,0.3082864403,0.3681489705
0,400,0.4581719661,0.5433667323,0.307837799,0.3701244626
0,400,0.46348256535,0.53365258005,0.3116485147,0.3695205011
0,400,0.8723631024,0.48056885865,0.583108524,0.3294185625
0,400,0.86017609295,0.48074422735,0.5753190939,0.3311034767
0,400,0.85332486075,0.48334037055,0.5709091037,0.3324948771
0,400,0.83892396775,0.48824459325,0.5609125247,0.3314342311
0,400,0.83892396775,0.48824459325,0.5609125247,0.3314342311
0,400,0.8375400510500001,0.48972502419999997,0.5613992181,0.3334237858
0,400,0.8375400510500001,0.48972502419999997,0.5613992181,0.3334237858
0,400,0.83892396775,0.48824459325,0.5609125247,0.3314342311
0,400,0.83892396775,0.48824459325,0.5609125247,0.3314342311
0,400,0.8375400510500001,0.48972502419999997,0.5613992181,0.3334237858
0,400,0.8375400510500001,0.48972502419999997,0.5613992181,0.3334237858
