54,575,0.0980663238,0.3296043767,0.0020611736000000075,0.0093053716,-1,-1,-1,-1
55,575,0.0973242925,0.3297508741,0.0020611735999999936,0.009305371499999993,-1,-1,-1,-1
56,575,0.0955929592,0.3297508741,0.0028031319000000054,0.010331112500000017,-1,-1,-1,-1
57,575,0.095239611,0.3296252678,0.0026117836000000005,0.01033111259999997,-1,-1,-1,-1
58,575,0.0941442315,0.3294996616,0.0026117836000000005,0.010331112500000017,-1,-1,-1,-1
59,575,0.0943209056,0.3293112522,0.002152430900000002,0.01033111259999997,-1,-1,-1,-1
60,575,0.0938615529,0.3294996616,0.002152430899999988,0.010331112500000017,-1,-1,-1,-1
61,575,0.0934153413,0.3294467201,0.002152430900000002,0.010331112600000025,-1,-1,-1,-1
62,575,0.0929691296,0.3294467201,0.002152430899999988,0.010331112600000025,-1,-1,-1,-1
63,575,0.0924039185,0.3292880255,0.002152430900000002,0.010331112499999962,-1,-1,-1,-1
64,575,0.0920172066,0.3291293308,0.002152430900000002,0.011462606699999989,-1,-1,-1,-1
65,575,0.0911842831,0.3291293308,0.0028561341000000046,0.011462606699999989,-1,-1,-1,-1
66,575,0.0908570709,0.3290235776,0.002856134199999999,0.011462606799999997,-1,-1,-1,-1
67,575,0.0909760704,0.3290235776,0.0027073483000000093,0.011462606799999997,-1,-1,-1,-1
68,575,0.0902919328,0.3288650127,0.002707348200000001,0.011462606799999997,-1,-1,-1,-1
69,575,0.0892507966,0.329235084,0.0027073482999999954,0.011462606699999989,-1,-1,-1,-1
70,575,0.0874956635,0.3290765191,0.002707348200000001,0.011462606699999989,-1,-1,-1,-1
