1,162,0.5943978537,0.3111507711,0.0020976035999999976,0.011929867099999991,-1,-1,-1,-1
2,162,0.5968071922,0.310734376,0.0020976034999999893,0.011929867100000047,-1,-1,-1,-1
3,162,0.5991251273,0.310908512,0.0020976035999999976,0.011929866999999983,-1,-1,-1,-1
4,162,0.6011773212,0.3109724829,0.0021840425000000385,0.011890290699999972,-1,-1,-1,-1
5,162,0.6028422922,0.3110821288,0.00233969090000008,0.013648648299999955,-1,-1,-1,-1
6,162,0.6038449543,0.3117397449,0.002532718300000014,0.013731304399999977,-1,-1,-1,-1
7,162,0.6050190341,0.3123439005,0.002316620999999963,0.013676416600000019,-1,-1,-1,-1
8,162,0.6055429239,0.3128829173,0.0023166210999999715,0.013676416600000019,-1,-1,-1,-1
9,162,0.606094264,0.3138631131,0.002316620999999963,0.01367641650000001,-1,-1,-1,-1
10,162,0.6064801728,0.3143041622,0.002718153100000009,0.01382576860000001,-1,-1,-1,-1
11,162,0.6071855551,0.3143041622,0.0024538719999999126,0.01382576860000001,-1,-1,-1,-1
12,162,0.6071855551,0.3143041622,0.0024538719999999126,0.01382576860000001,-1,-1,-1,-1
13,162,0.6070041356,0.3148612155,0.002333266399999978,0.013494430299999971,-1,-1,-1,-1
14,162,0.6068227161,0.3154182688,0.0022126607999999326,0.013163091899999979,-1,-1,-1,-1
15,162,0.6071110892,0.3155114354,0.0025092103999999615,0.013163091900000035,-1,-1,-1,-1
16,162,0.6067700059,0.3139452502,0.002579296000000064,0.014869026999999979,-1,-1,-1,-1
17,162,0.606369934,0.3157625181,0.0022126606999999243,0.013163091899999979,-1,-1,-1,-1
18,162,0.6063862143,0.3157914542,0.0022126607000000353,0.013163091900000035,-1,-1,-1,-1
19,162,0.6064024946,0.3158203904,0.0022126607000000353,0.013163091900000035,-1,-1,-1,-1
20,162,0.6062721062,0.3158203904,0.0022126606999999243,0.013163091900000035,-1,-1,-1,-1
21,162,0.6058237044,0.3158203904,0.0025632346999999722,0.013163091900000035,-1,-1,-1,-1
22,162,0.6059012365,0.3158203904,0.0025632347999999805,0.013163091900000035,-1,-1,-1,-1
23,162,0.6061598232,0.3158203904,0.0025632347000000832,0.013163091900000035,-1,-1,-1,-1
24,162,0.6065365333,0.3158991538,0.003138228600000015,0.013447652300000001,-1,-1,-1,-1
25,162,0.6074712999,0.3159386004,0.0028059061999999857,0.013565732499999983,-1,-1,-1,-1
26,162,0.6085387912,0.31615374,0.0034074741999999825,0.013908554500000003,-1,-1,-1,-1
27,162,0.6094491739,0.3154840563,0.0038157227999999765,0.0148439836,-1,-1,-1,-1
28,162,0.6107657611,0.3159820695,0.004478469699999987,0.014760678599999966,-1,-1,-1,-1
29,162,0.6128343083,0.3162014911,0.003430106000000044,0.01483567899999999,-1,-1,-1,-1
30,162,0.6141840401,0.3166014068,0.004143080899999929,0.014935722799999995,-1,-1,-1,-1
31,162,0.6165520572,0.316971478,0.0035051560000000093,0.015395587000000044,-1,-1,-1,-1
32,162,0.6186597356,0.3175066021,0.0042264536000000685,0.015390785900000037,-1,-1,-1,-1
33,162,0.6214808269,0.3184970488,0.0032700772000000544,0.015424263599999988,-1,-1,-1,-1
34,162,0.6229613852,0.3187308736,0.003683874200000048,0.015370413799999982,-1,-1,-1,-1
35,162,0.6250278882,0.3196974447,0.003928151800000057,0.015640960300000006,-1,-1,-1,-1
36,162,0.6269720335,0.319636588,0.004073141300000027,0.015640960199999998,-1,-1,-1,-1
37,162,0.629232294,0.3199410014,0.0031852445000000174,0.015527810899999994,-1,-1,-1,-1
38,162,0.6309181447,0.3199856383,0.0037069441000000536,0.015733218599999987,-1,-1,-1,-1
39,162,0.6332359338,0.3200825679,0.003274749600000071,0.015854932099999997,-1,-1,-1,-1
40,162,0.6350355276,0.3203733567,0.0036291197999999136,0.015903331999999992,-1,-1,-1,-1
41,162,0.6373533167,0.3206156159,0.0036291198000000247,0.015903331999999992,-1,-1,-1,-1
42,162,0.6392764363,0.3206156159,0.004255363900000031,0.016134431900000024,-1,-1,-1,-1
43,162,0.6412597127,0.3207987051,0.004545197000000001,0.01632426859999997,-1,-1,-1,-1
44,162,0.6441265057,0.3210004796,0.004446785100000072,0.016193212499999998,-1,-1,-1,-1
45,162,0.6464994872,0.3210719765,0.0045454891000000774,0.016340488399999964,-1,-1,-1,-1
46,162,0.649476519,0.3212571419,0.0041424969000000145,0.01658430459999999,-1,-1,-1,-1
47,162,0.6524904917,0.3214672209,0.0034682150000000522,0.016526432399999957,-1,-1,-1,-1
48,162,0.6555304545,0.3215383286,0.003468214999999941,0.016526432300000005,-1,-1,-1,-1
49,162,0.6575569504,0.3215876368,0.003908002100000085,0.016907403299999957,-1,-1,-1,-1
50,162,0.661082548,0.3217416602,0.003908002099999974,0.016907403300000012,-1,-1,-1,-1
51,162,0.6635104299,0.3221227609,0.0036764275999999763,0.016885733599999952,-1,-1,-1,-1
52,162,0.6658800532,0.3220713765,0.004825977400000014,0.017309265399999996,-1,-1,-1,-1
53,162,0.6688280286,0.3218218509,0.004825977500000023,0.017309265399999996,-1,-1,-1,-1
54,162,0.6718970478,0.3218218509,0.004825977400000014,0.017309265399999996,-1,-1,-1,-1
55,162,0.6753313881,0.3229907155,0.0029916328999999298,0.014478713399999954,-1,-1,-1,-1
56,162,0.6776935647,0.3234200864,0.004720995100000014,0.016764020200000007,-1,-1,-1,-1
57,162,0.680914728,0.3231997565,0.003781556100000083,0.01755684460000001,-1,-1,-1,-1
58,162,0.6839479743,0.3243924966,0.0037815559999999637,0.017556844599999955,-1,-1,-1,-1
59,162,0.6861972839,0.3238129952,0.003781556099999972,0.01755684460000001,-1,-1,-1,-1
60,162,0.6898811582,0.3239868716,0.0037815560000000747,0.01755684460000001,-1,-1,-1,-1
61,162,0.6929455049,0.3241607479,0.004842914899999995,0.01755684470000002,-1,-1,-1,-1
62,162,0.6953904702,0.3241607479,0.00409314500000002,0.017665452500000012,-1,-1,-1,-1
63,162,0.6966945004,0.3249719981,0.004093144900000012,0.017665452500000012,-1,-1,-1,-1
64,162,0.6966945004,0.3249719981,0.004093144900000012,0.017665452500000012,-1,-1,-1,-1
65,162,0.7038903931,0.3248043501,0.004192432900000043,0.018878953999999948,-1,-1,-1,-1
66,162,0.7070167948,0.325359976,0.004192432899999932,0.018878954000000003,-1,-1,-1,-1
67,162,0.7085353161,0.325359976,0.004192432900000043,0.018878954000000003,-1,-1,-1,-1
68,162,0.712627731,0.3258848492,0.004192432900000043,0.018878954000000003,-1,-1,-1,-1
69,162,0.7167951959,0.3268563511,0.003430398000000001,0.017442138100000004,-1,-1,-1,-1
70,162,0.7194991858,0.3267866708,0.0038971972999999327,0.01851238620000001,-1,-1,-1,-1
71,162,0.7228917668,0.3277419529,0.004101613600000054,0.018610613399999976,-1,-1,-1,-1
72,162,0.7263593978,0.3281770332,0.004029775799999968,0.018157496699999998,-1,-1,-1,-1
73,162,0.7297567971,0.3281770332,0.0037729414000000627,0.018582974799999985,-1,-1,-1,-1
74,162,0.7333943857,0.3285811011,0.0037729412999999434,0.018582974899999993,-1,-1,-1,-1
75,162,0.7371728755,0.3287168285,0.0037932368999999966,0.01860062200000001,-1,-1,-1,-1
76,162,0.7404449968,0.329558572,0.0035263277000000537,0.019787782500000017,-1,-1,-1,-1
