1,146,0.5259652539,0.3675753482,0.006568626599999905,0.03540486730000003,-1,-1,-1,-1
2,146,0.5278930459,0.3669408291,0.006568626600000016,0.03540486730000003,-1,-1,-1,-1
3,146,0.5278930459,0.3666870215,0.00599728300000002,0.03502415580000001,-1,-1,-1,-1
4,146,0.5283214441,0.3668139253,0.005997282999999909,0.03502415580000001,-1,-1,-1,-1
5,146,0.5284642435,0.3687174825,0.00599728300000002,0.035024155899999965,-1,-1,-1,-1
6,146,0.5280358453,0.368209997,0.00599728300000002,0.035024155899999965,-1,-1,-1,-1
7,146,0.5280358453,0.368209997,0.0070325786999999584,0.034326120000000016,-1,-1,-1,-1
8,146,0.5280358453,0.368209997,0.008067874400000008,0.03362808410000001,-1,-1,-1,-1
9,146,0.5280358453,0.368209997,0.007639476199999939,0.03362808410000001,-1,-1,-1,-1
10,146,0.5280358453,0.368209997,0.007211077899999974,0.03362808410000001,-1,-1,-1,-1
11,146,0.5283928438,0.3678292856,0.006084013900000018,0.03471351389999999,-1,-1,-1,-1
12,146,0.5290047787,0.3670679924,0.004982501900000047,0.03514846450000003,-1,-1,-1,-1
13,146,0.5291883153,0.3673942053,0.004492924899999973,0.035148594199999994,-1,-1,-1,-1
14,146,0.529922608,0.3684818411,0.006940956400000031,0.03406095840000001,-1,-1,-1,-1
15,146,0.5312078026,0.3688081837,0.007430533500000003,0.03395209109999997,-1,-1,-1,-1
16,146,0.5332884688,0.3739204092,0.006573737099999977,0.030145106399999955,-1,-1,-1,-1
17,146,0.5348797039,0.3747905698,0.0067572737000000105,0.02992763110000002,-1,-1,-1,-1
18,146,0.5357365003,0.3747905698,0.006757273800000019,0.02992763110000002,-1,-1,-1,-1
19,146,0.5357365003,0.3747905698,0.00724685089999999,0.02992763110000002,-1,-1,-1,-1
20,146,0.5363790976,0.373819522,0.007522155899999938,0.030898678899999976,-1,-1,-1,-1
21,146,0.537021695,0.3728484742,0.007797460799999989,0.03186972669999999,-1,-1,-1,-1
22,146,0.5387963207,0.372630999,0.007797460799999989,0.03186972659999998,-1,-1,-1,-1
23,146,0.5438502224,0.3731593756,0.007797460799999989,0.03186972659999998,-1,-1,-1,-1
24,146,0.5461541404,0.3724989048,0.007797460799999989,0.031869726700000045,-1,-1,-1,-1
25,146,0.5685999292,0.3706494569,0.007325405100000015,0.036778750299999996,-1,-1,-1,-1
26,146,0.5773914374,0.3713288724,0.009135511700000043,0.036681950500000005,-1,-1,-1,-1
27,146,0.5848450407,0.3684980609,0.0072880262000000195,0.03668208020000002,-1,-1,-1,-1
28,146,0.592935693,0.3666865024,0.007288026100000011,0.036682080299999975,-1,-1,-1,-1
29,146,0.5982870204,0.3646483856,0.008180011300000012,0.03577610640000001,-1,-1,-1,-1
30,146,0.60669627,0.3621574116,0.007606623599999973,0.03554954800000004,-1,-1,-1,-1
31,146,0.615847405,0.3588631027,0.006714638299999964,0.035837222599999996,-1,-1,-1,-1
32,146,0.6237058986,0.3550239378,0.006523509099999991,0.033851138999999975,-1,-1,-1,-1
33,146,0.632624729,0.3564959183,0.00645984799999999,0.031360035200000025,-1,-1,-1,-1
34,146,0.6411613008,0.3551326755,0.007096896900000038,0.0321571417,-1,-1,-1,-1
35,146,0.6525010046,0.3535475456,0.005886460099999935,0.030911589799999972,-1,-1,-1,-1
36,146,0.6631398523,0.3526417015,0.0063325257999999884,0.03159087559999996,-1,-1,-1,-1
37,146,0.6722590107,0.3517681672,0.0063325257999999884,0.03159087560000001,-1,-1,-1,-1
38,146,0.6802860018,0.3510887517,0.005736214200000034,0.031944986499999994,-1,-1,-1,-1
39,146,0.6873846508,0.3504236096,0.00524473889999999,0.030766130599999997,-1,-1,-1,-1
40,146,0.6918076361,0.3512971439,0.006446122800000009,0.029698347800000024,-1,-1,-1,-1
41,146,0.693572771,0.3523667432,0.007162310100000013,0.029075247500000012,-1,-1,-1,-1
42,146,0.6938307737,0.3536501846,0.007271088700000039,0.027651666900000038,-1,-1,-1,-1
43,146,0.6953265171,0.3555754115,0.006239662399999957,0.025818049499999995,-1,-1,-1,-1
44,146,0.6957686404,0.3570685426,0.005771695000000077,0.02492570030000002,-1,-1,-1,-1
45,146,0.6952822756,0.3602903165,0.006169576799999965,0.021468284900000023,-1,-1,-1,-1
46,146,0.6950171184,0.3624906314,0.006700037200000009,0.019267970000000023,-1,-1,-1,-1
47,146,0.6959456066,0.3633550826,0.006434733899999934,0.0187177939,-1,-1,-1,-1
48,146,0.6974045551,0.3584045361,0.005594728900000012,0.023275431700000015,-1,-1,-1,-1
49,146,0.6973604596,0.359127291,0.006434587899999955,0.022316905599999992,-1,-1,-1,-1
50,146,0.6973604596,0.358184336,0.0067883742000000025,0.023259860600000015,-1,-1,-1,-1
51,146,0.697227735,0.3588915198,0.006390492400000003,0.022552676800000004,-1,-1,-1,-1
52,146,0.697227735,0.3586557486,0.006832615699999933,0.022788448000000017,-1,-1,-1,-1
53,146,0.6974045551,0.3583414735,0.006523217000000026,0.02318122699999997,-1,-1,-1,-1
54,146,0.6972718305,0.358184336,0.006169576800000076,0.023338364499999986,-1,-1,-1,-1
55,146,0.6972718305,0.359127291,0.005815790500000029,0.022395409499999963,-1,-1,-1,-1
56,146,0.6972718305,0.3587343823,0.0059042736000000096,0.02278831819999999,-1,-1,-1,-1
57,146,0.6972718305,0.3587343823,0.0059042736000000096,0.02278831819999999,-1,-1,-1,-1
58,146,0.6972718305,0.3587343823,0.0059042736000000096,0.02278831819999999,-1,-1,-1,-1
59,146,0.6972718305,0.3586164967,0.005860032100000079,0.02290620379999997,-1,-1,-1,-1
60,146,0.6972718305,0.3584986111,0.005815790500000029,0.023024089400000003,-1,-1,-1,-1
61,146,0.6972718305,0.3584986111,0.005815790500000029,0.023024089400000003,-1,-1,-1,-1
62,146,0.6972718305,0.3584986111,0.005815790500000029,0.023024089400000003,-1,-1,-1,-1
63,146,0.6972718305,0.3584986111,0.005815790500000029,0.023024089400000003,-1,-1,-1,-1
64,146,0.6972718305,0.3584986111,0.005815790500000029,0.023024089400000003,-1,-1,-1,-1
65,146,0.6972718305,0.3584986111,0.005815790500000029,0.023024089400000003,-1,-1,-1,-1
66,146,0.6972718305,0.3584986111,0.005815790500000029,0.023024089400000003,-1,-1,-1,-1
67,146,0.6972718305,0.3584986111,0.005815790500000029,0.023024089400000003,-1,-1,-1,-1
68,146,0.6972718305,0.3584986111,0.005815790500000029,0.023024089400000003,-1,-1,-1,-1
69,146,0.6972718305,0.3584986111,0.005815790500000029,0.023024089400000003,-1,-1,-1,-1
70,146,0.6972718305,0.3584986111,0.005815790500000029,0.023024089400000003,-1,-1,-1,-1
71,146,0.6972718305,0.3584986111,0.005815790500000029,0.023024089400000003,-1,-1,-1,-1
72,146,0.6972718305,0.3584986111,0.005815790500000029,0.023024089400000003,-1,-1,-1,-1
73,146,0.6972718305,0.3584986111,0.005815790500000029,0.023024089400000003,-1,-1,-1,-1
74,146,0.6972718305,0.3584986111,0.005815790500000029,0.023024089400000003,-1,-1,-1,-1
75,146,0.6972718305,0.3584986111,0.005815790500000029,0.023024089400000003,-1,-1,-1,-1
76,146,0.6972718305,0.3584986111,0.005815790500000029,0.023024089400000003,-1,-1,-1,-1
77,146,0.6972718305,0.3584986111,0.005815790500000029,0.023024089400000003,-1,-1,-1,-1
78,146,0.6972718305,0.3584986111,0.005815790500000029,0.023024089400000003,-1,-1,-1,-1
79,146,0.6972718305,0.3584986111,0.005815790500000029,0.023024089400000003,-1,-1,-1,-1
80,146,0.6972718305,0.3585575052,0.005815790500000029,0.022965195299999963,-1,-1,-1,-1
81,146,0.6972718305,0.3586163994,0.005815790500000029,0.02290630109999997,-1,-1,-1,-1
82,146,0.6972718305,0.3586752935,0.005815790500000029,0.022847406999999986,-1,-1,-1,-1
83,146,0.6972718305,0.3587341876,0.005815790500000029,0.022788512900000002,-1,-1,-1,-1
84,146,0.6972718305,0.3587930818,0.005815790500000029,0.022729618699999954,-1,-1,-1,-1
85,146,0.6972718305,0.3588519759,0.005815790500000029,0.02267072459999997,-1,-1,-1,-1
86,146,0.6972718305,0.3589108701,0.005815790500000029,0.022611830399999977,-1,-1,-1,-1
87,146,0.6972718305,0.3589697642,0.005815790500000029,0.022552936299999993,-1,-1,-1,-1
88,146,0.6972718305,0.3589697642,0.005815790500000029,0.022552936299999993,-1,-1,-1,-1
89,146,0.6972718305,0.3589697642,0.005815790500000029,0.022552936299999993,-1,-1,-1,-1
90,146,0.696339619,0.357109157,0.006150449300000083,0.024427103199999967,-1,-1,-1,-1
91,146,0.6954074076,0.3552485498,0.006485108000000017,0.026301270200000004,-1,-1,-1,-1
92,146,0.6959968567,0.3531528202,0.0061314676999999485,0.027663474999999993,-1,-1,-1,-1
93,146,0.6956432164,0.3520001754,0.00613132169999997,0.027663474999999993,-1,-1,-1,-1
94,146,0.6962918002,0.3536766553,0.008312735999999932,0.025777435100000023,-1,-1,-1,-1
95,146,0.7000650336,0.3506379707,0.009137993899999919,0.028292154899999977,-1,-1,-1,-1
96,146,0.7058427151,0.3486470859,0.008135769800000081,0.02965435970000002,-1,-1,-1,-1
97,146,0.7124456545,0.3490660761,0.006838748200000078,0.027454044799999966,-1,-1,-1,-1
98,146,0.7189897511,0.3488565162,0.006838748300000086,0.027454044699999958,-1,-1,-1,-1
99,146,0.7242956689,0.3473894665,0.006838748300000086,0.027454044699999958,-1,-1,-1,-1
100,146,0.7269487008,0.3425693274,0.006485108000000017,0.027034924699999963,-1,-1,-1,-1
101,146,0.7278920822,0.3398447881,0.005777535500000042,0.025672719999999982,-1,-1,-1,-1
102,146,0.7288943062,0.3380635931,0.006661928099999992,0.02672039009999999,-1,-1,-1,-1
103,146,0.731370518,0.3357583035,0.007605163500000067,0.025777305299999997,-1,-1,-1,-1
104,146,0.7371481995,0.3326146442,0.00725137720000002,0.02483435030000003,-1,-1,-1,-1
