181,639,0.0835926987,0.3378662304,0.002520234300000007,0.013291293299999951,-1,-1,-1,-1
182,639,0.0855758291,0.3380129873,0.002602876899999995,0.013878839799999987,-1,-1,-1,-1
183,639,0.0876828504,0.3377926573,0.002768235100000002,0.014246056399999985,-1,-1,-1,-1
184,639,0.0896246595,0.3374255705,0.0033466602999999984,0.016522409800000026,-1,-1,-1,-1
185,639,0.0911533286,0.3377927871,0.0033466602999999984,0.016522409800000026,-1,-1,-1,-1
186,639,0.0924753912,0.3377927871,0.0033466602999999984,0.016522409800000026,-1,-1,-1,-1
187,639,0.093136459,0.3379396737,0.0032640176999999965,0.01615506350000001,-1,-1,-1,-1
188,639,0.093962739,0.338233447,0.0032640176999999965,0.016155063499999955,-1,-1,-1,-1
189,639,0.0949129829,0.3387474204,0.0039664068000000025,0.017183140099999994,-1,-1,-1,-1
190,639,0.0961524759,0.3392613938,0.003635836399999995,0.016816053300000022,-1,-1,-1,-1
191,639,0.0966895798,0.3399222539,0.0032640177000000103,0.016742739699999953,-1,-1,-1,-1
192,639,0.0969374346,0.339701924,0.0038837642000000006,0.017623929699999985,-1,-1,-1,-1
193,639,0.0967309011,0.3399221241,0.003553193799999993,0.0177708164,-1,-1,-1,-1
194,639,0.0966895798,0.3402893407,0.0033879816000000063,0.01644909630000002,-1,-1,-1,-1
195,639,0.0962764398,0.3405095409,0.003635836399999995,0.016963199399999962,-1,-1,-1,-1
196,639,0.0959871907,0.340950071,0.0037184789999999968,0.0170366428,-1,-1,-1,-1
197,639,0.0956566203,0.340950071,0.0037184790000000106,0.0170366428,-1,-1,-1,-1
198,639,0.0950782681,0.3412438443,0.003511945500000002,0.0171835293,-1,-1,-1,-1
199,639,0.0944998429,0.3412438443,0.0039250854999999946,0.01725697270000004,-1,-1,-1,-1
200,639,0.0932604229,0.3416845041,0.0037598003000000046,0.017917703000000007,-1,-1,-1,-1
201,639,0.0928472829,0.3417579474,0.0037598003000000046,0.017917703100000015,-1,-1,-1,-1
202,639,0.091897039,0.3422719209,0.004048976400000001,0.01791783269999997,-1,-1,-1,-1
203,639,0.0914425777,0.3425656941,0.0038010485999999954,0.017697502899999995,-1,-1,-1,-1
204,639,0.0902857273,0.342712451,0.0038010486000000093,0.018138162700000016,-1,-1,-1,-1
205,639,0.0892941621,0.3433733111,0.003635836399999995,0.018505379200000005,-1,-1,-1,-1
206,639,0.0880546691,0.3442545011,0.0039664068000000025,0.018431935899999974,-1,-1,-1,-1
207,639,0.0867739278,0.3445482743,0.0037184789999999968,0.018725579499999978,-1,-1,-1,-1
208,639,0.08528658,0.3450622477,0.0037184789999999968,0.018725579500000034,-1,-1,-1,-1
209,639,0.0841710509,0.3454294643,0.0037184789999999968,0.018725579500000034,-1,-1,-1,-1
210,639,0.0821879205,0.3452092641,0.0037184789999999968,0.018725579499999978,-1,-1,-1,-1
211,639,0.079202347,0.3462496678,0.003718479099999991,0.018725579500000034,-1,-1,-1,-1
212,639,0.077812024,0.3469520182,0.0037184790000000106,0.018725579400000025,-1,-1,-1,-1
213,639,0.076421701,0.3476543685,0.0037184790000000106,0.018725579400000025,-1,-1,-1,-1
214,639,0.0750313779,0.3483567189,0.003718479100000005,0.018725579400000025,-1,-1,-1,-1
215,639,0.0736410549,0.3490590692,0.0037184789999999968,0.01872557939999997,-1,-1,-1,-1
216,639,0.072528811,0.3493712681,0.003128007900000007,0.017702693199999953,-1,-1,-1,-1
217,639,0.070212555,0.3497874037,0.0036881086000000035,0.0177026931,-1,-1,-1,-1
218,639,0.0684561807,0.3504115421,0.0036881086000000035,0.0177026931,-1,-1,-1,-1
