208,588,0.1088221998,0.3357677759,0.0025035890000000005,0.013809678499999978,-1,-1,-1,-1
209,588,0.109136782,0.3361671726,0.0025035888999999922,0.013809678499999978,-1,-1,-1,-1
210,588,0.1098107718,0.3364068365,0.0025035890000000005,0.013809678500000033,-1,-1,-1,-1
211,588,0.1109790841,0.3363269053,0.0025035890000000005,0.013809678500000033,-1,-1,-1,-1
212,588,0.1116980455,0.3363269053,0.0025035890000000005,0.013809678500000033,-1,-1,-1,-1
213,588,0.1119227575,0.3365665692,0.0025035890000000005,0.013809678599999986,-1,-1,-1,-1
214,588,0.1118328873,0.3364867677,0.0025035890000000005,0.013809678599999986,-1,-1,-1,-1
215,588,0.1120527565,0.3369393654,0.00256832089999999,0.013588007799999968,-1,-1,-1,-1
216,588,0.1122726258,0.337391963,0.002633052600000005,0.013366337000000006,-1,-1,-1,-1
217,588,0.112492495,0.3378445607,0.0026977845000000084,0.013144666199999988,-1,-1,-1,-1
218,588,0.1127171339,0.3383237589,0.0026977844999999945,0.013144666199999988,-1,-1,-1,-1
219,588,0.1126721624,0.3385632931,0.002606308099999996,0.012905131999999986,-1,-1,-1,-1
220,588,0.1124025518,0.3385632931,0.0026063082000000043,0.012905131999999986,-1,-1,-1,-1
221,588,0.1125822922,0.3380041637,0.002606308099999996,0.012905131999999986,-1,-1,-1,-1
222,588,0.1135708641,0.339202224,0.0026063082000000043,0.012905131999999986,-1,-1,-1,-1
223,588,0.1147391764,0.3402404217,0.0026063081999999904,0.012905131999999986,-1,-1,-1,-1
224,588,0.1156828498,0.3404001545,0.0027410769999999945,0.013144795900000006,-1,-1,-1,-1
225,588,0.1160872291,0.3414383523,0.003145529300000005,0.012665597799999984,-1,-1,-1,-1
226,588,0.1166714218,0.3410789212,0.003212877100000011,0.013544192600000005,-1,-1,-1,-1
227,588,0.1172556144,0.3407194901,0.0032802249999999977,0.014422787499999978,-1,-1,-1,-1
228,588,0.1181093446,0.3405597574,0.0031904279000000008,0.01450258900000001,-1,-1,-1,-1
229,588,0.1196371377,0.3406395589,0.0031454561999999936,0.01474225290000003,-1,-1,-1,-1
230,588,0.1211649307,0.3409590243,0.0031454561999999936,0.014742252899999975,-1,-1,-1,-1
231,588,0.1222433728,0.3410389556,0.0038644177000000113,0.01562071789999997,-1,-1,-1,-1
232,588,0.1235015553,0.3410389556,0.003235326400000002,0.015700649199999972,-1,-1,-1,-1
233,588,0.1241306466,0.3417576879,0.0036397056999999955,0.0149019856,-1,-1,-1,-1
234,588,0.1248945066,0.3417576879,0.003055586000000013,0.014822184199999977,-1,-1,-1,-1
