121,601,0.0866859558,0.3312283044,0.0027722503999999953,0.01140603200000001,-1,-1,-1,-1
122,601,0.0877127098,0.3310001889,0.0027722504000000092,0.01140603200000001,-1,-1,-1,-1
123,601,0.0894293689,0.3323139938,0.0027722503999999953,0.01140603200000001,-1,-1,-1,-1
124,601,0.091484483,0.3316257547,0.0023769968999999974,0.011590937799999979,-1,-1,-1,-1
125,601,0.0933310925,0.3324198767,0.0023769968999999974,0.011590937899999987,-1,-1,-1,-1
126,601,0.0946416202,0.3322081108,0.0024067833000000066,0.012279047300000012,-1,-1,-1,-1
127,601,0.095815992,0.3322081108,0.001979188100000001,0.012279047300000012,-1,-1,-1,-1
128,601,0.0973291839,0.3318460846,0.0024325543000000005,0.012969492200000043,-1,-1,-1,-1
129,601,0.0973291839,0.3318460846,0.0024325543000000005,0.012969492200000043,-1,-1,-1,-1
130,601,0.0981731313,0.3319495021,0.0024325543000000005,0.012969492299999996,-1,-1,-1,-1
131,601,0.0989932788,0.3317064645,0.0027888226999999988,0.0130364476,-1,-1,-1,-1
132,601,0.099234052,0.3311715999,0.002788822799999993,0.0130364476,-1,-1,-1,-1
133,601,0.0996069599,0.3306713342,0.002788822799999993,0.0130364476,-1,-1,-1,-1
134,601,0.0995673089,0.3306222496,0.002788822800000007,0.0130364476,-1,-1,-1,-1
135,601,0.0995276578,0.330573165,0.002788822799999993,0.0130364476,-1,-1,-1,-1
136,601,0.0994880068,0.3305240804,0.002788822799999993,0.0130364476,-1,-1,-1,-1
137,601,0.0994483557,0.3304749957,0.002788822799999993,0.0130364476,-1,-1,-1,-1
138,601,0.0994087047,0.3304259111,0.002788822799999993,0.0130364476,-1,-1,-1,-1
139,601,0.0993690536,0.3303768265,0.002788822799999993,0.0130364476,-1,-1,-1,-1
140,601,0.0993294026,0.3303277419,0.002788822799999993,0.0130364476,-1,-1,-1,-1
141,601,0.0992897515,0.3302786573,0.002788822800000007,0.0130364476,-1,-1,-1,-1
142,601,0.0992501005,0.3302295726,0.002788822800000007,0.0130364476,-1,-1,-1,-1
143,601,0.0992104494,0.330180488,0.002788822800000007,0.0130364476,-1,-1,-1,-1
144,601,0.0991707984,0.3301314034,0.002788822800000007,0.0130364476,-1,-1,-1,-1
145,601,0.0991311474,0.3300823188,0.002788822800000007,0.0130364476,-1,-1,-1,-1
146,601,0.0990914963,0.3300332342,0.002788822800000007,0.0130364476,-1,-1,-1,-1
147,601,0.0990518453,0.3299841496,0.002788822800000007,0.0130364476,-1,-1,-1,-1
148,601,0.0990121942,0.329935065,0.002788822799999993,0.013036447599999945,-1,-1,-1,-1
149,601,0.0989725432,0.3298859803,0.002788822800000007,0.0130364476,-1,-1,-1,-1
150,601,0.0989328921,0.3298368957,0.002788822799999993,0.0130364476,-1,-1,-1,-1
151,601,0.0988932411,0.3297878111,0.002788822799999993,0.0130364476,-1,-1,-1,-1
152,601,0.09885359,0.3297387265,0.002788822799999993,0.0130364476,-1,-1,-1,-1
153,601,0.098813939,0.3296896419,0.002788822799999993,0.0130364476,-1,-1,-1,-1
154,601,0.0987742879,0.3296405572,0.002788822800000007,0.0130364476,-1,-1,-1,-1
155,601,0.0987346369,0.3295914726,0.002788822799999993,0.0130364476,-1,-1,-1,-1
156,601,0.0986949858,0.329542388,0.002788822800000007,0.0130364476,-1,-1,-1,-1
157,601,0.0986553348,0.3294933034,0.002788822800000007,0.0130364476,-1,-1,-1,-1
158,601,0.0980461011,0.3292767365,0.0023732735999999893,0.011997081999999992,-1,-1,-1,-1
159,601,0.0976196741,0.3289519509,0.002373273500000009,0.011997081999999992,-1,-1,-1,-1
160,601,0.0970714003,0.3294934332,0.0025560071000000073,0.011997081999999992,-1,-1,-1,-1
161,601,0.0961575863,0.3291144086,0.0025560072000000017,0.011997081999999992,-1,-1,-1,-1
162,601,0.0959747797,0.3291685179,0.0028605874999999975,0.011997081999999992,-1,-1,-1,-1
163,601,0.0959442632,0.3291685179,0.002799773699999994,0.011997081999999992,-1,-1,-1,-1
164,601,0.0957614566,0.3290060602,0.0025256367999999946,0.011997081999999992,-1,-1,-1,-1
165,601,0.0956091665,0.3291144086,0.0025256367,0.011997081999999992,-1,-1,-1,-1
166,601,0.0956396099,0.3292226272,0.0025256367999999946,0.011997081999999992,-1,-1,-1,-1
167,601,0.0957919001,0.3291144086,0.0025256367,0.011997081999999992,-1,-1,-1,-1
168,601,0.0961878837,0.3292767365,0.0025256367,0.011997081999999992,-1,-1,-1,-1
169,601,0.0960050771,0.3293850848,0.0025256367,0.011997081999999992,-1,-1,-1,-1
170,601,0.096279214,0.3291685179,0.002403862999999992,0.011997081999999992,-1,-1,-1,-1
171,601,0.0965837943,0.3290601695,0.002403863000000006,0.011997081999999992,-1,-1,-1,-1
172,601,0.0965837943,0.3292767365,0.0024343795,0.011997081999999992,-1,-1,-1,-1
173,601,0.096279214,0.3292767365,0.0024343795,0.011997081999999992,-1,-1,-1,-1
174,601,0.0961878107,0.3292767365,0.0024343795,0.011997081999999992,-1,-1,-1,-1
175,601,0.0958831574,0.3292226272,0.0029217663000000033,0.011997081999999992,-1,-1,-1,-1
176,601,0.0956851656,0.3292496819,0.0029217663000000033,0.01199708190000004,-1,-1,-1,-1
177,601,0.0954871737,0.3292767365,0.0029217663999999977,0.011997081999999992,-1,-1,-1,-1
178,601,0.0954567303,0.3293850848,0.0023125326999999946,0.011997081999999992,-1,-1,-1,-1
179,601,0.0954262869,0.3294391941,0.0023125326999999946,0.011997081999999992,-1,-1,-1,-1
180,601,0.0954568033,0.3296557611,0.0023125326999999946,0.011997081999999992,-1,-1,-1,-1
181,601,0.0954872467,0.3294933034,0.002312532800000003,0.011997081999999992,-1,-1,-1,-1
182,601,0.0955176902,0.3297098704,0.0023125326999999946,0.011997081999999992,-1,-1,-1,-1
183,601,0.0956395369,0.3294391941,0.002708443300000002,0.011997081999999992,-1,-1,-1,-1
184,601,0.0952131098,0.3292226272,0.0027084433999999963,0.011997081999999992,-1,-1,-1,-1
185,601,0.0953349566,0.3290601695,0.002708443299999988,0.011997081999999992,-1,-1,-1,-1
186,601,0.0947257229,0.3292767365,0.0027084433999999963,0.011997081999999992,-1,-1,-1,-1
187,601,0.094025159,0.3291142788,0.0024343064000000025,0.011997081999999992,-1,-1,-1,-1
188,601,0.0942688524,0.3292226272,0.002434306499999997,0.011997081999999992,-1,-1,-1,-1
189,601,0.093324595,0.3293850848,0.002434306499999997,0.011997081999999992,-1,-1,-1,-1
190,601,0.0931723048,0.3292767365,0.002434306500000011,0.011997081999999992,-1,-1,-1,-1
191,601,0.0921061277,0.3292226272,0.002921620400000005,0.011997081999999992,-1,-1,-1,-1
192,601,0.0910400235,0.3291683881,0.0024951203000000005,0.011997081999999992,-1,-1,-1,-1
193,601,0.0907353702,0.3293848253,0.0024951203000000005,0.011997081999999992,-1,-1,-1,-1
194,601,0.0902175398,0.3292224974,0.0024951203000000005,0.011997081999999992,-1,-1,-1,-1
195,601,0.0896997095,0.3292767365,0.003073910499999999,0.011997081999999992,-1,-1,-1,-1
196,601,0.0893950561,0.3292226272,0.003073910600000007,0.011997081999999992,-1,-1,-1,-1
197,601,0.0893036528,0.3291144086,0.003073910600000007,0.011997081999999992,-1,-1,-1,-1
198,601,0.0886944192,0.3291144086,0.003073910499999999,0.011997081999999992,-1,-1,-1,-1
199,601,0.0886030889,0.32900619,0.003073910499999999,0.011997082000000048,-1,-1,-1,-1
200,601,0.0886335323,0.3289519509,0.002769330200000003,0.011997081999999992,-1,-1,-1,-1
201,601,0.0884203553,0.3288977119,0.00246467689999999,0.011997081999999992,-1,-1,-1,-1
202,601,0.0890905488,0.3289519509,0.002464676900000004,0.011997081999999992,-1,-1,-1,-1
203,601,0.0886336783,0.3292227569,0.002159950600000002,0.011997081999999992,-1,-1,-1,-1
204,601,0.0879025979,0.3289520807,0.002159950600000002,0.011997081999999992,-1,-1,-1,-1
205,601,0.087415211,0.3289520807,0.0021599504999999936,0.011997081999999992,-1,-1,-1,-1
206,601,0.0865623569,0.3287897528,0.0021599505000000074,0.011997081999999992,-1,-1,-1,-1
207,601,0.0869583405,0.3286814045,0.002159950600000002,0.011997081999999992,-1,-1,-1,-1
208,601,0.08628822,0.3289520807,0.0021599505000000074,0.011997081999999992,-1,-1,-1,-1
