68,294,-0.0257748547,0.6365507127,0.036465098599999995,0.09433741680000007,-1,-1,-1,-1
69,294,0.0337942532,0.6229903003,0.0353700111,0.09377166969999995,-1,-1,-1,-1
70,294,0.0950495768,0.6075372303,0.03378921580000001,0.09868860870000007,-1,-1,-1,-1
71,294,0.150278269,0.5940850365,0.030825252100000006,0.08760061470000002,-1,-1,-1,-1
72,294,0.2022660134,0.5803319326,0.031855364299999994,0.08072587949999999,-1,-1,-1,-1
73,294,0.2519066203,0.5675001142,0.028797734100000028,0.08056796329999993,-1,-1,-1,-1
74,294,0.2955297946,0.55498841,0.02751794190000001,0.07829303720000003,-1,-1,-1,-1
75,294,0.3351001231,0.543614039,0.026238003700000012,0.0765869724999999,-1,-1,-1,-1
76,294,0.3698707563,0.5331876837,0.024958065500000015,0.07469120080000002,-1,-1,-1,-1
77,294,0.4009030529,0.5221924672,0.023043560600000013,0.0717869458,-1,-1,-1,-1
78,294,0.4256876565,0.5104683971,0.02098479609999998,0.07045147129999996,-1,-1,-1,-1
79,294,0.4439090359,0.4997242632,0.01848040409999996,0.06553972270000002,-1,-1,-1,-1
80,294,0.4552091705,0.4908387901,0.0161672873,0.06434516590000006,-1,-1,-1,-1
81,294,0.4565786138,0.4829791878,0.014154808600000013,0.061583515700000035,-1,-1,-1,-1
82,294,0.4503011345,0.4763066162,0.01507804030000004,0.055348749400000063,-1,-1,-1,-1
83,294,0.4404289939,0.4701225855,0.01581247899999999,0.05135283620000003,-1,-1,-1,-1
84,294,0.4322321912,0.4648322015,0.015371231799999996,0.05335046839999996,-1,-1,-1,-1
85,294,0.4316874217,0.4597769399,0.012345578099999976,0.0527050496,-1,-1,-1,-1
86,294,0.4352245543,0.4551617327,0.012063337499999993,0.05146481780000006,-1,-1,-1,-1
87,294,0.4387806683,0.4503271471,0.012450560399999977,0.0512507163,-1,-1,-1,-1
88,294,0.4422988193,0.4459313183,0.012008875200000046,0.048984354200000024,-1,-1,-1,-1
89,294,0.4439645203,0.4419208722,0.01133970379999999,0.046741478500000044,-1,-1,-1,-1
90,294,0.4432236572,0.4384971941,0.01066045739999999,0.046417211999999985,-1,-1,-1,-1
91,294,0.4408262917,0.4346895606,0.011017602000000015,0.04396931779999996,-1,-1,-1,-1
92,294,0.4393471935,0.4317884199,0.010674328600000005,0.04118431109999998,-1,-1,-1,-1
93,294,0.4383857067,0.4292123244,0.010399242700000033,0.043460664400000015,-1,-1,-1,-1
94,294,0.4375424894,0.4266146889,0.010174384599999975,0.041162771099999995,-1,-1,-1,-1
95,294,0.4384419212,0.4241169674,0.009612239800000033,0.04336075049999999,-1,-1,-1,-1
96,294,0.4418146446,0.4224185584,0.009949526700000044,0.04036345870000002,-1,-1,-1,-1
97,294,0.4476044451,0.4178226419,0.01056788599999997,0.03846522159999999,-1,-1,-1,-1
98,294,0.4548145009,0.4138245229,0.011343938100000006,0.040077990100000016,-1,-1,-1,-1
99,294,0.4622556933,0.4104847985,0.011515355700000007,0.03939286519999996,-1,-1,-1,-1
100,294,0.4692346127,0.4073380251,0.010927804799999996,0.03828719289999999,-1,-1,-1,-1
101,294,0.4746865422,0.4038050903,0.01045545710000001,0.035967370399999976,-1,-1,-1,-1
102,294,0.4793600834,0.3989238349,0.010310905599999975,0.0363099328,-1,-1,-1,-1
103,294,0.4827809907,0.3962691056,0.0096363317,0.03648121409999999,-1,-1,-1,-1
104,294,0.4838410354,0.394161568,0.008769022399999993,0.03490633509999996,-1,-1,-1,-1
105,294,0.482684623,0.3917302829,0.008480065300000006,0.03493981289999998,-1,-1,-1,-1
106,294,0.4796526908,0.3896856782,0.008713976000000012,0.03506425120000001,-1,-1,-1,-1
107,294,0.477514058,0.3873774042,0.008814286000000005,0.03441545870000001,-1,-1,-1,-1
108,294,0.4739040657,0.3857314175,0.009167634199999997,0.031908913699999986,-1,-1,-1,-1
109,294,0.4681333928,0.3843574047,0.009163399800000027,0.03366441649999996,-1,-1,-1,-1
110,294,0.4619373879,0.3831808844,0.0092439983,0.032987855600000004,-1,-1,-1,-1
111,294,0.4568402667,0.3815227005,0.009607129400000025,0.03256095010000004,-1,-1,-1,-1
112,294,0.4531025142,0.3804022358,0.009360077600000016,0.03197690710000001,-1,-1,-1,-1
113,294,0.4512613071,0.379311356,0.008800998999999976,0.031516215800000025,-1,-1,-1,-1
114,294,0.4486144077,0.3791726442,0.009059001600000005,0.030141213599999994,-1,-1,-1,-1
115,294,0.443034134,0.3786573732,0.009312623799999975,0.029497222099999998,-1,-1,-1,-1
116,294,0.4360425116,0.3770717243,0.009224578799999994,0.03165536549999998,-1,-1,-1,-1
117,294,0.4314102916,0.3760071855,0.008385887799999991,0.030093851700000007,-1,-1,-1,-1
118,294,0.4246267358,0.3749813796,0.008813774900000015,0.02893069650000002,-1,-1,-1,-1
119,294,0.41784318,0.3739555738,0.009241662099999992,0.027767541299999976,-1,-1,-1,-1
120,294,0.4115655546,0.3729365803,0.008125987000000001,0.026674715100000024,-1,-1,-1,-1
121,294,0.4048386513,0.3712276608,0.008260901799999998,0.02849379959999998,-1,-1,-1,-1
122,294,0.4001234967,0.3700878621,0.0076197645999999675,0.027287045499999996,-1,-1,-1,-1
123,294,0.398086634,0.3681435607,0.007204653399999983,0.026616713100000022,-1,-1,-1,-1
124,294,0.3977471569,0.365864093,0.006261710099999984,0.02675075370000002,-1,-1,-1,-1
125,294,0.3971435446,0.3649925051,0.006186368200000014,0.027153005000000008,-1,-1,-1,-1
126,294,0.3956724772,0.3631822443,0.006299381100000001,0.027086049599999995,-1,-1,-1,-1
127,294,0.3940127626,0.3618414496,0.006223893099999989,0.025476784700000032,-1,-1,-1,-1
128,294,0.3919004119,0.3607016509,0.006601187199999969,0.02333148730000001,-1,-1,-1,-1
129,294,0.3903160393,0.3596289374,0.006488028200000051,0.025007577899999966,-1,-1,-1,-1
130,294,0.3880528586,0.3585562238,0.006450211099999992,0.022325858899999995,-1,-1,-1,-1
131,294,0.3847145939,0.3577274433,0.0064341498999999636,0.024455987499999998,-1,-1,-1,-1
132,294,0.3815137263,0.3568405569,0.006304783499999966,0.02183744790000003,-1,-1,-1,-1
133,294,0.3781188091,0.3558062519,0.0069514692000000045,0.021435066700000005,-1,-1,-1,-1
134,294,0.375726116,0.3548293001,0.00653124770000002,0.021090298399999985,-1,-1,-1,-1
135,294,0.3742712558,0.3536798993,0.0055934148000000294,0.02333148730000001,-1,-1,-1,-1
136,294,0.373171934,0.3532776479,0.005464194400000011,0.021550032800000007,-1,-1,-1,-1
137,294,0.3714259265,0.3523581791,0.005690512500000022,0.022526984600000022,-1,-1,-1,-1
138,294,0.3698417,0.3512663911,0.0059815138000000045,0.022526854799999996,-1,-1,-1,-1
139,294,0.3683866938,0.3504044054,0.005658243900000026,0.02229705249999997,-1,-1,-1,-1
140,294,0.3666731009,0.3500595072,0.005755195699999993,0.020515598099999977,-1,-1,-1,-1
141,294,0.3657527894,0.3505810067,0.005344756900000025,0.018872595800000003,-1,-1,-1,-1
142,294,0.3633298719,0.3492511118,0.005986186100000013,0.020202490699999964,-1,-1,-1,-1
143,294,0.3660024693,0.3503277181,0.005558517999999957,0.01890098699999998,-1,-1,-1,-1
144,294,0.3664637932,0.3494328386,0.005603051500000011,0.018937617799999973,-1,-1,-1,-1
145,294,0.3643597408,0.3492136116,0.005647585100000019,0.01897424860000002,-1,-1,-1,-1
146,294,0.3682114798,0.3459542726,0.0062392486999999774,0.020079414799999973,-1,-1,-1,-1
147,294,0.3714827251,0.3450700333,0.00573665219999997,0.01914249349999997,-1,-1,-1,-1
148,294,0.3741133963,0.3448310737,0.00604738589999998,0.019781109299999988,-1,-1,-1,-1
149,294,0.3757719219,0.3434431891,0.006129757399999991,0.021114625100000006,-1,-1,-1,-1
150,294,0.3758177779,0.3438140513,0.006173202099999997,0.020743762900000018,-1,-1,-1,-1
151,294,0.3761314444,0.3439602088,0.006204327499999995,0.020658721599999985,-1,-1,-1,-1
152,294,0.3760791722,0.3440996992,0.0061780453999999985,0.02047264790000003,-1,-1,-1,-1
153,294,0.3760401871,0.3446985996,0.006262513100000033,0.019367300099999984,-1,-1,-1,-1
154,294,0.376001202,0.3452974999,0.006346980900000021,0.018261952299999995,-1,-1,-1,-1
155,294,0.3759744818,0.3443323562,0.00638742619999999,0.019821260199999968,-1,-1,-1,-1
156,294,0.3760528901,0.3442859026,0.006309017899999991,0.019960750699999974,-1,-1,-1,-1
157,294,0.3760528901,0.3440066623,0.00625674570000001,0.020379611100000028,-1,-1,-1,-1
158,294,0.3760006179,0.3439602088,0.006361290099999972,0.020438781000000017,-1,-1,-1,-1
159,294,0.3760006179,0.34439477,0.006413708299999987,0.01980529999999997,-1,-1,-1,-1
160,294,0.3760980077,0.344069725,0.006337490199999962,0.02023012930000001,-1,-1,-1,-1
161,294,0.3760478673,0.3444095625,0.006319019699999984,0.019667561300000025,-1,-1,-1,-1
162,294,0.3760843929,0.3441395639,0.0063005493000000135,0.019673234599999978,-1,-1,-1,-1
163,294,0.3760534247,0.3448899285,0.0065088112999999725,0.01926965679999998,-1,-1,-1,-1
164,294,0.3760438784,0.3450004456,0.0064579505000000315,0.019333794700000018,-1,-1,-1,-1
165,294,0.3760393209,0.3447906756,0.006407089600000027,0.01939793240000004,-1,-1,-1,-1
166,294,0.3761010234,0.345103511,0.0063562287999999745,0.01914238100000004,-1,-1,-1,-1
167,294,0.3762752645,0.3460109122,0.006406993100000036,0.018172075099999963,-1,-1,-1,-1
168,294,0.3789883086,0.3452101724,0.007177787300000016,0.01820213370000001,-1,-1,-1,-1
169,294,0.3836957245,0.3445163537,0.006674777199999982,0.01868249970000002,-1,-1,-1,-1
170,294,0.3887188177,0.3434218407,0.006244626799999986,0.01977701270000004,-1,-1,-1,-1
171,294,0.3936140047,0.342754882,0.006487006199999978,0.019750022899999997,-1,-1,-1,-1
172,294,0.3993201405,0.3415804378,0.006156727700000031,0.018842621599999998,-1,-1,-1,-1
173,294,0.4054768682,0.3409399498,0.006246670999999981,0.019483109600000048,-1,-1,-1,-1
174,294,0.4110026796,0.3401393399,0.005796225000000044,0.019056074300000003,-1,-1,-1,-1
175,294,0.4171893397,0.3392318089,0.005916392599999987,0.018308924900000023,-1,-1,-1,-1
176,294,0.4227453755,0.3383777384,0.006336760100000005,0.019162995399999994,-1,-1,-1,-1
177,294,0.4295947826,0.3372483204,0.0062552855999999935,0.018118179899999975,-1,-1,-1,-1
178,294,0.4364164475,0.3360586944,0.005894928799999977,0.018712992900000003,-1,-1,-1,-1
179,294,0.4430579339,0.3357842552,0.006203743500000025,0.01793509069999999,-1,-1,-1,-1
180,294,0.4505230722,0.335235247,0.0061523474000000355,0.0171115134,-1,-1,-1,-1
181,294,0.4585030476,0.33432019,0.006641340400000029,0.0183011394,-1,-1,-1,-1
182,294,0.4669978601,0.3334749719,0.006435464000000002,0.015943658100000035,-1,-1,-1,-1
183,294,0.4741867442,0.3326297539,0.00619927189999997,0.015887427600000004,-1,-1,-1,-1
184,294,0.484012745,0.3319418104,0.005883129299999956,0.016787534400000026,-1,-1,-1,-1
185,294,0.4938387459,0.3312538668,0.00556698659999999,0.017687641199999993,-1,-1,-1,-1
186,294,0.501690815,0.3304729801,0.005623931200000043,0.016659694300000027,-1,-1,-1,-1
187,294,0.50861352,0.3295949043,0.0050915726999999356,0.017342224100000025,-1,-1,-1,-1
188,294,0.5144199658,0.3286253488,0.004733113999999983,0.01605748509999999,-1,-1,-1,-1
189,294,0.5195068661,0.3275727478,0.004594402900000016,0.016891572799999977,-1,-1,-1,-1
190,294,0.5244788552,0.3267896552,0.0045760054999999245,0.015399998800000037,-1,-1,-1,-1
191,294,0.5297771804,0.3256518029,0.004804659699999991,0.013818761600000007,-1,-1,-1,-1
192,294,0.5360013655,0.3251859699,0.0051323099000000205,0.01397408250000004,-1,-1,-1,-1
193,294,0.5419173492,0.3240425639,0.0050608518000000435,0.014133374099999985,-1,-1,-1,-1
194,294,0.5478333329,0.3228991579,0.0050959724999999345,0.014292665699999985,-1,-1,-1,-1
195,294,0.5537493167,0.321755752,0.005131093099999928,0.014451957099999968,-1,-1,-1,-1
196,294,0.5596653004,0.320612346,0.005166213800000041,0.014611248700000024,-1,-1,-1,-1
197,294,0.5655812841,0.31946894,0.0047750194000000246,0.014770540200000015,-1,-1,-1,-1
198,294,0.5705075716,0.3171513233,0.004485916300000059,0.012717631000000007,-1,-1,-1,-1
199,294,0.5709769991,0.3164956536,0.004485916300000059,0.012717631000000007,-1,-1,-1,-1
200,294,0.5764167852,0.315918304,0.004528332700000082,0.012540899800000005,-1,-1,-1,-1
201,294,0.5818565714,0.3153409544,0.004570748999999985,0.012364168700000011,-1,-1,-1,-1
202,294,0.5872963575,0.3147636047,0.004613165500000016,0.012187437700000026,-1,-1,-1,-1
203,294,0.5928926195,0.3139676984,0.004655581899999928,0.012010706699999985,-1,-1,-1,-1
204,294,0.5971155688,0.3138113394,0.004655581899999928,0.012010706699999985,-1,-1,-1,-1
205,294,0.5971155688,0.3138113394,0.004655581899999928,0.012010706699999985,-1,-1,-1,-1
206,294,0.597947884,0.3133037962,0.004653845900000064,0.011867280300000005,-1,-1,-1,-1
207,294,0.5987801991,0.3127962531,0.004652110099999995,0.011723853800000017,-1,-1,-1,-1
208,294,0.5996125143,0.3122887099,0.004650374100000021,0.011580427399999982,-1,-1,-1,-1
209,294,0.6004921112,0.3117516164,0.0044185887000000035,0.011437001000000002,-1,-1,-1,-1
210,294,0.601199171,0.3112145229,0.004359340499999975,0.011293574599999967,-1,-1,-1,-1
211,294,0.6019062309,0.3106774294,0.00430009220000005,0.011150148200000043,-1,-1,-1,-1
212,294,0.6026132908,0.3101403358,0.004240843800000005,0.011006721900000016,-1,-1,-1,-1
213,294,0.6033203506,0.3096032423,0.0041815955999999765,0.010863295499999981,-1,-1,-1,-1
214,294,0.6040959484,0.3090772302,0.004122347199999932,0.010719868999999993,-1,-1,-1,-1
215,294,0.6001147944,0.3089592797,0.0038403986999999695,0.010609314800000047,-1,-1,-1,-1
216,294,0.5963990896,0.3086089317,0.0043517316000000195,0.010790327900000007,-1,-1,-1,-1
217,294,0.5923208671,0.3085415092,0.0042867855000000565,0.01093038930000001,-1,-1,-1,-1
218,294,0.5882426445,0.3084740867,0.004221839599999999,0.011070450600000004,-1,-1,-1,-1
219,294,0.584164422,0.3084066642,0.0041568936000000445,0.011210511899999998,-1,-1,-1,-1
220,294,0.5800861994,0.3083392417,0.004091947700000098,0.011350573199999991,-1,-1,-1,-1
221,294,0.5760079769,0.3082718192,0.004027001699999921,0.01238376229999999,-1,-1,-1,-1
222,294,0.5712950125,0.3083125633,0.0038386465999999952,0.012495873699999993,-1,-1,-1,-1
223,294,0.5665026177,0.308444917,0.0038228772999999716,0.012188475800000043,-1,-1,-1,-1
224,294,0.5614776263,0.3083047778,0.00382287739999998,0.012188475800000043,-1,-1,-1,-1
225,294,0.5568966857,0.3083047778,0.0038843774000000275,0.01218922840000003,-1,-1,-1,-1
226,294,0.552315745,0.3083047778,0.003945877499999972,0.012189981000000016,-1,-1,-1,-1
227,294,0.5477348043,0.3083047778,0.004007377700000037,0.012190733600000003,-1,-1,-1,-1
228,294,0.5431538636,0.3083047778,0.0040688778000000925,0.01219148619999999,-1,-1,-1,-1
229,294,0.5385729229,0.3083047778,0.004130377899999926,0.012192238800000033,-1,-1,-1,-1
230,294,0.5350860184,0.3093207869,0.0033830901999999385,0.011630903500000012,-1,-1,-1,-1
231,294,0.5310407653,0.3094540489,0.0034749315000000003,0.009884094499999996,-1,-1,-1,-1
232,294,0.5278368314,0.3095539629,0.0034287917999999973,0.009984008600000038,-1,-1,-1,-1
233,294,0.5240333736,0.3094678033,0.003260148399999996,0.010669652500000015,-1,-1,-1,-1
234,294,0.5200425828,0.3092145147,0.003522385399999939,0.0103568047,-1,-1,-1,-1
