0,400,0.39355331865,0.5222147045,0.2642522349,0.3603863702
0,400,0.6068365142000001,0.5481881559999999,0.409155194,0.3812276296
0,400,0.5900974453,0.5467449170500001,0.3974879862,0.3796563839
0,400,0.64524079365,0.57710347615,0.4353876493,0.4068226243
0,400,0.65414509585,0.5841317807,0.4394419551,0.405860465
0,400,0.56526692105,0.54403491075,0.3800768255,0.3782399401
0,400,0.56946147105,0.5437840226499999,0.3827983369,0.3780760551
0,400,0.48739780635,0.5483178497,0.3285474117,0.3840808894
0,400,0.49231285105,0.54489657215,0.3321077601,0.3800668101
0,400,0.5614117021,0.55195952215,0.3776473374,0.3844545939
0,400,0.5225966188,0.5401433883,0.3523962266,0.37590805
0,400,0.52274803295,0.5408716579,0.3510029833,0.3695546844
0,400,0.48726238065,0.52811224475,0.3281933335,0.3653785367
0,400,0.42656972095,0.52646446215,0.2870578581,0.3653210183
0,400,0.43215111135,0.5288307248999999,0.2908220089,0.3650142662
0,400,0.5061056091,0.5393731937499999,0.339367168,0.3690669741
0,400,0.5138760723,0.54148320975,0.34445144,0.3716017545
0,400,0.5089552602999999,0.53820200655,0.3417994302,0.3704788245
0,400,0.50980095985,0.53733956655,0.3427695317,0.3718883911
0,400,1.0402880489,0.501764521,0.6958327396,0.3401664594
0,400,1.03356048855,0.49477592265,0.6915576641,0.3423312205
0,400,1.0445171307,0.4956589941,0.6987503446,0.3425848984
0,400,0.72465529565,0.4982766124,0.4856508499,0.3454380284
0,400,0.85779902315,0.45394760405,0.5732880717,0.3101237325
0,400,0.706630156,0.49936385899999997,0.4732524156,0.345355502
0,400,0.71297567685,0.50060266335,0.4778152801,0.3465983289
0,400,0.7244705178999999,0.50238956775,0.4851364508,0.3458880309
0,400,0.72935971845,0.5000955671,0.4885826181,0.345020206
0,400,0.7330322767999999,0.5020457077,0.4907577538,0.3449807594
0,400,0.72436823675,0.5053488402499999,0.4850726437,0.3408466535
0,400,0.7314841881,0.50071192,0.4896733252,0.346264071
0,400,0.7312754645,0.49937579675,0.4896904086,0.3455758319
0,400,0.7569805256000001,0.504161485,0.5073315376,0.349167158
0,400,0.9238313372,0.45029678365,0.6172080876,0.3063125955
0,400,0.9162507768499999,0.4489604008,0.6122038299,0.3055693388
0,400,0.9129057226,0.4489882989,0.6099662012,0.305709478
0,400,0.91949289275,0.44826625765,0.6146596001,0.3078410209
0,400,0.45117165600000003,0.5307565933,0.3035582458,0.367328288
0,400,0.45886179819999995,0.5312681013,0.308668362,0.3676503486
0,400,0.52511444395,0.5376967269,0.3528906221,0.3709542596
0,400,0.4436564742,0.5289154,0.2981688378,0.358744932
0,400,0.44358839429999997,0.5316681468,0.2982568544,0.3678491386
0,400,0.5232519922,0.5388602065,0.3504409844,0.3636539164
0,400,0.49402607885,0.5271034372000001,0.3318523857,0.3620397206
0,400,0.44937396045,0.5326872052,0.3021241193,0.3679154452
0,400,0.47959187695,0.5279852112,0.3221667021,0.3652970484
0,400,0.533103326,0.532528251,0.3580378252,0.3673413936
0,400,0.53220951565,0.5349558379999999,0.3571773785,0.3707040852
0,400,0.5342627316499999,0.5341379701,0.3589826667,0.3705390324
0,400,0.9105601913000001,0.47609186594999997,0.608911705,0.3278395313
0,400,0.8589942745999999,0.48698126445,0.5742832872,0.3347783673
0,400,1.05245330255,0.5517208313499999,0.7046908777,0.3826352499
0,400,1.0381268086,0.5387202836,0.6949137908,0.3698988472
0,400,1.04005618235,0.5422045157,0.6970566093,0.3816937222
0,400,1.04846521305,0.5430746978000001,0.7023248561,0.3808143488
0,400,1.0580906668,0.5406740356999999,0.7093195448,0.378002482
0,400,1.05873815555,0.5428145969,0.7091380523,0.3782177514
0,400,1.0516787837,0.49342935375,0.703913171,0.3414264145
0,400,1.0569046141,0.4908241274,0.7081432748,0.3406324222
0,400,1.0053169334,0.45105608965,0.6718342876,0.3076820537
0,400,0.8661254375,0.4557189129,0.5789833714,0.3107139444
0,400,0.9176505176,0.45713129374999995,0.6141672488,0.3130086533
0,400,0.91440489735,0.45617932055,0.6111960575,0.3129812743
0,400,0.34484917575,0.5113627575499999,0.2325764283,0.3509761213
0,400,0.80750421095,0.5893609186,0.5459300125,0.4157387204
0,400,0.4824469254,0.53582433995,0.324452335,0.3708924513
0,400,0.48666228475,0.5408515742,0.3271122235,0.369077051
0,400,0.49010503475,0.5374251539,0.3299260667,0.372734387
0,400,0.5187859335,0.5238256077,0.347881984,0.3627648112
0,400,0.41243907864999996,0.5363954586499999,0.2783851239,0.3719693903
0,400,0.43917995335,0.5331969166,0.2955263227,0.3662913954
0,400,0.4434892488,0.53567292675,0.2982033704,0.3660375801
0,400,0.4642845253,0.5318958729,0.3119145906,0.3664992176
0,400,0.5189079262,0.5336670765,0.3494686928,0.3700667114
0,400,0.4651551624,0.5339883558,0.3127128186,0.3676302926
0,400,0.9109418657499999,0.47884994775,0.6093736859,0.3289664839
0,400,0.9136046804,0.47851101855,0.611115021,0.3287412231
0,400,0.9704427862,0.46873702419999996,0.6487533232,0.3210492688
0,400,0.90825386405,0.47769607030000005,0.6075256163,0.328597321
0,400,0.92505250585,0.4800096644,0.6182174663,0.3309794276
0,400,0.9232313023500001,0.4834933559,0.6172964247,0.3325184932
0,400,1.0140490231500001,0.53944074605,0.6796867699,0.3804270197
0,400,1.0436266785500001,0.54715138555,0.6991929059,0.3824224459
0,400,1.0224166595000002,0.54305503945,0.6850182398,0.3796303025
0,400,1.05664894765,0.54719135125,0.7091980631,0.3823601619
0,400,0.03685042765,0.8066471317,0.0407798121,0.5586893442
0,400,0.3389728067,0.7965170612500001,0.2365485754,0.5558405341
0,400,0.3190496704,0.8035008742,0.2193838366,0.5534048372
0,400,0.0908624369,0.9871838175000001,0.0777214968,0.7296744982
0,400,0.5646181912,0.5402425887,0.3797427508,0.37582747
0,400,0.5528872492,0.53534705985,0.3724282966,0.3705751053
0,400,0.88192022275,0.4757491737,0.5902352073,0.3270173814
0,400,0.8423719784,0.48584328235,0.5635296012,0.3314173625
0,400,0.50247628475,0.538437583,0.3386008987,0.372894798
0,400,0.50503353305,0.53912309725,0.3385871737,0.3691416631
0,400,0.4853481477,0.5353635864,0.3272176702,0.3676208816
0,400,0.46771373525000004,0.5333677767,0.3152010697,0.3690988428
0,400,0.39888677795000005,0.52085232135,0.2689339163,0.3618261381
0,400,0.43722412555,0.53394417585,0.2949961803,0.3709471229
0,400,0.44398246515,0.53475276595,0.2991654265,0.3719803899
0,400,0.49753159979999995,0.53295904925,0.3344275934,0.3680584391
0,400,0.37198595425000003,0.5348737009,0.2520542381,0.3712207836
0,400,0.4049351713,0.53664252365,0.2716378618,0.3624066043
0,400,0.4087590644,0.5313162416999999,0.2753636858,0.366084423
0,400,0.4116508984,0.5330738855,0.2772082512,0.3674895778
0,400,0.4157227257,0.5309547994,0.279571888,0.3613605646
0,400,0.41338807205,0.5268856376,0.2787228301,0.362865374
0,400,0.43681308804999996,0.53332175675,0.2934662117,0.3684014557
0,400,0.43897739465,0.53215089165,0.2951416793,0.3696062417
0,400,0.4196667196,0.53604204645,0.2822443394,0.3706706075
0,400,0.42246941345,0.5346557066,0.2837797981,0.3686741432
0,400,0.33927065425,0.53630545615,0.2302893017,0.3719796113
0,400,0.31280257265,0.5397613144,0.2141058801,0.3766605196
0,400,0.3910527412,0.53279308815,0.264185471,0.3679538537
0,400,0.39913441365,0.5396719757,0.2687692151,0.3685102582
0,400,0.3991992428,0.53119212775,0.2687648348,0.3675656163
0,400,0.19472173674999999,1.4348272343000001,0.1663554671,1.0708221914
0,400,0.83624792075,0.83916673495,0.5704915103,0.6128217751
0,400,0.77187429915,0.8484614663500001,0.5315648011,0.6149744687
0,400,0.7436469595499999,1.32894247855,0.5217663965,0.9993680761
0,400,0.72656476315,1.32494494345,0.5018217875,0.9721905467
0,400,1.0174256158,0.4957993928,0.680714546,0.3442452882
0,400,0.90344285285,0.47867357825,0.6043780429,0.3285457883
0,400,0.89568262495,0.47738984019999997,0.5990997213,0.328612892
0,400,0.8895618891,0.47771897265,0.5949370748,0.3283929513
0,400,0.8816546275,0.47699504994999997,0.5897536608,0.3276001269
0,400,0.5578026588,0.47155959599999997,0.3732922476,0.3214013036
0,400,0.559470258,0.46778122295,0.3741957678,0.3166296941
0,400,0.5601060658,0.45943671315,0.374298998,0.3105733457
0,400,0.5562985927,0.45893201745,0.3720531926,0.3115827371
0,400,0.9022379645,0.47820316654999995,0.6033980126,0.3295668765
0,400,0.9048271893,0.476705429,0.6053612854,0.328815964
0,400,0.87876761195,0.48119903085000004,0.5881523509,0.3307001873
0,400,0.8844522109499999,0.48092984684999995,0.5918585649,0.3303735851
0,400,0.8842468455999999,0.4783090495,0.592134965,0.3311470756
0,400,0.93501977295,0.4764887322,0.6257275761,0.328633264
0,400,0.8700149429,0.48528999215,0.5827519636,0.3339204041
0,400,0.85606666775,0.48658712295000006,0.5734067791,0.3349785847
0,400,0.90808200395,0.47924450524999995,0.6070856831,0.3286989219
0,400,0.8981702256999999,0.47743940794999995,0.6004462408,0.3286017327
0,400,0.8967631842499999,0.47898282049999996,0.5997283015,0.3294302408
0,400,0.9027236723000001,0.479186152,0.6035762928,0.328961034
0,400,0.8723700379,0.47593479325,0.583584084,0.3267211427
0,400,0.87239872925,0.4746285144,0.5833164447,0.3269378394
0,400,0.8673697225499999,0.4811115737,0.5808650549,0.3303872098
0,400,0.86993244625,0.4842519889,0.5817517837,0.3280097744
0,400,0.8655628282000001,0.48144453395,0.5788337406,0.3266654763
0,400,0.86480057425,0.48306106540000004,0.5791130609,0.3298917918
0,400,0.8655628282000001,0.48144453395,0.5788337406,0.3266654763
0,400,0.86480057425,0.48306106540000004,0.5791130609,0.3298917918
0,400,0.8656690517500001,0.483045689,0.5802399789,0.3323313814
0,400,1.1508216514499998,1.4394924418500001,0.7943599491,1.0760771513
0,400,0.7110019640999999,0.5017803516,0.4772410162,0.3455093956
0,400,0.6218173108,0.5835252245,0.4184298548,0.4094569814
0,400,0.34173226484999997,0.5203821414,0.2298392937,0.3587476176
0,400,0.60506897005,0.56965760885,0.4070548163,0.4004090507
0,400,0.59875513375,0.5715516937,0.4022396437,0.4008089664
0,400,0.6239413425,0.58191297515,0.4198111252,0.4069614659
0,400,0.5341053311,0.54757868035,0.3593097328,0.3807682845
0,400,0.52245075315,0.5496629912,0.3510648923,0.3821133612
0,400,0.8947945820500001,0.47971284189999996,0.5981261155,0.329127644
0,400,0.59666607195,0.56449062515,0.4012153719,0.3941443101
0,400,0.5906619993,0.5624070929,0.3969554816,0.3951286582
0,400,0.4974021605,0.5198748505,0.3337490772,0.3601353848
0,400,0.49542961595,0.5220634223,0.3324736653,0.3600849088
0,400,0.81009117265,0.5918801150499999,0.5448800427,0.4195939753
0,400,0.62775195475,0.6148931101,0.4221146051,0.4348889994
0,400,0.633475685,0.61737662305,0.4269602942,0.4382444245
0,400,0.38042812955,0.67424283315,0.2609810991,0.4793839689
0,400,0.16841525364999999,0.69864294665,0.1219912837,0.5001680373
0,400,0.1581515829,0.7060158248,0.1131632726,0.5024364754
0,400,0.6450357933,0.5914171367000001,0.4338989144,0.4169448256
0,400,0.32610423515,0.5364551326,0.2192868119,0.3676465856
0,400,0.32999661395,0.5321655111,0.2228976803,0.3671442904
0,400,0.5246590336,0.5197328298,0.3512263812,0.3526788124
0,400,0.5221547145000001,0.52030097745,0.3500301076,0.3586615877
0,400,0.20480209,0.5303222267,0.139259937,0.3661029784
0,400,0.5332767149,0.5209792251,0.3571916876,0.3609834864
0,400,0.52937199805,0.5225180312,0.3554671439,0.3609147144
0,400,0.19416302325,0.53039106355,0.1326254591,0.3668850329
0,400,0.1254342752,0.5157713027,0.0855947376,0.3551185318
0,400,0.1350181522,0.5142620167,0.0918144694,0.3538459902
0,400,0.13962204585000001,0.5167874416,0.0955440453,0.354617664
0,400,0.18707182075,0.50494496685,0.1268797541,0.3464746691
0,400,0.14610870780000002,0.50701700615,0.0993865508,0.3475867365
0,400,0.13826760525,0.51238596825,0.0939388661,0.3514332605
0,400,0.16855029205,0.51405355505,0.1139980325,0.3520114119
0,400,0.1387608053,0.5125314275,0.0942340834,0.3517327432
0,400,0.22019091609999997,0.5436114438999999,0.149551423,0.3769123808
0,400,0.2159553368,0.542283625,0.1471028074,0.377029942
0,400,0.1399611945,0.49852016914999997,0.0947817914,0.3397572011
0,400,0.1364576081,0.49875762725000006,0.0925055426,0.3398667173
0,400,0.28837241235,0.5431432752,0.1941974819,0.3763928278
0,400,0.28538249505,0.5441058238,0.1947724029,0.3763289866
0,400,0.30871242095,0.52834645885,0.2078437319,0.3647300037
0,400,0.3135981537,0.52774509305,0.2114453286,0.3641122235
0,400,0.5564887729,0.5329482144,0.3734176716,0.368198189
0,400,0.13697828575,0.51725852985,0.0937288283,0.3557243743
0,400,0.4858980476,0.5427525723,0.3265578568,0.3758037242
0,400,0.15295915259999998,0.51071156445,0.1040820042,0.3496503787
0,400,0.15046392285,0.50935448515,0.1021994029,0.3498485199
0,400,0.44405125125,0.53743922115,0.2982010779,0.3714905515
0,400,0.1587061352,0.5104321003,0.1075895694,0.348584354
0,400,0.16302119145,0.50978599705,0.1105227977,0.3486522763
0,400,0.14218761675,0.49796357004999997,0.0963709093,0.3399703943
0,400,0.18259499369999999,0.5206926535,0.1237053876,0.3586562676
0,400,0.17593803,0.5220852866000001,0.119941645,0.359680192
0,400,0.3186396809,0.52997045135,0.2152468152,0.3661582555
0,400,0.4571355024,0.5216222434,0.3078895358,0.3579880114
0,400,0.4793557031,0.5228101825,0.3224355096,0.3588996946
0,400,0.1447536014,0.4950669061,0.0984159974,0.3373615996
0,400,0.15192476955,0.49548888069999997,0.1026727727,0.337886343
0,400,0.24218447025,0.53106152575,0.1636061405,0.3659196297
0,400,0.1503885153,0.5020098366500001,0.1021182254,0.3433641895
0,400,0.15328163255,0.5027294675,0.1041935659,0.3434571766
0,400,0.19375218290000001,0.5200149897,0.1317706338,0.3561941
0,400,0.14120024949999999,0.49386917025,0.095790294,0.3366314485
0,400,0.13424315879999998,0.49843653975,0.0911509194,0.3396400291
0,400,0.1467836624,0.49405290830000004,0.0991808308,0.3354690718
0,400,0.14721625845,0.50172598275,0.0999762293,0.3427395705
0,400,0.12952774865,0.51328266435,0.0880971585,0.3527229303
0,400,0.04179080085,0.562173852,0.0310013421,0.388644496
0,400,0.5389767911500001,0.5253005077,0.3624137947,0.3658005114
0,400,0.54072338265,0.53416937175,0.3628118225,0.3699377315
0,400,0.5417428361000001,0.5307111778,0.3641930928,0.3691944748
0,400,0.67901197705,0.6020278139499999,0.4572534797,0.4265808219
0,400,0.6710317096,0.6034388728,0.452185415,0.4274817352
0,400,0.41254843205,0.53637215205,0.2781217001,0.3676288087
0,400,0.6096384051,0.5900272285,0.4104235974,0.4028716076
0,400,0.6126648618,0.5844971157,0.4135171464,0.409923074
0,400,0.6513076513,0.6010118049,0.440292327,0.4230913562
0,400,0.83372367115,0.74847436435,0.5649497837,0.5422142043
0,400,0.8207617778,0.75505954365,0.5558996888,0.5442904701
0,400,0.80905799405,0.7569406526,0.5476697415,0.5480337434
0,400,0.69040081365,0.91384158615,0.4720089803,0.6693850641
0,400,0.92139221245,0.8537571705,0.6243576947,0.6307419436
0,400,0.9579208990499999,0.81922719985,0.6509483165,0.6027061915
0,400,0.9674062546500001,0.86479546685,0.6565361829,0.6345389369
0,400,0.8422225720000001,1.05129833765,0.5762367772,0.7789125303
0,400,0.8015721222000001,1.0691342279,0.547325738,0.795543548
0,400,1.0085421203,1.4164130753,0.701046378,1.0663200904
0,400,1.04479586695,1.3121578268,0.7210276359,1.0073990894
0,400,0.6049588773,0.67813759955,0.4094905828,0.4853514327
0,400,0.60144788085,0.7197871596500001,0.4068942035,0.5194282217
0,400,0.6321852339,0.7408887471000001,0.4305310094,0.5344664538
0,400,0.8623129736499999,0.5984618557,0.5794886029,0.4136365028
0,400,0.7850464492,0.6930922671,0.5344631326,0.4991694158
0,400,0.62371480535,0.7019363472,0.4247853045,0.5027536052
0,400,0.6172611629,0.6841157685,0.4165486406,0.4767540236
0,400,0.66835896615,0.8190820649999999,0.4549640169,0.5835010246
0,400,0.6742657949499999,0.7767638592499999,0.4556328963,0.5432812085
0,400,0.86464112965,0.4680324355,0.5781260221,0.3215013474
0,400,0.8728743750500001,0.4854843376,0.5842155845,0.3333315872
0,400,1.03939224305,0.5388816815499999,0.6964750449,0.3795255009
0,400,1.05081402955,0.54026516675,0.7034749899,0.3760720215
0,400,1.02960578705,0.5418794922000001,0.6893296721,0.3813777602
0,400,0.8540852104,0.57996177305,0.574088532,0.4131694933
0,400,0.8709129754,0.5829118734000001,0.5851211488,0.414005536
0,400,0.86090074885,0.47045424820000004,0.5760079769,0.321999101
0,400,0.9104284158,0.4789673144,0.6085082748,0.328956233
0,400,1.02882401625,0.5435350161,0.6892460075,0.3827499564
0,400,1.04468373,0.53261616235,0.699832291,0.3673947243
0,400,1.1128535088,0.52624476035,0.7466223122,0.3701528711
0,400,0.90109827055,0.47613715160000003,0.6027081075,0.3270625374
0,400,0.7929028257499999,0.69521803585,0.5344165549,0.4984755971
0,400,0.64251103265,0.7032502818499999,0.4379342387,0.5022535159
0,400,0.60700574175,0.667547489,0.4117953769,0.4765338234
0,400,0.66758875465,0.74042953175,0.4521903793,0.5341521787
0,400,0.6507224365,0.80129736445,0.4442438406,0.5806250571
0,400,0.8967352230000001,0.4763996531,0.5997167666,0.327812801
0,400,0.8718234433,0.48453869039999997,0.5837185608,0.331973767
0,400,0.8478644626,0.5779339955,0.5699042514,0.4095360044
0,400,0.5233568286,0.519029928,0.3508585778,0.357471313
0,400,0.70738868655,0.59449033715,0.4760824137,0.4173574577
0,400,0.70035625385,0.5919655611,0.4705290061,0.4189743784
0,400,0.7665169122,0.7445419680500001,0.522122957,0.5424543873
0,400,1.02411207685,0.49662910345,0.6856935437,0.3438329157
0,400,0.9051099950499999,0.4854521116,0.6057153637,0.334331479
0,400,0.51064023485,0.52405158215,0.3438158513,0.3606485797
0,400,0.934094059,0.47288767425,0.6243886492,0.3249989879
0,400,0.9182253655000001,0.47795870149999997,0.6150897504,0.3288750042
0,400,0.7598648399,0.5028963396,0.5093324814,0.3462660174
0,400,0.75451541065,0.5030453023,0.5058801817,0.3475018374
0,400,0.7754954614,0.5019919877,0.5198714572,0.3442458072
0,400,0.8470864044,0.4694296738,0.5666167866,0.3222151814
0,400,0.8315492945,0.4708019599,0.5559430604,0.3217263
0,400,0.8347590495499999,0.47023613275,0.5580126917,0.3215507075
0,400,0.8498091189999999,0.47100189395000003,0.5689299156,0.3226994077
0,400,0.8515903883,0.47062695675,0.5700590238,0.3225516127
0,400,0.8191119994,0.47269875895,0.5478671054,0.3234464793
0,400,0.8437467147500001,0.47094337285,0.5643323003,0.3220757883
0,400,0.8472162437999999,0.46964455515000003,0.5667972692,0.3211790273
0,400,0.87548110845,0.4690553867,0.5859188105,0.3217166168
0,400,0.87808581045,0.46950902234999997,0.5871803513,0.3217651465
0,400,0.8054254375000001,0.4716543961,0.5388223108,0.322715368
0,400,0.855944675,0.45379838175,0.572353305,0.3103902565
0,400,0.9510547736499999,0.4550637218,0.6361341193,0.3125931666
0,400,1.0679590110000001,0.5347573723000001,0.715440743,0.3674080894
0,400,1.0682626423,0.5397261499,0.7161252944,0.378399024
0,400,0.06342921825,0.53049188595,0.0460421495,0.3701879059
0,400,1.0346833913,0.5381504924,0.6952112166,0.378779649
0,400,0.4049351713,0.53664252365,0.2716378618,0.3624066043
0,400,0.4087590644,0.5313162416999999,0.2753636858,0.366084423
0,400,0.4116508984,0.5330738855,0.2772082512,0.3674895778
0,400,0.3910527412,0.53279308815,0.264185471,0.3679538537
0,400,0.39913441365,0.5396719757,0.2687692151,0.3685102582
0,400,0.3991992428,0.53119212775,0.2687648348,0.3675656163
0,400,0.90344285285,0.47867357825,0.6043780429,0.3285457883
0,400,0.89568262495,0.47738984019999997,0.5990997213,0.328612892
0,400,0.8895618891,0.47771897265,0.5949370748,0.3283929513
0,400,0.8655628282000001,0.48144453395,0.5788337406,0.3266654763
0,400,0.8655628282000001,0.48144453395,0.5788337406,0.3266654763
0,400,0.86480057425,0.48306106540000004,0.5791130609,0.3298917918
0,400,0.86480057425,0.48306106540000004,0.5791130609,0.3298917918
0,400,0.8655628282000001,0.48144453395,0.5788337406,0.3266654763
0,400,0.8655628282000001,0.48144453395,0.5788337406,0.3266654763
0,400,0.86480057425,0.48306106540000004,0.5791130609,0.3298917918
0,400,0.86480057425,0.48306106540000004,0.5791130609,0.3298917918
