10,261,0.7479323289,0.35586101,0.004665510599999978,0.022150814600000013,-1,-1,-1,-1
11,261,0.7392389405,0.3595093001,0.004160018299999901,0.01877657450000003,-1,-1,-1,-1
12,261,0.7313248164,0.3604391495,0.004749175299999964,0.02156651209999999,-1,-1,-1,-1
13,261,0.7236777476,0.3605452919,0.004386920399999994,0.021174252199999966,-1,-1,-1,-1
14,261,0.7182443616,0.3626198709,0.005634590100000003,0.0190996732,-1,-1,-1,-1
15,261,0.7094703748,0.3609745331,0.005192028700000018,0.019385920499999987,-1,-1,-1,-1
16,261,0.7049224036,0.3621906298,0.005151729399999971,0.019815031799999994,-1,-1,-1,-1
17,261,0.701972968,0.362548374,0.004641856700000058,0.019664901199999973,-1,-1,-1,-1
18,261,0.6968615377,0.3635165022,0.004860144199999916,0.020711014299999997,-1,-1,-1,-1
19,261,0.6923836521,0.3656332526,0.00526751670000003,0.020017325400000008,-1,-1,-1,-1
20,261,0.6886183033,0.3658744737,0.004283690200000079,0.020620183400000047,-1,-1,-1,-1
21,261,0.6836655877,0.3671405274,0.004860436299999993,0.020439429799999964,-1,-1,-1,-1
22,261,0.6784754572,0.3674419564,0.0061834479000000275,0.020740858799999984,-1,-1,-1,-1
23,261,0.6752602804,0.3687923532,0.004748737300000028,0.02018782800000002,-1,-1,-1,-1
24,261,0.6707244281,0.3696339668,0.004748737300000028,0.020187828100000027,-1,-1,-1,-1
25,261,0.6664765108,0.3691095478,0.004852551599999977,0.021567096100000016,-1,-1,-1,-1
26,261,0.6617560998,0.3698048588,0.0050794536999999584,0.021972915699999984,-1,-1,-1,-1
27,261,0.6571473877,0.3710714315,0.005358919999999934,0.021928149100000016,-1,-1,-1,-1
28,261,0.6533737163,0.3722602789,0.004999585299999998,0.022128625999999985,-1,-1,-1,-1
29,261,0.6489226968,0.3730830776,0.006225207199999971,0.02210838370000001,-1,-1,-1,-1
30,261,0.6443897647,0.373615347,0.004727857600000052,0.022614052500000037,-1,-1,-1,-1
31,261,0.6398136132,0.3740396573,0.005012580400000077,0.022782608799999993,-1,-1,-1,-1
32,261,0.6359691261,0.375079542,0.004966440699999963,0.023393901100000003,-1,-1,-1,-1
33,261,0.6312890143,0.3759708531,0.005328549600000065,0.02314619219999997,-1,-1,-1,-1
34,261,0.6265760499,0.3769610403,0.006503505399999998,0.023600995700000016,-1,-1,-1,-1
35,261,0.623422052,0.377581805,0.005034336100000036,0.02345242219999999,-1,-1,-1,-1
36,261,0.619967562,0.379306555,0.005965890599999968,0.022969461100000033,-1,-1,-1,-1
37,261,0.6158028714,0.380889998,0.0051235492000000216,0.022834771799999987,-1,-1,-1,-1
38,261,0.6108733717,0.3816488257,0.005822360999999998,0.022972834799999953,-1,-1,-1,-1
39,261,0.6044471064,0.3807149538,0.006609363899999998,0.02328581230000004,-1,-1,-1,-1
40,261,0.6005443607,0.3811584684,0.005002067500000096,0.024303248700000002,-1,-1,-1,-1
41,261,0.5945520421,0.3802766296,0.005002067499999985,0.024303248699999946,-1,-1,-1,-1
42,261,0.5861966707,0.3814300529,0.005002067499999985,0.024303248700000002,-1,-1,-1,-1
43,261,0.5807781779,0.3825307943,0.005873173100000018,0.024698103900000046,-1,-1,-1,-1
44,261,0.5735781968,0.3822926874,0.006628783499999957,0.024856279500000023,-1,-1,-1,-1
45,261,0.5670938189,0.3828283305,0.0063150043999999905,0.02455874330000002,-1,-1,-1,-1
46,261,0.5595588871,0.381480529,0.0063150043999999905,0.024758700999999994,-1,-1,-1,-1
47,261,0.5564589135,0.381480529,0.0063150043999999905,0.024758700999999994,-1,-1,-1,-1
48,261,0.5519036416,0.3794564261,0.0063150043999999905,0.024758700999999994,-1,-1,-1,-1
49,261,0.54144103,0.3775588377,0.0063150043999999905,0.024758701100000002,-1,-1,-1,-1
50,261,0.5350334542,0.3779382516,0.007536245900000016,0.02412249510000003,-1,-1,-1,-1
51,261,0.5289417016,0.377357712,0.0067645742999999925,0.0238977534,-1,-1,-1,-1
52,261,0.5235394161,0.3769851754,0.007325697199999981,0.024017260900000004,-1,-1,-1,-1
53,261,0.5189207752,0.3766045937,0.006458971899999999,0.0240369842,-1,-1,-1,-1
54,261,0.513659829,0.3766589625,0.006978919500000069,0.02393110129999998,-1,-1,-1,-1
55,261,0.5088553153,0.3764828802,0.006435901999999993,0.023501860200000002,-1,-1,-1,-1
56,261,0.5036545259,0.3765268683,0.00769904889999995,0.023325907700000037,-1,-1,-1,-1
57,261,0.4995104229,0.3767532969,0.006946650800000065,0.022459639899999995,-1,-1,-1,-1
58,261,0.4949252187,0.3784485918,0.005951581300000008,0.022404492499999984,-1,-1,-1,-1
59,261,0.4909808596,0.3785664125,0.006960668000000003,0.02295596620000001,-1,-1,-1,-1
60,261,0.4882958512,0.3783363507,0.005469158799999985,0.02283243600000001,-1,-1,-1,-1
61,261,0.4862627848,0.3777057243,0.004976953499999992,0.022742383700000035,-1,-1,-1,-1
62,261,0.4851241858,0.3767244905,0.0055868443000000045,0.01921061679999997,-1,-1,-1,-1
63,261,0.4840155193,0.3761724978,0.005413966400000025,0.02200263050000001,-1,-1,-1,-1
64,261,0.4827087149,0.3756075293,0.004597469199999982,0.022086324699999993,-1,-1,-1,-1
65,261,0.4799877876,0.374736201,0.004924389299999998,0.02169912530000001,-1,-1,-1,-1
66,261,0.4758720108,0.374659903,0.005195678999999953,0.020992590199999994,-1,-1,-1,-1
67,261,0.4725210432,0.3738774592,0.005283432000000032,0.01966866420000002,-1,-1,-1,-1
68,261,0.4691115249,0.3721423285,0.004695150999999953,0.02081209620000002,-1,-1,-1,-1
69,261,0.4656863833,0.3712516661,0.005405497799999992,0.020965081500000038,-1,-1,-1,-1
70,261,0.4612677784,0.3705699149,0.005369870900000018,0.0205549149,-1,-1,-1,-1
71,261,0.4563033819,0.369327088,0.005369870899999962,0.02055491479999999,-1,-1,-1,-1
72,261,0.4542922172,0.3678479708,0.005369870899999962,0.020554914800000046,-1,-1,-1,-1
73,261,0.451310221,0.3694181784,0.004281354000000015,0.020414386399999984,-1,-1,-1,-1
74,261,0.448092416,0.3708113955,0.0042447051000000235,0.01840416760000002,-1,-1,-1,-1
75,261,0.4444561416,0.3684952062,0.004735450199999991,0.020085837800000006,-1,-1,-1,-1
76,261,0.4405262377,0.3682681288,0.005696645,0.019393835800000037,-1,-1,-1,-1
77,261,0.4376960937,0.3675174759,0.004437440399999992,0.01974885500000001,-1,-1,-1,-1
78,261,0.4347129294,0.367423401,0.005331469799999988,0.019105382599999998,-1,-1,-1,-1
79,261,0.4319743347,0.3676977104,0.005331469799999988,0.019105382599999998,-1,-1,-1,-1
80,261,0.4291200987,0.366943554,0.0050312698000000156,0.01935698429999999,-1,-1,-1,-1
81,261,0.42720866,0.3661895273,0.004666970800000003,0.0193569844,-1,-1,-1,-1
82,261,0.4249329222,0.3656410382,0.004937092400000009,0.019082804600000003,-1,-1,-1,-1
83,261,0.4235443513,0.3653668584,0.0045900225999999655,0.018465673200000032,-1,-1,-1,-1
84,261,0.4225413972,0.364612702,0.004590168700000008,0.0185343154,-1,-1,-1,-1
85,261,0.4219037643,0.3647259812,0.0045901686,0.0185343154,-1,-1,-1,-1
86,261,0.4222775542,0.3639409422,0.004336838299999979,0.0185343154,-1,-1,-1,-1
87,261,0.4231207715,0.3636554735,0.004336838399999987,0.0185343154,-1,-1,-1,-1
88,261,0.4233616907,0.3635032668,0.004336838399999987,0.018055506499999985,-1,-1,-1,-1
89,261,0.423803376,0.362861092,0.005099311299999965,0.018055506499999985,-1,-1,-1,-1
90,261,0.4251284319,0.3621474202,0.00469777920000003,0.018412212699999986,-1,-1,-1,-1
91,261,0.4253693511,0.3628609622,0.004537166399999959,0.017984139399999988,-1,-1,-1,-1
92,261,0.4255299639,0.3610769125,0.0045371664000000145,0.018412212699999986,-1,-1,-1,-1
93,261,0.4254496575,0.3605773423,0.003975021499999953,0.01826947830000003,-1,-1,-1,-1
94,261,0.4249063481,0.3598343451,0.003768415000000025,0.018794221700000002,-1,-1,-1,-1
95,261,0.4234081225,0.3576176806,0.004263394500000017,0.018113508599999995,-1,-1,-1,-1
96,261,0.4201634513,0.3604680856,0.004280915900000015,0.014701249199999988,-1,-1,-1,-1
97,261,0.4185888615,0.3576838574,0.004885842299999998,0.016822541299999993,-1,-1,-1,-1
98,261,0.4153440444,0.3574187608,0.005445358899999975,0.017949364099999976,-1,-1,-1,-1
99,261,0.4119127703,0.3600040692,0.004773997299999999,0.017220121300000002,-1,-1,-1,-1
100,261,0.4072615688,0.3582995615,0.004773997299999999,0.017220121300000002,-1,-1,-1,-1
101,261,0.4051197237,0.3600672616,0.005525227299999991,0.016986555999999986,-1,-1,-1,-1
102,261,0.4025303529,0.3589592538,0.004518330899999978,0.016986555900000033,-1,-1,-1,-1
103,261,0.4003458724,0.3594558395,0.004221781199999997,0.0159374585,-1,-1,-1,-1
104,261,0.3979480689,0.3576807432,0.004518330899999978,0.017125916600000013,-1,-1,-1,-1
105,261,0.3957027016,0.3573398676,0.004518330900000034,0.016986555999999986,-1,-1,-1,-1
106,261,0.3918050663,0.3575354137,0.005171148999999986,0.017564500299999952,-1,-1,-1,-1
107,261,0.3886144194,0.3566555213,0.005066604699999977,0.018064459799999988,-1,-1,-1,-1
108,261,0.385028957,0.3572097198,0.004646529199999971,0.01776964860000002,-1,-1,-1,-1
109,261,0.3824566696,0.3568633944,0.0039450890999999655,0.01776964860000002,-1,-1,-1,-1
110,261,0.3790271477,0.3563560386,0.004880293799999991,0.017930549100000026,-1,-1,-1,-1
111,261,0.3757289122,0.3560518847,0.004843940800000002,0.0176298124,-1,-1,-1,-1
112,261,0.3724306766,0.3557477307,0.004807587999999974,0.017329075800000038,-1,-1,-1,-1
113,261,0.3713263393,0.3557034182,0.00477123500000004,0.017028339199999964,-1,-1,-1,-1
114,261,0.3687594032,0.3554858781,0.004734882100000004,0.016727602499999994,-1,-1,-1,-1
115,261,0.3646690179,0.3554850347,0.004698529200000023,0.016426865800000023,-1,-1,-1,-1
116,261,0.3626750388,0.3549987906,0.004662176299999987,0.016126129200000006,-1,-1,-1,-1
117,261,0.3599496873,0.3547725826,0.0046258234000000065,0.015825392599999988,-1,-1,-1,-1
118,261,0.3572243358,0.3545463746,0.00458947049999997,0.015524655900000017,-1,-1,-1,-1
119,261,0.3544989843,0.3543201666,0.0045531175999999896,0.0152239193,-1,-1,-1,-1
120,261,0.3522613118,0.3536125546,0.004516764600000001,0.014923182599999973,-1,-1,-1,-1
121,261,0.3497259653,0.3530926123,0.004339174599999995,0.01486803980000001,-1,-1,-1,-1
122,261,0.3472395327,0.3521394063,0.003997945299999972,0.015246160799999964,-1,-1,-1,-1
123,261,0.3439656029,0.3519845346,0.00525921909999999,0.015577022100000004,-1,-1,-1,-1
124,261,0.341268561,0.351648265,0.005288367199999977,0.015395981599999997,-1,-1,-1,-1
125,261,0.3406088511,0.3515904665,0.004297449399999986,0.014153859400000024,-1,-1,-1,-1
126,261,0.3367103116,0.3514575378,0.004191708900000035,0.01619332979999999,-1,-1,-1,-1
127,261,0.3334438738,0.3511513815,0.0041486723999999975,0.015392369799999972,-1,-1,-1,-1
128,261,0.3301430202,0.3512121975,0.00410563589999996,0.015243065200000017,-1,-1,-1,-1
129,261,0.3274272353,0.3509264286,0.004062599399999978,0.015093760499999997,-1,-1,-1,-1
130,261,0.3248654543,0.3522825828,0.004019562799999987,0.014944455799999978,-1,-1,-1,-1
131,261,0.3215942538,0.352715862,0.003976526199999997,0.014795151200000023,-1,-1,-1,-1
132,261,0.3176697484,0.3524464125,0.003933489700000015,0.014645846500000004,-1,-1,-1,-1
133,261,0.3147549933,0.3523806189,0.0038904530999999687,0.014496541799999985,-1,-1,-1,-1
134,261,0.3119605518,0.3522077746,0.003847416600000042,0.014347237099999965,-1,-1,-1,-1
135,261,0.3091661103,0.3520349303,0.003804379999999996,0.014197932400000002,-1,-1,-1,-1
136,261,0.3063716688,0.3518620859,0.003761343500000014,0.014048627799999991,-1,-1,-1,-1
137,261,0.3035772273,0.3516892416,0.0037183069000000235,0.013899323100000027,-1,-1,-1,-1
138,261,0.3000302025,0.3529009301,0.004008421699999987,0.013750018500000016,-1,-1,-1,-1
139,261,0.297208883,0.3527775334,0.003851289800000046,0.013535013699999987,-1,-1,-1,-1
140,261,0.2943875636,0.3526541367,0.003815806799999988,0.013383443399999972,-1,-1,-1,-1
141,261,0.2915662441,0.3525307399,0.0037803238999999933,0.013532532400000019,-1,-1,-1,-1
142,261,0.2887449246,0.3524073432,0.0037448409999999988,0.013613658400000006,-1,-1,-1,-1
143,261,0.285957124,0.3522839465,0.0036758392999999834,0.013478755499999995,-1,-1,-1,-1
144,261,0.2842220674,0.3521605497,0.0036393406999999933,0.013343852699999992,-1,-1,-1,-1
145,261,0.2810470681,0.352037153,0.003946962899999962,0.013336582600000035,-1,-1,-1,-1
146,261,0.2789282686,0.3519137563,0.004632073900000033,0.014309378500000025,-1,-1,-1,-1
147,261,0.2759049665,0.3508727516,0.004555256399999985,0.014934637000000028,-1,-1,-1,-1
148,261,0.2734563355,0.3506492596,0.004490734699999999,0.01464558290000001,-1,-1,-1,-1
149,261,0.2675631588,0.353172803,0.0039906447000000456,0.015554151900000035,-1,-1,-1,-1
150,261,0.2639156415,0.35150878,0.00399064469999999,0.015554151799999971,-1,-1,-1,-1
151,261,0.2626554148,0.3511354648,0.003990644799999998,0.015554151799999971,-1,-1,-1,-1
152,261,0.2596316593,0.3493934568,0.004326763600000005,0.015268812999999992,-1,-1,-1,-1
153,261,0.2563039075,0.3495770651,0.004570019000000036,0.014654406400000042,-1,-1,-1,-1
154,261,0.2544638685,0.3495770651,0.0032094823999999633,0.014361671200000037,-1,-1,-1,-1
155,261,0.2511673632,0.3494979124,0.0031312200999999984,0.015051856699999977,-1,-1,-1,-1
156,261,0.2481014104,0.3498673349,0.0033038058000000037,0.01423074489999998,-1,-1,-1,-1
157,261,0.2453623776,0.3498673349,0.0029930930000000022,0.014219974899999988,-1,-1,-1,-1
158,261,0.2439787711,0.3497669018,0.0029930930000000022,0.014219974900000043,-1,-1,-1,-1
159,261,0.2406151004,0.3495653869,0.002920525300000004,0.01416794170000002,-1,-1,-1,-1
160,261,0.2383473933,0.3492294421,0.0024671590000000243,0.01416807149999999,-1,-1,-1,-1
161,261,0.237153894,0.3488214814,0.0024671589999999965,0.01416807149999999,-1,-1,-1,-1
162,261,0.2339407613,0.3489845878,0.0028172949999999974,0.01371067279999999,-1,-1,-1,-1
163,261,0.231232683,0.3488214814,0.003046679400000002,0.013955397300000005,-1,-1,-1,-1
164,261,0.2288294771,0.3490416815,0.0032443791,0.013955397400000014,-1,-1,-1,-1
165,261,0.2261164344,0.3491737757,0.0030466792999999937,0.013955397300000005,-1,-1,-1,-1
166,261,0.223870629,0.3492277552,0.0030466793000000214,0.01410890170000001,-1,-1,-1,-1
167,261,0.2204713315,0.3480630429,0.0030466792999999937,0.01410890170000001,-1,-1,-1,-1
168,261,0.2173586549,0.3487909881,0.0030466792999999937,0.01410890170000001,-1,-1,-1,-1
169,261,0.2144484234,0.348718518,0.003046679400000002,0.014108901600000001,-1,-1,-1,-1
170,261,0.211538192,0.3486460479,0.0030466792999999937,0.014108901600000001,-1,-1,-1,-1
171,261,0.2086279605,0.3485735777,0.003046679400000002,0.014108901699999954,-1,-1,-1,-1
172,261,0.2057177291,0.3485011076,0.0030466792999999937,0.014108901699999954,-1,-1,-1,-1
173,261,0.2031304024,0.3480084146,0.0028362766000000206,0.014235545900000035,-1,-1,-1,-1
174,261,0.1993135116,0.3492145199,0.004620246999999994,0.013029440599999997,-1,-1,-1,-1
175,261,0.1949397322,0.3495673332,0.005297814200000001,0.01284090160000001,-1,-1,-1,-1
176,261,0.1914396137,0.3491050037,0.005896680899999979,0.013700811099999988,-1,-1,-1,-1
177,261,0.1880974797,0.3491582047,0.004625430500000027,0.013281431600000004,-1,-1,-1,-1
178,261,0.1846291917,0.349662576,0.003994879099999987,0.0127211344,-1,-1,-1,-1
179,261,0.1812870578,0.3501108916,0.004278652699999996,0.011095909200000031,-1,-1,-1,-1
180,261,0.1774152665,0.3498817381,0.004968630899999993,0.01281040830000002,-1,-1,-1,-1
181,261,0.174341064,0.3498220492,0.004066643800000019,0.012860754600000024,-1,-1,-1,-1
182,261,0.1709644713,0.3501494299,0.004066643799999992,0.012533373900000033,-1,-1,-1,-1
183,261,0.1671846674,0.3495224368,0.004066643800000019,0.012533373899999978,-1,-1,-1,-1
184,261,0.1642112129,0.3497911667,0.004066643800000019,0.012533373900000033,-1,-1,-1,-1
185,261,0.1599274497,0.3507765527,0.004066643799999992,0.012533373899999978,-1,-1,-1,-1
186,261,0.1551397273,0.3516722757,0.004393125899999989,0.012738781600000026,-1,-1,-1,-1
187,261,0.1513874466,0.3518985745,0.00425273570000001,0.012685710399999994,-1,-1,-1,-1
188,261,0.1483098858,0.3518285049,0.0040773026999999795,0.01230538819999999,-1,-1,-1,-1
189,261,0.1452634985,0.3518285049,0.004115192699999992,0.012233761499999996,-1,-1,-1,-1
190,261,0.1430825223,0.351684992,0.003588893600000004,0.012210405000000035,-1,-1,-1,-1
191,261,0.1411484518,0.3518344738,0.003334687400000008,0.01223778400000003,-1,-1,-1,-1
192,261,0.1391391853,0.3519387997,0.0035214363000000137,0.012188475699999979,-1,-1,-1,-1
193,261,0.1372787777,0.3518652266,0.0035214363000000137,0.012188475799999987,-1,-1,-1,-1
194,261,0.1357228775,0.3520455909,0.0035214362000000055,0.012188475800000043,-1,-1,-1,-1
195,261,0.1343251078,0.3515521193,0.004018021900000002,0.011973855199999994,-1,-1,-1,-1
196,261,0.1337969836,0.3511140546,0.003952754700000005,0.012948601100000012,-1,-1,-1,-1
197,261,0.1327105109,0.3508776346,0.0038419318000000036,0.011924028000000031,-1,-1,-1,-1
198,261,0.1321087238,0.3504590337,0.003841931900000012,0.011924027900000023,-1,-1,-1,-1
199,261,0.1312714929,0.3504590337,0.003841931899999984,0.0118350136,-1,-1,-1,-1
200,261,0.1297801298,0.3499939792,0.003841931899999984,0.0118350136,-1,-1,-1,-1
201,261,0.1290680674,0.3499524565,0.0037038779000000133,0.011422770799999982,-1,-1,-1,-1
202,261,0.1283560051,0.3499109338,0.0035658238000000064,0.01101052800000002,-1,-1,-1,-1
203,261,0.1276090094,0.3497864954,0.0033511867000000084,0.009387638400000009,-1,-1,-1,-1
204,261,0.1264452964,0.3497864954,0.003339432800000014,0.009387638400000009,-1,-1,-1,-1
205,261,0.1257115878,0.3498765478,0.0030655878999999997,0.009387638400000009,-1,-1,-1,-1
206,261,0.1248347148,0.3498765478,0.0028229895000000116,0.009387638400000009,-1,-1,-1,-1
207,261,0.123822635,0.3491569071,0.0028229893999999894,0.009387638499999962,-1,-1,-1,-1
208,261,0.1226891464,0.3491569071,0.002822989499999984,0.009387638499999962,-1,-1,-1,-1
209,261,0.1217782527,0.3487542665,0.003940489699999994,0.010253257399999993,-1,-1,-1,-1
210,261,0.1208875815,0.3485135644,0.0034814291000000025,0.009792095800000011,-1,-1,-1,-1
211,261,0.1196443652,0.3483478628,0.0036135696999999994,0.009754076499999986,-1,-1,-1,-1
212,261,0.1190538941,0.3481270139,0.003613569600000005,0.009754076399999978,-1,-1,-1,-1
213,261,0.117375563,0.3480164596,0.003613569599999991,0.009754076499999986,-1,-1,-1,-1
214,261,0.1170336767,0.347850758,0.0030541259999999903,0.009754076500000042,-1,-1,-1,-1
215,261,0.1158366001,0.3476781792,0.00318203219999999,0.01043401100000002,-1,-1,-1,-1
216,261,0.1157500152,0.3476781792,0.0031820320999999957,0.01043401100000002,-1,-1,-1,-1
217,261,0.1147136974,0.3472419311,0.003182032200000004,0.010434011099999974,-1,-1,-1,-1
218,261,0.1123975144,0.3470488504,0.003929976900000007,0.012151883899999993,-1,-1,-1,-1
219,261,0.1116976805,0.3468599221,0.0036581032000000124,0.01043401100000002,-1,-1,-1,-1
220,261,0.1101334576,0.3461901087,0.0036099193,0.010522895600000026,-1,-1,-1,-1
221,261,0.1098403392,0.3460412757,0.0035800599000000016,0.0112457802,-1,-1,-1,-1
222,261,0.109149485,0.3459456436,0.003221090299999993,0.012298251499999968,-1,-1,-1,-1
223,261,0.1086649453,0.3457490595,0.003221090300000007,0.012207809799999969,-1,-1,-1,-1
224,261,0.1078304886,0.345787468,0.003786447499999998,0.01212152040000003,-1,-1,-1,-1
225,261,0.1066537807,0.3454263501,0.0032903727999999965,0.012320310399999979,-1,-1,-1,-1
226,261,0.1065230272,0.3454263501,0.002789771800000007,0.012179392700000014,-1,-1,-1,-1
227,261,0.1057167508,0.3456587476,0.002615287899999999,0.011637131900000042,-1,-1,-1,-1
228,261,0.1052590773,0.3456587476,0.002621785399999993,0.011362303399999996,-1,-1,-1,-1
229,261,0.1046767827,0.3457302445,0.002568856199999997,0.011055684100000018,-1,-1,-1,-1
230,261,0.1044622916,0.3456831422,0.0026509877999999903,0.010916712699999997,-1,-1,-1,-1
231,261,0.1035932302,0.3451101286,0.002534908500000002,0.009802216899999994,-1,-1,-1,-1
