156,286,0.7569154043,0.3455501397,0.005967642699999942,0.017795859800000036,-1,-1,-1,-1
157,286,0.7501519981,0.346492965,0.005967642700000053,0.017795859800000036,-1,-1,-1,-1
158,286,0.7400732511,0.3484964363,0.00603393200000002,0.021802932100000005,-1,-1,-1,-1
159,286,0.7331772663,0.3490856697,0.00603393200000002,0.021802932100000005,-1,-1,-1,-1
160,286,0.7237615583,0.3503820869,0.0074927343999999785,0.023410510200000012,-1,-1,-1,-1
161,286,0.7157234703,0.3517675184,0.0075217906999999196,0.0223714042,-1,-1,-1,-1
162,286,0.7105108539,0.3515077419,0.006791148399999947,0.02124574909999999,-1,-1,-1,-1
163,286,0.7074906027,0.351421193,0.007180707499999994,0.02141897669999998,-1,-1,-1,-1
164,286,0.7059512017,0.351940746,0.006820204800000007,0.02548846299999996,-1,-1,-1,-1
165,286,0.7048794761,0.3523192516,0.006966362499999934,0.02736113760000003,-1,-1,-1,-1
166,286,0.7048794761,0.3523192516,0.006966362499999934,0.02736113760000003,-1,-1,-1,-1
167,286,0.7054090604,0.3520829614,0.006436778199999993,0.027348032000000022,-1,-1,-1,-1
168,286,0.7054090604,0.3520829614,0.006285218000000037,0.027348032000000022,-1,-1,-1,-1
169,286,0.7054903889,0.3520829614,0.006203889499999948,0.027348032000000022,-1,-1,-1,-1
170,286,0.7054903889,0.3520829614,0.006203889499999948,0.027348032000000022,-1,-1,-1,-1
171,286,0.7054903889,0.3522024689,0.006096132899999995,0.027228524500000018,-1,-1,-1,-1
172,286,0.7054903889,0.3520531169,0.006203889499999948,0.02737787650000001,-1,-1,-1,-1
173,286,0.7054903889,0.3520531169,0.006203889499999948,0.02737787650000001,-1,-1,-1,-1
174,286,0.7054903889,0.352333525,0.005823967200000002,0.027097468400000047,-1,-1,-1,-1
175,286,0.7054903889,0.352333525,0.005823967200000002,0.027097468400000047,-1,-1,-1,-1
176,286,0.7054903889,0.352333525,0.005823967200000002,0.027097468400000047,-1,-1,-1,-1
177,286,0.7054903889,0.352333525,0.005823967200000002,0.027097468400000047,-1,-1,-1,-1
178,286,0.7053738716,0.3525804555,0.005940484500000065,0.026850537900000027,-1,-1,-1,-1
179,286,0.7053738716,0.3525804555,0.005940484500000065,0.026850537900000027,-1,-1,-1,-1
180,286,0.7053738716,0.3525804555,0.005940484500000065,0.026850537900000027,-1,-1,-1,-1
181,286,0.7053738716,0.3525804555,0.005940484500000065,0.026850537900000027,-1,-1,-1,-1
182,286,0.7053738716,0.3525804555,0.005940484500000065,0.026850537900000027,-1,-1,-1,-1
183,286,0.7053738716,0.3525804555,0.005940484500000065,0.026850537900000027,-1,-1,-1,-1
184,286,0.7053738716,0.3525804555,0.005940484500000065,0.026850537900000027,-1,-1,-1,-1
185,286,0.7053738716,0.3525804555,0.005940484500000065,0.026850537900000027,-1,-1,-1,-1
186,286,0.7053738716,0.3525804555,0.005940484500000065,0.026850537900000027,-1,-1,-1,-1
187,286,0.7053738716,0.3525804555,0.005940484500000065,0.026850537900000027,-1,-1,-1,-1
188,286,0.7053738716,0.3525804555,0.005940484500000065,0.026850537900000027,-1,-1,-1,-1
189,286,0.7053738716,0.3525804555,0.0059057337000000265,0.026797726199999983,-1,-1,-1,-1
190,286,0.7053738716,0.3525804555,0.0059057337000000265,0.026797726199999983,-1,-1,-1,-1
191,286,0.7053738716,0.3525804555,0.0059057337000000265,0.026797726199999983,-1,-1,-1,-1
192,286,0.7053738716,0.3525804555,0.0059057337000000265,0.026797726199999983,-1,-1,-1,-1
193,286,0.7053738716,0.3525804555,0.0059057337000000265,0.026797726199999983,-1,-1,-1,-1
194,286,0.7053738716,0.3525804555,0.0059057337000000265,0.026797726199999983,-1,-1,-1,-1
195,286,0.7053738716,0.35227176,0.0059057337000000265,0.027106421699999994,-1,-1,-1,-1
196,286,0.7053738716,0.35227176,0.0059057337000000265,0.027106421699999994,-1,-1,-1,-1
197,286,0.7053738716,0.35227176,0.0059057337000000265,0.027106421699999994,-1,-1,-1,-1
198,286,0.7053738716,0.35227176,0.0059057337000000265,0.027106421699999994,-1,-1,-1,-1
199,286,0.7053738716,0.35227176,0.0059057337000000265,0.027106421699999994,-1,-1,-1,-1
200,286,0.7053738716,0.35227176,0.0059057337000000265,0.027106421699999994,-1,-1,-1,-1
201,286,0.7053738716,0.35227176,0.0059057337000000265,0.027106421699999994,-1,-1,-1,-1
202,286,0.7053738716,0.35227176,0.0059057337000000265,0.027106421699999994,-1,-1,-1,-1
203,286,0.7053738716,0.35227176,0.0059057337000000265,0.027106421699999994,-1,-1,-1,-1
204,286,0.7053738716,0.35227176,0.0059057337000000265,0.026982891600000003,-1,-1,-1,-1
205,286,0.7053738716,0.35227176,0.0059057337000000265,0.02673596119999999,-1,-1,-1,-1
206,286,0.7053738716,0.35227176,0.0059057337000000265,0.02667419609999999,-1,-1,-1,-1
207,286,0.7053738716,0.35227176,0.0059057337000000265,0.02685949120000003,-1,-1,-1,-1
208,286,0.7053738716,0.35227176,0.0059057337000000265,0.02667419609999999,-1,-1,-1,-1
209,286,0.7053738716,0.35227176,0.0059057337000000265,0.026550666,-1,-1,-1,-1
210,286,0.7053738716,0.35227176,0.0059057337000000265,0.026550666,-1,-1,-1,-1
211,286,0.7053738716,0.35227176,0.0059057337000000265,0.026550666,-1,-1,-1,-1
212,286,0.7053738716,0.35227176,0.0059057337000000265,0.026550666,-1,-1,-1,-1
213,286,0.7053738716,0.35227176,0.0059057337000000265,0.026550666,-1,-1,-1,-1
214,286,0.7053738716,0.35227176,0.0059057337000000265,0.026550666,-1,-1,-1,-1
215,286,0.7053738716,0.35227176,0.0059057337000000265,0.026550666,-1,-1,-1,-1
216,286,0.7053738716,0.35227176,0.0059057337000000265,0.026550666,-1,-1,-1,-1
217,286,0.7053738716,0.35227176,0.0059057337000000265,0.026550666,-1,-1,-1,-1
218,286,0.7053738716,0.35227176,0.0059057337000000265,0.026550666,-1,-1,-1,-1
219,286,0.7053738716,0.35227176,0.0059057337000000265,0.026550666,-1,-1,-1,-1
220,286,0.7053738716,0.35227176,0.0059057337000000265,0.026550666,-1,-1,-1,-1
221,286,0.7053738716,0.35227176,0.0059057337000000265,0.026550666,-1,-1,-1,-1
222,286,0.7053738716,0.35227176,0.0059057337000000265,0.026550666,-1,-1,-1,-1
223,286,0.7053738716,0.35227176,0.0059057337000000265,0.026550666,-1,-1,-1,-1
224,286,0.7053738716,0.35227176,0.0059057337000000265,0.026550666,-1,-1,-1,-1
225,286,0.7053738716,0.35227176,0.0059057337000000265,0.026550666,-1,-1,-1,-1
226,286,0.7053738716,0.35227176,0.0059057337000000265,0.026550666,-1,-1,-1,-1
227,286,0.7053738716,0.35227176,0.0059057337000000265,0.026550666,-1,-1,-1,-1
228,286,0.7053738716,0.35227176,0.0059057337000000265,0.026550666,-1,-1,-1,-1
229,286,0.7053738716,0.35227176,0.0059057337000000265,0.026550666,-1,-1,-1,-1
230,286,0.7053738716,0.35227176,0.0059057337000000265,0.026550666,-1,-1,-1,-1
231,286,0.7053738716,0.35227176,0.0059057337000000265,0.026550666,-1,-1,-1,-1
232,286,0.7053738716,0.35227176,0.0059057337000000265,0.026550666,-1,-1,-1,-1
233,286,0.7053738716,0.35227176,0.0059057337000000265,0.026550666,-1,-1,-1,-1
234,286,0.7053738716,0.35227176,0.0059057337000000265,0.026550666,-1,-1,-1,-1
