12,464,0.0207261364,0.3595815755,0.003506762099999998,0.013304788200000028,-1,-1,-1,-1
13,464,0.0227155453,0.3596993963,0.003506762099999998,0.013304788200000028,-1,-1,-1,-1
14,464,0.0269595933,0.3602886296,0.003506762099999998,0.013304788199999973,-1,-1,-1,-1
15,464,0.0300763583,0.3598170872,0.003506762099999998,0.013304788200000028,-1,-1,-1,-1
16,464,0.034718361,0.3589919529,0.0030330272999999977,0.012553745999999977,-1,-1,-1,-1
17,464,0.0386971788,0.3593455448,0.0030330272999999977,0.012553745999999977,-1,-1,-1,-1
18,464,0.0428749375,0.3591097736,0.0030330272999999977,0.012553745999999977,-1,-1,-1,-1
19,464,0.0466939455,0.3591097736,0.0030330272999999977,0.012553745999999977,-1,-1,-1,-1
20,464,0.0492809802,0.3586718387,0.0028064171,0.011078002499999962,-1,-1,-1,-1
21,464,0.0528535935,0.3584529361,0.0028064172000000012,0.011078002500000017,-1,-1,-1,-1
22,464,0.0564262069,0.3585623225,0.0028064171,0.011078002500000017,-1,-1,-1,-1
23,464,0.0604299927,0.3580150011,0.002806417100000007,0.011078002500000017,-1,-1,-1,-1
24,464,0.0641257669,0.3577960985,0.0028064171,0.011078002500000017,-1,-1,-1,-1
25,464,0.067821541,0.3579056147,0.0028064171999999943,0.011078002500000017,-1,-1,-1,-1
26,464,0.0710862158,0.3577962283,0.0028063440999999967,0.010530421600000006,-1,-1,-1,-1
27,464,0.0775538754,0.3586719684,0.0028063440999999967,0.010530421600000006,-1,-1,-1,-1
28,464,0.0795249598,0.3598762571,0.002806344199999991,0.010530421600000006,-1,-1,-1,-1
29,464,0.082419933,0.3600952895,0.002806344200000005,0.01053042159999995,-1,-1,-1,-1
30,464,0.0840830059,0.3592194196,0.0028063441000000106,0.010530421600000006,-1,-1,-1,-1
31,464,0.0846989561,0.3583435497,0.0028063440999999967,0.010530421600000006,-1,-1,-1,-1
32,464,0.0893186921,0.3561540047,0.0030130235999999977,0.010243655299999987,-1,-1,-1,-1
33,464,0.0922667405,0.3561540047,0.0027026759000000067,0.010312557099999953,-1,-1,-1,-1
34,464,0.0944777221,0.3560849731,0.003362137600000009,0.010933062300000018,-1,-1,-1,-1
35,464,0.0970766567,0.3562229064,0.003129395000000007,0.010657325500000037,-1,-1,-1,-1
36,464,0.0994427757,0.3560160714,0.0036337191999999963,0.010726227199999994,-1,-1,-1,-1
37,464,0.1020734678,0.3560767983,0.002985646500000008,0.010837040999999992,-1,-1,-1,-1
38,464,0.1048749206,0.3559553444,0.0036006475999999926,0.010533406100000031,-1,-1,-1,-1
39,464,0.1073502563,0.3561717816,0.0029625035999999993,0.010387557499999978,-1,-1,-1,-1
40,464,0.1095009351,0.3562439273,0.003084204300000004,0.010820302100000012,-1,-1,-1,-1
41,464,0.1125468113,0.3559327664,0.0030842044000000124,0.010820302100000012,-1,-1,-1,-1
42,464,0.1151726121,0.355808328,0.0028029128000000014,0.011031029899999989,-1,-1,-1,-1
43,464,0.1179547183,0.3559788307,0.0028029129000000097,0.011031029899999989,-1,-1,-1,-1
44,464,0.1209286838,0.3572293134,0.002802912899999996,0.011031029899999989,-1,-1,-1,-1
45,464,0.1236190947,0.3573981292,0.002802912899999996,0.011031029899999989,-1,-1,-1,-1
46,464,0.1265429052,0.3575905611,0.0028029129000000097,0.011031029900000044,-1,-1,-1,-1
47,464,0.129069637,0.3564357104,0.0028029129000000097,0.011031029899999989,-1,-1,-1,-1
48,464,0.1313798336,0.355537522,0.003458505200000017,0.01060671959999998,-1,-1,-1,-1
49,464,0.1341953764,0.3554093206,0.002989223799999996,0.010734920999999953,-1,-1,-1,-1
50,464,0.1369025787,0.3552809895,0.0029892236999999877,0.010734921000000008,-1,-1,-1,-1
51,464,0.1397541864,0.3548318953,0.002989223799999996,0.010734921000000008,-1,-1,-1,-1
52,464,0.1426099555,0.3552994152,0.002946150400000014,0.010892966799999959,-1,-1,-1,-1
53,464,0.1450899636,0.3551658937,0.0030965423999999853,0.010892966800000015,-1,-1,-1,-1
54,464,0.1480209287,0.3551658937,0.002645585300000003,0.010759445300000003,-1,-1,-1,-1
55,464,0.1510138758,0.3548374749,0.0026157988999999937,0.010339676600000014,-1,-1,-1,-1
56,464,0.1543625802,0.3546485465,0.002615799000000002,0.010339676600000014,-1,-1,-1,-1
57,464,0.1574725556,0.3543776107,0.002831531199999987,0.010327998399999982,-1,-1,-1,-1
58,464,0.1607809609,0.3543776107,0.002533302300000012,0.010308923899999989,-1,-1,-1,-1
59,464,0.1640035113,0.3545303365,0.002533302300000012,0.010308923899999989,-1,-1,-1,-1
60,464,0.1669643358,0.3542049022,0.0026527399000000063,0.01052821570000001,-1,-1,-1,-1
61,464,0.1700777424,0.353987946,0.002744362199999989,0.010745171900000017,-1,-1,-1,-1
62,464,0.1734582044,0.3532670077,0.0027443622999999973,0.01074517199999997,-1,-1,-1,-1
63,464,0.1769423347,0.3535563692,0.002672159499999993,0.010676918899999999,-1,-1,-1,-1
64,464,0.1802100757,0.3533263073,0.002672159499999993,0.010676919000000007,-1,-1,-1,-1
65,464,0.1832412048,0.3535058931,0.00283496250000001,0.010306328699999978,-1,-1,-1,-1
66,464,0.1863389153,0.3533091792,0.0028512427000000062,0.011104992300000005,-1,-1,-1,-1
67,464,0.1893332494,0.3531045501,0.0027886768000000006,0.010893615599999962,-1,-1,-1,-1
68,464,0.1923532086,0.3527691243,0.0027640738000000165,0.010948243999999996,-1,-1,-1,-1
69,464,0.1955146531,0.3530000945,0.0027640738000000165,0.010948244000000051,-1,-1,-1,-1
70,464,0.1987633396,0.3530649737,0.002629962099999994,0.010925666,-1,-1,-1,-1
71,464,0.2021580378,0.3530649737,0.0025569562000000157,0.0107310283,-1,-1,-1,-1
72,464,0.2052379348,0.3528320572,0.0025569562000000157,0.0107310283,-1,-1,-1,-1
73,464,0.2083803247,0.3522114223,0.0024508788000000004,0.011216454799999998,-1,-1,-1,-1
74,464,0.2116172573,0.3521200723,0.002538923800000009,0.010883364700000009,-1,-1,-1,-1
75,464,0.2150964232,0.3522765611,0.002381085199999994,0.010777481799999988,-1,-1,-1,-1
76,464,0.2184435215,0.3520418279,0.0022929672000000234,0.011168703700000004,-1,-1,-1,-1
77,464,0.2215962053,0.3524189061,0.00242335560000001,0.010838598100000041,-1,-1,-1,-1
78,464,0.2249611171,0.3520956777,0.00242335560000001,0.010838598099999985,-1,-1,-1,-1
79,464,0.2283078504,0.3516380195,0.0024733646,0.011634666399999993,-1,-1,-1,-1
80,464,0.2319688738,0.3518540674,0.0022928211999999892,0.011350105999999971,-1,-1,-1,-1
81,464,0.2353300623,0.3515761246,0.0025401649000000026,0.011004818800000038,-1,-1,-1,-1
82,464,0.2385738574,0.350742556,0.0023058160999999966,0.01100481870000003,-1,-1,-1,-1
83,464,0.2419914063,0.3504533243,0.0023595485000000027,0.011141843700000043,-1,-1,-1,-1
84,464,0.2453682181,0.3506702805,0.0023595483999999944,0.010924887500000036,-1,-1,-1,-1
85,464,0.248297358,0.3505314389,0.0025632347,0.01055754120000002,-1,-1,-1,-1
86,464,0.2512672352,0.3506759899,0.0025632347000000277,0.01055754120000002,-1,-1,-1,-1
87,464,0.2551213591,0.3510524193,0.0025632346999999722,0.01055754120000002,-1,-1,-1,-1
88,464,0.2574084857,0.3507512498,0.002348305599999989,0.009875271000000019,-1,-1,-1,-1
89,464,0.2601615356,0.3496220913,0.002348305599999989,0.009875271000000019,-1,-1,-1,-1
90,464,0.2626602332,0.3497726112,0.0023483056000000446,0.009875270899999955,-1,-1,-1,-1
91,464,0.2648853049,0.3497726112,0.0021488537000000085,0.009875270899999955,-1,-1,-1,-1
92,464,0.2670883289,0.3505557038,0.0021488536000000003,0.00987527090000001,-1,-1,-1,-1
93,464,0.2695146047,0.3506454967,0.0021488536000000003,0.00987527090000001,-1,-1,-1,-1
94,464,0.2716154205,0.3525690367,0.0021488536000000003,0.009875271000000019,-1,-1,-1,-1
95,464,0.2757053531,0.351963324,0.0021488537000000085,0.009875270999999963,-1,-1,-1,-1
96,464,0.2786876413,0.3524933875,0.0021488537000000085,0.00987527090000001,-1,-1,-1,-1
97,464,0.2818276221,0.3519507374,0.0021488537000000085,0.009875271000000019,-1,-1,-1,-1
98,464,0.2858785697,0.3530307175,0.0021488536000000003,0.00987527090000001,-1,-1,-1,-1
99,464,0.2878653504,0.3527900154,0.0021488536000000003,0.009875271000000019,-1,-1,-1,-1
100,464,0.2913871517,0.3536727625,0.0021488536000000003,0.009875270999999963,-1,-1,-1,-1
101,464,0.2940289407,0.3541331457,0.0021488536000000003,0.009875271000000019,-1,-1,-1,-1
102,464,0.2969464971,0.353488419,0.0021488536000000003,0.00987527090000001,-1,-1,-1,-1
103,464,0.2998640534,0.3528436922,0.0021488536000000003,0.009875271000000019,-1,-1,-1,-1
104,464,0.3027816098,0.3521989655,0.0021488536000000003,0.00987527090000001,-1,-1,-1,-1
105,464,0.3053363758,0.3506853325,0.0021488537000000085,0.00987527090000001,-1,-1,-1,-1
106,464,0.3104460539,0.3518626314,0.0021488537000000085,0.009875270999999963,-1,-1,-1,-1
107,464,0.3129461743,0.3520323976,0.002153521699999994,0.009360684300000033,-1,-1,-1,-1
108,464,0.3153160169,0.3521933175,0.0021579465000000075,0.00887291200000001,-1,-1,-1,-1
109,464,0.3175623703,0.3523458521,0.0021621406999999815,0.008410556899999977,-1,-1,-1,-1
110,464,0.3225391778,0.3489381343,0.0021621406999999815,0.008410556900000032,-1,-1,-1,-1
111,464,0.3229063972,0.3475604882,0.0024068562000000293,0.00906311249999997,-1,-1,-1,-1
112,464,0.3259638814,0.3468810727,0.0024068562000000293,0.00906311249999997,-1,-1,-1,-1
113,464,0.328925728,0.3463763121,0.0024068562000000293,0.009063112500000026,-1,-1,-1,-1
114,464,0.3310445032,0.3455880292,0.0025649869000000103,0.009691532900000022,-1,-1,-1,-1
115,464,0.3339042876,0.3451039002,0.002382180299999981,0.010148412600000045,-1,-1,-1,-1
116,464,0.3367395421,0.344456016,0.0023023118999999648,0.010101959100000002,-1,-1,-1,-1
117,464,0.3394476204,0.3442443799,0.0021238856000000417,0.008832661399999997,-1,-1,-1,-1
118,464,0.3417886253,0.3441404433,0.0021238856999999944,0.008832661399999997,-1,-1,-1,-1
119,464,0.3440461117,0.34373923,0.0015864167000000373,0.008832661399999997,-1,-1,-1,-1
120,464,0.3460778639,0.3436818768,0.0019088104999999689,0.008917782900000004,-1,-1,-1,-1
121,464,0.3477870764,0.3434525935,0.0019088104999999689,0.008917782900000004,-1,-1,-1,-1
122,464,0.3487222811,0.3431087335,0.0019088105000000244,0.008917782900000004,-1,-1,-1,-1
123,464,0.3489442189,0.3431087335,0.0019088104000000161,0.008917782900000004,-1,-1,-1,-1
124,464,0.3489442189,0.3431087335,0.0020773078999999917,0.008917782900000004,-1,-1,-1,-1
125,464,0.3489105389,0.3431886215,0.002033066299999997,0.009040318200000008,-1,-1,-1,-1
126,464,0.3488768588,0.3432685094,0.0019888248999999636,0.009162853500000012,-1,-1,-1,-1
127,464,0.3488431788,0.3433483974,0.0019445833000000246,0.009285388800000016,-1,-1,-1,-1
128,464,0.3489445109,0.3433709105,0.001944583299999969,0.00928538879999996,-1,-1,-1,-1
129,464,0.349045843,0.3433934236,0.001944583299999969,0.00928538879999996,-1,-1,-1,-1
130,464,0.349045843,0.3433934236,0.0019660336999999806,0.00928538879999996,-1,-1,-1,-1
131,464,0.349045843,0.3433934236,0.0019874842000000004,0.00928538879999996,-1,-1,-1,-1
132,464,0.349045843,0.3433934236,0.0020089345999999564,0.00928538879999996,-1,-1,-1,-1
133,464,0.349045843,0.3433934236,0.002030385099999976,0.00928538879999996,-1,-1,-1,-1
134,464,0.349045843,0.3433934236,0.0020518354999999877,0.00928538879999996,-1,-1,-1,-1
135,464,0.349045843,0.3433934236,0.002073285999999952,0.00928538879999996,-1,-1,-1,-1
136,464,0.349045843,0.3433934236,0.0020947363999999635,0.00928538879999996,-1,-1,-1,-1
137,464,0.349045843,0.3433934236,0.0021161868999999833,0.00928538879999996,-1,-1,-1,-1
138,464,0.349045843,0.3433934236,0.002137637299999995,0.00928538879999996,-1,-1,-1,-1
139,464,0.349045843,0.3433934236,0.002159087799999959,0.00928538879999996,-1,-1,-1,-1
140,464,0.349045843,0.3433934236,0.0021805381999999707,0.00928538879999996,-1,-1,-1,-1
141,464,0.349045843,0.3433934236,0.0021805381999999707,0.00928538879999996,-1,-1,-1,-1
142,464,0.3490128444,0.3435105956,0.002213536799999971,0.01025299789999995,-1,-1,-1,-1
143,464,0.3490128444,0.3435105956,0.002147539499999962,0.01025299789999995,-1,-1,-1,-1
144,464,0.3490788416,0.3432763815,0.002015690999999986,0.0101943471,-1,-1,-1,-1
145,464,0.3490788416,0.3432763815,0.002015690999999986,0.0101943471,-1,-1,-1,-1
146,464,0.3490788416,0.3432763815,0.002015690999999986,0.0101943471,-1,-1,-1,-1
147,464,0.3490788416,0.3432763815,0.002015690999999986,0.0101943471,-1,-1,-1,-1
148,464,0.3490788416,0.3432763815,0.002015690999999986,0.0101943471,-1,-1,-1,-1
149,464,0.3491328659,0.3432763815,0.002007514400000021,0.010282842399999992,-1,-1,-1,-1
150,464,0.3491868903,0.3432763815,0.001999337599999984,0.010371337699999983,-1,-1,-1,-1
151,464,0.3492409146,0.3432763815,0.001991161000000019,0.010459832999999974,-1,-1,-1,-1
152,464,0.3492409146,0.3432763815,0.002023575599999994,0.010690154299999977,-1,-1,-1,-1
153,464,0.3494354021,0.3435068326,0.002023575599999994,0.010517315999999999,-1,-1,-1,-1
154,464,0.3500187187,0.3434492198,0.002023575599999994,0.010517315999999999,-1,-1,-1,-1
155,464,0.3505366221,0.3431954122,0.0018270439000000471,0.010517315999999999,-1,-1,-1,-1
156,464,0.3507773953,0.3432488727,0.0023008518000000033,0.010547809200000036,-1,-1,-1,-1
157,464,0.351487742,0.3432488727,0.0023008518000000033,0.010547809200000036,-1,-1,-1,-1
158,464,0.3516575536,0.343188535,0.0023008518000000033,0.01054780919999998,-1,-1,-1,-1
159,464,0.3519303034,0.343188535,0.0023008518000000033,0.01054780919999998,-1,-1,-1,-1
160,464,0.3523848377,0.343188535,0.0022482876000000096,0.010340065899999973,-1,-1,-1,-1
161,464,0.352952677,0.343188535,0.002051901899999986,0.010150099400000001,-1,-1,-1,-1
162,464,0.3539305171,0.3430764236,0.0018309863000000037,0.009981932400000004,-1,-1,-1,-1
163,464,0.3545897598,0.3430764236,0.0018093764999999595,0.009913030699999992,-1,-1,-1,-1
164,464,0.3546886097,0.3430764236,0.0020072223,0.009913030699999992,-1,-1,-1,-1
165,464,0.3545987395,0.3430764236,0.0020970925000000085,0.009913030699999992,-1,-1,-1,-1
166,464,0.3545088693,0.3430764236,0.002186962700000017,0.009913030699999992,-1,-1,-1,-1
167,464,0.3545088693,0.3427801849,0.002186962700000017,0.009913030699999992,-1,-1,-1,-1
168,464,0.354842214,0.3429283692,0.002083732400000038,0.010290887399999948,-1,-1,-1,-1
169,464,0.3563643855,0.3431148321,0.0017486357000000008,0.010037728600000018,-1,-1,-1,-1
170,464,0.3578840749,0.3432989594,0.0017486357000000008,0.010037728600000018,-1,-1,-1,-1
171,464,0.3598445735,0.3431841232,0.0017486357000000008,0.008964236399999992,-1,-1,-1,-1
172,464,0.3617233056,0.3432379729,0.0017486355999999925,0.0089642365,-1,-1,-1,-1
173,464,0.3658116321,0.3448816239,0.0017486357000000008,0.0089642365,-1,-1,-1,-1
174,464,0.3695366816,0.3448816239,0.0017486356999999453,0.0089642365,-1,-1,-1,-1
175,464,0.3732617312,0.3448816239,0.0017486355999999925,0.0089642365,-1,-1,-1,-1
176,464,0.3765243618,0.3447085261,0.0017486355999999925,0.008964236399999992,-1,-1,-1,-1
177,464,0.3801764054,0.3432371944,0.0017486357000000008,0.0089642365,-1,-1,-1,-1
178,464,0.3834875119,0.342544803,0.0017486357000000008,0.0089642365,-1,-1,-1,-1
179,464,0.3871883235,0.3418524116,0.0017486357000000008,0.0089642365,-1,-1,-1,-1
180,464,0.390061249,0.341506216,0.0017486355999999925,0.008964236400000047,-1,-1,-1,-1
181,464,0.3932749657,0.3410734713,0.001748635600000048,0.0089642365,-1,-1,-1,-1
182,464,0.3964400605,0.3396021397,0.0017486355999999925,0.008964236399999992,-1,-1,-1,-1
183,464,0.4013094034,0.3399482056,0.0017486357000000008,0.0089642365,-1,-1,-1,-1
184,464,0.404133707,0.3398616567,0.0017486355999999925,0.0089642365,-1,-1,-1,-1
185,464,0.4062796404,0.3392687577,0.0017650619000000312,0.008949476400000045,-1,-1,-1,-1
186,464,0.4084255738,0.3386758586,0.0017814882000000143,0.008934716499999995,-1,-1,-1,-1
187,464,0.4105715072,0.3380829596,0.0017979146000000057,0.008919956399999984,-1,-1,-1,-1
188,464,0.4127174406,0.3374900605,0.0018143408999999888,0.008905196399999982,-1,-1,-1,-1
189,464,0.4153859497,0.3365415258,0.0018143409000000443,0.008905196399999982,-1,-1,-1,-1
190,464,0.4182324471,0.3366997015,0.0018143408999999888,0.008905196299999973,-1,-1,-1,-1
191,464,0.4209011022,0.3366997015,0.0018143408999999888,0.008905196299999973,-1,-1,-1,-1
192,464,0.4239374147,0.3362999155,0.0016068583999999664,0.008679156999999993,-1,-1,-1,-1
193,464,0.4267114903,0.3358335634,0.0016068583000000136,0.008679157100000001,-1,-1,-1,-1
194,464,0.4297526212,0.3357352065,0.001794337300000004,0.009516488699999992,-1,-1,-1,-1
195,464,0.4325500586,0.335430793,0.0017943374000000123,0.009516488699999992,-1,-1,-1,-1
196,464,0.4355682657,0.3352270722,0.0017978415999999608,0.00888949560000002,-1,-1,-1,-1
197,464,0.4383947595,0.3350476162,0.0017978416000000164,0.008889495599999964,-1,-1,-1,-1
198,464,0.4409855904,0.334575425,0.0020758477999999747,0.008904677299999997,-1,-1,-1,-1
199,464,0.4409855904,0.334575425,0.0020758477999999747,0.008904677299999997,-1,-1,-1,-1
200,464,0.4443691186,0.3343061436,0.0020758477999999747,0.008904677400000005,-1,-1,-1,-1
201,464,0.4477526469,0.3340368623,0.0020758478000000302,0.008904677299999997,-1,-1,-1,-1
202,464,0.4511361752,0.333767581,0.0020758478000000302,0.008904677299999997,-1,-1,-1,-1
203,464,0.4545197034,0.3334982996,0.0020758478000000302,0.008904677400000005,-1,-1,-1,-1
204,464,0.456818219,0.3338873156,0.0020758477999999747,0.008904677400000005,-1,-1,-1,-1
205,464,0.4595922946,0.3324214338,0.0017207474,0.008316871300000028,-1,-1,-1,-1
206,464,0.4595922946,0.3324214338,0.0017207474,0.008316871300000028,-1,-1,-1,-1
207,464,0.4628261122,0.3319643811,0.0016662851000000534,0.008241611400000015,-1,-1,-1,-1
208,464,0.4660599298,0.3315073284,0.0016118226999999874,0.008166351399999994,-1,-1,-1,-1
209,464,0.4692937474,0.3310502757,0.0015573603999999852,0.00809109149999998,-1,-1,-1,-1
210,464,0.4716652688,0.3310502757,0.0015573604000000407,0.00809109149999998,-1,-1,-1,-1
211,464,0.4736992113,0.3304929629,0.001749803800000005,0.00809109149999998,-1,-1,-1,-1
212,464,0.4736992113,0.3304929629,0.001749803800000005,0.00809109149999998,-1,-1,-1,-1
213,464,0.4764773265,0.3300931337,0.001749803800000005,0.008091091500000036,-1,-1,-1,-1
214,464,0.4792554418,0.3296933045,0.0017498036999999966,0.00809109149999998,-1,-1,-1,-1
215,464,0.482033557,0.3292934753,0.0017498036999999966,0.00809109149999998,-1,-1,-1,-1
216,464,0.484137001,0.3292934753,0.001749803800000005,0.00809109149999998,-1,-1,-1,-1
217,464,0.484137001,0.3292934753,0.001749803800000005,0.00809109149999998,-1,-1,-1,-1
218,464,0.4871773045,0.329216961,0.0016357686999999843,0.008091091500000036,-1,-1,-1,-1
219,464,0.490217608,0.3291404468,0.0015217334999999554,0.008091091500000036,-1,-1,-1,-1
220,464,0.4932579115,0.3290639325,0.0014076984000000459,0.008091091500000036,-1,-1,-1,-1
221,464,0.4952385597,0.3278732685,0.001556484299999994,0.00809900680000003,-1,-1,-1,-1
222,464,0.4952385597,0.3278732685,0.001556484299999994,0.00809900680000003,-1,-1,-1,-1
223,464,0.4985758996,0.3276588642,0.0015564843000000494,0.008099006799999975,-1,-1,-1,-1
224,464,0.5019132395,0.3274444599,0.001556484299999994,0.00809900680000003,-1,-1,-1,-1
225,464,0.5052505794,0.3272300556,0.001556484299999994,0.008099006799999975,-1,-1,-1,-1
226,464,0.5080023152,0.3280294977,0.001556484299999994,0.008099006799999975,-1,-1,-1,-1
227,464,0.5102841854,0.3268188509,0.001556484299999994,0.008099006799999975,-1,-1,-1,-1
228,464,0.5128725342,0.327545239,0.001556484299999994,0.00809900680000003,-1,-1,-1,-1
229,464,0.5156112749,0.3267740842,0.001556484299999994,0.00809900680000003,-1,-1,-1,-1
230,464,0.5180855885,0.3266669037,0.0015564844000000022,0.008099006799999975,-1,-1,-1,-1
231,464,0.5210202769,0.3264755099,0.0015564844000000022,0.008099006799999975,-1,-1,-1,-1
