0,400,0.8145021119,0.49295781135000005,0.5451044626,0.3389672313
0,400,0.8083546559499999,0.49560903715,0.5409038531,0.3412831611
0,400,0.7454856844,0.49983702335,0.4992919894,0.3453387631
0,400,0.74823179875,0.50448964425,0.5006818745,0.3452331397
0,400,0.8286930766,0.49086349295,0.554543204,0.3384203317
0,400,0.83239954615,0.49132204325000006,0.5571060737,0.3386310919
0,400,0.1686942454,0.53201810545,0.1158804766,0.3674349495
0,400,0.17379921469999998,0.53254038345,0.118828087,0.3683461137
0,400,0.24200914680000002,0.52994372115,0.164099441,0.3656937201
0,400,0.81211401815,0.48626811165,0.5441263305,0.3353879727
0,400,0.8184360311500001,0.49027434065,0.5482313023,0.3324106639
0,400,0.60294523045,0.68272767685,0.4106262615,0.4896531867
0,400,0.6088254120500001,0.686075576,0.4111317539,0.4878560314
0,400,0.29153871175,0.5355494831500001,0.1969508969,0.3658931589
0,400,0.2998315902,0.5338148066,0.202285725,0.364456343
0,400,0.29555217085,0.5316198766,0.1993757855,0.3650310434
0,400,0.3276746817,0.529107752,0.2213053136,0.3648735166
0,400,0.5040483924,0.5281847148500001,0.3389469464,0.3675679519
0,400,0.86195151615,0.45411662485000004,0.5765493289,0.3105556295
0,400,0.47353436414999994,0.5240631306,0.3181176527,0.361980421
0,400,0.3322400832,0.5372608031999999,0.2241277312,0.372528706
0,400,0.3858680861,0.53319598825,0.2605566432,0.3675298029
0,400,0.40072280149999995,0.5274116786,0.2700895986,0.3635307756
0,400,0.40487223399999994,0.5321254157499999,0.272035204,0.3653460971
0,400,0.39673675620000004,0.5322597807,0.2666990618,0.35990156
0,400,0.42646115995,0.5309743358,0.2879554927,0.3679198688
0,400,0.47332118715,0.5280147312,0.3180399745,0.3657134434
0,400,0.920135609,0.4506848831,0.6149386284,0.3066630732
0,400,0.9123177336499999,0.44828072575,0.6096011721,0.3046623269
0,400,0.9201874701999999,0.4500941009,0.6157932346,0.309875245
0,400,0.15346606865,0.5261869529,0.1044707603,0.362892234
0,400,0.17550784315,0.5252571684,0.1193341635,0.359875219
0,400,0.32267380065,0.529473087,0.2177890973,0.3643299582
0,400,0.1609577492,0.5239217966,0.109450707,0.3539259214
0,400,0.16085721545,0.52820106445,0.1094912983,0.3629145525
0,400,0.3217185923,0.53766422235,0.216608885,0.3649006361
0,400,0.16674579285,0.5288680880000001,0.1128538009,0.3625770506
0,400,0.1701221665,0.52739519925,0.1159158114,0.3621553355
0,400,0.1851223461,0.52557183275,0.126227374,0.3603664847
0,400,0.3347816352,0.5261146774000001,0.2255309276,0.3629659368
0,400,0.32828156105,0.52748551115,0.2213604695,0.3633304285
0,400,0.33342642795,0.5264267467,0.2253521363,0.3636648162
0,400,1.05256237325,0.5527432635,0.7049911751,0.3831733584
0,400,1.0381221849,0.53888012445,0.6949045434,0.3702185289
0,400,1.0401883229,0.5421028715,0.6973208904,0.3816937222
0,400,1.0477646490499999,0.54402524375,0.7016894133,0.3813400005
0,400,1.0694676035500001,0.5441326838,0.7163394935,0.383055927
0,400,1.0587972902,0.54315540765,0.7093956168,0.3791524019
0,400,0.9020806370000001,0.46219356235,0.6029592476,0.3159762303
0,400,0.9060633241,0.4602713198,0.6059248904,0.3154011406
0,400,0.90426205125,0.46817757034999996,0.6048936101,0.3216081387
0,400,0.9075573154500001,0.47408443695,0.6066047207,0.3216535541
0,400,0.8659465469000001,0.45599149515000004,0.578864111,0.3108956659
0,400,0.8552376135,0.58166821775,0.5756311208,0.4105777697
0,400,0.6748100169,0.58785855845,0.454152411,0.4134127667
0,400,0.1320749586,0.5414548575,0.0915159486,0.3747747392
0,400,0.14327221880000002,0.54572845385,0.0976748482,0.3725805229
0,400,0.14486769735,0.53981808375,0.0993801367,0.3718227333
0,400,0.8332225503,0.4851112147,0.5578759438,0.3342727368
0,400,0.1583811132,0.5215866247000001,0.1082253042,0.3580047502
0,400,0.16363895665,0.5247419622,0.1116169361,0.3579089884
0,400,0.7544085301000001,0.46882084809999996,0.504482558,0.3203480538
0,400,0.8175021495500001,0.4713917033,0.5466576917,0.322634849
0,400,0.8241605643,0.4756462103,0.5512397266,0.3251557362
0,400,1.0737369115000002,0.53598972125,0.7195869388,0.3740827371
0,400,0.994140771,0.5359738583,0.6670696102,0.3717786154
0,400,1.0126477492,0.5409404948500001,0.6786454148,0.3809403443
0,400,1.04474928925,0.5474785717,0.7001692859,0.3824067452
0,400,1.02105670685,0.5436848385,0.6836001745,0.3795028796
0,400,1.0569089214,0.5479790502499999,0.7089018054,0.3829224055
0,400,1.0103656599,0.53722693625,0.6775063778,0.3778196523
0,400,1.0835561227500001,0.5452574305,0.7263535573,0.3845722848
0,400,1.07469555105,0.5435993115,0.7198355967,0.381358556
0,400,1.06101367425,0.541682973,0.7112796053,0.378822426
0,400,1.02281738845,0.49782505285,0.6852073249,0.3444274691
0,400,0.0368683645,0.80658409375,0.0407112492,0.5588895153
0,400,0.34318602715,0.80914075725,0.2410464919,0.5595616393
0,400,0.31990540125,0.8039375561,0.2194051543,0.5552389736
0,400,0.1074311832,1.0254669879,0.0953329854,0.7603654986
0,400,0.87385066925,0.47739516035,0.5847891183,0.3283084785
0,400,0.8441278781499999,0.4685514046,0.5653005037,0.3204932536
0,400,0.79999102505,0.59413644875,0.5413257061,0.4215398597
0,400,0.72965181475,0.50053136105,0.4890567179,0.3453605625
0,400,0.72986294755,0.5013860155000001,0.4888508415,0.3423902606
0,400,0.7879741291,0.49821718299999995,0.528282459,0.3424771988
0,400,0.79152067935,0.49724049075,0.5296992101,0.3412906871
0,400,0.14900278420000002,0.52176484795,0.102363666,0.3595578297
0,400,0.1414706996,0.5221542533,0.0971400988,0.3599372436
0,400,0.061148114399999995,0.5629803011000001,0.0453837098,0.389133426
0,400,0.1949275037,0.52604558105,0.1327179574,0.3638170229
0,400,0.3350783126,0.5322506651000001,0.22541744,0.3628224888
0,400,0.31587935235,0.54177783945,0.2145797317,0.3745304559
0,400,0.3348530805,0.5383525912,0.2260091706,0.3731820834
0,400,0.1967676522,0.51933194095,0.1334840076,0.3561681483
0,400,0.19814457870000002,0.5161679745000001,0.1355974534,0.3559404222
0,400,0.1446866429,0.51842142555,0.0987300928,0.3549455637
0,400,0.5530082929,0.4744694305,0.3697742426,0.3219117736
0,400,0.5513328091,0.45841875765,0.3687724566,0.3113057027
0,400,0.54098598465,0.46194202545,0.3620173731,0.3135260005
0,400,0.7643555015999999,0.47087933709999996,0.5109527728,0.3212786818
0,400,0.7670997177500001,0.47085533175000005,0.5128072669,0.3212971075
0,400,1.01631337195,1.2002642143,0.7008023925,0.896049165
0,400,0.38881898175,0.5162288312000001,0.2612899137,0.3556902478
0,400,0.7311249264,0.85507408955,0.4981701818,0.6305945379
0,400,0.71763987335,0.86243334305,0.4882545299,0.6325614173
0,400,1.0386862279,1.53482056475,0.7208458514,1.1245398763
0,400,0.7430372879,0.7766182053499999,0.504169509,0.5623727069
0,400,0.7187495619,0.7747337224999999,0.4880334682,0.5605223506
0,400,0.7960751481,0.49279963579999997,0.5335307022,0.3399738978
0,400,0.79838052625,0.4944324519,0.5350249855,0.3402501536
0,400,0.8436750959999999,0.57557485615,0.5658909748,0.4057143569
0,400,0.5574269707999999,0.55333483245,0.3747351348,0.3859141175
0,400,0.56556719395,0.5514460028,0.3792835441,0.38561191
0,400,0.8414944118500001,0.5843432221,0.5639782221,0.411838569
0,400,0.7536481014,0.49521619325,0.5034697238,0.3355434667
0,400,0.7521931924999999,0.49741988195,0.5036565214,0.3428541473
0,400,0.1715198631,0.5021937621,0.1159704198,0.343471668
0,400,0.83687108815,0.48867986805,0.5595322295,0.3370022241
0,400,0.7930419748499999,0.47477877475,0.5306722319,0.3233502763
0,400,0.3532580604,0.52211623405,0.2385496194,0.3619908017
0,400,0.39107676010000003,0.52133035165,0.2626627154,0.3586880585
0,400,0.3864123445,0.5196336294,0.259840748,0.3587150482
0,400,0.13987789485000002,0.51742870805,0.0952085835,0.3551533071
0,400,0.14586422695,0.5070802079,0.0991894455,0.347628871
0,400,0.39994616549999995,0.5379957553,0.268930266,0.372887272
0,400,0.39931422699999997,0.5366288144,0.2694710932,0.3731687182
0,400,0.14138596409999998,0.497173211,0.0957550808,0.3380956434
0,400,0.14431701435,0.49704234955,0.0975273947,0.3381328841
0,400,0.49740960705000004,0.5345441143,0.3337204589,0.3703332354
0,400,0.5033348516,0.53357332605,0.3385057356,0.3699526537
0,400,0.7717505543000001,0.5773566999,0.5184995316,0.4063750872
0,400,0.74465444005,0.9257488104,0.5066296595,0.6853929814
0,400,0.7518079164,0.72001131755,0.509653415,0.5165508269
0,400,0.28753076465,0.5256143287,0.1939512333,0.3636871346
0,400,0.2985619457,0.5239541984,0.2014303886,0.3621549462
0,400,0.27201344825,0.5361160737,0.1836702601,0.3719431492
0,400,0.2656466827,0.5370110180500001,0.1794541734,0.3721702265
0,400,0.48187761655,0.5358452676500001,0.3240620795,0.3715193579
0,400,0.80251073375,0.56826960375,0.5391250741,0.4016846777
0,400,0.9109987372499999,0.45599941035,0.6092488459,0.3110311337
0,400,0.7883947886,0.47594653645,0.5277398796,0.3252508491
0,400,0.17042729435,0.51566353825,0.1161322737,0.3538644159
0,400,0.1748948132,0.5171726297,0.1184239268,0.3535449504
0,400,0.48697247445,0.5353892313999999,0.3268589329,0.3696665362
0,400,0.48459956595,0.5279702241,0.3269820207,0.364363955
0,400,0.14048265505000002,0.4942286206,0.0952930163,0.336962992
0,400,0.17980890875,0.502438292,0.1219289367,0.343032176
0,400,0.17733485055,0.5033538681,0.1201187571,0.343032176
0,400,0.21751091765,0.5483261055,0.1476936983,0.3819393226
0,400,0.19198763200000002,0.51371281385,0.130107561,0.3525796769
0,400,0.1866998561,0.51473654355,0.1266045222,0.3524126777
0,400,0.5266488805,0.5283722159500001,0.3545869856,0.3661310063
0,400,0.13051628415,0.5128965679499999,0.0894766037,0.3519079171
0,400,0.1451347892,0.5310868935999999,0.0998376642,0.3664045372
0,400,0.139798793,0.5317960887,0.0957201354,0.3667778524
0,400,0.13775974015,0.498688401,0.0935911393,0.3403334586
0,400,0.1353532124,0.49805673665,0.0918300196,0.3399921937
0,400,0.14747656074999999,0.50415824105,0.1002896433,0.3447008703
0,400,0.13010398365,0.49159197335000004,0.0881603815,0.3341316509
0,400,0.13227966695,0.4932936912,0.0895271237,0.3344470938
0,400,0.13172920295,0.5027160401,0.0891542099,0.3424917318
0,400,0.14882789864999998,0.4948571515,0.1007072367,0.3378426144
0,400,0.14493592125,0.49630266125,0.0982189789,0.3382394159
0,400,0.19147432795,0.5126859699,0.1295213241,0.351227204
0,400,0.18705167115,0.51097730985,0.1268866167,0.3507665613
0,400,0.12046232265,0.5217260178,0.0826929749,0.3574316718
0,400,0.1064848817,0.5330009613,0.0738859164,0.3683052398
0,400,0.1023648341,0.53467958215,0.0707229388,0.3694654105
0,400,0.13839343075,0.49260026184999994,0.0933855549,0.3337871421
0,400,0.8230512772,0.49043715509999997,0.5512850632,0.338418807
0,400,0.8025355801,0.4947127302,0.5377305816,0.3405929756
0,400,0.80573717785,0.49368419944999997,0.5398699445,0.3408183661
0,400,0.5843987561,0.54804373485,0.3926301782,0.3831755643
0,400,0.5786821075,0.54908550095,0.389021938,0.3833612487
0,400,0.36176084275,0.5167121345,0.2431124591,0.3491664196
0,400,0.36356191955,0.5121757411,0.2449402579,0.3524161812
0,400,0.36492293215000005,0.5227473145,0.2458096113,0.3591367634
0,400,0.59583774775,0.5496993885,0.3997327695,0.383845767
0,400,0.5901762916,0.55186123005,0.3964145084,0.3844287719
0,400,0.5830602672,0.5521012832000001,0.3925183332,0.3853339672
0,400,0.5600513844499999,0.55671886935,0.3768613567,0.3878110571
0,400,0.8931542140500001,0.5797131143,0.6006820497,0.4118028854
0,400,0.9291755831999999,0.5863891245,0.624724038,0.4158937818
0,400,0.88269466865,0.5837299834,0.5924686017,0.4116877896
0,400,0.6688648966,0.5927009673,0.4515330348,0.4208850724
0,400,0.64716719855,0.5972448506,0.4351579729,0.420529015
0,400,0.67552478045,0.6021807993,0.4555398869,0.4268206156
0,400,0.69152539555,0.5928964485,0.4673263863,0.4251296028
0,400,0.5692503382,0.55099444325,0.3824338918,0.3843524739
0,400,0.6104063533999999,0.54539562325,0.410056086,0.3811098089
0,400,0.68513767735,0.7226054496000001,0.4634880317,0.4973572086
0,400,0.67371211875,0.7132272185499999,0.4581098381,0.5131175467
0,400,0.6984032749,0.71670286495,0.4744418266,0.5128721733
0,400,0.80548603775,0.6907450007,0.5427592233,0.4941663172
0,400,0.8903901402500001,0.9364538869500001,0.6087221819,0.7015567387
0,400,0.80726905915,0.57550627875,0.5415702503,0.4076206391
0,400,0.80170769395,0.5815611998,0.5379898983,0.4100517944
0,400,0.8652863551500001,0.5977545421,0.5814512917,0.413142642
0,400,0.90044060475,0.5871465248500001,0.6051368655,0.4167263123
0,400,0.6044286359,0.5477450308,0.4051784204,0.3808256378
0,400,0.8753069165,1.0095961604500001,0.6013046434,0.7494656545
0,400,1.0287905795,0.5404025809499999,0.6895838784,0.3817903923
0,400,1.0318101007,0.5437115525,0.6912638886,0.3806604552
0,400,1.0186464923,0.5428088875,0.6822968744,0.382590613
0,400,0.9987323801500001,0.54616250355,0.6683527607,0.3755736623
0,400,1.0048209743,0.53469556935,0.6732570004,0.3754571931
0,400,0.8565624777,0.57979596515,0.5755167936,0.4132311373
0,400,0.87322610435,0.5821702885,0.5873459285,0.4136636386
0,400,1.0225281393499999,0.5447093954,0.6847418397,0.3833295876
0,400,1.02893418205,0.5356985107500001,0.6897595305,0.3691865595
0,400,0.9935518329499999,0.5346243699,0.6665479105,0.3750926476
0,400,0.9039548426499999,0.59059797125,0.6068627233,0.4179621323
0,400,0.59787030305,0.5540374099500001,0.4032588051,0.3831768619
0,400,0.9474486505999999,0.96503845265,0.645395493,0.7244740369
0,400,0.9196659895999999,0.98369532495,0.6308445548,0.7357888487
0,400,0.84559771985,0.58274644925,0.5679722251,0.4072964171
0,400,0.82819012125,0.59080616885,0.5568569413,0.4156393253
0,400,0.8115882645000001,0.49334811845000004,0.5427458086,0.3397351535
0,400,0.52827384425,0.55682494695,0.3561884415,0.3909528997
0,400,0.78263375255,0.47033195075,0.5231957047,0.3216273429
0,400,0.7807902823,0.471451572,0.5221203288,0.3221548112
0,400,0.77817061405,0.47288722014999995,0.5205263195,0.3227838805
0,400,0.77925212245,0.47113041975,0.5210002733,0.3214616413
0,400,0.7585762869999999,0.4704659914,0.5070716368,0.3202332176
0,400,0.8386780608,0.46960137890000003,0.5605815348,0.3203929448
0,400,0.8354360680499999,0.4686698955,0.5583574931,0.3200415242
0,400,0.90976026635,0.47647186370000005,0.6084416935,0.3280200254
0,400,0.9732424210999999,0.46736292204999996,0.6508675234,0.3209000897
0,400,0.9773061373999999,0.46592400815,0.6534265516,0.3207529375
0,400,0.9257775997000001,0.47168565640000004,0.6195966924,0.3250598446
0,400,0.929950248,0.472475172,0.6218495064,0.3251726048
0,400,1.0610314147,0.535150346,0.7114703452,0.3736483922
0,400,1.01857166135,0.53659799675,0.6818846835,0.3739858075
0,400,0.9302448995999999,0.46988597085,0.6222022706,0.3185647827
0,400,0.77317372995,0.497725009,0.5189340623,0.3440158752
0,400,0.73390683975,0.4971107216,0.4920496519,0.3421604
0,400,0.81966832095,0.4933533297,0.5482913943,0.336623908
0,400,0.81555404485,0.4894966907,0.5463902413,0.3368016196
0,400,0.51129632005,0.5204845209,0.3433422259,0.3594488326
0,400,1.03536322155,0.4938172019,0.6929422927,0.342998309
0,400,1.0285601002,0.49441052269999997,0.6883183954,0.3433485272
0,400,1.041115205,0.49327163235,0.6977107416,0.3428110675
0,400,1.04315586395,0.49401462945,0.6979379357,0.3419453187
0,400,0.8568117851999999,0.4527704467,0.5729313784,0.3097049664
0,400,1.05171557865,0.45882159295,0.7027678555,0.3133365531
0,400,0.94918421825,0.45491093115,0.6345671221,0.3111376655
0,400,1.0507546029000001,0.5393039156499999,0.7039711376,0.3704391183
0,400,1.0488725855499998,0.54282342045,0.7031985899,0.3804638711
0,400,0.06342921825,0.53049188595,0.0460421495,0.3701879059
0,400,0.1544451863,0.542650647,0.105794721,0.375561465
0,400,0.3779829452,0.53140564535,0.2547627544,0.3660102011
0,400,1.0336024668500001,0.5390024218,0.6937462329,0.3785655042
0,400,1.04964367315,0.444750451,0.7006819329,0.301266417
0,400,0.05797046275,0.56839557765,0.0430320461,0.4010251441
0,400,0.07370610305,0.5439894304,0.0518592541,0.3723840686
0,400,0.3350783126,0.5322506651000001,0.22541744,0.3628224888
0,400,0.31587935235,0.54177783945,0.2145797317,0.3745304559
0,400,0.3348530805,0.5383525912,0.2260091706,0.3731820834
