1,434,0.118389249,0.3401499801,0.003142973999999993,0.015869983999999948,-1,-1,-1,-1
2,434,0.1188893389,0.3403403358,0.0033573192,0.016060469500000008,-1,-1,-1,-1
3,434,0.1191750107,0.3409117922,0.003642990999999998,0.01612392149999997,-1,-1,-1,-1
4,434,0.1195321553,0.3405944029,0.0034644186999999993,0.015996887900000034,-1,-1,-1,-1
5,434,0.119853673,0.3405308213,0.003642990900000004,0.016187373299999974,-1,-1,-1,-1
6,434,0.1194608286,0.3410386961,0.003642990900000004,0.01618737330000003,-1,-1,-1,-1
7,434,0.1193536926,0.3412291167,0.0036429907999999955,0.016187373299999974,-1,-1,-1,-1
8,434,0.1192465565,0.3414195373,0.00364299089999999,0.016187373299999974,-1,-1,-1,-1
9,434,0.1188537121,0.3418003785,0.003642991000000012,0.016187373299999974,-1,-1,-1,-1
10,434,0.1193894289,0.3421812197,0.003642990900000004,0.01618737330000003,-1,-1,-1,-1
11,434,0.1199608455,0.342498609,0.0035000456000000013,0.017076348899999982,-1,-1,-1,-1
12,434,0.1203893897,0.342498609,0.003607218199999998,0.017139800799999994,-1,-1,-1,-1
13,434,0.1211036788,0.3426256426,0.0036072181000000036,0.017139800699999985,-1,-1,-1,-1
14,434,0.1211393786,0.3430700654,0.003607218199999998,0.017139800799999994,-1,-1,-1,-1
15,434,0.1211393786,0.3433874547,0.0038573360999999973,0.017139800799999994,-1,-1,-1,-1
16,434,0.1212822511,0.3431969693,0.004035835299999999,0.017330156500000027,-1,-1,-1,-1
17,434,0.1210322061,0.3433240028,0.003821636200000006,0.017457060299999994,-1,-1,-1,-1
18,434,0.1216036957,0.3437684257,0.003928735800000013,0.017457060299999994,-1,-1,-1,-1
19,434,0.1217465681,0.3438954593,0.003928735800000013,0.017457060299999994,-1,-1,-1,-1
20,434,0.1213537238,0.3439589112,0.003928735800000013,0.017457060299999994,-1,-1,-1,-1
21,434,0.1216037687,0.3445302379,0.004250107499999989,0.017457060299999994,-1,-1,-1,-1
22,434,0.1213180239,0.3449746608,0.004035835400000007,0.017457060299999994,-1,-1,-1,-1
23,434,0.1207465343,0.3450381127,0.004035835299999999,0.017457060299999994,-1,-1,-1,-1
24,434,0.1206036619,0.3446572715,0.0038572629999999997,0.01745706030000005,-1,-1,-1,-1
25,434,0.1196751007,0.3454825355,0.004035835299999999,0.01758370469999998,-1,-1,-1,-1
26,434,0.1190322113,0.3457999248,0.004035835400000007,0.017583704700000036,-1,-1,-1,-1
27,434,0.1191750838,0.3457364729,0.003892962900000005,0.017583704700000036,-1,-1,-1,-1
28,434,0.1187464665,0.3463077996,0.0035715183000000067,0.017583704599999972,-1,-1,-1,-1
29,434,0.1189965115,0.3466251889,0.0035715183000000067,0.017583704600000027,-1,-1,-1,-1
30,434,0.1198179731,0.3464347034,0.003857190099999991,0.017456800800000005,-1,-1,-1,-1
31,434,0.120818007,0.3464981554,0.0037500904999999973,0.017456800800000005,-1,-1,-1,-1
32,434,0.1227109752,0.3465616073,0.003892889899999988,0.018282194599999968,-1,-1,-1,-1
33,434,0.1236011353,0.3470431411,0.0038928899000000017,0.018282194599999968,-1,-1,-1,-1
34,434,0.1248009861,0.3470431411,0.0038928899000000156,0.018282194599999968,-1,-1,-1,-1
35,434,0.126753162,0.3469453032,0.0034908468000000026,0.018289980099999992,-1,-1,-1,-1
36,434,0.1281004846,0.3468963842,0.0039032568000000045,0.018241061199999964,-1,-1,-1,-1
37,434,0.1304620043,0.3469951304,0.004856712900000004,0.018573891799999964,-1,-1,-1,-1
38,434,0.1334624709,0.3474394235,0.004940085600000005,0.018277782899999984,-1,-1,-1,-1
39,434,0.1356401619,0.3470023969,0.004759688099999992,0.01875516439999997,-1,-1,-1,-1
40,434,0.1394163155,0.3470648107,0.0029153417999999987,0.018755164400000024,-1,-1,-1,-1
41,434,0.1415940064,0.3466901979,0.002950457699999992,0.018193310100000026,-1,-1,-1,-1
42,434,0.1432799301,0.3468775692,0.0036178768999999833,0.01800593880000001,-1,-1,-1,-1
43,434,0.1459969881,0.3464550755,0.004431818899999995,0.0180539495,-1,-1,-1,-1
44,434,0.1493253969,0.3465154132,0.0031411489000000015,0.0180539495,-1,-1,-1,-1
45,434,0.1518047479,0.3464550755,0.0031411489000000015,0.0180539495,-1,-1,-1,-1
46,434,0.1546916175,0.3466965561,0.0031411489000000015,0.01805394939999999,-1,-1,-1,-1
47,434,0.1568992409,0.3469380367,0.0036505105000000093,0.01805394939999999,-1,-1,-1,-1
48,434,0.1611518305,0.3472309016,0.00365051059999999,0.0180539495,-1,-1,-1,-1
49,434,0.1618770704,0.346645042,0.0036505106000000176,0.01805394939999999,-1,-1,-1,-1
50,434,0.1627939507,0.3467191341,0.0036505106000000176,0.01805394939999999,-1,-1,-1,-1
51,434,0.1672117525,0.3467191341,0.00365051059999999,0.01805394939999999,-1,-1,-1,-1
52,434,0.1691538537,0.3467993248,0.0036505105000000093,0.0180539495,-1,-1,-1,-1
53,434,0.173063827,0.3459735417,0.0036505105000000093,0.0180539495,-1,-1,-1,-1
54,434,0.1754411158,0.3461226342,0.003115231900000015,0.0180539495,-1,-1,-1,-1
55,434,0.1774729411,0.3459656265,0.0031785279000000055,0.017834787299999988,-1,-1,-1,-1
56,434,0.1802409572,0.3460703416,0.0031785279000000055,0.017834787299999988,-1,-1,-1,-1
57,434,0.1828097404,0.3458056342,0.0031785279000000055,0.017834787299999988,-1,-1,-1,-1
58,434,0.1839265836,0.3455409269,0.003972831300000007,0.01888284670000001,-1,-1,-1,-1
59,434,0.1862242231,0.3451439956,0.004182869099999986,0.0184846179,-1,-1,-1,-1
60,434,0.1880750669,0.3450872911,0.004182869099999986,0.0184846179,-1,-1,-1,-1
61,434,0.1904683441,0.34571117,0.005204074599999997,0.019108496799999986,-1,-1,-1,-1
62,434,0.1923140775,0.34576489,0.003931875099999982,0.01913535690000001,-1,-1,-1,-1
63,434,0.1941295865,0.3457110403,0.003931875099999982,0.019135356800000003,-1,-1,-1,-1
64,434,0.1965502409,0.34576489,0.0044159766999999905,0.01918907689999999,-1,-1,-1,-1
65,434,0.1988196271,0.3460875994,0.003810831399999992,0.01918907689999999,-1,-1,-1,-1
66,434,0.200471019,0.3460875994,0.00545601779999999,0.01921126559999997,-1,-1,-1,-1
67,434,0.2031696796,0.3458728491,0.003562903499999992,0.019712392899999986,-1,-1,-1,-1
68,434,0.2056807881,0.3461045978,0.0034788008999999953,0.01984124309999996,-1,-1,-1,-1
69,434,0.207833146,0.3465683547,0.00530511480000001,0.019551492299999973,-1,-1,-1,-1
70,434,0.211363781,0.3470510563,0.004749248399999989,0.019476881200000018,-1,-1,-1,-1
71,434,0.2138080893,0.3464476793,0.004817143699999998,0.020200933600000026,-1,-1,-1,-1
72,434,0.2166947398,0.3463900665,0.00428675639999998,0.019411353200000037,-1,-1,-1,-1
73,434,0.2194296113,0.3468102246,0.004000208500000019,0.01956355980000002,-1,-1,-1,-1
74,434,0.2215052401,0.3472302528,0.0057061357000000035,0.020163692999999983,-1,-1,-1,-1
75,434,0.224408974,0.347050148,0.004423131299999994,0.020283849399999998,-1,-1,-1,-1
76,434,0.2267222368,0.346782067,0.004104387799999998,0.022121359499999993,-1,-1,-1,-1
77,434,0.2297897958,0.347229085,0.003802727700000008,0.021138049599999986,-1,-1,-1,-1
78,434,0.2321032045,0.348033458,0.00380258180000001,0.019797384699999976,-1,-1,-1,-1
79,434,0.2347685014,0.3481228616,0.0038025817000000017,0.019797384699999976,-1,-1,-1,-1
80,434,0.2377356044,0.3473183589,0.0038025817000000017,0.019797384599999968,-1,-1,-1,-1
81,434,0.2408033094,0.3474971661,0.003299425599999989,0.019886788300000013,-1,-1,-1,-1
82,434,0.2432674023,0.3470502778,0.004405901900000009,0.019886788300000013,-1,-1,-1,-1
83,434,0.2465865394,0.3473184886,0.004154323799999998,0.01988665860000005,-1,-1,-1,-1
84,434,0.24864837,0.3476759733,0.005964722500000019,0.01943990000000001,-1,-1,-1,-1
85,434,0.2521183372,0.3475865697,0.004556585900000021,0.019707981099999994,-1,-1,-1,-1
86,434,0.2539287358,0.3475865697,0.0053612561999999975,0.019529303599999992,-1,-1,-1,-1
87,434,0.2569460668,0.3472800801,0.004057226100000033,0.02005132209999999,-1,-1,-1,-1
88,434,0.2593599316,0.347050148,0.004057226100000033,0.02005132209999999,-1,-1,-1,-1
89,434,0.2625497024,0.3477396847,0.004057226000000025,0.02005132209999999,-1,-1,-1,-1
90,434,0.2650781863,0.3476532656,0.004057226099999978,0.020051322000000038,-1,-1,-1,-1
91,434,0.2676552922,0.3473940081,0.004057225999999969,0.020051322000000038,-1,-1,-1,-1
92,434,0.270670141,0.3476532656,0.004057226000000025,0.020051322000000038,-1,-1,-1,-1
93,434,0.2746077835,0.348899596,0.004057226000000025,0.020051322100000046,-1,-1,-1,-1
94,434,0.2786533286,0.3488037044,0.004057226099999978,0.02005132209999999,-1,-1,-1,-1
95,434,0.2818898231,0.3492830324,0.004057226100000033,0.020051321999999983,-1,-1,-1,-1
96,434,0.2865826379,0.34976249,0.004057226100000033,0.02005132209999999,-1,-1,-1,-1
97,434,0.2900007709,0.3496629652,0.004057226100000033,0.02005132209999999,-1,-1,-1,-1
98,434,0.2917939036,0.3493413263,0.004057226099999978,0.020051322100000046,-1,-1,-1,-1
99,434,0.2935870364,0.3490196874,0.004057226099999978,0.02005132209999999,-1,-1,-1,-1
100,434,0.2953801691,0.3486980485,0.004057226100000033,0.02005132209999999,-1,-1,-1,-1
101,434,0.2971733018,0.3483764097,0.004057226099999978,0.02005132209999999,-1,-1,-1,-1
102,434,0.2989664345,0.3480547708,0.004057226100000033,0.02005132209999999,-1,-1,-1,-1
103,434,0.3007595672,0.3477331319,0.004057226199999986,0.02005132209999999,-1,-1,-1,-1
104,434,0.3025527,0.347411493,0.004057226099999978,0.02005132209999999,-1,-1,-1,-1
105,434,0.3043458327,0.3470898541,0.004057226100000033,0.02005132209999999,-1,-1,-1,-1
106,434,0.3040825737,0.3475576335,0.004057226099999978,0.02005132209999999,-1,-1,-1,-1
107,434,0.3061225026,0.3475576335,0.004057226099999978,0.02005132209999999,-1,-1,-1,-1
108,434,0.3087929099,0.3487658149,0.004057226099999978,0.02005132209999999,-1,-1,-1,-1
109,434,0.3101524245,0.3482480785,0.004057226099999978,0.02005132209999999,-1,-1,-1,-1
110,434,0.3120459037,0.3479029209,0.0042356523000000035,0.021397436800000003,-1,-1,-1,-1
111,434,0.3139880048,0.3480754997,0.004235652400000012,0.021397436800000003,-1,-1,-1,-1
112,434,0.3144248717,0.3485070765,0.004235652400000012,0.021397436800000003,-1,-1,-1,-1
113,434,0.3151531779,0.3490248129,0.004235652299999948,0.021397436800000003,-1,-1,-1,-1
114,434,0.3180662566,0.3491727376,0.0042356523000000035,0.021397436800000003,-1,-1,-1,-1
115,434,0.3184823898,0.3492097188,0.00418892860000003,0.021002192400000008,-1,-1,-1,-1
116,434,0.318898523,0.3492466999,0.004142204900000002,0.020606948099999967,-1,-1,-1,-1
117,434,0.3181618942,0.3496207937,0.0036759895999999848,0.020606948100000022,-1,-1,-1,-1
118,434,0.3174252654,0.3499948875,0.0032097744000000317,0.02060694799999996,-1,-1,-1,-1
119,434,0.3161631406,0.3502167745,0.004142204799999993,0.020606948100000022,-1,-1,-1,-1
120,434,0.3152469174,0.3511371516,0.004142204799999993,0.020606948000000014,-1,-1,-1,-1
121,434,0.312776254,0.351250301,0.004142204900000002,0.020606948000000014,-1,-1,-1,-1
122,434,0.3117605969,0.3515994811,0.004142204900000002,0.020606948100000022,-1,-1,-1,-1
123,434,0.3114935416,0.3521771011,0.004142204900000002,0.020606948100000022,-1,-1,-1,-1
124,434,0.3120231259,0.3514096444,0.004748445300000015,0.0224211017,-1,-1,-1,-1
125,434,0.3133419032,0.3525886302,0.004982939999999991,0.022445496300000034,-1,-1,-1,-1
126,434,0.3147360226,0.3522347788,0.004106724000000006,0.022940914199999995,-1,-1,-1,-1
127,434,0.3166477533,0.3540754032,0.003907564099999983,0.02180825219999999,-1,-1,-1,-1
128,434,0.3188383662,0.3542878178,0.003907564199999991,0.021808252299999997,-1,-1,-1,-1
129,434,0.3211484167,0.354641799,0.003907564199999991,0.021808252299999997,-1,-1,-1,-1
130,434,0.3228212724,0.3556328945,0.003907564099999983,0.02180825219999999,-1,-1,-1,-1
131,434,0.324056093,0.3552081949,0.0049432248000000345,0.022728499600000007,-1,-1,-1,-1
132,434,0.3274813806,0.3546419288,0.00434574510000002,0.0227992179,-1,-1,-1,-1
133,434,0.329552556,0.3554914577,0.00434574510000002,0.02279921800000001,-1,-1,-1,-1
134,434,0.3317830301,0.3554206096,0.004664342600000038,0.023011632599999998,-1,-1,-1,-1
135,434,0.3342523794,0.356411705,0.004106869999999985,0.023011632599999998,-1,-1,-1,-1
136,434,0.3365227147,0.3562701385,0.0055407046000000015,0.02357789869999999,-1,-1,-1,-1
137,434,0.3389523488,0.3561994201,0.005540704499999993,0.024427297899999978,-1,-1,-1,-1
138,434,0.3417803026,0.3564118348,0.004544905100000052,0.024781279099999998,-1,-1,-1,-1
139,434,0.3445285342,0.3564118348,0.00462462739999997,0.024993693699999986,-1,-1,-1,-1
140,434,0.346918307,0.3586063106,0.004146585300000005,0.023507050600000023,-1,-1,-1,-1
141,434,0.3494675246,0.3582523294,0.0050228012999999905,0.023861031799999988,-1,-1,-1,-1
142,434,0.3523750549,0.3579690666,0.004624481399999991,0.024498275800000024,-1,-1,-1,-1
143,434,0.3547921319,0.3577901296,0.00592252510000002,0.02522375560000001,-1,-1,-1,-1
144,434,0.3576624292,0.3576111926,0.0044118883999999525,0.02486575190000001,-1,-1,-1,-1
145,434,0.3596766601,0.3583272,0.0050666047000000325,0.024597151799999994,-1,-1,-1,-1
146,434,0.3626477054,0.3587747371,0.005066458699999998,0.024776218500000002,-1,-1,-1,-1
147,434,0.3659208488,0.3592221444,0.004814734600000037,0.02486575190000001,-1,-1,-1,-1
148,434,0.3689926422,0.3597590851,0.005972752999999997,0.025671292700000015,-1,-1,-1,-1
149,434,0.370906271,0.3599380221,0.005771256999999974,0.026566366900000027,-1,-1,-1,-1
150,434,0.373121998,0.3600275555,0.005267662700000009,0.02656636680000002,-1,-1,-1,-1
151,434,0.3756272661,0.360985822,0.005427399499999985,0.02722696739999997,-1,-1,-1,-1
152,434,0.3783543259,0.362056719,0.005300661400000017,0.02728328249999995,-1,-1,-1,-1
153,434,0.3814526934,0.362660096,0.005507997900000006,0.02859968260000001,-1,-1,-1,-1
154,434,0.3841266049,0.3635654211,0.005253207599999976,0.028750461999999977,-1,-1,-1,-1
155,434,0.387182483,0.3645461359,0.005720152899999997,0.0289767608,-1,-1,-1,-1
156,434,0.3891772943,0.3653759415,0.0053381864,0.029278449299999953,-1,-1,-1,-1
157,434,0.3918066724,0.3660682031,0.0052689767999999915,0.03010085870000001,-1,-1,-1,-1
158,434,0.3944360504,0.3673663072,0.0052689767999999915,0.030100858699999955,-1,-1,-1,-1
159,434,0.3968218809,0.3682316666,0.0052689769,0.03010085880000002,-1,-1,-1,-1
160,434,0.3981853378,0.3697894175,0.005463610400000041,0.030447054400000007,-1,-1,-1,-1
161,434,0.4001962104,0.3719169379,0.005463610500000049,0.03044705439999995,-1,-1,-1,-1
162,434,0.4017762026,0.3724275376,0.0054636104999999935,0.03044705439999995,-1,-1,-1,-1
163,434,0.4039149815,0.3740055308,0.005463610399999985,0.030447054400000007,-1,-1,-1,-1
164,434,0.4060136071,0.3750097319,0.006198633100000017,0.03140908390000002,-1,-1,-1,-1
165,434,0.4074326944,0.3761561482,0.006788228299999977,0.03156635130000002,-1,-1,-1,-1
166,434,0.4093247136,0.3772262666,0.006659299900000026,0.03217764359999997,-1,-1,-1,-1
167,434,0.4103113144,0.3781031746,0.006659299899999971,0.03217764360000003,-1,-1,-1,-1
168,434,0.4115446749,0.3788046491,0.006659299899999971,0.03284641890000001,-1,-1,-1,-1
169,434,0.412660496,0.3805291396,0.006899051099999998,0.03293322729999998,-1,-1,-1,-1
170,434,0.4149393,0.3816275453,0.006335007999999975,0.033479121400000034,-1,-1,-1,-1
171,434,0.4159821153,0.3832064468,0.006528035399999965,0.0341656736,-1,-1,-1,-1
172,434,0.41696711,0.3846237989,0.006626009200000005,0.0329944734,-1,-1,-1,-1
173,434,0.4184212401,0.3844570592,0.006860650000000024,0.03391147680000001,-1,-1,-1,-1
174,434,0.4192149595,0.3850918378,0.006682515800000011,0.03407159869999998,-1,-1,-1,-1
175,434,0.4206436836,0.3857267462,0.006523801100000004,0.034776836199999994,-1,-1,-1,-1
176,434,0.4210092968,0.3871347557,0.0068610881000000234,0.03583514659999998,-1,-1,-1,-1
177,434,0.4221062824,0.38821785,0.006860942100000045,0.03637675850000005,-1,-1,-1,-1
178,434,0.4229741758,0.3894920785,0.007170486699999978,0.03693861279999999,-1,-1,-1,-1
179,434,0.4233218295,0.3905734858,0.006914236299999987,0.03755574429999997,-1,-1,-1,-1
180,434,0.424028234,0.3920801118,0.007467474400000007,0.037790347700000004,-1,-1,-1,-1
181,434,0.4235572003,0.3939215148,0.007467474500000015,0.037790347599999996,-1,-1,-1,-1
182,434,0.42382849,0.396042158,0.007467474500000015,0.037790347599999996,-1,-1,-1,-1
183,434,0.4222557984,0.3977771589,0.007581071499999981,0.03869152050000002,-1,-1,-1,-1
184,434,0.4208956998,0.3992990964,0.007709853799999999,0.03919031220000002,-1,-1,-1,-1
185,434,0.4194348531,0.4018954343,0.007558877700000022,0.0393695087,-1,-1,-1,-1
186,434,0.4160638818,0.4051707985,0.007685031900000028,0.03936950859999999,-1,-1,-1,-1
187,434,0.413636876,0.4071680414,0.00799954089999999,0.03936950859999999,-1,-1,-1,-1
188,434,0.4102723292,0.409539378,0.008355079399999965,0.04118989070000001,-1,-1,-1,-1
189,434,0.4089522378,0.4121092452,0.008200307000000018,0.04183232510000001,-1,-1,-1,-1
190,434,0.4077577164,0.4142320943,0.008295944599999994,0.04302791989999999,-1,-1,-1,-1
191,434,0.4069724657,0.4162843548,0.008295944599999994,0.043027919900000045,-1,-1,-1,-1
192,434,0.4058454017,0.4182875666,0.008684627599999994,0.04200698000000003,-1,-1,-1,-1
193,434,0.4023615634,0.4202909082,0.008684627700000003,0.04200698000000003,-1,-1,-1,-1
194,434,0.3993216006,0.4240825814,0.008684627700000003,0.04200698000000003,-1,-1,-1,-1
195,434,0.3969216069,0.424367012,0.0090693684,0.04200698000000003,-1,-1,-1,-1
196,434,0.3965545336,0.4248020923,0.008895322500000025,0.043386702200000016,-1,-1,-1,-1
197,434,0.3983900462,0.4253457804,0.009262541799999968,0.04719290840000001,-1,-1,-1,-1
198,434,0.3998046072,0.427231431,0.00902176859999998,0.046988798200000015,-1,-1,-1,-1
199,434,0.401454831,0.4293265118,0.008962779899999995,0.0481410538,-1,-1,-1,-1
200,434,0.4007110476,0.432571253,0.009397602599999999,0.04881514910000001,-1,-1,-1,-1
201,434,0.4005758408,0.4348546133,0.00946505999999997,0.04929577469999996,-1,-1,-1,-1
202,434,0.4010154819,0.436417295,0.00979139609999996,0.05067342070000003,-1,-1,-1,-1
203,434,0.4003245547,0.4384264757,0.009854181100000026,0.050785142800000016,-1,-1,-1,-1
204,434,0.4022301529,0.4415312074,0.009959893499999983,0.05162013879999999,-1,-1,-1,-1
205,434,0.4038832969,0.444175556,0.009525800899999992,0.051476236499999994,-1,-1,-1,-1
206,434,0.407189585,0.4463792446,0.011344230099999963,0.05118233360000002,-1,-1,-1,-1
207,434,0.4122856841,0.4476074089,0.009824540699999995,0.05369303080000004,-1,-1,-1,-1
208,434,0.4159997827,0.4488355731,0.009565370000000017,0.05446055240000003,-1,-1,-1,-1
209,434,0.4206590148,0.4510352393,0.009906745299999964,0.055411682200000034,-1,-1,-1,-1
210,434,0.4237893589,0.4542701188,0.009979605099999955,0.057223110899999985,-1,-1,-1,-1
211,434,0.4272918866,0.4562568512,0.01162793080000002,0.0574834065,-1,-1,-1,-1
212,434,0.4306453365,0.4585084208,0.010808221300000032,0.05814582369999999,-1,-1,-1,-1
213,434,0.4327997386,0.4615170014,0.010175844699999992,0.05809949990000002,-1,-1,-1,-1
214,434,0.4368776983,0.4635683536,0.010637533599999971,0.05768920350000001,-1,-1,-1,-1
215,434,0.4415559119,0.466862922,0.010065168000000013,0.05468451559999998,-1,-1,-1,-1
216,434,0.4442923165,0.4695299783,0.011301010700000003,0.05484139369999996,-1,-1,-1,-1
217,434,0.4488464202,0.4711818041,0.011232531200000007,0.056002991700000004,-1,-1,-1,-1
218,434,0.452099268,0.4746507679,0.011139521799999996,0.06079341620000006,-1,-1,-1,-1
219,434,0.4572431129,0.4784458149,0.011322620399999983,0.06100660939999997,-1,-1,-1,-1
220,434,0.4613194665,0.4817232552,0.011710865399999992,0.06169666509999999,-1,-1,-1,-1
221,434,0.4647968802,0.4833124076,0.01133094309999999,0.06398664319999997,-1,-1,-1,-1
222,434,0.4703605086,0.4859611679,0.011430231000000013,0.06504612139999999,-1,-1,-1,-1
223,434,0.4728589142,0.4904018932,0.0121556169,0.06504612140000005,-1,-1,-1,-1
224,434,0.4747328278,0.4944725472,0.013300640400000008,0.0660498034,-1,-1,-1,-1
225,434,0.4789836654,0.497058764,0.013414967500000041,0.06604980340000005,-1,-1,-1,-1
226,434,0.4827252142,0.5014922228,0.012471878200000008,0.069782177,-1,-1,-1,-1
227,434,0.4877139947,0.505371483,0.013926884400000006,0.07015172920000001,-1,-1,-1,-1
228,434,0.4948853575,0.5083271222,0.012575838400000039,0.07292259229999998,-1,-1,-1,-1
229,434,0.4992505221,0.5112827614,0.013095493999999985,0.07661707650000005,-1,-1,-1,-1
230,434,0.504031528,0.5151620216,0.014030698700000066,0.07772547359999993,-1,-1,-1,-1
231,434,0.5063877182,0.5217926812,0.014030698700000066,0.08086316400000004,-1,-1,-1,-1
232,434,0.5084494029,0.5249336155,0.015585868800000013,0.0787692510000001,-1,-1,-1,-1
233,434,0.5141435657,0.5277254995,0.014309580900000007,0.08330599760000001,-1,-1,-1,-1
234,434,0.5185614405,0.5348797346,0.014113341300000082,0.08574896089999995,-1,-1,-1,-1
