103,476,0.0281836091,0.3492873144,0.003894934099999997,0.01799932110000002,-1,-1,-1,-1
104,476,0.0308544544,0.3486939288,0.0038949341000000005,0.01799932110000002,-1,-1,-1,-1
105,476,0.0344656148,0.3461654545,0.0048380965,0.017999321199999974,-1,-1,-1,-1
106,476,0.0387198836,0.3456121643,0.0036043709000000007,0.01874945499999997,-1,-1,-1,-1
107,476,0.0414312472,0.3451739698,0.0036043709000000007,0.018749455000000026,-1,-1,-1,-1
108,476,0.0467895102,0.3440535051,0.0030412038999999974,0.018549497199999987,-1,-1,-1,-1
109,476,0.052383801,0.345158269,0.0030412038999999974,0.018549497199999987,-1,-1,-1,-1
110,476,0.0577819982,0.3437484429,0.003486247400000003,0.018641885199999986,-1,-1,-1,-1
111,476,0.0631801953,0.3423386167,0.0039312909999999895,0.018734273299999993,-1,-1,-1,-1
112,476,0.0685783925,0.3409287906,0.004376334499999995,0.018826661300000047,-1,-1,-1,-1
113,476,0.0719587815,0.3416355852,0.0032226964000000025,0.01889491430000001,-1,-1,-1,-1
114,476,0.0726646262,0.3414526257,0.003237102899999997,0.018138292499999986,-1,-1,-1,-1
115,476,0.0733704709,0.3412696662,0.003251509400000005,0.01738167060000001,-1,-1,-1,-1
116,476,0.0740763156,0.3410867067,0.0032659158999999993,0.016625048799999986,-1,-1,-1,-1
117,476,0.075258207,0.3410867067,0.003265915900000013,0.016625048799999986,-1,-1,-1,-1
118,476,0.0793959585,0.3403803663,0.0032659158999999993,0.016625048799999986,-1,-1,-1,-1
119,476,0.08353371,0.3396740259,0.0032659158999999993,0.016625048799999986,-1,-1,-1,-1
120,476,0.085073987,0.3395299939,0.0045500884999999935,0.01803189049999998,-1,-1,-1,-1
121,476,0.0859189565,0.3394762739,0.003728699799999999,0.01803189049999998,-1,-1,-1,-1
122,476,0.0861301624,0.3395835842,0.003728699799999999,0.01803189049999998,-1,-1,-1,-1
123,476,0.0866281352,0.339529929,0.004332275499999996,0.017952997400000004,-1,-1,-1,-1
124,476,0.0871261079,0.3394762739,0.004935851300000002,0.017874104199999963,-1,-1,-1,-1
125,476,0.0893391337,0.3391007528,0.0035074920999999953,0.0178205139,-1,-1,-1,-1
126,476,0.0895842143,0.3384714241,0.004593015799999989,0.01798660470000002,-1,-1,-1,-1
127,476,0.0912553908,0.3383538629,0.004333188099999996,0.017498323499999968,-1,-1,-1,-1
128,476,0.0915200369,0.3381775211,0.003969326999999995,0.017674665300000003,-1,-1,-1,-1
129,476,0.0921816157,0.3378834883,0.004101613599999998,0.018321381700000028,-1,-1,-1,-1
130,476,0.093173984,0.3378834883,0.0037708241999999947,0.017792226500000008,-1,-1,-1,-1
131,476,0.0934297964,0.3377128558,0.003494570099999997,0.017813766499999995,-1,-1,-1,-1
132,476,0.0939900432,0.3382560249,0.004887959400000003,0.017447977299999973,-1,-1,-1,-1
133,476,0.0962102965,0.3392944823,0.0037687799999999994,0.01741839220000002,-1,-1,-1,-1
134,476,0.0964147858,0.3392944823,0.0035642907,0.017314585400000027,-1,-1,-1,-1
135,476,0.0966484775,0.3390868686,0.0035935660000000064,0.01726255240000002,-1,-1,-1,-1
136,476,0.0970869505,0.3388512272,0.0032719023999999985,0.0170828368,-1,-1,-1,-1
137,476,0.0952191693,0.3385666668,0.003995317200000001,0.017177171199999952,-1,-1,-1,-1
138,476,0.0940984568,0.3382821064,0.0039953171000000065,0.017177171200000008,-1,-1,-1,-1
139,476,0.0916490382,0.3373927416,0.00456359449999999,0.016391872799999985,-1,-1,-1,-1
140,476,0.0891109175,0.3373390216,0.0027035519000000036,0.016506968600000005,-1,-1,-1,-1
141,476,0.0863612258,0.3373390216,0.002703551999999998,0.016506968600000005,-1,-1,-1,-1
142,476,0.0835303517,0.3374507437,0.002703551999999998,0.016506968499999997,-1,-1,-1,-1
