0,400,0.5629329975499999,0.5562132005,0.3788203951,0.3911383246
0,400,0.5185123076,0.6798036339,0.3529477126,0.4865702544
0,400,0.82322200135,0.81814696035,0.5578117115,0.5999662109
0,400,0.84399354745,0.8257316693,0.5720170401,0.6031734518
0,400,0.6770510404,0.8329365751000001,0.4622044432,0.6123456912
0,400,0.6448706541,0.87179528935,0.4391824924,0.6245599889
0,400,0.6840971981499999,0.71974933515,0.4665282865,0.5174277349
0,400,0.7030648432,0.71814279505,0.4786338214,0.5174277349
0,400,0.61503645615,0.73675671735,0.4186212761,0.5353649017
0,400,0.63723512025,0.7331272422499999,0.4325138477,0.5311760377
0,400,0.79135794935,0.8938637074,0.5389416023,0.654727803
0,400,0.94859360105,0.9290122367,0.6465082479,0.6809513478
0,400,0.9445660154,0.91773719595,0.6437629366,0.6482269019
0,400,0.8659407064,1.0332132461499999,0.5927784384,0.7645633159
0,400,0.7528526298,0.9116392599500001,0.512294766,0.6463115367
0,400,0.7355360117,0.9152518664,0.4995714558,0.6449345394
0,400,0.7120735437,0.8779800986499999,0.4905602,0.6415253943
0,400,0.58607161165,0.55343571975,0.3937693611,0.3864057725
0,400,1.0326337525,0.5438011508,0.694661872,0.3814596378
0,400,1.08395079235,1.4996694402,0.7537949891,1.1233425946
0,400,0.6016242629499999,0.5434483374000001,0.4044286505,0.3794828968
0,400,0.6094864798999999,0.54570814665,0.409254482,0.3806944519
0,400,1.0538806813,0.54254696075,0.7069529252,0.3826889699
0,400,1.0606014833500002,0.5443428925,0.7125087315,0.383438455
0,400,1.0543678075,0.54477933525,0.706956638,0.3838992275
0,400,0.63244389355,0.56539024085,0.4243471235,0.3894537997
0,400,0.6412521201,0.56449769705,0.4307615618,0.3888692377
0,400,0.6364084752,0.56063355365,0.427033592,0.3877973027
0,400,0.6417508229,0.5599169624,0.4322965824,0.3910128482
0,400,1.048815641,0.54925996135,0.703087621,0.3815227005
0,400,0.91775090055,0.47931156365,0.6134703351,0.3241920197
0,400,0.9134320946500001,0.4762474464,0.6110440593,0.3255978234
0,400,0.9228058243999999,0.47590877665,0.6173025572,0.3263761149
0,400,0.9099808899999999,0.4794598776,0.6085135312,0.3299823632
0,400,0.8792379885000001,0.4537835244,0.5873847676,0.3096139114
0,400,0.8811956399,0.4577889099,0.5884440822,0.309273425
0,400,0.84286822345,0.48330630895000004,0.5645472539,0.3334554793
0,400,1.11243065905,0.50423174925,0.7439713245,0.3493463545
0,400,0.84719645925,0.48515179929999996,0.5669352503,0.3348398728
0,400,0.853540885,0.4896889351,0.570612846,0.336056229
0,400,0.8664572227,0.4808756727,0.579076558,0.3301095266
0,400,0.8673586986999999,0.48372860810000007,0.5797800422,0.3318562058
0,400,0.85816887065,0.48632332395,0.5741328951,0.3352985691
0,400,0.8618628197,0.48521894935,0.5772791544,0.3347701925
0,400,0.8673143111,0.48322819429999997,0.581217673,0.3332418968
0,400,1.0408366147499999,0.44706722425,0.6957065855,0.3054458087
0,400,0.96443287315,0.46944972275,0.6446324361,0.3223373815
0,400,0.9656772575500001,0.4697983838,0.6461581119,0.3224801158
0,400,0.92352142755,0.4511747946,0.6169404483,0.3064017396
0,400,0.9092996726,0.44965830695,0.607421802,0.3060973261
0,400,0.9137584307,0.44939392395,0.6106859414,0.3061295495
0,400,0.9199620282000001,0.45057161219999997,0.6157126362,0.310782776
0,400,0.60282696095,0.54329262725,0.4045361151,0.3789220805
0,400,0.61634625385,0.54634039495,0.4137326597,0.3801560839
0,400,0.66100705995,0.5642791837,0.4446700487,0.3941947862
0,400,0.6164835048,0.54236472415,0.413774711,0.3709289567
0,400,0.6163510722,0.54836573055,0.4134818116,0.3816764643
0,400,0.6536682218500001,0.5733361326499999,0.4385726017,0.3915244859
0,400,0.60741435545,0.54673317395,0.4085298261,0.3783363507
0,400,0.62179818325,0.5473606211500001,0.4169186341,0.3809747303
0,400,0.62774801245,0.5478465018500001,0.4220471477,0.3821437247
0,400,0.67631331655,0.5572681371,0.4537820525,0.3891509434
0,400,0.6706511303,0.55886202575,0.4506407576,0.3892050527
0,400,0.67603370415,0.5520402968,0.4537347447,0.3890320846
0,400,0.57122755505,0.6508361508,0.3904786963,0.4658793526
0,400,0.9262854282999999,0.47830327525,0.619553181,0.3282203725
0,400,0.9590429256999999,0.47037827460000003,0.6410357308,0.3228390278
0,400,1.0938719197,0.5058584018,0.7327154314,0.3496349374
0,400,0.86573059565,0.45581753445,0.5787201435,0.3107796921
0,400,0.8697433611,0.57749547665,0.5834986672,0.4086488455
0,400,0.6335429234,0.5831240761,0.4273283896,0.4087577128
0,400,0.69304471985,0.5892000829,0.4687568625,0.4158398022
0,400,0.7029059824999999,0.5994268697,0.4712511798,0.415134435
0,400,0.70013088485,0.58753768185,0.4703441553,0.4135224451
0,400,1.07755387535,0.54664558695,0.7221314841,0.3829272065
0,400,0.5814294629,0.55823509755,0.3912684734,0.3923121201
0,400,0.8644830720000001,0.58371199025,0.580591429,0.4110242911
0,400,0.62498948715,0.5529680052,0.4199750963,0.3868883444
0,400,0.6562202136,0.5558111438,0.4409076202,0.388408595
0,400,0.66363767905,0.5620991111,0.4462228827,0.3876619646
0,400,0.6219797487500001,0.54878900285,0.4177276847,0.3835465439
0,400,0.6101941254000001,0.54926567065,0.410969681,0.3832368103
0,400,0.63150649865,0.5503609622,0.4243252217,0.3835474522
0,400,0.62583832595,0.5410954913,0.4207549445,0.3740492594
0,400,1.1283276058,0.4985273708,0.7543748014,0.343795156
0,400,1.13130427255,0.49921833475,0.7564220309,0.3434832165
0,400,1.0069792114,0.49099378660000004,0.6736832084,0.3396972526
0,400,0.03683676155,0.8066951606,0.0408320505,0.5585368328
0,400,0.33936860455,0.7994876423499999,0.2379043543,0.5588579895
0,400,0.3176535911,0.7852761502000001,0.2211237846,0.5513196442
0,400,-0.02201971405,0.95927246895,0.0002792403,0.7026260511
0,400,0.65608325465,0.77491142685,0.4465054153,0.5625435989
0,400,0.5672851672,0.83712712595,0.3948288218,0.6078788845
0,400,0.70452766105,0.49887402059999997,0.4714636267,0.3443605138
0,400,0.70075041235,0.5045072265,0.4687511681,0.3450770402
0,400,0.58348048875,0.5572205157,0.3933377507,0.3894992152
0,400,0.58596648335,0.55747867035,0.3935009917,0.3838047633
0,400,0.59964368775,0.55650768745,0.4037770005,0.3875358393
0,400,0.5391105378,0.552344029,0.3632387606,0.3840931516
0,400,0.5217436917,0.5565021726499999,0.3513474248,0.3911006947
0,400,0.571851828,0.551462028,0.385040784,0.3856649812
0,400,0.5776975509,0.55026189155,0.3884060608,0.3847758759
0,400,0.5957643039,0.5498340778499999,0.401116668,0.3834276851
0,400,0.5126841061,0.5585483345,0.34580307,0.3919420488
0,400,0.53661103725,0.5682463554,0.3599971557,0.3865318978
0,400,0.53615000535,0.5628527485,0.3623285239,0.3919572306
0,400,0.54004143515,0.56264760025,0.3639666287,0.3903313565
0,400,0.58650884365,0.5565264375000001,0.3941514737,0.3809232162
0,400,0.58585325125,0.5504140551,0.3949311759,0.3829501738
0,400,0.57172368185,0.55202998095,0.3843310213,0.3844450659
0,400,0.5771151103500001,0.5469403334,0.3882233515,0.3836641916
0,400,0.55890198065,0.55412331005,0.3769840065,0.3862863947
0,400,0.56505462005,0.5518953241,0.3795908987,0.3860368042
0,400,0.5658956472500001,0.5493680501,0.3803121963,0.383262243
0,400,0.5286168257,0.5565771082,0.3570741482,0.3892310044
0,400,0.5518496174,0.55203348445,0.3716992604,0.3848002705
0,400,0.55806978715,0.56003588605,0.3751689355,0.3854170127
0,400,0.5631002540000001,0.5499372357500001,0.3784073282,0.3843092643
0,400,0.742450248,0.6142838939499999,0.5010342006,0.4366134899
0,400,0.66926153725,0.5899068127,0.4516111511,0.413504798
0,400,0.8123759631,0.5749612281,0.5473838506,0.4069083946
0,400,0.86520290945,0.5735630803,0.5839131943,0.4043664256
0,400,0.6662442792500001,0.6488647947499999,0.4511355911,0.4614100805
0,400,0.7135121235999999,0.5852693735000001,0.481007387,0.4121075584
0,400,0.6585216494499999,0.66662516555,0.4481509667,0.4795252759
0,400,0.67413051515,0.58364317505,0.4564839983,0.4097876061
0,400,0.6895376657,0.6060997656,0.4643759286,0.42834424
0,400,0.67985950175,0.6109583782,0.4580085061,0.4287951508
0,400,0.6592893058,0.622459588,0.445249277,0.440834534
0,400,0.6499677752499999,0.6169449165,0.4378572905,0.4386619874
0,400,0.62360916595,0.66235935475,0.4226271061,0.4673292741
0,400,0.3450028531,0.5120942711,0.232784495,0.3533869046
0,400,0.74531309865,0.50033802095,0.4987064827,0.3461282139
0,400,0.7272743069000001,0.50106252755,0.4865832804,0.3449005687
0,400,0.7223756886,0.49986394824999997,0.4835709138,0.3454644991
0,400,0.71291741815,0.50050813435,0.4773556353,0.3451825339
0,400,0.70444020005,0.49750883135,0.4713126507,0.3412886109
0,400,0.59819342695,0.47463727310000003,0.4002836715,0.3238940942
0,400,0.7393500553500001,0.50028287355,0.4947225545,0.3449741417
0,400,0.7387287757000001,0.49773058864999997,0.4953577052,0.3447778171
0,400,0.7430272131,0.5006540478,0.497408001,0.345119082
0,400,0.74622151015,0.5012641073999999,0.4994705617,0.3459146314
0,400,0.7310336508499999,0.49761348164999997,0.4898734707,0.3452401467
0,400,0.72993175565,0.49947876010000003,0.4890964331,0.3452746624
0,400,0.7211964984,0.5016031014,0.4827001002,0.3456700366
0,400,0.7182169114,0.5003847988,0.4808599152,0.344677384
0,400,0.7180893703,0.5005338914,0.4805633656,0.3445730582
0,400,0.7156801048,0.4980491746,0.4792143638,0.3438099484
0,400,0.7232413917,0.5016873796,0.483886883,0.3457994058
0,400,0.72514385075,0.501199293,0.4852598307,0.3456599154
0,400,0.70855320255,0.49454767744999995,0.4745086513,0.3393282627
0,400,0.7112285012,0.49955473365,0.476738298,0.3430273749
0,400,0.7120596726,0.5033155893000001,0.4781173782,0.3467269196
0,400,0.71441571685,0.50690496905,0.4786771869,0.3448122031
0,400,0.70827140005,0.5037910244,0.4738164587,0.3422746458
0,400,0.7082594271,0.50547139705,0.4760040054,0.3470850531
0,400,0.70827140005,0.5037910244,0.4738164587,0.3422746458
0,400,0.7082594271,0.50547139705,0.4760040054,0.3470850531
0,400,0.71128654085,0.49943302025,0.4778206825,0.3424063507
0,400,0.6689554968,0.60281032265,0.450608635,0.4253700453
0,400,0.5046721542,0.53355185095,0.3389346814,0.3686575341
0,400,0.34165714185,0.5204363156,0.2296890477,0.358855966
0,400,0.44328235380000003,0.53015405965,0.298740737,0.3673603383
0,400,0.443083924,0.53186525,0.2977183634,0.3673602086
0,400,0.1322417404,0.5198511047000001,0.0903096732,0.3572962688
0,400,0.129456714,0.5255690429500001,0.0881638858,0.3568579445
0,400,0.13998955725,0.52358717645,0.0948354507,0.3568261537
0,400,0.1530392765,0.52139970755,0.1042721844,0.3579755545
0,400,0.46596833190000003,0.5337743868,0.3131863522,0.3682496598
0,400,0.34906650364999997,0.53150218565,0.2354730077,0.3672634087
0,400,0.3421355491,0.53123378025,0.2308266246,0.3689034265
0,400,0.5174625568,0.524486338,0.3468245676,0.361824062
0,400,0.16297449409999998,0.5225204318000001,0.1117391478,0.360690881
0,400,0.4639143858,0.53565556075,0.3115304826,0.3698602657
0,400,0.46114330345,0.5334102844499999,0.3096964301,0.3700379051
0,400,0.14351219815,0.49772890174999995,0.0972542069,0.3402118749
0,400,0.1457440594,0.4984413408,0.0987626534,0.3405597574
0,400,0.18534877365,0.5502097286500001,0.1260802673,0.3819546665
0,400,0.1943441872,0.54819204875,0.1333352948,0.3807540111
0,400,0.18241861165,0.521031453,0.1235792335,0.35767711
0,400,0.17994400594999999,0.5207131554,0.1229380963,0.3575608464
0,400,0.2954840199,0.52558824715,0.1999619494,0.3631475987
0,400,0.2894297923,0.5273980539500001,0.1961963086,0.3636161567
0,400,0.41324220645,0.53489258075,0.2775732803,0.3699926193
0,400,0.23817728975,0.53260013725,0.1604701751,0.3635028775
0,400,0.24238260809999998,0.5287532518,0.1638720278,0.3638333724
0,400,0.32881176585,0.5336470937,0.2207364887,0.3632105316
0,400,0.32663776175000003,0.5354682543,0.2206924661,0.3708815948
0,400,0.079753395,0.5579423622499999,0.0562356616,0.3875839797
0,400,0.30778448035,0.53974976585,0.2090837359,0.3743222713
0,400,0.0587414408,0.5525988423,0.0423496606,0.3828445504
0,400,0.4752786925,0.52984056315,0.3192955288,0.3654178535
0,400,0.53342374865,0.52054959465,0.3585149913,0.3570105405
0,400,0.13827866565000002,0.51733651465,0.0952006259,0.3550013599
0,400,0.1528333271,0.5141870163,0.1042187928,0.3546228976
0,400,0.0373128057,0.5447049187999999,0.0287513754,0.3771402368
0,400,0.03564192135,0.5387090378,0.0255268539,0.366570109
0,400,0.04209859345,0.54652581985,0.0314817205,0.3775814157
0,400,0.14579275425,0.5070467302,0.0992148515,0.3473729872
0,400,0.12815206325,0.512807359,0.0873936013,0.351497491
0,400,0.14064222935,0.50555827035,0.0958100785,0.3460904541
0,400,0.1359451072,0.5128240978,0.0931636172,0.3515800174
0,400,0.1656838501,0.5134704898,0.1123226104,0.3503972686
0,400,0.19179872934999997,0.514178063,0.1299969571,0.352676347
0,400,0.1881727852,0.5130931520500001,0.1275720684,0.3528637183
0,400,0.16250473815,0.5022970499,0.1099440805,0.3423316098
0,400,0.1591222319,0.5019080339499999,0.1077950808,0.3423274575
0,400,0.19262709,0.53025034045,0.130546472,0.3644934539
0,400,0.20112792545000002,0.52949028005,0.1367499965,0.3645491203
0,400,0.1683784587,0.5180474615,0.1142623024,0.3553267942
0,400,0.173239844,0.5159650322,0.1179057314,0.3555213022
0,400,0.19654042155,0.5327419633,0.1344182633,0.3676785062
0,400,0.46803587020000004,0.5325959083,0.3143865768,0.3677102026
0,400,0.1252363077,0.51865012485,0.0852991196,0.3560764091
0,400,0.1735864757,0.5249531442,0.1180584596,0.3613638086
0,400,0.14676687105,0.520099203,0.0998053227,0.3576300076
0,400,0.15257678465000002,0.5187837113,0.1042178681,0.3571148664
0,400,0.15049462185,0.51594485465,0.1024700355,0.3557072461
0,400,0.1341690214,0.5210250948,0.0923550046,0.358356266
0,400,0.14571306835,0.51774201005,0.0992603341,0.3562678029
0,400,0.18719209785000002,0.52658459785,0.1273654619,0.3617767001
0,400,0.16909156139999998,0.5174121315,0.11517754,0.3565162256
0,400,0.137050379,0.4967259334,0.0929037894,0.3382544678
0,400,0.14054323959999998,0.4982064057,0.0952120746,0.339677275
0,400,0.15629478915,0.5071130368000001,0.1059226273,0.3466042978
0,400,0.1674496566,0.5045593345999999,0.113243018,0.3447711146
0,400,0.16358802175,0.5028513009,0.1105790187,0.342916138
0,400,0.14248653915,0.49453476640000005,0.0964756727,0.3373745754
0,400,0.1396914927,0.4968353847,0.0943145906,0.3388206042
0,400,0.134279575,0.5067386105,0.091034393,0.345800525
0,400,0.1402658226,0.49817232145,0.0949539224,0.3390973591
0,400,0.16836937019999998,0.50562648105,0.114053298,0.3456784031
0,400,0.14230519275,0.49904517205,0.0969585333,0.3410617931
0,400,0.1389170286,0.49942886799999997,0.0943184234,0.3410495958
0,400,0.135629795,0.49925635405,0.0921678176,0.3411942765
0,400,0.1415392384,0.51447986495,0.0961875096,0.3536118085
0,400,0.07016291105,0.55723472435,0.0493847945,0.3859543427
0,400,0.71473394925,0.6060456563,0.4819944259,0.4310702066
0,400,0.71540830405,0.6278446307500001,0.4828966319,0.4452783735
0,400,0.72578754315,0.6182371814000001,0.4897279335,0.4399341398
0,400,0.7814901891999999,0.8117137283,0.5329174532,0.5932020298
0,400,0.7630226341,0.81336127215,0.5191835962,0.5945115527
0,400,0.17867458055000002,0.6915676047,0.1286924159,0.4892605374
0,400,0.89110800665,0.81376365315,0.6061329571,0.5881160155
0,400,0.42878879825000005,1.4600589051,0.3073377577,1.0918036224
0,400,0.72515896285,0.67933105335,0.4874790619,0.4722462131
0,400,0.7374193432,1.3667594916,0.5076892662,0.9801034798
0,400,1.08772767595,0.54677969235,0.7304278667,0.3859629067
0,400,1.06865205535,0.49172458649999995,0.7150602853,0.3411406862
0,400,0.71808185065,0.6540597413,0.4839533183,0.4692590426
0,400,0.7331341928999999,0.65920025425,0.4959236464,0.4720081063
0,400,1.06658431125,0.49609692905,0.7138683921,0.3427489131
0,400,0.6990858064500001,0.49542984065,0.4679568647,0.3425859365
0,400,1.08437992065,0.54937343515,0.7271618779,0.3853351351
0,400,0.7048372057000001,1.29165481545,0.4929290932,0.9701638487
0,400,1.02290251325,0.53992805415,0.6865342789,0.3772156265
0,400,1.0156266061,0.89972755905,0.6943882462,0.6746720743
0,400,0.5483325614,0.64056323495,0.372784273,0.4513073429
0,400,0.1166135281,0.7146030479500001,0.0875077094,0.5122131299
0,400,0.37835804915000004,0.52030512975,0.2544939469,0.3591396181
0,400,0.37471827055,0.5157156363,0.2518461715,0.3539834044
0,400,0.37014628035,0.51468820845,0.2492995821,0.3545346185
0,400,0.82113108535,0.47191481464999996,0.5490101471,0.3231340167
0,400,0.8909638321,0.46880721885,0.596629204,0.3208137571
0,400,0.87734304915,0.4812142126,0.5883294631,0.331169394
0,400,0.6919023976,0.48155340135,0.4637067572,0.3296551123
0,400,0.91791801095,0.48214445135,0.6156238611,0.3313616961
0,400,0.9009717514,0.48005352279999997,0.6030852556,0.3319100556
0,400,1.10404995465,0.5065185482,0.7403238071,0.352843995
0,400,0.9498180548499999,0.49036374425,0.6350098295,0.3377728043
0,400,0.95235887685,0.49022620025,0.6378169037,0.3375008305
0,400,0.9649785918,0.4913925994,0.645933838,0.339493402
0,400,0.96809272855,0.49088174014999997,0.6477575237,0.3392907193
0,400,0.9787948723,0.49334585415,0.655060297,0.3405018851
0,400,0.979028783,0.49245778695,0.6547904674,0.3397601855
0,400,0.97971525685,0.49132570895,0.6549696237,0.3397403325
0,400,1.00288840265,0.49211898749999994,0.6713356329,0.340988739
0,400,1.00685626965,0.49345011510000003,0.6735009859,0.3409813428
0,400,1.0019973665,0.49355087254999996,0.672275802,0.3433456725
0,400,0.8554906516999999,0.45426298210000005,0.5720506228,0.31069999
0,400,0.13776941339999998,0.47067600545,0.0928956128,0.3182846341
0,400,0.8759283420999999,0.45792340465,0.585737756,0.3135716755
0,400,0.06342921825,0.53049188595,0.0460421495,0.3701879059
0,400,0.6570440844,0.4605325237,0.4399440892,0.3146231086
0,400,0.53661103725,0.5682463554,0.3599971557,0.3865318978
0,400,0.53615000535,0.5628527485,0.3623285239,0.3919572306
0,400,0.54004143515,0.56264760025,0.3639666287,0.3903313565
0,400,0.5518496174,0.55203348445,0.3716992604,0.3848002705
0,400,0.55806978715,0.56003588605,0.3751689355,0.3854170127
0,400,0.5631002540000001,0.5499372357500001,0.3784073282,0.3843092643
0,400,0.7272743069000001,0.50106252755,0.4865832804,0.3449005687
0,400,0.7223756886,0.49986394824999997,0.4835709138,0.3454644991
0,400,0.71291741815,0.50050813435,0.4773556353,0.3451825339
0,400,0.70827140005,0.5037910244,0.4738164587,0.3422746458
0,400,0.70827140005,0.5037910244,0.4738164587,0.3422746458
0,400,0.7082594271,0.50547139705,0.4760040054,0.3470850531
0,400,0.7082594271,0.50547139705,0.4760040054,0.3470850531
0,400,0.70827140005,0.5037910244,0.4738164587,0.3422746458
0,400,0.70827140005,0.5037910244,0.4738164587,0.3422746458
0,400,0.7082594271,0.50547139705,0.4760040054,0.3470850531
0,400,0.7082594271,0.50547139705,0.4760040054,0.3470850531
