1,244,0.5762886113,0.3005004526,0.0023496197000000274,0.010352003700000001,-1,-1,-1,-1
2,244,0.5762886113,0.3005004526,0.0023496197000000274,0.010352003700000001,-1,-1,-1,-1
3,244,0.5762886113,0.3005004526,0.0023496197000000274,0.010352003700000001,-1,-1,-1,-1
4,244,0.5762886113,0.3005004526,0.0023496197000000274,0.010352003700000001,-1,-1,-1,-1
5,244,0.5762886113,0.3005004526,0.0023496197000000274,0.010352003700000001,-1,-1,-1,-1
6,244,0.5762886113,0.3005004526,0.0023496197000000274,0.010352003700000001,-1,-1,-1,-1
7,244,0.5762886113,0.3005004526,0.0023496197000000274,0.010352003700000001,-1,-1,-1,-1
8,244,0.5762886113,0.3005004526,0.0023496197000000274,0.010352003700000001,-1,-1,-1,-1
9,244,0.5762886113,0.3005004526,0.0023496197000000274,0.010352003700000001,-1,-1,-1,-1
10,244,0.5762886113,0.3005004526,0.0023496197000000274,0.010352003700000001,-1,-1,-1,-1
11,244,0.5762886113,0.3005004526,0.0023496197000000274,0.010352003700000001,-1,-1,-1,-1
12,244,0.5762886113,0.3005004526,0.0023496197000000274,0.010352003700000001,-1,-1,-1,-1
13,244,0.5762886113,0.3005004526,0.0023496197000000274,0.010352003700000001,-1,-1,-1,-1
14,244,0.5762886113,0.3005004526,0.0023496197000000274,0.010352003700000001,-1,-1,-1,-1
15,244,0.5762886113,0.3005004526,0.0023496197000000274,0.010352003700000001,-1,-1,-1,-1
16,244,0.5762886113,0.3005004526,0.0023496197000000274,0.010352003700000001,-1,-1,-1,-1
17,244,0.5762886113,0.3005004526,0.0023496197000000274,0.010352003700000001,-1,-1,-1,-1
18,244,0.5762886113,0.3005004526,0.0023496197000000274,0.010352003700000001,-1,-1,-1,-1
19,244,0.5762886113,0.3005004526,0.0023496197000000274,0.010352003700000001,-1,-1,-1,-1
20,244,0.5762886113,0.3005004526,0.0023496197000000274,0.010352003700000001,-1,-1,-1,-1
21,244,0.5762886113,0.3005004526,0.0023496197000000274,0.010352003700000001,-1,-1,-1,-1
22,244,0.5762886113,0.3005004526,0.0023496197000000274,0.010352003700000001,-1,-1,-1,-1
23,244,0.5762886113,0.3005004526,0.0023496197000000274,0.010352003700000001,-1,-1,-1,-1
24,244,0.5762886113,0.3005004526,0.0023496197000000274,0.010352003700000001,-1,-1,-1,-1
25,244,0.5762886113,0.3005004526,0.0023496197000000274,0.010352003700000001,-1,-1,-1,-1
26,244,0.5762886113,0.3005004526,0.0023496197000000274,0.010352003700000001,-1,-1,-1,-1
27,244,0.5762886113,0.3005004526,0.0023496197000000274,0.010352003700000001,-1,-1,-1,-1
28,244,0.5762886113,0.3005004526,0.0023496197000000274,0.010352003700000001,-1,-1,-1,-1
29,244,0.5762886113,0.3005004526,0.0023496197000000274,0.010352003700000001,-1,-1,-1,-1
30,244,0.5762886113,0.3005004526,0.0023496197000000274,0.010352003700000001,-1,-1,-1,-1
31,244,0.5762886113,0.3005004526,0.0023496197000000274,0.010352003700000001,-1,-1,-1,-1
32,244,0.5762886113,0.3005004526,0.0023496197000000274,0.010352003700000001,-1,-1,-1,-1
33,244,0.5762886113,0.3005004526,0.0023496197000000274,0.010352003700000001,-1,-1,-1,-1
34,244,0.5762886113,0.3005004526,0.0023496197000000274,0.010352003700000001,-1,-1,-1,-1
35,244,0.5762886113,0.3005004526,0.0023496197000000274,0.010352003700000001,-1,-1,-1,-1
36,244,0.5762886113,0.3005004526,0.0023496197000000274,0.010352003700000001,-1,-1,-1,-1
37,244,0.5762886113,0.3005004526,0.0023496197000000274,0.010352003700000001,-1,-1,-1,-1
38,244,0.5762886113,0.3005004526,0.0023496197000000274,0.010352003700000001,-1,-1,-1,-1
39,244,0.5762886113,0.3005004526,0.0023496197000000274,0.010352003700000001,-1,-1,-1,-1
40,244,0.5762886113,0.3005004526,0.0023496197000000274,0.010352003700000001,-1,-1,-1,-1
41,244,0.5762886113,0.3005004526,0.0023496197000000274,0.010352003700000001,-1,-1,-1,-1
42,244,0.5762886113,0.3005004526,0.0023496197000000274,0.010352003700000001,-1,-1,-1,-1
43,244,0.5762886113,0.3005004526,0.0023496197000000274,0.010352003700000001,-1,-1,-1,-1
44,244,0.5762886113,0.3005004526,0.0023496197000000274,0.010352003700000001,-1,-1,-1,-1
45,244,0.5762886113,0.3005004526,0.0023496197000000274,0.010352003700000001,-1,-1,-1,-1
46,244,0.5762886113,0.3005004526,0.0023496197000000274,0.010352003700000001,-1,-1,-1,-1
47,244,0.5762886113,0.3005004526,0.0023496197000000274,0.010352003700000001,-1,-1,-1,-1
48,244,0.5762886113,0.3005004526,0.0023496197000000274,0.010352003700000001,-1,-1,-1,-1
49,244,0.5762886113,0.3005004526,0.0023496197000000274,0.010352003700000001,-1,-1,-1,-1
50,244,0.5762886113,0.3005004526,0.0023496197000000274,0.010352003700000001,-1,-1,-1,-1
51,244,0.5762886113,0.3005004526,0.0023496197000000274,0.010352003700000001,-1,-1,-1,-1
52,244,0.5762886113,0.3005004526,0.0023496197000000274,0.010352003700000001,-1,-1,-1,-1
53,244,0.5762886113,0.3005004526,0.0023496197000000274,0.010352003700000001,-1,-1,-1,-1
54,244,0.5762886113,0.3005004526,0.0023496197000000274,0.010352003700000001,-1,-1,-1,-1
55,244,0.5762886113,0.3005004526,0.0023496197000000274,0.010352003700000001,-1,-1,-1,-1
56,244,0.5762886113,0.3005004526,0.0023496197000000274,0.010352003700000001,-1,-1,-1,-1
57,244,0.5762886113,0.3005004526,0.0023496197000000274,0.010352003700000001,-1,-1,-1,-1
58,244,0.5762886113,0.3005004526,0.0023496197000000274,0.010352003700000001,-1,-1,-1,-1
59,244,0.5762886113,0.3005004526,0.0023496197000000274,0.010352003700000001,-1,-1,-1,-1
60,244,0.5762886113,0.3005004526,0.0023496197000000274,0.010352003700000001,-1,-1,-1,-1
61,244,0.5762886113,0.3005004526,0.0023496197000000274,0.010352003700000001,-1,-1,-1,-1
62,244,0.5762886113,0.3005004526,0.0023496197000000274,0.010352003700000001,-1,-1,-1,-1
63,244,0.5762886113,0.3005004526,0.0023496197000000274,0.010352003700000001,-1,-1,-1,-1
64,244,0.5762886113,0.3005004526,0.0023496197000000274,0.010352003700000001,-1,-1,-1,-1
65,244,0.5762886113,0.3005004526,0.0023496197000000274,0.010352003700000001,-1,-1,-1,-1
66,244,0.5762960579,0.3004938377,0.0023496196999999164,0.010352003700000001,-1,-1,-1,-1
67,244,0.5763035045,0.3004872228,0.0023496197000000274,0.010352003700000001,-1,-1,-1,-1
68,244,0.5763109511,0.3004806078,0.0023496197000000274,0.010352003700000001,-1,-1,-1,-1
69,244,0.5763183977,0.3004739929,0.0023496196999999164,0.010352003700000001,-1,-1,-1,-1
70,244,0.5763258443,0.300467378,0.0023496197000000274,0.010352003700000001,-1,-1,-1,-1
71,244,0.5763332909,0.3004607631,0.0023496197000000274,0.010352003700000001,-1,-1,-1,-1
72,244,0.5763407375,0.3004541481,0.0023496196999999164,0.010352003700000001,-1,-1,-1,-1
73,244,0.5763481841,0.3004475332,0.002349619600000019,0.010352003700000001,-1,-1,-1,-1
74,244,0.5763556307,0.3004409183,0.002349619600000019,0.010352003700000001,-1,-1,-1,-1
75,244,0.5763630773,0.3004343034,0.002349619600000019,0.010352003700000001,-1,-1,-1,-1
76,244,0.5763705239,0.3004276884,0.002349619600000019,0.010352003700000001,-1,-1,-1,-1
77,244,0.5763779704,0.3004210735,0.0023496196999999164,0.010352003700000001,-1,-1,-1,-1
78,244,0.576385417,0.3004144586,0.0023496197000000274,0.010352003700000001,-1,-1,-1,-1
79,244,0.5763928636,0.3004078437,0.0023496197000000274,0.010352003700000001,-1,-1,-1,-1
80,244,0.5764003102,0.3004012287,0.0023496196999999164,0.010352003700000001,-1,-1,-1,-1
81,244,0.5764077568,0.3003946138,0.0023496197000000274,0.010352003700000001,-1,-1,-1,-1
82,244,0.5764152034,0.3003879989,0.0023496197000000274,0.010352003700000001,-1,-1,-1,-1
83,244,0.57642265,0.300381384,0.0023496196999999164,0.010352003700000001,-1,-1,-1,-1
84,244,0.5764300966,0.3003747691,0.0023496197000000274,0.010352003700000001,-1,-1,-1,-1
85,244,0.5764375432,0.3003681541,0.0023496197000000274,0.010352003700000001,-1,-1,-1,-1
86,244,0.5764449898,0.3003615392,0.0023496196999999164,0.010352003699999945,-1,-1,-1,-1
87,244,0.5764524364,0.3003549243,0.0023496197000000274,0.010352003700000001,-1,-1,-1,-1
88,244,0.576459883,0.3003483094,0.0023496197000000274,0.010352003700000001,-1,-1,-1,-1
89,244,0.5764673296,0.3003416944,0.002349619600000019,0.010352003700000001,-1,-1,-1,-1
90,244,0.5764747762,0.3003350795,0.002349619600000019,0.010352003700000001,-1,-1,-1,-1
91,244,0.5764822228,0.3003284646,0.002349619599999908,0.010352003700000001,-1,-1,-1,-1
92,244,0.5764896694,0.3003218497,0.002349619600000019,0.010352003700000001,-1,-1,-1,-1
93,244,0.576497116,0.3003152347,0.002349619600000019,0.010352003700000001,-1,-1,-1,-1
94,244,0.5765045626,0.3003086198,0.002349619599999908,0.010352003700000001,-1,-1,-1,-1
95,244,0.5765120092,0.3003020049,0.002349619600000019,0.010352003700000001,-1,-1,-1,-1
96,244,0.5765194558,0.30029539,0.002349619600000019,0.010352003700000001,-1,-1,-1,-1
97,244,0.5765269024,0.3002887751,0.002349619599999908,0.010352003700000001,-1,-1,-1,-1
98,244,0.576534349,0.3002821601,0.002349619600000019,0.010352003700000001,-1,-1,-1,-1
99,244,0.5765417956,0.3002755452,0.002349619600000019,0.010352003700000001,-1,-1,-1,-1
100,244,0.5765492422,0.3002689303,0.002349619600000019,0.010352003700000001,-1,-1,-1,-1
101,244,0.5765566887,0.3002623154,0.0023496197000000274,0.010352003700000001,-1,-1,-1,-1
102,244,0.5765641353,0.3002557004,0.0023496197000000274,0.010352003700000001,-1,-1,-1,-1
103,244,0.5765715819,0.3002490855,0.0023496197000000274,0.010352003700000001,-1,-1,-1,-1
104,244,0.5765790285,0.3002424706,0.0023496197000000274,0.010352003700000001,-1,-1,-1,-1
105,244,0.5765864751,0.3002358557,0.002349619599999908,0.010352003700000001,-1,-1,-1,-1
106,244,0.5765939217,0.3002292407,0.002349619600000019,0.010352003700000001,-1,-1,-1,-1
107,244,0.5766013683,0.3002226258,0.002349619600000019,0.010352003700000001,-1,-1,-1,-1
108,244,0.5766088149,0.3002160109,0.002349619599999908,0.010352003700000001,-1,-1,-1,-1
109,244,0.5766162615,0.300209396,0.002349619600000019,0.010352003700000001,-1,-1,-1,-1
110,244,0.5766237081,0.300202781,0.002349619600000019,0.010352003700000001,-1,-1,-1,-1
111,244,0.5766311547,0.3001961661,0.002349619599999908,0.010352003700000001,-1,-1,-1,-1
112,244,0.5766386013,0.3001895512,0.002349619600000019,0.010352003700000001,-1,-1,-1,-1
113,244,0.5766645914,0.3002049492,0.002349619599999908,0.010352003700000001,-1,-1,-1,-1
114,244,0.5766905814,0.3002203472,0.0023496197000000274,0.010352003700000001,-1,-1,-1,-1
115,244,0.5767165715,0.3002357452,0.0023496197000000274,0.010352003700000001,-1,-1,-1,-1
116,244,0.5767132587,0.300240793,0.0023496197000000274,0.010352003700000001,-1,-1,-1,-1
117,244,0.5767099459,0.3002458408,0.0023496197000000274,0.010352003700000001,-1,-1,-1,-1
118,244,0.5767066331,0.3002508887,0.0023496196999999164,0.010352003700000001,-1,-1,-1,-1
119,244,0.5767033203,0.3002559365,0.0023496196999999164,0.010352003700000001,-1,-1,-1,-1
120,244,0.5767000076,0.3002609843,0.002349619600000019,0.010352003700000001,-1,-1,-1,-1
121,244,0.5766966948,0.3002660321,0.0023496197000000274,0.010352003700000001,-1,-1,-1,-1
122,244,0.576693382,0.3002710799,0.0023496197000000274,0.010352003700000001,-1,-1,-1,-1
123,244,0.5766900692,0.3002761278,0.0023496197000000274,0.010352003700000001,-1,-1,-1,-1
124,244,0.5766867564,0.3002811756,0.0023496197000000274,0.010352003700000001,-1,-1,-1,-1
125,244,0.5766834436,0.3002862234,0.0023496197000000274,0.010352003700000001,-1,-1,-1,-1
126,244,0.5766801308,0.3002912712,0.0023496197000000274,0.010352003700000001,-1,-1,-1,-1
127,244,0.576676818,0.300296319,0.0023496196999999164,0.010352003700000001,-1,-1,-1,-1
128,244,0.5766735052,0.3003013669,0.0023496196999999164,0.010352003700000001,-1,-1,-1,-1
129,244,0.5766701925,0.3003064147,0.002349619600000019,0.010352003700000001,-1,-1,-1,-1
130,244,0.5766668797,0.3003114625,0.002349619600000019,0.010352003700000001,-1,-1,-1,-1
131,244,0.5766635669,0.3003165103,0.0023496197000000274,0.010352003700000001,-1,-1,-1,-1
132,244,0.5766602541,0.3003215581,0.0023496197000000274,0.010352003700000001,-1,-1,-1,-1
133,244,0.5766569413,0.300326606,0.0023496197000000274,0.010352003700000001,-1,-1,-1,-1
134,244,0.5766536285,0.3003316538,0.0023496197000000274,0.010352003700000001,-1,-1,-1,-1
135,244,0.5766503157,0.3003367016,0.0023496197000000274,0.010352003700000001,-1,-1,-1,-1
136,244,0.5766470029,0.3003417494,0.0023496196999999164,0.010352003700000001,-1,-1,-1,-1
137,244,0.5766436902,0.3003467972,0.002349619600000019,0.010352003700000001,-1,-1,-1,-1
138,244,0.5766403774,0.3003518451,0.002349619600000019,0.010352003700000001,-1,-1,-1,-1
139,244,0.5766370646,0.3003568929,0.002349619600000019,0.010352003700000001,-1,-1,-1,-1
140,244,0.5766337518,0.3003619407,0.002349619600000019,0.010352003700000001,-1,-1,-1,-1
141,244,0.576630439,0.3003669885,0.0023496197000000274,0.010352003700000001,-1,-1,-1,-1
142,244,0.5766271262,0.3003720363,0.0023496197000000274,0.010352003700000001,-1,-1,-1,-1
143,244,0.5766238134,0.3003770842,0.0023496197000000274,0.010352003700000001,-1,-1,-1,-1
144,244,0.5766205006,0.300382132,0.0023496196999999164,0.010352003700000001,-1,-1,-1,-1
145,244,0.5766171878,0.3003871798,0.0023496196999999164,0.010352003700000001,-1,-1,-1,-1
146,244,0.5766138751,0.3003922276,0.002349619600000019,0.010352003700000001,-1,-1,-1,-1
147,244,0.5766105623,0.3003972754,0.002349619600000019,0.010352003700000001,-1,-1,-1,-1
148,244,0.5766072495,0.3004023232,0.002349619600000019,0.010352003700000001,-1,-1,-1,-1
149,244,0.5766039367,0.3004073711,0.002349619600000019,0.010352003700000001,-1,-1,-1,-1
150,244,0.5766006239,0.3004124189,0.002349619600000019,0.010352003700000001,-1,-1,-1,-1
151,244,0.5765973111,0.3004174667,0.0023496197000000274,0.010352003700000001,-1,-1,-1,-1
152,244,0.5765939983,0.3004225145,0.0023496197000000274,0.010352003700000001,-1,-1,-1,-1
153,244,0.5765906855,0.3004275623,0.0023496196999999164,0.010352003700000001,-1,-1,-1,-1
154,244,0.5765873727,0.3004326102,0.0023496196999999164,0.010352003700000001,-1,-1,-1,-1
155,244,0.57658406,0.300437658,0.002349619600000019,0.010352003700000001,-1,-1,-1,-1
156,244,0.5765807472,0.3004427058,0.002349619600000019,0.010352003700000001,-1,-1,-1,-1
157,244,0.5765774344,0.3004477536,0.002349619600000019,0.010352003700000001,-1,-1,-1,-1
158,244,0.5765741216,0.3004528014,0.002349619600000019,0.010352003700000001,-1,-1,-1,-1
159,244,0.5765708088,0.3004578493,0.002349619600000019,0.010352003700000001,-1,-1,-1,-1
160,244,0.576567496,0.3004628971,0.002349619600000019,0.010352003700000001,-1,-1,-1,-1
161,244,0.5765641832,0.3004679449,0.0023496197000000274,0.010352003700000001,-1,-1,-1,-1
162,244,0.5765608704,0.3004729927,0.0023496196999999164,0.010352003700000001,-1,-1,-1,-1
163,244,0.5765575577,0.3004780405,0.002349619600000019,0.010352003700000001,-1,-1,-1,-1
164,244,0.5765542449,0.3004830884,0.002349619600000019,0.010352003700000001,-1,-1,-1,-1
165,244,0.5765509321,0.3004881362,0.002349619600000019,0.010352003700000001,-1,-1,-1,-1
166,244,0.5765476193,0.300493184,0.002349619600000019,0.010352003700000001,-1,-1,-1,-1
167,244,0.5765443065,0.3004982318,0.002349619600000019,0.010352003700000001,-1,-1,-1,-1
168,244,0.5765409937,0.3005032796,0.002349619600000019,0.010352003700000001,-1,-1,-1,-1
169,244,0.5765376809,0.3005083275,0.002349619600000019,0.010352003700000001,-1,-1,-1,-1
170,244,0.5765343681,0.3005133753,0.002349619600000019,0.010352003700000001,-1,-1,-1,-1
171,244,0.5765310553,0.3005184231,0.0023496196999999164,0.010352003700000001,-1,-1,-1,-1
172,244,0.5765277426,0.3005234709,0.002349619600000019,0.010352003700000001,-1,-1,-1,-1
173,244,0.5765244298,0.3005285187,0.002349619600000019,0.010352003700000001,-1,-1,-1,-1
174,244,0.576521117,0.3005335666,0.002349619600000019,0.010352003700000001,-1,-1,-1,-1
175,244,0.5765178042,0.3005386144,0.002349619600000019,0.010352003700000001,-1,-1,-1,-1
176,244,0.5765144914,0.3005436622,0.002349619600000019,0.010352003700000001,-1,-1,-1,-1
177,244,0.5765144914,0.3005436622,0.002349619600000019,0.010352003700000001,-1,-1,-1,-1
178,244,0.5765144914,0.3005436622,0.002349619600000019,0.010352003700000001,-1,-1,-1,-1
179,244,0.5765144914,0.3005436622,0.002349619600000019,0.010352003700000001,-1,-1,-1,-1
180,244,0.5765144914,0.3005436622,0.002349619600000019,0.010352003700000001,-1,-1,-1,-1
181,244,0.5765144914,0.3005436622,0.002349619600000019,0.010352003700000001,-1,-1,-1,-1
182,244,0.5765144914,0.3005436622,0.002349619600000019,0.010352003700000001,-1,-1,-1,-1
183,244,0.5765144914,0.3005436622,0.002349619600000019,0.010352003700000001,-1,-1,-1,-1
184,244,0.5765144914,0.3005436622,0.002349619600000019,0.010352003700000001,-1,-1,-1,-1
185,244,0.5765144914,0.3005436622,0.002349619600000019,0.010352003700000001,-1,-1,-1,-1
186,244,0.5765144914,0.3005436622,0.002349619600000019,0.010352003700000001,-1,-1,-1,-1
187,244,0.5765144914,0.3005436622,0.002349619600000019,0.010352003700000001,-1,-1,-1,-1
188,244,0.5765144914,0.3005436622,0.002349619600000019,0.010352003700000001,-1,-1,-1,-1
189,244,0.5765144914,0.3005436622,0.002349619600000019,0.010352003700000001,-1,-1,-1,-1
190,244,0.5765144914,0.3005436622,0.002349619600000019,0.010352003700000001,-1,-1,-1,-1
191,244,0.5765144914,0.3005436622,0.002349619600000019,0.010352003700000001,-1,-1,-1,-1
192,244,0.5765144914,0.3005436622,0.002349619600000019,0.010352003700000001,-1,-1,-1,-1
193,244,0.5765144914,0.3005436622,0.002349619600000019,0.010352003700000001,-1,-1,-1,-1
194,244,0.5765144914,0.3005436622,0.002349619600000019,0.010352003700000001,-1,-1,-1,-1
195,244,0.5765144914,0.3005436622,0.002349619600000019,0.010352003700000001,-1,-1,-1,-1
196,244,0.5765144914,0.3005436622,0.002349619600000019,0.010352003700000001,-1,-1,-1,-1
197,244,0.5765144914,0.3005436622,0.002349619600000019,0.010352003700000001,-1,-1,-1,-1
198,244,0.5765144914,0.3005436622,0.002349619600000019,0.010352003700000001,-1,-1,-1,-1
199,244,0.5765144914,0.3005436622,0.002349619600000019,0.010352003700000001,-1,-1,-1,-1
200,244,0.5765144914,0.3005436622,0.002349619600000019,0.010352003700000001,-1,-1,-1,-1
201,244,0.5765144914,0.3005436622,0.002349619600000019,0.010352003700000001,-1,-1,-1,-1
202,244,0.5765144914,0.3005436622,0.002349619600000019,0.010352003700000001,-1,-1,-1,-1
203,244,0.5765144914,0.3005436622,0.002349619600000019,0.010352003700000001,-1,-1,-1,-1
204,244,0.5765144914,0.3005436622,0.002349619600000019,0.010352003700000001,-1,-1,-1,-1
205,244,0.5765144914,0.3005436622,0.002349619600000019,0.010352003700000001,-1,-1,-1,-1
206,244,0.5765144914,0.3005436622,0.002349619600000019,0.010352003700000001,-1,-1,-1,-1
207,244,0.5765144914,0.3005436622,0.002349619600000019,0.010352003700000001,-1,-1,-1,-1
208,244,0.5765144914,0.3005436622,0.002349619600000019,0.010352003700000001,-1,-1,-1,-1
209,244,0.5765144914,0.3005436622,0.002349619600000019,0.010352003700000001,-1,-1,-1,-1
210,244,0.5765144914,0.3005436622,0.002349619600000019,0.010352003700000001,-1,-1,-1,-1
211,244,0.5765144914,0.3005436622,0.002349619600000019,0.010352003700000001,-1,-1,-1,-1
212,244,0.5765144914,0.3005436622,0.002349619600000019,0.010352003700000001,-1,-1,-1,-1
213,244,0.5765144914,0.3005436622,0.002349619600000019,0.010352003700000001,-1,-1,-1,-1
214,244,0.5765144914,0.3005436622,0.002349619600000019,0.010352003700000001,-1,-1,-1,-1
215,244,0.5765144914,0.3005436622,0.002349619600000019,0.010352003700000001,-1,-1,-1,-1
216,244,0.5765144914,0.3005436622,0.002349619600000019,0.010352003700000001,-1,-1,-1,-1
217,244,0.5765144914,0.3005436622,0.002349619600000019,0.010352003700000001,-1,-1,-1,-1
218,244,0.5765144914,0.3005436622,0.002349619600000019,0.010352003700000001,-1,-1,-1,-1
219,244,0.5765144914,0.3005436622,0.002349619600000019,0.010352003700000001,-1,-1,-1,-1
220,244,0.5765144914,0.3005436622,0.002349619600000019,0.010352003700000001,-1,-1,-1,-1
221,244,0.5765144914,0.3005436622,0.002349619600000019,0.010352003700000001,-1,-1,-1,-1
222,244,0.5765144914,0.3005436622,0.002349619600000019,0.010352003700000001,-1,-1,-1,-1
223,244,0.5765144914,0.3005436622,0.002349619600000019,0.010352003700000001,-1,-1,-1,-1
224,244,0.5765144914,0.3005436622,0.002349619600000019,0.010352003700000001,-1,-1,-1,-1
225,244,0.5765144914,0.3005436622,0.002349619600000019,0.010352003700000001,-1,-1,-1,-1
226,244,0.5765144914,0.3005436622,0.002349619600000019,0.010352003700000001,-1,-1,-1,-1
227,244,0.5765144914,0.3005436622,0.002349619600000019,0.010352003700000001,-1,-1,-1,-1
228,244,0.5765144914,0.3005436622,0.002349619600000019,0.010352003700000001,-1,-1,-1,-1
229,244,0.5765144914,0.3005436622,0.002349619600000019,0.010352003700000001,-1,-1,-1,-1
230,244,0.5765144914,0.3005436622,0.002349619600000019,0.010352003700000001,-1,-1,-1,-1
231,244,0.5765144914,0.3005436622,0.002349619600000019,0.010352003700000001,-1,-1,-1,-1
232,244,0.5765144914,0.3005436622,0.002349619600000019,0.010352003700000001,-1,-1,-1,-1
233,244,0.5765144914,0.3005436622,0.002349619600000019,0.010352003700000001,-1,-1,-1,-1
234,244,0.5765144914,0.3005436622,0.002349619600000019,0.010352003700000001,-1,-1,-1,-1
