1,200,0.6815707584,0.3271894412,0.0042487933999999505,0.016901434400000026,-1,-1,-1,-1
2,200,0.6815924412,0.326903713,0.004225358500000054,0.017033074400000014,-1,-1,-1,-1
3,200,0.6816141239,0.3266179847,0.004201923600000046,0.017164714400000003,-1,-1,-1,-1
4,200,0.6816141239,0.3266179847,0.004201923600000046,0.017164714400000003,-1,-1,-1,-1
5,200,0.6816141239,0.3266179847,0.004201923600000046,0.017164714400000003,-1,-1,-1,-1
6,200,0.6816141239,0.3266179847,0.004201923600000046,0.017164714400000003,-1,-1,-1,-1
7,200,0.6816141239,0.3266179847,0.004201923600000046,0.017164714400000003,-1,-1,-1,-1
8,200,0.6816141239,0.3266179847,0.004201923600000046,0.017164714400000003,-1,-1,-1,-1
9,200,0.6816141239,0.3266179847,0.004201923600000046,0.017164714400000003,-1,-1,-1,-1
10,200,0.6815690063,0.3269387478,0.004201923600000046,0.017164714400000003,-1,-1,-1,-1
11,200,0.6815690063,0.3258225651,0.004272593200000063,0.01828089709999997,-1,-1,-1,-1
12,200,0.6815690063,0.3258225651,0.004272593200000063,0.01828089709999997,-1,-1,-1,-1
13,200,0.6815690063,0.3258225651,0.004272593200000063,0.01828089709999997,-1,-1,-1,-1
14,200,0.6815690063,0.3258225651,0.004272593200000063,0.01828089709999997,-1,-1,-1,-1
15,200,0.6815690063,0.3258225651,0.004272593200000063,0.01828089709999997,-1,-1,-1,-1
16,200,0.6815690063,0.3258225651,0.004272593200000063,0.01828089709999997,-1,-1,-1,-1
17,200,0.6815690063,0.3258225651,0.004272593200000063,0.01828089709999997,-1,-1,-1,-1
18,200,0.6815690063,0.3258225651,0.004272593200000063,0.01828089709999997,-1,-1,-1,-1
19,200,0.6815690063,0.3258225651,0.004272593200000063,0.01828089709999997,-1,-1,-1,-1
20,200,0.6815690063,0.3258225651,0.004272593200000063,0.01828089709999997,-1,-1,-1,-1
21,200,0.6815690063,0.3258225651,0.004272593200000063,0.01828089709999997,-1,-1,-1,-1
22,200,0.6815690063,0.3258225651,0.004272593200000063,0.01828089709999997,-1,-1,-1,-1
23,200,0.6815690063,0.3258225651,0.004272593200000063,0.01828089709999997,-1,-1,-1,-1
24,200,0.6815690063,0.3258225651,0.004272593200000063,0.01828089709999997,-1,-1,-1,-1
25,200,0.6815690063,0.3258225651,0.004272593200000063,0.01828089709999997,-1,-1,-1,-1
26,200,0.6819300931,0.3260632671,0.004047005300000017,0.0179600043,-1,-1,-1,-1
27,200,0.6820654459,0.3246193145,0.00458856250000006,0.01940395690000002,-1,-1,-1,-1
28,200,0.6819752107,0.3243786125,0.004588562499999949,0.01940395690000002,-1,-1,-1,-1
29,200,0.6824265328,0.3243786125,0.00458856250000006,0.01940395690000002,-1,-1,-1,-1
30,200,0.6824265328,0.3243786125,0.00458856250000006,0.01940395690000002,-1,-1,-1,-1
31,200,0.682554439,0.3244543914,0.005923839099999939,0.019430557399999993,-1,-1,-1,-1
32,200,0.68276747,0.3253636093,0.005583047899999971,0.019430557399999993,-1,-1,-1,-1
33,200,0.6832790949,0.3255151672,0.004815610599999909,0.018066665799999992,-1,-1,-1,-1
34,200,0.6843023446,0.3253960489,0.005284454100000002,0.018564549200000002,-1,-1,-1,-1
35,200,0.6872865309,0.3266083826,0.005284454100000002,0.018564549200000002,-1,-1,-1,-1
36,200,0.689716603,0.3264568247,0.005284454100000002,0.01773111030000002,-1,-1,-1,-1
37,200,0.6929993832,0.3258507227,0.005454995699999965,0.019246559800000007,-1,-1,-1,-1
38,200,0.6980727045,0.3276692881,0.005284308000000015,0.01735221549999999,-1,-1,-1,-1
39,200,0.7058317642,0.3266842913,0.005753297499999976,0.01901922300000003,-1,-1,-1,-1
40,200,0.714230355,0.3253203997,0.005753297499999976,0.01901922290000002,-1,-1,-1,-1
41,200,0.7229700291,0.3271389651,0.006776547199999983,0.01970110389999996,-1,-1,-1,-1
42,200,0.7326485581,0.3270554007,0.006738584200000064,0.0157432099,-1,-1,-1,-1
43,200,0.7429378539,0.3265542733,0.00593975449999995,0.01549277610000005,-1,-1,-1,-1
