0,400,0.76402456615,0.4989374725,0.5115100993,0.3438793692
0,400,0.7587449305,0.4996457593,0.5084806494,0.34485684
0,400,0.7101472118500001,0.50366918115,0.4765185505,0.3483969115
0,400,0.7119535952,0.508182701,0.4765899502,0.3478433618
0,400,0.78662687945,0.49668966595,0.5264990725,0.3418354133
0,400,0.7902009529,0.49682182490000004,0.5289736782,0.342552848
0,400,0.1727526761,0.53887804835,0.1187854516,0.3739228747
0,400,0.17837047479999998,0.53884262415,0.1221603652,0.3735092045
0,400,0.29356429510000004,0.52890240915,0.1985997336,0.3649995121
0,400,0.7185815755,0.49943769154999995,0.4816058888,0.3454694299
0,400,0.72360079945,0.5003830471,0.4850078145,0.3402415896
0,400,0.5967694482,0.72172231315,0.4084712754,0.5216280177
0,400,0.6032369617,0.72610211685,0.408228458,0.5207647343
0,400,0.32061047325,0.53259702305,0.2160396585,0.3653698429
0,400,0.32541538855,0.5350979236,0.2188541063,0.3645088952
0,400,0.32378918365,0.5319262364499999,0.2177926015,0.3653035363
0,400,0.33760042685,0.52958526325,0.2282638279,0.3652215289
0,400,0.5040732873,0.52787550035,0.338963543,0.3673618089
0,400,0.8610102086,0.45468794525,0.5759312108,0.3109792797
0,400,0.5155100887499999,0.51847203135,0.3470746855,0.3590233545
0,400,0.4063487039,0.52898629805,0.2735805914,0.3669701545
0,400,0.4881527598,0.5294341595500001,0.3279481312,0.3637459585
0,400,0.4675626088,0.5289474786999999,0.3147840604,0.36576725
0,400,0.50654767395,0.5241607739499999,0.3399704881,0.3620207759
0,400,0.4671823458,0.5357502843999999,0.3136807964,0.361815498
0,400,0.4964154867,0.5255621657,0.3332060598,0.3640247662
0,400,0.4950033349,0.5252513509000001,0.3325081728,0.3638528794
0,400,0.91672151835,0.4501290708,0.6122111305,0.305881927
0,400,0.9149063327,0.4492552307,0.6113106766,0.3057848244
0,400,0.91057647165,0.4490979448,0.6081242641,0.3052729704
0,400,0.92013249685,0.44970307355,0.6157565857,0.3096145601
0,400,0.16048003085,0.5306038026,0.1103480217,0.3676945962
0,400,0.17945924729999999,0.529671942,0.1219751494,0.3639924564
0,400,0.3358934045,0.5315948332,0.2267823936,0.3665001692
0,400,0.16806893215,0.52762290685,0.1142910021,0.3580967073
0,400,0.1677584567,0.5303295581,0.1143428278,0.364917375
0,400,0.33060345409999997,0.53774141585,0.2225691524,0.3639666297
0,400,0.15436765419999998,0.53480460445,0.1050853964,0.3676445095
0,400,0.17395592170000002,0.5314184264999999,0.1178415592,0.364609458
0,400,0.19087794325000002,0.53040468825,0.1299593591,0.3648963541
0,400,0.341158074,0.52644277185,0.2300225384,0.3639182345
0,400,0.34557244460000003,0.52787738185,0.2335282784,0.3644222165
0,400,0.34442282175,0.5263363049500001,0.2324102671,0.3632866999
0,400,0.7805995181,0.46987156765000004,0.5216392204,0.3210820977
0,400,0.51322011495,0.5224223343000001,0.3453539381,0.3611966796
0,400,1.05256237325,0.5527432635,0.7049911751,0.3831733584
0,400,1.0381221849,0.53888012445,0.6949045434,0.3702185289
0,400,1.0401883229,0.5421028715,0.6973208904,0.3816937222
0,400,1.04776691225,0.54378129775,0.7016939397,0.3813400005
0,400,1.0694676035500001,0.5441326838,0.7163394935,0.383055927
0,400,1.0583208542,0.54302201585,0.7090419766,0.3795956569
0,400,0.9068460926499999,0.460013879,0.6061062369,0.3148133346
0,400,0.9113136844,0.458106948,0.6091600708,0.3140015654
0,400,0.9257997204499999,0.46930737765,0.6189234327,0.3232635977
0,400,0.90312286825,0.4640302939,0.6038671481,0.3180129198
0,400,0.9059466608,0.46927409455,0.6054248492,0.3184793583
0,400,0.8659465469000001,0.45599149515000004,0.578864111,0.3108956659
0,400,0.8545948352999999,0.5817852303,0.5757338432,0.4105842632
0,400,0.7375914179,0.65321910085,0.4972475342,0.4634062853
0,400,0.1606771101,0.5440087644,0.1104497188,0.376655459
0,400,0.1657182358,0.54922830025,0.1129200902,0.3752091707
0,400,0.16877576865,0.5426007765,0.1152750149,0.3746465378
0,400,0.8013253624000001,0.49383134555,0.536133068,0.3408321205
0,400,0.17353066275,0.5225331481,0.1182851427,0.357715259
0,400,0.1778701293,0.52690172765,0.1209891326,0.3577705361
0,400,0.77322950635,0.470901396,0.5173588885,0.3214888906
0,400,0.77616806405,0.47039202905,0.5190992015,0.3213348673
0,400,0.83393947645,0.4740956611,0.5575586733,0.3243625224
0,400,0.8241605643,0.4756462103,0.5512397266,0.3251557362
0,400,0.9951559171,0.53666112425,0.667492898,0.3709939657
0,400,1.01226381155,0.5411241680000001,0.6790946927,0.3811094196
0,400,1.0445507133,0.54760411305,0.700020646,0.3825457165
0,400,1.0212076829,0.5438741399,0.6839021266,0.3797697928
0,400,1.05699185605,0.54764887975,0.7090676747,0.3827977075
0,400,1.0135142554,0.5359878074,0.681040152,0.3771619064
0,400,1.0835252413,0.5451367550499999,0.7262917944,0.3844770421
0,400,1.07483097685,0.5429168466000001,0.7201064483,0.3811663836
0,400,1.06101367425,0.541682973,0.7112796053,0.378822426
0,400,1.02281738845,0.49782505285,0.6852073249,0.3444274691
0,400,0.03686601565,0.8065923487000001,0.0407202277,0.5588633024
0,400,0.339895225,0.8055384325,0.2381065792,0.5596834144
0,400,0.3196452997,0.8044648344,0.2198694714,0.5552784202
0,400,0.052524848250000006,1.0747217588,0.0556208065,0.8024085514
0,400,0.8296257982499999,0.48662216645,0.5552044647,0.3350908863
0,400,0.9070713237,0.46983651120000003,0.6075019462,0.3204665378
0,400,0.80008153745,0.59474115505,0.5412714469,0.4215955545
0,400,0.67857043775,0.5056318435,0.4552093165,0.3488133066
0,400,0.67847063885,0.5070069592499999,0.4547664631,0.3461375565
0,400,0.71692156895,0.5027089034500001,0.4815571209,0.3458832731
0,400,0.7326147321,0.5020170527,0.4905214096,0.3454032098
0,400,0.1406563925,0.52841289515,0.0971779158,0.3647811285
0,400,0.13420318804999998,0.5290502041,0.0927492361,0.3652520222
0,400,0.26935516,0.54304835685,0.1839913398,0.3753849935
0,400,0.17323356555,0.53245584575,0.1187181403,0.3694798137
0,400,0.32717085025000003,0.54284846385,0.2206545031,0.3683241845
0,400,0.3271456633,0.5408789244,0.2217319232,0.3738037564
0,400,0.33014083699999996,0.5410169226,0.223632922,0.3749512108
0,400,0.18942348465,0.52524023485,0.1285549459,0.3609025171
0,400,0.1908928365,0.52337203685,0.1308649234,0.3626842311
0,400,0.1478960522,0.52187066605,0.1013401972,0.3588850319
0,400,0.1521133801,0.5214030164000001,0.1035258458,0.357971013
0,400,0.1625814672,0.51980361305,0.1106196764,0.3572864071
0,400,0.16656942635,0.52585637465,0.1133273271,0.3569894641
0,400,0.5528090052000001,0.4750150893,0.3697955238,0.3229166396
0,400,0.565279113,0.46130692245000005,0.3782471534,0.3128404863
0,400,0.7845123386,0.47241165525,0.5245845676,0.3226811117
0,400,0.7877827078,0.4716476372,0.5267271428,0.3220180458
0,400,0.78449394115,0.9504388692,0.5379268213,0.7000832012
0,400,0.38881898175,0.5162288312000001,0.2612899137,0.3556902478
0,400,0.6799437505,0.77639884855,0.4633566212,0.5666372201
0,400,0.6639663513,0.78432417365,0.4501149696,0.5695986985
0,400,0.8980906492499999,1.1017319645499999,0.6203014907,0.8183170737
0,400,0.67577519055,0.72090801365,0.4581517435,0.5154459333
0,400,0.65428753025,0.72132525205,0.4429755833,0.5196165013
0,400,0.7434372625,0.497253272,0.4976165056,0.343353804
0,400,0.7454206119,0.4994349666,0.4990868918,0.3434009064
0,400,0.8433046644000001,0.57520050285,0.565817969,0.4057143569
0,400,0.5574269707999999,0.55333483245,0.3747351348,0.3859141175
0,400,0.56373927395,0.5513704834,0.3793685229,0.38561191
0,400,0.8414944118500001,0.5843432221,0.5639782221,0.411838569
0,400,0.71559089165,0.4991852463,0.4782271303,0.3381842252
0,400,0.71364791445,0.49967798269999997,0.4775649187,0.3437535468
0,400,0.18073009625,0.5040869387,0.1223447779,0.3444905318
0,400,0.78770313145,0.49614143625,0.5266967723,0.3427120617
0,400,0.8830730285499999,0.4773908783,0.5911250315,0.3270021218
0,400,0.35148233965,0.52204279075,0.2367395129,0.3617486723
0,400,0.3676613809,0.516912399,0.2470626834,0.3557595388
0,400,0.363569039,0.51570545025,0.2445987366,0.3563659003
0,400,0.13997689075,0.51725573995,0.0954065753,0.3548073709
0,400,0.14592285065,0.50714813645,0.0992049227,0.3476741567
0,400,0.38505910845,0.5347630167999999,0.2593612457,0.370732113
0,400,0.38554715245000004,0.53337142175,0.2596335575,0.3711622625
0,400,0.14096601025,0.4973725201,0.0951410531,0.3384197802
0,400,0.1442856219,0.49689338675,0.097380945,0.3380584027
0,400,0.49717102405,0.5343938538999999,0.3339909699,0.370113165
0,400,0.503994368,0.5335186112,0.3387474944,0.369873328
0,400,0.771827091,0.5773566999,0.5184049692,0.4063750872
0,400,0.71870729155,0.7729091882,0.4884003955,0.5612884448
0,400,0.6978652219,0.66953097755,0.4722025918,0.4768312299
0,400,0.2244852651,0.52825926115,0.1520628236,0.3654504229
0,400,0.2374293085,0.5283466534500001,0.1607346752,0.3648918125
0,400,0.2306593682,0.5376027817,0.1564155772,0.37270029
0,400,0.22448614114999998,0.5395088044,0.1521570011,0.3742895722
0,400,0.48187761655,0.5358452676500001,0.3240620795,0.3715193579
0,400,0.8026680005,0.5678968292,0.5392299186,0.4014361614
0,400,0.9100305556,0.46697040195000006,0.6088702034,0.3215641771
0,400,0.9000082478,0.4787321271,0.60260464,0.3289772214
0,400,0.1653495563,0.5101126641,0.1123576532,0.3502704946
0,400,0.16913593075,0.5117546931,0.1144263465,0.3503762478
0,400,0.48697247445,0.5353892313999999,0.3268589329,0.3696665362
0,400,0.48161733615,0.5297135166,0.3249938675,0.36552615
0,400,0.1404579789,0.494200095,0.095255796,0.3370450758
0,400,0.17748064325000001,0.5006567077499999,0.1200238495,0.3419141767
0,400,0.17453219320000002,0.5018896082,0.1180613798,0.3417767624
0,400,0.17359870415,0.55401891935,0.1186459375,0.3867196583
0,400,0.18900319,0.5171978677,0.128443393,0.3552405048
0,400,0.1741584034,0.5207721305999999,0.1183119358,0.357627153
0,400,0.5262020848,0.5283722159500001,0.3545869856,0.3661310063
0,400,0.13051628415,0.5128965679499999,0.0894766037,0.3519079171
0,400,0.1578866082,0.5237309489,0.1076946248,0.3609529932
0,400,0.15402109545,0.5236935135,0.1047535119,0.3607289002
0,400,0.116491791,0.53084434245,0.08014018,0.3663799479
0,400,0.1436643787,0.49711481960000004,0.0971884286,0.3393683148
0,400,0.14105741360000001,0.49786910585,0.095627564,0.3391160643
0,400,0.140286618,0.4984290138,0.0951828124,0.3396947872
0,400,0.1376125239,0.49857447305,0.0935218568,0.3399841487
0,400,0.15905718365,0.5152323508000001,0.1081723749,0.3519790248
0,400,0.13175285685,0.5024685258,0.0894923729,0.3440375448
0,400,0.14156053325,0.50068447615,0.0962753447,0.3423852001
0,400,0.14973707675,0.49355288385,0.1011857899,0.3365952459
0,400,0.1469615776,0.49463007405000003,0.0993992642,0.3365951161
0,400,0.19160409579999998,0.5159104687,0.129607836,0.353683792
0,400,0.18741867145,0.51328032875,0.1271025679,0.3532232791
0,400,0.13482326314999998,0.5233860508,0.0918726551,0.3603062768
0,400,0.13594828295,0.5235784177,0.0933437225,0.3603832236
0,400,0.07353475835,0.53041792355,0.0518865583,0.3657818261
0,400,0.13472444975,0.491557198,0.0913346751,0.3338941928
0,400,0.1327088682,0.4910898079,0.0896408668,0.332645397
0,400,0.13090398155,0.4913877984,0.0890057891,0.3329569472
0,400,0.14054188285000002,0.48969568255,0.0948178563,0.3318507559
0,400,0.76457846145,0.49630661880000004,0.5130240943,0.3426523728
0,400,0.744841335,0.49984314360000004,0.49838039,0.3447734918
0,400,0.74871324785,0.49814101485,0.5018503571,0.3437784171
0,400,0.5844962918500001,0.54779511755,0.3928252497,0.3831755643
0,400,0.57873992815,0.54902029735,0.3891889753,0.3834138009
0,400,0.39168389275000004,0.5205833587500001,0.2636042989,0.3531291227
0,400,0.39354032585,0.51698880235,0.2652934967,0.3562231011
0,400,0.40068199125,0.52789723485,0.2706921887,0.3650889157
0,400,0.6038697032,0.5506763402,0.4056567546,0.3854703434
0,400,0.5977357533500001,0.55456228305,0.4013929221,0.3866302547
0,400,0.58997997885,0.55464987,0.3967063857,0.3867094074
0,400,0.58978191405,0.56915408095,0.3969786975,0.3983003453
0,400,0.88977754835,0.5804960772000001,0.5975696651,0.4119074708
0,400,0.9252563381000001,0.58679624175,0.6226614772,0.4165455587
0,400,0.8790373684999999,0.5838690197,0.58954282,0.4121519358
0,400,0.6717930874,0.5949574678,0.452224108,0.4212159566
0,400,0.65242099015,0.5987894309999999,0.4386336345,0.422324743
0,400,0.66266954875,0.62907208135,0.4471814493,0.4465659671
0,400,0.68353541835,0.6188862983,0.4614650401,0.4428948396
0,400,0.56973962325,0.5509942486,0.3831116779,0.3843523442
0,400,0.6154692348,0.561430206,0.4143077996,0.394427573
0,400,0.77008346615,0.7678929839499999,0.5208542617,0.5305341223
0,400,0.7652871290500001,0.7606314386499999,0.5197655987,0.5513094969
0,400,0.787084042,0.7618241788,0.53410482,0.5489032552
0,400,0.8906239779,0.7634209221,0.6021929784,0.5531791872
0,400,1.05366008895,1.28748697225,0.7328659695,0.9850852981
0,400,0.8071350935,0.57483218335,0.5417488226,0.4075412269
0,400,0.7947483402,0.5824346043499999,0.5341092004,0.4112473893
0,400,0.8644116722999999,0.59789468125,0.5807897128,0.4132360681
0,400,0.9007816442,0.58777131205,0.6052030088,0.4167263123
0,400,0.6044286359,0.5477450308,0.4051784204,0.3808256378
0,400,1.0606200268500001,1.45401832235,0.7366199293,1.0875380711
0,400,1.0287905795,0.5404025809499999,0.6895838784,0.3817903923
0,400,1.0319311930000001,0.5437031615000001,0.6912638886,0.3806604552
0,400,1.0186464923,0.5428088875,0.6822968744,0.382590613
0,400,0.99827867405,0.5459809825999999,0.6687017071,0.3755671974
0,400,1.0048318226,0.5347737931000001,0.673734144,0.375704716
0,400,0.85645247925,0.5799646741,0.5752494463,0.4132237334
0,400,0.87281288925,0.5824718051,0.5868553251,0.4136307934
0,400,0.77835948015,0.4692729916,0.5202858383,0.3208007812
0,400,1.02373010735,0.5443504186,0.6859660015,0.383109647
0,400,1.02943821435,0.53565011085,0.6897595305,0.3691865595
0,400,0.9963035687999999,0.5347581509,0.6676251846,0.375113928
0,400,0.90405705085,0.59059797125,0.6070671397,0.4179621323
0,400,0.59787052215,0.5537562881,0.4034864373,0.3830194648
0,400,1.1563664443500001,1.34941026055,0.7954562047,1.0270926673
0,400,1.1157357060000002,1.41840337605,0.776755469,1.0848538867
0,400,0.84201973255,0.5817528785999999,0.5653572485,0.4087361798
0,400,0.8277312795,0.59047411675,0.5565510468,0.4154179573
0,400,0.7625870959000001,0.49828759,0.510742808,0.3437130188
0,400,0.52827384425,0.55682494695,0.3561884415,0.3909528997
0,400,0.81849944945,0.46645730145,0.5471247909,0.3182799805
0,400,0.8140873496000001,0.46618550845,0.544029843,0.3180006203
0,400,0.9163201323500001,0.46909457374999997,0.6124706419,0.3223234541
0,400,0.91377252085,0.47050290765,0.6109166885,0.3226613885
0,400,0.90811416005,0.4760693918,0.6073725961,0.3262916162
0,400,0.93094984385,0.47385690550000004,0.6224525345,0.3257929802
0,400,0.9352666826,0.47484438375,0.625415605,0.3262281761
0,400,1.1038256808,0.5259713591499999,0.7399611142,0.3671165221
0,400,1.0550180704,0.5261870827,0.7068164668,0.366867256
0,400,0.95028466695,0.46865478540000005,0.6355621155,0.3177439924
0,400,0.80736141155,0.4929356227,0.5412077033,0.3394997602
0,400,0.7712752133,0.5034066149,0.5173447254,0.3480365722
0,400,0.8690199281,0.4856693086,0.5813041484,0.3318215602
0,400,0.86430351415,0.48256804794999997,0.5780790793,0.3318841687
0,400,0.5868125478499999,0.51581146295,0.3949738113,0.3563308655
0,400,0.09680737465,0.58856219005,0.0709899211,0.4067455477
0,400,1.03536322155,0.4938172019,0.6929422927,0.342998309
0,400,1.0285601002,0.49441052269999997,0.6883183954,0.3433485272
0,400,1.041115205,0.49327163235,0.6977107416,0.3428110675
0,400,1.04315586395,0.49401462945,0.6979379357,0.3419453187
0,400,0.85584692405,0.45349846544999994,0.5722881377,0.3101903123
0,400,0.9838187686,0.4531757356,0.6576568224,0.3099808684
0,400,0.9520282334,0.45122377840000005,0.6364086212,0.3088426268
0,400,1.0507546029000001,0.5393039156499999,0.7039711376,0.3704391183
0,400,1.0488725855499998,0.54282342045,0.7031985899,0.3804638711
0,400,0.6231653634500001,0.46119643309999997,0.4170458103,0.3143100014
0,400,0.06342921825,0.53049188595,0.0460421495,0.3701879059
0,400,0.17999023085,0.54598855475,0.1243620751,0.3782083655
0,400,0.17273572655,0.5546879326,0.1174993079,0.3761089162
0,400,0.37131831595,0.51932752915,0.2509181213,0.3573902139
0,400,1.0342404071,0.5387477822,0.6942815004,0.3786539096
0,400,1.04950153075,0.44445732655000003,0.7005871713,0.3010710007
0,400,0.0802315467,0.5388518371,0.0574070402,0.3736047068
0,400,0.32717085025000003,0.54284846385,0.2206545031,0.3683241845
0,400,0.3271456633,0.5408789244,0.2217319232,0.3738037564
0,400,0.33014083699999996,0.5410169226,0.223632922,0.3749512108
0,400,0.1625814672,0.51980361305,0.1106196764,0.3572864071
0,400,0.16656942635,0.52585637465,0.1133273271,0.3569894641
