180,288,0.7489539725,0.3388866513,0.006729531499999997,0.02126391529999999,-1,-1,-1,-1
181,288,0.7432836095,0.3293622473,0.006111756199999929,0.0254747085,-1,-1,-1,-1
182,288,0.7345550324,0.3319671493,0.006423053000000012,0.02187066609999999,-1,-1,-1,-1
183,288,0.7244606621,0.3310811582,0.006423053000000012,0.020984675000000008,-1,-1,-1,-1
184,288,0.7149271227,0.3293091761,0.006423053000000012,0.020320181699999995,-1,-1,-1,-1
185,288,0.7055182772,0.3282547585,0.006423053000000012,0.020931603799999976,-1,-1,-1,-1
186,288,0.6975425361,0.3263719626,0.0054882863999999865,0.02048860829999999,-1,-1,-1,-1
187,288,0.6914410008,0.3260397808,0.006418088599999927,0.019824114999999976,-1,-1,-1,-1
188,288,0.6868922995,0.3251537898,0.005857111800000037,0.019824114900000023,-1,-1,-1,-1
189,288,0.6830897177,0.3247619191,0.0050468930999999495,0.0194408083,-1,-1,-1,-1
190,288,0.6808406417,0.3245702658,0.005239832899999963,0.01983358730000001,-1,-1,-1,-1
191,288,0.6792763604,0.3243786125,0.005432772700000088,0.02022636630000002,-1,-1,-1,-1
192,288,0.6794080775,0.3249359253,0.0050468931000000605,0.019944790300000015,-1,-1,-1,-1
193,288,0.6795397946,0.3243786125,0.0050468930999999495,0.01998501549999998,-1,-1,-1,-1
194,288,0.6818040121,0.3243786125,0.0050468931000000605,0.020025240599999994,-1,-1,-1,-1
195,288,0.6814966721,0.3243786125,0.0050468931000000605,0.020065465700000007,-1,-1,-1,-1
196,288,0.6811893322,0.3243786125,0.0050468930999999495,0.02010569090000003,-1,-1,-1,-1
197,288,0.680450703,0.3243040013,0.005478182299999967,0.020220527200000005,-1,-1,-1,-1
198,288,0.6803321415,0.3245567709,0.005289403899999989,0.02017589019999999,-1,-1,-1,-1
199,288,0.6802673123,0.3246053006,0.0050468930999999495,0.019999678200000037,-1,-1,-1,-1
200,288,0.6802673123,0.3244807324,0.005176843499999917,0.02012424639999999,-1,-1,-1,-1
201,288,0.6802673123,0.3251653383,0.0050468930999999495,0.01943964050000002,-1,-1,-1,-1
202,288,0.680213726,0.3256978672,0.004818676900000041,0.018907111600000026,-1,-1,-1,-1
203,288,0.680213726,0.3260783191,0.004703473700000016,0.018526659700000003,-1,-1,-1,-1
204,288,0.680213726,0.3260783191,0.004608420100000066,0.01834914999999998,-1,-1,-1,-1
205,288,0.680213726,0.3246328094,0.005378777600000051,0.019912999499999973,-1,-1,-1,-1
206,288,0.680213726,0.3247850161,0.005421559100000084,0.019642453000000004,-1,-1,-1,-1
207,288,0.680213726,0.3244045642,0.005378777600000051,0.02002290489999997,-1,-1,-1,-1
208,288,0.680213726,0.3256113183,0.0049935989000000625,0.018816150799999987,-1,-1,-1,-1
209,288,0.680213726,0.3256113183,0.0049935989000000625,0.018816150799999987,-1,-1,-1,-1
210,288,0.680213726,0.3256113183,0.0049935989000000625,0.018816150799999987,-1,-1,-1,-1
211,288,0.680213726,0.3256113183,0.0049935989000000625,0.018816150799999987,-1,-1,-1,-1
212,288,0.680213726,0.3256113183,0.0049935989000000625,0.018816150799999987,-1,-1,-1,-1
213,288,0.680213726,0.3256113183,0.0049935989000000625,0.018816150799999987,-1,-1,-1,-1
214,288,0.680213726,0.3256113183,0.0049935989000000625,0.018816150799999987,-1,-1,-1,-1
215,288,0.680213726,0.3256113183,0.0049935989000000625,0.018816150799999987,-1,-1,-1,-1
216,288,0.680213726,0.3256113183,0.0049935989000000625,0.018816150799999987,-1,-1,-1,-1
217,288,0.680213726,0.3256113183,0.0049935989000000625,0.018816150799999987,-1,-1,-1,-1
218,288,0.680213726,0.3256113183,0.0049935989000000625,0.018816150799999987,-1,-1,-1,-1
219,288,0.680213726,0.3256113183,0.0049935989000000625,0.018816150799999987,-1,-1,-1,-1
220,288,0.680213726,0.3256113183,0.0049935989000000625,0.018816150799999987,-1,-1,-1,-1
221,288,0.680213726,0.3256113183,0.0049935989000000625,0.018816150799999987,-1,-1,-1,-1
222,288,0.680213726,0.3256113183,0.0049935989000000625,0.018816150799999987,-1,-1,-1,-1
223,288,0.680213726,0.3256113183,0.0049935989000000625,0.018816150799999987,-1,-1,-1,-1
224,288,0.680213726,0.3256113183,0.0049935989000000625,0.018816150799999987,-1,-1,-1,-1
225,288,0.680213726,0.3256113183,0.0049935989000000625,0.018816150799999987,-1,-1,-1,-1
226,288,0.680213726,0.3256113183,0.0049935989000000625,0.018816150799999987,-1,-1,-1,-1
227,288,0.680213726,0.3256113183,0.0049935989000000625,0.018816150799999987,-1,-1,-1,-1
228,288,0.680213726,0.3256113183,0.0049935989000000625,0.018816150799999987,-1,-1,-1,-1
229,288,0.680213726,0.3256113183,0.0049935989000000625,0.018816150799999987,-1,-1,-1,-1
230,288,0.680213726,0.3256113183,0.0049935989000000625,0.018816150799999987,-1,-1,-1,-1
231,288,0.680213726,0.3256113183,0.0049935989000000625,0.018816150799999987,-1,-1,-1,-1
232,288,0.680213726,0.3256113183,0.0049935989000000625,0.018816150799999987,-1,-1,-1,-1
233,288,0.680213726,0.3256113183,0.0049935989000000625,0.018816150799999987,-1,-1,-1,-1
234,288,0.680213726,0.3256113183,0.0049935989000000625,0.018816150799999987,-1,-1,-1,-1
