1,460,0.1065636915,0.3383122104,0.0027281549000000016,0.016094206700000002,-1,-1,-1,-1
2,460,0.1073182797,0.3394470783,0.0027281549000000016,0.016094206700000002,-1,-1,-1,-1
3,460,0.1088854959,0.3395502363,0.003308624299999993,0.015578416700000042,-1,-1,-1,-1
4,460,0.1112073003,0.3394470783,0.003308624299999993,0.015578416700000042,-1,-1,-1,-1
5,460,0.1115555382,0.341716814,0.0025540359999999956,0.015475128900000024,-1,-1,-1,-1
6,460,0.1114923959,0.3417190789,0.0026265916000000056,0.01560409800000001,-1,-1,-1,-1
7,460,0.1114292536,0.3417213437,0.002699147299999996,0.015733067200000006,-1,-1,-1,-1
8,460,0.1113661113,0.3417236086,0.002771702900000006,0.0158620364,-1,-1,-1,-1
9,460,0.111302969,0.3417258735,0.002844258500000002,0.01599100549999999,-1,-1,-1,-1
10,460,0.1112398267,0.3417281384,0.002916814099999998,0.01611997460000003,-1,-1,-1,-1
11,460,0.1111766844,0.3417304032,0.0029893698000000024,0.016248943800000026,-1,-1,-1,-1
12,460,0.1111135421,0.3417326681,0.0030619253999999985,0.016377912899999958,-1,-1,-1,-1
13,460,0.1110503998,0.341734933,0.0031344809999999945,0.016506882,-1,-1,-1,-1
14,460,0.1109872575,0.3417371979,0.0032070365999999906,0.016635851199999996,-1,-1,-1,-1
15,460,0.1109241152,0.3417394627,0.003279592299999995,0.01676482039999999,-1,-1,-1,-1
16,460,0.1108609729,0.3417417276,0.003352147900000005,0.016893789500000034,-1,-1,-1,-1
17,460,0.1099302824,0.342129446,0.003424703500000001,0.01702275860000002,-1,-1,-1,-1
18,460,0.1083050265,0.3431611559,0.003308624300000007,0.01650683879999998,-1,-1,-1,-1
19,460,0.1069699689,0.3434706299,0.0038890935999999904,0.016197364800000003,-1,-1,-1,-1
20,460,0.1058936439,0.3437315743,0.0035467693000000022,0.01655368159999998,-1,-1,-1,-1
21,460,0.1049641337,0.3438185125,0.0035467693000000022,0.01716237869999998,-1,-1,-1,-1
22,460,0.1033496827,0.3441662653,0.0035467693000000022,0.01716237869999998,-1,-1,-1,-1
23,460,0.1017840727,0.3441662653,0.0034978553999999995,0.0174233231,-1,-1,-1,-1
24,460,0.099484681,0.3439922591,0.004231636999999996,0.018032150000000025,-1,-1,-1,-1
25,460,0.0974540969,0.3455027779,0.003620359099999998,0.016608569399999995,-1,-1,-1,-1
26,460,0.0949100627,0.3461113453,0.004500955500000001,0.016869513800000013,-1,-1,-1,-1
27,460,0.0926595119,0.346459098,0.00450102849999999,0.01695658179999998,-1,-1,-1,-1
28,460,0.0896751065,0.346980857,0.004892485799999999,0.016956581800000037,-1,-1,-1,-1
29,460,0.0869843306,0.3475895541,0.00425645899999999,0.01669563740000002,-1,-1,-1,-1
30,460,0.0837553557,0.3492417692,0.00425645899999999,0.01669563740000002,-1,-1,-1,-1
31,460,0.0812993811,0.3495200493,0.004080325199999998,0.016921702599999977,-1,-1,-1,-1
32,460,0.0788434066,0.3497983294,0.003904191200000004,0.0171477679,-1,-1,-1,-1
33,460,0.076387432,0.3500766094,0.0037280573999999983,0.017373833199999966,-1,-1,-1,-1
34,460,0.0739314575,0.3503548895,0.00355192339999999,0.01759989849999999,-1,-1,-1,-1
35,460,0.0714754829,0.3506331696,0.003375789599999998,0.017825963700000003,-1,-1,-1,-1
36,460,0.0697142172,0.3507201078,0.0033268756999999954,0.018521599100000008,-1,-1,-1,-1
37,460,0.0667298848,0.3521113785,0.003473617499999998,0.017999840099999997,-1,-1,-1,-1
38,460,0.0649197053,0.3526331374,0.0034736173999999898,0.017999840200000006,-1,-1,-1,-1
39,460,0.0636476517,0.353415711,0.0034736174000000036,0.017999840099999997,-1,-1,-1,-1
40,460,0.0608589749,0.3535895873,0.003473617499999998,0.017999840200000006,-1,-1,-1,-1
41,460,0.0585498005,0.3540171416,0.0034736174000000036,0.017999840200000006,-1,-1,-1,-1
42,460,0.0560000718,0.3542736742,0.003473617499999998,0.017999840099999997,-1,-1,-1,-1
43,460,0.0529692348,0.353675228,0.0034736173999999967,0.017999840099999997,-1,-1,-1,-1
44,460,0.048302702,0.3542738039,0.0047420938,0.0179516998,-1,-1,-1,-1
45,460,0.0449244302,0.3542738039,0.005124498300000002,0.01781623189999998,-1,-1,-1,-1
46,460,0.0405139289,0.3544405436,0.005124498299999995,0.017816231900000035,-1,-1,-1,-1
47,460,0.0373234281,0.3547741527,0.005124498300000002,0.01781623189999998,-1,-1,-1,-1
48,460,0.0332883228,0.3561084594,0.005124498300000002,0.01781623189999998,-1,-1,-1,-1
49,460,0.029534655,0.3561084594,0.005124498300000002,0.01781623189999998,-1,-1,-1,-1
50,460,0.0250236977,0.356384845,0.005124498299999999,0.01781623189999998,-1,-1,-1,-1
