78,271,0.754769909,0.3266750785,0.004313038500000088,0.019657894300000034,-1,-1,-1,-1
79,271,0.7504142351,0.3267439802,0.005039008499999942,0.023080404599999993,-1,-1,-1,-1
80,271,0.7460382656,0.3265991698,0.005064852499999994,0.021543025800000004,-1,-1,-1,-1
81,271,0.740797907,0.3267905635,0.0045346841999999166,0.019390591799999968,-1,-1,-1,-1
82,271,0.7362795761,0.3265437629,0.00408993269999991,0.018498891300000042,-1,-1,-1,-1
83,271,0.7316153796,0.3263864956,0.00439918539999995,0.020028614300000025,-1,-1,-1,-1
84,271,0.7273911162,0.326072999,0.003960274300000011,0.020342110900000043,-1,-1,-1,-1
85,271,0.7237926588,0.3256161193,0.004254049699999984,0.019297944199999972,-1,-1,-1,-1
86,271,0.720377884,0.3247677582,0.0035564060999999647,0.0185148517,-1,-1,-1,-1
87,271,0.7165224461,0.3245719526,0.004254049799999993,0.020276842399999995,-1,-1,-1,-1
88,271,0.7165224461,0.3245719526,0.004254049799999993,0.020276842399999995,-1,-1,-1,-1
89,271,0.7084024455,0.3244879989,0.0038973433000000224,0.018862085400000006,-1,-1,-1,-1
90,271,0.7039907031,0.3252038766,0.0034880725999999473,0.0190092315,-1,-1,-1,-1
91,271,0.6991745085,0.3242720807,0.004881753900000008,0.019009231599999954,-1,-1,-1,-1
92,271,0.696651865,0.32316563,0.0033744755000000293,0.020206643000000024,-1,-1,-1,-1
93,271,0.6930151525,0.3225250122,0.003964362599999993,0.020672476100000003,-1,-1,-1,-1
94,271,0.6890509359,0.3225250122,0.0038330980999999875,0.020264904599999967,-1,-1,-1,-1
95,271,0.6861442817,0.3220757883,0.003917492899999986,0.019709668000000014,-1,-1,-1,-1
96,271,0.6814092695,0.3231072387,0.003452445799999926,0.018599973199999953,-1,-1,-1,-1
97,271,0.6778188427,0.3219050261,0.003819811099999959,0.01959003060000003,-1,-1,-1,-1
98,271,0.6750333783,0.3210562757,0.003541512800000035,0.019448723599999995,-1,-1,-1,-1
99,271,0.6710544145,0.3211269941,0.0036209431999999486,0.019165850099999993,-1,-1,-1,-1
100,271,0.6678220083,0.3212606454,0.0033652767999999833,0.019202831199999992,-1,-1,-1,-1
101,271,0.6644957166,0.3210854714,0.003451861700000003,0.018934360900000002,-1,-1,-1,-1
102,271,0.6607908167,0.3209441644,0.004027293700000101,0.018888166900000003,-1,-1,-1,-1
103,271,0.6579358507,0.3209441644,0.0037925068999999922,0.018780337499999966,-1,-1,-1,-1
104,271,0.6546622692,0.3207100801,0.004176663600000019,0.01847579429999996,-1,-1,-1,-1
105,271,0.6521488244,0.3207867673,0.0038760255999999993,0.01839975589999998,-1,-1,-1,-1
106,271,0.6485151782,0.3206127612,0.004715154599999938,0.018011129100000023,-1,-1,-1,-1
107,271,0.6458344041,0.320530624,0.003946695200000017,0.018149322000000023,-1,-1,-1,-1
108,271,0.642991849,0.3204073535,0.00336892710000003,0.017315623499999988,-1,-1,-1,-1
109,271,0.639686437,0.320415139,0.0038279877999999323,0.01758279629999998,-1,-1,-1,-1
110,271,0.636030013,0.3203259949,0.004435396300000005,0.017222846199999975,-1,-1,-1,-1
111,271,0.6335470847,0.3199166068,0.004540086600000048,0.017684267500000017,-1,-1,-1,-1
112,271,0.6300971211,0.3198798851,0.004802323599999991,0.017583055900000033,-1,-1,-1,-1
113,271,0.628254746,0.3197296248,0.004264124500000022,0.01751259700000002,-1,-1,-1,-1
114,271,0.6249221758,0.3195456272,0.0043676468000000135,0.017328729200000004,-1,-1,-1,-1
115,271,0.6231212679,0.3194720542,0.0033325701999999957,0.017218304599999956,-1,-1,-1,-1
116,271,0.6195695343,0.3191848986,0.0045060659000000225,0.01787501250000001,-1,-1,-1,-1
117,271,0.6177146021,0.3191326059,0.0031807181000000906,0.017157837200000026,-1,-1,-1,-1
118,271,0.6145445429,0.3190168613,0.0030919429999999304,0.016331794600000005,-1,-1,-1,-1
119,271,0.6112876068,0.3179747708,0.0036781796999999505,0.016679158100000036,-1,-1,-1,-1
120,271,0.6097242599,0.3175116627,0.0035261815999999557,0.016949315300000045,-1,-1,-1,-1
121,271,0.6084952797,0.3172489017,0.0036911749000000382,0.016363066400000015,-1,-1,-1,-1
122,271,0.6077570448,0.3165786991,0.003864928699999992,0.015247013399999954,-1,-1,-1,-1
123,271,0.6069893155,0.3167699631,0.0031645107000000117,0.01550224840000003,-1,-1,-1,-1
124,271,0.6057233943,0.3158459528,0.003933116200000031,0.0161903578,-1,-1,-1,-1
125,271,0.6047062771,0.3150711648,0.0031483034999999493,0.01661077529999999,-1,-1,-1,-1
126,271,0.6036018449,0.3149022192,0.00317750579999998,0.01631479619999998,-1,-1,-1,-1
127,271,0.6027029971,0.3144468966,0.003197947400000012,0.01631479619999998,-1,-1,-1,-1
128,271,0.6014451066,0.3142455114,0.00328234220000001,0.01616635249999998,-1,-1,-1,-1
129,271,0.6008409104,0.3138681737,0.0033966693000000436,0.016195418300000042,-1,-1,-1,-1
130,271,0.6000644203,0.3136451188,0.0035358185000000653,0.016130668899999978,-1,-1,-1,-1
131,271,0.6001988971,0.3133196845,0.003364838700000039,0.016072147800000047,-1,-1,-1,-1
132,271,0.6001988971,0.3130884548,0.003220287200000005,0.015686894799999962,-1,-1,-1,-1
133,271,0.6008461668,0.3131765608,0.003314756699999921,0.015908652099999976,-1,-1,-1,-1
134,271,0.6013044974,0.313166829,0.003298987500000017,0.015876991000000007,-1,-1,-1,-1
135,271,0.6025783031,0.3134416575,0.003134286399999908,0.015895027399999984,-1,-1,-1,-1
136,271,0.6033828274,0.3136460271,0.0029703151999999067,0.015564273000000017,-1,-1,-1,-1
137,271,0.6039575293,0.3138877672,0.0032461312999999548,0.015077289400000027,-1,-1,-1,-1
138,271,0.6039392778,0.3133565359,0.003080554099999966,0.015608520700000017,-1,-1,-1,-1
139,271,0.6044910559,0.3133974098,0.0030345604000000526,0.015199911199999971,-1,-1,-1,-1
140,271,0.6044910559,0.3133974098,0.0030345604000000526,0.015199911199999971,-1,-1,-1,-1
141,271,0.6044910559,0.3133974098,0.0030345604000000526,0.015199911199999971,-1,-1,-1,-1
142,271,0.6044910559,0.3133974098,0.0030345604000000526,0.015199911199999971,-1,-1,-1,-1
143,271,0.6044910559,0.3133974098,0.0030345604000000526,0.015199911199999971,-1,-1,-1,-1
144,271,0.6118491676,0.312613928,0.003076611800000073,0.014906008100000034,-1,-1,-1,-1
145,271,0.6149631583,0.3131982305,0.003481064099999931,0.014730704400000016,-1,-1,-1,-1
146,271,0.6175869879,0.312683738,0.0035434109999999963,0.015079365499999997,-1,-1,-1,-1
147,271,0.6196029709,0.3119682497,0.0037065060999998956,0.014430313400000006,-1,-1,-1,-1
148,271,0.6225351771,0.3118905243,0.0037065061000000066,0.014430313499999958,-1,-1,-1,-1
149,271,0.6243265942,0.3099886539,0.003593054999999956,0.013483984699999951,-1,-1,-1,-1
150,271,0.6267449854,0.3098874423,0.0034448530999999782,0.013309718999999998,-1,-1,-1,-1
151,271,0.6294113043,0.3093363579,0.0036269297000000034,0.013467764899999957,-1,-1,-1,-1
152,271,0.6314842319,0.3090124807,0.003991228800000024,0.014034550000000034,-1,-1,-1,-1
153,271,0.6339216046,0.3088100574,0.002897893400000018,0.013913096100000022,-1,-1,-1,-1
154,271,0.6363640877,0.3083586276,0.0027688191000000417,0.01384406450000003,-1,-1,-1,-1
155,271,0.6386366132,0.3082709108,0.0029869606000000326,0.013317634299999992,-1,-1,-1,-1
156,271,0.6416897738,0.3080257898,0.0029869605999999216,0.013317634299999992,-1,-1,-1,-1
157,271,0.644099023,0.3077806688,0.0029869606000000326,0.013317634299999992,-1,-1,-1,-1
158,271,0.6465082722,0.3075355478,0.0029869606000000326,0.013317634300000047,-1,-1,-1,-1
159,271,0.6489175214,0.3072904267,0.0029869605999999216,0.013317634299999992,-1,-1,-1,-1
160,271,0.6513267706,0.3070453057,0.0029869606000000326,0.013317634299999992,-1,-1,-1,-1
161,271,0.6537360199,0.3068001847,0.0029869606000000326,0.013317634300000047,-1,-1,-1,-1
162,271,0.6561452691,0.3065550637,0.0029869605999999216,0.013317634299999992,-1,-1,-1,-1
163,271,0.6585545183,0.3063099426,0.0029869606000000326,0.013317634299999992,-1,-1,-1,-1
164,271,0.6609637675,0.3060648216,0.0029869606000000326,0.013317634299999992,-1,-1,-1,-1
165,271,0.6633730167,0.3058197006,0.0029869605999999216,0.013317634299999992,-1,-1,-1,-1
166,271,0.6657822659,0.3055745796,0.0029869606000000326,0.013317634299999992,-1,-1,-1,-1
167,271,0.6681915151,0.3053294585,0.0029869606000000326,0.013317634299999992,-1,-1,-1,-1
168,271,0.6706007643,0.3050843375,0.0029869605999999216,0.013317634299999992,-1,-1,-1,-1
169,271,0.6730100136,0.3048392165,0.0029869606000000326,0.013317634299999992,-1,-1,-1,-1
170,271,0.6754192628,0.3045940955,0.0029869606000000326,0.013317634299999992,-1,-1,-1,-1
171,271,0.677828512,0.3043489744,0.0029869605999999216,0.013317634299999992,-1,-1,-1,-1
172,271,0.6802377612,0.3041038534,0.0029869606000000326,0.013317634299999992,-1,-1,-1,-1
173,271,0.6826470104,0.3038587324,0.0029869606000000326,0.013317634299999992,-1,-1,-1,-1
174,271,0.6852804767,0.3044544537,0.0029869605999999216,0.013317634299999992,-1,-1,-1,-1
175,271,0.6875785543,0.3041990889,0.0029869605999999216,0.013317634299999992,-1,-1,-1,-1
176,271,0.6896373187,0.3032630111,0.003516836900000042,0.013934765800000026,-1,-1,-1,-1
177,271,0.691744121,0.3024971764,0.003516836899999931,0.01393476579999997,-1,-1,-1,-1
178,271,0.6937071018,0.302837533,0.0032296319000000295,0.013764652300000013,-1,-1,-1,-1
179,271,0.6950476349,0.3024120548,0.0032296319000000295,0.013764652400000021,-1,-1,-1,-1
