1,440,0.1181409562,0.3336954028,0.00277334550000001,0.013277149600000038,-1,-1,-1,-1
2,440,0.1179918782,0.3337837684,0.0027784559999999986,0.013188784000000009,-1,-1,-1,-1
3,440,0.1177433664,0.3336954028,0.0030845694000000007,0.012765641599999988,-1,-1,-1,-1
4,440,0.1176936494,0.3332537049,0.0029903919,0.013156214700000002,-1,-1,-1,-1
5,440,0.1177433664,0.3329886082,0.0029102314000000046,0.013162572900000002,-1,-1,-1,-1
6,440,0.1179421613,0.3336954028,0.002675079600000005,0.0128437562,-1,-1,-1,-1
7,440,0.1177930104,0.3329003725,0.0026423,0.01305668990000003,-1,-1,-1,-1
8,440,0.1177992889,0.3340454913,0.0024176611000000098,0.011458843699999999,-1,-1,-1,-1
9,440,0.1170890151,0.3324407679,0.0029776888999999973,0.013160496700000024,-1,-1,-1,-1
10,440,0.1175048564,0.3328301731,0.0025062901000000026,0.012625113199999982,-1,-1,-1,-1
11,440,0.1178863848,0.3322845386,0.0024176611000000098,0.011999806899999965,-1,-1,-1,-1
12,440,0.1179954555,0.3320865271,0.002417661099999996,0.012658590900000044,-1,-1,-1,-1
13,440,0.117839004,0.3319953069,0.002417661099999996,0.011999806899999965,-1,-1,-1,-1
14,440,0.117839004,0.3315105291,0.0025783470000000086,0.012753184799999984,-1,-1,-1,-1
15,440,0.1176480208,0.3318014477,0.0025783469000000003,0.01275318480000004,-1,-1,-1,-1
16,440,0.1178116999,0.331946907,0.0025783469000000003,0.012753184799999984,-1,-1,-1,-1
17,440,0.1175828266,0.3316744141,0.002121622400000009,0.012478745600000007,-1,-1,-1,-1
18,440,0.1170334577,0.33134885,0.0021216225000000033,0.012478745600000007,-1,-1,-1,-1
19,440,0.1167633361,0.3315408926,0.0021216225000000033,0.012478745599999952,-1,-1,-1,-1
20,440,0.116974761,0.3315408926,0.0021216225000000033,0.012478745599999952,-1,-1,-1,-1
21,440,0.1164935066,0.33091364,0.002121622399999995,0.012478745600000007,-1,-1,-1,-1
22,440,0.1156893474,0.3305562851,0.002121622399999995,0.012478745600000007,-1,-1,-1,-1
23,440,0.1146841301,0.3290554982,0.002121622399999995,0.012478745600000007,-1,-1,-1,-1
24,440,0.1149856807,0.3295914657,0.002121622400000009,0.012478745600000007,-1,-1,-1,-1
25,440,0.1152872313,0.3301274332,0.002121622399999995,0.012478745600000007,-1,-1,-1,-1
26,440,0.1146840571,0.3298415752,0.002121622399999995,0.012478745600000007,-1,-1,-1,-1
27,440,0.1151003363,0.3304217255,0.002121622400000009,0.012478745600000007,-1,-1,-1,-1
28,440,0.1149014684,0.3299747075,0.002121622399999995,0.012478745600000007,-1,-1,-1,-1
29,440,0.114470296,0.3303305053,0.002121622399999995,0.012478745599999952,-1,-1,-1,-1
30,440,0.1142669748,0.3303907132,0.002121622399999995,0.012478745600000007,-1,-1,-1,-1
31,440,0.1139377915,0.3308726363,0.002121622400000009,0.012478745599999952,-1,-1,-1,-1
32,440,0.1134438827,0.330765153,0.002121622399999995,0.012478745600000007,-1,-1,-1,-1
33,440,0.1129499739,0.3306576697,0.002121622399999995,0.012478745600000007,-1,-1,-1,-1
34,440,0.1124560651,0.3305501864,0.002121622399999995,0.012478745600000007,-1,-1,-1,-1
35,440,0.111968992,0.3304481327,0.0021253420000000023,0.012399627099999977,-1,-1,-1,-1
36,440,0.1114850071,0.330346726,0.0021290378999999915,0.012321010300000046,-1,-1,-1,-1
37,440,0.1110040908,0.3302459623,0.0021327104000000013,0.012242891900000052,-1,-1,-1,-1
38,440,0.1105262236,0.3301458374,0.002136359699999993,0.012165268800000018,-1,-1,-1,-1
39,440,0.1100513862,0.3300463474,0.002139985799999994,0.01208813780000001,-1,-1,-1,-1
40,440,0.1095795594,0.3299474882,0.002143588900000007,0.012011495799999994,-1,-1,-1,-1
41,440,0.1091107241,0.3298492557,0.002147169199999993,0.011935339900000008,-1,-1,-1,-1
42,440,0.1086448613,0.3297516461,0.0021507267999999885,0.011859666699999993,-1,-1,-1,-1
43,440,0.1081819522,0.3296546553,0.0021542618000000013,0.011784473399999995,-1,-1,-1,-1
44,440,0.1077219781,0.3295582795,0.0021577743999999927,0.011709756800000026,-1,-1,-1,-1
45,440,0.1072649204,0.3294625147,0.0021612646999999985,0.011635513900000005,-1,-1,-1,-1
46,440,0.1068107605,0.3293673571,0.0021647328999999937,0.011561741700000017,-1,-1,-1,-1
47,440,0.1063594801,0.3292728029,0.002168179199999995,0.011488437199999979,-1,-1,-1,-1
48,440,0.1059110609,0.3291788481,0.0021716035999999883,0.01141559760000005,-1,-1,-1,-1
49,440,0.1054654849,0.329085489,0.002175006199999996,0.01134321979999997,-1,-1,-1,-1
50,440,0.1050227339,0.3289927219,0.0021783872000000065,0.011271300799999995,-1,-1,-1,-1
51,440,0.10458279,0.3289005429,0.0021817469000000034,0.011199837800000001,-1,-1,-1,-1
52,440,0.1041456356,0.3288089483,0.002185085200000006,0.01112882799999998,-1,-1,-1,-1
53,440,0.1037112527,0.3287179345,0.002188402499999992,0.011058268300000007,-1,-1,-1,-1
54,440,0.103279624,0.3286274977,0.0021916986,0.01098815609999998,-1,-1,-1,-1
55,440,0.102850732,0.3285376344,0.0021949737999999996,0.010918488299999973,-1,-1,-1,-1
56,440,0.1024245592,0.3284483408,0.0021982282999999936,0.010849262199999987,-1,-1,-1,-1
57,440,0.1020010884,0.3283596133,0.002201462200000004,0.010780475099999964,-1,-1,-1,-1
58,440,0.1015803026,0.3282714484,0.002204675499999989,0.010712124099999998,-1,-1,-1,-1
59,440,0.1011621847,0.3281838424,0.002207868399999993,0.01064420650000003,-1,-1,-1,-1
60,440,0.1007467177,0.328096792,0.0022110411999999996,0.01057671939999999,-1,-1,-1,-1
61,440,0.1003338849,0.3280102934,0.0022141938,0.010509660300000001,-1,-1,-1,-1
62,440,0.0993925477,0.3280102934,0.0022141938,0.010509660300000001,-1,-1,-1,-1
63,440,0.0984874214,0.327881573,0.0022141938,0.010509660300000001,-1,-1,-1,-1
64,440,0.0977929899,0.3281753463,0.0022141938999999944,0.010509660300000001,-1,-1,-1,-1
65,440,0.09686713,0.327763882,0.0022141938,0.010509660300000001,-1,-1,-1,-1
66,440,0.0961396269,0.3281165657,0.0022141938,0.010509660300000001,-1,-1,-1,-1
67,440,0.0951452144,0.3272090347,0.0022805562000000057,0.011591976000000004,-1,-1,-1,-1
68,440,0.0943989488,0.3274481796,0.002310999600000002,0.011352831100000016,-1,-1,-1,-1
69,440,0.094200154,0.3279193328,0.0023109995000000078,0.012117887100000002,-1,-1,-1,-1
70,440,0.094075679,0.3276838211,0.002369112200000009,0.012588910499999995,-1,-1,-1,-1
71,440,0.0934426455,0.3279434679,0.0023691121999999953,0.012588910499999995,-1,-1,-1,-1
72,440,0.093112002,0.3278900073,0.0023691123000000036,0.012588910600000003,-1,-1,-1,-1
73,440,0.0936229699,0.3280502591,0.0023691121999999953,0.012588910499999995,-1,-1,-1,-1
74,440,0.0938032213,0.3279433381,0.0023691121999999953,0.012588910499999995,-1,-1,-1,-1
75,440,0.0944643621,0.3279967986,0.0023691121999999953,0.01258891050000005,-1,-1,-1,-1
76,440,0.0948850947,0.3276229643,0.0023691121999999953,0.012588910600000003,-1,-1,-1,-1
77,440,0.0953659841,0.3277297556,0.002369112200000009,0.012588910499999995,-1,-1,-1,-1
78,440,0.0959671141,0.3275695038,0.0023691121999999953,0.012588910600000003,-1,-1,-1,-1
79,440,0.0965381657,0.3276229643,0.002369112200000009,0.012588910600000003,-1,-1,-1,-1
80,440,0.0971993065,0.3273559213,0.0023691121999999953,0.012588910600000003,-1,-1,-1,-1
81,440,0.0975900337,0.3272490003,0.002369112200000009,0.012588910600000003,-1,-1,-1,-1
82,440,0.097806058,0.3274123663,0.0023691121999999953,0.012588910499999995,-1,-1,-1,-1
83,440,0.097806058,0.327004146,0.0023691121999999953,0.012588910600000003,-1,-1,-1,-1
84,440,0.097943893,0.32704502,0.0023691121999999953,0.012588910499999995,-1,-1,-1,-1
85,440,0.0977601373,0.3264734338,0.002369112200000009,0.012588910499999995,-1,-1,-1,-1
86,440,0.0976452991,0.3268001657,0.0023691123000000036,0.012588910499999995,-1,-1,-1,-1
87,440,0.0974155498,0.3268001657,0.0023691121999999953,0.012588910499999995,-1,-1,-1,-1
88,440,0.0968182161,0.3265551816,0.0023691121999999953,0.012588910499999995,-1,-1,-1,-1
89,440,0.0965551761,0.3268101571,0.0023691121999999953,0.012588910499999995,-1,-1,-1,-1
90,440,0.0960530419,0.3265976127,0.0023691123000000036,0.012588910499999995,-1,-1,-1,-1
91,440,0.096029096,0.3264701898,0.0023691123000000036,0.01258891050000005,-1,-1,-1,-1
92,440,0.0954914811,0.3265625779,0.002369112200000009,0.012588910499999995,-1,-1,-1,-1
93,440,0.0946560024,0.3264752504,0.002369112200000009,0.012588910499999995,-1,-1,-1,-1
94,440,0.0942676113,0.32640025,0.0023691123000000036,0.012588910499999995,-1,-1,-1,-1
95,440,0.0935214187,0.3274381882,0.0023691123000000036,0.012588910600000003,-1,-1,-1,-1
96,440,0.0930003761,0.3274381882,0.0023691122999999897,0.012588910600000003,-1,-1,-1,-1
97,440,0.0921897924,0.3266665144,0.0023691121999999953,0.012588910499999995,-1,-1,-1,-1
98,440,0.0918424306,0.3263063048,0.0023691123000000036,0.012588910499999995,-1,-1,-1,-1
99,440,0.092147522,0.3265472664,0.002369112200000009,0.012588910499999995,-1,-1,-1,-1
100,440,0.0923218599,0.3263923347,0.0023691123000000036,0.012588910499999995,-1,-1,-1,-1
101,440,0.0922818527,0.3263923347,0.0023691123000000036,0.012588910499999995,-1,-1,-1,-1
102,440,0.0922018383,0.3266767653,0.0023691122999999897,0.012588910600000003,-1,-1,-1,-1
103,440,0.0922018383,0.3266767653,0.0023691122999999897,0.012588910600000003,-1,-1,-1,-1
104,440,0.0920418096,0.3266056577,0.002369112200000009,0.012588910499999995,-1,-1,-1,-1
105,440,0.0920418096,0.3266056577,0.002369112200000009,0.012588910499999995,-1,-1,-1,-1
106,440,0.0910417027,0.3266056577,0.0023691121999999953,0.012588910499999995,-1,-1,-1,-1
107,440,0.0901159157,0.3266056577,0.0023691123000000036,0.012588910499999995,-1,-1,-1,-1
108,440,0.0896701421,0.3266056577,0.002713845800000003,0.012382724200000028,-1,-1,-1,-1
109,440,0.0897386946,0.325874209,0.002302457899999999,0.012017194599999947,-1,-1,-1,-1
110,440,0.0893957862,0.3258133523,0.002302457900000013,0.012017194499999995,-1,-1,-1,-1
111,440,0.0875910821,0.3262223511,0.002429415000000004,0.011852011900000015,-1,-1,-1,-1
