1,328,0.4423506534,0.3778902409,0.0063871341999999776,0.03698623419999997,-1,-1,-1,-1
2,328,0.4419386085,0.3774325827,0.0067476370000000285,0.037443892399999956,-1,-1,-1,-1
3,328,0.4415781057,0.3774325827,0.006747636999999973,0.037443892399999956,-1,-1,-1,-1
4,328,0.4415781057,0.3774325827,0.006747636999999973,0.037443892399999956,-1,-1,-1,-1
5,328,0.4415781057,0.3774325827,0.006747636999999973,0.037443892399999956,-1,-1,-1,-1
6,328,0.441268999,0.3773411029,0.0067476370000000285,0.03744389240000001,-1,-1,-1,-1
7,328,0.4415264176,0.3777072814,0.00674763690000002,0.03744389240000001,-1,-1,-1,-1
8,328,0.4413719373,0.3771580137,0.006747636899999965,0.037443892399999956,-1,-1,-1,-1
9,328,0.4410371325,0.3771580137,0.0067476370000000285,0.037443892399999956,-1,-1,-1,-1
10,328,0.4407023278,0.3771580137,0.006747636899999965,0.037443892399999956,-1,-1,-1,-1
11,328,0.4401358025,0.3771580137,0.006747636999999973,0.037443892399999956,-1,-1,-1,-1
12,328,0.4401358025,0.3771580137,0.006747636999999973,0.037443892399999956,-1,-1,-1,-1
13,328,0.4401358025,0.3771580137,0.006747636999999973,0.037443892399999956,-1,-1,-1,-1
14,328,0.4404276798,0.3770969407,0.006747636999999973,0.03744389240000001,-1,-1,-1,-1
15,328,0.4407195572,0.3770358677,0.00674763690000002,0.037443892399999956,-1,-1,-1,-1
16,328,0.4410114345,0.3769747947,0.006747636899999965,0.03744389240000001,-1,-1,-1,-1
17,328,0.4410114345,0.3769747947,0.006747636899999965,0.03764631569999999,-1,-1,-1,-1
18,328,0.4404840403,0.3769747947,0.0067476370000000285,0.03764631569999999,-1,-1,-1,-1
19,328,0.4410639987,0.3769747947,0.006747636899999965,0.03764631569999999,-1,-1,-1,-1
20,328,0.4410288342,0.3769591804,0.00674763690000002,0.037646315700000044,-1,-1,-1,-1
21,328,0.4409936697,0.3769435661,0.0067476370000000285,0.03764631569999999,-1,-1,-1,-1
22,328,0.4409585052,0.3769279519,0.006747636999999973,0.03764631559999998,-1,-1,-1,-1
23,328,0.4409233408,0.3769123376,0.006747636899999965,0.037646315700000044,-1,-1,-1,-1
24,328,0.4408881763,0.3768967233,0.00674763690000002,0.03764631569999999,-1,-1,-1,-1
25,328,0.4408530118,0.376881109,0.006747636999999973,0.03764631569999999,-1,-1,-1,-1
26,328,0.4408530118,0.376881109,0.006747636999999973,0.03764631569999999,-1,-1,-1,-1
27,328,0.4408530118,0.376881109,0.006747636999999973,0.03764631569999999,-1,-1,-1,-1
28,328,0.4408530118,0.376881109,0.006747636999999973,0.03764631569999999,-1,-1,-1,-1
29,328,0.4408530118,0.376881109,0.006747636999999973,0.03764631569999999,-1,-1,-1,-1
30,328,0.4408530118,0.376881109,0.006747636999999973,0.03764631569999999,-1,-1,-1,-1
31,328,0.4408530118,0.376881109,0.006747636999999973,0.03764631569999999,-1,-1,-1,-1
32,328,0.4405366045,0.3765999224,0.0067476370000000285,0.03764631559999998,-1,-1,-1,-1
33,328,0.4401060648,0.3767248365,0.006994153300000028,0.037583901899999994,-1,-1,-1,-1
34,328,0.4396755251,0.3768497507,0.007696177400000004,0.03752148799999999,-1,-1,-1,-1
35,328,0.4392449854,0.3769746649,0.007487185999999979,0.0374590742,-1,-1,-1,-1
36,328,0.4376105308,0.3771931782,0.006327123399999968,0.0377091188,-1,-1,-1,-1
37,328,0.4362923375,0.376506107,0.006327123399999968,0.037459074100000045,-1,-1,-1,-1
38,328,0.4344996064,0.3761312346,0.0064853999999999745,0.03670932960000001,-1,-1,-1,-1
39,328,0.4315468125,0.37538149,0.00664367669999999,0.03689683060000004,-1,-1,-1,-1
40,328,0.4289104259,0.3746317454,0.006696532899999996,0.035959714600000026,-1,-1,-1,-1
41,328,0.426168765,0.3739758161,0.006538110200000002,0.03567852799999999,-1,-1,-1,-1
42,328,0.424692441,0.3732260715,0.005325483399999997,0.03577221360000005,-1,-1,-1,-1
43,328,0.4227942894,0.3723826412,0.0064853999999999745,0.03558484240000004,-1,-1,-1,-1
44,328,0.4212125451,0.3709769673,0.006748951000000003,0.03436640999999996,-1,-1,-1,-1
45,328,0.4194198139,0.3701335371,0.006748951100000011,0.03436640999999996,-1,-1,-1,-1
46,328,0.4177326491,0.3690089201,0.006063426300000008,0.0341790387,-1,-1,-1,-1
47,328,0.4155180903,0.3679742258,0.006063426300000008,0.033620558099999975,-1,-1,-1,-1
48,328,0.4134089518,0.3668535016,0.005800021300000013,0.03445269939999995,-1,-1,-1,-1
49,328,0.4109308419,0.3668535016,0.006432689800000002,0.033233228999999975,-1,-1,-1,-1
50,328,0.4081363247,0.366291258,0.006432689800000002,0.03277336479999998,-1,-1,-1,-1
51,328,0.4065018701,0.3652603267,0.005852585500000007,0.033119171199999964,-1,-1,-1,-1
52,328,0.4048145593,0.3644168964,0.005852585500000007,0.0333356085,-1,-1,-1,-1
53,328,0.4043400214,0.3640420241,0.005852585499999952,0.03333560840000005,-1,-1,-1,-1
54,328,0.402231029,0.3640420241,0.005852585500000007,0.03333560840000005,-1,-1,-1,-1
55,328,0.4007060832,0.3643971731,0.006481165700000013,0.032980459399999995,-1,-1,-1,-1
56,328,0.3998056293,0.361324362,0.005852585399999999,0.033335608399999994,-1,-1,-1,-1
57,328,0.3973802296,0.3612306764,0.005852585399999999,0.03202349040000002,-1,-1,-1,-1
58,328,0.396747415,0.3606684328,0.005852585500000007,0.03202349040000002,-1,-1,-1,-1
59,328,0.3958510494,0.3604810615,0.005852585500000007,0.03202349040000002,-1,-1,-1,-1
60,328,0.3945855663,0.3599188179,0.006379979599999974,0.03014912879999998,-1,-1,-1,-1
61,328,0.3934783599,0.3592628887,0.006379979599999974,0.029493069799999994,-1,-1,-1,-1
62,328,0.3929511118,0.358513144,0.0062744131000000425,0.030055313500000014,-1,-1,-1,-1
63,328,0.3922128768,0.357669584,0.007065358399999999,0.02930569860000004,-1,-1,-1,-1
64,328,0.3904730019,0.3572947117,0.006485253899999988,0.029305698500000033,-1,-1,-1,-1
65,328,0.3896293465,0.3563575958,0.007065358300000046,0.029305698500000033,-1,-1,-1,-1
66,328,0.3876257744,0.3561702245,0.007065358399999999,0.029305698599999985,-1,-1,-1,-1
67,328,0.3866457442,0.3557953522,0.007065358300000046,0.029305698499999977,-1,-1,-1,-1
68,328,0.3857804791,0.3554204798,0.005641598599999964,0.029399384299999998,-1,-1,-1,-1
69,328,0.3839877479,0.3554204798,0.005272481100000004,0.02911832729999997,-1,-1,-1,-1
70,328,0.3834603537,0.3551394229,0.005219917000000018,0.028555953999999995,-1,-1,-1,-1
71,328,0.3825112779,0.355326924,0.005219917000000018,0.028555953899999986,-1,-1,-1,-1
72,328,0.3826167349,0.3552332059,0.00521991690000001,0.028555953899999986,-1,-1,-1,-1
73,328,0.3827221918,0.3551394878,0.00521991690000001,0.028555953899999986,-1,-1,-1,-1
74,328,0.3828276487,0.3550457697,0.0052199168999999546,0.028555953999999995,-1,-1,-1,-1
75,328,0.3829331056,0.3549520516,0.005219917000000018,0.028555953999999995,-1,-1,-1,-1
76,328,0.3830034346,0.3551082376,0.0052199168999999546,0.028555953999999995,-1,-1,-1,-1
77,328,0.3830737635,0.3552644236,0.005219917000000018,0.028555953999999995,-1,-1,-1,-1
78,328,0.3831440925,0.3554206096,0.00521991690000001,0.028555953899999986,-1,-1,-1,-1
79,328,0.3831440925,0.3554206096,0.00521991690000001,0.028555953899999986,-1,-1,-1,-1
80,328,0.3831440925,0.3554206096,0.00521991690000001,0.028555953899999986,-1,-1,-1,-1
81,328,0.3831440925,0.3554206096,0.00521991690000001,0.028555953899999986,-1,-1,-1,-1
82,328,0.3831440925,0.3554206096,0.00521991690000001,0.028555953899999986,-1,-1,-1,-1
83,328,0.3831440925,0.3554206096,0.00521991690000001,0.028555953899999986,-1,-1,-1,-1
84,328,0.3831440925,0.3554206096,0.00521991690000001,0.028555953899999986,-1,-1,-1,-1
85,328,0.3831440925,0.3554206096,0.00521991690000001,0.028555953899999986,-1,-1,-1,-1
86,328,0.3831440925,0.3554206096,0.00521991690000001,0.028555953899999986,-1,-1,-1,-1
87,328,0.3831440925,0.3550140762,0.00521991690000001,0.028555953900000042,-1,-1,-1,-1
88,328,0.3831440925,0.3554206096,0.00521991690000001,0.028555953899999986,-1,-1,-1,-1
89,328,0.3831440925,0.3554206096,0.00521991690000001,0.028555953899999986,-1,-1,-1,-1
90,328,0.3831440925,0.3554206096,0.00521991690000001,0.028555953899999986,-1,-1,-1,-1
91,328,0.3831440925,0.3554206096,0.00521991690000001,0.028555953899999986,-1,-1,-1,-1
92,328,0.3831440925,0.3554206096,0.00521991690000001,0.028555953899999986,-1,-1,-1,-1
93,328,0.3831440925,0.3554206096,0.00521991690000001,0.028555953899999986,-1,-1,-1,-1
94,328,0.3830913823,0.3551395527,0.00521991690000001,0.028555953899999986,-1,-1,-1,-1
95,328,0.382511424,0.3551395527,0.004534246100000028,0.028555953899999986,-1,-1,-1,-1
96,328,0.3808242592,0.3546709947,0.004534246199999981,0.028555953999999995,-1,-1,-1,-1
97,328,0.3789788178,0.3544836234,0.004534246200000036,0.028555953999999995,-1,-1,-1,-1
98,328,0.3761843006,0.3533590065,0.004534246199999981,0.028555953899999986,-1,-1,-1,-1
99,328,0.3730332229,0.3534526921,0.005418054799999961,0.027447816299999983,-1,-1,-1,-1
100,328,0.3708834932,0.3527029475,0.005247805199999955,0.0282789195,-1,-1,-1,-1
101,328,0.36954077,0.3527967629,0.004534246099999972,0.027290808499999986,-1,-1,-1,-1
102,328,0.3682225767,0.3522345193,0.004534246099999972,0.027690464700000028,-1,-1,-1,-1
103,328,0.3665354119,0.3516722757,0.004942640800000009,0.028008762300000045,-1,-1,-1,-1
104,328,0.3659026704,0.3520003052,0.004934975099999961,0.02694915440000001,-1,-1,-1,-1
105,328,0.3652699288,0.3523283347,0.004534246200000036,0.024995121099999962,-1,-1,-1,-1
106,328,0.3652699288,0.3519534624,0.004534246200000036,0.026182930400000026,-1,-1,-1,-1
107,328,0.3652699288,0.3515785901,0.004534246200000036,0.026151399100000028,-1,-1,-1,-1
108,328,0.3622968393,0.3506029359,0.0055220150999999995,0.02672051989999996,-1,-1,-1,-1
109,328,0.3609246217,0.3502778909,0.005156109899999983,0.02672039009999999,-1,-1,-1,-1
110,328,0.3597336046,0.3508977472,0.004534246200000036,0.025463030200000014,-1,-1,-1,-1
111,328,0.3574663356,0.3504953661,0.004534246099999972,0.025796509600000017,-1,-1,-1,-1
112,328,0.3558845912,0.3500076038,0.004534246200000036,0.02581571389999998,-1,-1,-1,-1
113,328,0.3535021189,0.3496105428,0.004574107400000027,0.026737388500000014,-1,-1,-1,-1
114,328,0.3509810816,0.3496105428,0.004716614699999955,0.026168267700000025,-1,-1,-1,-1
115,328,0.3481338541,0.3497636579,0.004636454400000045,0.024551865999999978,-1,-1,-1,-1
116,328,0.3460565463,0.3493790537,0.004426781500000032,0.02485511159999998,-1,-1,-1,-1
117,328,0.3441442315,0.3489668109,0.005149831300000018,0.02608029140000001,-1,-1,-1,-1
118,328,0.3434936035,0.3484857961,0.005022801199999982,0.02591095659999998,-1,-1,-1,-1
119,328,0.3425445277,0.348254307,0.0045082560999999965,0.02443521310000002,-1,-1,-1,-1
120,328,0.3420051606,0.3479955685,0.00456739079999996,0.025679726899999977,-1,-1,-1,-1
121,328,0.3410493683,0.3479235525,0.004268504900000025,0.023939924899999965,-1,-1,-1,-1
122,328,0.3388010807,0.347178609,0.004556586000000029,0.023500303099999953,-1,-1,-1,-1
123,328,0.3371286631,0.3470343175,0.004464744600000015,0.023156702599999968,-1,-1,-1,-1
124,328,0.3349304576,0.3465632941,0.004898691199999972,0.023209644100000038,-1,-1,-1,-1
125,328,0.3328403007,0.3463565889,0.004910810200000004,0.02313762800000002,-1,-1,-1,-1
126,328,0.3307774479,0.3451377672,0.004450581399999987,0.02460402890000002,-1,-1,-1,-1
127,328,0.3280684935,0.34611952,0.004658356099999983,0.02369286479999999,-1,-1,-1,-1
128,328,0.3265562507,0.3451211581,0.004744795000000024,0.025228686400000033,-1,-1,-1,-1
129,328,0.3239076357,0.3450879724,0.004325705000000013,0.022650871500000003,-1,-1,-1,-1
130,328,0.3220798982,0.344209929,0.004986809300000006,0.023836182999999955,-1,-1,-1,-1
131,328,0.3191722584,0.3447144625,0.00439469549999999,0.0243298817,-1,-1,-1,-1
132,328,0.3167829601,0.3452187365,0.005099019300000007,0.02490078670000001,-1,-1,-1,-1
133,328,0.3144810862,0.3448029903,0.004546365200000013,0.02219934429999998,-1,-1,-1,-1
134,328,0.3122065165,0.3450859936,0.004294203000000052,0.02212693910000002,-1,-1,-1,-1
135,328,0.3090212721,0.3450614692,0.004472337299999962,0.02279753109999999,-1,-1,-1,-1
136,328,0.306278589,0.3471758841,0.0037453452000000276,0.023091174499999978,-1,-1,-1,-1
137,328,0.3027423651,0.3457357809,0.0042744589,0.0238852101,-1,-1,-1,-1
138,328,0.3000322751,0.3458815862,0.0037351243000000034,0.022689355700000025,-1,-1,-1,-1
139,328,0.2963969091,0.3460272617,0.0037351244000000117,0.022473913400000045,-1,-1,-1,-1
140,328,0.291406555,0.3473477708,0.0037351243000000034,0.022258470899999994,-1,-1,-1,-1
141,328,0.2900513072,0.3460838797,0.0037351243000000034,0.022043028600000014,-1,-1,-1,-1
142,328,0.286802142,0.3468765312,0.0037351244000000117,0.02182758619999997,-1,-1,-1,-1
143,328,0.2822850118,0.3464340114,0.0037351243000000034,0.02161214389999999,-1,-1,-1,-1
144,328,0.2780217957,0.3466384675,0.0037351243000000034,0.021396701600000012,-1,-1,-1,-1
145,328,0.2738247229,0.347195218,0.0036828522000000308,0.022425772999999982,-1,-1,-1,-1
146,328,0.2707478192,0.3467327587,0.003818788999999989,0.02247715730000005,-1,-1,-1,-1
147,328,0.2667361488,0.3462090534,0.0038650746999999708,0.021414954200000003,-1,-1,-1,-1
148,328,0.2634526385,0.3461601345,0.0037351244000000117,0.021181259100000016,-1,-1,-1,-1
149,328,0.2602024189,0.3455262642,0.0037351244000000117,0.021181259100000016,-1,-1,-1,-1
150,328,0.2568958388,0.3459151504,0.0037351243000000034,0.021885069300000004,-1,-1,-1,-1
151,328,0.2539796939,0.3450705523,0.004857515899999998,0.022553455300000025,-1,-1,-1,-1
152,328,0.2512762879,0.3455799841,0.0037938210999999833,0.021926592099999975,-1,-1,-1,-1
153,328,0.2487529144,0.3452276898,0.003971079199999977,0.0226313105,-1,-1,-1,-1
154,328,0.2461303989,0.3454625527,0.0037847683000000187,0.021632948500000027,-1,-1,-1,-1
155,328,0.2435421962,0.3451535977,0.003948885399999991,0.02080807370000004,-1,-1,-1,-1
156,328,0.2405657485,0.3450529051,0.004121179099999983,0.021311536700000022,-1,-1,-1,-1
157,328,0.2389794778,0.3454556755,0.0040080200999999815,0.02000253289999998,-1,-1,-1,-1
158,328,0.2366713254,0.3451175249,0.0039935650000000045,0.02084414650000005,-1,-1,-1,-1
159,328,0.2354420532,0.3451395838,0.004089932699999993,0.020872433900000043,-1,-1,-1,-1
160,328,0.2338315446,0.3449450758,0.004340926699999997,0.02177179010000002,-1,-1,-1,-1
161,328,0.2312715221,0.3446139321,0.0047482993000000084,0.020995315199999975,-1,-1,-1,-1
162,328,0.2278869718,0.3441181249,0.007141430399999982,0.02239735580000002,-1,-1,-1,-1
163,328,0.2248459869,0.344161594,0.00712347100000002,0.022001462599999966,-1,-1,-1,-1
164,328,0.2225289278,0.3436437278,0.006749681100000016,0.022066212099999982,-1,-1,-1,-1
165,328,0.2202642139,0.3442188175,0.005700514399999995,0.0213904298,-1,-1,-1,-1
166,328,0.2183230619,0.3450238392,0.0059421635999999944,0.019931035999999958,-1,-1,-1,-1
167,328,0.2159662147,0.3451388053,0.005438277300000016,0.019614684699999996,-1,-1,-1,-1
168,328,0.2134703643,0.3449087434,0.0062063717000000185,0.019643361400000003,-1,-1,-1,-1
169,328,0.2108614279,0.344779504,0.005019881000000004,0.0192187915,-1,-1,-1,-1
170,328,0.2083187078,0.3443337835,0.005098362199999984,0.01885910099999999,-1,-1,-1,-1
171,328,0.2056570612,0.3437823099,0.005760817200000018,0.019166628599999957,-1,-1,-1,-1
172,328,0.203475282,0.3431564846,0.005155014699999988,0.020841810900000035,-1,-1,-1,-1
173,328,0.2012659795,0.3429857224,0.006004729600000008,0.02066014899999996,-1,-1,-1,-1
174,328,0.2003312859,0.3429550994,0.0062030134000000126,0.02048951659999998,-1,-1,-1,-1
175,328,0.198291941,0.3429855927,0.0062030134000000126,0.020156945499999968,-1,-1,-1,-1
176,328,0.1969040271,0.3422000347,0.005757385900000023,0.020626411700000014,-1,-1,-1,-1
177,328,0.1946098189,0.3422502512,0.0054660926,0.020392327399999965,-1,-1,-1,-1
178,328,0.1927970841,0.3429550994,0.005324899300000019,0.01973432209999998,-1,-1,-1,-1
179,328,0.1904178241,0.343559255,0.004805827799999995,0.019026489499999966,-1,-1,-1,-1
180,328,0.1879851967,0.3427447609,0.005689928499999997,0.019441197600000015,-1,-1,-1,-1
181,328,0.1846278046,0.3426530216,0.0053367993,0.019583283200000023,-1,-1,-1,-1
182,328,0.1819488556,0.3425205382,0.004361952400000008,0.020924077799999996,-1,-1,-1,-1
183,328,0.1788344268,0.3428017249,0.004587394500000008,0.020642891100000005,-1,-1,-1,-1
184,328,0.1750510457,0.3432235697,0.0037822131000000148,0.020120353699999982,-1,-1,-1,-1
185,328,0.1712874491,0.3433138817,0.0041185509000000176,0.020432682300000005,-1,-1,-1,-1
186,328,0.1672371586,0.3434649206,0.003920194099999996,0.01987900279999999,-1,-1,-1,-1
187,328,0.1660809652,0.3442120376,0.0037655677999999804,0.019256032199999995,-1,-1,-1,-1
188,328,0.1635085318,0.3437508434,0.0037655677,0.019256032199999995,-1,-1,-1,-1
189,328,0.1594349524,0.3439441512,0.003765567800000008,0.019256032199999995,-1,-1,-1,-1
190,328,0.1552197417,0.3441374589,0.0043813719999999945,0.020918108899999954,-1,-1,-1,-1
191,328,0.1522075942,0.34398642,0.004362828400000018,0.022579406999999996,-1,-1,-1,-1
192,328,0.1496037682,0.3444395367,0.0045307418000000155,0.02162282729999998,-1,-1,-1,-1
193,328,0.146246887,0.344559174,0.00474362690000002,0.022107345599999995,-1,-1,-1,-1
194,328,0.1433774659,0.3445705928,0.00512055589999999,0.021139347099999983,-1,-1,-1,-1
195,328,0.1406969837,0.3446997025,0.005022728199999993,0.01960754800000003,-1,-1,-1,-1
196,328,0.1380867333,0.3445590443,0.00523502910000001,0.020599292200000008,-1,-1,-1,-1
197,328,0.1345253628,0.3450510885,0.005222399099999997,0.0206619656,-1,-1,-1,-1
198,328,0.1327096348,0.3451285543,0.005826230299999985,0.020344576299999972,-1,-1,-1,-1
199,328,0.1307919176,0.3449736227,0.0061313216999999975,0.01964349110000002,-1,-1,-1,-1
200,328,0.1297023056,0.3449736227,0.006218490699999996,0.02049950789999999,-1,-1,-1,-1
201,328,0.1285093173,0.3445862936,0.006496204899999997,0.02049950789999999,-1,-1,-1,-1
202,328,0.1280636897,0.3444313619,0.00572146699999998,0.020499508,-1,-1,-1,-1
203,328,0.1280319322,0.3442764303,0.004961549300000007,0.020192109999999985,-1,-1,-1,-1
204,328,0.1268115667,0.3445862936,0.005099384300000009,0.02049950789999999,-1,-1,-1,-1
205,328,0.1261418842,0.3445862936,0.005376806499999998,0.02049950789999999,-1,-1,-1,-1
206,328,0.1257798483,0.3437341695,0.005259413099999999,0.02049950789999999,-1,-1,-1,-1
207,328,0.1260706305,0.3436567036,0.004778231699999996,0.021158421699999985,-1,-1,-1,-1
208,328,0.1256783702,0.3433468403,0.005273722199999997,0.020499508,-1,-1,-1,-1
209,328,0.1254604478,0.3431919087,0.0059176336,0.021969801499999997,-1,-1,-1,-1
210,328,0.1258090506,0.3431919087,0.005143041799999998,0.02049950789999999,-1,-1,-1,-1
211,328,0.1256782972,0.3424395689,0.005337675299999983,0.02103891400000002,-1,-1,-1,-1
212,328,0.125863367,0.3421073871,0.005291900599999982,0.020826629099999994,-1,-1,-1,-1
213,328,0.1254603748,0.3420299213,0.005404548600000003,0.020654309799999993,-1,-1,-1,-1
214,328,0.1256347127,0.3419524554,0.005186626299999997,0.0206543099,-1,-1,-1,-1
215,328,0.1262884799,0.3414101947,0.004881534900000012,0.018795129999999993,-1,-1,-1,-1
216,328,0.1267243247,0.3411003314,0.00496870390000001,0.018795129999999993,-1,-1,-1,-1
217,328,0.1274652609,0.3411003314,0.00496870390000001,0.018795129999999993,-1,-1,-1,-1
218,328,0.128329869,0.340701843,0.004997833199999996,0.017974796700000018,-1,-1,-1,-1
219,328,0.1288409098,0.3401327222,0.005411630200000017,0.017970514699999995,-1,-1,-1,-1
220,328,0.1297374944,0.3396205654,0.004867298800000003,0.018084183099999984,-1,-1,-1,-1
221,328,0.1297374944,0.3391652428,0.005795932900000023,0.018198111100000025,-1,-1,-1,-1
222,328,0.1299936354,0.3387953013,0.005523767099999993,0.01822652819999998,-1,-1,-1,-1
223,328,0.1302497763,0.3384253598,0.0052516014999999805,0.0182549454,-1,-1,-1,-1
224,328,0.130345852,0.3381977634,0.0052516014,0.017742658799999977,-1,-1,-1,-1
225,328,0.130345852,0.3381407994,0.005443752799999979,0.017572026299999988,-1,-1,-1,-1
226,328,0.1285526828,0.3380270012,0.00634026439999999,0.017742658799999977,-1,-1,-1,-1
227,328,0.1272398189,0.3377424408,0.006116136500000008,0.01785658670000001,-1,-1,-1,-1
228,328,0.1253185244,0.337913203,0.005859959100000006,0.017515062299999995,-1,-1,-1,-1
229,328,0.1236534074,0.3375148444,0.005891935600000009,0.017685694799999985,-1,-1,-1,-1
230,328,0.1227568228,0.3376856066,0.004386920399999994,0.017514932599999977,-1,-1,-1,-1
231,328,0.1202911239,0.3377425705,0.004354943799999997,0.017287206499999985,-1,-1,-1,-1
232,328,0.1177934484,0.3379133327,0.004506430899999997,0.017143953099999998,-1,-1,-1,-1
233,328,0.1146232432,0.3378563688,0.0053796537000000005,0.017344170400000025,-1,-1,-1,-1
