0,400,0.36436575165,0.5113520524999999,0.2449977865,0.3526651878
0,400,0.55193598335,0.53478423235,0.3706557151,0.3703266177
0,400,0.54569690495,0.5355863345,0.3667101879,0.371228569
0,400,0.5617635902,0.54196656025,0.3778117466,0.3779072393
0,400,0.56871060605,0.5487429385,0.3822100559,0.3780344026
0,400,0.5415985035499999,0.53157841875,0.3641716291,0.3681277301
0,400,0.54747116565,0.5318100377,0.3677248229,0.368393216
0,400,0.4648441443,0.5389422036,0.3128993186,0.374310453
0,400,0.46937673755000003,0.5326027532,0.3154130787,0.3697853068
0,400,0.49926563435,0.5382965355,0.3358555875,0.3730943666
0,400,0.50067265745,0.5371071854,0.3368771215,0.3722876256
0,400,0.5029069643999999,0.535205396,0.3376663876,0.3646819282
0,400,0.35667049900000003,0.52469096715,0.2412330218,0.3635166319
0,400,0.358423442,0.525695817,0.2410325478,0.3631600556
0,400,0.49504380925,0.53330968265,0.3315268965,0.3646168283
0,400,0.49566463320000004,0.53518079715,0.3323377786,0.3656918753
0,400,0.4985810587,0.53296547225,0.3339166986,0.3642265407
0,400,0.5013234497,0.5305033696,0.3367309274,0.3635277912
0,400,1.04056882935,0.5011502443,0.6960199265,0.3397569416
0,400,1.0348097643,0.494394757,0.6924132924,0.3415522802
0,400,1.04453567415,0.4956948724,0.6987138417,0.343047747
0,400,0.72503726215,0.49830957105,0.4858362847,0.3455039457
0,400,0.86114754105,0.4549482295,0.5759712469,0.311130918
0,400,0.7068265416499999,0.50009070125,0.4734010555,0.3460898053
0,400,0.7129156661,0.50105973775,0.477513328,0.3465483719
0,400,0.72513092865,0.4999663925,0.4854734457,0.3457293362
0,400,0.72529706565,0.49941978485,0.4859212635,0.3453557615
0,400,0.7286982856,0.5015023439499999,0.4872947952,0.3454934353
0,400,0.7212952753499999,0.5058843535499999,0.4825653315,0.3420443245
0,400,0.7317746783,0.501466336,0.4905527534,0.3462840538
0,400,0.7316564819,0.49912406524999997,0.4899434468,0.3453757443
0,400,0.7572782434,0.50409452955,0.5078716348,0.3486533143
0,400,0.92183433575,0.45074172560000003,0.6158741251,0.3066543794
0,400,0.9162507768499999,0.4489604008,0.6122038299,0.3055693388
0,400,0.91123895575,0.44925499155000004,0.6088550233,0.3058872731
0,400,0.9186441269,0.45199525755000003,0.613656792,0.3079949145
0,400,0.38595985435,0.5306200224,0.2604280069,0.3684894968
0,400,0.39235706335,0.5286717634,0.2639638253,0.3650362338
0,400,0.5071042704,0.5333585108000001,0.340945846,0.3669711926
0,400,0.38702311135,0.5283020814,0.2600548011,0.3578976994
0,400,0.38916670855,0.53193817425,0.2626012445,0.3674585655
0,400,0.50394180385,0.53595004765,0.3379575713,0.3625404587
0,400,0.39372176130000003,0.53014179755,0.2648888092,0.3637487699
0,400,0.38926446335,0.5325915083,0.2622506705,0.3674162642
0,400,0.40531019594999995,0.5281915272,0.2731362779,0.365376201
0,400,0.50595508565,0.5279720407,0.3404734983,0.3647867082
0,400,0.5105282439,0.5362926101500001,0.3437574466,0.3684987097
0,400,0.51243909855,0.52743425655,0.3446422773,0.3638383033
0,400,0.9121106160500001,0.4705174406,0.6099453215,0.3241232478
0,400,0.7781430178,0.4985886167,0.520595237,0.3423252516
0,400,1.05222304215,0.55287263265,0.7042482677,0.3839277743
0,400,1.0381221849,0.53888012445,0.6949045434,0.3702185289
0,400,1.04005618235,0.5421028715,0.6970566093,0.3816937222
0,400,1.04778954405,0.54346676315,0.7016939397,0.3813400005
0,400,1.0704086487,0.5441326838,0.7170076428,0.383055927
0,400,1.05860491985,0.54234350865,0.7087430907,0.3777245393
0,400,1.0536937446,0.4922769036,0.7052564782,0.3406581144
0,400,1.05695170285,0.48996395825,0.7072606343,0.3395743713
0,400,0.9983321624999999,0.45130349515,0.6671749788,0.3095234391
0,400,0.9790977485500001,0.45752222435,0.6542776699,0.3117613675
0,400,0.8660508997999999,0.45583248885,0.5789336796,0.3107896617
0,400,0.86791025775,0.457828097,0.5799913211,0.3137913566
0,400,0.8439209965000001,0.58200795835,0.5688693544,0.4112471297
0,400,0.43848978569999997,0.53491860215,0.2951404482,0.3694818955
0,400,0.44099604165,0.54102424495,0.2966117237,0.3680349407
0,400,0.44361392605000005,0.5346007402999999,0.2985281067,0.3697747216
0,400,0.5470771457,0.52124913615,0.367275586,0.3608870139
0,400,0.3209213321,0.5374705578,0.2168441828,0.3728635262
0,400,0.37255007035,0.5281448141,0.2514589485,0.3632294764
0,400,0.37831665485,0.53177279695,0.2542985833,0.3645497691
0,400,0.3497316598,0.5364084195500001,0.2356867688,0.3710008429
0,400,0.4549310183,0.53150095295,0.3067080094,0.3670071357
0,400,0.37151236545,0.53682779905,0.2502263181,0.3719057787
0,400,0.916792626,0.4759110474,0.6127759036,0.326214306
0,400,0.91899565,0.4754202034,0.6147137704,0.3258894556
0,400,1.012761849,0.46416485355000003,0.6769413558,0.3180421155
0,400,0.9594484001,0.46906518335,0.6416235738,0.3215885451
0,400,0.918870007,0.47725236105,0.6150044796,0.3287017765
0,400,0.913523863,0.4780201422,0.610839497,0.3290381106
0,400,1.0128245693,0.5395431255,0.6787636842,0.3805705326
0,400,1.04344489405,0.5469882143,0.6993555629,0.3824596866
0,400,1.0218424686,0.5430154630499999,0.6848685778,0.3794081559
0,400,1.05694980465,0.54780757435,0.7089835719,0.3828415659
0,400,1.05708004705,0.536009477,0.7087330159,0.3770048986
0,400,1.0824623494,0.54371148765,0.7262723748,0.3823111131
0,400,1.11840239,0.52869596335,0.7499604308,0.3692498817
0,400,0.03685363065,0.8066358749,0.0407675687,0.558725089
0,400,0.3392287517,0.8008199505,0.2369286566,0.5566684582
0,400,0.318968155,0.80351569315,0.2198313624,0.5544606821
0,400,-0.024253766,0.96787817165,0.0001302718,0.7115730755
0,400,0.55496324305,0.52411185495,0.3724020145,0.3629563347
0,400,0.5671554357999999,0.5264091644,0.382361908,0.3641536164
0,400,0.89097769115,0.4730580472,0.5960869167,0.325428229
0,400,0.8871841378,0.47633548745,0.5929089728,0.3243367005
0,400,0.49540661915,0.53227152385,0.3338877883,0.3690076225
0,400,0.49711473660000005,0.533895711,0.333307976,0.3655225686
0,400,0.49495230385,0.52946796155,0.3343531275,0.3649718735
0,400,0.49112468115,0.53210491395,0.3303975255,0.3669551025
0,400,0.366812323,0.51422237545,0.2474031826,0.3559186227
0,400,0.36673566695,0.53193759035,0.2473915017,0.3695382051
0,400,0.37187943874999996,0.5322994867499999,0.2513508999,0.3696132055
0,400,0.42901102135,0.5352111496,0.2883909393,0.3685707964
0,400,0.2707050743,0.5391298447,0.1829372086,0.3739292328
0,400,0.39816781645,0.5361821207499999,0.2671262919,0.3620996691
0,400,0.3978253461,0.5311979019999999,0.268329866,0.365978021
0,400,0.4021082332,0.53196373665,0.2708782076,0.3657499055
0,400,0.2654001785,0.53170675,0.1790770982,0.3618798582
0,400,0.2581601173,0.5283162251,0.1754576152,0.3624737628
0,400,0.3639448,0.5319428455,0.2447866536,0.3678029446
0,400,0.367287737,0.5281344334,0.2474910816,0.3659616714
0,400,0.3439496709,0.5306989805,0.2323771224,0.3653518064
0,400,0.34748621935,0.5309233978500001,0.2344569125,0.3664530669
0,400,0.21314282369999998,0.54169296435,0.1462310448,0.3749802767
0,400,0.31972878185,0.5311170624,0.2164645525,0.3670661758
0,400,0.32642122640000004,0.5370195821,0.221065964,0.3671067902
0,400,0.3323994184,0.52955107185,0.2252451828,0.3666554901
0,400,1.03705462065,1.0352381276,0.7158912377,0.7702547834
0,400,0.89639143855,1.1333222563,0.6257925513,0.8399038282
0,400,1.0166776711,0.4961871761,0.6802159162,0.344910041
0,400,0.8830848847999999,0.4705917273,0.590431593,0.3225706872
0,400,0.90510344345,0.4712791879,0.6052695901,0.3238148118
0,400,0.8833213505999999,0.4716959073,0.5911787346,0.323524542
0,400,0.8864313261,0.4728179939,0.5931284284,0.3239071998
0,400,0.55313372595,0.47329271549999996,0.3700120043,0.3217683904
0,400,0.6341024569,0.48365244975,0.42478344,0.3296553019
0,400,0.89953200335,0.47005011535,0.6015768091,0.3231470745
0,400,0.9016990355500001,0.4693044581,0.6029804193,0.3233825862
0,400,0.8996564783500001,0.47923935305,0.6015065775,0.3284137127
0,400,0.90374860125,0.47910602615,0.6042326153,0.3289038105
0,400,0.9346605111499999,0.47523312419999997,0.6252724577,0.329009434
0,400,0.9864452848,0.46745930505,0.6599991414,0.3222763949
0,400,0.9752252035,0.4913738277,0.6522071804,0.3388427064
0,400,0.9813546028,0.49085131174999996,0.6565551644,0.3383190443
0,400,0.94308618715,0.47233879585,0.6304650705,0.3253617927
0,400,0.93754190535,0.47064304684999997,0.6266940273,0.3240708253
0,400,0.8956908746000001,0.47188794995000005,0.5989234852,0.3232323259
0,400,0.89948287045,0.47179251255,0.6015287713,0.3230845309
0,400,0.8657843279499999,0.4746971566,0.5790358207,0.3255608422
0,400,0.8592042393000001,0.47085422880000005,0.5747525686,0.3234727684
0,400,0.91766292855,0.47650680765,0.6143194513,0.3247802929
0,400,0.92083671105,0.48160076315,0.6158366001,0.3260784489
0,400,0.91751625985,0.4781073399,0.6144973811,0.324367583
0,400,0.9184314608999999,0.47976078755,0.6152925606,0.3277894445
0,400,0.91751625985,0.4781073399,0.6144973811,0.324367583
0,400,0.9184314608999999,0.47976078755,0.6152925606,0.3277894445
0,400,0.8965343109499999,0.47848227709999996,0.6001921805,0.3285809714
0,400,0.7119446154,0.5017803516,0.4778694504,0.3455093956
0,400,0.5528706039,0.4582666807,0.3698190682,0.3110467048
0,400,0.63702654255,0.6108883733999999,0.4300849437,0.431274187
0,400,0.34173226484999997,0.5203821414,0.2298392937,0.3587476176
0,400,0.65436856675,0.5901335007,0.4400860125,0.41720577
0,400,0.6482489259499999,0.59302737485,0.4356758763,0.4176856169
0,400,0.6549185196,0.60748364,0.4424757854,0.4281483046
0,400,0.59499657455,0.5608947576000001,0.4004999147,0.3922404934
0,400,0.5836338009500001,0.56130758425,0.3929026359,0.3935228967
0,400,0.906375351,0.4738601494,0.6057966922,0.3244720386
0,400,0.66389042525,0.58152674895,0.4464559173,0.4079244037
0,400,0.6638476439,0.57857182345,0.4471374998,0.4080758319
0,400,0.5098458584,0.51944145715,0.341583479,0.3595966275
0,400,0.5095750798500001,0.521143175,0.3412942299,0.3596107712
0,400,0.82926721275,0.5792796235000001,0.5570035127,0.409881097
0,400,0.5945973787000001,0.5782073318000001,0.399538866,0.406031876
0,400,0.6022856227,0.57673249665,0.405411747,0.4048931153
0,400,0.5882044041000001,0.6540904292,0.3978461528,0.4640218596
0,400,0.42895817174999995,0.6629123854500001,0.2913029029,0.4734720417
0,400,0.42635894514999995,0.6696451001,0.2888313635,0.4767021202
0,400,0.6624938237,0.58198680765,0.4471810112,0.4070144073
0,400,0.60852616125,0.64450951545,0.4115270075,0.4577476467
0,400,0.3535621297,0.53888966165,0.2373767078,0.3686657089
0,400,0.3555962182,0.53424164715,0.2394030576,0.3687818427
0,400,0.5267184550999999,0.5200517763,0.352363666,0.3537127282
0,400,0.52455850455,0.5206086998,0.3519294273,0.3594195072
0,400,0.20054785765,0.52310869195,0.1360810441,0.3598701585
0,400,0.5366602431,0.52069090175,0.3595278742,0.3610289019
0,400,0.52998327585,0.5221881851,0.3561681459,0.360260472
0,400,0.25378951365,0.5289214837,0.1717361429,0.3657435474
0,400,0.13983025855,0.5173143259499999,0.0955620047,0.3547462547
0,400,0.18219054140000002,0.5029062012000001,0.1235503232,0.3446372886
0,400,0.14597348015,0.5070837114,0.0991992039,0.3476312066
0,400,0.14041408615,0.5121573986,0.0950984177,0.3515405708
0,400,0.15449450180000002,0.5172499658,0.105018158,0.355758371
0,400,0.13884307369999999,0.5125368773,0.094288929,0.3517363764
0,400,0.26415659724999996,0.5433226663999999,0.1798137271,0.3770438262
0,400,0.26318791934999997,0.5424931201500001,0.1794185465,0.3776056805
0,400,0.14023407205,0.4976364164,0.0946041317,0.3391123662
0,400,0.14207883815,0.49776315805,0.0963030139,0.3395638609
0,400,0.1907234629,0.5540799707,0.1294851132,0.3834433858
0,400,0.18120934305,0.5560909031,0.1238115381,0.3854010524
0,400,0.37380949394999996,0.5301432248,0.2517892269,0.3658529338
0,400,0.37681528995,0.529008357,0.2537796579,0.3658529338
0,400,0.6070311478,0.54607653105,0.4084079064,0.3789733351
0,400,0.1371697069,0.5172682617,0.0935813078,0.3554243726
0,400,0.5651951563000001,0.55294289695,0.3802553978,0.3860686599
0,400,0.51699955375,0.5470834571,0.3483084841,0.3802841556
0,400,0.15551632794999998,0.5123631308,0.1060457151,0.3522317944
0,400,0.16180187434999999,0.51263244455,0.1099777361,0.3519500887
0,400,0.1808064969,0.5265805105,0.1227919386,0.3635690544
0,400,0.17439224105,0.5279512793000001,0.1190536751,0.3642643004
0,400,0.37028528345,0.53526602565,0.2494784463,0.3708181429
0,400,0.52076687375,0.52742420025,0.3503548375,0.3654679403
0,400,0.5296590568999999,0.51822146765,0.355920072,0.3575703187
0,400,0.38533273425,0.5191569617,0.2603079853,0.35729562
0,400,0.15156503335,0.4961249569,0.1023847647,0.3383558092
0,400,0.30901878985,0.5288372054999999,0.2082100021,0.364437009
0,400,0.14949636675,0.5009054327,0.1015234597,0.3426279202
0,400,0.1537130532,0.50100412065,0.1044811796,0.3423069453
0,400,0.20519708799999997,0.52982979315,0.1394400424,0.3648051339
0,400,0.1407212323,0.49407010230000004,0.0954709492,0.3367654032
0,400,0.1471173721,0.49647433165,0.0995315508,0.3381685677
0,400,0.14498501775,0.49734358385,0.0980953801,0.3378420953
0,400,0.07024475055,0.5625123919999999,0.0498983175,0.3933274804
0,400,0.13500796780000002,0.49900202735,0.0915066038,0.3397171057
0,400,0.13606618735,0.51578953375,0.0925297075,0.3537634637
0,400,0.03758486205,0.558784495,0.0281907637,0.3860219468
0,400,0.059059490699999995,0.5574734151,0.042881362,0.3906675608
0,400,0.12615316355,0.52131880315,0.0866229517,0.3572251611
0,400,0.12189608405,0.52434048945,0.0834901985,0.3572703171
0,400,0.10172964679999999,0.5376546850999999,0.069899944,0.369609702
0,400,0.0975905812,0.5377075617,0.0670902416,0.3693656262
0,400,0.5457638799,0.52136322285,0.3665003882,0.3617750415
0,400,0.5348911658,0.52401583365,0.3593071046,0.3628501923
0,400,0.5408638458499999,0.52224716035,0.3636204351,0.3628708239
0,400,0.64186748625,0.5805628378,0.4328032429,0.4087158008
0,400,0.63389065005,0.58127281155,0.4268814479,0.4092001893
0,400,0.49874641685,0.5471176484,0.3353203087,0.3716558638
0,400,0.4989304646,0.54251433575,0.3361179704,0.3749953287
0,400,0.505696061,0.55358591515,0.341583771,0.3858808993
0,400,0.74308963305,0.6859796196500001,0.5018670511,0.4915130153
0,400,0.73122326525,0.6894635706,0.4936705405,0.4924214546
0,400,0.71808206965,0.68950347125,0.4855131609,0.4936192553
0,400,0.62846354265,0.7637710754,0.4268767755,0.5507637326
0,400,0.7988619267499999,0.7142153296,0.5398448305,0.5150364154
0,400,0.8841944274,0.6892880073,0.5963944172,0.4959000206
0,400,0.85647747155,0.7184243062,0.5794909391,0.5171091778
0,400,0.7161328138999999,0.8425098979000001,0.4884544198,0.6164312674
0,400,0.6912338102,0.84322376435,0.4690478638,0.6160408241
0,400,0.7268053174,0.9778075977,0.4989405394,0.7271717162
0,400,0.7645456818,0.94510962255,0.5259813152,0.7164868819
0,400,0.9454848667,0.85711110335,0.6417196494,0.6279322827
0,400,0.661433195,0.6345526264,0.445963858,0.4510212254
0,400,0.6278376637,0.6581149541,0.4240959834,0.4695787676
0,400,0.6137157077,0.6791144864499999,0.4162964784,0.4842758645
0,400,0.8629365165,0.59828149135,0.5800727956,0.4135799281
0,400,0.79142460365,0.6289658740499999,0.5347818761,0.4485955199
0,400,0.6667919690499999,0.6421844377,0.4504864233,0.4555566744
0,400,0.69584785175,0.6339385443,0.4673066747,0.4388258724
0,400,0.621657063,0.71999983385,0.421111067,0.5066532375
0,400,0.6457479652,0.7035142755,0.4348110492,0.4882148136
0,400,0.81862112745,0.46901815189999996,0.5474176059,0.3219779858
0,400,0.7396915996,0.5015228806500001,0.4950826192,0.3439098625
0,400,1.0361858512,0.53818234805,0.6946920964,0.3796871367
0,400,1.0447914865999999,0.5419913440499999,0.6993743984,0.3791812083
0,400,1.03000327945,0.5414816527,0.6899353285,0.3813777602
0,400,1.02850855795,0.54108627855,0.6881859141,0.3709270969
0,400,1.0368494742499998,0.5346058793499999,0.6949330157,0.3756463271
0,400,0.8540455742999999,0.58016434285,0.5738778128,0.4131576807
0,400,0.8718761352,0.58283758555,0.586326183,0.4140161113
0,400,0.8380957713999999,0.4695373097,0.56037188,0.3213626356
0,400,0.9103499809,0.47269426335,0.608504797,0.3252029683
0,400,1.02613937275,0.54341557345,0.6872560145,0.3823426445
0,400,1.03677924265,0.5336025866,0.6946401163,0.3676015594
0,400,1.03539468705,0.5346632975,0.6933760933,0.3746743062
0,400,0.8729818998000001,0.46832763609999994,0.5835363382,0.3215989258
0,400,0.798138658,0.63160678395,0.5377172946,0.4493010169
0,400,0.6776484471499999,0.644210487,0.4570521297,0.4558680948
0,400,0.6911300689000001,0.61984008815,0.467084737,0.4392056755
0,400,0.6562930734,0.6824405862,0.4460463546,0.4880209544
0,400,0.60828290575,0.70938286335,0.4128920705,0.5078641439
0,400,0.8681110968,0.46803775560000005,0.5809747096,0.322029724
0,400,0.7499825516,0.5031252985,0.5022230276,0.3451403624
0,400,0.8477842292,0.57745875495,0.5697437846,0.4085855233
0,400,0.5260457501,0.51912288705,0.3526511922,0.3575332857
0,400,0.7159299307,0.64684010795,0.4826327888,0.4574819013
0,400,0.7062693611499999,0.6437772233,0.4772570775,0.4593445846
0,400,0.6839938949,0.5969002121,0.4619118358,0.4224471052
0,400,0.7871282104999999,0.47221656330000006,0.526504475,0.3220923974
0,400,1.0238282767,0.4967951033,0.685288156,0.3440689748
0,400,0.9810427235499999,0.49336749315,0.6564569977,0.3407945805
0,400,0.50982746095,0.5225303906500001,0.3433284157,0.3596650751
0,400,0.9094709443,0.47868470035,0.6084006642,0.3293548511
0,400,0.82612858255,0.48924879425,0.5537739537,0.3364653143
0,400,0.7598648399,0.5028963396,0.5093324814,0.3462660174
0,400,0.7540873775,0.5032989801500001,0.5056662746,0.3480091931
0,400,0.7754954614,0.5019919877,0.5198714572,0.3442458072
0,400,0.9151809311,0.46895145005,0.6124827244,0.3218457481
0,400,0.79684280445,0.47128444309999995,0.5326314163,0.3220048104
0,400,0.79896048455,0.47081543095,0.5345069361,0.3216410973
0,400,0.81228444185,0.471569288,0.5435013219,0.3231235184
0,400,0.8150493972999999,0.47150601579999996,0.5453115296,0.3232798674
0,400,0.77554955865,0.4741519763,0.5184836163,0.323889942
0,400,0.80485957475,0.47163498575,0.5381372241,0.3222265677
0,400,0.8073171700499999,0.4703536854,0.5398825015,0.3214733196
0,400,0.8313795226,0.46906044615,0.5560145204,0.3214357987
0,400,0.8338736813000001,0.46962622425,0.557511096,0.3211992995
0,400,0.75802940025,0.47123630265,0.5071079937,0.3222778223
0,400,0.855944675,0.45379838175,0.572353305,0.3103902565
0,400,0.9552714444499999,0.45087693390000005,0.6385707619,0.3086113972
0,400,1.0549426554,0.5396150116,0.7067631726,0.3706465156
0,400,1.05443935315,0.54306457665,0.7069097683,0.3806246419
0,400,0.06342921825,0.53049188595,0.0460421495,0.3701879059
0,400,0.43104752570000004,0.5332181771,0.2898657102,0.3674091276
0,400,0.42486780115,0.5376950399,0.2850314101,0.3632421926
0,400,1.0349023357,0.5396744411000001,0.6953571796,0.3797956148
0,400,0.39816781645,0.5361821207499999,0.2671262919,0.3620996691
0,400,0.3978253461,0.5311979019999999,0.268329866,0.365978021
0,400,0.4021082332,0.53196373665,0.2708782076,0.3657499055
0,400,0.31972878185,0.5311170624,0.2164645525,0.3670661758
0,400,0.32642122640000004,0.5370195821,0.221065964,0.3671067902
0,400,0.3323994184,0.52955107185,0.2252451828,0.3666554901
0,400,0.8830848847999999,0.4705917273,0.590431593,0.3225706872
0,400,0.90510344345,0.4712791879,0.6052695901,0.3238148118
0,400,0.8833213505999999,0.4716959073,0.5911787346,0.323524542
0,400,0.91751625985,0.4781073399,0.6144973811,0.324367583
0,400,0.91751625985,0.4781073399,0.6144973811,0.324367583
0,400,0.9184314608999999,0.47976078755,0.6152925606,0.3277894445
0,400,0.9184314608999999,0.47976078755,0.6152925606,0.3277894445
0,400,0.91751625985,0.4781073399,0.6144973811,0.324367583
0,400,0.91751625985,0.4781073399,0.6144973811,0.324367583
0,400,0.9184314608999999,0.47976078755,0.6152925606,0.3277894445
0,400,0.9184314608999999,0.47976078755,0.6152925606,0.3277894445
