37,239,0.171692426,0.14274489,0.014619773099999983,0.031037207599999977,-1,-1,-1,-1
38,239,0.1690498899,0.1530601411,0.010863546800000012,0.031037207600000005,-1,-1,-1,-1
39,239,0.1617785793,0.1616506024,0.012757878700000003,0.034038826999999994,-1,-1,-1,-1
40,239,0.1576365937,0.1708546626,0.013494256799999993,0.036370608399999976,-1,-1,-1,-1
41,239,0.1540962801,0.1783406907,0.012938650699999998,0.03415971479999999,-1,-1,-1,-1
42,239,0.1520547402,0.1822827565,0.01309498169999998,0.03223309499999999,-1,-1,-1,-1
43,239,0.1520068723,0.183714863,0.012730847399999995,0.030948005899999992,-1,-1,-1,-1
44,239,0.1533570863,0.1808000424,0.011380633400000006,0.0338628265,-1,-1,-1,-1
45,239,0.1522147881,0.1793237857,0.014189862500000011,0.0334660745,-1,-1,-1,-1
46,239,0.1533526938,0.1779851607,0.013051956800000014,0.03480469949999998,-1,-1,-1,-1
47,239,0.1536873189,0.178163639,0.013051956899999995,0.03480469949999998,-1,-1,-1,-1
48,239,0.1534195963,0.1779851607,0.013319679500000015,0.03498317779999999,-1,-1,-1,-1
49,239,0.1534195963,0.1780743623,0.013319679500000015,0.03489397619999998,-1,-1,-1,-1
50,239,0.1534195963,0.1780743623,0.01298505430000002,0.03489397619999998,-1,-1,-1,-1
51,239,0.1534195963,0.1780743623,0.01298505430000002,0.034537019599999996,-1,-1,-1,-1
52,239,0.1534195963,0.1780743623,0.01298505430000002,0.034537019599999996,-1,-1,-1,-1
53,239,0.1542396587,0.178984399,0.012164991900000005,0.03362698290000002,-1,-1,-1,-1
54,239,0.1547493116,0.1795884622,0.011655339000000015,0.033022919700000014,-1,-1,-1,-1
55,239,0.1554612488,0.1790826109,0.010943401800000002,0.03352877100000001,-1,-1,-1,-1
56,239,0.1558357451,0.1787972859,0.010568905500000003,0.033814096000000016,-1,-1,-1,-1
57,239,0.1555760193,0.1786467394,0.010828631300000002,0.0339646425,-1,-1,-1,-1
58,239,0.1557823583,0.1788300982,0.010828631399999983,0.0342964456,-1,-1,-1,-1
59,239,0.1557823583,0.1788300982,0.010828631399999983,0.0342964456,-1,-1,-1,-1
60,239,0.1557823583,0.1788300982,0.010828631399999983,0.0342964456,-1,-1,-1,-1
61,239,0.1557823583,0.1788300982,0.010828631399999983,0.0342964456,-1,-1,-1,-1
62,239,0.1557823583,0.1788300982,0.010828631399999983,0.0342964456,-1,-1,-1,-1
63,239,0.1557823583,0.1788300982,0.010828631399999983,0.0342964456,-1,-1,-1,-1
64,239,0.1557823583,0.1788300982,0.010828631399999983,0.03355812949999998,-1,-1,-1,-1
65,239,0.1557823583,0.1788300982,0.010828631399999983,0.03355812949999998,-1,-1,-1,-1
66,239,0.1557823583,0.1788300982,0.010828631399999983,0.03355812949999998,-1,-1,-1,-1
67,239,0.1557823583,0.1788300982,0.010828631399999983,0.03355812949999998,-1,-1,-1,-1
68,239,0.1557823583,0.1788300982,0.010828631399999983,0.03355812949999998,-1,-1,-1,-1
69,239,0.1557823583,0.1792053007,0.010828631399999983,0.033182927,-1,-1,-1,-1
70,239,0.1556021495,0.1786577769,0.01100884019999998,0.03373045079999998,-1,-1,-1,-1
71,239,0.1556021495,0.1786577769,0.01100884019999998,0.03373045079999998,-1,-1,-1,-1
72,239,0.1555200419,0.1793148505,0.011008840200000009,0.0337304507,-1,-1,-1,-1
73,239,0.1555200419,0.1793148505,0.011008840200000009,0.0337304507,-1,-1,-1,-1
74,239,0.1555200419,0.1788185351,0.011324881300000006,0.0345516612,-1,-1,-1,-1
75,239,0.1555200419,0.178197878,0.011324881300000006,0.035172318300000005,-1,-1,-1,-1
76,239,0.1555200419,0.178197878,0.011324881300000006,0.035172318300000005,-1,-1,-1,-1
77,239,0.1555200419,0.178197878,0.011324881300000006,0.035172318300000005,-1,-1,-1,-1
78,239,0.1556238872,0.1790286244,0.011324881300000006,0.035982416200000006,-1,-1,-1,-1
79,239,0.1551327057,0.1811371014,0.011816062799999999,0.03387393920000001,-1,-1,-1,-1
80,239,0.1542171326,0.181442249,0.01273163590000001,0.03356879160000001,-1,-1,-1,-1
81,239,0.1541408818,0.1838836553,0.013275190500000006,0.030720496799999997,-1,-1,-1,-1
82,239,0.1542934961,0.1822560261,0.013122576199999986,0.032348126000000005,-1,-1,-1,-1
83,239,0.1541408818,0.1807302129,0.01358030640000002,0.03336530970000001,-1,-1,-1,-1
84,239,0.1547512263,0.1791026587,0.012969961900000021,0.034992863900000004,-1,-1,-1,-1
85,239,0.1549800914,0.1794078064,0.012741096800000018,0.034687716199999996,-1,-1,-1,-1
86,239,0.1546749755,0.1792043246,0.013046212700000004,0.03489119800000001,-1,-1,-1,-1
87,239,0.1546749755,0.1792043246,0.013046212700000004,0.03489119800000001,-1,-1,-1,-1
88,239,0.1551126575,0.1793210075,0.013046212700000004,0.03489119800000001,-1,-1,-1,-1
89,239,0.1551126575,0.1793210075,0.013046212700000004,0.03489119800000001,-1,-1,-1,-1
90,239,0.1536936262,0.1801830645,0.01429021630000002,0.03402914100000001,-1,-1,-1,-1
91,239,0.1536936262,0.1801830645,0.013916621000000018,0.033259289,-1,-1,-1,-1
92,239,0.1544813637,0.1797163328,0.013128883499999994,0.0337260207,-1,-1,-1,-1
93,239,0.155006447,0.1795995748,0.012603800200000015,0.03430958550000002,-1,-1,-1,-1
94,239,0.155006447,0.1805331884,0.018905700299999995,0.032208992500000005,-1,-1,-1,-1
95,239,0.1554622625,0.1810047256,0.0145111973,0.038622724,-1,-1,-1,-1
96,239,0.1554622625,0.1817185638,0.012209368299999995,0.031299931899999994,-1,-1,-1,-1
97,239,0.1549477665,0.1792887207,0.012723864299999998,0.03453521750000002,-1,-1,-1,-1
98,239,0.1552498414,0.1788859619,0.013328014199999988,0.03383038960000001,-1,-1,-1,-1
99,239,0.155174379,0.1788859619,0.013403476599999992,0.0344346029,-1,-1,-1,-1
100,239,0.1569867159,0.1767715532,0.01283773370000002,0.03534073510000002,-1,-1,-1,-1
101,239,0.1536451951,0.1758805131,0.01283773370000002,0.037635874799999997,-1,-1,-1,-1
102,239,0.1510299156,0.1802092694,0.014764615799999992,0.033928901799999994,-1,-1,-1,-1
103,239,0.150769176,0.1814076346,0.010219638400000008,0.0355134319,-1,-1,-1,-1
104,239,0.150205911,0.1810857429,0.010782903400000016,0.035835323599999996,-1,-1,-1,-1
105,239,0.1498034824,0.181622229,0.012070607499999997,0.03379675130000001,-1,-1,-1,-1
106,239,0.1494815845,0.1821586401,0.011185444700000019,0.03379682640000001,-1,-1,-1,-1
107,239,0.1488377887,0.1828023484,0.014082413099999996,0.02907604849999998,-1,-1,-1,-1
108,239,0.1477112587,0.1803346622,0.01577220800000001,0.0339041236,-1,-1,-1,-1
109,239,0.1474698916,0.1807637761,0.012472810999999973,0.03444068480000001,-1,-1,-1,-1
110,239,0.1493207482,0.1784033871,0.01118533200000002,0.03486979869999998,-1,-1,-1,-1
111,239,0.1490793811,0.1731461231,0.010863321499999995,0.035191690299999995,-1,-1,-1,-1
112,239,0.1495228072,0.1717272317,0.010863321600000003,0.035191690299999995,-1,-1,-1,-1
113,239,0.1499843669,0.1714810262,0.012083672699999992,0.03609219120000001,-1,-1,-1,-1
114,239,0.1488652705,0.1737787938,0.011913037599999982,0.0373027953,-1,-1,-1,-1
115,239,0.1489669758,0.1752709687,0.011287375299999985,0.03486108869999999,-1,-1,-1,-1
116,239,0.1491911105,0.1751712551,0.011287375299999985,0.03486108869999999,-1,-1,-1,-1
117,239,0.1501627736,0.174573349,0.012205538900000007,0.0299390816,-1,-1,-1,-1
118,239,0.1503923145,0.1740632929,0.011813922699999979,0.032116111700000005,-1,-1,-1,-1
119,239,0.1555192535,0.170064988,0.013455511899999995,0.03377557719999999,-1,-1,-1,-1
120,239,0.1572554522,0.1688466501,0.012168596099999984,0.034634555700000014,-1,-1,-1,-1
121,239,0.1572554522,0.1688466501,0.011719313199999998,0.03809659970000001,-1,-1,-1,-1
122,239,0.1572554522,0.1688466501,0.011988950499999984,0.037988927000000006,-1,-1,-1,-1
123,239,0.1572554522,0.1698172808,0.009564579599999984,0.0370182963,-1,-1,-1,-1
124,239,0.1555481995,0.1702964767,0.011988950499999984,0.0370182963,-1,-1,-1,-1
125,239,0.1564853977,0.1700568788,0.012129963800000004,0.036898534799999994,-1,-1,-1,-1
126,239,0.1571038516,0.1701943604,0.012129963899999985,0.0363971887,-1,-1,-1,-1
127,239,0.1579285319,0.1701943604,0.012550526000000006,0.033759734099999994,-1,-1,-1,-1
128,239,0.1584439289,0.1711564314,0.012859809400000005,0.03222536109999999,-1,-1,-1,-1
129,239,0.1587659395,0.1710133184,0.012859809299999997,0.03222536109999999,-1,-1,-1,-1
130,239,0.1585513784,0.1704410164,0.012859809299999997,0.03222536109999999,-1,-1,-1,-1
131,239,0.1585513784,0.1704410164,0.0125760932,0.033799229099999994,-1,-1,-1,-1
132,239,0.1585513784,0.1704410164,0.0125760932,0.033799229099999994,-1,-1,-1,-1
133,239,0.1585513784,0.1704410164,0.011610286899999989,0.033942267,-1,-1,-1,-1
134,239,0.1585513784,0.1704410164,0.011610286899999989,0.033942267,-1,-1,-1,-1
135,239,0.1593735809,0.1707764235,0.01161028679999998,0.033942267,-1,-1,-1,-1
136,239,0.1589267758,0.1704785592,0.011610286800000008,0.033942267,-1,-1,-1,-1
137,239,0.1581515402,0.1686180897,0.011610286900000016,0.033942267100000006,-1,-1,-1,-1
138,239,0.1601164914,0.1678207564,0.011610286899999989,0.034918379,-1,-1,-1,-1
139,239,0.1635849468,0.1705480133,0.011015147400000008,0.034918379,-1,-1,-1,-1
140,239,0.1633253336,0.1736015919,0.00999876999999999,0.03195317610000001,-1,-1,-1,-1
141,239,0.1651505104,0.1742364402,0.00864968219999998,0.031953176,-1,-1,-1,-1
142,239,0.1621349421,0.1750828794,0.008570390499999997,0.032058971599999986,-1,-1,-1,-1
143,239,0.1551251595,0.1798493093,0.013274965199999988,0.03474192799999998,-1,-1,-1,-1
144,239,0.152618681,0.1803267032,0.013274852599999998,0.034741928000000005,-1,-1,-1,-1
145,239,0.1525291398,0.180923483,0.013274852500000017,0.03354836829999999,-1,-1,-1,-1
146,239,0.152618681,0.1797299233,0.013274852599999998,0.03354836829999999,-1,-1,-1,-1
147,239,0.1514807753,0.1798579442,0.014233675799999984,0.03461390709999998,-1,-1,-1,-1
148,239,0.1514807753,0.1798579442,0.014233675799999984,0.03461390709999998,-1,-1,-1,-1
