1,185,0.5471099472,0.9107800606,0.014445421000000014,0.04543065459999995,-1,-1,-1,-1
2,185,0.5467094332,0.9158944369,0.014445421100000022,0.043119972299999976,-1,-1,-1,-1
3,185,0.545832605,0.9239314427,0.014445421100000022,0.0377608170999999,-1,-1,-1,-1
4,185,0.549381929,0.937164668,0.01360317039999992,0.04207222870000005,-1,-1,-1,-1
5,185,0.5474292545,0.9489422851,0.013603170499999928,0.04207222860000004,-1,-1,-1,-1
6,185,0.5527870861,0.9581937243,0.014450376799999942,0.042072228699999936,-1,-1,-1,-1
7,185,0.5650759715,0.9631289465,0.015421138899999964,0.03719091789999995,-1,-1,-1,-1
8,185,0.5755814661,0.96880271,0.013176638799999973,0.03719091789999995,-1,-1,-1,-1
9,185,0.590350925,0.9719788283,0.012276383500000043,0.03719091789999995,-1,-1,-1,-1
10,185,0.6103465504,0.9734417949,0.01285969670000009,0.037190917900000064,-1,-1,-1,-1
11,185,0.635742807,0.9677507617,0.015657212300000056,0.03992913720000002,-1,-1,-1,-1
12,185,0.6658765264,0.9520071265,0.01701125580000007,0.04257169770000002,-1,-1,-1,-1
13,185,0.6907654952,0.9383143777,0.025039555900000066,0.04257169769999991,-1,-1,-1,-1
14,185,0.7025031672,0.9284975444,0.01663889950000008,0.03954109520000004,-1,-1,-1,-1
15,185,0.699798459,0.9219123926,0.016157967399999973,0.044952209600000015,-1,-1,-1,-1
16,185,0.6873120197,0.9277881362,0.018982626999999974,0.0400049737,-1,-1,-1,-1
17,185,0.6684305349,0.9275899104,0.02112654799999991,0.04214986719999991,-1,-1,-1,-1
18,185,0.6462645203,0.9320408309,0.01996521519999994,0.03939738149999994,-1,-1,-1,-1
19,185,0.6361758711,0.9463599432,0.016896260200000013,0.04163372919999997,-1,-1,-1,-1
20,185,0.6324175049,0.9642944242,0.01509428530000001,0.04163372919999997,-1,-1,-1,-1
21,185,0.6336822325,0.9809171608,0.01613645500000005,0.04163372919999997,-1,-1,-1,-1
