0,489,0.35110127825,0.8576134181999999,0.2488545481,0.629367125
0,489,1.10678461185,0.37399163874999997,0.7454449985,0.2817295713
0,489,1.1490002769,0.1623943622,0.7741943768,0.1440918244
0,489,1.08397192935,0.11665304115,0.7318537669,0.1063029503
0,489,1.16485136385,0.11504699905,0.7833942589,0.1087602747
0,489,1.36204366635,0.29475511005,0.9162660025,0.2230469951
0,489,1.3610615560000001,0.26553920350000004,0.9166814738,0.214044104
0,489,1.2882434600500001,0.33820183985,0.8681827559,0.2597867789
0,489,1.27525369765,0.32495723875000004,0.8613501505,0.2346071945
0,489,1.3611083829,0.054823554950000006,0.9167453578,0.0694572757
0,489,1.3681513916,0.24051954985,0.9192844992,0.1928073461
0,489,1.3460226576499998,0.2558519791,0.9043816857,0.2011838136
0,489,1.2969871132,0.22303460139999998,0.8756574314,0.1706076584
0,489,1.2919835933,0.26772520615,0.8714016066,0.1964098273
0,489,1.2999119759,0.253183878,0.8772576214,0.1849739492
0,489,1.2845309256,0.3397168554,0.8663438978,0.2479896598
0,489,1.3102597461999999,0.13134899275,0.8857818222,0.1103317399
0,489,1.31814830545,0.09771369045,0.8927242067,0.0878508297
0,489,1.3431586877,0.0344948584,0.9033499906,0.0575080882
0,489,1.3488797548,0.01875557885,0.9052784496,0.0379347903
0,489,1.17630920535,0.08453734245,0.7943913855,0.0893796463
0,489,0.87002944835,1.4639897271,0.5912235859,1.0145377614
0,489,1.3157162757,-0.030227034699999995,0.886765379,0.0174575376
0,489,1.38894950915,-0.03149515425,0.9359758845,0.0173337967
0,489,1.3624081386,-0.03277738995,0.9185749272,0.0091858145
0,489,1.3900282838,-0.035557394500000006,0.935956512,0.0083054366
0,489,1.3287000576999999,0.0274163176,0.8968928188,0.043123346
0,489,1.071369537,0.38062796135,0.7233806892,0.2947167413
0,489,1.1377779269500001,0.36639384585,0.7750154529,0.2812941503
0,489,1.0934082791000002,0.26118613069999996,0.7428655354,0.201408019
0,489,1.2186551088500002,0.058368118000000004,0.8212918219,0.0736767826
0,489,0.12010874025000001,0.38971195984999996,0.0894501065,0.2761655077
0,489,0.05184639635,0.42539681205,0.0442459795,0.3083027185
0,489,0.46265224255000004,0.7930847571999999,0.3207705681,0.5697104642
0,489,0.9729904246,1.387893238,0.6688860126,0.9647025892
0,489,1.384738481,0.06696387270000001,0.9312519372,0.077810767
0,489,1.3808987956999998,0.07131789535,0.9279811484,0.0709369113
0,489,1.3838574855,0.062361955250000004,0.9301168474,0.0646596853
0,489,1.3623714211,0.09595710185,0.9167901848,0.0969709443
0,489,0.8158082948000001,1.29874598145,0.5575942672,0.9033865379
0,489,1.16824114685,1.123513907,0.7903202445,0.7836971878
0,489,1.1866326891,0.6084363557,0.8029702232,0.440933962
0,489,1.20750525535,0.6168721408,0.8154751339,0.4369332544
0,489,0.97505955895,1.38065979765,0.6618400755,0.9458984675
0,489,1.2825540919,0.017212045449999998,0.8617836026,0.0367208073
0,489,1.29304781665,0.004619262250000001,0.8692858057,0.0293378717
0,489,1.26503870205,0.005702784100000002,0.8515267961,0.0324766724
0,489,0.7961717917,1.45801351895,0.5448396548,1.0073559799
0,489,1.1250796298,0.1733921033,0.7594852878,0.1527559696
0,489,1.04650258735,0.8873223627,0.7062111875,0.6216816698
0,489,1.0878431513,0.8827415442,0.7364745446,0.6310838808
0,489,1.0693392038,0.89465994665,0.7206610012,0.6280718995
0,489,1.0756742173,1.4029945163,0.7273379608,0.963178503
0,489,1.0706903751999999,1.4040759733000001,0.7360399036,0.9719396336
0,489,1.07381924975,1.41513059175,0.7336510113,0.9690078437
0,489,1.00000810935,0.89834694685,0.6776180277,0.6371656591
0,489,0.96521773945,0.6361607894,0.6525799361,0.457571115
0,489,1.09543134765,0.92768038845,0.7417509443,0.6549403581
0,489,0.8283109529500001,1.44538781075,0.5673469397,0.9989288297
0,489,1.3366614886000001,0.43014109170000003,0.8999021466,0.3227391144
0,489,1.2670967987,0.42645747045000004,0.85343577,0.3186777377
0,489,1.3542226064,0.4101669872,0.9150761742,0.293566581
0,489,1.3602687227999999,0.42765808809999994,0.920727746,0.3109268078
0,489,0.17771618514999998,0.27394586665,0.1295889033,0.1995053515
0,489,0.18299551325,0.3074825967,0.1317955595,0.2300765782
0,489,0.1986346484,0.3065652391,0.1405022328,0.2256830982
0,489,0.23390927294999997,0.3049979787,0.1649263757,0.2266851898
0,489,0.25088499389999996,0.27328120945,0.1746000942,0.2054663923
0,489,0.22101088775,0.2734887459,0.1547045973,0.2064578218
0,489,0.2053011334,0.27055290135,0.145461803,0.2031261263
0,489,0.2281748615,0.2465283451,0.1592048604,0.1876267444
0,489,0.20419712950000002,0.31530696015,0.1457672568,0.2360466293
0,489,0.23474741265,0.27843455515,0.1640763535,0.2079874643
0,489,0.2584371486,0.24626318055000002,0.1775896448,0.1823323881
0,489,0.23839466885,0.25745190175,0.1662022537,0.1947676043
0,489,0.2099074943,0.2592701355,0.1467867878,0.196444039
0,489,0.2001829231,0.290395456,0.1407537366,0.2183633846
0,489,0.25769266115,0.301551102,0.1807451001,0.229673444
0,489,0.2713344076,0.29589656035,0.1900584012,0.2277375887
0,489,0.29010224825,0.29724723654999996,0.2012164767,0.2231787703
0,489,0.264383418,0.28483724914999997,0.1859816286,0.2184582927
0,489,0.29255128515,0.2894528697,0.2023912125,0.219432978
0,489,0.31560662995,0.25888224365,0.2177418447,0.1978362751
0,489,0.30377389795,0.2661507489,0.2116230817,0.2039461354
0,489,0.29868756215000003,0.2765408603,0.2067012427,0.2085897254
0,489,0.27171453535,0.2657890994,0.1882040531,0.2048479878
0,489,0.9433484499,0.3231006137,0.640027608,0.2462375388
0,489,1.0823975243000001,0.44588712965,0.7288403386,0.3190689333
0,489,0.31810038125,0.26443215355,0.2231526125,0.2090870169
0,489,0.36087833525,0.23829352645000001,0.2468716887,0.1787188215
0,489,1.18692901985,0.39936090194999996,0.8041791987,0.3049569069
0,489,1.2060939955499999,0.4146393822,0.8126222041,0.3033159876
0,489,0.8397977404500001,1.2193428003,0.5735160485,0.8474632802
0,489,0.9373072893000001,0.72024412715,0.635391062,0.5187874527
0,489,1.17611379145,0.31132618785,0.7964376559,0.2396243801
0,489,0.8777759469499999,1.0333401561,0.5956968177,0.7248368842
0,489,0.8970567630499999,1.0345298114,0.6102048613,0.722934517
0,489,0.89952072355,1.0227157027,0.6062809283,0.7041973716
0,489,1.2449457639,0.16367453305000002,0.8405903774,0.1436700189
0,489,1.1972229381,1.0097482052,0.8074027954,0.7107651036
0,489,0.90059820295,0.92783096005,0.6113498627,0.6521315583
0,489,1.09233783915,0.4744393063,0.7404795715,0.3552103056
0,489,1.0546562449999999,0.4584904623,0.7129077448,0.3422756204
0,489,0.8661591838,1.0982441698,0.5911721138,0.7718739188
0,489,0.8901660308500001,0.9630620453,0.6041545777,0.6759970458
0,489,1.25083645025,0.04705347830000001,0.8439447381,0.0643035546
0,489,0.8931606498,0.86893609195,0.6196441958,0.6097200931
0,489,1.1899414344,0.2634814581,0.8043267446,0.2122737222
0,489,0.9305323411499999,0.82127111705,0.6291105617,0.5867593863
0,489,0.92535454945,0.7898044202000001,0.6254366683,0.5706850744
0,489,0.6038370652,0.46822188525,0.4133447388,0.3376326557
0,489,1.14135439495,1.11527664815,0.7784551875,0.7717611403
0,489,1.1838255435,0.95839555425,0.8009594314,0.6600292053
0,489,0.8388952324500001,0.3669256767,0.5668471983,0.2724062752
0,489,0.8046201470000001,0.36622925829999997,0.5451296782,0.2728611434
0,489,0.8937391199,0.35343487055,0.6053822498,0.2542096707
0,489,1.01823729485,0.39029394785,0.6878485913,0.3005678569
0,489,1.02701306695,0.34540961564999995,0.6935342901,0.2654656685
0,489,1.05561951715,0.30784691175,0.7119646899,0.2140402597
0,489,1.07209819985,0.3079843933,0.7255581741,0.2393753214
0,489,1.1042899595,0.15536766985,0.7456044832,0.1371378775
0,489,1.0727254952,0.23200927994999998,0.7253706444,0.1855776601
0,489,1.0444554722500001,0.25308053435,0.7039695033,0.1933868563
0,489,1.07791849205,0.2078672523,0.7284836379,0.1720481472
0,489,1.04392340585,0.20164337464999998,0.7035939933,0.1673840589
0,489,1.0361556765,0.196596688,0.7045681342,0.1491840004
0,489,1.07223983265,0.1613468814,0.7255950043,0.1383398468
0,489,1.07777229765,0.28221229625,0.7265008911,0.2195241319
0,489,1.09350029825,0.07466100385,0.7429279327,0.0798534691
0,489,1.10849293445,0.02667958085,0.7495369761,0.0477065723
0,489,0.9877738497499999,0.55371536755,0.6660610151,0.3986454869
0,489,1.02169150245,0.5739323738000001,0.6907516417,0.4186820626
0,489,0.9178323545,0.7003363982499999,0.6181723408,0.4830860817
0,489,0.9160381511,0.7008390208499999,0.6222432566,0.5023803617
0,489,0.9069071987999999,0.45399967139999997,0.613636937,0.3357661548
0,489,0.9311152601499999,0.7555790056,0.6293767075,0.540494231
0,489,0.9405676035500001,0.7431843356000001,0.6354262027,0.5305763326
0,489,0.93146998985,0.7476880412,0.6274393507,0.527737048
0,489,0.94713525525,0.6997444989,0.6397767799,0.5019239918
0,489,0.9619452048,0.66078404015,0.6513776058,0.4739682947
0,489,0.9682584806500001,0.69411188225,0.6543055475,0.4953945535
0,489,0.955820923,0.60793996525,0.6459240384,0.4359856749
0,489,0.9505574194499999,0.5767164704000001,0.6431831759,0.4212321176
0,489,1.2583598840499999,0.42205805855,0.8458832211,0.3019396697
0,489,1.26772020835,0.4023691289,0.8555341883,0.2920177166
0,489,1.2507201029,0.40397701065,0.8448367714,0.2874817993
0,489,0.9633397953,0.7730414989000001,0.6545808164,0.5535245752
0,489,0.9728249140999999,0.7634238675,0.6564717694,0.5208946532
0,489,0.638650178,0.69582851605,0.4342688878,0.4892433649
0,489,0.56998266165,0.33274444994999997,0.3898394025,0.2492843597
0,489,0.4946287092,0.32901784214999996,0.3408246488,0.2447142785
0,489,0.43871055235,0.33308248505,0.3022999593,0.2493207011
0,489,0.43417131909999995,0.31804056185,0.2961829984,0.2405983897
0,489,0.39317669965,0.2797053778,0.2705407569,0.2123862754
0,489,0.41590400825,0.22791892025,0.2838355451,0.1766653071
0,489,0.39708931329999997,0.22915287595,0.2722273982,0.1791057373
0,489,1.3943933902999999,0.083577036,0.9406550048,0.0949024128
0,489,1.3806640737,0.09873864560000001,0.931386418,0.1050891926
0,489,1.1883200624499999,0.9363954166999999,0.8025017931,0.645035074
0,489,0.7369978821500001,1.1794245505,0.5071030407,0.825591614
0,489,1.16834397845,1.47778924745,0.7884818899,1.0144374471
0,489,0.9988087638500001,0.4797125635,0.6733953987,0.346119249
0,489,1.18875768815,0.7368322493499999,0.8008304695,0.5214456309
0,489,1.2310751525,0.1298616384,0.828093914,0.1111090254
0,489,1.3656317353,0.1565823661,0.916991568,0.1323258706
0,489,1.0538739138,1.4337142623,0.7124560966,0.9865775592
0,489,1.4028702975,0.06318763335,0.9421284366,0.0698290993
0,489,0.7635034361999999,1.1825418016,0.517314795,0.8164146596
0,489,1.2653215735,0.1323234679,0.8542949152,0.1218288374
0,489,1.2590202928,0.13081458645,0.8464181032,0.1062944657
0,489,1.15364226665,0.0651201849,0.7810405073,0.0762872064
0,489,1.26821206565,0.5779943512,0.8585429987,0.4204317058
0,489,1.1134868569,1.21124227215,0.755256802,0.8432488791
0,489,1.0998628499,1.2489921268,0.746949629,0.868897498
0,489,1.34347698375,0.1834670432,0.9043976793,0.155628517
0,489,0.56221166595,0.5639065022499999,0.3869491919,0.4039568877
0,489,1.1511182178000001,0.96547882345,0.7780927426,0.6805801169
0,489,1.17120422925,1.01084880895,0.7906383129,0.6980074701
0,489,1.35051627555,0.1993932863,0.9104729669,0.1633889076
0,489,1.0293780816,0.478211078,0.6959164246,0.3546337988
0,489,0.9224988039,0.97764666005,0.6251945128,0.6927387179
0,489,1.3970958458,0.0678878003,0.9399898092,0.0776750124
0,489,1.2619911468,0.59201161965,0.852861242,0.4298613981
0,489,1.27413423215,0.5907500325,0.8566696161,0.419137081
0,489,1.04360759005,1.4353232703,0.7102644203,0.996571294
0,489,1.2300205370500001,0.1296575559,0.8255017237,0.1001833288
0,489,1.2306264326,0.14250668109999998,0.8306186386,0.1288381474
0,489,1.18667143395,0.1292310325,0.8012413455,0.119159922
0,489,1.21205231645,1.0204473686,0.8201199019,0.7132103392
0,489,0.9005748884,1.05967685885,0.612607945,0.7406574069
0,489,1.0503712751,1.4363820513999999,0.7118540868,0.9835555164
0,489,0.8628125945999999,1.08250443905,0.5869369828,0.7552286565
0,489,1.167997865,1.42688110295,0.7893937462,0.9901433713
0,489,1.0615645476,0.0593782812,0.7167319998,0.066862695
0,489,0.32052379475000004,0.24563208655,0.2228139327,0.1875153925
0,489,0.74581825585,0.40200248625,0.5070412065,0.2980436313
0,489,1.19049996895,0.46516376455,0.8056672725,0.3458626067
0,489,1.0881997956,0.4935252239,0.7390079418,0.3571695876
0,489,0.8611105229,1.1362700388,0.5887487566,0.7861449764
0,489,0.3503169759,0.43942309079999997,0.2460650292,0.3277480706
0,489,0.94135303205,0.8648120939499999,0.6403777761,0.6110355917
0,489,0.8621793861,0.7694383942,0.5849970356,0.5569343596
0,489,0.8622052911,1.03196511465,0.5837736434,0.7171867191
0,489,0.90339048125,1.0865644642,0.6097576057,0.7521711734
0,489,1.3114506782,0.3966627782,0.8829094748,0.2939157288
0,489,0.8396652870500001,1.006576592,0.5737408589,0.6986204684
0,489,1.08444565315,0.47246095244999997,0.7301571015,0.3377787475
0,489,1.2099549118,1.0017448377,0.8150416192,0.6961846936
0,489,0.80548621895,1.0401513905000002,0.5463880985,0.7221318526
0,489,0.8710879495000001,1.06439568455,0.5946540848,0.7388995043
0,489,1.19746255935,0.3203841316,0.8093660571,0.2395614584
0,489,0.85087410255,0.9833394203000001,0.5779391597,0.681606386
0,489,0.8393439523499999,1.01763879415,0.5706682997,0.7138454127
0,489,1.26583561895,0.18778127044999998,0.8517168037,0.1525490339
0,489,1.2080226234,0.27299603455,0.8123071766,0.2054136823
0,489,1.2195779465999999,0.27109539434999996,0.8248965602,0.2084142505
0,489,1.2914480133500001,0.047820890049999995,0.8709788669,0.0574891667
0,489,0.84486267645,1.1427876136,0.5700104251,0.7898421882
0,489,1.15072198385,1.47179869805,0.7746234989,1.0015829533
0,489,1.11354060985,1.5158802908,0.7524477417,1.0383783206
0,489,0.8661162152999999,0.88909603325,0.5883557888,0.6210299273
0,489,0.3503169759,0.43942309079999997,0.2460650292,0.3277480706
0,489,0.8679874579,0.99369484215,0.5965645228,0.6905780565
0,489,1.2103885954,0.9559768237999999,0.8230801686,0.6745343796
0,489,1.1722191987,0.971994371,0.7944487144,0.667825637
0,489,1.1737309812499999,0.9930382191,0.7941843707,0.683297913
0,489,1.0638022335000001,0.35621585115,0.718075794,0.2712305859
0,489,1.1617553211,1.5051911137,0.783686535,1.0342083702
0,489,0.3744840398,0.41641996065,0.2644252602,0.3117435883
0,489,0.8063145598,0.96130346695,0.5479587304,0.6696587753
0,489,0.7913249083,0.96619769235,0.5359915176,0.6732106215
0,489,0.7878525109,0.98678156655,0.5357430548,0.6942209065
0,489,1.2110963653,0.4727997385,0.8167893062,0.3421529306
0,489,0.8388733258000001,1.0691660940499998,0.5673600048,0.7423097393
0,489,0.8673393259,0.7373022847499999,0.5889832532,0.5301053961
0,489,1.18498006215,0.7329631667000001,0.8005790783,0.526303515
0,489,0.39282743255,0.40717580465,0.2717754121,0.3036519203
0,489,0.3419943725,0.46959411165,0.2370061604,0.3391694819
0,489,0.33453710905,0.24183426005000003,0.2322729775,0.1869536025
0,489,0.7466565645000001,0.39111793655000004,0.5077259998,0.2917971153
0,489,1.0467801087500002,0.0217654953,0.7054430477,0.046739846
0,489,1.02672923815,0.0815051256,0.6932103649,0.0829334778
0,489,1.2672941273,0.97198498535,0.8532259394,0.6774077529
0,489,0.9897376746,0.10676007105,0.6684848228,0.0989525267
0,489,1.00608998585,0.1108237004,0.6776661209,0.0987559528
0,489,1.2166054595,1.4464561277999999,0.822204354,1.002627243
0,489,1.079810684,1.2478267242,0.7313219258,0.8602670162
0,489,1.1302916611,1.2315570398,0.7642478672,0.8497039828
0,489,1.0813273659,0.34085747985,0.728175481,0.2542432339
0,489,1.0601921454,0.18030515365,0.7160219774,0.1456231439
0,489,0.7569967738000001,1.0487093397,0.5145499422,0.7292965146
0,489,1.31855219835,0.23793097600000002,0.8937081465,0.199399556
0,489,1.2357447554999998,0.9558569122,0.8335129038,0.6639636874
0,489,1.1920397964,0.9145287061,0.8046557382,0.6241141408
0,489,1.2899905751,0.31290647559999996,0.8701564392,0.227790524
0,489,0.9906239638000001,0.6971711674000001,0.6708453322,0.4993497592
0,489,1.12036998655,0.02315164935,0.7528946031,0.0415592443
0,489,1.0686166793,0.01915218065,0.7210608394,0.0449123391
0,489,1.1883200624499999,0.9363954166999999,0.8025017931,0.645035074
0,489,0.7369978821500001,1.1794245505,0.5071030407,0.825591614
0,489,1.16834397845,1.47778924745,0.7884818899,1.0144374471
0,489,0.9988087638500001,0.4797125635,0.6733953987,0.346119249
0,489,1.18875768815,0.7368322493499999,0.8008304695,0.5214456309
0,489,1.2310751525,0.1298616384,0.828093914,0.1111090254
0,489,1.3656317353,0.1565823661,0.916991568,0.1323258706
0,489,1.0538739138,1.4337142623,0.7124560966,0.9865775592
0,489,1.4028702975,0.06318763335,0.9421284366,0.0698290993
0,489,0.7635034361999999,1.1825418016,0.517314795,0.8164146596
0,489,1.2653215735,0.1323234679,0.8542949152,0.1218288374
0,489,1.2590202928,0.13081458645,0.8464181032,0.1062944657
0,489,1.15364226665,0.0651201849,0.7810405073,0.0762872064
0,489,1.26821206565,0.5779943512,0.8585429987,0.4204317058
0,489,1.1134868569,1.21124227215,0.755256802,0.8432488791
0,489,1.0998628499,1.2489921268,0.746949629,0.868897498
0,489,1.34347698375,0.1834670432,0.9043976793,0.155628517
0,489,0.56221166595,0.5639065022499999,0.3869491919,0.4039568877
0,489,1.1511182178000001,0.96547882345,0.7780927426,0.6805801169
0,489,1.17120422925,1.01084880895,0.7906383129,0.6980074701
0,489,1.35051627555,0.1993932863,0.9104729669,0.1633889076
0,489,1.0293780816,0.478211078,0.6959164246,0.3546337988
0,489,0.9224988039,0.97764666005,0.6251945128,0.6927387179
0,489,1.3970958458,0.0678878003,0.9399898092,0.0776750124
0,489,1.2619911468,0.59201161965,0.852861242,0.4298613981
0,489,1.27413423215,0.5907500325,0.8566696161,0.419137081
0,489,1.04360759005,1.4353232703,0.7102644203,0.996571294
0,489,1.2300205370500001,0.1296575559,0.8255017237,0.1001833288
0,489,1.2306264326,0.14250668109999998,0.8306186386,0.1288381474
0,489,1.18667143395,0.1292310325,0.8012413455,0.119159922
0,489,1.21205231645,1.0204473686,0.8201199019,0.7132103392
0,489,0.9005748884,1.05967685885,0.612607945,0.7406574069
0,489,1.0503712751,1.4363820513999999,0.7118540868,0.9835555164
0,489,0.8628125945999999,1.08250443905,0.5869369828,0.7552286565
0,489,1.167997865,1.42688110295,0.7893937462,0.9901433713
0,489,1.0615645476,0.0593782812,0.7167319998,0.066862695
0,489,0.32052379475000004,0.24563208655,0.2228139327,0.1875153925
0,489,0.74581825585,0.40200248625,0.5070412065,0.2980436313
0,489,1.19049996895,0.46516376455,0.8056672725,0.3458626067
0,489,1.0881997956,0.4935252239,0.7390079418,0.3571695876
0,489,0.8611105229,1.1362700388,0.5887487566,0.7861449764
0,489,0.3503169759,0.43942309079999997,0.2460650292,0.3277480706
0,489,0.94135303205,0.8648120939499999,0.6403777761,0.6110355917
0,489,0.8621793861,0.7694383942,0.5849970356,0.5569343596
0,489,0.8622052911,1.03196511465,0.5837736434,0.7171867191
0,489,0.90339048125,1.0865644642,0.6097576057,0.7521711734
0,489,1.3114506782,0.3966627782,0.8829094748,0.2939157288
0,489,0.8396652870500001,1.006576592,0.5737408589,0.6986204684
0,489,1.08444565315,0.47246095244999997,0.7301571015,0.3377787475
0,489,1.2099549118,1.0017448377,0.8150416192,0.6961846936
0,489,0.80548621895,1.0401513905000002,0.5463880985,0.7221318526
0,489,0.8710879495000001,1.06439568455,0.5946540848,0.7388995043
0,489,1.19746255935,0.3203841316,0.8093660571,0.2395614584
0,489,0.85087410255,0.9833394203000001,0.5779391597,0.681606386
0,489,0.8393439523499999,1.01763879415,0.5706682997,0.7138454127
0,489,1.26583561895,0.18778127044999998,0.8517168037,0.1525490339
0,489,1.2080226234,0.27299603455,0.8123071766,0.2054136823
0,489,1.2195779465999999,0.27109539434999996,0.8248965602,0.2084142505
0,489,1.2914480133500001,0.047820890049999995,0.8709788669,0.0574891667
0,489,0.84486267645,1.1427876136,0.5700104251,0.7898421882
0,489,1.15072198385,1.47179869805,0.7746234989,1.0015829533
0,489,1.11354060985,1.5158802908,0.7524477417,1.0383783206
0,489,0.8661162152999999,0.88909603325,0.5883557888,0.6210299273
0,489,0.3503169759,0.43942309079999997,0.2460650292,0.3277480706
0,489,0.8679874579,0.99369484215,0.5965645228,0.6905780565
0,489,1.2103885954,0.9559768237999999,0.8230801686,0.6745343796
0,489,1.1722191987,0.971994371,0.7944487144,0.667825637
0,489,1.1737309812499999,0.9930382191,0.7941843707,0.683297913
0,489,1.0638022335000001,0.35621585115,0.718075794,0.2712305859
0,489,1.1617553211,1.5051911137,0.783686535,1.0342083702
0,489,0.3744840398,0.41641996065,0.2644252602,0.3117435883
0,489,0.8063145598,0.96130346695,0.5479587304,0.6696587753
0,489,0.7913249083,0.96619769235,0.5359915176,0.6732106215
0,489,0.7878525109,0.98678156655,0.5357430548,0.6942209065
0,489,1.2110963653,0.4727997385,0.8167893062,0.3421529306
0,489,0.8388733258000001,1.0691660940499998,0.5673600048,0.7423097393
0,489,0.8673393259,0.7373022847499999,0.5889832532,0.5301053961
0,489,1.18498006215,0.7329631667000001,0.8005790783,0.526303515
0,489,0.39282743255,0.40717580465,0.2717754121,0.3036519203
0,489,0.3419943725,0.46959411165,0.2370061604,0.3391694819
0,489,0.33453710905,0.24183426005000003,0.2322729775,0.1869536025
0,489,0.7466565645000001,0.39111793655000004,0.5077259998,0.2917971153
0,489,1.0467801087500002,0.0217654953,0.7054430477,0.046739846
0,489,1.02672923815,0.0815051256,0.6932103649,0.0829334778
0,489,1.2672941273,0.97198498535,0.8532259394,0.6774077529
0,489,0.9897376746,0.10676007105,0.6684848228,0.0989525267
0,489,1.00608998585,0.1108237004,0.6776661209,0.0987559528
0,489,1.2166054595,1.4464561277999999,0.822204354,1.002627243
0,489,1.079810684,1.2478267242,0.7313219258,0.8602670162
0,489,1.1302916611,1.2315570398,0.7642478672,0.8497039828
0,489,1.0546562449999999,0.4584904623,0.7129077448,0.3422756204
0,489,1.1883200624499999,0.9363954166999999,0.8025017931,0.645035074
0,489,0.7369978821500001,1.1794245505,0.5071030407,0.825591614
0,489,0.7369978821500001,1.1794245505,0.5071030407,0.825591614
0,489,0.7369978821500001,1.1794245505,0.5071030407,0.825591614
0,489,1.16834397845,1.47778924745,0.7884818899,1.0144374471
0,489,1.16834397845,1.47778924745,0.7884818899,1.0144374471
0,489,1.16834397845,1.47778924745,0.7884818899,1.0144374471
0,489,0.9988087638500001,0.4797125635,0.6733953987,0.346119249
0,489,1.18875768815,0.7368322493499999,0.8008304695,0.5214456309
0,489,1.2310751525,0.1298616384,0.828093914,0.1111090254
0,489,1.3656317353,0.1565823661,0.916991568,0.1323258706
0,489,1.0538739138,1.4337142623,0.7124560966,0.9865775592
0,489,1.4028702975,0.06318763335,0.9421284366,0.0698290993
0,489,0.7635034361999999,1.1825418016,0.517314795,0.8164146596
0,489,0.56221166595,0.5639065022499999,0.3869491919,0.4039568877
0,489,1.1511182178000001,0.96547882345,0.7780927426,0.6805801169
0,489,1.27413423215,0.5907500325,0.8566696161,0.419137081
0,489,1.0881997956,0.4935252239,0.7390079418,0.3571695876
0,489,0.8611105229,1.1362700388,0.5887487566,0.7861449764
0,489,0.8622052911,1.03196511465,0.5837736434,0.7171867191
0,489,0.90339048125,1.0865644642,0.6097576057,0.7521711734
0,489,1.3114506782,0.3966627782,0.8829094748,0.2939157288
0,489,0.8396652870500001,1.006576592,0.5737408589,0.6986204684
0,489,1.08444565315,0.47246095244999997,0.7301571015,0.3377787475
0,489,1.08444565315,0.47246095244999997,0.7301571015,0.3377787475
0,489,1.2099549118,1.0017448377,0.8150416192,0.6961846936
0,489,0.8710879495000001,1.06439568455,0.5946540848,0.7388995043
0,489,0.8710879495000001,1.06439568455,0.5946540848,0.7388995043
0,489,1.19746255935,0.3203841316,0.8093660571,0.2395614584
0,489,1.19746255935,0.3203841316,0.8093660571,0.2395614584
0,489,0.85087410255,0.9833394203000001,0.5779391597,0.681606386
0,489,1.26583561895,0.18778127044999998,0.8517168037,0.1525490339
0,489,1.2080226234,0.27299603455,0.8123071766,0.2054136823
0,489,1.2914480133500001,0.047820890049999995,0.8709788669,0.0574891667
0,489,1.15072198385,1.47179869805,0.7746234989,1.0015829533
0,489,1.11354060985,1.5158802908,0.7524477417,1.0383783206
0,489,0.8661162152999999,0.88909603325,0.5883557888,0.6210299273
0,489,0.8679874579,0.99369484215,0.5965645228,0.6905780565
0,489,1.2110963653,0.4727997385,0.8167893062,0.3421529306
0,489,0.8388733258000001,1.0691660940499998,0.5673600048,0.7423097393
0,489,1.2357447554999998,0.9558569122,0.8335129038,0.6639636874
0,489,1.1883200624499999,0.9363954166999999,0.8025017931,0.645035074
0,489,0.7369978821500001,1.1794245505,0.5071030407,0.825591614
0,489,0.7369978821500001,1.1794245505,0.5071030407,0.825591614
0,489,0.7369978821500001,1.1794245505,0.5071030407,0.825591614
0,489,1.16834397845,1.47778924745,0.7884818899,1.0144374471
0,489,1.16834397845,1.47778924745,0.7884818899,1.0144374471
0,489,1.16834397845,1.47778924745,0.7884818899,1.0144374471
0,489,0.9988087638500001,0.4797125635,0.6733953987,0.346119249
0,489,1.18875768815,0.7368322493499999,0.8008304695,0.5214456309
0,489,1.2310751525,0.1298616384,0.828093914,0.1111090254
0,489,1.3656317353,0.1565823661,0.916991568,0.1323258706
0,489,1.0538739138,1.4337142623,0.7124560966,0.9865775592
0,489,1.4028702975,0.06318763335,0.9421284366,0.0698290993
0,489,0.7635034361999999,1.1825418016,0.517314795,0.8164146596
0,489,0.56221166595,0.5639065022499999,0.3869491919,0.4039568877
0,489,1.1511182178000001,0.96547882345,0.7780927426,0.6805801169
0,489,1.27413423215,0.5907500325,0.8566696161,0.419137081
0,489,1.0881997956,0.4935252239,0.7390079418,0.3571695876
0,489,0.8611105229,1.1362700388,0.5887487566,0.7861449764
0,489,0.8622052911,1.03196511465,0.5837736434,0.7171867191
0,489,0.90339048125,1.0865644642,0.6097576057,0.7521711734
0,489,1.3114506782,0.3966627782,0.8829094748,0.2939157288
0,489,0.8396652870500001,1.006576592,0.5737408589,0.6986204684
0,489,1.08444565315,0.47246095244999997,0.7301571015,0.3377787475
0,489,1.08444565315,0.47246095244999997,0.7301571015,0.3377787475
0,489,1.2099549118,1.0017448377,0.8150416192,0.6961846936
0,489,0.8710879495000001,1.06439568455,0.5946540848,0.7388995043
0,489,0.8710879495000001,1.06439568455,0.5946540848,0.7388995043
0,489,1.19746255935,0.3203841316,0.8093660571,0.2395614584
0,489,1.19746255935,0.3203841316,0.8093660571,0.2395614584
0,489,0.85087410255,0.9833394203000001,0.5779391597,0.681606386
0,489,1.26583561895,0.18778127044999998,0.8517168037,0.1525490339
0,489,1.2080226234,0.27299603455,0.8123071766,0.2054136823
0,489,1.2914480133500001,0.047820890049999995,0.8709788669,0.0574891667
0,489,1.15072198385,1.47179869805,0.7746234989,1.0015829533
0,489,1.11354060985,1.5158802908,0.7524477417,1.0383783206
0,489,0.8661162152999999,0.88909603325,0.5883557888,0.6210299273
0,489,0.8679874579,0.99369484215,0.5965645228,0.6905780565
0,489,1.2110963653,0.4727997385,0.8167893062,0.3421529306
0,489,0.8388733258000001,1.0691660940499998,0.5673600048,0.7423097393
