0,489,0.35110127825,0.8576134181999999,0.2488545481,0.629367125
0,489,1.12336939235,0.3239710053,0.7565133075,0.2499081704
0,489,1.14816639845,0.1595742245,0.7735863975,0.1420036456
0,489,1.08427552475,0.11636073314999999,0.7322996709,0.1064565753
0,489,1.1641616711,0.11549064195,0.7830161584,0.1092767881
0,489,1.33670828665,0.3013475076,0.8967988393,0.2301621758
0,489,1.3499910492,0.2687256667,0.9077113488,0.2145861106
0,489,1.2802710722,0.34126116019999997,0.8647680848,0.259002831
0,489,1.2749928642500001,0.3240299716,0.8608284837,0.2339303168
0,489,1.364425125,0.05417691835,0.9174263216,0.0684147881
0,489,1.35499558935,0.24853301635,0.9133842393,0.2027523505
0,489,1.33917247245,0.25765144154999997,0.8990743127,0.2023634825
0,489,1.2974310861,0.22254841050000002,0.8756380886,0.1693233666
0,489,1.29174258005,0.26704608750000003,0.8716630723,0.1956814416
0,489,1.2991221991000002,0.25735487245,0.8758791738,0.1882553143
0,489,1.2854556266000001,0.34280183365,0.8652944794,0.2534644897
0,489,1.3102147841,0.13132115105,0.885691898,0.1100814047
0,489,1.31825327705,0.09684953104999999,0.8929341499,0.0878508297
0,489,1.34007408325,0.035544365950000004,0.9013751279,0.0581152299
0,489,1.17407157575,1.22003846785,0.7976849257,0.8554462243
0,489,1.1983648421,1.17610854785,0.8082958424,0.8213096359
0,489,1.34332994465,0.020739808000000002,0.9016514105,0.0416899306
0,489,1.1699719391999999,0.0842939151,0.7897361428,0.0907582168
0,489,0.8950653437,1.3242924088999999,0.6101667922,0.9261799542
0,489,0.99446308605,1.1592846571000002,0.6782802949,0.818951049
0,489,1.3179345328499998,-0.02817528475,0.8882442171,0.0188253709
0,489,1.38894950915,-0.03149515425,0.9359758845,0.0173337967
0,489,1.3624081386,-0.03277738995,0.9185749272,0.0091858145
0,489,1.3900282838,-0.035557394500000006,0.935956512,0.0083054366
0,489,1.32805417145,0.027013683349999998,0.8958039743,0.0419534433
0,489,1.31199248715,0.052209940100000005,0.8835594653,0.063716611
0,489,1.2100241232,0.0292485575,0.816718349,0.0553631948
0,489,1.24468581275,-0.0120293038,0.8411053239,0.0281871108
0,489,0.11941313440000001,0.38787266455,0.0889959804,0.2762332349
0,489,-0.0236874156,0.52001651605,0.0001944078,0.3668999145
0,489,0.46265224255000004,0.7930847571999999,0.3207705681,0.5697104642
0,489,1.03644226475,1.48877080765,0.6995496583,1.0192252013
0,489,1.008285379,1.51342934875,0.6806575862,1.0358596513
0,489,0.9863282939,1.50001178845,0.6670822356,1.0350894239
0,489,1.0200082964,1.48367955775,0.6889710666,1.0177117773
0,489,1.08212636645,1.0523556435499999,0.7370663051,0.7352051457
0,489,1.30771939965,0.3672540258,0.8828359271,0.2773416476
0,489,1.3261262032999999,0.3606279524,0.8921686006,0.264540915
0,489,1.3096996123,0.3565573401,0.881189157,0.264830595
0,489,1.3074868740999999,0.42050070944999995,0.8818394854,0.3144526745
0,489,0.81178806285,1.3092688441,0.5557367655,0.9115911346
0,489,0.84686992035,1.48140101205,0.5728249479,1.0100278237
0,489,0.86158689355,1.48253067405,0.5863590759,1.0322007331
0,489,1.16825618295,1.1144763865,0.7899151127,0.779417162
0,489,1.1414490608,0.014858601949999998,0.769687919,0.0389082743
0,489,1.1358472717499999,0.03172465325,0.7634727443,0.0457795771
0,489,0.8679409415500001,1.43973867535,0.5945473111,1.0022247845
0,489,1.1197738898,1.01346914405,0.7581955562,0.7110741557
0,489,1.1342038805,1.0167699043,0.7661911934,0.705373962
0,489,1.0827060192,1.0724862263000001,0.7317890044,0.737485043
0,489,1.23012472025,0.3060341591,0.8275865137,0.2330004842
0,489,1.2476986779,0.2955641191,0.8383120882,0.2224448842
0,489,1.2441538590499999,0.31557238755,0.8390700913,0.2445269401
0,489,0.7892287989,1.45869049025,0.5410548204,1.0076884587
0,489,1.1600000878499999,0.79783789695,0.7853593227,0.5719112213
0,489,0.9778212018000001,1.3493796884,0.6612741074,0.9273660054
0,489,0.97531376595,1.3794966476,0.6639838839,0.9588109274
0,489,0.95630686715,1.37951541895,0.6475374699,0.9511047485
0,489,1.0773185658,1.389414546,0.7306608976,0.9514540464
0,489,1.0713328194,1.4031224621,0.737324792,0.971616015
0,489,1.07528507895,1.4146174571499999,0.7342609053,0.9690078437
0,489,0.8031949773,1.4839144253,0.5476669048,1.0282375682
0,489,0.9579254796,1.01564925265,0.6493104988,0.7154514923
0,489,0.83054723095,1.4437107753,0.5670327007,0.9985742758
0,489,1.3363439834,0.42881673305,0.8984877332,0.3219930645
0,489,1.26716308175,0.42627794085,0.8527027709,0.3186877991
0,489,1.3542226064,0.4101669872,0.9150761742,0.293566581
0,489,1.3604778776,0.42571660135,0.9211460556,0.3104458099
0,489,0.1794255215,0.2762722794,0.133007576,0.2002663434
0,489,0.19159935495000002,0.30079352655,0.1369747591,0.2256905317
0,489,0.2004066636,0.29755174595,0.1406315326,0.2205726263
0,489,0.23601123915,0.3028572149,0.1661647477,0.2255698692
0,489,0.22905073239999998,0.2773150298,0.1599427026,0.2083378134
0,489,0.21596543689999997,0.27190350245,0.1519452634,0.2034140793
0,489,0.20227154265000002,0.26542711210000003,0.1426256551,0.2002368348
0,489,0.2316700666,0.24704125440000002,0.1605090086,0.185654848
0,489,0.2041565262,0.30819523345,0.145511473,0.2308475565
0,489,0.23383899155,0.26535983544999997,0.1644945505,0.1994556449
0,489,0.25723121415,0.24924077255,0.1780097565,0.1865164545
0,489,0.24723204984999997,0.2570311599,0.1718451529,0.1950519532
0,489,0.20237595105,0.2583069383,0.1422997025,0.1956167466
0,489,0.21354100965,0.2827417995,0.1496628069,0.2098681318
0,489,0.2601091479,0.30262497535,0.1855780736,0.2293154361
0,489,0.27845068225,0.2989090672,0.1970988193,0.2282923206
0,489,0.29058830495,0.29863556820000003,0.2017783901,0.2236049558
0,489,0.26844256385,0.28378702765,0.1860042673,0.2165487173
0,489,0.290341419,0.2890408003,0.2027954432,0.2164531334
0,489,0.30364043085000003,0.25628206905,0.2135564963,0.1978282409
0,489,0.299981461,0.26667980165,0.2100637128,0.2038917735
0,489,0.29060305965,0.27722999545,0.2022854525,0.2088499719
0,489,0.27685504645000003,0.2582112793,0.1909762269,0.1993352828
0,489,0.3575598473,0.3225900321,0.2476928774,0.242205896
0,489,1.08962034745,0.9131931597,0.7403190731,0.6525101396
0,489,1.11358980115,0.89620070185,0.7518923045,0.6308930133
0,489,0.8397977404500001,1.2187164367999999,0.5735160485,0.8474632802
0,489,1.1904880301,0.1309792115,0.80356739,0.1218997182
0,489,0.9389766981000001,0.72025013395,0.6354899516,0.5187874527
0,489,1.03496100505,0.8434907296,0.7022641653,0.5957798624
0,489,0.8766022811,1.03303087875,0.5949285652,0.7248457443
0,489,0.86038822375,1.08656243685,0.5847726757,0.7572429011
0,489,0.8921813841999999,1.06357056955,0.617328626,0.7414195251
0,489,0.9034841897999999,1.0477276714000001,0.6107595664,0.7177198264
0,489,1.2713667888,0.10872614829999999,0.8585041412,0.1079550574
0,489,1.2767637030999999,0.0004912846000000009,0.8614573122,0.0306371518
0,489,1.17461884715,0.711393945,0.7958708993,0.511918027
0,489,1.19057982395,1.00762230835,0.8033698361,0.7097645137
0,489,0.9015624887,0.9272041209499999,0.6124282994,0.6512466001
0,489,1.050490776,1.2887447380000001,0.7148297838,0.894669107
0,489,1.05640534,0.76010816525,0.7176306784,0.5487197015
0,489,1.0012357252,0.7264592573499999,0.6798470974,0.5177446647
0,489,0.88264000645,1.1169578884,0.6010677143,0.784260029
0,489,0.8898983645,0.96454963995,0.604333097,0.6761159813
0,489,1.196382039,0.37506645065,0.8078972432,0.2858345727
0,489,0.8972814608999999,0.90206308025,0.6086622744,0.6409929191
0,489,1.12266134085,0.6585262932,0.7611648333,0.4792364462
0,489,0.92989676745,0.82291924465,0.6291105617,0.5867593863
0,489,0.9235208127500001,0.7942958869,0.6254366683,0.5706850744
0,489,0.4056160594,0.352344178,0.2786411404,0.2611918748
0,489,1.14264812485,1.1156415638500001,0.7775756561,0.7717611403
0,489,1.18222495185,0.95862959585,0.8005066569,0.6598960035
0,489,0.8310003433,0.3518757569,0.5651893904,0.26239467
0,489,0.7680071345,0.3518105826,0.5291266904,0.2618693716
0,489,0.8939348153,0.35279709395,0.6048811568,0.2536571913
0,489,1.01818621685,0.3891547501,0.6877466607,0.3000846064
0,489,1.02687667145,0.3423758971,0.6936252955,0.2596407578
0,489,1.05670842855,0.30767789415,0.7114909661,0.2141593453
0,489,1.07164964895,0.307864707,0.7253787537,0.2393753214
0,489,1.1280166382,0.21651121210000002,0.7631639116,0.1758959056
0,489,1.070231575,0.23445429034999998,0.725077242,0.1871424427
0,489,1.0519605473,0.23855283435000002,0.7085038934,0.1860892929
0,489,1.07399737475,0.2073918483,0.7242424249,0.1727516236
0,489,1.0477602755,0.20371265700000002,0.7088533858,0.1678438828
0,489,1.0517825349,0.190311165,0.7068233342,0.1531248648
0,489,1.0765346577,0.16273720275,0.7296985828,0.1400331007
0,489,1.0872293715499999,0.28239238885,0.7347870023,0.2201245909
0,489,1.09380237315,0.07512995054999999,0.7426860025,0.0800263911
0,489,1.17090367485,-0.0227006856,0.7903559483,0.0151648758
0,489,1.10794380455,0.0261914122,0.7494149973,0.0477064972
0,489,1.2235687821,0.13722933165,0.825113937,0.1236071633
0,489,1.00430687655,0.5911415284,0.6798764939,0.4234490932
0,489,1.02268884525,0.577052328,0.6934234617,0.419955213
0,489,0.9184795292000001,0.70144849015,0.61858164,0.4833589425
0,489,0.91595255195,0.70097117135,0.6219058157,0.5023803617
0,489,0.90737957105,0.4542217744,0.6140998483,0.335841841
0,489,0.9302513281,0.7581590948000001,0.62874226,0.540494231
0,489,0.9404577888500001,0.7443905097,0.6354570635,0.5303582842
0,489,0.93140173575,0.7474932693,0.6274393507,0.527737048
0,489,0.94743631645,0.7000963497999999,0.6397839883,0.5017975478
0,489,0.9562461593,0.6632869415,0.6475741874,0.4756562176
0,489,0.9685372410499999,0.69433879075,0.6538861117,0.4953945535
0,489,0.9583816893499999,0.6107985467,0.6470282675,0.4426375026
0,489,0.9503543467,0.5778896068,0.6429306584,0.4212321176
0,489,1.2608239009,0.41482236564999997,0.8517708664,0.3003498085
0,489,1.2732113379999999,0.40349391030000004,0.857959235,0.292428885
0,489,1.2603906678,0.3936751998,0.8538749162,0.2859930032
0,489,0.97749806495,0.75931668855,0.6628786411,0.5436990319
0,489,0.97560148055,0.7501017408999999,0.6589640565,0.5083535664
0,489,0.36031929389999995,0.34550805274999996,0.2536016972,0.2651196743
0,489,0.68650445925,0.44762310725,0.4645626243,0.3260933355
0,489,0.6385455701,0.696371489,0.4343047988,0.4896053468
0,489,0.47214468239999996,0.31514451265,0.3257595348,0.2395473423
0,489,1.31161562545,0.4569764376,0.8869890631,0.3474442084
0,489,1.28435944575,0.4627309932,0.8682213351,0.3500538814
0,489,1.1891338739,0.9378068745499999,0.8025415516,0.6463322517
0,489,0.7185715933,1.3316028869999998,0.49015024,0.9218207882
0,489,1.16363720735,1.47376593915,0.7853828625,1.0104277293
0,489,0.9769552424,0.5708148223,0.660115703,0.4072750678
0,489,1.2390631871,0.7291381591999999,0.8336361216,0.5144051604
0,489,1.1566513587,0.33916704155,0.7792259178,0.2526050927
0,489,1.34304898795,0.4701313486,0.9036563455,0.3424989248
0,489,1.0213911733,1.42411382545,0.6890028284,0.9827382855
0,489,1.32345928275,0.32164004985,0.8940805029,0.2451456449
0,489,0.73429829865,1.32110953295,0.4983236081,0.9088472087
0,489,1.0576383056999998,1.0163770567500001,0.7175817968,0.7174549247
0,489,1.1833108786,0.62308637,0.802134843,0.4520873178
0,489,1.1755013633,0.6179670756,0.791861142,0.4299518762
0,489,1.1333799042,-0.01887381985,0.764434327,0.0208042877
0,489,1.1554854643499999,0.1848180948,0.7801651433,0.1555957046
0,489,1.2331865796,0.83618933695,0.8335291226,0.5991417423
0,489,1.2420490771,0.15522527014999998,0.8375100466,0.1344851805
0,489,1.0346901287499999,1.03507298015,0.6988392979,0.7229026807
0,489,1.1213738057,1.21606088655,0.7678531686,0.8467432099
0,489,1.1140133479999998,1.2450794195,0.7534636122,0.8670744212
0,489,1.2990937076,0.71561315145,0.8773776292,0.5144790445
0,489,0.7457274757,1.3521055186,0.5078370534,0.9291706112
0,489,1.1280129214499999,0.34219445295,0.7665709833,0.2636463459
0,489,1.1707431764,1.01173083875,0.7901063592,0.6980178319
0,489,1.3164668452,0.64219068365,0.8834076394,0.4528090401
0,489,0.98607786005,0.54543733725,0.6695807173,0.3985833161
0,489,1.16789475175,0.894256512,0.7933469631,0.6343930506
0,489,1.3285223603,0.3804313874,0.8970188066,0.2884738294
0,489,1.25574212665,1.01211430065,0.8479495397,0.7161847777
0,489,1.26964663985,1.0260074527,0.8565870579,0.7127108702
0,489,0.84857424465,1.45762570215,0.5768073361,0.9974075967
0,489,1.04176867235,1.4310903982,0.7088813181,0.996116576
0,489,1.19735325155,0.3188929704,0.8035204231,0.2274590964
0,489,1.1929555384,0.33537255639999997,0.8049293176,0.25663621
0,489,1.1157661034,0.5603852909,0.7539729272,0.4079610492
0,489,1.2118139903,1.0204473686,0.8196583422,0.7132103392
0,489,0.8873222804,1.0457868604,0.6042808364,0.7329501768
0,489,1.0463677124,1.43453780045,0.7098758452,0.9802211179
0,489,0.99275932485,1.39606111775,0.6750180659,0.9702269325
0,489,0.96213217135,1.2240182265000001,0.6531308117,0.8521510204
0,489,1.0628574328,0.058228946899999995,0.7167319998,0.066862695
0,489,1.22788495065,0.7969917579999999,0.8311704153,0.5593465576
0,489,0.32086140465,0.2439328258,0.2240928517,0.188530549
0,489,1.29362628665,0.00679903295,0.8704731561,0.0273044803
0,489,1.0025657221,1.0239258563,0.6771940866,0.7188319934
0,489,1.05075590815,0.77756149805,0.7131903347,0.5481715771
0,489,0.8490870511999999,1.11885214635,0.57855018,0.7768553937
0,489,0.80579741695,0.5356640535,0.5481618031,0.3969362398
0,489,0.9418195475,0.8565400704,0.6387959938,0.6072212464
0,489,0.8614364755,0.770394133,0.5849970356,0.5569343596
0,489,0.8744366787,1.1103850506500001,0.5914551542,0.7692576383
0,489,0.8617519535,1.03151137275,0.5866463962,0.7176905431
0,489,0.8384692077,1.00514358455,0.5690632028,0.7007755735
0,489,1.2990511896,0.56022235525,0.8738587154,0.4035204905
0,489,0.8039242596,1.0548271591,0.5430751858,0.7319536416
0,489,1.20575734305,0.13082840225,0.8101429821,0.1106344097
0,489,1.19486642705,0.12630190815,0.8024782533,0.1102841357
0,489,1.0308800651999999,0.74355037765,0.698485413,0.5208745303
0,489,1.20750024325,1.0095776859,0.8150337351,0.7016039172
0,489,0.8173785889,1.06016303775,0.554121194,0.7349684761
0,489,0.7994273191,1.0019409612,0.5406541938,0.6952752576
0,489,1.0551471449499998,0.85349422565,0.7139075655,0.5960090235
0,489,0.79585777795,1.01289263725,0.5376065259,0.7020692973
0,489,1.215154948,0.13535973935,0.818094806,0.1179101983
0,489,0.8367411184,1.0097513588,0.5692485926,0.711447481
0,489,1.1957417910500001,0.72772414835,0.8056720029,0.5107599077
0,489,1.10030971125,0.67159072615,0.7452204133,0.4754812683
0,489,1.35817379605,0.33390647375,0.9119693753,0.2498640201
0,489,1.22895465855,0.3869937132,0.8273721779,0.2845528626
0,489,0.8179066005,1.03475912255,0.5548665824,0.7183819307
0,489,0.9834956939,1.22965602415,0.6657792136,0.8487035431
0,489,1.11753502135,1.3015813615,0.7550214043,0.8945600828
0,489,0.8257423023999999,0.99134916995,0.5587764366,0.6886126175
0,489,0.87974720535,1.0948030746000001,0.5952963037,0.755797955
0,489,1.2720811476,0.07312546705,0.8574099362,0.0752966029
0,489,0.80579741695,0.5356640535,0.5481618031,0.3969362398
0,489,0.8807464066,1.0104918523,0.593699091,0.70320399
0,489,1.2016686317,0.9622836335,0.8093034346,0.6758091818
0,489,1.17105854175,0.9720373199500001,0.7911756729,0.6675216907
0,489,1.14429112185,0.18738395535000002,0.7700018201,0.1514331877
0,489,1.17002639605,0.9922510223500001,0.7907285299,0.6833054215
0,489,1.0271744101,0.37102226855,0.6932055218,0.2804094925
0,489,1.19856605635,1.1760633463499999,0.8084908057,0.8214583053
0,489,1.27369091855,1.08972774285,0.8587987825,0.7544883131
0,489,0.9569796089,0.42407770935,0.647817244,0.3193589137
0,489,0.80420870785,0.96179843075,0.5474629311,0.6694905837
0,489,0.78958352855,0.96603378065,0.5354391777,0.6716562007
0,489,0.7849008041000001,0.9787797759000001,0.5329245898,0.6882442478
0,489,1.01344942985,1.04762615565,0.6878928551,0.7265606979
0,489,0.8010443547499999,1.0277727137000001,0.5423141417,0.7130559634
0,489,0.8671626086499999,0.73808294905,0.5891010647,0.5310387093
0,489,1.2862521445,0.05892701715,0.868165583,0.0758647001
0,489,0.9264124311499999,1.36929635245,0.6278094545,0.9500146567
0,489,0.39394613469999995,0.40858365855,0.2721415738,0.3039614229
0,489,0.33650969095,0.2452184966,0.2328078033,0.1877722226
0,489,1.0459350049,-0.01996948665,0.7048512872,0.0173666091
0,489,1.01748363115,0.0027746903499999993,0.6845398741,0.0292343693
0,489,1.1685261581500002,0.38186229260000004,0.7864053219,0.2818774148
0,489,1.0224703421,0.019029453300000002,0.6899256098,0.0401266122
0,489,1.00401099635,0.0344336643,0.6751273175,0.0483758848
0,489,1.1332688787,1.4907486358,0.7676861376,1.0231403114
0,489,1.1948092671000001,1.4468892963,0.806622041,1.001602025
0,489,1.0252121620499999,1.1362902368,0.7000669701,0.782720325
0,489,1.1413311931,1.16307745285,0.7709431856,0.8032445061
0,489,0.53925363395,0.45168057954999996,0.3685302805,0.3259389597
0,489,0.8157189788,0.8527093564500001,0.5513040806,0.5959662247
0,489,1.36783095785,0.33127457545,0.9231438949,0.2559714777
0,489,1.3923282284,0.822580294,0.936952486,0.5757691566
0,489,1.4108005353,0.82675173165,0.9481755926,0.5773677681
0,489,1.2899905751,0.31290647559999996,0.8701564392,0.227790524
0,489,1.0052445253,0.7515590761,0.6799100578,0.5356079646
0,489,1.1891338739,0.9378068745499999,0.8025415516,0.6463322517
0,489,0.7185715933,1.3316028869999998,0.49015024,0.9218207882
0,489,1.16363720735,1.47376593915,0.7853828625,1.0104277293
0,489,0.9769552424,0.5708148223,0.660115703,0.4072750678
0,489,1.2390631871,0.7291381591999999,0.8336361216,0.5144051604
0,489,1.1566513587,0.33916704155,0.7792259178,0.2526050927
0,489,1.34304898795,0.4701313486,0.9036563455,0.3424989248
0,489,1.0213911733,1.42411382545,0.6890028284,0.9827382855
0,489,1.32345928275,0.32164004985,0.8940805029,0.2451456449
0,489,0.73429829865,1.32110953295,0.4983236081,0.9088472087
0,489,1.0576383056999998,1.0163770567500001,0.7175817968,0.7174549247
0,489,1.1833108786,0.62308637,0.802134843,0.4520873178
0,489,1.1755013633,0.6179670756,0.791861142,0.4299518762
0,489,1.1333799042,-0.01887381985,0.764434327,0.0208042877
0,489,1.1554854643499999,0.1848180948,0.7801651433,0.1555957046
0,489,1.2331865796,0.83618933695,0.8335291226,0.5991417423
0,489,1.2420490771,0.15522527014999998,0.8375100466,0.1344851805
0,489,1.0346901287499999,1.03507298015,0.6988392979,0.7229026807
0,489,1.1213738057,1.21606088655,0.7678531686,0.8467432099
0,489,1.1140133479999998,1.2450794195,0.7534636122,0.8670744212
0,489,1.2990937076,0.71561315145,0.8773776292,0.5144790445
0,489,0.7457274757,1.3521055186,0.5078370534,0.9291706112
0,489,1.1280129214499999,0.34219445295,0.7665709833,0.2636463459
0,489,1.1707431764,1.01173083875,0.7901063592,0.6980178319
0,489,1.3164668452,0.64219068365,0.8834076394,0.4528090401
0,489,0.98607786005,0.54543733725,0.6695807173,0.3985833161
0,489,1.16789475175,0.894256512,0.7933469631,0.6343930506
0,489,1.3285223603,0.3804313874,0.8970188066,0.2884738294
0,489,1.25574212665,1.01211430065,0.8479495397,0.7161847777
0,489,1.26964663985,1.0260074527,0.8565870579,0.7127108702
0,489,0.84857424465,1.45762570215,0.5768073361,0.9974075967
0,489,1.04176867235,1.4310903982,0.7088813181,0.996116576
0,489,1.19735325155,0.3188929704,0.8035204231,0.2274590964
0,489,1.1929555384,0.33537255639999997,0.8049293176,0.25663621
0,489,1.1157661034,0.5603852909,0.7539729272,0.4079610492
0,489,1.2118139903,1.0204473686,0.8196583422,0.7132103392
0,489,0.8873222804,1.0457868604,0.6042808364,0.7329501768
0,489,1.0463677124,1.43453780045,0.7098758452,0.9802211179
0,489,0.99275932485,1.39606111775,0.6750180659,0.9702269325
0,489,0.96213217135,1.2240182265000001,0.6531308117,0.8521510204
0,489,1.0628574328,0.058228946899999995,0.7167319998,0.066862695
0,489,1.22788495065,0.7969917579999999,0.8311704153,0.5593465576
0,489,0.32086140465,0.2439328258,0.2240928517,0.188530549
0,489,1.29362628665,0.00679903295,0.8704731561,0.0273044803
0,489,1.0025657221,1.0239258563,0.6771940866,0.7188319934
0,489,1.05075590815,0.77756149805,0.7131903347,0.5481715771
0,489,0.8490870511999999,1.11885214635,0.57855018,0.7768553937
0,489,0.80579741695,0.5356640535,0.5481618031,0.3969362398
0,489,0.9418195475,0.8565400704,0.6387959938,0.6072212464
0,489,0.8614364755,0.770394133,0.5849970356,0.5569343596
0,489,0.8744366787,1.1103850506500001,0.5914551542,0.7692576383
0,489,0.8617519535,1.03151137275,0.5866463962,0.7176905431
0,489,0.8384692077,1.00514358455,0.5690632028,0.7007755735
0,489,1.2990511896,0.56022235525,0.8738587154,0.4035204905
0,489,0.8039242596,1.0548271591,0.5430751858,0.7319536416
0,489,1.20575734305,0.13082840225,0.8101429821,0.1106344097
0,489,1.19486642705,0.12630190815,0.8024782533,0.1102841357
0,489,1.0308800651999999,0.74355037765,0.698485413,0.5208745303
0,489,1.20750024325,1.0095776859,0.8150337351,0.7016039172
0,489,0.8173785889,1.06016303775,0.554121194,0.7349684761
0,489,0.7994273191,1.0019409612,0.5406541938,0.6952752576
0,489,1.0551471449499998,0.85349422565,0.7139075655,0.5960090235
0,489,0.79585777795,1.01289263725,0.5376065259,0.7020692973
0,489,1.215154948,0.13535973935,0.818094806,0.1179101983
0,489,0.8367411184,1.0097513588,0.5692485926,0.711447481
0,489,1.1957417910500001,0.72772414835,0.8056720029,0.5107599077
0,489,1.10030971125,0.67159072615,0.7452204133,0.4754812683
0,489,1.35817379605,0.33390647375,0.9119693753,0.2498640201
0,489,1.22895465855,0.3869937132,0.8273721779,0.2845528626
0,489,0.8179066005,1.03475912255,0.5548665824,0.7183819307
0,489,0.9834956939,1.22965602415,0.6657792136,0.8487035431
0,489,1.11753502135,1.3015813615,0.7550214043,0.8945600828
0,489,0.8257423023999999,0.99134916995,0.5587764366,0.6886126175
0,489,0.87974720535,1.0948030746000001,0.5952963037,0.755797955
0,489,1.2720811476,0.07312546705,0.8574099362,0.0752966029
0,489,0.80579741695,0.5356640535,0.5481618031,0.3969362398
0,489,0.8807464066,1.0104918523,0.593699091,0.70320399
0,489,1.2016686317,0.9622836335,0.8093034346,0.6758091818
0,489,1.17105854175,0.9720373199500001,0.7911756729,0.6675216907
0,489,1.14429112185,0.18738395535000002,0.7700018201,0.1514331877
0,489,1.17002639605,0.9922510223500001,0.7907285299,0.6833054215
0,489,1.0271744101,0.37102226855,0.6932055218,0.2804094925
0,489,1.19856605635,1.1760633463499999,0.8084908057,0.8214583053
0,489,1.27369091855,1.08972774285,0.8587987825,0.7544883131
0,489,0.9569796089,0.42407770935,0.647817244,0.3193589137
0,489,0.80420870785,0.96179843075,0.5474629311,0.6694905837
0,489,0.78958352855,0.96603378065,0.5354391777,0.6716562007
0,489,0.7849008041000001,0.9787797759000001,0.5329245898,0.6882442478
0,489,1.01344942985,1.04762615565,0.6878928551,0.7265606979
0,489,0.8010443547499999,1.0277727137000001,0.5423141417,0.7130559634
0,489,0.8671626086499999,0.73808294905,0.5891010647,0.5310387093
0,489,1.2862521445,0.05892701715,0.868165583,0.0758647001
0,489,0.9264124311499999,1.36929635245,0.6278094545,0.9500146567
0,489,0.39394613469999995,0.40858365855,0.2721415738,0.3039614229
0,489,0.33650969095,0.2452184966,0.2328078033,0.1877722226
0,489,1.0459350049,-0.01996948665,0.7048512872,0.0173666091
0,489,1.01748363115,0.0027746903499999993,0.6845398741,0.0292343693
0,489,1.1685261581500002,0.38186229260000004,0.7864053219,0.2818774148
0,489,1.0224703421,0.019029453300000002,0.6899256098,0.0401266122
0,489,1.00401099635,0.0344336643,0.6751273175,0.0483758848
0,489,1.1332688787,1.4907486358,0.7676861376,1.0231403114
0,489,1.1948092671000001,1.4468892963,0.806622041,1.001602025
0,489,1.0252121620499999,1.1362902368,0.7000669701,0.782720325
0,489,1.1413311931,1.16307745285,0.7709431856,0.8032445061
0,489,1.1358472717499999,0.03172465325,0.7634727443,0.0457795771
0,489,0.86038822375,1.08656243685,0.5847726757,0.7572429011
0,489,1.0012357252,0.7264592573499999,0.6798470974,0.5177446647
0,489,1.1891338739,0.9378068745499999,0.8025415516,0.6463322517
0,489,0.7185715933,1.3316028869999998,0.49015024,0.9218207882
0,489,0.7185715933,1.3316028869999998,0.49015024,0.9218207882
0,489,0.7185715933,1.3316028869999998,0.49015024,0.9218207882
0,489,1.16363720735,1.47376593915,0.7853828625,1.0104277293
0,489,1.16363720735,1.47376593915,0.7853828625,1.0104277293
0,489,1.16363720735,1.47376593915,0.7853828625,1.0104277293
0,489,0.9769552424,0.5708148223,0.660115703,0.4072750678
0,489,1.2390631871,0.7291381591999999,0.8336361216,0.5144051604
0,489,1.1566513587,0.33916704155,0.7792259178,0.2526050927
0,489,1.34304898795,0.4701313486,0.9036563455,0.3424989248
0,489,1.0213911733,1.42411382545,0.6890028284,0.9827382855
0,489,1.32345928275,0.32164004985,0.8940805029,0.2451456449
0,489,0.73429829865,1.32110953295,0.4983236081,0.9088472087
0,489,1.2331865796,0.83618933695,0.8335291226,0.5991417423
0,489,0.7457274757,1.3521055186,0.5078370534,0.9291706112
0,489,1.1280129214499999,0.34219445295,0.7665709833,0.2636463459
0,489,1.26964663985,1.0260074527,0.8565870579,0.7127108702
0,489,0.84857424465,1.45762570215,0.5768073361,0.9974075967
0,489,1.29362628665,0.00679903295,0.8704731561,0.0273044803
0,489,1.05075590815,0.77756149805,0.7131903347,0.5481715771
0,489,0.8490870511999999,1.11885214635,0.57855018,0.7768553937
0,489,0.8744366787,1.1103850506500001,0.5914551542,0.7692576383
0,489,0.8744366787,1.1103850506500001,0.5914551542,0.7692576383
0,489,0.8617519535,1.03151137275,0.5866463962,0.7176905431
0,489,0.8384692077,1.00514358455,0.5690632028,0.7007755735
0,489,1.2990511896,0.56022235525,0.8738587154,0.4035204905
0,489,0.8039242596,1.0548271591,0.5430751858,0.7319536416
0,489,1.20575734305,0.13082840225,0.8101429821,0.1106344097
0,489,1.19486642705,0.12630190815,0.8024782533,0.1102841357
0,489,1.0308800651999999,0.74355037765,0.698485413,0.5208745303
0,489,1.0308800651999999,0.74355037765,0.698485413,0.5208745303
0,489,1.20750024325,1.0095776859,0.8150337351,0.7016039172
0,489,0.7994273191,1.0019409612,0.5406541938,0.6952752576
0,489,0.7994273191,1.0019409612,0.5406541938,0.6952752576
0,489,1.0551471449499998,0.85349422565,0.7139075655,0.5960090235
0,489,1.0551471449499998,0.85349422565,0.7139075655,0.5960090235
0,489,0.79585777795,1.01289263725,0.5376065259,0.7020692973
0,489,1.215154948,0.13535973935,0.818094806,0.1179101983
0,489,1.1957417910500001,0.72772414835,0.8056720029,0.5107599077
0,489,1.10030971125,0.67159072615,0.7452204133,0.4754812683
0,489,1.22895465855,0.3869937132,0.8273721779,0.2845528626
0,489,0.9834956939,1.22965602415,0.6657792136,0.8487035431
0,489,1.11753502135,1.3015813615,0.7550214043,0.8945600828
0,489,0.8257423023999999,0.99134916995,0.5587764366,0.6886126175
0,489,0.87974720535,1.0948030746000001,0.5952963037,0.755797955
0,489,1.2720811476,0.07312546705,0.8574099362,0.0752966029
0,489,0.8807464066,1.0104918523,0.593699091,0.70320399
0,489,1.14429112185,0.18738395535000002,0.7700018201,0.1514331877
0,489,1.01344942985,1.04762615565,0.6878928551,0.7265606979
0,489,0.8010443547499999,1.0277727137000001,0.5423141417,0.7130559634
0,489,1.3923282284,0.822580294,0.936952486,0.5757691566
0,489,1.1891338739,0.9378068745499999,0.8025415516,0.6463322517
0,489,0.7185715933,1.3316028869999998,0.49015024,0.9218207882
0,489,0.7185715933,1.3316028869999998,0.49015024,0.9218207882
0,489,0.7185715933,1.3316028869999998,0.49015024,0.9218207882
0,489,1.16363720735,1.47376593915,0.7853828625,1.0104277293
0,489,1.16363720735,1.47376593915,0.7853828625,1.0104277293
0,489,1.16363720735,1.47376593915,0.7853828625,1.0104277293
0,489,0.9769552424,0.5708148223,0.660115703,0.4072750678
0,489,1.2390631871,0.7291381591999999,0.8336361216,0.5144051604
0,489,1.1566513587,0.33916704155,0.7792259178,0.2526050927
0,489,1.34304898795,0.4701313486,0.9036563455,0.3424989248
0,489,1.0213911733,1.42411382545,0.6890028284,0.9827382855
0,489,1.32345928275,0.32164004985,0.8940805029,0.2451456449
0,489,0.73429829865,1.32110953295,0.4983236081,0.9088472087
0,489,1.2331865796,0.83618933695,0.8335291226,0.5991417423
0,489,0.7457274757,1.3521055186,0.5078370534,0.9291706112
0,489,1.1280129214499999,0.34219445295,0.7665709833,0.2636463459
0,489,1.26964663985,1.0260074527,0.8565870579,0.7127108702
0,489,0.84857424465,1.45762570215,0.5768073361,0.9974075967
0,489,1.29362628665,0.00679903295,0.8704731561,0.0273044803
0,489,1.05075590815,0.77756149805,0.7131903347,0.5481715771
0,489,0.8490870511999999,1.11885214635,0.57855018,0.7768553937
0,489,0.8744366787,1.1103850506500001,0.5914551542,0.7692576383
0,489,0.8744366787,1.1103850506500001,0.5914551542,0.7692576383
0,489,0.8617519535,1.03151137275,0.5866463962,0.7176905431
0,489,0.8384692077,1.00514358455,0.5690632028,0.7007755735
0,489,1.2990511896,0.56022235525,0.8738587154,0.4035204905
0,489,0.8039242596,1.0548271591,0.5430751858,0.7319536416
0,489,1.20575734305,0.13082840225,0.8101429821,0.1106344097
0,489,1.19486642705,0.12630190815,0.8024782533,0.1102841357
0,489,1.0308800651999999,0.74355037765,0.698485413,0.5208745303
0,489,1.0308800651999999,0.74355037765,0.698485413,0.5208745303
0,489,1.20750024325,1.0095776859,0.8150337351,0.7016039172
0,489,0.7994273191,1.0019409612,0.5406541938,0.6952752576
0,489,0.7994273191,1.0019409612,0.5406541938,0.6952752576
0,489,1.0551471449499998,0.85349422565,0.7139075655,0.5960090235
0,489,1.0551471449499998,0.85349422565,0.7139075655,0.5960090235
0,489,0.79585777795,1.01289263725,0.5376065259,0.7020692973
0,489,1.215154948,0.13535973935,0.818094806,0.1179101983
0,489,1.1957417910500001,0.72772414835,0.8056720029,0.5107599077
0,489,1.10030971125,0.67159072615,0.7452204133,0.4754812683
0,489,1.22895465855,0.3869937132,0.8273721779,0.2845528626
0,489,0.9834956939,1.22965602415,0.6657792136,0.8487035431
0,489,1.11753502135,1.3015813615,0.7550214043,0.8945600828
0,489,0.8257423023999999,0.99134916995,0.5587764366,0.6886126175
0,489,0.87974720535,1.0948030746000001,0.5952963037,0.755797955
0,489,1.2720811476,0.07312546705,0.8574099362,0.0752966029
0,489,0.8807464066,1.0104918523,0.593699091,0.70320399
0,489,1.14429112185,0.18738395535000002,0.7700018201,0.1514331877
0,489,1.01344942985,1.04762615565,0.6878928551,0.7265606979
0,489,0.8010443547499999,1.0277727137000001,0.5423141417,0.7130559634
