1,507,0.5219319685,0.6341222921,0.014726997200000036,0.03784296069999993,-1,-1,-1,-1
2,507,0.5158335916,0.6440894467,0.012716656000000048,0.042594974200000024,-1,-1,-1,-1
3,507,0.5175057036,0.6557614935,0.011733054099999918,0.04666055569999994,-1,-1,-1,-1
4,507,0.5218336421,0.6665155445,0.014093676099999897,0.04416861690000007,-1,-1,-1,-1
5,507,0.5283376013,0.672441145,0.014093676100000008,0.04416861680000006,-1,-1,-1,-1
6,507,0.5356003519,0.667093553,0.012679262699999971,0.04229403130000009,-1,-1,-1,-1
7,507,0.5354918888,0.6633358222,0.018641244,0.04171602289999998,-1,-1,-1,-1
8,507,0.5376598001,0.6598671707,0.016473332699999954,0.04504020980000001,-1,-1,-1,-1
9,507,0.5419957354,0.6588554681,0.013113002600000034,0.044172971900000024,-1,-1,-1,-1
10,507,0.5444889235,0.6545197289,0.01192058380000005,0.04489544489999997,-1,-1,-1,-1
11,507,0.5408033166,0.6546641934,0.01192058379999994,0.04489544489999997,-1,-1,-1,-1
12,507,0.5412368312,0.6550978875,0.012896301599999993,0.04503990950000003,-1,-1,-1,-1
13,507,0.5416704586,0.6527854031,0.012896301499999985,0.04503990950000003,-1,-1,-1,-1
14,507,0.5451518664,0.6515567034,0.012896301599999993,0.046433797399999976,-1,-1,-1,-1
15,507,0.5500667223,0.6529219086,0.012896301599999993,0.046433797399999976,-1,-1,-1,-1
16,507,0.5546932442,0.6560813579,0.012896301499999985,0.046433797399999976,-1,-1,-1,-1
17,507,0.5602669883,0.6576803795,0.014315107599999988,0.049824359900000004,-1,-1,-1,-1
18,507,0.5617486421,0.6634185664,0.01396234900000004,0.046155830800000075,-1,-1,-1,-1
19,507,0.5643591912,0.6701915823,0.014456121000000044,0.04389800860000004,-1,-1,-1,-1
20,507,0.5603376076,0.6786579271,0.01396234900000004,0.040699665100000004,-1,-1,-1,-1
21,507,0.5584326884,0.6897581225,0.013045086499999914,0.04041749360000002,-1,-1,-1,-1
22,507,0.5571626672,0.7022693252,0.01375071640000003,0.039100493300000094,-1,-1,-1,-1
23,507,0.5622425267,0.7059380046,0.013538971100000019,0.03910049329999998,-1,-1,-1,-1
24,507,0.5640064326,0.7093245125,0.011633939199999999,0.036184321200000036,-1,-1,-1,-1
25,507,0.5704874151,0.7132888787,0.01502051230000001,0.03900648620000002,-1,-1,-1,-1
26,507,0.5755975722,0.7174143785,0.01502051230000001,0.042638523799999994,-1,-1,-1,-1
27,507,0.5846428127,0.7235479658,0.011199748800000076,0.04299938489999999,-1,-1,-1,-1
28,507,0.5858868163,0.7323597042,0.012055064600000054,0.03864532470000004,-1,-1,-1,-1
29,507,0.5883748234,0.7406532021,0.010888776099999942,0.03667553080000008,-1,-1,-1,-1
30,507,0.5906296854,0.7421852474,0.012677122699999988,0.04011955420000002,-1,-1,-1,-1
31,507,0.5955280972,0.7401118354,0.012677122699999988,0.04011955420000002,-1,-1,-1,-1
32,507,0.6014071826,0.7435435448,0.012677122699999988,0.04011955420000002,-1,-1,-1,-1
33,507,0.6021783634,0.7364602755,0.012677122699999988,0.04011955419999991,-1,-1,-1,-1
34,507,0.6029862618,0.7363622138,0.012677122699999988,0.04011955420000002,-1,-1,-1,-1
35,507,0.6046754936,0.7372435679,0.012677122700000099,0.04011955420000002,-1,-1,-1,-1
36,507,0.6060709851,0.7350892136,0.012677122699999988,0.04011955420000002,-1,-1,-1,-1
37,507,0.6089354033,0.7382228335,0.012336528100000077,0.04289366440000009,-1,-1,-1,-1
38,507,0.6097433016,0.7379290988,0.013438166799999984,0.04328531069999997,-1,-1,-1,-1
39,507,0.6095964315,0.7394958337,0.013438166799999984,0.04367710689999993,-1,-1,-1,-1
40,507,0.6093025786,0.7406710725,0.013438166799999984,0.04367710690000004,-1,-1,-1,-1
41,507,0.6093025786,0.7411606302,0.013438166799999984,0.041816187000000005,-1,-1,-1,-1
42,507,0.6085681153,0.740768984,0.013438166799999984,0.041816187000000005,-1,-1,-1,-1
43,507,0.6079805221,0.7433151346,0.013732132300000033,0.04024945219999998,-1,-1,-1,-1
44,507,0.6114325334,0.746546666,0.012483398300000004,0.039563921200000074,-1,-1,-1,-1
45,507,0.6122404318,0.7466445775,0.01189591769999998,0.03995571759999994,-1,-1,-1,-1
46,507,0.6115058559,0.746546666,0.012189770600000038,0.03995571750000004,-1,-1,-1,-1
47,507,0.6110651328,0.746546666,0.012924233999999979,0.042697541000000006,-1,-1,-1,-1
48,507,0.6115057433,0.7473301085,0.013291634500000038,0.04152245229999996,-1,-1,-1,-1
49,507,0.6112118904,0.74742802,0.013291634500000038,0.04171827550000007,-1,-1,-1,-1
50,507,0.6109915852,0.7479177279,0.013805792600000033,0.04113065599999999,-1,-1,-1,-1
51,507,0.6109181501,0.7478198163,0.0140995329000001,0.041424390699999925,-1,-1,-1,-1
52,507,0.6108551897,0.7482393943,0.014188848800000042,0.041212799600000016,-1,-1,-1,-1
53,507,0.6106034605,0.7480715031,0.01418884889999994,0.041212799600000016,-1,-1,-1,-1
54,507,0.610666421,0.7480715031,0.014188848799999931,0.041212799600000016,-1,-1,-1,-1
55,507,0.610666421,0.7477358707,0.014188848799999931,0.041212799600000016,-1,-1,-1,-1
56,507,0.610666421,0.7477358707,0.014188848799999931,0.041212799600000016,-1,-1,-1,-1
57,507,0.610666421,0.7477358707,0.013307402799999979,0.04028939769999995,-1,-1,-1,-1
58,507,0.610666421,0.7482395445,0.013307402799999979,0.04028939770000006,-1,-1,-1,-1
59,507,0.6111070314,0.7484074358,0.01393700710000001,0.03936599569999999,-1,-1,-1,-1
60,507,0.6111070314,0.7484074358,0.013559357100000002,0.03995361509999995,-1,-1,-1,-1
61,507,0.6112329523,0.7487432183,0.013496284000000025,0.04054108440000004,-1,-1,-1,-1
62,507,0.6115477544,0.7494985788,0.013496284100000033,0.04054108439999993,-1,-1,-1,-1
63,507,0.6116107149,0.7498343613,0.013496284000000025,0.04054108439999993,-1,-1,-1,-1
64,507,0.6120513253,0.74966647,0.013496284100000033,0.04054108440000004,-1,-1,-1,-1
65,507,0.6118625566,0.7471484015,0.013244442299999992,0.04062503000000006,-1,-1,-1,-1
66,507,0.6130586922,0.746560782,0.0132444424,0.04062503010000007,-1,-1,-1,-1
67,507,0.6130586922,0.7453856934,0.0132444424,0.04062502999999995,-1,-1,-1,-1
68,507,0.6133105339,0.7468124688,0.0132444424,0.04062503000000006,-1,-1,-1,-1
69,507,0.6157026925,0.7482393943,0.0132444424,0.04062503010000007,-1,-1,-1,-1
70,507,0.6147583986,0.7487429179,0.014755380200000001,0.03995391549999994,-1,-1,-1,-1
71,507,0.6152439486,0.7487429179,0.014755380099999993,0.03995391549999994,-1,-1,-1,-1
72,507,0.6157296112,0.7483728964,0.014755380099999993,0.03995391549999994,-1,-1,-1,-1
73,507,0.6157989916,0.7484654018,0.013910764200000036,0.040217015199999984,-1,-1,-1,-1
74,507,0.6152439486,0.7488354233,0.013910764200000036,0.040217015199999984,-1,-1,-1,-1
75,507,0.6152439486,0.7489279287,0.013910764200000036,0.040217015199999984,-1,-1,-1,-1
76,507,0.6151051878,0.7488354233,0.014049525000000007,0.040032004499999996,-1,-1,-1,-1
77,507,0.6151745682,0.7488354233,0.014049524999999896,0.040032004499999996,-1,-1,-1,-1
78,507,0.6151745682,0.7488354233,0.014396426799999973,0.0398469937,-1,-1,-1,-1
79,507,0.615313329,0.7483517223,0.014396426799999973,0.04070071619999993,-1,-1,-1,-1
80,507,0.6168055701,0.7474268186,0.012696044599999956,0.041718125299999964,-1,-1,-1,-1
81,507,0.6167361897,0.7478891954,0.012765424999999997,0.04125574850000002,-1,-1,-1,-1
82,507,0.6167361897,0.7480742061,0.012765424999999997,0.041070737800000034,-1,-1,-1,-1
83,507,0.6221476333,0.7502941851,0.01359787680000002,0.041070737800000034,-1,-1,-1,-1
84,507,0.6271427947,0.7490917653,0.01359787680000002,0.041995641500000014,-1,-1,-1,-1
85,507,0.6263102303,0.750016669,0.01630371119999996,0.041070737800000034,-1,-1,-1,-1
86,507,0.630681081,0.7481665613,0.011239056800000036,0.042180802399999995,-1,-1,-1,-1
87,507,0.6231883389,0.744651507,0.019148081099999992,0.04310585619999996,-1,-1,-1,-1
88,507,0.6248533551,0.7461315931,0.01290418570000007,0.04310585619999996,-1,-1,-1,-1
89,507,0.6238126496,0.74779669,0.015401766399999905,0.04125574849999991,-1,-1,-1,-1
90,507,0.6228413244,0.7503866905,0.01630371120000007,0.04171827550000007,-1,-1,-1,-1
91,507,0.6236738888,0.7549191539,0.016164950499999997,0.03718581210000005,-1,-1,-1,-1
92,507,0.6247838621,0.7538090893,0.016164950499999997,0.03811086590000001,-1,-1,-1,-1
93,507,0.6261713569,0.753254057,0.014430666500000022,0.03866589819999999,-1,-1,-1,-1
94,507,0.627318273,0.7490744957,0.011508806799999993,0.042761814200000026,-1,-1,-1,-1
95,507,0.6272417969,0.7454047651,0.012273455099999997,0.041130656099999996,-1,-1,-1,-1
96,507,0.6218133461,0.7389825489,0.014490698499999954,0.040213261,-1,-1,-1,-1
97,507,0.62227209,0.7299098133,0.013496734599999893,0.044902502899999974,-1,-1,-1,-1
98,507,0.6264771486,0.7206331453,0.013496734600000004,0.042761814200000026,-1,-1,-1,-1
99,507,0.6325937716,0.7090118563,0.018160537199999993,0.04102899020000006,-1,-1,-1,-1
100,507,0.6430682928,0.6970849692,0.017166685900000034,0.04174245300000001,-1,-1,-1,-1
101,507,0.6544603018,0.6868909061,0.014490698499999954,0.04082505790000002,-1,-1,-1,-1
102,507,0.6630234839,0.6762891286,0.020148465000000004,0.04184441910000003,-1,-1,-1,-1
103,507,0.6718924577,0.6644640575,0.01624919810000003,0.042558032099999976,-1,-1,-1,-1
104,507,0.6752565046,0.652333238,0.015637614600000016,0.04255788199999999,-1,-1,-1,-1
105,507,0.6775502242,0.6401004524,0.015637614600000016,0.04153852069999997,-1,-1,-1,-1
106,507,0.6793851998,0.6268481554,0.015484662400000015,0.04092687389999994,-1,-1,-1,-1
107,507,0.6832844667,0.6116589519,0.013343895100000003,0.04000947880000005,-1,-1,-1,-1
108,507,0.6858838654,0.5953484209,0.017854970699999972,0.045616266100000025,-1,-1,-1,-1
109,507,0.6936060357,0.5826058045,0.01655521510000002,0.04714545810000004,-1,-1,-1,-1
110,507,0.6952880592,0.5692516915,0.016708167200000013,0.038684369299999966,-1,-1,-1,-1
111,507,0.6981933622,0.5554897139,0.015714203300000062,0.04051930959999994,-1,-1,-1,-1
112,507,0.7032394326,0.5413200218,0.015943631600000008,0.040723241899999985,-1,-1,-1,-1
113,507,0.7101970673,0.5275580441,0.014490923800000055,0.03909223390000005,-1,-1,-1,-1
114,507,0.7178427616,0.5149173939,0.015026143699999994,0.039601914499999946,-1,-1,-1,-1
115,507,0.725106188,0.5020728113,0.019460518099999935,0.04306801309999997,-1,-1,-1,-1
116,507,0.7331341501,0.4890244466,0.0148730789999999,0.043781626100000026,-1,-1,-1,-1
117,507,0.7384096487,0.4764857626,0.015178983400000012,0.04031567759999999,-1,-1,-1,-1
118,507,0.7438749297,0.4666582671,0.011856046599999948,0.03827229980000002,-1,-1,-1,-1
119,507,0.748309304,0.4532871848,0.01540345590000003,0.040637343999999964,-1,-1,-1,-1
120,507,0.7519932214,0.4395523881,0.017586572299999936,0.039545750499999976,-1,-1,-1,-1
121,507,0.7558817885,0.4236344043,0.015335314400000022,0.03827245000000001,-1,-1,-1,-1
122,507,0.7590979516,0.407027736,0.013634594299999914,0.04222089800000001,-1,-1,-1,-1
123,507,0.7595491492,0.3918913927,0.015839898999999935,0.04307026559999999,-1,-1,-1,-1
124,507,0.7594739121,0.3784591907,0.016140622300000018,0.03996262540000001,-1,-1,-1,-1
125,507,0.760601681,0.3643252393,0.016366221099999967,0.03946135439999998,-1,-1,-1,-1
126,507,0.7616542127,0.3502916022,0.016065497799999995,0.03785752730000003,-1,-1,-1,-1
127,507,0.7639096379,0.3369595643,0.015163327699999951,0.03745642039999997,-1,-1,-1,-1
128,507,0.7668095347,0.3249307111,0.014524262399999932,0.038528641799999985,-1,-1,-1,-1
129,507,0.7696450068,0.3144483195,0.01246211109999995,0.03895828130000001,-1,-1,-1,-1
130,507,0.7724160543,0.3028489555,0.013428705799999996,0.03844274399999997,-1,-1,-1,-1
131,507,0.7756380741,0.2910777958,0.015104309400000071,0.03663843850000004,-1,-1,-1,-1
132,507,0.7791180178,0.2793066361,0.016135216000000008,0.03844274399999997,-1,-1,-1,-1
133,507,0.7829200846,0.2666763477,0.01503977210000007,0.03663843850000004,-1,-1,-1,-1
134,507,0.7874310476,0.2536164198,0.014975234799999959,0.03835684610000001,-1,-1,-1,-1
135,507,0.7909108787,0.2420171309,0.015555281699999979,0.040161076500000004,-1,-1,-1,-1
136,507,0.7937462381,0.2299023047,0.018712989700000016,0.04067653869999999,-1,-1,-1,-1
137,507,0.7970326827,0.2182171179,0.01813316789999997,0.037755260799999996,-1,-1,-1,-1
138,507,0.7947127202,0.2092814134,0.01903533810000002,0.0394735933,-1,-1,-1,-1
139,507,0.7927795308,0.2006034024,0.016586526300000015,0.03895805600000002,-1,-1,-1,-1
140,507,0.7896863602,0.1926127995,0.016070903999999997,0.03921582470000001,-1,-1,-1,-1
141,507,0.7896219356,0.1820445101,0.012848884099999958,0.03766921279999999,-1,-1,-1,-1
142,507,0.785884406,0.1739679343,0.015104196700000072,0.0371537505,-1,-1,-1,-1
143,507,0.7820823392,0.1661850931,0.012204299899999937,0.0377192197,-1,-1,-1,-1
144,507,0.7791824424,0.1571634156,0.012204299999999946,0.0377192197,-1,-1,-1,-1
145,507,0.7791180178,0.1483136089,0.012204299999999946,0.038406552699999985,-1,-1,-1,-1
146,507,0.7787313574,0.1407525703,0.012204300000000057,0.036172607900000014,-1,-1,-1,-1
147,507,0.7795046782,0.1315467831,0.012844153700000027,0.03640409649999998,-1,-1,-1,-1
148,507,0.7803568404,0.1219696979,0.013482655800000076,0.0402286535,-1,-1,-1,-1
1,507,0.5219319685,0.6341222921,0.014726997200000036,0.03784296069999993,-1,-1,-1,-1
2,507,0.5158335916,0.6440894467,0.012716656000000048,0.042594974200000024,-1,-1,-1,-1
3,507,0.5175057036,0.6557614935,0.011733054099999918,0.04666055569999994,-1,-1,-1,-1
4,507,0.5218336421,0.6665155445,0.014093676099999897,0.04416861690000007,-1,-1,-1,-1
5,507,0.5283376013,0.672441145,0.014093676100000008,0.04416861680000006,-1,-1,-1,-1
6,507,0.5356003519,0.667093553,0.012679262699999971,0.04229403130000009,-1,-1,-1,-1
7,507,0.5354918888,0.6633358222,0.018641244,0.04171602289999998,-1,-1,-1,-1
8,507,0.5376598001,0.6598671707,0.016473332699999954,0.04504020980000001,-1,-1,-1,-1
9,507,0.5419957354,0.6588554681,0.013113002600000034,0.044172971900000024,-1,-1,-1,-1
10,507,0.5444889235,0.6545197289,0.01192058380000005,0.04489544489999997,-1,-1,-1,-1
11,507,0.5408033166,0.6546641934,0.01192058379999994,0.04489544489999997,-1,-1,-1,-1
12,507,0.5412368312,0.6550978875,0.012896301599999993,0.04503990950000003,-1,-1,-1,-1
13,507,0.5416704586,0.6527854031,0.012896301499999985,0.04503990950000003,-1,-1,-1,-1
14,507,0.5451518664,0.6515567034,0.012896301599999993,0.046433797399999976,-1,-1,-1,-1
15,507,0.5500667223,0.6529219086,0.012896301599999993,0.046433797399999976,-1,-1,-1,-1
16,507,0.5546932442,0.6560813579,0.012896301499999985,0.046433797399999976,-1,-1,-1,-1
17,507,0.5602669883,0.6576803795,0.014315107599999988,0.049824359900000004,-1,-1,-1,-1
18,507,0.5617486421,0.6634185664,0.01396234900000004,0.046155830800000075,-1,-1,-1,-1
19,507,0.5643591912,0.6701915823,0.014456121000000044,0.04389800860000004,-1,-1,-1,-1
20,507,0.5603376076,0.6786579271,0.01396234900000004,0.040699665100000004,-1,-1,-1,-1
21,507,0.5584326884,0.6897581225,0.013045086499999914,0.04041749360000002,-1,-1,-1,-1
22,507,0.5571626672,0.7022693252,0.01375071640000003,0.039100493300000094,-1,-1,-1,-1
23,507,0.5622425267,0.7059380046,0.013538971100000019,0.03910049329999998,-1,-1,-1,-1
24,507,0.5640064326,0.7093245125,0.011633939199999999,0.036184321200000036,-1,-1,-1,-1
25,507,0.5704874151,0.7132888787,0.01502051230000001,0.03900648620000002,-1,-1,-1,-1
26,507,0.5755975722,0.7174143785,0.01502051230000001,0.042638523799999994,-1,-1,-1,-1
27,507,0.5846428127,0.7235479658,0.011199748800000076,0.04299938489999999,-1,-1,-1,-1
28,507,0.5858868163,0.7323597042,0.012055064600000054,0.03864532470000004,-1,-1,-1,-1
29,507,0.5883748234,0.7406532021,0.010888776099999942,0.03667553080000008,-1,-1,-1,-1
30,507,0.5906296854,0.7421852474,0.012677122699999988,0.04011955420000002,-1,-1,-1,-1
31,507,0.5955280972,0.7401118354,0.012677122699999988,0.04011955420000002,-1,-1,-1,-1
32,507,0.6014071826,0.7435435448,0.012677122699999988,0.04011955420000002,-1,-1,-1,-1
33,507,0.6021783634,0.7364602755,0.012677122699999988,0.04011955419999991,-1,-1,-1,-1
34,507,0.6029862618,0.7363622138,0.012677122699999988,0.04011955420000002,-1,-1,-1,-1
35,507,0.6046754936,0.7372435679,0.012677122700000099,0.04011955420000002,-1,-1,-1,-1
36,507,0.6060709851,0.7350892136,0.012677122699999988,0.04011955420000002,-1,-1,-1,-1
37,507,0.6089354033,0.7382228335,0.012336528100000077,0.04289366440000009,-1,-1,-1,-1
38,507,0.6097433016,0.7379290988,0.013438166799999984,0.04328531069999997,-1,-1,-1,-1
39,507,0.6095964315,0.7394958337,0.013438166799999984,0.04367710689999993,-1,-1,-1,-1
40,507,0.6093025786,0.7406710725,0.013438166799999984,0.04367710690000004,-1,-1,-1,-1
41,507,0.6093025786,0.7411606302,0.013438166799999984,0.041816187000000005,-1,-1,-1,-1
42,507,0.6085681153,0.740768984,0.013438166799999984,0.041816187000000005,-1,-1,-1,-1
43,507,0.6079805221,0.7433151346,0.013732132300000033,0.04024945219999998,-1,-1,-1,-1
44,507,0.6114325334,0.746546666,0.012483398300000004,0.039563921200000074,-1,-1,-1,-1
45,507,0.6122404318,0.7466445775,0.01189591769999998,0.03995571759999994,-1,-1,-1,-1
46,507,0.6115058559,0.746546666,0.012189770600000038,0.03995571750000004,-1,-1,-1,-1
47,507,0.6110651328,0.746546666,0.012924233999999979,0.042697541000000006,-1,-1,-1,-1
48,507,0.6115057433,0.7473301085,0.013291634500000038,0.04152245229999996,-1,-1,-1,-1
49,507,0.6112118904,0.74742802,0.013291634500000038,0.04171827550000007,-1,-1,-1,-1
50,507,0.6109915852,0.7479177279,0.013805792600000033,0.04113065599999999,-1,-1,-1,-1
51,507,0.6109181501,0.7478198163,0.0140995329000001,0.041424390699999925,-1,-1,-1,-1
52,507,0.6108551897,0.7482393943,0.014188848800000042,0.041212799600000016,-1,-1,-1,-1
53,507,0.6106034605,0.7480715031,0.01418884889999994,0.041212799600000016,-1,-1,-1,-1
54,507,0.610666421,0.7480715031,0.014188848799999931,0.041212799600000016,-1,-1,-1,-1
55,507,0.610666421,0.7477358707,0.014188848799999931,0.041212799600000016,-1,-1,-1,-1
56,507,0.610666421,0.7477358707,0.014188848799999931,0.041212799600000016,-1,-1,-1,-1
57,507,0.610666421,0.7477358707,0.013307402799999979,0.04028939769999995,-1,-1,-1,-1
58,507,0.610666421,0.7482395445,0.013307402799999979,0.04028939770000006,-1,-1,-1,-1
59,507,0.6111070314,0.7484074358,0.01393700710000001,0.03936599569999999,-1,-1,-1,-1
60,507,0.6111070314,0.7484074358,0.013559357100000002,0.03995361509999995,-1,-1,-1,-1
61,507,0.6112329523,0.7487432183,0.013496284000000025,0.04054108440000004,-1,-1,-1,-1
62,507,0.6115477544,0.7494985788,0.013496284100000033,0.04054108439999993,-1,-1,-1,-1
63,507,0.6116107149,0.7498343613,0.013496284000000025,0.04054108439999993,-1,-1,-1,-1
64,507,0.6120513253,0.74966647,0.013496284100000033,0.04054108440000004,-1,-1,-1,-1
65,507,0.6118625566,0.7471484015,0.013244442299999992,0.04062503000000006,-1,-1,-1,-1
66,507,0.6130586922,0.746560782,0.0132444424,0.04062503010000007,-1,-1,-1,-1
67,507,0.6130586922,0.7453856934,0.0132444424,0.04062502999999995,-1,-1,-1,-1
68,507,0.6133105339,0.7468124688,0.0132444424,0.04062503000000006,-1,-1,-1,-1
69,507,0.6157026925,0.7482393943,0.0132444424,0.04062503010000007,-1,-1,-1,-1
70,507,0.6147583986,0.7487429179,0.014755380200000001,0.03995391549999994,-1,-1,-1,-1
71,507,0.6152439486,0.7487429179,0.014755380099999993,0.03995391549999994,-1,-1,-1,-1
72,507,0.6157296112,0.7483728964,0.014755380099999993,0.03995391549999994,-1,-1,-1,-1
73,507,0.6157989916,0.7484654018,0.013910764200000036,0.040217015199999984,-1,-1,-1,-1
74,507,0.6152439486,0.7488354233,0.013910764200000036,0.040217015199999984,-1,-1,-1,-1
75,507,0.6152439486,0.7489279287,0.013910764200000036,0.040217015199999984,-1,-1,-1,-1
76,507,0.6151051878,0.7488354233,0.014049525000000007,0.040032004499999996,-1,-1,-1,-1
77,507,0.6151745682,0.7488354233,0.014049524999999896,0.040032004499999996,-1,-1,-1,-1
78,507,0.6151745682,0.7488354233,0.014396426799999973,0.0398469937,-1,-1,-1,-1
79,507,0.615313329,0.7483517223,0.014396426799999973,0.04070071619999993,-1,-1,-1,-1
80,507,0.6168055701,0.7474268186,0.012696044599999956,0.041718125299999964,-1,-1,-1,-1
81,507,0.6167361897,0.7478891954,0.012765424999999997,0.04125574850000002,-1,-1,-1,-1
82,507,0.6167361897,0.7480742061,0.012765424999999997,0.041070737800000034,-1,-1,-1,-1
83,507,0.6221476333,0.7502941851,0.01359787680000002,0.041070737800000034,-1,-1,-1,-1
84,507,0.6271427947,0.7490917653,0.01359787680000002,0.041995641500000014,-1,-1,-1,-1
85,507,0.6263102303,0.750016669,0.01630371119999996,0.041070737800000034,-1,-1,-1,-1
86,507,0.630681081,0.7481665613,0.011239056800000036,0.042180802399999995,-1,-1,-1,-1
87,507,0.6231883389,0.744651507,0.019148081099999992,0.04310585619999996,-1,-1,-1,-1
88,507,0.6248533551,0.7461315931,0.01290418570000007,0.04310585619999996,-1,-1,-1,-1
89,507,0.6238126496,0.74779669,0.015401766399999905,0.04125574849999991,-1,-1,-1,-1
90,507,0.6228413244,0.7503866905,0.01630371120000007,0.04171827550000007,-1,-1,-1,-1
91,507,0.6236738888,0.7549191539,0.016164950499999997,0.03718581210000005,-1,-1,-1,-1
92,507,0.6247838621,0.7538090893,0.016164950499999997,0.03811086590000001,-1,-1,-1,-1
93,507,0.6261713569,0.753254057,0.014430666500000022,0.03866589819999999,-1,-1,-1,-1
94,507,0.627318273,0.7490744957,0.011508806799999993,0.042761814200000026,-1,-1,-1,-1
95,507,0.6272417969,0.7454047651,0.012273455099999997,0.041130656099999996,-1,-1,-1,-1
96,507,0.6218133461,0.7389825489,0.014490698499999954,0.040213261,-1,-1,-1,-1
97,507,0.62227209,0.7299098133,0.013496734599999893,0.044902502899999974,-1,-1,-1,-1
98,507,0.6264771486,0.7206331453,0.013496734600000004,0.042761814200000026,-1,-1,-1,-1
99,507,0.6325937716,0.7090118563,0.018160537199999993,0.04102899020000006,-1,-1,-1,-1
100,507,0.6430682928,0.6970849692,0.017166685900000034,0.04174245300000001,-1,-1,-1,-1
101,507,0.6544603018,0.6868909061,0.014490698499999954,0.04082505790000002,-1,-1,-1,-1
102,507,0.6630234839,0.6762891286,0.020148465000000004,0.04184441910000003,-1,-1,-1,-1
103,507,0.6718924577,0.6644640575,0.01624919810000003,0.042558032099999976,-1,-1,-1,-1
104,507,0.6752565046,0.652333238,0.015637614600000016,0.04255788199999999,-1,-1,-1,-1
105,507,0.6775502242,0.6401004524,0.015637614600000016,0.04153852069999997,-1,-1,-1,-1
106,507,0.6793851998,0.6268481554,0.015484662400000015,0.04092687389999994,-1,-1,-1,-1
107,507,0.6832844667,0.6116589519,0.013343895100000003,0.04000947880000005,-1,-1,-1,-1
108,507,0.6858838654,0.5953484209,0.017854970699999972,0.045616266100000025,-1,-1,-1,-1
109,507,0.6936060357,0.5826058045,0.01655521510000002,0.04714545810000004,-1,-1,-1,-1
110,507,0.6952880592,0.5692516915,0.016708167200000013,0.038684369299999966,-1,-1,-1,-1
111,507,0.6981933622,0.5554897139,0.015714203300000062,0.04051930959999994,-1,-1,-1,-1
112,507,0.7032394326,0.5413200218,0.015943631600000008,0.040723241899999985,-1,-1,-1,-1
113,507,0.7101970673,0.5275580441,0.014490923800000055,0.03909223390000005,-1,-1,-1,-1
114,507,0.7178427616,0.5149173939,0.015026143699999994,0.039601914499999946,-1,-1,-1,-1
115,507,0.725106188,0.5020728113,0.019460518099999935,0.04306801309999997,-1,-1,-1,-1
116,507,0.7331341501,0.4890244466,0.0148730789999999,0.043781626100000026,-1,-1,-1,-1
117,507,0.7384096487,0.4764857626,0.015178983400000012,0.04031567759999999,-1,-1,-1,-1
118,507,0.7438749297,0.4666582671,0.011856046599999948,0.03827229980000002,-1,-1,-1,-1
119,507,0.748309304,0.4532871848,0.01540345590000003,0.040637343999999964,-1,-1,-1,-1
120,507,0.7519932214,0.4395523881,0.017586572299999936,0.039545750499999976,-1,-1,-1,-1
121,507,0.7558817885,0.4236344043,0.015335314400000022,0.03827245000000001,-1,-1,-1,-1
122,507,0.7590979516,0.407027736,0.013634594299999914,0.04222089800000001,-1,-1,-1,-1
123,507,0.7595491492,0.3918913927,0.015839898999999935,0.04307026559999999,-1,-1,-1,-1
124,507,0.7594739121,0.3784591907,0.016140622300000018,0.03996262540000001,-1,-1,-1,-1
125,507,0.760601681,0.3643252393,0.016366221099999967,0.03946135439999998,-1,-1,-1,-1
126,507,0.7616542127,0.3502916022,0.016065497799999995,0.03785752730000003,-1,-1,-1,-1
127,507,0.7639096379,0.3369595643,0.015163327699999951,0.03745642039999997,-1,-1,-1,-1
128,507,0.7668095347,0.3249307111,0.014524262399999932,0.038528641799999985,-1,-1,-1,-1
129,507,0.7696450068,0.3144483195,0.01246211109999995,0.03895828130000001,-1,-1,-1,-1
130,507,0.7724160543,0.3028489555,0.013428705799999996,0.03844274399999997,-1,-1,-1,-1
131,507,0.7756380741,0.2910777958,0.015104309400000071,0.03663843850000004,-1,-1,-1,-1
132,507,0.7791180178,0.2793066361,0.016135216000000008,0.03844274399999997,-1,-1,-1,-1
133,507,0.7829200846,0.2666763477,0.01503977210000007,0.03663843850000004,-1,-1,-1,-1
134,507,0.7874310476,0.2536164198,0.014975234799999959,0.03835684610000001,-1,-1,-1,-1
135,507,0.7909108787,0.2420171309,0.015555281699999979,0.040161076500000004,-1,-1,-1,-1
136,507,0.7937462381,0.2299023047,0.018712989700000016,0.04067653869999999,-1,-1,-1,-1
137,507,0.7970326827,0.2182171179,0.01813316789999997,0.037755260799999996,-1,-1,-1,-1
138,507,0.7947127202,0.2092814134,0.01903533810000002,0.0394735933,-1,-1,-1,-1
139,507,0.7927795308,0.2006034024,0.016586526300000015,0.03895805600000002,-1,-1,-1,-1
140,507,0.7896863602,0.1926127995,0.016070903999999997,0.03921582470000001,-1,-1,-1,-1
141,507,0.7896219356,0.1820445101,0.012848884099999958,0.03766921279999999,-1,-1,-1,-1
142,507,0.785884406,0.1739679343,0.015104196700000072,0.0371537505,-1,-1,-1,-1
143,507,0.7820823392,0.1661850931,0.012204299899999937,0.0377192197,-1,-1,-1,-1
144,507,0.7791824424,0.1571634156,0.012204299999999946,0.0377192197,-1,-1,-1,-1
145,507,0.7791180178,0.1483136089,0.012204299999999946,0.038406552699999985,-1,-1,-1,-1
146,507,0.7787313574,0.1407525703,0.012204300000000057,0.036172607900000014,-1,-1,-1,-1
147,507,0.7795046782,0.1315467831,0.012844153700000027,0.03640409649999998,-1,-1,-1,-1
148,507,0.7803568404,0.1219696979,0.013482655800000076,0.0402286535,-1,-1,-1,-1
