34,236,0.1391615923,0.1459746944,0.011857961299999997,0.03588840900000001,-1,-1,-1,-1
35,236,0.1341833255,0.152928366,0.014501736299999984,0.03856137909999999,-1,-1,-1,-1
36,236,0.1308644434,0.1624106933,0.013909074699999996,0.03761312380000001,-1,-1,-1,-1
37,236,0.1279011357,0.1736314009,0.012486777199999993,0.0402998346,-1,-1,-1,-1
38,236,0.125898228,0.1821074318,0.012855642,0.041091086,-1,-1,-1,-1
39,236,0.1259852914,0.1841973626,0.014336056799999997,0.03876891560000001,-1,-1,-1,-1
40,236,0.1265077841,0.1838490408,0.01424899360000001,0.03923339470000001,-1,-1,-1,-1
41,236,0.1264207208,0.1844296022,0.014248993500000001,0.03923339470000001,-1,-1,-1,-1
42,236,0.1264207208,0.1847661356,0.014248993500000001,0.0388968613,-1,-1,-1,-1
43,236,0.1264207208,0.1847661356,0.014248993500000001,0.0388968613,-1,-1,-1,-1
44,236,0.1264207208,0.1847661356,0.014248993500000001,0.0388968613,-1,-1,-1,-1
45,236,0.1261266426,0.1854627792,0.014543071699999993,0.03820021769999998,-1,-1,-1,-1
46,236,0.1256913258,0.1855789365,0.014978388499999995,0.03808406039999998,-1,-1,-1,-1
47,236,0.1263880579,0.1854627792,0.014281656400000009,0.03808406039999998,-1,-1,-1,-1
48,236,0.1264750087,0.1845339711,0.014194705599999996,0.03901286849999999,-1,-1,-1,-1
49,236,0.126649248,0.1843017315,0.013759276200000004,0.038896786299999986,-1,-1,-1,-1
50,236,0.126649248,0.1843017315,0.013759276200000004,0.038896786299999986,-1,-1,-1,-1
51,236,0.126649248,0.1843017315,0.013759276200000004,0.038896786299999986,-1,-1,-1,-1
52,236,0.1268823931,0.1843017315,0.013759276200000004,0.038896786299999986,-1,-1,-1,-1
53,236,0.1268823931,0.1843017315,0.013759276200000004,0.038896786299999986,-1,-1,-1,-1
54,236,0.1268823931,0.1843017315,0.0134396309,0.038896786299999986,-1,-1,-1,-1
55,236,0.1268823931,0.1847115484,0.0134396309,0.03848696939999999,-1,-1,-1,-1
56,236,0.1268823931,0.1847115484,0.0134396309,0.03848696939999999,-1,-1,-1,-1
57,236,0.1279671371,0.1847115484,0.0123548869,0.03848696939999999,-1,-1,-1,-1
58,236,0.1281225672,0.1841935333,0.01219945679999998,0.039004984500000006,-1,-1,-1,-1
59,236,0.1284333147,0.1844006943,0.011888709299999994,0.038797823499999995,-1,-1,-1,-1
60,236,0.1263353469,0.1845669337,0.013753532099999993,0.040653262100000004,-1,-1,-1,-1
61,236,0.1263353469,0.1868292609,0.013369124300000007,0.03839093490000001,-1,-1,-1,-1
62,236,0.126518484,0.1851258704,0.013570395000000013,0.040196141399999996,-1,-1,-1,-1
63,236,0.126518484,0.1851258704,0.013570395000000013,0.040196141399999996,-1,-1,-1,-1
64,236,0.126518484,0.1851258704,0.013570395000000013,0.040196141399999996,-1,-1,-1,-1
65,236,0.126518484,0.1854253115,0.013570395000000013,0.039896700300000004,-1,-1,-1,-1
66,236,0.126518484,0.1854253115,0.013570395000000013,0.039896700300000004,-1,-1,-1,-1
67,236,0.126518484,0.1854253115,0.013570395000000013,0.039896700300000004,-1,-1,-1,-1
68,236,0.1253204337,0.1865252396,0.014768445299999988,0.038796772199999996,-1,-1,-1,-1
69,236,0.1253824931,0.186933855,0.014706385900000007,0.03838815679999999,-1,-1,-1,-1
70,236,0.1260921777,0.1861768427,0.013996701299999997,0.03914516909999999,-1,-1,-1,-1
71,236,0.1263760065,0.1857037287,0.0137128725,0.03961828310000001,-1,-1,-1,-1
72,236,0.1266599479,0.1853252225,0.013428931100000013,0.0399967893,-1,-1,-1,-1
73,236,0.1275826167,0.184568135,0.012506262299999987,0.040753876800000005,-1,-1,-1,-1
74,236,0.1270058361,0.1847427089,0.013083042900000008,0.0405793029,-1,-1,-1,-1
75,236,0.1270058361,0.1847427089,0.013083042900000008,0.04142018589999999,-1,-1,-1,-1
76,236,0.1249371522,0.1854262876,0.015186079100000013,0.040489500700000014,-1,-1,-1,-1
77,236,0.1249371522,0.1862196414,0.015186079100000013,0.03969614690000001,-1,-1,-1,-1
78,236,0.1249371522,0.1862196414,0.015186079100000013,0.03969614690000001,-1,-1,-1,-1
79,236,0.1249371522,0.1862196414,0.015186079100000013,0.03969614690000001,-1,-1,-1,-1
80,236,0.1249371522,0.1875701299,0.015509103199999999,0.03834565840000001,-1,-1,-1,-1
81,236,0.125268511,0.1860668423,0.015177744399999998,0.039848945999999996,-1,-1,-1,-1
82,236,0.1247477077,0.1866620454,0.015698547699999996,0.0392537429,-1,-1,-1,-1
83,236,0.1253922919,0.1864152392,0.01505396349999999,0.039500549100000004,-1,-1,-1,-1
84,236,0.1253922919,0.1864152392,0.01505396349999999,0.039500549100000004,-1,-1,-1,-1
85,236,0.125555944,0.186343908,0.014890311399999995,0.0395718803,-1,-1,-1,-1
86,236,0.125555944,0.1870715619,0.014890311399999995,0.038844226400000015,-1,-1,-1,-1
87,236,0.125555944,0.1867076974,0.014890311399999995,0.03920809089999999,-1,-1,-1,-1
88,236,0.125555944,0.1875566145,0.014890311399999995,0.03835917380000001,-1,-1,-1,-1
89,236,0.1243735493,0.1864651711,0.015189345399999998,0.03856378190000001,-1,-1,-1,-1
90,236,0.1219177545,0.1870715619,0.017645140199999992,0.037957391100000015,-1,-1,-1,-1
91,236,0.1213653021,0.1886633753,0.01590398559999999,0.03700463070000001,-1,-1,-1,-1
92,236,0.1212873618,0.1878318781,0.0159819259,0.037836127900000016,-1,-1,-1,-1
93,236,0.120975488,0.1880397148,0.016293799699999986,0.0376282912,-1,-1,-1,-1
94,236,0.1211314812,0.1886633753,0.01613780649999999,0.03669280050000001,-1,-1,-1,-1
95,236,0.1219890496,0.1881437083,0.015280238099999996,0.03721246750000001,-1,-1,-1,-1
96,236,0.1232364321,0.1874160544,0.014032855599999991,0.0379401214,-1,-1,-1,-1
97,236,0.1232364321,0.1874160544,0.014032855599999991,0.0379401214,-1,-1,-1,-1
98,236,0.122846618,0.1885594569,0.014422669699999988,0.0367967189,-1,-1,-1,-1
99,236,0.1235481932,0.1892871109,0.013721094499999989,0.0360690649,-1,-1,-1,-1
100,236,0.1230546465,0.1884674021,0.014445871599999993,0.0375477243,-1,-1,-1,-1
101,236,0.1241908627,0.1874935426,0.01306614830000001,0.038196989099999995,-1,-1,-1,-1
102,236,0.1249212713,0.1874935426,0.012335739700000015,0.038196989099999995,-1,-1,-1,-1
103,236,0.1245965577,0.1884674021,0.012660453300000013,0.037223129600000016,-1,-1,-1,-1
104,236,0.1234604541,0.1884674021,0.013693274799999988,0.037223129600000016,-1,-1,-1,-1
105,236,0.1234604541,0.1885756003,0.013514305000000004,0.037114931399999995,-1,-1,-1,-1
106,236,0.1234604541,0.1895950367,0.013514305000000004,0.036095495000000005,-1,-1,-1,-1
107,236,0.1234604541,0.1892373292,0.013514305000000004,0.036453202500000004,-1,-1,-1,-1
108,236,0.1234604541,0.1894758008,0.013514305000000004,0.03621473089999999,-1,-1,-1,-1
109,236,0.1234604541,0.1894758008,0.013514305000000004,0.03621473089999999,-1,-1,-1,-1
110,236,0.123201404,0.1886410749,0.01377335510000001,0.03704945679999999,-1,-1,-1,-1
111,236,0.1231119754,0.1879482607,0.013862783700000006,0.037742270999999994,-1,-1,-1,-1
112,236,0.1229270362,0.1885114773,0.014047722900000004,0.037179054399999995,-1,-1,-1,-1
113,236,0.1205614584,0.1890746939,0.016474346399999992,0.036496226500000006,-1,-1,-1,-1
114,236,0.1205614584,0.1909896754,0.013855350000000002,0.03919960619999999,-1,-1,-1,-1
115,236,0.1188717761,0.1933551702,0.013939822899999996,0.03717199629999998,-1,-1,-1,-1
116,236,0.1174356249,0.1930172853,0.013939822899999996,0.03717199629999998,-1,-1,-1,-1
117,236,0.1177735163,0.1923413653,0.013601931499999984,0.03784791629999998,-1,-1,-1,-1
118,236,0.1178581018,0.191890777,0.013517345999999986,0.03829850459999998,-1,-1,-1,-1
119,236,0.1171822064,0.191890777,0.014108768600000002,0.03829850459999998,-1,-1,-1,-1
120,236,0.1171822064,0.190876972,0.014193241399999987,0.03919960619999999,-1,-1,-1,-1
121,236,0.1170977335,0.1932719003,0.013586839000000017,0.0368046779,-1,-1,-1,-1
122,236,0.1170977335,0.1922058359,0.014697825999999997,0.03787074229999998,-1,-1,-1,-1
123,236,0.1170977335,0.1922058359,0.014697825999999997,0.03787074229999998,-1,-1,-1,-1
124,236,0.1170977335,0.1922058359,0.014697825999999997,0.03787074229999998,-1,-1,-1,-1
125,236,0.1170977335,0.1922058359,0.014697825999999997,0.03787074229999998,-1,-1,-1,-1
126,236,0.1170977335,0.1922058359,0.014697825999999997,0.03787074229999998,-1,-1,-1,-1
127,236,0.1170977335,0.1922058359,0.014697825999999997,0.03787074229999998,-1,-1,-1,-1
128,236,0.1170977335,0.1922058359,0.014697825999999997,0.03787074229999998,-1,-1,-1,-1
129,236,0.1170977335,0.1922058359,0.014697825999999997,0.03787074229999998,-1,-1,-1,-1
130,236,0.1170977335,0.1928442131,0.014697825999999997,0.0372323651,-1,-1,-1,-1
131,236,0.1170977335,0.1925782226,0.014697825999999997,0.037498355600000005,-1,-1,-1,-1
132,236,0.1170977335,0.1923122321,0.014697825999999997,0.037764346099999985,-1,-1,-1,-1
133,236,0.1170977335,0.1923122321,0.014697825999999997,0.037764346099999985,-1,-1,-1,-1
134,236,0.1170977335,0.1930473946,0.014697825999999997,0.03702918359999999,-1,-1,-1,-1
135,236,0.1170977335,0.1930473946,0.014697825999999997,0.03702918359999999,-1,-1,-1,-1
136,236,0.1170977335,0.1930473946,0.014697825999999997,0.03702918359999999,-1,-1,-1,-1
137,236,0.1170977335,0.1930473946,0.014697825999999997,0.03702918359999999,-1,-1,-1,-1
138,236,0.1170977335,0.1924443076,0.014697825999999997,0.03763227059999999,-1,-1,-1,-1
139,236,0.1170977335,0.1924443076,0.014697825999999997,0.03763227059999999,-1,-1,-1,-1
140,236,0.1170977335,0.1924443076,0.014697825999999997,0.03763227059999999,-1,-1,-1,-1
141,236,0.1170977335,0.1924443076,0.014697825999999997,0.03763227059999999,-1,-1,-1,-1
142,236,0.1170977335,0.1924443076,0.014697825999999997,0.03763227059999999,-1,-1,-1,-1
143,236,0.1170977335,0.1924443076,0.014697825999999997,0.03763227059999999,-1,-1,-1,-1
144,236,0.116237462,0.1919985247,0.015558097499999993,0.038078053499999986,-1,-1,-1,-1
145,236,0.1157797317,0.1921206138,0.016015827799999993,0.037955964399999986,-1,-1,-1,-1
146,236,0.1153220015,0.192486806,0.016473558,0.03758977219999998,-1,-1,-1,-1
147,236,0.1153220015,0.192486806,0.016473558,0.03758977219999998,-1,-1,-1,-1
148,236,0.1153220015,0.1919985247,0.016473558,0.038078053499999986,-1,-1,-1,-1
