0,489,0.35110127825,0.8576134181999999,0.2488545481,0.629367125
0,489,1.12130335535,0.3196092489,0.7551359495,0.2470003328
0,489,1.14816639845,0.1595742245,0.7735863975,0.1420036456
0,489,1.08427552475,0.11636073314999999,0.7322996709,0.1064565753
0,489,1.1641616711,0.11491199525000001,0.7830161584,0.1081194947
0,489,1.33661181865,0.3011273568,0.8967345273,0.2308483074
0,489,1.3503315824,0.2677299816,0.9079326992,0.2138864094
0,489,1.2796559456,0.34061508855,0.8631084752,0.2584811587
0,489,1.2749770334,0.32401788445,0.860796822,0.2339061425
0,489,1.3639575959999999,0.05371243915,0.9170681568,0.0684147881
0,489,1.3554811393,0.24868397579999998,0.9143553392,0.2030542694
0,489,1.3389157875,0.2572173345,0.8996543596,0.2019813722
0,489,1.2974469423000001,0.22253104655,0.8756373978,0.1692774991
0,489,1.2917203523,0.2670079863,0.8716726734,0.1956963328
0,489,1.29904777,0.25739095359999997,0.8758211016,0.1883368052
0,489,1.28535729865,0.34259850635,0.8652467513,0.2537720481
0,489,1.3102147841,0.13132115105,0.885691898,0.1100814047
0,489,1.31827951995,0.09924513504999999,0.8929866357,0.0878508297
0,489,1.33982579305,0.03609476965,0.9010343081,0.0590239901
0,489,1.1810343351500001,1.19026720245,0.8023267653,0.8355987141
0,489,1.199632498,1.1451540094500001,0.8103303992,0.7977830845
0,489,1.3426783211,0.0203053443,0.9012169948,0.0414002882
0,489,1.1699719391999999,0.0842939151,0.7897361428,0.0907582168
0,489,0.9035832482999999,1.30109871165,0.6148927668,0.9027702359
0,489,1.00526829025,1.1289558815,0.6806054383,0.7971364478
0,489,1.3179345328499998,-0.02817528475,0.8882442171,0.0188253709
0,489,1.38894950915,-0.03149515425,0.9359758845,0.0173337967
0,489,1.3624081386,-0.03277738995,0.9185749272,0.0091858145
0,489,1.3900282838,-0.035557394500000006,0.935956512,0.0083054366
0,489,1.32802035015,0.02704493455,0.8958039743,0.0418944011
0,489,1.3196140785,0.0484847213,0.8880130994,0.0571653978
0,489,1.2137496576,0.0202701668,0.8202059516,0.0519659496
0,489,1.24659523715,-0.0260311422,0.8423782735,0.0188525518
0,489,0.1199001486,0.38835966935,0.0889959804,0.2762332349
0,489,-0.023683347,0.5202172552,0.0001971202,0.3670337406
0,489,0.46265224255000004,0.7930847571999999,0.3207705681,0.5697104642
0,489,1.03644226475,1.48877080765,0.6995496583,1.0192252013
0,489,1.01089035285,1.51240780995,0.6823942355,1.0351786255
0,489,0.9948113957,1.49178609265,0.6727376368,1.0296056267
0,489,1.0200082964,1.4854728257,0.6889710666,1.0189072892
0,489,1.07665686185,1.06907794355,0.7355573947,0.7480297555
0,489,1.3045884978,0.38422117980000003,0.8801267138,0.288340928
0,489,1.3236364505,0.376891705,0.8905087654,0.2764871742
0,489,1.30810560955,0.37090415895,0.8801264885,0.2743951409
0,489,1.3076487240999999,0.435381837,0.8819473854,0.3243734262
0,489,0.81447137115,1.3048354936,0.5557367655,0.9114355574
0,489,0.8478199020499999,1.48108940705,0.5734582691,1.0103425823
0,489,0.86561056075,1.48313909215,0.5887447019,1.0326063451
0,489,1.16939865015,1.1135531347,0.7907299941,0.779417162
0,489,1.1555896475,0.022543569149999998,0.7797641788,0.0456963823
0,489,1.1519032522,0.0379354286,0.7780814796,0.049920094
0,489,0.8802012189,1.4377300621,0.5954598432,1.000885709
0,489,1.11957329495,1.0141874123,0.7591981927,0.7118763696
0,489,1.13688116315,1.0145683963,0.7679760485,0.7047789842
0,489,1.08073385955,1.0891820212,0.7299317279,0.746826735
0,489,1.227723157,0.3183086172,0.8259854716,0.2411834562
0,489,1.24212425795,0.31154265940000003,0.8360597041,0.2341706172
0,489,1.2391139834,0.32920345360000003,0.8359346842,0.2508346508
0,489,0.7892287989,1.45869049025,0.5410548204,1.0076884587
0,489,1.1544117018,0.82078103375,0.7823714616,0.5882885783
0,489,0.9732191208000001,1.3731559743,0.6582060534,0.9432168626
0,489,0.96868670175,1.40391018455,0.6595658411,0.9760302937
0,489,0.95025827295,1.40254265165,0.6421823415,0.9683933437
0,489,1.0771727656499999,1.3888309061,0.7305636975,0.9510649532
0,489,1.0713328194,1.4031224621,0.737324792,0.971616015
0,489,1.07528507895,1.4146174571499999,0.7342609053,0.9690078437
0,489,0.8030684932,1.4913481187,0.546827132,1.0331933638
0,489,0.95670715585,1.0514848015,0.6500272791,0.7439288838
0,489,0.83079693265,1.4446924436000002,0.5670327007,0.9985742758
0,489,1.3348430697,0.42922031785000003,0.8977065282,0.3211252259
0,489,1.2664437109,0.42663489745,0.8526025298,0.3186877991
0,489,1.3542226064,0.4101669872,0.9150761742,0.293566581
0,489,1.3604778776,0.42571660135,0.9211460556,0.3104458099
0,489,0.1794255215,0.2733534042,0.133007576,0.1983204266
0,489,0.19168878355000002,0.30148634075,0.1369747591,0.2256905317
0,489,0.2004066636,0.29755174595,0.1406315326,0.2205726263
0,489,0.2334250183,0.3058491483,0.1652519904,0.2268883712
0,489,0.2295737883,0.28503997999999997,0.1605060802,0.2132731858
0,489,0.21629138939999998,0.27199292934999997,0.1519452634,0.2034140793
0,489,0.20313924774999997,0.2667326243,0.1426256551,0.2025906162
0,489,0.2316700666,0.24704125440000002,0.1605090086,0.185654848
0,489,0.205500433,0.3077473107,0.145511473,0.2306235764
0,489,0.23456748545,0.26595759139999997,0.1644945505,0.202162028
0,489,0.25723121415,0.24924077255,0.1780097565,0.1865164545
0,489,0.24706884834999998,0.25637825355,0.1717363519,0.1946166823
0,489,0.20237595105,0.2583069383,0.1422997025,0.1956167466
0,489,0.2137659327,0.28267444775,0.1487709988,0.2109089675
0,489,0.26031053125000003,0.3019985367,0.1865178623,0.2291364322
0,489,0.27854270135000003,0.29939952589999996,0.1970988193,0.2282923206
0,489,0.29058830495,0.29863556820000003,0.2017783901,0.2236049558
0,489,0.2682599336,0.2811089518,0.1858825138,0.2147633334
0,489,0.290341419,0.2890408003,0.2027954432,0.2164531334
0,489,0.3039693681,0.2565562814,0.2140499304,0.197718616
0,489,0.3005880887,0.26678094185,0.2100637128,0.2038917735
0,489,0.29099884305,0.2767549668,0.2024438109,0.2091666076
0,489,0.27685504645000003,0.2582112793,0.1909762269,0.1993352828
0,489,0.3633933737,0.306663939,0.251581895,0.2315885006
0,489,1.0871567249499998,0.9193564809,0.7394280535,0.6565200076
0,489,1.1126130697,0.9102645233,0.7520876058,0.6418314744
0,489,0.8397977404500001,1.2187164367999999,0.5735160485,0.8474632802
0,489,1.18908797705,0.1407793383,0.8026340213,0.128433136
0,489,0.9389766981000001,0.72025013395,0.6354899516,0.5187874527
0,489,1.02625320545,0.8631997821999999,0.6991208741,0.6102785794
0,489,0.8766022811,1.0339332568,0.5949285652,0.7254473296
0,489,0.86034395995,1.08662145415,0.5846841481,0.7601937627
0,489,0.8908290300999999,1.06357056955,0.617328626,0.7414195251
0,489,0.9039672618999999,1.0479422909,0.6107595664,0.7181490654
0,489,1.2646233209,0.11953865345,0.854704327,0.1142922017
0,489,1.2718095392,0.0079893264,0.8581545362,0.036587981
0,489,1.1719619507,0.73690282975,0.7924393868,0.5315653593
0,489,1.1902985293,1.00762230835,0.8031823064,0.7097645137
0,489,0.9015624887,0.92742532295,0.6124282994,0.6512466001
0,489,1.0386291542500001,1.27993089725,0.7040464299,0.8917936313
0,489,1.05449067825,0.77304285045,0.7166094579,0.5599524979
0,489,1.0000230329,0.73599001485,0.6779323794,0.5252330955
0,489,0.8810243787,1.1185735039,0.6012696608,0.7845292858
0,489,0.8903446065,0.96454963995,0.604333097,0.6761159813
0,489,1.1933389326,0.38956509255,0.808076213,0.2962163497
0,489,0.8982967682,0.9018493116999999,0.6083416154,0.6414204562
0,489,1.1224062891500002,0.68831430265,0.7620828843,0.4988231093
0,489,0.92989676745,0.82291924465,0.6291105617,0.5867593863
0,489,0.9240474728500001,0.7951734866,0.6254366683,0.5706850744
0,489,0.404917131,0.35141232894999996,0.2780587282,0.2594836037
0,489,1.1427775936,1.1154115017500001,0.7778345936,0.7717611403
0,489,1.18222495185,0.95862959585,0.8005066569,0.6598960035
0,489,0.8310003433,0.3522790413,0.5651893904,0.26239467
0,489,0.80459576245,0.3317257644,0.5472148061,0.2460110808
0,489,0.89421898205,0.35279709395,0.6050706013,0.2536571913
0,489,1.0181406015499999,0.38897214204999997,0.6876554301,0.2997193903
0,489,1.0269676769,0.3421938522,0.6938073064,0.259276668
0,489,1.05670842855,0.30778729375,0.7114909661,0.2141593453
0,489,1.0715599388000001,0.307864707,0.7251993334,0.2393753214
0,489,1.13280855795,0.21891447484999998,0.7660653851,0.1797644627
0,489,1.0704515986,0.23425869254999998,0.7255172892,0.1871424427
0,489,1.05064761395,0.23899047045,0.7077744985,0.1867700935
0,489,1.0747054263,0.2073918483,0.7247144592,0.1727516236
0,489,1.0477602755,0.20371265700000002,0.7088533858,0.1678438828
0,489,1.05162017805,0.19043088889999998,0.7075418039,0.1532046808
0,489,1.07599346835,0.16268565655,0.7289254873,0.1399300083
0,489,1.08767978075,0.28191206675,0.7347870023,0.2201245909
0,489,1.09380237315,0.07479146495,0.7426860025,0.0800263911
0,489,1.15873541665,-0.0217710516,0.7829358529,0.0144827988
0,489,1.10763891395,0.025378348499999998,0.7491710397,0.047543862
0,489,1.21794334055,0.14765811215,0.8221594145,0.1321256175
0,489,1.00458372225,0.5911415284,0.6797861643,0.4234490932
0,489,1.0195535508,0.5772044513,0.68894595,0.4224327354
0,489,0.9183317580000001,0.70148130255,0.61858164,0.4834245673
0,489,0.91595255195,0.70097117135,0.6219058157,0.5023803617
0,489,0.90714000605,0.4542217744,0.6140998483,0.335841841
0,489,0.9302513281,0.7582852385000001,0.62874226,0.540494231
0,489,0.94071019375,0.7446426469,0.6354570635,0.5303582842
0,489,0.93140173575,0.7474932693,0.6274393507,0.527737048
0,489,0.94743631645,0.7000963497999999,0.6397839883,0.5017975478
0,489,0.9594453152,0.6627305576,0.649706958,0.475285295
0,489,0.9685372410499999,0.69433879075,0.6538861117,0.4953945535
0,489,0.95645469465,0.6114726645999999,0.6447666477,0.4426375026
0,489,0.95031323655,0.5771009083,0.6428484381,0.4212321176
0,489,1.2617561433,0.41482236564999997,0.8517708664,0.3003498085
0,489,1.2732113379999999,0.40415030799999996,0.857959235,0.292428885
0,489,1.25525426775,0.38872458499999996,0.8458299469,0.2859930032
0,489,0.97749806495,0.75991466975,0.6628786411,0.5436990319
0,489,0.9756948511500001,0.7501017408999999,0.6589640565,0.5083535664
0,489,0.3593979766,0.35500629819999996,0.2520426662,0.2716444574
0,489,0.6863240253,0.44810470585,0.464442335,0.3264144013
0,489,0.6385261864,0.69639088085,0.434274786,0.4896182747
0,489,0.50178102565,0.32117395635,0.3488548635,0.2429927173
0,489,1.3135776483500001,0.47675742205,0.8886102661,0.3590659479
0,489,1.2831564959500001,0.4821231096,0.8683484949,0.3648897324
0,489,1.18964983415,0.93688940445,0.8028855251,0.6457206049
0,489,0.7185715933,1.3326618934,0.49015024,0.9218207882
0,489,1.1635494401,1.4729465681999998,0.785324351,1.009881482
0,489,0.9769175112,0.5708148223,0.660115703,0.4072750678
0,489,1.2406784769499999,0.7429220618,0.8347129815,0.5235944288
0,489,1.1513799147000001,0.35218248124999996,0.7757116218,0.2612820525
0,489,1.3425284099500001,0.49633590085,0.9028755911,0.3612411759
0,489,1.02205383465,1.42411382545,0.6903281511,0.9827382855
0,489,1.3287524643,0.33529938555,0.8944219984,0.2524305939
0,489,0.73410947365,1.32104901405,0.4979459581,0.9085432625
0,489,1.0618147562,0.9938102486,0.721715335,0.704317058
0,489,1.17603179645,0.6428705832,0.7974186673,0.4651021944
0,489,1.1698011914,0.6408867482,0.787408071,0.4453779746
0,489,1.1307312579,-0.0171921103,0.7626685628,0.0219254274
0,489,1.155593477,0.18242714595,0.7799865114,0.1552857515
0,489,1.229230378,0.8284612331000001,0.8291519646,0.5892562808
0,489,1.2396022364500001,0.1394150717,0.8358788195,0.1239450482
0,489,1.0373559231,1.00333972965,0.7002204854,0.6980625829
0,489,1.1213738057,1.21606088655,0.7678531686,0.8467432099
0,489,1.1140133479999998,1.24466179375,0.7534636122,0.8650534189
0,489,1.2976130675,0.7333789152,0.8763905358,0.526322887
0,489,0.74415250755,1.3516034967000001,0.5053719103,0.9294445232
0,489,1.1466062975,0.31228810865,0.776297075,0.2388125553
0,489,1.1707431764,1.01173083875,0.7901063592,0.6980178319
0,489,1.3102790398000002,0.65940862325,0.8792824358,0.4642876665
0,489,0.9809420232499999,0.54543733725,0.6695807173,0.3985833161
0,489,1.1681833111,0.89393574665,0.793539336,0.6345212967
0,489,1.32070788925,0.4007514861,0.8904931097,0.3033218442
0,489,1.25574212665,1.01211430065,0.8479495397,0.7161847777
0,489,1.26964663985,1.0260074527,0.8565870579,0.7127108702
0,489,0.85146924195,1.45804362825,0.5776647919,0.9949550027
0,489,1.04176867235,1.4310903982,0.7088813181,0.996116576
0,489,1.19619236925,0.33412579864999997,0.8032269081,0.2397888925
0,489,1.1925182506,0.34793151355,0.807194429,0.2650088481
0,489,1.1145503702,0.5809946941999999,0.7531624384,0.4217006514
0,489,1.2118139903,1.0225538183,0.8196583422,0.7174232386
0,489,0.8873222804,1.0457868604,0.6042808364,0.7329501768
0,489,1.0463677124,1.43453780045,0.7098758452,0.9802211179
0,489,0.9866240615499999,1.41903721715,0.6691872991,0.9830192555
0,489,0.9467345723,1.2086648109,0.6416873306,0.8432763604
0,489,1.0628574328,0.057769198199999997,0.7167319998,0.066862695
0,489,1.2356556085000001,0.7972174652,0.8317850398,0.561436939
0,489,0.32086140465,0.2439328258,0.2240928517,0.188530549
0,489,1.2885381487999998,0.0194110381,0.8670810642,0.0370638732
0,489,0.9932666126,1.0274389584,0.6716145984,0.719796392
0,489,1.04466428905,0.7925039705500001,0.7083483507,0.5586886581
0,489,0.8487840752,1.1187847946,0.5781462872,0.7767206902
0,489,0.81829449985,0.51930456675,0.5564931917,0.3860299153
0,489,0.9416209236499999,0.8563414692,0.6389945613,0.6073535472
0,489,0.8614364755,0.770394133,0.5849970356,0.5569343596
0,489,0.86273273965,1.1126295075000001,0.5868056557,0.7698988688
0,489,0.8611849716500001,1.0319650396,0.5862684083,0.7179929876
0,489,0.82661220385,1.0002167719,0.5599675039,0.6952531824
0,489,1.2947293895,0.579749851,0.8709775154,0.416538821
0,489,0.8003831576,1.0521167214,0.541107982,0.7293307536
0,489,1.21011270705,0.1370506656,0.8132575525,0.115150955
0,489,1.1930894561,0.1377832377,0.801293606,0.1179383554
0,489,1.0369124406,0.7535926928,0.7003226412,0.5268235574
0,489,1.20738924595,1.0112065164000001,0.8149597369,0.7026898042
0,489,0.8164239893499999,1.05972243575,0.5542679515,0.7352622107
0,489,0.8002223776,0.9986091906,0.5411842328,0.6930540772
0,489,1.0512861724,0.8732197219,0.7119962264,0.6079360608
0,489,0.7897350165500001,1.0105824055000001,0.5341407737,0.7005291428
0,489,1.21798901225,0.1401941967,0.8210956197,0.1195772474
0,489,0.8348480254999999,1.00811066465,0.5694378118,0.7061471929
0,489,1.18906607035,0.75701719395,0.8009480557,0.5344774767
0,489,1.0996210323,0.7009233418999999,0.7441331914,0.4964538602
0,489,1.359272281,0.3332408405,0.9127016986,0.2494202646
0,489,1.22650038435,0.40103110465,0.8257359951,0.2934685193
0,489,0.81586945315,1.03169488185,0.5543442023,0.7155962573
0,489,0.96625422135,1.2139184709,0.6594559137,0.8358886944
0,489,1.10504863835,1.2921190821000001,0.7462507569,0.8879543576
0,489,0.82731045645,0.9912099614,0.5598218727,0.6885198118
0,489,0.87738145875,1.095376578,0.5937191393,0.7561802906
0,489,1.2684171657,0.0878273279,0.8542299274,0.0836844834
0,489,0.81829449985,0.51930456675,0.5564931917,0.3860299153
0,489,0.8807464066,1.01095205155,0.593699091,0.7035107895
0,489,1.2016686317,0.9622836335,0.8093034346,0.6758091818
0,489,1.1727837027,0.9692611822999999,0.7941500184,0.66514223
0,489,1.1444109607,0.18750379185,0.7702414978,0.1513532967
0,489,1.17020187435,0.99129683535,0.7910794865,0.6820743191
0,489,1.0271744101,0.37106123795,0.6932055218,0.2804094925
0,489,1.1992951134,1.14186616395,0.8099489198,0.7954791599
0,489,1.2572023244,0.98984220325,0.8478063864,0.6878979533
0,489,0.9569796089,0.42407770935,0.647817244,0.3193589137
0,489,0.8041032294000001,0.9620650595,0.5472519742,0.6700238412
0,489,0.7895153308,0.9667585813999999,0.5353027822,0.673886091
0,489,0.7849289616999999,0.97557182145,0.532083916,0.6863127475
0,489,1.0039462338,1.04752021,0.6818876236,0.7263488066
0,489,0.8023677065,1.02736822785,0.5431963762,0.7139274061
0,489,0.8672803638,0.73761186245,0.5886299314,0.5310387093
0,489,1.2816095164999999,0.0762744794,0.8641534604,0.087633457
0,489,0.90511440325,1.3569709113,0.6134899543,0.9417975958
0,489,0.3930938599,0.40858365855,0.2721415738,0.3039614229
0,489,0.33687621865,0.24607362710000003,0.2330521551,0.1883423096
0,489,1.0472926338000002,-0.0215210542,0.7064998594,0.0162029334
0,489,1.0179385267,0.0013149030499999999,0.6848955752,0.0282439521
0,489,1.1671638363499999,0.36116751705,0.7861576475,0.2669067101
0,489,1.0213267487,0.018965931,0.6882103604,0.040253657
0,489,1.0041481239999999,0.0338245704,0.6750359742,0.0483758848
0,489,1.0285909635000001,-0.012057198000000002,0.691933248,0.0142447026
0,489,1.13260492205,1.4913993271,0.7672434999,1.0231403114
0,489,1.19515065005,1.4465365444,0.8073048069,1.0014866936
0,489,1.05264336965,1.14652582215,0.7110746839,0.7922650483
0,489,1.1441551768,1.16315126195,0.7741547308,0.8033921243
0,489,0.5187880578499999,0.45019996780000004,0.3548865631,0.3249518852
0,489,0.8164293954999999,0.85391492985,0.5522081654,0.5959662247
0,489,1.36783095785,0.32950676155,0.9231438949,0.2559714777
0,489,1.3845890984,0.8313453493,0.931793066,0.5816125268
0,489,1.41149930775,0.8288507595,0.9486414409,0.5809285438
0,489,1.2899905751,0.31290647559999996,0.8701564392,0.227790524
0,489,1.0067797349,0.7604285552000001,0.6806411422,0.5436002194
0,489,1.18964983415,0.93688940445,0.8028855251,0.6457206049
0,489,0.7185715933,1.3326618934,0.49015024,0.9218207882
0,489,1.1635494401,1.4729465681999998,0.785324351,1.009881482
0,489,0.9769175112,0.5708148223,0.660115703,0.4072750678
0,489,1.2406784769499999,0.7429220618,0.8347129815,0.5235944288
0,489,1.1513799147000001,0.35218248124999996,0.7757116218,0.2612820525
0,489,1.3425284099500001,0.49633590085,0.9028755911,0.3612411759
0,489,1.02205383465,1.42411382545,0.6903281511,0.9827382855
0,489,1.3287524643,0.33529938555,0.8944219984,0.2524305939
0,489,0.73410947365,1.32104901405,0.4979459581,0.9085432625
0,489,1.0618147562,0.9938102486,0.721715335,0.704317058
0,489,1.17603179645,0.6428705832,0.7974186673,0.4651021944
0,489,1.1698011914,0.6408867482,0.787408071,0.4453779746
0,489,1.1307312579,-0.0171921103,0.7626685628,0.0219254274
0,489,1.155593477,0.18242714595,0.7799865114,0.1552857515
0,489,1.229230378,0.8284612331000001,0.8291519646,0.5892562808
0,489,1.2396022364500001,0.1394150717,0.8358788195,0.1239450482
0,489,1.0373559231,1.00333972965,0.7002204854,0.6980625829
0,489,1.1213738057,1.21606088655,0.7678531686,0.8467432099
0,489,1.1140133479999998,1.24466179375,0.7534636122,0.8650534189
0,489,1.2976130675,0.7333789152,0.8763905358,0.526322887
0,489,0.74415250755,1.3516034967000001,0.5053719103,0.9294445232
0,489,1.1466062975,0.31228810865,0.776297075,0.2388125553
0,489,1.1707431764,1.01173083875,0.7901063592,0.6980178319
0,489,1.3102790398000002,0.65940862325,0.8792824358,0.4642876665
0,489,0.9809420232499999,0.54543733725,0.6695807173,0.3985833161
0,489,1.1681833111,0.89393574665,0.793539336,0.6345212967
0,489,1.32070788925,0.4007514861,0.8904931097,0.3033218442
0,489,1.25574212665,1.01211430065,0.8479495397,0.7161847777
0,489,1.26964663985,1.0260074527,0.8565870579,0.7127108702
0,489,0.85146924195,1.45804362825,0.5776647919,0.9949550027
0,489,1.04176867235,1.4310903982,0.7088813181,0.996116576
0,489,1.19619236925,0.33412579864999997,0.8032269081,0.2397888925
0,489,1.1925182506,0.34793151355,0.807194429,0.2650088481
0,489,1.1145503702,0.5809946941999999,0.7531624384,0.4217006514
0,489,1.2118139903,1.0225538183,0.8196583422,0.7174232386
0,489,0.8873222804,1.0457868604,0.6042808364,0.7329501768
0,489,1.0463677124,1.43453780045,0.7098758452,0.9802211179
0,489,0.9866240615499999,1.41903721715,0.6691872991,0.9830192555
0,489,0.9467345723,1.2086648109,0.6416873306,0.8432763604
0,489,1.0628574328,0.057769198199999997,0.7167319998,0.066862695
0,489,1.2356556085000001,0.7972174652,0.8317850398,0.561436939
0,489,0.32086140465,0.2439328258,0.2240928517,0.188530549
0,489,1.2885381487999998,0.0194110381,0.8670810642,0.0370638732
0,489,0.9932666126,1.0274389584,0.6716145984,0.719796392
0,489,1.04466428905,0.7925039705500001,0.7083483507,0.5586886581
0,489,0.8487840752,1.1187847946,0.5781462872,0.7767206902
0,489,0.81829449985,0.51930456675,0.5564931917,0.3860299153
0,489,0.9416209236499999,0.8563414692,0.6389945613,0.6073535472
0,489,0.8614364755,0.770394133,0.5849970356,0.5569343596
0,489,0.86273273965,1.1126295075000001,0.5868056557,0.7698988688
0,489,0.8611849716500001,1.0319650396,0.5862684083,0.7179929876
0,489,0.82661220385,1.0002167719,0.5599675039,0.6952531824
0,489,1.2947293895,0.579749851,0.8709775154,0.416538821
0,489,0.8003831576,1.0521167214,0.541107982,0.7293307536
0,489,1.21011270705,0.1370506656,0.8132575525,0.115150955
0,489,1.1930894561,0.1377832377,0.801293606,0.1179383554
0,489,1.0369124406,0.7535926928,0.7003226412,0.5268235574
0,489,1.20738924595,1.0112065164000001,0.8149597369,0.7026898042
0,489,0.8164239893499999,1.05972243575,0.5542679515,0.7352622107
0,489,0.8002223776,0.9986091906,0.5411842328,0.6930540772
0,489,1.0512861724,0.8732197219,0.7119962264,0.6079360608
0,489,0.7897350165500001,1.0105824055000001,0.5341407737,0.7005291428
0,489,1.21798901225,0.1401941967,0.8210956197,0.1195772474
0,489,0.8348480254999999,1.00811066465,0.5694378118,0.7061471929
0,489,1.18906607035,0.75701719395,0.8009480557,0.5344774767
0,489,1.0996210323,0.7009233418999999,0.7441331914,0.4964538602
0,489,1.359272281,0.3332408405,0.9127016986,0.2494202646
0,489,1.22650038435,0.40103110465,0.8257359951,0.2934685193
0,489,0.81586945315,1.03169488185,0.5543442023,0.7155962573
0,489,0.96625422135,1.2139184709,0.6594559137,0.8358886944
0,489,1.10504863835,1.2921190821000001,0.7462507569,0.8879543576
0,489,0.82731045645,0.9912099614,0.5598218727,0.6885198118
0,489,0.87738145875,1.095376578,0.5937191393,0.7561802906
0,489,1.2684171657,0.0878273279,0.8542299274,0.0836844834
0,489,0.81829449985,0.51930456675,0.5564931917,0.3860299153
0,489,0.8807464066,1.01095205155,0.593699091,0.7035107895
0,489,1.2016686317,0.9622836335,0.8093034346,0.6758091818
0,489,1.1727837027,0.9692611822999999,0.7941500184,0.66514223
0,489,1.1444109607,0.18750379185,0.7702414978,0.1513532967
0,489,1.17020187435,0.99129683535,0.7910794865,0.6820743191
0,489,1.0271744101,0.37106123795,0.6932055218,0.2804094925
0,489,1.1992951134,1.14186616395,0.8099489198,0.7954791599
0,489,1.2572023244,0.98984220325,0.8478063864,0.6878979533
0,489,0.9569796089,0.42407770935,0.647817244,0.3193589137
0,489,0.8041032294000001,0.9620650595,0.5472519742,0.6700238412
0,489,0.7895153308,0.9667585813999999,0.5353027822,0.673886091
0,489,0.7849289616999999,0.97557182145,0.532083916,0.6863127475
0,489,1.0039462338,1.04752021,0.6818876236,0.7263488066
0,489,0.8023677065,1.02736822785,0.5431963762,0.7139274061
0,489,0.8672803638,0.73761186245,0.5886299314,0.5310387093
0,489,1.2816095164999999,0.0762744794,0.8641534604,0.087633457
0,489,0.90511440325,1.3569709113,0.6134899543,0.9417975958
0,489,0.3930938599,0.40858365855,0.2721415738,0.3039614229
0,489,0.33687621865,0.24607362710000003,0.2330521551,0.1883423096
0,489,1.0472926338000002,-0.0215210542,0.7064998594,0.0162029334
0,489,1.0179385267,0.0013149030499999999,0.6848955752,0.0282439521
0,489,1.1671638363499999,0.36116751705,0.7861576475,0.2669067101
0,489,1.0213267487,0.018965931,0.6882103604,0.040253657
0,489,1.0041481239999999,0.0338245704,0.6750359742,0.0483758848
0,489,1.0285909635000001,-0.012057198000000002,0.691933248,0.0142447026
0,489,1.13260492205,1.4913993271,0.7672434999,1.0231403114
0,489,1.19515065005,1.4465365444,0.8073048069,1.0014866936
0,489,1.05264336965,1.14652582215,0.7110746839,0.7922650483
0,489,1.1441551768,1.16315126195,0.7741547308,0.8033921243
0,489,1.1519032522,0.0379354286,0.7780814796,0.049920094
0,489,0.86034395995,1.08662145415,0.5846841481,0.7601937627
0,489,1.0000230329,0.73599001485,0.6779323794,0.5252330955
0,489,1.18964983415,0.93688940445,0.8028855251,0.6457206049
0,489,0.7185715933,1.3326618934,0.49015024,0.9218207882
0,489,0.7185715933,1.3326618934,0.49015024,0.9218207882
0,489,0.7185715933,1.3326618934,0.49015024,0.9218207882
0,489,1.1635494401,1.4729465681999998,0.785324351,1.009881482
0,489,1.1635494401,1.4729465681999998,0.785324351,1.009881482
0,489,1.1635494401,1.4729465681999998,0.785324351,1.009881482
0,489,0.9769175112,0.5708148223,0.660115703,0.4072750678
0,489,1.2406784769499999,0.7429220618,0.8347129815,0.5235944288
0,489,1.1513799147000001,0.35218248124999996,0.7757116218,0.2612820525
0,489,1.3425284099500001,0.49633590085,0.9028755911,0.3612411759
0,489,1.02205383465,1.42411382545,0.6903281511,0.9827382855
0,489,1.3287524643,0.33529938555,0.8944219984,0.2524305939
0,489,0.73410947365,1.32104901405,0.4979459581,0.9085432625
0,489,1.229230378,0.8284612331000001,0.8291519646,0.5892562808
0,489,0.74415250755,1.3516034967000001,0.5053719103,0.9294445232
0,489,1.1466062975,0.31228810865,0.776297075,0.2388125553
0,489,1.26964663985,1.0260074527,0.8565870579,0.7127108702
0,489,0.85146924195,1.45804362825,0.5776647919,0.9949550027
0,489,1.2885381487999998,0.0194110381,0.8670810642,0.0370638732
0,489,1.04466428905,0.7925039705500001,0.7083483507,0.5586886581
0,489,0.8487840752,1.1187847946,0.5781462872,0.7767206902
0,489,0.86273273965,1.1126295075000001,0.5868056557,0.7698988688
0,489,0.86273273965,1.1126295075000001,0.5868056557,0.7698988688
0,489,0.8611849716500001,1.0319650396,0.5862684083,0.7179929876
0,489,0.82661220385,1.0002167719,0.5599675039,0.6952531824
0,489,1.2947293895,0.579749851,0.8709775154,0.416538821
0,489,0.8003831576,1.0521167214,0.541107982,0.7293307536
0,489,1.21011270705,0.1370506656,0.8132575525,0.115150955
0,489,1.1930894561,0.1377832377,0.801293606,0.1179383554
0,489,1.0369124406,0.7535926928,0.7003226412,0.5268235574
0,489,1.0369124406,0.7535926928,0.7003226412,0.5268235574
0,489,1.20738924595,1.0112065164000001,0.8149597369,0.7026898042
0,489,0.8002223776,0.9986091906,0.5411842328,0.6930540772
0,489,0.8002223776,0.9986091906,0.5411842328,0.6930540772
0,489,1.0512861724,0.8732197219,0.7119962264,0.6079360608
0,489,1.0512861724,0.8732197219,0.7119962264,0.6079360608
0,489,0.7897350165500001,1.0105824055000001,0.5341407737,0.7005291428
0,489,1.21798901225,0.1401941967,0.8210956197,0.1195772474
0,489,1.18906607035,0.75701719395,0.8009480557,0.5344774767
0,489,1.0996210323,0.7009233418999999,0.7441331914,0.4964538602
0,489,1.22650038435,0.40103110465,0.8257359951,0.2934685193
0,489,0.96625422135,1.2139184709,0.6594559137,0.8358886944
0,489,1.10504863835,1.2921190821000001,0.7462507569,0.8879543576
0,489,0.82731045645,0.9912099614,0.5598218727,0.6885198118
0,489,0.87738145875,1.095376578,0.5937191393,0.7561802906
0,489,1.2684171657,0.0878273279,0.8542299274,0.0836844834
0,489,0.8807464066,1.01095205155,0.593699091,0.7035107895
0,489,1.1444109607,0.18750379185,0.7702414978,0.1513532967
0,489,1.0039462338,1.04752021,0.6818876236,0.7263488066
0,489,0.8023677065,1.02736822785,0.5431963762,0.7139274061
0,489,1.3845890984,0.8313453493,0.931793066,0.5816125268
0,489,1.18964983415,0.93688940445,0.8028855251,0.6457206049
0,489,0.7185715933,1.3326618934,0.49015024,0.9218207882
0,489,0.7185715933,1.3326618934,0.49015024,0.9218207882
0,489,0.7185715933,1.3326618934,0.49015024,0.9218207882
0,489,1.1635494401,1.4729465681999998,0.785324351,1.009881482
0,489,1.1635494401,1.4729465681999998,0.785324351,1.009881482
0,489,1.1635494401,1.4729465681999998,0.785324351,1.009881482
0,489,0.9769175112,0.5708148223,0.660115703,0.4072750678
0,489,1.2406784769499999,0.7429220618,0.8347129815,0.5235944288
0,489,1.1513799147000001,0.35218248124999996,0.7757116218,0.2612820525
0,489,1.3425284099500001,0.49633590085,0.9028755911,0.3612411759
0,489,1.02205383465,1.42411382545,0.6903281511,0.9827382855
0,489,1.3287524643,0.33529938555,0.8944219984,0.2524305939
0,489,0.73410947365,1.32104901405,0.4979459581,0.9085432625
0,489,1.229230378,0.8284612331000001,0.8291519646,0.5892562808
0,489,0.74415250755,1.3516034967000001,0.5053719103,0.9294445232
0,489,1.1466062975,0.31228810865,0.776297075,0.2388125553
0,489,1.26964663985,1.0260074527,0.8565870579,0.7127108702
0,489,0.85146924195,1.45804362825,0.5776647919,0.9949550027
0,489,1.2885381487999998,0.0194110381,0.8670810642,0.0370638732
0,489,1.04466428905,0.7925039705500001,0.7083483507,0.5586886581
0,489,0.8487840752,1.1187847946,0.5781462872,0.7767206902
0,489,0.86273273965,1.1126295075000001,0.5868056557,0.7698988688
0,489,0.86273273965,1.1126295075000001,0.5868056557,0.7698988688
0,489,0.8611849716500001,1.0319650396,0.5862684083,0.7179929876
0,489,0.82661220385,1.0002167719,0.5599675039,0.6952531824
0,489,1.2947293895,0.579749851,0.8709775154,0.416538821
0,489,0.8003831576,1.0521167214,0.541107982,0.7293307536
0,489,1.21011270705,0.1370506656,0.8132575525,0.115150955
0,489,1.1930894561,0.1377832377,0.801293606,0.1179383554
0,489,1.0369124406,0.7535926928,0.7003226412,0.5268235574
0,489,1.0369124406,0.7535926928,0.7003226412,0.5268235574
0,489,1.20738924595,1.0112065164000001,0.8149597369,0.7026898042
0,489,0.8002223776,0.9986091906,0.5411842328,0.6930540772
0,489,0.8002223776,0.9986091906,0.5411842328,0.6930540772
0,489,1.0512861724,0.8732197219,0.7119962264,0.6079360608
0,489,1.0512861724,0.8732197219,0.7119962264,0.6079360608
0,489,0.7897350165500001,1.0105824055000001,0.5341407737,0.7005291428
0,489,1.21798901225,0.1401941967,0.8210956197,0.1195772474
0,489,1.18906607035,0.75701719395,0.8009480557,0.5344774767
0,489,1.0996210323,0.7009233418999999,0.7441331914,0.4964538602
0,489,1.22650038435,0.40103110465,0.8257359951,0.2934685193
0,489,0.96625422135,1.2139184709,0.6594559137,0.8358886944
0,489,1.10504863835,1.2921190821000001,0.7462507569,0.8879543576
0,489,0.82731045645,0.9912099614,0.5598218727,0.6885198118
0,489,0.87738145875,1.095376578,0.5937191393,0.7561802906
0,489,1.2684171657,0.0878273279,0.8542299274,0.0836844834
0,489,0.8807464066,1.01095205155,0.593699091,0.7035107895
0,489,1.1444109607,0.18750379185,0.7702414978,0.1513532967
0,489,1.0039462338,1.04752021,0.6818876236,0.7263488066
0,489,0.8023677065,1.02736822785,0.5431963762,0.7139274061
