1,40,0.5642033106,0.5615859087,0.010472156000000066,0.03309665369999992,-1,-1,-1,-1
2,40,0.5652671054,0.5618518616,0.010472155999999955,0.033096653700000034,-1,-1,-1,-1
3,40,0.5664639168,0.5642454384,0.01114275780000007,0.03863556360000009,-1,-1,-1,-1
4,40,0.5660649797,0.5665504142,0.01114275769999995,0.038635563699999986,-1,-1,-1,-1
5,40,0.5648926091,0.5696768258,0.011519168799999924,0.03668979709999998,-1,-1,-1,-1
6,40,0.5656987054,0.5709469728,0.010713072499999976,0.03668979700000008,-1,-1,-1,-1
7,40,0.5637606729,0.5748230384,0.011677076700000066,0.03730715029999998,-1,-1,-1,-1
8,40,0.5635184047,0.578699104,0.011677076699999955,0.03730715029999998,-1,-1,-1,-1
9,40,0.5665062659,0.5803140438,0.011625154000000082,0.03902796060000002,-1,-1,-1,-1
10,40,0.5654680382,0.5813292002,0.013563186599999999,0.0393048761,-1,-1,-1,-1
11,40,0.568444411,0.5889889762,0.01785440760000001,0.039304876200000005,-1,-1,-1,-1
12,40,0.5752967362,0.5991405409,0.012386423499999966,0.0422578401,-1,-1,-1,-1
13,40,0.5760581182,0.6090151901,0.01259411399999999,0.0433652015999999,-1,-1,-1,-1
14,40,0.5760581182,0.6139064122,0.01259411399999999,0.03902781050000004,-1,-1,-1,-1
15,40,0.5782038413,0.6154752494,0.010863659500000011,0.03985840670000007,-1,-1,-1,-1
16,40,0.5773040365,0.6172286469,0.011071237400000045,0.044288153,-1,-1,-1,-1
17,40,0.5761598235,0.6226188874,0.012587581500000056,0.03920200899999993,-1,-1,-1,-1
18,40,0.5767700554,0.6278056462,0.01205360039999992,0.040219117599999965,-1,-1,-1,-1
19,40,0.5753207265,0.6310600036,0.012435079800000026,0.0406260812,-1,-1,-1,-1
20,40,0.5728035481,0.6374673528,0.013045311700000006,0.03940564089999998,-1,-1,-1,-1
21,40,0.5708966016,0.6478411707,0.011977349599999965,0.04113441029999998,-1,-1,-1,-1
22,40,0.5643366651,0.6538417065,0.01655408869999997,0.04357529090000001,-1,-1,-1,-1
23,40,0.5676929405,0.6629949338,0.012587581500000056,0.04316847760000009,-1,-1,-1,-1
24,40,0.5634975681,0.674283744,0.013121562500000072,0.042965296099999994,-1,-1,-1,-1
25,40,0.5617432359,0.6814029042,0.01640147440000006,0.043473925499999955,-1,-1,-1,-1
26,40,0.5620482392,0.6842505983,0.013426678400000003,0.04266029859999998,-1,-1,-1,-1
27,40,0.5627348345,0.6882169167,0.013197813400000036,0.043372259700000027,-1,-1,-1,-1
28,40,0.5629636996,0.6963531855,0.013884296099999971,0.03513432509999992,-1,-1,-1,-1
29,40,0.5694473854,0.7028622006,0.012663832200000003,0.039100643499999976,-1,-1,-1,-1
30,40,0.5709729651,0.7045911202,0.01266383230000001,0.039100643499999976,-1,-1,-1,-1
31,40,0.5729561624,0.7055065631,0.01266383230000001,0.03910064339999997,-1,-1,-1,-1
32,40,0.5729561624,0.7027605348,0.012434967199999925,0.03991427029999994,-1,-1,-1,-1
33,40,0.5734901435,0.7027605348,0.012434967099999916,0.03991427029999994,-1,-1,-1,-1
34,40,0.574557993,0.7026587188,0.012434967100000027,0.039914270300000054,-1,-1,-1,-1
35,40,0.5773040365,0.7087609204,0.012434967200000036,0.03991427039999995,-1,-1,-1,-1
36,40,0.5790583687,0.7075403299,0.012663944900000002,0.039100943799999954,-1,-1,-1,-1
37,40,0.5800499674,0.7073368481,0.012663944900000002,0.03574477050000002,-1,-1,-1,-1
38,40,0.583329992,0.7068283689,0.010146653800000016,0.037270358400000037,-1,-1,-1,-1
39,40,0.5918732385,0.7059130762,0.014189412000000012,0.03991457070000004,-1,-1,-1,-1
40,40,0.5997300022,0.702353421,0.011977349600000076,0.04154182449999999,-1,-1,-1,-1
41,40,0.606791257,0.6999125404,0.013007017299999979,0.04132242450000001,-1,-1,-1,-1
42,40,0.612414108,0.6945077332,0.01326854529999999,0.041583872399999944,-1,-1,-1,-1
43,40,0.6157672298,0.6915313425,0.013137781299999984,0.04362905220000002,-1,-1,-1,-1
44,40,0.6233328438,0.688505095,0.013137781299999984,0.04362905220000002,-1,-1,-1,-1
45,40,0.6361103202,0.6898500272,0.01372616289999995,0.04239629779999998,-1,-1,-1,-1
46,40,0.6366867629,0.6941731521,0.016734522799999985,0.04012075550000005,-1,-1,-1,-1
47,40,0.6397129184,0.6979199204,0.014500947900000005,0.041753866000000084,-1,-1,-1,-1
48,40,0.6410818292,0.699360962,0.017167023800000014,0.04127346870000004,-1,-1,-1,-1
49,40,0.6464858392,0.6994570715,0.013132037099999994,0.04271451039999996,-1,-1,-1,-1
50,40,0.6533310687,0.6974992912,0.011114374900000001,0.04399982460000007,-1,-1,-1,-1
51,40,0.6588792457,0.6968266749,0.018391767500000045,0.04227060469999999,-1,-1,-1,-1
52,40,0.6704798464,0.6946170578,0.012051009799999957,0.04025320639999996,-1,-1,-1,-1
53,40,0.6758117729,0.6959621401,0.021057730699999944,0.038812014599999944,-1,-1,-1,-1
54,40,0.6928883544,0.6941368107,0.018391767500000045,0.04188631679999999,-1,-1,-1,-1
55,40,0.7188276024,0.6972109627,0.01810354609999998,0.0418863169,-1,-1,-1,-1
56,40,0.7422655529,0.6964698685,0.020069511000000095,0.04385250669999996,-1,-1,-1,-1
57,40,0.7589407194,0.6954817428,0.021181173800000064,0.04694047460000006,-1,-1,-1,-1
58,40,0.7724661748,0.6898036243,0.017753490699999985,0.04607218540000002,-1,-1,-1,-1
59,40,0.7862696022,0.6826397132,0.0213664509,0.04668953869999992,-1,-1,-1,-1
60,40,0.7902531167,0.6796753361,0.01654913300000005,0.044095633800000034,-1,-1,-1,-1
61,40,0.7919206108,0.6711526771,0.015437470299999978,0.044960318799999954,-1,-1,-1,-1
62,40,0.79238386,0.6711526771,0.01543747019999997,0.04273688589999991,-1,-1,-1,-1
63,40,0.7917353337,0.6701645515,0.014881638899999938,0.042983917200000055,-1,-1,-1,-1
64,40,0.791827916,0.6694234572,0.014047948099999985,0.044342665200000075,-1,-1,-1,-1
65,40,0.7899418061,0.6690529852,0.017045720799999997,0.044342665099999956,-1,-1,-1,-1
66,40,0.7904050552,0.669176576,0.017045720799999997,0.044342665099999956,-1,-1,-1,-1
67,40,0.7904050552,0.669176576,0.016211917399999942,0.04458954640000001,-1,-1,-1,-1
68,40,0.7904050552,0.6689295445,0.016211917399999942,0.04458954640000001,-1,-1,-1,-1
69,40,0.7904050552,0.6689295445,0.016211917399999942,0.04458954640000001,-1,-1,-1,-1
70,40,0.7905440412,0.6684972771,0.016211917400000053,0.04458954640000001,-1,-1,-1,-1
71,40,0.7906830272,0.6680650097,0.016211917399999942,0.0445895463999999,-1,-1,-1,-1
72,40,0.790312473,0.667941569,0.016211917400000053,0.04458954640000001,-1,-1,-1,-1
73,40,0.7960561765,0.6647300104,0.013803202099999967,0.04298376709999996,-1,-1,-1,-1
74,40,0.8021705469,0.6660886081,0.013803202099999967,0.04298376709999996,-1,-1,-1,-1
75,40,0.8045791495,0.6653475139,0.013803202099999967,0.04298376709999996,-1,-1,-1,-1
76,40,0.8023557114,0.6663356396,0.013803202100000078,0.04298376710000007,-1,-1,-1,-1
77,40,0.8020777394,0.6646064196,0.013803202099999967,0.04298376709999996,-1,-1,-1,-1
78,40,0.804764314,0.6637418848,0.013803202099999967,0.04298376710000007,-1,-1,-1,-1
79,40,0.8068950572,0.6632478219,0.013803202199999975,0.04298376710000007,-1,-1,-1,-1
80,40,0.8065243904,0.6632478219,0.013803202099999967,0.04298376710000007,-1,-1,-1,-1
81,40,0.8067097801,0.6632478219,0.013803202099999967,0.04298376710000007,-1,-1,-1,-1
82,40,0.8067097801,0.6632478219,0.013803202099999967,0.04298376710000007,-1,-1,-1,-1
83,40,0.8067097801,0.6632478219,0.013803202099999967,0.04298376710000007,-1,-1,-1,-1
84,40,0.8067097801,0.6632478219,0.013803202099999967,0.04298376710000007,-1,-1,-1,-1
85,40,0.8067097801,0.6632478219,0.013803202099999967,0.04298376710000007,-1,-1,-1,-1
86,40,0.8067097801,0.6632478219,0.013803202099999967,0.04298376710000007,-1,-1,-1,-1
87,40,0.8067097801,0.6632478219,0.013803202099999967,0.04298376710000007,-1,-1,-1,-1
88,40,0.8063779707,0.6576058946,0.013803202100000078,0.04298376710000007,-1,-1,-1,-1
89,40,0.8007358599,0.6578272468,0.013803202100000078,0.04298376709999996,-1,-1,-1,-1
90,40,0.7992423799,0.659265285,0.013803202099999967,0.04298376709999996,-1,-1,-1,-1
91,40,0.8035094979,0.6584277809,0.013803202099999967,0.04298376710000007,-1,-1,-1,-1
92,40,0.8047184734,0.6580009947,0.013803202099999967,0.04298376710000007,-1,-1,-1,-1
93,40,0.8060104575,0.6580799847,0.013803202099999967,0.04298376710000007,-1,-1,-1,-1
94,40,0.8068639712,0.6577955607,0.013803202100000078,0.04298376709999996,-1,-1,-1,-1
95,40,0.8002498594,0.6570370466,0.013803202099999967,0.04298376710000007,-1,-1,-1,-1
96,40,0.8048726645,0.6558992004,0.013803202100000078,0.04298376709999996,-1,-1,-1,-1
97,40,0.806935041,0.6562785325,0.013803202099999967,0.04298376709999996,-1,-1,-1,-1
98,40,0.8011033731,0.6558992004,0.013803202099999967,0.04298376709999996,-1,-1,-1,-1
99,40,0.800890051,0.6562785325,0.013803202099999967,0.04298376709999996,-1,-1,-1,-1
100,40,0.8014590602,0.6550459283,0.013803202099999967,0.04298376710000007,-1,-1,-1,-1
101,40,0.80153013,0.6547613541,0.013803202100000078,0.04298376709999996,-1,-1,-1,-1
102,40,0.8027391055,0.6551405361,0.013803202099999967,0.04298376709999996,-1,-1,-1,-1
103,40,0.8037347588,0.6531492676,0.013803202099999967,0.04298376709999996,-1,-1,-1,-1
104,40,0.8018344575,0.6566041034,0.013803202099999967,0.04298376710000007,-1,-1,-1,-1
105,40,0.8016123502,0.658282115,0.013803202099999967,0.04298376709999996,-1,-1,-1,-1
106,40,0.8010200266,0.6571963781,0.013803202099999967,0.04298376710000007,-1,-1,-1,-1
107,40,0.8010200266,0.6574925155,0.015050359299999982,0.04282818980000003,-1,-1,-1,-1
108,40,0.8007238085,0.6579861278,0.015050359299999982,0.042828189900000035,-1,-1,-1,-1
109,40,0.800205483,0.657591328,0.01505035939999999,0.042828189900000035,-1,-1,-1,-1
110,40,0.7999093775,0.6598616143,0.01505035939999999,0.042828189900000035,-1,-1,-1,-1
111,40,0.7999833757,0.6587757273,0.01505035939999999,0.042828189900000035,-1,-1,-1,-1
112,40,0.8003534795,0.6585784025,0.015050359299999982,0.042828189900000035,-1,-1,-1,-1
113,40,0.8005015885,0.6599604269,0.01505035939999999,0.042828189900000035,-1,-1,-1,-1
114,40,0.800797694,0.6614411137,0.01505035939999999,0.042828189899999924,-1,-1,-1,-1
115,40,0.8001313722,0.6603552267,0.015050359299999982,0.04282818980000003,-1,-1,-1,-1
116,40,0.8001313722,0.6561104911,0.015050359299999982,0.04282818980000003,-1,-1,-1,-1
117,40,0.7978363011,0.6559131663,0.015050359299999982,0.042828189900000035,-1,-1,-1,-1
118,40,0.7959854445,0.656307966,0.01505035939999999,0.042828189900000035,-1,-1,-1,-1
119,40,0.7950970154,0.6569002407,0.015050359299999982,0.042828189900000035,-1,-1,-1,-1
120,40,0.7956152282,0.6579861278,0.015050359299999982,0.042828189900000035,-1,-1,-1,-1
121,40,0.7948749081,0.6569990533,0.015050359299999982,0.042828189900000035,-1,-1,-1,-1
122,40,0.7944306935,0.6572951907,0.015050359400000102,0.042828189900000035,-1,-1,-1,-1
123,40,0.7962074392,0.6586770649,0.015050359299999982,0.042828189900000035,-1,-1,-1,-1
124,40,0.7970217575,0.6581834526,0.015050359299999982,0.042828189900000035,-1,-1,-1,-1
125,40,0.7995389359,0.6594666644,0.01186719699999994,0.04233472770000002,-1,-1,-1,-1
126,40,0.8003533668,0.6598614642,0.01186719699999994,0.04233472770000002,-1,-1,-1,-1
127,40,0.7999831505,0.6591703769,0.011867196899999932,0.04233472770000002,-1,-1,-1,-1
128,40,0.7984158975,0.6578048713,0.011867196900000043,0.04233472770000002,-1,-1,-1,-1
129,40,0.7993537714,0.6568837219,0.012607517100000076,0.04253220270000002,-1,-1,-1,-1
130,40,0.8007974688,0.6528200926,0.012607516999999957,0.04253220270000002,-1,-1,-1,-1
131,40,0.8020314482,0.655255417,0.012607517099999965,0.04253220270000002,-1,-1,-1,-1
132,40,0.8030186543,0.6556503669,0.012607517100000076,0.04253220270000002,-1,-1,-1,-1
133,40,0.8028705452,0.6584809415,0.012607517099999965,0.04253220270000002,-1,-1,-1,-1
134,40,0.802796547,0.6570986167,0.012607517099999965,0.04253220270000002,-1,-1,-1,-1
135,40,0.8036604227,0.6564569357,0.012607517099999965,0.04253220270000002,-1,-1,-1,-1
136,40,0.8021088254,0.6546344596,0.012607517000000068,0.04253220270000002,-1,-1,-1,-1
137,40,0.8022960172,0.6541127652,0.012607517099999965,0.04253220270000002,-1,-1,-1,-1
138,40,0.8010533652,0.6545730396,0.012607517099999965,0.04253220270000002,-1,-1,-1,-1
139,40,0.8024341022,0.6536524909,0.012607516999999957,0.04253220270000002,-1,-1,-1,-1
140,40,0.8005700679,0.653560436,0.012607517000000068,0.04253220270000002,-1,-1,-1,-1
141,40,0.7983608212,0.6537445458,0.012607517000000068,0.04253220270000002,-1,-1,-1,-1
142,40,0.7983608212,0.6537445458,0.012607517000000068,0.04253220270000002,-1,-1,-1,-1
143,40,0.7992276253,0.6534143196,0.012607516999999957,0.04253220270000002,-1,-1,-1,-1
144,40,0.800280157,0.6523411971,0.012607517099999965,0.04253220269999991,-1,-1,-1,-1
145,40,0.8015184164,0.6505251783,0.012607517099999965,0.04253220270000002,-1,-1,-1,-1
146,40,0.8016421973,0.649864876,0.012607517100000076,0.04253220280000003,-1,-1,-1,-1
147,40,0.8018898717,0.649864876,0.012607517099999965,0.04253220280000003,-1,-1,-1,-1
148,40,0.8021375461,0.649864876,0.012607517099999965,0.04253220280000003,-1,-1,-1,-1
1,40,0.5642033106,0.5615859087,0.010472156000000066,0.03309665369999992,-1,-1,-1,-1
2,40,0.5652671054,0.5618518616,0.010472155999999955,0.033096653700000034,-1,-1,-1,-1
3,40,0.5664639168,0.5642454384,0.01114275780000007,0.03863556360000009,-1,-1,-1,-1
4,40,0.5660649797,0.5665504142,0.01114275769999995,0.038635563699999986,-1,-1,-1,-1
5,40,0.5648926091,0.5696768258,0.011519168799999924,0.03668979709999998,-1,-1,-1,-1
6,40,0.5656987054,0.5709469728,0.010713072499999976,0.03668979700000008,-1,-1,-1,-1
7,40,0.5637606729,0.5748230384,0.011677076700000066,0.03730715029999998,-1,-1,-1,-1
8,40,0.5635184047,0.578699104,0.011677076699999955,0.03730715029999998,-1,-1,-1,-1
9,40,0.5665062659,0.5803140438,0.011625154000000082,0.03902796060000002,-1,-1,-1,-1
10,40,0.5654680382,0.5813292002,0.013563186599999999,0.0393048761,-1,-1,-1,-1
11,40,0.568444411,0.5889889762,0.01785440760000001,0.039304876200000005,-1,-1,-1,-1
12,40,0.5752967362,0.5991405409,0.012386423499999966,0.0422578401,-1,-1,-1,-1
13,40,0.5760581182,0.6090151901,0.01259411399999999,0.0433652015999999,-1,-1,-1,-1
14,40,0.5760581182,0.6139064122,0.01259411399999999,0.03902781050000004,-1,-1,-1,-1
15,40,0.5782038413,0.6154752494,0.010863659500000011,0.03985840670000007,-1,-1,-1,-1
16,40,0.5773040365,0.6172286469,0.011071237400000045,0.044288153,-1,-1,-1,-1
17,40,0.5761598235,0.6226188874,0.012587581500000056,0.03920200899999993,-1,-1,-1,-1
18,40,0.5767700554,0.6278056462,0.01205360039999992,0.040219117599999965,-1,-1,-1,-1
19,40,0.5753207265,0.6310600036,0.012435079800000026,0.0406260812,-1,-1,-1,-1
20,40,0.5728035481,0.6374673528,0.013045311700000006,0.03940564089999998,-1,-1,-1,-1
21,40,0.5708966016,0.6478411707,0.011977349599999965,0.04113441029999998,-1,-1,-1,-1
22,40,0.5643366651,0.6538417065,0.01655408869999997,0.04357529090000001,-1,-1,-1,-1
23,40,0.5676929405,0.6629949338,0.012587581500000056,0.04316847760000009,-1,-1,-1,-1
24,40,0.5634975681,0.674283744,0.013121562500000072,0.042965296099999994,-1,-1,-1,-1
25,40,0.5617432359,0.6814029042,0.01640147440000006,0.043473925499999955,-1,-1,-1,-1
26,40,0.5620482392,0.6842505983,0.013426678400000003,0.04266029859999998,-1,-1,-1,-1
27,40,0.5627348345,0.6882169167,0.013197813400000036,0.043372259700000027,-1,-1,-1,-1
28,40,0.5629636996,0.6963531855,0.013884296099999971,0.03513432509999992,-1,-1,-1,-1
29,40,0.5694473854,0.7028622006,0.012663832200000003,0.039100643499999976,-1,-1,-1,-1
30,40,0.5709729651,0.7045911202,0.01266383230000001,0.039100643499999976,-1,-1,-1,-1
31,40,0.5729561624,0.7055065631,0.01266383230000001,0.03910064339999997,-1,-1,-1,-1
32,40,0.5729561624,0.7027605348,0.012434967199999925,0.03991427029999994,-1,-1,-1,-1
33,40,0.5734901435,0.7027605348,0.012434967099999916,0.03991427029999994,-1,-1,-1,-1
34,40,0.574557993,0.7026587188,0.012434967100000027,0.039914270300000054,-1,-1,-1,-1
35,40,0.5773040365,0.7087609204,0.012434967200000036,0.03991427039999995,-1,-1,-1,-1
36,40,0.5790583687,0.7075403299,0.012663944900000002,0.039100943799999954,-1,-1,-1,-1
37,40,0.5800499674,0.7073368481,0.012663944900000002,0.03574477050000002,-1,-1,-1,-1
38,40,0.583329992,0.7068283689,0.010146653800000016,0.037270358400000037,-1,-1,-1,-1
39,40,0.5918732385,0.7059130762,0.014189412000000012,0.03991457070000004,-1,-1,-1,-1
40,40,0.5997300022,0.702353421,0.011977349600000076,0.04154182449999999,-1,-1,-1,-1
41,40,0.606791257,0.6999125404,0.013007017299999979,0.04132242450000001,-1,-1,-1,-1
42,40,0.612414108,0.6945077332,0.01326854529999999,0.041583872399999944,-1,-1,-1,-1
43,40,0.6157672298,0.6915313425,0.013137781299999984,0.04362905220000002,-1,-1,-1,-1
44,40,0.6233328438,0.688505095,0.013137781299999984,0.04362905220000002,-1,-1,-1,-1
45,40,0.6361103202,0.6898500272,0.01372616289999995,0.04239629779999998,-1,-1,-1,-1
46,40,0.6366867629,0.6941731521,0.016734522799999985,0.04012075550000005,-1,-1,-1,-1
47,40,0.6397129184,0.6979199204,0.014500947900000005,0.041753866000000084,-1,-1,-1,-1
48,40,0.6410818292,0.699360962,0.017167023800000014,0.04127346870000004,-1,-1,-1,-1
49,40,0.6464858392,0.6994570715,0.013132037099999994,0.04271451039999996,-1,-1,-1,-1
50,40,0.6533310687,0.6974992912,0.011114374900000001,0.04399982460000007,-1,-1,-1,-1
51,40,0.6588792457,0.6968266749,0.018391767500000045,0.04227060469999999,-1,-1,-1,-1
52,40,0.6704798464,0.6946170578,0.012051009799999957,0.04025320639999996,-1,-1,-1,-1
53,40,0.6758117729,0.6959621401,0.021057730699999944,0.038812014599999944,-1,-1,-1,-1
54,40,0.6928883544,0.6941368107,0.018391767500000045,0.04188631679999999,-1,-1,-1,-1
55,40,0.7188276024,0.6972109627,0.01810354609999998,0.0418863169,-1,-1,-1,-1
56,40,0.7422655529,0.6964698685,0.020069511000000095,0.04385250669999996,-1,-1,-1,-1
57,40,0.7589407194,0.6954817428,0.021181173800000064,0.04694047460000006,-1,-1,-1,-1
58,40,0.7724661748,0.6898036243,0.017753490699999985,0.04607218540000002,-1,-1,-1,-1
59,40,0.7862696022,0.6826397132,0.0213664509,0.04668953869999992,-1,-1,-1,-1
60,40,0.7902531167,0.6796753361,0.01654913300000005,0.044095633800000034,-1,-1,-1,-1
61,40,0.7919206108,0.6711526771,0.015437470299999978,0.044960318799999954,-1,-1,-1,-1
62,40,0.79238386,0.6711526771,0.01543747019999997,0.04273688589999991,-1,-1,-1,-1
63,40,0.7917353337,0.6701645515,0.014881638899999938,0.042983917200000055,-1,-1,-1,-1
64,40,0.791827916,0.6694234572,0.014047948099999985,0.044342665200000075,-1,-1,-1,-1
65,40,0.7899418061,0.6690529852,0.017045720799999997,0.044342665099999956,-1,-1,-1,-1
66,40,0.7904050552,0.669176576,0.017045720799999997,0.044342665099999956,-1,-1,-1,-1
67,40,0.7904050552,0.669176576,0.016211917399999942,0.04458954640000001,-1,-1,-1,-1
68,40,0.7904050552,0.6689295445,0.016211917399999942,0.04458954640000001,-1,-1,-1,-1
69,40,0.7904050552,0.6689295445,0.016211917399999942,0.04458954640000001,-1,-1,-1,-1
70,40,0.7905440412,0.6684972771,0.016211917400000053,0.04458954640000001,-1,-1,-1,-1
71,40,0.7906830272,0.6680650097,0.016211917399999942,0.0445895463999999,-1,-1,-1,-1
72,40,0.790312473,0.667941569,0.016211917400000053,0.04458954640000001,-1,-1,-1,-1
73,40,0.7960561765,0.6647300104,0.013803202099999967,0.04298376709999996,-1,-1,-1,-1
74,40,0.8021705469,0.6660886081,0.013803202099999967,0.04298376709999996,-1,-1,-1,-1
75,40,0.8045791495,0.6653475139,0.013803202099999967,0.04298376709999996,-1,-1,-1,-1
76,40,0.8023557114,0.6663356396,0.013803202100000078,0.04298376710000007,-1,-1,-1,-1
77,40,0.8020777394,0.6646064196,0.013803202099999967,0.04298376709999996,-1,-1,-1,-1
78,40,0.804764314,0.6637418848,0.013803202099999967,0.04298376710000007,-1,-1,-1,-1
79,40,0.8068950572,0.6632478219,0.013803202199999975,0.04298376710000007,-1,-1,-1,-1
80,40,0.8065243904,0.6632478219,0.013803202099999967,0.04298376710000007,-1,-1,-1,-1
81,40,0.8067097801,0.6632478219,0.013803202099999967,0.04298376710000007,-1,-1,-1,-1
82,40,0.8067097801,0.6632478219,0.013803202099999967,0.04298376710000007,-1,-1,-1,-1
83,40,0.8067097801,0.6632478219,0.013803202099999967,0.04298376710000007,-1,-1,-1,-1
84,40,0.8067097801,0.6632478219,0.013803202099999967,0.04298376710000007,-1,-1,-1,-1
85,40,0.8067097801,0.6632478219,0.013803202099999967,0.04298376710000007,-1,-1,-1,-1
86,40,0.8067097801,0.6632478219,0.013803202099999967,0.04298376710000007,-1,-1,-1,-1
87,40,0.8067097801,0.6632478219,0.013803202099999967,0.04298376710000007,-1,-1,-1,-1
88,40,0.8063779707,0.6576058946,0.013803202100000078,0.04298376710000007,-1,-1,-1,-1
89,40,0.8007358599,0.6578272468,0.013803202100000078,0.04298376709999996,-1,-1,-1,-1
90,40,0.7992423799,0.659265285,0.013803202099999967,0.04298376709999996,-1,-1,-1,-1
91,40,0.8035094979,0.6584277809,0.013803202099999967,0.04298376710000007,-1,-1,-1,-1
92,40,0.8047184734,0.6580009947,0.013803202099999967,0.04298376710000007,-1,-1,-1,-1
93,40,0.8060104575,0.6580799847,0.013803202099999967,0.04298376710000007,-1,-1,-1,-1
94,40,0.8068639712,0.6577955607,0.013803202100000078,0.04298376709999996,-1,-1,-1,-1
95,40,0.8002498594,0.6570370466,0.013803202099999967,0.04298376710000007,-1,-1,-1,-1
96,40,0.8048726645,0.6558992004,0.013803202100000078,0.04298376709999996,-1,-1,-1,-1
97,40,0.806935041,0.6562785325,0.013803202099999967,0.04298376709999996,-1,-1,-1,-1
98,40,0.8011033731,0.6558992004,0.013803202099999967,0.04298376709999996,-1,-1,-1,-1
99,40,0.800890051,0.6562785325,0.013803202099999967,0.04298376709999996,-1,-1,-1,-1
100,40,0.8014590602,0.6550459283,0.013803202099999967,0.04298376710000007,-1,-1,-1,-1
101,40,0.80153013,0.6547613541,0.013803202100000078,0.04298376709999996,-1,-1,-1,-1
102,40,0.8027391055,0.6551405361,0.013803202099999967,0.04298376709999996,-1,-1,-1,-1
103,40,0.8037347588,0.6531492676,0.013803202099999967,0.04298376709999996,-1,-1,-1,-1
104,40,0.8018344575,0.6566041034,0.013803202099999967,0.04298376710000007,-1,-1,-1,-1
105,40,0.8016123502,0.658282115,0.013803202099999967,0.04298376709999996,-1,-1,-1,-1
106,40,0.8010200266,0.6571963781,0.013803202099999967,0.04298376710000007,-1,-1,-1,-1
107,40,0.8010200266,0.6574925155,0.015050359299999982,0.04282818980000003,-1,-1,-1,-1
108,40,0.8007238085,0.6579861278,0.015050359299999982,0.042828189900000035,-1,-1,-1,-1
109,40,0.800205483,0.657591328,0.01505035939999999,0.042828189900000035,-1,-1,-1,-1
110,40,0.7999093775,0.6598616143,0.01505035939999999,0.042828189900000035,-1,-1,-1,-1
111,40,0.7999833757,0.6587757273,0.01505035939999999,0.042828189900000035,-1,-1,-1,-1
112,40,0.8003534795,0.6585784025,0.015050359299999982,0.042828189900000035,-1,-1,-1,-1
113,40,0.8005015885,0.6599604269,0.01505035939999999,0.042828189900000035,-1,-1,-1,-1
114,40,0.800797694,0.6614411137,0.01505035939999999,0.042828189899999924,-1,-1,-1,-1
115,40,0.8001313722,0.6603552267,0.015050359299999982,0.04282818980000003,-1,-1,-1,-1
116,40,0.8001313722,0.6561104911,0.015050359299999982,0.04282818980000003,-1,-1,-1,-1
117,40,0.7978363011,0.6559131663,0.015050359299999982,0.042828189900000035,-1,-1,-1,-1
118,40,0.7959854445,0.656307966,0.01505035939999999,0.042828189900000035,-1,-1,-1,-1
119,40,0.7950970154,0.6569002407,0.015050359299999982,0.042828189900000035,-1,-1,-1,-1
120,40,0.7956152282,0.6579861278,0.015050359299999982,0.042828189900000035,-1,-1,-1,-1
121,40,0.7948749081,0.6569990533,0.015050359299999982,0.042828189900000035,-1,-1,-1,-1
122,40,0.7944306935,0.6572951907,0.015050359400000102,0.042828189900000035,-1,-1,-1,-1
123,40,0.7962074392,0.6586770649,0.015050359299999982,0.042828189900000035,-1,-1,-1,-1
124,40,0.7970217575,0.6581834526,0.015050359299999982,0.042828189900000035,-1,-1,-1,-1
125,40,0.7995389359,0.6594666644,0.01186719699999994,0.04233472770000002,-1,-1,-1,-1
126,40,0.8003533668,0.6598614642,0.01186719699999994,0.04233472770000002,-1,-1,-1,-1
127,40,0.7999831505,0.6591703769,0.011867196899999932,0.04233472770000002,-1,-1,-1,-1
128,40,0.7984158975,0.6578048713,0.011867196900000043,0.04233472770000002,-1,-1,-1,-1
129,40,0.7993537714,0.6568837219,0.012607517100000076,0.04253220270000002,-1,-1,-1,-1
130,40,0.8007974688,0.6528200926,0.012607516999999957,0.04253220270000002,-1,-1,-1,-1
131,40,0.8020314482,0.655255417,0.012607517099999965,0.04253220270000002,-1,-1,-1,-1
132,40,0.8030186543,0.6556503669,0.012607517100000076,0.04253220270000002,-1,-1,-1,-1
133,40,0.8028705452,0.6584809415,0.012607517099999965,0.04253220270000002,-1,-1,-1,-1
134,40,0.802796547,0.6570986167,0.012607517099999965,0.04253220270000002,-1,-1,-1,-1
135,40,0.8036604227,0.6564569357,0.012607517099999965,0.04253220270000002,-1,-1,-1,-1
136,40,0.8021088254,0.6546344596,0.012607517000000068,0.04253220270000002,-1,-1,-1,-1
137,40,0.8022960172,0.6541127652,0.012607517099999965,0.04253220270000002,-1,-1,-1,-1
138,40,0.8010533652,0.6545730396,0.012607517099999965,0.04253220270000002,-1,-1,-1,-1
139,40,0.8024341022,0.6536524909,0.012607516999999957,0.04253220270000002,-1,-1,-1,-1
140,40,0.8005700679,0.653560436,0.012607517000000068,0.04253220270000002,-1,-1,-1,-1
141,40,0.7983608212,0.6537445458,0.012607517000000068,0.04253220270000002,-1,-1,-1,-1
142,40,0.7983608212,0.6537445458,0.012607517000000068,0.04253220270000002,-1,-1,-1,-1
143,40,0.7992276253,0.6534143196,0.012607516999999957,0.04253220270000002,-1,-1,-1,-1
144,40,0.800280157,0.6523411971,0.012607517099999965,0.04253220269999991,-1,-1,-1,-1
145,40,0.8015184164,0.6505251783,0.012607517099999965,0.04253220270000002,-1,-1,-1,-1
146,40,0.8016421973,0.649864876,0.012607517100000076,0.04253220280000003,-1,-1,-1,-1
147,40,0.8018898717,0.649864876,0.012607517099999965,0.04253220280000003,-1,-1,-1,-1
148,40,0.8021375461,0.649864876,0.012607517099999965,0.04253220280000003,-1,-1,-1,-1
