1,224,0.7777275946,0.3760010404,0.022952062700000053,0.0518905637,-1,-1,-1,-1
2,224,0.7708638937,0.3933217722,0.021857519800000058,0.05415469300000003,-1,-1,-1,-1
3,224,0.7625278873,0.4129211998,0.025657108700000042,0.057934048499999946,-1,-1,-1,-1
4,224,0.7575685424,0.4317717243,0.023692495399999958,0.058692412400000005,-1,-1,-1,-1
5,224,0.7541866999,0.4473537754,0.025202081600000037,0.05999094169999997,-1,-1,-1,-1
6,224,0.7498723897,0.4650134433,0.021989297399999996,0.059075949299999986,-1,-1,-1,-1
7,224,0.7485191346,0.4835211273,0.021058969699999985,0.05716787559999997,-1,-1,-1,-1
8,224,0.7468276501,0.5014074033,0.02148414980000002,0.06002037520000003,-1,-1,-1,-1
9,224,0.7498723897,0.5211050429,0.022914218799999997,0.062070510699999915,-1,-1,-1,-1
10,224,0.753170773,0.5399791442,0.023342439899999956,0.061088692299999914,-1,-1,-1,-1
11,224,0.7601903545,0.5551473238,0.021143667799999988,0.060391297799999966,-1,-1,-1,-1
12,224,0.7716304567,0.5680201385,0.02721039550000004,0.04935462479999997,-1,-1,-1,-1
13,224,0.7858163772,0.5703281178,0.021765500600000043,0.04775680449999997,-1,-1,-1,-1
14,224,0.7995954764,0.5759656902,0.020968865300000084,0.05262520049999997,-1,-1,-1,-1
15,224,0.8083856089,0.5829226655,0.02413997619999997,0.053787224399999944,-1,-1,-1,-1
16,224,0.8158886004,0.5984347369,0.023438175699999952,0.057175083799999915,-1,-1,-1,-1
17,224,0.8213254985,0.6170853837,0.02305252899999999,0.05633412579999997,-1,-1,-1,-1
18,224,0.8217360365,0.6363568377,0.01712625159999992,0.053748179900000026,-1,-1,-1,-1
19,224,0.8224786093,0.6564803624,0.015947010499999914,0.05297104460000002,-1,-1,-1,-1
20,224,0.8211359414,0.6813826311,0.015947010500000025,0.05297104460000002,-1,-1,-1,-1
21,224,0.8032457173,0.6917903876,0.02784551879999997,0.06440972560000002,-1,-1,-1,-1
22,224,0.8003433427,0.7113378561,0.030921682200000022,0.06607692480000005,-1,-1,-1,-1
23,224,0.808607153,0.7349563122,0.020654626300000034,0.06131680210000001,-1,-1,-1,-1
24,224,0.8005267051,0.75660993,0.028822700799999934,0.05826052039999996,-1,-1,-1,-1
25,224,0.8011407665,0.7806237866,0.02938506460000001,0.0626112768,-1,-1,-1,-1
26,224,0.79992661,0.8032883561,0.0302070418,0.06475602009999992,-1,-1,-1,-1
27,224,0.7997275919,0.8279631156,0.02844538870000002,0.06232835439999995,-1,-1,-1,-1
28,224,0.8005030527,0.8500226458,0.027104522899999983,0.06322652770000003,-1,-1,-1,-1
29,224,0.7997614937,0.8746667704,0.03197984549999999,0.0607892511,-1,-1,-1,-1
30,224,0.8030027734,0.8959862575,0.027965470199999953,0.05689997049999995,-1,-1,-1,-1
31,224,0.8059208037,0.9173634104,0.02869587880000002,0.05567562569999995,-1,-1,-1,-1
32,224,0.8055238939,0.9421637129,0.03390684020000001,0.061417416699999894,-1,-1,-1,-1
33,224,0.8044616759,0.9645551212,0.027645824900000004,0.05651703419999998,-1,-1,-1,-1
34,224,0.7976048455,0.9859363287,0.030302777700000005,0.05774002739999995,-1,-1,-1,-1
