1,280,0.6778997165,0.6843901072,0.014378743899999935,0.0499572613,-1,-1,-1,-1
2,280,0.6717074059,0.6842502979,0.019206648900000012,0.054854940799999974,-1,-1,-1,-1
3,280,0.6687686516,0.6884484805,0.018996705800000013,0.05065675820000004,-1,-1,-1,-1
4,280,0.6647534879,0.6896381358,0.01560619080000003,0.0494079355,-1,-1,-1,-1
5,280,0.6612445982,0.683308425,0.018161888799999915,0.05574785790000003,-1,-1,-1,-1
6,280,0.6562907722,0.6817948507,0.017645815900000028,0.0551973308,-1,-1,-1,-1
7,280,0.6509240429,0.6800060128,0.019194034399999893,0.0516196552,-1,-1,-1,-1
8,280,0.6509240429,0.6753275832,0.013208062699999967,0.05602282120000002,-1,-1,-1,-1
9,280,0.6520592454,0.6723004347,0.013208175399999966,0.05492191700000004,-1,-1,-1,-1
10,280,0.6500983489,0.6713372374,0.014137038900000065,0.05148179800000008,-1,-1,-1,-1
11,280,0.6481374524,0.6702363332,0.01692351670000003,0.04941769670000007,-1,-1,-1,-1
12,280,0.6499951794,0.6683099387,0.015891483700000042,0.05230743859999998,-1,-1,-1,-1
13,280,0.6500984616,0.6677595617,0.01723302520000003,0.05340819260000007,-1,-1,-1,-1
14,280,0.6513369462,0.6684476456,0.014240095699999955,0.05299522209999996,-1,-1,-1,-1
15,280,0.6509241555,0.6684476456,0.014859225499999962,0.05299522209999996,-1,-1,-1,-1
16,280,0.6507178165,0.6681725321,0.014859225399999954,0.05299522219999997,-1,-1,-1,-1
17,280,0.6503050258,0.6681725321,0.015065564499999962,0.05299522219999997,-1,-1,-1,-1
18,280,0.650408308,0.6681725321,0.015065564399999953,0.05299522219999997,-1,-1,-1,-1
19,280,0.6505114775,0.6681725321,0.015065564399999953,0.05299522219999997,-1,-1,-1,-1
20,280,0.6517475969,0.6667965146,0.01372616290000006,0.05492161669999995,-1,-1,-1,-1
21,280,0.6528852773,0.6666765279,0.012898103699999997,0.05476633980000001,-1,-1,-1,-1
22,280,0.6506147596,0.6710799943,0.014549491699999972,0.05187659779999998,-1,-1,-1,-1
23,280,0.6438917342,0.6756800347,0.01896505660000003,0.05277822489999995,-1,-1,-1,-1
24,280,0.6384070808,0.6816951371,0.01392281569999998,0.055019378100000016,-1,-1,-1,-1
25,280,0.6366378813,0.6914847895,0.01356893079999999,0.04982961590000001,-1,-1,-1,-1
26,280,0.6307994556,0.6995051262,0.017315808600000038,0.05279294179999994,-1,-1,-1,-1
27,280,0.6301170276,0.7092536317,0.013524666899999982,0.05428399039999998,-1,-1,-1,-1
28,280,0.6297271009,0.7144046498,0.01303720230000005,0.05537212990000007,-1,-1,-1,-1
29,280,0.6256326454,0.7194739748,0.015474300400000085,0.05303246449999999,-1,-1,-1,-1
30,280,0.625340144,0.7228535748,0.013622092400000008,0.054592141400000016,-1,-1,-1,-1
31,280,0.6243653273,0.7240234075,0.016839156499999897,0.04965286449999995,-1,-1,-1,-1
32,280,0.6295321375,0.7254531863,0.016059303099999922,0.0517325837,-1,-1,-1,-1
33,280,0.6307995682,0.7266230189,0.014206869799999966,0.05147263769999999,-1,-1,-1,-1
34,280,0.6304095289,0.7277928516,0.014206869699999958,0.05147263760000009,-1,-1,-1,-1
35,280,0.6282647068,0.7313023496,0.014206869799999966,0.05147263769999999,-1,-1,-1,-1
36,280,0.6285570955,0.7333820689,0.014402170999999964,0.05433219519999999,-1,-1,-1,-1
37,280,0.6209530745,0.7379313514,0.01713177049999992,0.05316236259999996,-1,-1,-1,-1
38,280,0.6179309737,0.745990132,0.014304520399999965,0.05719190299999999,-1,-1,-1,-1
39,280,0.6129591269,0.7537891166,0.0168391564,0.056931806699999976,-1,-1,-1,-1
40,280,0.6066223113,0.7609381608,0.01352466699999999,0.05875157980000001,-1,-1,-1,-1
41,280,0.6040875625,0.7692570376,0.01303731500000005,0.052512422200000075,-1,-1,-1,-1
42,280,0.5980433609,0.7718564989,0.01878901519999998,0.05251257230000006,-1,-1,-1,-1
43,280,0.5919991593,0.7747160565,0.013949396499999933,0.06012339259999999,-1,-1,-1,-1
44,280,0.5880240921,0.7831675345,0.016575375900000022,0.054015484400000036,-1,-1,-1,-1
45,280,0.5837266765,0.7834539107,0.017220072700000033,0.053729108199999986,-1,-1,-1,-1
46,280,0.5822226092,0.782164692,0.015178758000000014,0.056594071999999995,-1,-1,-1,-1
47,280,0.582867306,0.7824510683,0.01464139809999998,0.05602116930000001,-1,-1,-1,-1
48,280,0.5830820923,0.7843133398,0.014641510700000082,0.0545886874,-1,-1,-1,-1
49,280,0.5830820923,0.7843133398,0.014641510700000082,0.0545886874,-1,-1,-1,-1
50,280,0.5830820923,0.7843133398,0.014641510700000082,0.0545886874,-1,-1,-1,-1
51,280,0.5830820923,0.7843133398,0.014641510700000082,0.0545886874,-1,-1,-1,-1
52,280,0.5829899606,0.78406781,0.014641510700000082,0.05458868750000001,-1,-1,-1,-1
53,280,0.5829899606,0.78406781,0.014641510700000082,0.05458868750000001,-1,-1,-1,-1
54,280,0.5829899606,0.7847938872,0.014641510700000082,0.05386261030000006,-1,-1,-1,-1
55,280,0.5837954937,0.7874951645,0.013835977600000104,0.05116133300000003,-1,-1,-1,-1
56,280,0.5780860299,0.7921608296,0.01933853919999995,0.05288034129999997,-1,-1,-1,-1
57,280,0.5662066688,0.7957213858,0.019798972599999964,0.05721623070000004,-1,-1,-1,-1
58,280,0.5527618568,0.7994047819,0.02735016999999995,0.0532873049,-1,-1,-1,-1
59,280,0.5529460077,0.7964579749,0.023298288699999947,0.05476078350000002,-1,-1,-1,-1
60,280,0.5527617442,0.795230026,0.023298401399999946,0.05230518610000001,-1,-1,-1,-1
61,280,0.5527617442,0.7951071861,0.02090410279999999,0.05230518610000001,-1,-1,-1,-1
62,280,0.551656614,0.7947388165,0.021640931400000007,0.05255086590000002,-1,-1,-1,-1
63,280,0.5518407648,0.7947388165,0.021640931400000007,0.05255086590000002,-1,-1,-1,-1
64,280,0.5518407648,0.7949847967,0.021640931400000007,0.052304885700000026,-1,-1,-1,-1
65,280,0.5513803315,0.7951074864,0.0216409313,0.052304885800000034,-1,-1,-1,-1
66,280,0.552577706,0.7951074864,0.020443556799999985,0.052304885800000034,-1,-1,-1,-1
67,280,0.5528539886,0.794616427,0.020443556799999985,0.052304885800000034,-1,-1,-1,-1
68,280,0.5528539886,0.794616427,0.020351425099999987,0.05267325540000001,-1,-1,-1,-1
69,280,0.5528539886,0.7949847967,0.020811858399999994,0.05156814639999996,-1,-1,-1,-1
70,280,0.5531302711,0.7949847967,0.02062770759999999,0.05181382629999998,-1,-1,-1,-1
71,280,0.5531302711,0.7949847967,0.02062770759999999,0.05181382629999998,-1,-1,-1,-1
72,280,0.5531302711,0.7949847967,0.02062770759999999,0.05181382629999998,-1,-1,-1,-1
73,280,0.5534924907,0.794381109,0.02047633230000001,0.05284069609999997,-1,-1,-1,-1
74,280,0.5534924907,0.794381109,0.02047633230000001,0.05284069609999997,-1,-1,-1,-1
75,280,0.5534924907,0.794381109,0.02047633230000001,0.05284069609999997,-1,-1,-1,-1
76,280,0.5534924907,0.794381109,0.02047633230000001,0.05284069609999997,-1,-1,-1,-1
77,280,0.5534924907,0.794381109,0.02047633230000001,0.05284069609999997,-1,-1,-1,-1
78,280,0.5530397162,0.7949847967,0.02047633230000001,0.05247848349999995,-1,-1,-1,-1
79,280,0.5530397162,0.7949847967,0.02047633230000001,0.05247848349999995,-1,-1,-1,-1
80,280,0.5530397162,0.7949847967,0.02047633230000001,0.05247848349999995,-1,-1,-1,-1
81,280,0.5530397162,0.7949847967,0.02047633230000001,0.05247848349999995,-1,-1,-1,-1
82,280,0.5530397162,0.7949847967,0.02047633230000001,0.05247848349999995,-1,-1,-1,-1
83,280,0.5530397162,0.7949847967,0.02047633230000001,0.05247848349999995,-1,-1,-1,-1
84,280,0.5530397162,0.7949847967,0.02047633230000001,0.05247848349999995,-1,-1,-1,-1
85,280,0.5530397162,0.7949847967,0.02047633230000001,0.05247848349999995,-1,-1,-1,-1
86,280,0.5530397162,0.7949847967,0.02047633230000001,0.05247848349999995,-1,-1,-1,-1
87,280,0.5530397162,0.7949847967,0.02047633230000001,0.05247848349999995,-1,-1,-1,-1
88,280,0.5530397162,0.7949847967,0.02047633230000001,0.05247848349999995,-1,-1,-1,-1
89,280,0.5530397162,0.7949847967,0.02047633230000001,0.05247848349999995,-1,-1,-1,-1
90,280,0.5530397162,0.7949847967,0.02047633230000001,0.05247848349999995,-1,-1,-1,-1
91,280,0.5530397162,0.7949847967,0.02047633230000001,0.05247848349999995,-1,-1,-1,-1
92,280,0.5530397162,0.7949847967,0.02047633230000001,0.05247848349999995,-1,-1,-1,-1
93,280,0.5530397162,0.7949847967,0.02047633230000001,0.05247848349999995,-1,-1,-1,-1
94,280,0.5530397162,0.7949847967,0.02047633230000001,0.05247848349999995,-1,-1,-1,-1
95,280,0.5530397162,0.7949847967,0.02047633230000001,0.05247848349999995,-1,-1,-1,-1
96,280,0.5530397162,0.7949847967,0.02047633230000001,0.05247848349999995,-1,-1,-1,-1
97,280,0.5530397162,0.7949847967,0.02047633230000001,0.05247848349999995,-1,-1,-1,-1
98,280,0.5530397162,0.7949847967,0.02047633230000001,0.05247848349999995,-1,-1,-1,-1
99,280,0.5530397162,0.7949847967,0.02047633230000001,0.05247848349999995,-1,-1,-1,-1
100,280,0.5530397162,0.7949847967,0.02047633230000001,0.05247848349999995,-1,-1,-1,-1
101,280,0.5530397162,0.7949847967,0.02047633230000001,0.05247848349999995,-1,-1,-1,-1
102,280,0.5530397162,0.7949847967,0.02047633230000001,0.05247848349999995,-1,-1,-1,-1
103,280,0.5530397162,0.7949847967,0.02047633230000001,0.05247848349999995,-1,-1,-1,-1
104,280,0.5530397162,0.7949847967,0.02047633230000001,0.05247848349999995,-1,-1,-1,-1
105,280,0.5530397162,0.7949847967,0.02047633230000001,0.05247848349999995,-1,-1,-1,-1
106,280,0.5530397162,0.7949847967,0.02047633230000001,0.05247848349999995,-1,-1,-1,-1
107,280,0.5530397162,0.7949847967,0.02047633230000001,0.05247848349999995,-1,-1,-1,-1
108,280,0.5530397162,0.7949847967,0.02047633230000001,0.05247848349999995,-1,-1,-1,-1
109,280,0.5530397162,0.7949847967,0.02047633230000001,0.05247848349999995,-1,-1,-1,-1
110,280,0.5530397162,0.7949847967,0.02047633230000001,0.05247848349999995,-1,-1,-1,-1
111,280,0.5530397162,0.7949847967,0.02047633230000001,0.05247848349999995,-1,-1,-1,-1
112,280,0.5530397162,0.7949847967,0.02047633230000001,0.05247848349999995,-1,-1,-1,-1
113,280,0.5530397162,0.7949847967,0.02047633230000001,0.05247848349999995,-1,-1,-1,-1
114,280,0.5530397162,0.7949847967,0.02047633230000001,0.05247848349999995,-1,-1,-1,-1
115,280,0.5530397162,0.7949847967,0.02047633230000001,0.05247848349999995,-1,-1,-1,-1
116,280,0.5530397162,0.7949847967,0.02047633230000001,0.05247848349999995,-1,-1,-1,-1
117,280,0.5530397162,0.7947829668,0.02047633230000001,0.0526803133999999,-1,-1,-1,-1
118,280,0.5530397162,0.7947829668,0.02047633230000001,0.0526803133999999,-1,-1,-1,-1
119,280,0.5530397162,0.7947829668,0.02047633230000001,0.0526803133999999,-1,-1,-1,-1
120,280,0.5530397162,0.7947829668,0.02047633230000001,0.0526803133999999,-1,-1,-1,-1
121,280,0.5530397162,0.7947829668,0.02047633230000001,0.0526803133999999,-1,-1,-1,-1
122,280,0.5530397162,0.7947829668,0.02047633230000001,0.0526803133999999,-1,-1,-1,-1
123,280,0.5530397162,0.7947829668,0.02047633230000001,0.0526803133999999,-1,-1,-1,-1
124,280,0.5530397162,0.7947829668,0.02047633230000001,0.0526803133999999,-1,-1,-1,-1
125,280,0.5530397162,0.7947829668,0.02047633230000001,0.0526803133999999,-1,-1,-1,-1
126,280,0.5530397162,0.7947829668,0.02047633230000001,0.0526803133999999,-1,-1,-1,-1
127,280,0.5530397162,0.7947829668,0.02047633230000001,0.0526803133999999,-1,-1,-1,-1
128,280,0.5530397162,0.7947829668,0.02047633230000001,0.0526803133999999,-1,-1,-1,-1
129,280,0.5530397162,0.7947829668,0.02047633230000001,0.0526803133999999,-1,-1,-1,-1
130,280,0.5530397162,0.7947829668,0.02047633230000001,0.0526803133999999,-1,-1,-1,-1
131,280,0.5530397162,0.7947829668,0.02047633230000001,0.0526803133999999,-1,-1,-1,-1
132,280,0.5530397162,0.7947829668,0.02047633230000001,0.0526803133999999,-1,-1,-1,-1
133,280,0.5530397162,0.7947829668,0.02047633230000001,0.0526803133999999,-1,-1,-1,-1
134,280,0.5530397162,0.7947829668,0.02047633230000001,0.0526803133999999,-1,-1,-1,-1
135,280,0.5530397162,0.7947829668,0.02047633230000001,0.0526803133999999,-1,-1,-1,-1
136,280,0.5530397162,0.7949427488,0.02047633230000001,0.052520531399999903,-1,-1,-1,-1
137,280,0.5530397162,0.795903243,0.02047633230000001,0.05156003719999991,-1,-1,-1,-1
138,280,0.5530397162,0.7959871886,0.02047633230000001,0.051476091599999996,-1,-1,-1,-1
139,280,0.5530397162,0.7956111602,0.02047633230000001,0.051852119999999946,-1,-1,-1,-1
140,280,0.5530397162,0.795905045,0.02047633230000001,0.05155823519999991,-1,-1,-1,-1
141,280,0.5530397162,0.7958906286,0.02047633230000001,0.05157265159999991,-1,-1,-1,-1
142,280,0.5530397162,0.7958644988,0.02047633230000001,0.05159878139999996,-1,-1,-1,-1
143,280,0.5530397162,0.7961468205,0.02047633230000001,0.05131645969999998,-1,-1,-1,-1
144,280,0.5530397162,0.7958897276,0.02047633230000001,0.05157355259999996,-1,-1,-1,-1
145,280,0.5530397162,0.7962855785,0.02047633230000001,0.05117770169999991,-1,-1,-1,-1
146,280,0.5530397162,0.7960004037,0.02047633230000001,0.05146287649999992,-1,-1,-1,-1
147,280,0.5530397162,0.7961119808,0.02047633230000001,0.05135129939999994,-1,-1,-1,-1
148,280,0.5530397162,0.7960705336,0.02047633230000001,0.05139274659999993,-1,-1,-1,-1
