1,28,0.5609589899,0.651026149,0.012851024099999941,0.049970926900000046,-1,-1,-1,-1
2,28,0.5598626449,0.6667405008,0.012851024099999941,0.04850916159999996,-1,-1,-1,-1
3,28,0.558400814,0.6833075239,0.012576881600000034,0.04144376279999995,-1,-1,-1,-1
4,28,0.5612229957,0.6912356557,0.01168969139999998,0.045621522000000025,-1,-1,-1,-1
5,28,0.5612229957,0.6958781944,0.011067858500000027,0.04446099999999997,-1,-1,-1,-1
6,28,0.5638345585,0.6981995389,0.010321681600000021,0.04446084979999998,-1,-1,-1,-1
7,28,0.575026761,0.7061581554,0.013720531399999958,0.04462693899999992,-1,-1,-1,-1
8,28,0.5923123847,0.7083135608,0.01372053129999995,0.04462693900000003,-1,-1,-1,-1
9,28,0.6030070984,0.703505083,0.013720531399999958,0.04462693899999992,-1,-1,-1,-1
10,28,0.6076755188,0.6981992386,0.014399467900000018,0.049029354199999986,-1,-1,-1,-1
11,28,0.607913507,0.6964539503,0.01511354499999995,0.045379896799999986,-1,-1,-1,-1
12,28,0.6117216559,0.6948672428,0.013685503299999957,0.04649056200000001,-1,-1,-1,-1
13,28,0.6119596441,0.695977908,0.013685503199999949,0.04506258529999996,-1,-1,-1,-1
14,28,0.6124356204,0.6967712618,0.015470696299999975,0.04379318919999997,-1,-1,-1,-1
15,28,0.6101744511,0.6969299926,0.014756619100000035,0.04395192010000004,-1,-1,-1,-1
16,28,0.6056523377,0.6918524083,0.019397782899999938,0.046490712199999895,-1,-1,-1,-1
17,28,0.6088654597,0.6899483892,0.018564768000000065,0.045855939099999965,-1,-1,-1,-1
18,28,0.6096984747,0.691376366,0.01951683329999998,0.04379333930000007,-1,-1,-1,-1
19,28,0.6083893707,0.6902657007,0.020587949100000058,0.04474527379999993,-1,-1,-1,-1
20,28,0.6102935015,0.69010712,0.018564880500000047,0.04490385450000001,-1,-1,-1,-1
21,28,0.6120294749,0.6905944252,0.01678182759999991,0.044633246199999976,-1,-1,-1,-1
22,28,0.6112985032,0.691203519,0.017512799299999937,0.04390221350000001,-1,-1,-1,-1
23,28,0.6115726458,0.6910817303,0.017512799299999937,0.0439022134,-1,-1,-1,-1
24,28,0.6111159292,0.6909599416,0.017512799299999937,0.0439022134,-1,-1,-1,-1
25,28,0.6139189637,0.6901554751,0.01470976479999997,0.04470667989999999,-1,-1,-1,-1
26,28,0.6169339688,0.6917391793,0.012973678699999991,0.043366553200000046,-1,-1,-1,-1
27,28,0.6248825264,0.6981954843,0.013796106400000063,0.04482831840000001,-1,-1,-1,-1
28,28,0.6367598601,0.7064789208,0.012973904000000092,0.04300118689999999,-1,-1,-1,-1
29,28,0.6417848686,0.7112297329,0.018455741600000075,0.0431231259,-1,-1,-1,-1
30,28,0.6472667063,0.710620639,0.012608417999999899,0.043854008499999986,-1,-1,-1,-1
31,28,0.6471753629,0.7107424278,0.012699761399999954,0.04495040750000001,-1,-1,-1,-1
32,28,0.6456221887,0.7103769114,0.014618421500000034,0.04385415859999997,-1,-1,-1,-1
33,28,0.6463530479,0.7103769114,0.013339389799999934,0.04385415859999997,-1,-1,-1,-1
34,28,0.6429725569,0.7097678175,0.013887562399999998,0.043732219700000075,-1,-1,-1,-1
35,28,0.6289938765,0.7053823716,0.020283058399999998,0.04543771260000007,-1,-1,-1,-1
36,28,0.6226898364,0.708914996,0.011146474600000067,0.04482876889999998,-1,-1,-1,-1
37,28,0.6157591204,0.7056259491,0.011357656699999996,0.04205090440000003,-1,-1,-1,-1
38,28,0.6178303947,0.7044423007,0.012985054399999973,0.044812550399999984,-1,-1,-1,-1
39,28,0.615665975,0.7046025332,0.015354348899999981,0.04520960279999997,-1,-1,-1,-1
40,28,0.6187923716,0.7071677555,0.012708884499999962,0.04264438049999997,-1,-1,-1,-1
41,28,0.6169888198,0.7073281382,0.019923542000000016,0.04264438050000008,-1,-1,-1,-1
42,28,0.6179507967,0.7082881819,0.01968296320000007,0.04120348900000004,-1,-1,-1,-1
43,28,0.6216784148,0.7106930215,0.014993480900000078,0.039119264699999934,-1,-1,-1,-1
44,28,0.6294944063,0.7134184763,0.013550459399999992,0.04457032449999998,-1,-1,-1,-1
45,28,0.629734985,0.7134184763,0.013911102100000017,0.04440994180000002,-1,-1,-1,-1
46,28,0.6304564958,0.7129376285,0.01318959130000008,0.0450511723,-1,-1,-1,-1
47,28,0.6310749497,0.7145866571,0.01622104049999995,0.04355952299999999,-1,-1,-1,-1
48,28,0.638083606,0.7110136367,0.011376803899999954,0.044109149200000086,-1,-1,-1,-1
49,28,0.638083606,0.7103266041,0.011376803899999954,0.04410914909999997,-1,-1,-1,-1
50,28,0.6376713785,0.7104640106,0.011376803899999954,0.04410914910000008,-1,-1,-1,-1
51,28,0.6331939794,0.7104126521,0.01653572999999997,0.04390086189999998,-1,-1,-1,-1
52,28,0.6289101921,0.704052006,0.022976503400000015,0.0472502776,-1,-1,-1,-1
53,28,0.6291049302,0.7137875968,0.017816563699999954,0.04452437219999994,-1,-1,-1,-1
54,28,0.6314654396,0.7165055431,0.012864201900000038,0.045572265899999964,-1,-1,-1,-1
55,28,0.6314654396,0.7177929597,0.013722445999999944,0.04414188649999995,-1,-1,-1,-1
56,28,0.6313582154,0.7189374135,0.012542191300000005,0.04414188640000005,-1,-1,-1,-1
57,28,0.6317873375,0.7187943005,0.015224598599999917,0.04414188639999994,-1,-1,-1,-1
58,28,0.6327530311,0.7196526783,0.014258904999999933,0.04314039559999994,-1,-1,-1,-1
59,28,0.6295341649,0.7207971321,0.017155873300000013,0.04228216780000005,-1,-1,-1,-1
60,28,0.6286758081,0.721226321,0.017155873300000013,0.042282167900000056,-1,-1,-1,-1
61,28,0.6304997459,0.7206541692,0.015439272399999981,0.040851487999999936,-1,-1,-1,-1
62,28,0.6295340522,0.7186514878,0.016190292400000028,0.04442781210000002,-1,-1,-1,-1
63,28,0.6295340522,0.7190806767,0.01608306819999994,0.04399862320000003,-1,-1,-1,-1
64,28,0.6281392365,0.7200820174,0.01608306809999993,0.04399862330000004,-1,-1,-1,-1
65,28,0.6276027776,0.7200820174,0.013937232299999991,0.04285416949999998,-1,-1,-1,-1
66,28,0.6282465733,0.7205110562,0.01672675130000001,0.04228201769999995,-1,-1,-1,-1
67,28,0.6279247881,0.7205110562,0.01737043440000008,0.04256824370000001,-1,-1,-1,-1
68,28,0.628461247,0.7209402451,0.014044344000000097,0.04228201770000006,-1,-1,-1,-1
69,28,0.6279247881,0.7210833582,0.01329332400000005,0.041995941699999983,-1,-1,-1,-1
70,28,0.6281393491,0.7210833582,0.01329332399999994,0.041995941699999983,-1,-1,-1,-1
71,28,0.6288903691,0.7177931099,0.01340066080000002,0.04299728250000001,-1,-1,-1,-1
72,28,0.6293194912,0.717363921,0.01340066080000002,0.04299728250000001,-1,-1,-1,-1
73,28,0.6282465733,0.7179360728,0.016834088099999978,0.04542930299999992,-1,-1,-1,-1
74,28,0.6330747037,0.716219317,0.017692445,0.04614471809999998,-1,-1,-1,-1
75,28,0.6321091227,0.7172206578,0.019087260699999997,0.0448571512,-1,-1,-1,-1
76,28,0.6328601427,0.7177928096,0.01844346489999993,0.04457122549999992,-1,-1,-1,-1
77,28,0.6307144196,0.7190803764,0.02016006590000008,0.042997432599999996,-1,-1,-1,-1
78,28,0.6309289806,0.7175067337,0.019838168099999942,0.044428112500000005,-1,-1,-1,-1
79,28,0.6304997459,0.7166483558,0.01951638280000001,0.04571567929999998,-1,-1,-1,-1
80,28,0.6185901999,0.7199386041,0.020911198500000006,0.03884895669999999,-1,-1,-1,-1
81,28,0.6006722688,0.7277447969,0.017155986000000012,0.04320241619999998,-1,-1,-1,-1
82,28,0.5933762921,0.7383308065,0.015224823900000017,0.05006898849999997,-1,-1,-1,-1
83,28,0.5919814763,0.7420502436,0.013186212500000072,0.04663577749999992,-1,-1,-1,-1
84,28,0.5899429774,0.7461988698,0.015224711400000035,0.04463294579999999,-1,-1,-1,-1
85,28,0.5866853663,0.7559283035,0.010308391299999942,0.04644896470000004,-1,-1,-1,-1
86,28,0.5842096359,0.7557545556,0.012262867800000077,0.04523272909999998,-1,-1,-1,-1
87,28,0.5849915167,0.7540172264,0.012523382099999925,0.0445377374,-1,-1,-1,-1
88,28,0.584340062,0.7491525846,0.013435463700000039,0.046622562399999956,-1,-1,-1,-1
89,28,0.5770429591,0.7425504635,0.02008111189999995,0.04436398939999997,-1,-1,-1,-1
90,28,0.5658366777,0.7427242114,0.020211312799999992,0.04210541649999999,-1,-1,-1,-1
91,28,0.5662058804,0.7409190049,0.0196785706,0.04400387920000004,-1,-1,-1,-1
92,28,0.5659597828,0.7379649897,0.018570737399999926,0.04613735969999999,-1,-1,-1,-1
93,28,0.5652212648,0.7300874656,0.011800857599999937,0.04991205989999992,-1,-1,-1,-1
94,28,0.5625470795,0.7299324891,0.015524195799999974,0.04519353450000008,-1,-1,-1,-1
95,28,0.5625470795,0.7301208036,0.015287108599999932,0.04562332410000003,-1,-1,-1,-1
96,28,0.5618208383,0.7296366521,0.01539816220000001,0.04527042200000009,-1,-1,-1,-1
97,28,0.5615182565,0.7297172939,0.01630590750000005,0.045512573,-1,-1,-1,-1
98,28,0.5612156747,0.7297979358,0.01721365279999998,0.04575472380000001,-1,-1,-1,-1
99,28,0.5604895461,0.7301208036,0.02084463390000002,0.04543185599999999,-1,-1,-1,-1
100,28,0.5601265381,0.730604805,0.019997314900000007,0.045593439999999985,-1,-1,-1,-1
101,28,0.5601265381,0.7302490497,0.018662193299999963,0.04570772029999992,-1,-1,-1,-1
102,28,0.5595930075,0.7300712472,0.018662193300000074,0.04588552279999991,-1,-1,-1,-1
103,28,0.5595930075,0.7300712472,0.019729254400000062,0.046063475499999895,-1,-1,-1,-1
104,28,0.5601265381,0.7295376893,0.017461777700000014,0.04677483590000009,-1,-1,-1,-1
105,28,0.5601265381,0.7295376893,0.01839548429999993,0.04713059120000007,-1,-1,-1,-1
106,28,0.5594080683,0.7302898962,0.022474284199999972,0.045488470500000044,-1,-1,-1,-1
107,28,0.5586002826,0.7304244495,0.024796724499999923,0.04521921380000005,-1,-1,-1,-1
108,28,0.5580953602,0.7308284097,0.024089968300000097,0.04589228050000005,-1,-1,-1,-1
109,28,0.558499253,0.7306937063,0.024897754099999947,0.04521921370000004,-1,-1,-1,-1
110,28,0.5597109316,0.7304244495,0.018435355600000092,0.046296240700000046,-1,-1,-1,-1
111,28,0.5598119612,0.7304244495,0.01873821880000004,0.046430944200000046,-1,-1,-1,-1
112,28,0.5591050923,0.7306937063,0.01934417079999995,0.045892430600000034,-1,-1,-1,-1
113,28,0.5598118485,0.7310975163,0.01843546819999997,0.045623173900000036,-1,-1,-1,-1
114,28,0.5603166583,0.7310975163,0.01681989670000006,0.045623173900000036,-1,-1,-1,-1
115,28,0.5598118485,0.7305590028,0.017324706500000064,0.04643094410000004,-1,-1,-1,-1
116,28,0.5603167709,0.7305590028,0.016617837700000027,0.047507971100000046,-1,-1,-1,-1
117,28,0.5622353184,0.7300204893,0.013689558000000046,0.04737341780000004,-1,-1,-1,-1
118,28,0.563749973,0.7292127191,0.013992421300000002,0.04737341780000004,-1,-1,-1,-1
119,28,0.5645578713,0.7304242994,0.012477654200000021,0.04629639080000003,-1,-1,-1,-1
120,28,0.5669812286,0.7332515702,0.010963112100000005,0.04346912000000003,-1,-1,-1,-1
121,28,0.5631442463,0.7341938937,0.014295171999999967,0.04333456670000002,-1,-1,-1,-1
122,28,0.5627403534,0.7359441376,0.013588415800000031,0.04239209300000002,-1,-1,-1,-1
123,28,0.5620335972,0.7320398398,0.014598035400000042,0.044950107100000025,-1,-1,-1,-1
124,28,0.5649618768,0.73284761,0.010761053099999973,0.04441159370000003,-1,-1,-1,-1
125,28,0.5671834003,0.7329823135,0.010761053099999973,0.04441159360000002,-1,-1,-1,-1
126,28,0.5674863762,0.7320230206,0.012477428900000032,0.045505589999999985,-1,-1,-1,-1
127,28,0.5671835129,0.7317537639,0.01126575019999998,0.04537103669999998,-1,-1,-1,-1
128,28,0.5579946685,0.7352541015,0.01803112480000002,0.042274358899999975,-1,-1,-1,-1
129,28,0.5565809309,0.7367350886,0.02015173119999991,0.04092807529999998,-1,-1,-1,-1
130,28,0.5562780675,0.7364658319,0.02035356510000008,0.04146658869999997,-1,-1,-1,-1
131,28,0.5565810435,0.7364658319,0.02035356509999997,0.04146658869999997,-1,-1,-1,-1
132,28,0.5589034838,0.7366005353,0.016920362999999994,0.04119718189999999,-1,-1,-1,-1
133,28,0.5594082936,0.7353888049,0.016516582800000013,0.04240891229999999,-1,-1,-1,-1
134,28,0.5534507048,0.7320230206,0.02247417159999998,0.045370886499999985,-1,-1,-1,-1
135,28,0.5594658477,0.7328307908,0.01807460020000007,0.04456311629999998,-1,-1,-1,-1
136,28,0.5664331687,0.7423896303,0.018983415399999926,0.03890857459999997,-1,-1,-1,-1
137,28,0.5665341982,0.7423896303,0.02211352880000006,0.043351385899999983,-1,-1,-1,-1
138,28,0.5667361446,0.7427935905,0.021911582400000018,0.043216682399999984,-1,-1,-1,-1
139,28,0.5667361446,0.7431975506,0.022012612000000042,0.042947425799999994,-1,-1,-1,-1
140,28,0.5664331687,0.7353888049,0.021709748599999967,0.050217658,-1,-1,-1,-1
141,28,0.5637068355,0.7367352388,0.024536998700000034,0.04860196729999999,-1,-1,-1,-1
142,28,0.5637068355,0.7402355764,0.02443608180000001,0.04442841279999998,-1,-1,-1,-1
143,28,0.5643126748,0.742255077,0.024133105799999943,0.04254361569999998,-1,-1,-1,-1
144,28,0.5668370616,0.7434668074,0.021608718999999943,0.04133188529999998,-1,-1,-1,-1
145,28,0.5671399249,0.7446783876,0.021305855699999987,0.04146658879999998,-1,-1,-1,-1
146,28,0.5662312222,0.7438706174,0.022214558399999973,0.042274358999999984,-1,-1,-1,-1
147,28,0.5662312222,0.7438706174,0.022214558399999973,0.042274358999999984,-1,-1,-1,-1
148,28,0.5662312222,0.74413627,0.022214558399999973,0.042008706399999984,-1,-1,-1,-1
1,28,0.5609589899,0.651026149,0.012851024099999941,0.049970926900000046,-1,-1,-1,-1
2,28,0.5598626449,0.6667405008,0.012851024099999941,0.04850916159999996,-1,-1,-1,-1
3,28,0.558400814,0.6833075239,0.012576881600000034,0.04144376279999995,-1,-1,-1,-1
4,28,0.5612229957,0.6912356557,0.01168969139999998,0.045621522000000025,-1,-1,-1,-1
5,28,0.5612229957,0.6958781944,0.011067858500000027,0.04446099999999997,-1,-1,-1,-1
6,28,0.5638345585,0.6981995389,0.010321681600000021,0.04446084979999998,-1,-1,-1,-1
7,28,0.575026761,0.7061581554,0.013720531399999958,0.04462693899999992,-1,-1,-1,-1
8,28,0.5923123847,0.7083135608,0.01372053129999995,0.04462693900000003,-1,-1,-1,-1
9,28,0.6030070984,0.703505083,0.013720531399999958,0.04462693899999992,-1,-1,-1,-1
10,28,0.6076755188,0.6981992386,0.014399467900000018,0.049029354199999986,-1,-1,-1,-1
11,28,0.607913507,0.6964539503,0.01511354499999995,0.045379896799999986,-1,-1,-1,-1
12,28,0.6117216559,0.6948672428,0.013685503299999957,0.04649056200000001,-1,-1,-1,-1
13,28,0.6119596441,0.695977908,0.013685503199999949,0.04506258529999996,-1,-1,-1,-1
14,28,0.6124356204,0.6967712618,0.015470696299999975,0.04379318919999997,-1,-1,-1,-1
15,28,0.6101744511,0.6969299926,0.014756619100000035,0.04395192010000004,-1,-1,-1,-1
16,28,0.6056523377,0.6918524083,0.019397782899999938,0.046490712199999895,-1,-1,-1,-1
17,28,0.6088654597,0.6899483892,0.018564768000000065,0.045855939099999965,-1,-1,-1,-1
18,28,0.6096984747,0.691376366,0.01951683329999998,0.04379333930000007,-1,-1,-1,-1
19,28,0.6083893707,0.6902657007,0.020587949100000058,0.04474527379999993,-1,-1,-1,-1
20,28,0.6102935015,0.69010712,0.018564880500000047,0.04490385450000001,-1,-1,-1,-1
21,28,0.6120294749,0.6905944252,0.01678182759999991,0.044633246199999976,-1,-1,-1,-1
22,28,0.6112985032,0.691203519,0.017512799299999937,0.04390221350000001,-1,-1,-1,-1
23,28,0.6115726458,0.6910817303,0.017512799299999937,0.0439022134,-1,-1,-1,-1
24,28,0.6111159292,0.6909599416,0.017512799299999937,0.0439022134,-1,-1,-1,-1
25,28,0.6139189637,0.6901554751,0.01470976479999997,0.04470667989999999,-1,-1,-1,-1
26,28,0.6169339688,0.6917391793,0.012973678699999991,0.043366553200000046,-1,-1,-1,-1
27,28,0.6248825264,0.6981954843,0.013796106400000063,0.04482831840000001,-1,-1,-1,-1
28,28,0.6367598601,0.7064789208,0.012973904000000092,0.04300118689999999,-1,-1,-1,-1
29,28,0.6417848686,0.7112297329,0.018455741600000075,0.0431231259,-1,-1,-1,-1
30,28,0.6472667063,0.710620639,0.012608417999999899,0.043854008499999986,-1,-1,-1,-1
31,28,0.6471753629,0.7107424278,0.012699761399999954,0.04495040750000001,-1,-1,-1,-1
32,28,0.6456221887,0.7103769114,0.014618421500000034,0.04385415859999997,-1,-1,-1,-1
33,28,0.6463530479,0.7103769114,0.013339389799999934,0.04385415859999997,-1,-1,-1,-1
34,28,0.6429725569,0.7097678175,0.013887562399999998,0.043732219700000075,-1,-1,-1,-1
35,28,0.6289938765,0.7053823716,0.020283058399999998,0.04543771260000007,-1,-1,-1,-1
36,28,0.6226898364,0.708914996,0.011146474600000067,0.04482876889999998,-1,-1,-1,-1
37,28,0.6157591204,0.7056259491,0.011357656699999996,0.04205090440000003,-1,-1,-1,-1
38,28,0.6178303947,0.7044423007,0.012985054399999973,0.044812550399999984,-1,-1,-1,-1
39,28,0.615665975,0.7046025332,0.015354348899999981,0.04520960279999997,-1,-1,-1,-1
40,28,0.6187923716,0.7071677555,0.012708884499999962,0.04264438049999997,-1,-1,-1,-1
41,28,0.6169888198,0.7073281382,0.019923542000000016,0.04264438050000008,-1,-1,-1,-1
42,28,0.6179507967,0.7082881819,0.01968296320000007,0.04120348900000004,-1,-1,-1,-1
43,28,0.6216784148,0.7106930215,0.014993480900000078,0.039119264699999934,-1,-1,-1,-1
44,28,0.6294944063,0.7134184763,0.013550459399999992,0.04457032449999998,-1,-1,-1,-1
45,28,0.629734985,0.7134184763,0.013911102100000017,0.04440994180000002,-1,-1,-1,-1
46,28,0.6304564958,0.7129376285,0.01318959130000008,0.0450511723,-1,-1,-1,-1
47,28,0.6310749497,0.7145866571,0.01622104049999995,0.04355952299999999,-1,-1,-1,-1
48,28,0.638083606,0.7110136367,0.011376803899999954,0.044109149200000086,-1,-1,-1,-1
49,28,0.638083606,0.7103266041,0.011376803899999954,0.04410914909999997,-1,-1,-1,-1
50,28,0.6376713785,0.7104640106,0.011376803899999954,0.04410914910000008,-1,-1,-1,-1
51,28,0.6331939794,0.7104126521,0.01653572999999997,0.04390086189999998,-1,-1,-1,-1
52,28,0.6289101921,0.704052006,0.022976503400000015,0.0472502776,-1,-1,-1,-1
53,28,0.6291049302,0.7137875968,0.017816563699999954,0.04452437219999994,-1,-1,-1,-1
54,28,0.6314654396,0.7165055431,0.012864201900000038,0.045572265899999964,-1,-1,-1,-1
55,28,0.6314654396,0.7177929597,0.013722445999999944,0.04414188649999995,-1,-1,-1,-1
56,28,0.6313582154,0.7189374135,0.012542191300000005,0.04414188640000005,-1,-1,-1,-1
57,28,0.6317873375,0.7187943005,0.015224598599999917,0.04414188639999994,-1,-1,-1,-1
58,28,0.6327530311,0.7196526783,0.014258904999999933,0.04314039559999994,-1,-1,-1,-1
59,28,0.6295341649,0.7207971321,0.017155873300000013,0.04228216780000005,-1,-1,-1,-1
60,28,0.6286758081,0.721226321,0.017155873300000013,0.042282167900000056,-1,-1,-1,-1
61,28,0.6304997459,0.7206541692,0.015439272399999981,0.040851487999999936,-1,-1,-1,-1
62,28,0.6295340522,0.7186514878,0.016190292400000028,0.04442781210000002,-1,-1,-1,-1
63,28,0.6295340522,0.7190806767,0.01608306819999994,0.04399862320000003,-1,-1,-1,-1
64,28,0.6281392365,0.7200820174,0.01608306809999993,0.04399862330000004,-1,-1,-1,-1
65,28,0.6276027776,0.7200820174,0.013937232299999991,0.04285416949999998,-1,-1,-1,-1
66,28,0.6282465733,0.7205110562,0.01672675130000001,0.04228201769999995,-1,-1,-1,-1
67,28,0.6279247881,0.7205110562,0.01737043440000008,0.04256824370000001,-1,-1,-1,-1
68,28,0.628461247,0.7209402451,0.014044344000000097,0.04228201770000006,-1,-1,-1,-1
69,28,0.6279247881,0.7210833582,0.01329332400000005,0.041995941699999983,-1,-1,-1,-1
70,28,0.6281393491,0.7210833582,0.01329332399999994,0.041995941699999983,-1,-1,-1,-1
71,28,0.6288903691,0.7177931099,0.01340066080000002,0.04299728250000001,-1,-1,-1,-1
72,28,0.6293194912,0.717363921,0.01340066080000002,0.04299728250000001,-1,-1,-1,-1
73,28,0.6282465733,0.7179360728,0.016834088099999978,0.04542930299999992,-1,-1,-1,-1
74,28,0.6330747037,0.716219317,0.017692445,0.04614471809999998,-1,-1,-1,-1
75,28,0.6321091227,0.7172206578,0.019087260699999997,0.0448571512,-1,-1,-1,-1
76,28,0.6328601427,0.7177928096,0.01844346489999993,0.04457122549999992,-1,-1,-1,-1
77,28,0.6307144196,0.7190803764,0.02016006590000008,0.042997432599999996,-1,-1,-1,-1
78,28,0.6309289806,0.7175067337,0.019838168099999942,0.044428112500000005,-1,-1,-1,-1
79,28,0.6304997459,0.7166483558,0.01951638280000001,0.04571567929999998,-1,-1,-1,-1
80,28,0.6185901999,0.7199386041,0.020911198500000006,0.03884895669999999,-1,-1,-1,-1
81,28,0.6006722688,0.7277447969,0.017155986000000012,0.04320241619999998,-1,-1,-1,-1
82,28,0.5933762921,0.7383308065,0.015224823900000017,0.05006898849999997,-1,-1,-1,-1
83,28,0.5919814763,0.7420502436,0.013186212500000072,0.04663577749999992,-1,-1,-1,-1
84,28,0.5899429774,0.7461988698,0.015224711400000035,0.04463294579999999,-1,-1,-1,-1
85,28,0.5866853663,0.7559283035,0.010308391299999942,0.04644896470000004,-1,-1,-1,-1
86,28,0.5842096359,0.7557545556,0.012262867800000077,0.04523272909999998,-1,-1,-1,-1
87,28,0.5849915167,0.7540172264,0.012523382099999925,0.0445377374,-1,-1,-1,-1
88,28,0.584340062,0.7491525846,0.013435463700000039,0.046622562399999956,-1,-1,-1,-1
89,28,0.5770429591,0.7425504635,0.02008111189999995,0.04436398939999997,-1,-1,-1,-1
90,28,0.5658366777,0.7427242114,0.020211312799999992,0.04210541649999999,-1,-1,-1,-1
91,28,0.5662058804,0.7409190049,0.0196785706,0.04400387920000004,-1,-1,-1,-1
92,28,0.5659597828,0.7379649897,0.018570737399999926,0.04613735969999999,-1,-1,-1,-1
93,28,0.5652212648,0.7300874656,0.011800857599999937,0.04991205989999992,-1,-1,-1,-1
94,28,0.5625470795,0.7299324891,0.015524195799999974,0.04519353450000008,-1,-1,-1,-1
95,28,0.5625470795,0.7301208036,0.015287108599999932,0.04562332410000003,-1,-1,-1,-1
96,28,0.5618208383,0.7296366521,0.01539816220000001,0.04527042200000009,-1,-1,-1,-1
97,28,0.5615182565,0.7297172939,0.01630590750000005,0.045512573,-1,-1,-1,-1
98,28,0.5612156747,0.7297979358,0.01721365279999998,0.04575472380000001,-1,-1,-1,-1
99,28,0.5604895461,0.7301208036,0.02084463390000002,0.04543185599999999,-1,-1,-1,-1
100,28,0.5601265381,0.730604805,0.019997314900000007,0.045593439999999985,-1,-1,-1,-1
101,28,0.5601265381,0.7302490497,0.018662193299999963,0.04570772029999992,-1,-1,-1,-1
102,28,0.5595930075,0.7300712472,0.018662193300000074,0.04588552279999991,-1,-1,-1,-1
103,28,0.5595930075,0.7300712472,0.019729254400000062,0.046063475499999895,-1,-1,-1,-1
104,28,0.5601265381,0.7295376893,0.017461777700000014,0.04677483590000009,-1,-1,-1,-1
105,28,0.5601265381,0.7295376893,0.01839548429999993,0.04713059120000007,-1,-1,-1,-1
106,28,0.5594080683,0.7302898962,0.022474284199999972,0.045488470500000044,-1,-1,-1,-1
107,28,0.5586002826,0.7304244495,0.024796724499999923,0.04521921380000005,-1,-1,-1,-1
108,28,0.5580953602,0.7308284097,0.024089968300000097,0.04589228050000005,-1,-1,-1,-1
109,28,0.558499253,0.7306937063,0.024897754099999947,0.04521921370000004,-1,-1,-1,-1
110,28,0.5597109316,0.7304244495,0.018435355600000092,0.046296240700000046,-1,-1,-1,-1
111,28,0.5598119612,0.7304244495,0.01873821880000004,0.046430944200000046,-1,-1,-1,-1
112,28,0.5591050923,0.7306937063,0.01934417079999995,0.045892430600000034,-1,-1,-1,-1
113,28,0.5598118485,0.7310975163,0.01843546819999997,0.045623173900000036,-1,-1,-1,-1
114,28,0.5603166583,0.7310975163,0.01681989670000006,0.045623173900000036,-1,-1,-1,-1
115,28,0.5598118485,0.7305590028,0.017324706500000064,0.04643094410000004,-1,-1,-1,-1
116,28,0.5603167709,0.7305590028,0.016617837700000027,0.047507971100000046,-1,-1,-1,-1
117,28,0.5622353184,0.7300204893,0.013689558000000046,0.04737341780000004,-1,-1,-1,-1
118,28,0.563749973,0.7292127191,0.013992421300000002,0.04737341780000004,-1,-1,-1,-1
119,28,0.5645578713,0.7304242994,0.012477654200000021,0.04629639080000003,-1,-1,-1,-1
120,28,0.5669812286,0.7332515702,0.010963112100000005,0.04346912000000003,-1,-1,-1,-1
121,28,0.5631442463,0.7341938937,0.014295171999999967,0.04333456670000002,-1,-1,-1,-1
122,28,0.5627403534,0.7359441376,0.013588415800000031,0.04239209300000002,-1,-1,-1,-1
123,28,0.5620335972,0.7320398398,0.014598035400000042,0.044950107100000025,-1,-1,-1,-1
124,28,0.5649618768,0.73284761,0.010761053099999973,0.04441159370000003,-1,-1,-1,-1
125,28,0.5671834003,0.7329823135,0.010761053099999973,0.04441159360000002,-1,-1,-1,-1
126,28,0.5674863762,0.7320230206,0.012477428900000032,0.045505589999999985,-1,-1,-1,-1
127,28,0.5671835129,0.7317537639,0.01126575019999998,0.04537103669999998,-1,-1,-1,-1
128,28,0.5579946685,0.7352541015,0.01803112480000002,0.042274358899999975,-1,-1,-1,-1
129,28,0.5565809309,0.7367350886,0.02015173119999991,0.04092807529999998,-1,-1,-1,-1
130,28,0.5562780675,0.7364658319,0.02035356510000008,0.04146658869999997,-1,-1,-1,-1
131,28,0.5565810435,0.7364658319,0.02035356509999997,0.04146658869999997,-1,-1,-1,-1
132,28,0.5589034838,0.7366005353,0.016920362999999994,0.04119718189999999,-1,-1,-1,-1
133,28,0.5594082936,0.7353888049,0.016516582800000013,0.04240891229999999,-1,-1,-1,-1
134,28,0.5534507048,0.7320230206,0.02247417159999998,0.045370886499999985,-1,-1,-1,-1
135,28,0.5594658477,0.7328307908,0.01807460020000007,0.04456311629999998,-1,-1,-1,-1
136,28,0.5664331687,0.7423896303,0.018983415399999926,0.03890857459999997,-1,-1,-1,-1
137,28,0.5665341982,0.7423896303,0.02211352880000006,0.043351385899999983,-1,-1,-1,-1
138,28,0.5667361446,0.7427935905,0.021911582400000018,0.043216682399999984,-1,-1,-1,-1
139,28,0.5667361446,0.7431975506,0.022012612000000042,0.042947425799999994,-1,-1,-1,-1
140,28,0.5664331687,0.7353888049,0.021709748599999967,0.050217658,-1,-1,-1,-1
141,28,0.5637068355,0.7367352388,0.024536998700000034,0.04860196729999999,-1,-1,-1,-1
142,28,0.5637068355,0.7402355764,0.02443608180000001,0.04442841279999998,-1,-1,-1,-1
143,28,0.5643126748,0.742255077,0.024133105799999943,0.04254361569999998,-1,-1,-1,-1
144,28,0.5668370616,0.7434668074,0.021608718999999943,0.04133188529999998,-1,-1,-1,-1
145,28,0.5671399249,0.7446783876,0.021305855699999987,0.04146658879999998,-1,-1,-1,-1
146,28,0.5662312222,0.7438706174,0.022214558399999973,0.042274358999999984,-1,-1,-1,-1
147,28,0.5662312222,0.7438706174,0.022214558399999973,0.042274358999999984,-1,-1,-1,-1
148,28,0.5662312222,0.74413627,0.022214558399999973,0.042008706399999984,-1,-1,-1,-1
