1,164,0.6874458247,0.8950332719,0.018669739599999957,0.06030284699999999,-1,-1,-1,-1
2,164,0.6878860973,0.8950332719,0.017963659099999973,0.05977905029999997,-1,-1,-1,-1
3,164,0.6881729671,0.8956708983,0.017963659099999973,0.05977905029999997,-1,-1,-1,-1
4,164,0.6884599495,0.8956708983,0.017963659099999973,0.05977905029999997,-1,-1,-1,-1
5,164,0.6887468193,0.8956708983,0.017963659099999973,0.05977905029999997,-1,-1,-1,-1
6,164,0.6885555728,0.895543403,0.017963659099999973,0.05977905029999997,-1,-1,-1,-1
7,164,0.6874059536,0.8960032269,0.018377238100000026,0.05977905029999997,-1,-1,-1,-1
8,164,0.6871152543,0.8962616713,0.018377238200000034,0.05977905029999997,-1,-1,-1,-1
9,164,0.6871152543,0.8985746062,0.019553213000000014,0.057016803500000046,-1,-1,-1,-1
10,164,0.6871152543,0.8979991506,0.02025557659999999,0.05723545269999997,-1,-1,-1,-1
11,164,0.6865973794,0.8981143318,0.01956492649999997,0.05723545269999997,-1,-1,-1,-1
12,164,0.6870167026,0.8979745226,0.017916692199999917,0.05749029289999996,-1,-1,-1,-1
13,164,0.683658963,0.8932621542,0.019287630300000025,0.056400801799999956,-1,-1,-1,-1
14,164,0.6833716427,0.8893045457,0.01979210220000005,0.05741685930000007,-1,-1,-1,-1
15,164,0.6872017545,0.8829212239,0.021994365800000026,0.06303415849999994,-1,-1,-1,-1
16,164,0.6852327486,0.8815256841,0.024079718999999944,0.06402799059999997,-1,-1,-1,-1
17,164,0.6861850392,0.8820018765,0.021283892800000093,0.06402799070000009,-1,-1,-1,-1
18,164,0.6777500306,0.8883201743,0.022263214699999923,0.05688525369999997,-1,-1,-1,-1
19,164,0.6779554686,0.8901004524,0.021063024399999963,0.05688525369999997,-1,-1,-1,-1
20,164,0.6779554686,0.8905554708,0.021063024399999963,0.05643023530000002,-1,-1,-1,-1
21,164,0.6802618028,0.8913186402,0.019175225099999915,0.055077494300000085,-1,-1,-1,-1
22,164,0.6807387928,0.8913186402,0.02489921829999997,0.055077494300000085,-1,-1,-1,-1
23,164,0.6820828122,0.8913186402,0.023119882100000044,0.055077494300000085,-1,-1,-1,-1
24,164,0.6786712353,0.890767212,0.02632466950000001,0.055077494299999974,-1,-1,-1,-1
25,164,0.6802231705,0.890767212,0.024772734299999932,0.05568163250000002,-1,-1,-1,-1
26,164,0.6802231705,0.8915019991,0.024772734299999932,0.054946845399999944,-1,-1,-1,-1
27,164,0.6804120518,0.8927610334,0.024772734300000043,0.054946845399999944,-1,-1,-1,-1
28,164,0.6822589663,0.895377464,0.023889486099999968,0.05324090200000009,-1,-1,-1,-1
29,164,0.6797987789,0.8964933853,0.028291760700000057,0.0508422194,-1,-1,-1,-1
30,164,0.6823170836,0.8961708178,0.02423886580000001,0.050044510700000044,-1,-1,-1,-1
31,164,0.6818974225,0.8940442452,0.02178340890000008,0.05236660599999998,-1,-1,-1,-1
32,164,0.6818974225,0.8925817291,0.02212839600000005,0.053829122100000015,-1,-1,-1,-1
33,164,0.681599177,0.8912244829,0.018401341100000024,0.05518636830000001,-1,-1,-1,-1
34,164,0.6832193663,0.8908735331,0.017036034600000027,0.055925059900000074,-1,-1,-1,-1
35,164,0.6832193663,0.8911363325,0.017921084799999987,0.055662260500000005,-1,-1,-1,-1
36,164,0.6808357677,0.8911363325,0.01893993999999999,0.055662260500000005,-1,-1,-1,-1
37,164,0.6808357677,0.8911363325,0.01893993999999999,0.055662260500000005,-1,-1,-1,-1
38,164,0.6808357677,0.8915266271,0.01893993999999999,0.05527196590000005,-1,-1,-1,-1
39,164,0.6808357677,0.892486821,0.01874396300000003,0.054311772000000036,-1,-1,-1,-1
40,164,0.6808357677,0.892801129,0.01874396300000003,0.05399746400000005,-1,-1,-1,-1
41,164,0.6808357677,0.893099519,0.01874396300000003,0.05369907400000007,-1,-1,-1,-1
42,164,0.6799402428,0.8910100386,0.01874396300000003,0.0546245783999999,-1,-1,-1,-1
43,164,0.6778256057,0.8894592219,0.016113703600000084,0.05897293199999998,-1,-1,-1,-1
44,164,0.6770847224,0.8944677276,0.02124390900000006,0.05396442629999998,-1,-1,-1,-1
45,164,0.6770847224,0.8924539335,0.024818349600000067,0.05573779649999999,-1,-1,-1,-1
46,164,0.6766156165,0.8958089055,0.019281435599999952,0.05227815530000002,-1,-1,-1,-1
47,164,0.6763571296,0.8997729714,0.019281435599999952,0.050329385199999965,-1,-1,-1,-1
48,164,0.6779715748,0.9069904936,0.01997828029999993,0.04258175910000006,-1,-1,-1,-1
49,164,0.6801747394,0.9116228207,0.019978280400000048,0.038598771700000034,-1,-1,-1,-1
50,164,0.6801747394,0.9116228207,0.019978280400000048,0.038598771700000034,-1,-1,-1,-1
51,164,0.6802594375,0.9134304299,0.019978280400000048,0.03724317749999995,-1,-1,-1,-1
52,164,0.6802594375,0.9134304299,0.019978280400000048,0.03724317749999995,-1,-1,-1,-1
53,164,0.6800899287,0.9145601669,0.01997828030000004,0.03588743300000008,-1,-1,-1,-1
54,164,0.6800899287,0.9145601669,0.01997828030000004,0.03588743300000008,-1,-1,-1,-1
55,164,0.6800899287,0.913630608,0.01997828030000004,0.036816991900000096,-1,-1,-1,-1
56,164,0.6803386168,0.913630608,0.019729592200000035,0.036816991900000096,-1,-1,-1,-1
57,164,0.6803386168,0.913630608,0.019729592200000035,0.036816991900000096,-1,-1,-1,-1
58,164,0.6803386168,0.911967163,0.019729592200000035,0.038480436900000026,-1,-1,-1,-1
59,164,0.6808695568,0.9052591712,0.02350699299999992,0.04487336980000001,-1,-1,-1,-1
60,164,0.6799441848,0.8958060523,0.024960714500000036,0.05432648870000001,-1,-1,-1,-1
61,164,0.6790728755,0.8929550544,0.025832023800000048,0.057177486599999994,-1,-1,-1,-1
62,164,0.6790728755,0.8917233512,0.025832023800000048,0.05840918979999998,-1,-1,-1,-1
63,164,0.6796007745,0.8901397973,0.025304124799999994,0.05999274369999996,-1,-1,-1,-1
64,164,0.6796007745,0.8911537524,0.025304124799999994,0.05429495279999996,-1,-1,-1,-1
65,164,0.6796007745,0.8919450037,0.02611405060000005,0.053503701500000056,-1,-1,-1,-1
66,164,0.6812611729,0.8902354562,0.025369450500000057,0.05521324900000002,-1,-1,-1,-1
67,164,0.6812611729,0.8902354562,0.025369450500000057,0.05521324900000002,-1,-1,-1,-1
68,164,0.6829097451,0.889869189,0.02317135419999994,0.05557951620000001,-1,-1,-1,-1
69,164,0.6856573655,0.8872137139,0.02170603179999997,0.05823499129999998,-1,-1,-1,-1
70,164,0.687770651,0.8812815059,0.019249673799999978,0.05609340159999998,-1,-1,-1,-1
71,164,0.6870049891,0.8808341463,0.022646270900000043,0.056145661099999966,-1,-1,-1,-1
72,164,0.6891924981,0.8833133205,0.03292774349999994,0.05366648689999998,-1,-1,-1,-1
73,164,0.6931565275,0.8828215103,0.02730477990000002,0.05366648679999997,-1,-1,-1,-1
74,164,0.6931565275,0.8828215103,0.02730477990000002,0.05366648679999997,-1,-1,-1,-1
75,164,0.699682337,0.8847408468,0.02149428649999996,0.05162641280000002,-1,-1,-1,-1
76,164,0.6964194323,0.884612901,0.024085463099999926,0.05162641280000002,-1,-1,-1,-1
77,164,0.6960355876,0.8830775519,0.026772488300000008,0.055209044199999946,-1,-1,-1,-1
78,164,0.6956581629,0.8830775519,0.026992455599999965,0.055209044199999946,-1,-1,-1,-1
79,164,0.6957073261,0.8834704746,0.026992455600000076,0.05469515869999997,-1,-1,-1,-1
80,164,0.6957564893,0.8838633972,0.026992455599999965,0.0541812733,-1,-1,-1,-1
81,164,0.6956582755,0.8846492424,0.026992455599999965,0.053395428099999975,-1,-1,-1,-1
82,164,0.6956582755,0.8842117941,0.026992455599999965,0.05383287640000001,-1,-1,-1,-1
83,164,0.6956582755,0.8870934268,0.026992455599999965,0.050951243699999926,-1,-1,-1,-1
84,164,0.6956582755,0.8885128438,0.026992455599999965,0.0495318267,-1,-1,-1,-1
85,164,0.696882794,0.8885128438,0.025767937100000027,0.053240451600000016,-1,-1,-1,-1
86,164,0.6966562942,0.8886184141,0.02599443690000003,0.05313488129999999,-1,-1,-1,-1
87,164,0.6964074934,0.8886184141,0.026243237700000033,0.05313488129999999,-1,-1,-1,-1
88,164,0.6964074934,0.8886184141,0.026243237700000033,0.05313488129999999,-1,-1,-1,-1
89,164,0.6964074934,0.8896466354,0.026243237700000033,0.05210665999999997,-1,-1,-1,-1
90,164,0.6964074934,0.8906099829,0.026243237700000033,0.05114331249999993,-1,-1,-1,-1
91,164,0.6959789345,0.8892597948,0.026671796599999964,0.05249350060000002,-1,-1,-1,-1
92,164,0.6953817677,0.8910798682,0.027268963399999957,0.05067342720000001,-1,-1,-1,-1
93,164,0.6958082993,0.8918760752,0.025423738400000007,0.05096025390000003,-1,-1,-1,-1
94,164,0.6958082993,0.8915345862,0.025423738400000007,0.0513017429,-1,-1,-1,-1
95,164,0.6958082993,0.8921960898,0.025423738400000007,0.050640239300000056,-1,-1,-1,-1
96,164,0.6961510339,0.8896771202,0.0250810038,0.05315920890000003,-1,-1,-1,-1
97,164,0.6961510339,0.8834606384,0.0250810038,0.05709339079999998,-1,-1,-1,-1
98,164,0.6957463526,0.8733967736,0.026304396000000008,0.05822508000000004,-1,-1,-1,-1
99,164,0.6955601744,0.8529236506,0.02766902680000005,0.054065191100000076,-1,-1,-1,-1
100,164,0.6978464603,0.823456782,0.02940950549999999,0.05461962259999997,-1,-1,-1,-1
101,164,0.6991801177,0.8033930253,0.029123761999999997,0.06083895780000004,-1,-1,-1,-1
102,164,0.7020380033,0.787897623,0.02740896309999996,0.05601245939999999,-1,-1,-1,-1
103,164,0.7043241766,0.7763005115,0.026667404000000006,0.05291247789999998,-1,-1,-1,-1
104,164,0.7089754772,0.7610126456,0.025914581900000067,0.05291247789999998,-1,-1,-1,-1
105,164,0.7081549642,0.7470635548,0.026968352699999976,0.057448094900000024,-1,-1,-1,-1
106,164,0.7078692207,0.7351230021,0.026968352599999967,0.053287154800000014,-1,-1,-1,-1
107,164,0.7090999339,0.7236365668,0.025254116800000004,0.053287154700000006,-1,-1,-1,-1
108,164,0.708500965,0.7104021401,0.025688532599999925,0.05451825720000003,-1,-1,-1,-1
109,164,0.7087838928,0.702732603,0.02667923020000007,0.0520865370000001,-1,-1,-1,-1
110,164,0.7088781645,0.6950630658,0.02667923020000007,0.05296668969999996,-1,-1,-1,-1
111,164,0.7135932139,0.6847530707,0.023473091200000074,0.05045207499999993,-1,-1,-1,-1
112,164,0.7141821586,0.6776852691,0.023759735800000015,0.052100202499999915,-1,-1,-1,-1
113,164,0.7133062314,0.6748823259,0.02500171200000001,0.05293920839999999,-1,-1,-1,-1
114,164,0.7131310911,0.6727973507,0.0250017119,0.05502418359999994,-1,-1,-1,-1
115,164,0.7131310911,0.670351965,0.025447728600000108,0.057015602099999896,-1,-1,-1,-1
116,164,0.7125159034,0.6688076056,0.026062916300000016,0.05765908530000008,-1,-1,-1,-1
117,164,0.708194948,0.6645202214,0.026934000399999936,0.05602747649999995,-1,-1,-1,-1
118,164,0.7066912186,0.6613047584,0.016881730800000105,0.05951084470000001,-1,-1,-1,-1
119,164,0.6949211091,0.6599125223,0.018682691999999945,0.05484743219999999,-1,-1,-1,-1
120,164,0.6842512867,0.6589362602,0.02168080249999993,0.05592370830000004,-1,-1,-1,-1
121,164,0.6673051313,0.6618651968,0.02806176920000003,0.057876232599999966,-1,-1,-1,-1
122,164,0.6555893097,0.6621440645,0.032978201900000004,0.05885264500000009,-1,-1,-1,-1
123,164,0.6443887725,0.6735310866,0.029310052699999978,0.05885264489999997,-1,-1,-1,-1
124,164,0.6355012146,0.6830966837,0.029323681100000054,0.054708073500000065,-1,-1,-1,-1
125,164,0.629504881,0.6955176337,0.030608569400000007,0.049568468400000065,-1,-1,-1,-1
126,164,0.6275322709,0.7097512987,0.02684141810000007,0.05256333010000003,-1,-1,-1,-1
127,164,0.6307656664,0.7191128133,0.025245219099999994,0.0543051645,-1,-1,-1,-1
128,164,0.6379041857,0.7314960703,0.02548962720000003,0.05670159450000001,-1,-1,-1,-1
129,164,0.6456890912,0.7440532254,0.022358387500000076,0.05443070750000001,-1,-1,-1,-1
130,164,0.6513585713,0.756001587,0.02467699830000003,0.055492567100000056,-1,-1,-1,-1
131,164,0.6528024939,0.7700443846,0.026531233799999998,0.055406669199999925,-1,-1,-1,-1
132,164,0.6547152972,0.7831439576,0.024906539199999966,0.055917701399999964,-1,-1,-1,-1
133,164,0.6513201643,0.7967239279,0.02826833350000002,0.05718139099999997,-1,-1,-1,-1
134,164,0.6481431966,0.8101375086,0.030847120800000072,0.05510572650000001,-1,-1,-1,-1
135,164,0.6502220172,0.825381825,0.02832690140000005,0.06019367259999997,-1,-1,-1,-1
136,164,0.6479016042,0.8440290179,0.027601335900000024,0.058398978100000054,-1,-1,-1,-1
137,164,0.6426054942,0.863231243,0.029785916499999954,0.05696949969999998,-1,-1,-1,-1
138,164,0.6415235659,0.884979769,0.028400561699999938,0.0555257549,-1,-1,-1,-1
139,164,0.6385474183,0.9055419434,0.030338594300000077,0.05916064579999991,-1,-1,-1,-1
140,164,0.6370141797,0.9290276483,0.029977951500000044,0.06092680780000004,-1,-1,-1,-1
141,164,0.6337281857,0.9558153148,0.03230208130000001,0.05942344519999987,-1,-1,-1,-1
142,164,0.6279118356,0.9826586948,0.02445624260000001,0.05301159079999995,-1,-1,-1,-1
