108,406,0.3671040408,0.200134343,0.01341800590000003,0.053070683200000024,-1,-1,-1,-1
109,406,0.3459266965,0.199892943,0.021634286099999955,0.04473416120000001,-1,-1,-1,-1
110,406,0.3273535939,0.1996775977,0.021501269599999984,0.04331511960000001,-1,-1,-1,-1
111,406,0.309264915,0.1953708415,0.0164946198,0.04417650079999999,-1,-1,-1,-1
112,406,0.2913377481,0.1932174633,0.014233563199999966,0.0454684977,-1,-1,-1,-1
113,406,0.2776097832,0.1886954368,0.015525547299999998,0.046545149300000005,-1,-1,-1,-1
114,406,0.2686822415,0.1823030296,0.018100392500000007,0.050360020100000014,-1,-1,-1,-1
115,406,0.2672651249,0.171029687,0.017191014100000013,0.0517107339,-1,-1,-1,-1
116,406,0.2671435966,0.1606651047,0.017100008700000002,0.05159915669999998,-1,-1,-1,-1
117,406,0.2664147649,0.14625176,0.017100008599999994,0.05159915679999999,-1,-1,-1,-1
118,406,0.2709088333,0.1381543855,0.017100008599999994,0.05159915670000001,-1,-1,-1,-1
