1,457,0.6567313826,0.9300139719,0.01824287010000003,0.06493307179999996,-1,-1,-1,-1
2,457,0.657503014,0.9291625019,0.019278394600000026,0.06585106759999992,-1,-1,-1,-1
3,457,0.6559230337,0.9298647019,0.020811858500000002,0.06523086099999997,-1,-1,-1,-1
4,457,0.6532871428,0.9327400274,0.021526724100000005,0.06561920340000005,-1,-1,-1,-1
5,457,0.6477263512,0.9369442169,0.027189896800000057,0.06200849000000008,-1,-1,-1,-1
6,457,0.6470266907,0.9341454785,0.02304926280000008,0.06412274870000001,-1,-1,-1,-1
7,457,0.6476528035,0.9304721439,0.022801363100000027,0.06779608329999998,-1,-1,-1,-1
8,457,0.6480393513,0.9287969855,0.022485772499999945,0.0663092395,-1,-1,-1,-1
9,457,0.6436853952,0.9299026952,0.023991303999999936,0.06189420979999993,-1,-1,-1,-1
10,457,0.6367536654,0.9256893453,0.02327193329999999,0.06603157319999997,-1,-1,-1,-1
11,457,0.6343481038,0.9166506985,0.021915975000000087,0.06469219729999998,-1,-1,-1,-1
12,457,0.6323967809,0.9167807466,0.02039749099999999,0.0656237086,-1,-1,-1,-1
13,457,0.6299298357,0.9187542949,0.022323471999999955,0.06415068039999994,-1,-1,-1,-1
14,457,0.6181872081,0.929964866,0.021933770499999894,0.05987996520000005,-1,-1,-1,-1
15,457,0.6072398642,0.9292892463,0.02748645280000006,0.06133422200000005,-1,-1,-1,-1
16,457,0.6023000043,0.9332880017,0.026476608000000068,0.058328247499999986,-1,-1,-1,-1
17,457,0.5886388292,0.9401394068,0.024974230200000003,0.05789470370000005,-1,-1,-1,-1
18,457,0.5718424723,0.9426745949,0.024974230200000003,0.05789470360000004,-1,-1,-1,-1
19,457,0.5588700325,0.9466442171,0.024974230200000003,0.058510104700000065,-1,-1,-1,-1
20,457,0.5541125214,0.9429034556,0.025069628200000027,0.058510104700000065,-1,-1,-1,-1
21,457,0.5504291671,0.9390224344,0.022924806100000028,0.058036164799999956,-1,-1,-1,-1
22,457,0.540094533,0.9358379065,0.022924806100000028,0.05803616480000007,-1,-1,-1,-1
23,457,0.5331231574,0.9311904121,0.02036257549999998,0.0588774232,-1,-1,-1,-1
24,457,0.5258679529,0.9338861331,0.024113733400000004,0.05992952169999999,-1,-1,-1,-1
25,457,0.5170462839,0.9390988714,0.02619694660000005,0.054824456099999974,-1,-1,-1,-1
26,457,0.5172563397,0.9385385832,0.02619694660000005,0.053906009699999924,-1,-1,-1,-1
27,457,0.5176035795,0.9393101621,0.025803303,0.052247520400000025,-1,-1,-1,-1
28,457,0.5166194144,0.9419345518,0.02653641480000002,0.04984042830000002,-1,-1,-1,-1
29,457,0.5160533337,0.9423658432,0.027321336500000015,0.0498404281999999,-1,-1,-1,-1
30,457,0.5173161465,0.9414678201,0.02512583079999997,0.05105065689999999,-1,-1,-1,-1
31,457,0.5166816991,0.9325855014,0.024723402100000014,0.05173468619999999,-1,-1,-1,-1
32,457,0.5200684973,0.9291393756,0.021271165599999975,0.055454273499999984,-1,-1,-1,-1
33,457,0.5205798397,0.921777539,0.024920392800000024,0.06099078069999997,-1,-1,-1,-1
34,457,0.5284222994,0.9182920683,0.018733488399999998,0.06342775690000002,-1,-1,-1,-1
35,457,0.5269478539,0.9199556635,0.0200785215,0.06342775690000002,-1,-1,-1,-1
36,457,0.527263895,0.9196746934,0.0200785215,0.06342775690000002,-1,-1,-1,-1
37,457,0.5271380868,0.92068114,0.018228340700000012,0.06342775690000002,-1,-1,-1,-1
38,457,0.5266758513,0.9210508611,0.018425894599999992,0.06245780199999995,-1,-1,-1,-1
39,457,0.5286908104,0.9135570242,0.019392264000000048,0.06593125890000007,-1,-1,-1,-1
40,457,0.530210646,0.9073761329,0.021112131300000003,0.062022456000000004,-1,-1,-1,-1
41,457,0.5282181003,0.8984095682,0.0224775505,0.07073928620000003,-1,-1,-1,-1
42,457,0.531352719,0.8913704492,0.02362041189999997,0.06408235260000006,-1,-1,-1,-1
43,457,0.5406900103,0.8893515493,0.01623354240000008,0.061811315399999955,-1,-1,-1,-1
44,457,0.5476371704,0.8834942767,0.01735207559999996,0.06324424779999993,-1,-1,-1,-1
45,457,0.5546120376,0.8845276038,0.018091044099999953,0.06324424790000005,-1,-1,-1,-1
46,457,0.5618234288,0.8840008037,0.018091044099999953,0.061904571699999966,-1,-1,-1,-1
47,457,0.5715595446,0.8902393607,0.023410468699999964,0.05320666299999999,-1,-1,-1,-1
48,457,0.5797582545,0.8956790075,0.024634311300000045,0.04701285710000003,-1,-1,-1,-1
49,457,0.5866356963,0.8992814614,0.020478810099999967,0.059830559000000005,-1,-1,-1,-1
50,457,0.5949468114,0.9072339209,0.0214510363999999,0.05171336179999997,-1,-1,-1,-1
51,457,0.6036316344,0.9147870754,0.021451036400000012,0.05350985850000001,-1,-1,-1,-1
52,457,0.6100795036,0.9216378799,0.02328353410000006,0.05611052110000003,-1,-1,-1,-1
53,457,0.6184398382,0.9343428033,0.02455062699999999,0.05316236260000007,-1,-1,-1,-1
54,457,0.6259730146,0.9488994863,0.022631741600000033,0.05316236259999996,-1,-1,-1,-1
55,457,0.6374366566,0.9650574434,0.02263174159999992,0.05316236260000007,-1,-1,-1,-1
56,457,0.6402752824,0.9791774289,0.02252260270000006,0.05316236260000007,-1,-1,-1,-1
57,457,0.6532673199,0.9898038345,0.022522602600000052,0.05168693179999995,-1,-1,-1,-1
1,457,0.6567313826,0.9300139719,0.01824287010000003,0.06493307179999996,-1,-1,-1,-1
2,457,0.657503014,0.9291625019,0.019278394600000026,0.06585106759999992,-1,-1,-1,-1
3,457,0.6559230337,0.9298647019,0.020811858500000002,0.06523086099999997,-1,-1,-1,-1
4,457,0.6532871428,0.9327400274,0.021526724100000005,0.06561920340000005,-1,-1,-1,-1
5,457,0.6477263512,0.9369442169,0.027189896800000057,0.06200849000000008,-1,-1,-1,-1
6,457,0.6470266907,0.9341454785,0.02304926280000008,0.06412274870000001,-1,-1,-1,-1
7,457,0.6476528035,0.9304721439,0.022801363100000027,0.06779608329999998,-1,-1,-1,-1
8,457,0.6480393513,0.9287969855,0.022485772499999945,0.0663092395,-1,-1,-1,-1
9,457,0.6436853952,0.9299026952,0.023991303999999936,0.06189420979999993,-1,-1,-1,-1
10,457,0.6367536654,0.9256893453,0.02327193329999999,0.06603157319999997,-1,-1,-1,-1
11,457,0.6343481038,0.9166506985,0.021915975000000087,0.06469219729999998,-1,-1,-1,-1
12,457,0.6323967809,0.9167807466,0.02039749099999999,0.0656237086,-1,-1,-1,-1
13,457,0.6299298357,0.9187542949,0.022323471999999955,0.06415068039999994,-1,-1,-1,-1
14,457,0.6181872081,0.929964866,0.021933770499999894,0.05987996520000005,-1,-1,-1,-1
15,457,0.6072398642,0.9292892463,0.02748645280000006,0.06133422200000005,-1,-1,-1,-1
16,457,0.6023000043,0.9332880017,0.026476608000000068,0.058328247499999986,-1,-1,-1,-1
17,457,0.5886388292,0.9401394068,0.024974230200000003,0.05789470370000005,-1,-1,-1,-1
18,457,0.5718424723,0.9426745949,0.024974230200000003,0.05789470360000004,-1,-1,-1,-1
19,457,0.5588700325,0.9466442171,0.024974230200000003,0.058510104700000065,-1,-1,-1,-1
20,457,0.5541125214,0.9429034556,0.025069628200000027,0.058510104700000065,-1,-1,-1,-1
21,457,0.5504291671,0.9390224344,0.022924806100000028,0.058036164799999956,-1,-1,-1,-1
22,457,0.540094533,0.9358379065,0.022924806100000028,0.05803616480000007,-1,-1,-1,-1
23,457,0.5331231574,0.9311904121,0.02036257549999998,0.0588774232,-1,-1,-1,-1
24,457,0.5258679529,0.9338861331,0.024113733400000004,0.05992952169999999,-1,-1,-1,-1
25,457,0.5170462839,0.9390988714,0.02619694660000005,0.054824456099999974,-1,-1,-1,-1
26,457,0.5172563397,0.9385385832,0.02619694660000005,0.053906009699999924,-1,-1,-1,-1
27,457,0.5176035795,0.9393101621,0.025803303,0.052247520400000025,-1,-1,-1,-1
28,457,0.5166194144,0.9419345518,0.02653641480000002,0.04984042830000002,-1,-1,-1,-1
29,457,0.5160533337,0.9423658432,0.027321336500000015,0.0498404281999999,-1,-1,-1,-1
30,457,0.5173161465,0.9414678201,0.02512583079999997,0.05105065689999999,-1,-1,-1,-1
31,457,0.5166816991,0.9325855014,0.024723402100000014,0.05173468619999999,-1,-1,-1,-1
32,457,0.5200684973,0.9291393756,0.021271165599999975,0.055454273499999984,-1,-1,-1,-1
33,457,0.5205798397,0.921777539,0.024920392800000024,0.06099078069999997,-1,-1,-1,-1
34,457,0.5284222994,0.9182920683,0.018733488399999998,0.06342775690000002,-1,-1,-1,-1
35,457,0.5269478539,0.9199556635,0.0200785215,0.06342775690000002,-1,-1,-1,-1
36,457,0.527263895,0.9196746934,0.0200785215,0.06342775690000002,-1,-1,-1,-1
37,457,0.5271380868,0.92068114,0.018228340700000012,0.06342775690000002,-1,-1,-1,-1
38,457,0.5266758513,0.9210508611,0.018425894599999992,0.06245780199999995,-1,-1,-1,-1
39,457,0.5286908104,0.9135570242,0.019392264000000048,0.06593125890000007,-1,-1,-1,-1
40,457,0.530210646,0.9073761329,0.021112131300000003,0.062022456000000004,-1,-1,-1,-1
41,457,0.5282181003,0.8984095682,0.0224775505,0.07073928620000003,-1,-1,-1,-1
42,457,0.531352719,0.8913704492,0.02362041189999997,0.06408235260000006,-1,-1,-1,-1
43,457,0.5406900103,0.8893515493,0.01623354240000008,0.061811315399999955,-1,-1,-1,-1
44,457,0.5476371704,0.8834942767,0.01735207559999996,0.06324424779999993,-1,-1,-1,-1
45,457,0.5546120376,0.8845276038,0.018091044099999953,0.06324424790000005,-1,-1,-1,-1
46,457,0.5618234288,0.8840008037,0.018091044099999953,0.061904571699999966,-1,-1,-1,-1
47,457,0.5715595446,0.8902393607,0.023410468699999964,0.05320666299999999,-1,-1,-1,-1
48,457,0.5797582545,0.8956790075,0.024634311300000045,0.04701285710000003,-1,-1,-1,-1
49,457,0.5866356963,0.8992814614,0.020478810099999967,0.059830559000000005,-1,-1,-1,-1
50,457,0.5949468114,0.9072339209,0.0214510363999999,0.05171336179999997,-1,-1,-1,-1
51,457,0.6036316344,0.9147870754,0.021451036400000012,0.05350985850000001,-1,-1,-1,-1
52,457,0.6100795036,0.9216378799,0.02328353410000006,0.05611052110000003,-1,-1,-1,-1
53,457,0.6184398382,0.9343428033,0.02455062699999999,0.05316236260000007,-1,-1,-1,-1
54,457,0.6259730146,0.9488994863,0.022631741600000033,0.05316236259999996,-1,-1,-1,-1
55,457,0.6374366566,0.9650574434,0.02263174159999992,0.05316236260000007,-1,-1,-1,-1
56,457,0.6402752824,0.9791774289,0.02252260270000006,0.05316236260000007,-1,-1,-1,-1
57,457,0.6532673199,0.9898038345,0.022522602600000052,0.05168693179999995,-1,-1,-1,-1
