1,318,0.596789108,0.6131097546,0.017901825000000038,0.047474933500000094,-1,-1,-1,-1
2,318,0.607901005,0.605010578,0.02015184390000002,0.050398163599999934,-1,-1,-1,-1
3,318,0.6086356936,0.5963027581,0.017537014899999925,0.05178379209999995,-1,-1,-1,-1
4,318,0.6103151265,0.5832875812,0.01736209980000003,0.05559738660000002,-1,-1,-1,-1
5,318,0.6096854096,0.5723716457,0.01578763840000008,0.05713664009999997,-1,-1,-1,-1
6,318,0.6110349479,0.5616955335,0.018569273100000006,0.05243613530000002,-1,-1,-1,-1
7,318,0.6076161626,0.5568972673,0.016859880400000082,0.05063678549999995,-1,-1,-1,-1
8,318,0.6068964538,0.5462213053,0.018569160600000023,0.06119276080000002,-1,-1,-1,-1
9,318,0.6069864456,0.5421428091,0.01721962219999995,0.06131274750000004,-1,-1,-1,-1
10,318,0.5998788997,0.542502619,0.02378733030000002,0.05735423790000005,-1,-1,-1,-1
11,318,0.6003287458,0.546701252,0.023337484200000036,0.05327559160000006,-1,-1,-1,-1
12,318,0.5971799357,0.5425027691,0.02603644819999995,0.05747407450000008,-1,-1,-1,-1
13,318,0.5934911752,0.5422627957,0.030175054799999934,0.05747407449999997,-1,-1,-1,-1
14,318,0.5917817825,0.5410632292,0.029905192199999986,0.05867364099999994,-1,-1,-1,-1
15,318,0.5909720821,0.5417829992,0.030085063000000023,0.058073857700000064,-1,-1,-1,-1
16,318,0.5967300896,0.5429825657,0.025226747699999996,0.05687429119999998,-1,-1,-1,-1
17,318,0.5978996444,0.5440622957,0.022707654600000016,0.05579456120000004,-1,-1,-1,-1
18,318,0.6041074981,0.5491003851,0.01838917699999998,0.05099644520000002,-1,-1,-1,-1
19,318,0.6130144284,0.5510197216,0.016949647000000012,0.04895712200000002,-1,-1,-1,-1
20,318,0.616703189,0.5525790981,0.017849339099999972,0.048597312099999956,-1,-1,-1,-1
21,318,0.6198521117,0.5497001684,0.018928902199999986,0.05279579499999998,-1,-1,-1,-1
22,318,0.6233639298,0.5465365144,0.01700258330000004,0.05844327860000009,-1,-1,-1,-1
23,318,0.6326654046,0.5383108937,0.016812801000000044,0.05717763679999999,-1,-1,-1,-1
24,318,0.6394991458,0.5277891574,0.018541566100000018,0.0543374512,-1,-1,-1,-1
25,318,0.6485295191,0.5175928417,0.01780935539999995,0.05292734490000006,-1,-1,-1,-1
26,318,0.6536548813,0.5053357284,0.017483853299999907,0.05292734490000006,-1,-1,-1,-1
27,318,0.6576412116,0.4945972952,0.016100863699999968,0.05487971899999994,-1,-1,-1,-1
28,318,0.6578039626,0.4861365067,0.016507684999999994,0.053252765599999974,-1,-1,-1,-1
29,318,0.6647191356,0.4781098627,0.017158463900000087,0.05227635330000002,-1,-1,-1,-1
30,318,0.6700071363,0.4729032814,0.01691439360000002,0.05314404170000003,-1,-1,-1,-1
31,318,0.6732612558,0.4656292949,0.016833074500000045,0.05683855050000003,-1,-1,-1,-1
32,318,0.6756206389,0.4543482936,0.01691439370000003,0.056730126899999955,-1,-1,-1,-1
33,318,0.6818069802,0.441916231,0.018603850700000035,0.056503669000000034,-1,-1,-1,-1
34,318,0.6871863241,0.4284083428,0.018245235299999996,0.0556667656,-1,-1,-1,-1
35,318,0.6943588578,0.4152590631,0.0216520818,0.054112795300000016,-1,-1,-1,-1
36,318,0.7000968172,0.400158911,0.02201080979999992,0.05654181250000001,-1,-1,-1,-1
37,318,0.7112141204,0.3877268484,0.020666002000000017,0.058095932900000036,-1,-1,-1,-1
38,318,0.7179382722,0.3762512254,0.019231540300000072,0.05678088479999999,-1,-1,-1,-1
39,318,0.7241245008,0.3629824096,0.021831614799999954,0.05833485500000002,-1,-1,-1,-1
40,318,0.7278004215,0.3487573043,0.017438350599999985,0.05498769199999998,-1,-1,-1,-1
41,318,0.7269935368,0.3345321991,0.017886619899999956,0.0514014565,-1,-1,-1,-1
42,318,0.7259176906,0.3205461662,0.01797627369999999,0.0508037757,-1,-1,-1,-1
43,318,0.7229590007,0.3083531759,0.017707424799999982,0.048054443700000005,-1,-1,-1,-1
44,318,0.7236506644,0.2945207681,0.017069711099999996,0.04881430920000002,-1,-1,-1,-1
45,318,0.7219710062,0.2810836104,0.016773267699999983,0.050922110500000006,-1,-1,-1,-1
46,318,0.7227614469,0.2685686534,0.016970821499999955,0.05105381049999996,-1,-1,-1,-1
47,318,0.721660484,0.256034925,0.016970821499999955,0.05172927999999999,-1,-1,-1,-1
48,318,0.7244189169,0.2439365425,0.016895133799999962,0.05103353740000002,-1,-1,-1,-1
49,318,0.7247921743,0.2312437078,0.016905720999999985,0.052447623400000004,-1,-1,-1,-1
50,318,0.7258148589,0.2210699929,0.01807516330000003,0.05126134700000001,-1,-1,-1,-1
51,318,0.727388194,0.2121547867,0.01949115349999997,0.05272971970000001,-1,-1,-1,-1
52,318,0.7326587369,0.2030298666,0.01815377929999995,0.050527235700000006,-1,-1,-1,-1
53,318,0.739659847,0.1936951575,0.016344596000000045,0.050527235700000006,-1,-1,-1,-1
54,318,0.7411545659,0.1868776911,0.01760312900000005,0.054093273,-1,-1,-1,-1
55,318,0.7403678421,0.17387205,0.015557872200000045,0.05744952149999999,-1,-1,-1,-1
56,318,0.7438355091,0.1648563043,0.012566519500000095,0.0573371184,-1,-1,-1,-1
57,318,0.7491237349,0.1556154521,0.0176812945,0.0570998482,-1,-1,-1,-1
58,318,0.7587465445,0.1456748778,0.014647029599999972,0.05686881000000002,-1,-1,-1,-1
59,318,0.7667221334,0.1387396772,0.013520049100000042,0.054557076499999996,-1,-1,-1,-1
60,318,0.7713238766,0.132059317,0.01570339079999994,0.05360078699999998,-1,-1,-1,-1
61,318,0.7743020515,0.1244788313,0.016876549799999974,0.0525178283,-1,-1,-1,-1
62,318,0.7801679591,0.1161763982,0.015613173799999935,0.0529991266,-1,-1,-1,-1
63,318,0.78440951,0.1061893459,0.014800882799999915,0.0534805,-1,-1,-1,-1
64,318,0.7878387699,0.09656338,0.019313310100000036,0.04926902729999999,-1,-1,-1,-1
65,318,0.7913583595,0.0864560407,0.018681565700000013,0.05227717920000001,-1,-1,-1,-1
66,318,0.7948779491,0.0767097127,0.018681565700000013,0.05227717920000001,-1,-1,-1,-1
67,318,0.7953298226,0.0662413622,0.01651500589999999,0.0528788395,-1,-1,-1,-1
68,318,0.7951492759,0.0557730867,0.016515006,0.051795880899999994,-1,-1,-1,-1
69,318,0.7971347259,0.0436201921,0.015793044599999972,0.05119437059999999,-1,-1,-1,-1
70,318,0.7999323541,0.0329112675,0.017507731000000026,0.0478252075,-1,-1,-1,-1
71,318,0.8044446687,0.0231648644,0.015702714999999978,0.04866751700000001,-1,-1,-1,-1
72,318,0.8053471767,0.012816876,0.015702714999999978,0.048667517,-1,-1,-1,-1
73,318,0.8109424332,0.0045144429,0.015702714999999978,0.048667517,-1,-1,-1,-1
74,318,0.8115741775,-0.0030661179,0.015702715099999986,0.048667517,-1,-1,-1,-1
75,318,0.8126571195,-0.0142564159,0.018500230700000064,0.048667517,-1,-1,-1,-1
76,318,0.8130181002,-0.022558849,0.016966091000000016,0.048667517,-1,-1,-1,-1
77,318,0.8143718058,-0.0323051771,0.016966091000000016,0.0486675171,-1,-1,-1,-1
78,318,0.8172596511,-0.040246674,0.016966091000000016,0.04866751700000001,-1,-1,-1,-1
