0,489,0.35102801205,0.8565702548,0.2498976189,0.6286716828
0,489,0.21812467565,0.8205060705,0.1621002519,0.5868967928
0,489,1.14343777705,0.2552932301,0.7689860059,0.2038914732
0,489,1.1477421758,0.16672893755,0.7737673946,0.1437466061
0,489,1.09229627855,0.11690393945,0.7396114159,0.1085722605
0,489,1.1710498692,0.11866642224999999,0.7873665104,0.1103635011
0,489,1.26424319305,0.6442272287,0.8558238739,0.4586676642
0,489,1.28998775925,0.6287628366,0.8717411499,0.455823424
0,489,1.3180601158,0.28427361949999996,0.8850200572,0.2194125548
0,489,1.33920243215,0.27024268549999997,0.9004671011,0.2191734824
0,489,1.2806237463999999,0.14803192545,0.863391121,0.1303216875
0,489,1.27730155895,0.3484501219,0.8604845373,0.26485156
0,489,1.0825771699,0.97382908605,0.732626074,0.6789630747
0,489,1.1004952136,0.9680200934500001,0.743870875,0.6785633193
0,489,1.31132864315,0.35015840045,0.8813091085,0.2624147929
0,489,1.3187746435499998,0.33884909195,0.8933562889,0.2609030207
0,489,1.27352124075,0.29990387545,0.8596044283,0.2297464271
0,489,1.3310720325999998,0.1263919357,0.8949039442,0.1181358304
0,489,1.3522941475499999,0.25050190925,0.9093162519,0.2047086291
0,489,1.33714140715,0.25556672915,0.8999496767,0.2033608437
0,489,1.2964591874,0.22323423335,0.875339497,0.1702855739
0,489,1.29154477885,0.27010713765,0.8711339693,0.1957084267
0,489,1.2950532405000001,0.2549911837,0.8733679774,0.1864920256
0,489,1.2797615477,0.3425556139,0.8631325982,0.2519522384
0,489,1.31265706315,0.13370924655,0.8866105121,0.1102290229
0,489,1.31752737365,0.0974263381,0.8927242067,0.087276125
0,489,1.3345554115,0.042519888650000004,0.8980072516,0.0608891149
0,489,1.1599193881,0.0178976515,0.7822834972,0.0468632116
0,489,1.1716932707,0.00910997805,0.78906464,0.0330717253
0,489,1.34341492435,0.0213135929,0.9029812385,0.0422923044
0,489,1.2021280514,-0.0253289047,0.8116999858,0.0189322176
0,489,1.3134954281,-0.030223392950000004,0.8865286298,0.0145315293
0,489,1.3839805906,-0.032454371999999995,0.9334977888,0.017755477
0,489,1.2802116597,0.72820356955,0.8643708372,0.5292548271
0,489,1.3612377953500001,-0.032912619,0.9162342407,0.0089153564
0,489,1.3896557022,-0.03596157995,0.9352113488,0.0074970657
0,489,1.3274405446,0.0257412646,0.8945103956,0.0355845182
0,489,1.32580940315,0.06141248145,0.8925893541,0.0598906427
0,489,0.11861261335,0.39262362684999996,0.0885045737,0.2764690035
0,489,-0.02341074615,0.53366678215,0.0003788541,0.3760000919
0,489,0.46265224255000004,0.7930847571999999,0.3207705681,0.5697104642
0,489,1.1909992597999999,0.32676002000000004,0.8033975432,0.2532678728
0,489,1.17656543965,0.33468826435,0.7935937365,0.2505596125
0,489,1.15233766795,0.3350272755,0.7756355963,0.2474687914
0,489,1.13722096925,0.32497136984999997,0.7709877873,0.2554635991
0,489,1.0404664388,1.47516313085,0.7026030704,1.0125955989
0,489,1.0463754838500001,1.4842761124,0.7044087621,1.0138038754
0,489,1.03797533435,1.4951572831000002,0.7031111465,1.0314034748
0,489,1.0182536826000002,1.4825012404,0.688830729,1.0177140298
0,489,1.02479526035,1.36367529885,0.6939393093,0.9484321539
0,489,1.1882775445,1.1334975053999998,0.802508213,0.7930737196
0,489,1.1945418823,1.1185483503,0.8051783436,0.7744956054
0,489,1.16079340055,1.1257923026,0.7856439399,0.7762213714
0,489,1.1466993302500001,1.1387025850499999,0.7755559665,0.7946090687
0,489,0.9865074327000001,1.28082614215,0.6697512398,0.8938505245
0,489,0.8708307578500001,1.392043516,0.5906927585,0.9574162886
0,489,0.8595536319,1.4081392272,0.5893837672,0.979508406
0,489,1.22949494695,1.0474460255,0.8387514597,0.7323949944
0,489,0.99940120005,1.09702170215,0.6783646551,0.7687571181
0,489,1.0321130873,0.9906576322,0.6982938286,0.6972396454
0,489,0.8861710843,1.2953307157,0.6020926516,0.8962112138
0,489,0.91555812,1.290437992,0.6191628132,0.8910134926
0,489,0.9896641832,1.09851748115,0.6681490714,0.7618617129
0,489,1.0205251013,1.14595134285,0.6918822264,0.8035832921
0,489,0.8520196107,1.379039677,0.5793102104,0.9609343464
0,489,1.16571681635,0.76981875255,0.7908564781,0.5517121605
0,489,1.14137067005,0.7824802014500001,0.7697061651,0.5534293667
0,489,1.0425150181,1.1100030905,0.707096463,0.7749159342
0,489,1.02774364445,1.11642215305,0.6930973965,0.7746288071
0,489,1.2503850273000001,0.9756997672,0.8459108156,0.6948460686
0,489,0.92003788435,1.48827073805,0.6212228245,1.0172165131
0,489,0.897128565,1.47274635265,0.6086342294,1.0180346451
0,489,1.0345596464,1.3532950237,0.7001515556,0.9337099824
0,489,1.22561139195,1.0898146168,0.8277167145,0.7643010918
0,489,1.2468975374,1.10179864405,0.8417081222,0.7632716691
0,489,1.0182088556,1.19957908545,0.6877344966,0.8322788821
0,489,1.04285938575,1.1792036487500002,0.7058945833,0.8175292293
0,489,1.0477395515499999,1.1890565232,0.7090948655,0.8315495012
0,489,0.7785778984,1.51391319995,0.5324032234,1.0511089233
0,489,1.3279282627,0.42640309340000004,0.89388706,0.3251916784
0,489,1.27020213345,0.42399781825,0.8558623935,0.3209711503
0,489,1.3542226064,0.4120188969,0.9150761742,0.293566581
0,489,1.36298120245,0.42518311865,0.9222628993,0.3095341213
0,489,0.17963850580000001,0.27335336665,0.1338998346,0.1981131155
0,489,0.2102659408,0.29291551439999997,0.150942289,0.2263424994
0,489,0.19675557794999998,0.29659763405,0.1406697143,0.2236629969
0,489,0.2023997724,0.2923824446,0.1422507082,0.2182852956
0,489,0.2276255064,0.29782119035,0.1594390192,0.2222947131
0,489,0.23437573215000002,0.29104629745,0.1647377197,0.2146628689
0,489,0.20112186705,0.2780340865,0.1417179661,0.2073907596
0,489,0.20670952110000002,0.26013684785,0.145402672,0.1955910673
0,489,0.22529473135,0.23582888124999998,0.1576610345,0.1789426515
0,489,0.24180264164999998,0.2179758306,0.1683165529,0.1669248358
0,489,0.3204451224,0.23378099825,0.2219526474,0.1798965381
0,489,1.10187566905,1.11553869675,0.7476592009,0.7847374229
0,489,1.10490480925,1.1160193943,0.7468970305,0.772614112
0,489,1.2434179879,0.3670988991,0.8375814544,0.271074408
0,489,1.22645887995,0.35767919309999996,0.8277276397,0.2727814026
0,489,0.8949734372,1.19213578105,0.6059485558,0.8348394491
0,489,0.94281075195,0.9629570757499999,0.6406475261,0.6780850245
0,489,0.93733375745,0.71767740315,0.6328179063,0.5133692803
0,489,0.9067216401,1.13588319815,0.6163748712,0.7936640421
0,489,0.87970772835,1.0408054605500001,0.5960044115,0.7306833445
0,489,0.9139418727999999,1.07779725165,0.6183910692,0.7543959579
0,489,0.92316241555,1.0288079274,0.6235674953,0.7220452978
0,489,0.9204491826500001,1.0132789899,0.6197764803,0.6985848028
0,489,0.8715963071999999,1.08085908965,0.5914516626,0.7589647627
0,489,1.06108333395,0.8924072303,0.7170877995,0.6325572092
0,489,0.88820727425,1.09555633285,0.6047979229,0.7594960679
0,489,0.91395319215,1.0513832107,0.6187980031,0.7384991482
0,489,0.9114188375500001,1.0080307736,0.6168433013,0.7042069826
0,489,0.8689615426,1.0225354223,0.5984234888,0.7132279092
0,489,0.96440184435,0.9806503819,0.6553321743,0.6980343508
0,489,0.96715447675,0.97023076185,0.6556323345,0.6847385041
0,489,0.93928018095,1.0571156161,0.6388363155,0.7430786152
0,489,1.13908900195,1.03650726405,0.7736412485,0.7348602027
0,489,0.8904512214,0.9615491195,0.604486387,0.674022146
0,489,1.0932922134499998,0.4865569857,0.7406664255,0.3564076196
0,489,0.89708869385,0.9376374066,0.6113749793,0.658099507
0,489,0.90133993095,0.90672078635,0.6129747825,0.6397753321
0,489,0.9044199237499999,0.8773040748,0.6126154913,0.6204498164
0,489,1.0012678812,1.00936091395,0.6779651548,0.7134126197
0,489,0.9282887421500001,0.82198135115,0.6309196323,0.5870274417
0,489,0.9229413289499999,0.7956354128,0.6254366683,0.5706850744
0,489,0.56246587925,0.5930089365,0.3847986841,0.4236991056
0,489,1.37440058065,0.14974256175,0.9256213147,0.1288424273
0,489,1.35843768925,0.1432150756,0.9151532135,0.1291688992
0,489,1.2167213,1.4409902761,0.8206835048,0.9880577954
0,489,1.2171906311,1.4876381424,0.823344287,1.0280935542
0,489,1.1414042339,1.1157188269,0.7786041976,0.7720201854
0,489,1.18248372035,0.9571432026,0.8012393181,0.661091966
0,489,0.82889353405,0.3639058866,0.5646628429,0.2623458644
0,489,0.8345977042500001,0.32366011355,0.5750931003,0.2408421173
0,489,0.8953686574999999,0.3522096998,0.6059523852,0.254903461
0,489,1.0179661370000002,0.3902909445,0.6877498144,0.297083888
0,489,1.0257659097,0.3476777245,0.6947477708,0.2598558778
0,489,1.0570844454000001,0.30812386475,0.7117564362,0.2147488419
0,489,1.0728814884,0.30799242745,0.7253855116,0.2399863675
0,489,1.08935403275,0.26042825485,0.7342186689,0.2057588505
0,489,1.06982818895,0.23367189905000002,0.7245637597,0.1871424427
0,489,1.0445909104,0.22705419770000002,0.7070910568,0.1802157268
0,489,1.07052987685,0.20705546515,0.7251647559,0.1761064455
0,489,1.04779198095,0.2020041607,0.7081117141,0.1672956082
0,489,1.0562785743,0.1954086846,0.7127331676,0.1566964586
0,489,1.07255942155,0.16051729879999999,0.7263589767,0.137069024
0,489,0.9538893666999999,0.34773719215,0.6489514328,0.2584534301
0,489,1.143373803,0.2313971076,0.7715132084,0.1858771012
0,489,1.09210317355,0.07763514195,0.7424901381,0.0818156043
0,489,1.05240628245,0.06787083099999999,0.7135946781,0.0791026888
0,489,1.10484635405,0.02867955925,0.7485285955,0.0499214455
0,489,1.1538418718,0.0018194060000000008,0.7773385138,0.0220626366
0,489,0.1267158689,0.93358924485,0.0930497764,0.6511763201
0,489,1.23744654555,0.0006773090999999988,0.8335395973,0.0320615996
0,489,1.0561257348,1.0338779187,0.7140203086,0.7218421726
0,489,1.06948725655,1.0415886778,0.7245905657,0.729242453
0,489,1.0883355717,1.0317958719,0.7373697316,0.72490341
0,489,0.99614206845,0.62251977455,0.6725266799,0.4440865033
0,489,1.0226588855999998,0.6042459068999999,0.6891552174,0.4355688
0,489,0.9191530031,0.70222630115,0.6184333056,0.4836474211
0,489,0.9162513101,0.70103004955,0.621936809,0.5023643435
0,489,0.75008233285,1.02193826705,0.5101407971,0.7094086083
0,489,0.90744945825,0.45480398769999997,0.6142655277,0.335555615
0,489,0.79655905615,0.7621255634499999,0.5399657657,0.5326562019
0,489,0.9316003596,0.76111498725,0.6306532612,0.5437825271
0,489,0.9420736982,0.744629582,0.6362013256,0.5340600012
0,489,0.93066935615,0.74784879935,0.6274327055,0.5278176899
0,489,0.9460239867,0.69931433395,0.6397120174,0.5020088385
0,489,0.94992629465,0.67471263265,0.6417956811,0.4833331131
0,489,0.968281232,0.69215109855,0.654645241,0.4953945535
0,489,0.95756601945,0.61348548265,0.6462171029,0.4474584447
0,489,0.9527599083,0.576758218,0.6456371686,0.419711185
0,489,0.9980290794,0.89205012345,0.6732810788,0.6228552567
0,489,1.0328226593,0.88421607395,0.6990108342,0.6193861547
0,489,1.02184755195,0.8953454025,0.6913016163,0.625039495
0,489,1.08777799455,0.37356038505,0.7321620365,0.2761233097
0,489,1.1018236337,0.3650778967,0.7457093422,0.2777505634
0,489,1.0352217446,0.6305452171,0.7005337108,0.4552772518
0,489,1.02719395145,0.67546461425,0.6924318631,0.4646498791
0,489,0.70322281955,0.38929561055,0.4780223035,0.2900036221
0,489,0.63797091125,0.6976901377,0.4337507891,0.490484446
0,489,1.16450130835,1.2080645772,0.7884448345,0.8415310722
0,489,1.12669672175,1.50780484125,0.7617657169,1.0374028093
0,489,1.05872862495,1.1381209724,0.7153513755,0.7877426464
0,489,0.6448618767500001,1.4391970082,0.4445557359,0.9992189602
0,489,1.1588833567,1.47239660425,0.7869814268,1.0037407615
0,489,0.98945086115,1.0105965967,0.6682234075,0.704560185
0,489,0.962849346,1.2965461253,0.6510010822,0.8912428038
0,489,0.9466396812,1.3326103096500002,0.6410862218,0.9167367465
0,489,1.1161279288,1.38069441205,0.7540446728,0.9502731011
0,489,0.9819038874999999,1.3412356106,0.6635043034,0.9256044986
0,489,0.82596632445,1.4217221258000001,0.5593495005,0.9774575196
0,489,0.9031278270499999,1.3197908057,0.6139816989,0.909325804
0,489,0.8229910216,1.35609128415,0.5617310718,0.9345859303
0,489,0.65186495785,1.4292269253,0.4448581487,0.9820761812
0,489,1.0789831879,1.13684406775,0.7301827812,0.7996905575
0,489,1.1339131813,0.02454951675,0.768096901,0.0497401139
0,489,0.98584325085,0.91036431205,0.6751295701,0.6406960309
0,489,1.0046815982,0.9078220659,0.6772745048,0.6266009738
0,489,1.13036678565,-0.025992172799999998,0.7616199731,0.0149524588
0,489,1.27039388685,0.0403257391,0.8574656883,0.0601223414
0,489,0.3463187068,0.43989643005,0.2384838722,0.3203587527
0,489,1.1154283247,1.2130014513,0.7594165832,0.8450615942
0,489,1.10782300845,1.2490829803499999,0.7540160647,0.8708782545
0,489,1.12355624635,1.3595974034,0.7631161563,0.9382205208
0,489,1.1644429094,1.4862967392,0.785910311,1.0206350074
0,489,0.81915178665,1.36493298165,0.5569235527,0.9511628647
0,489,1.00744036895,1.2644787441499998,0.6810917767,0.8704690383
0,489,0.83693123865,1.4651021944,0.5720884573,1.0137103188
0,489,1.1081646729,0.5613172526,0.7466616328,0.4011081424
0,489,1.0918369152,0.5913645325,0.7393937012,0.4339301332
0,489,1.1420568711999999,0.9857314202499999,0.774965445,0.6962611307
0,489,1.1706239570499999,1.0122580894,0.7914197431,0.6975198646
0,489,1.11443070025,1.3903245077,0.7514242123,0.9589876788
0,489,0.75306760345,1.0275108904,0.5144937395,0.7225502292
0,489,0.97978463255,1.0275138187500001,0.6650689659,0.7262028403
0,489,1.1127772287,1.0084800104,0.7537109488,0.7113775012
0,489,0.90034309495,1.32461797985,0.6128550563,0.9200751997
0,489,1.0880240921,1.27123434015,0.7368107466,0.8874452777
0,489,1.04430359,1.0157352256,0.7060005686,0.7048291414
0,489,1.0026812247499999,1.1561476584500001,0.6771365325,0.8005597477
0,489,1.102267961,1.3068857042,0.745725561,0.899707647
0,489,0.85982647925,1.4044236194,0.5833572485,0.9676174098
0,489,0.83934175605,1.5169459799,0.5748517333,1.053067905
0,489,1.23475045365,0.98110066985,0.8324449417,0.6846990091
0,489,0.97675858965,1.3628484569,0.6651577187,0.9488727558
0,489,0.96739347865,1.3121221696,0.6519810799,0.8934422094
0,489,0.9559980907,1.3271379255,0.6508372048,0.9243546248
0,489,0.9947389744,1.4148659903,0.6763897924,0.9824466532
0,489,0.9649531705000001,1.4970242851000002,0.657086056,1.039772659
0,489,0.9847279838999999,1.35757347275,0.6660459226,0.9338789249
0,489,1.110470444,1.46104667435,0.7524454328,1.0083405015
0,489,1.0246218094,1.2974675,0.69375865,0.8962496576
0,489,0.4723671276,0.33556695285000004,0.3255788756,0.2514179153
0,489,0.576722638,0.49695868535,0.3914048534,0.3579052423
0,489,1.17877260265,1.3604070507000001,0.7946762279,0.9356070936
0,489,1.14599026515,1.3415620074499999,0.7787264017,0.9292168639
0,489,1.1610121852,1.3122835284,0.7875826482,0.9160521166
0,489,1.0748686841,0.91221141625,0.723904083,0.6368979041
0,489,0.89341085835,0.9882034613499999,0.6053812361,0.6965571179
0,489,0.9405718834500001,1.005242247,0.6372136483,0.7004773338
0,489,0.9400143626499999,1.0855991646,0.6366718957,0.7498122862
0,489,1.1533493148,1.03409683055,0.7804996558,0.7052295725
0,489,1.0770024121,0.5000051809,0.7259628554,0.3610696806
0,489,1.01252462105,0.9173316492000001,0.6845801677,0.6499898184
0,489,0.9422397154500001,0.8507455694,0.6398579865,0.6020445492
0,489,0.8609802095,0.7701778116,0.5849970356,0.5569343596
0,489,0.91454585365,1.11246942515,0.6179161065,0.7714432281
0,489,0.790251033,1.0250049857499999,0.536184003,0.7145806503
0,489,0.7995521136500001,1.01487316845,0.5445289073,0.7057762703
0,489,0.49201812635,0.5054938136,0.3375135157,0.3625770378
0,489,0.7990591864,1.0607027526000001,0.5424311648,0.736576508
0,489,0.8277003831,0.9927353241000001,0.559890352,0.686012105
0,489,0.87194996685,1.08297447455,0.5906062583,0.7465088229
0,489,0.8502709663500001,1.0659766106,0.5746514763,0.7394339632
0,489,0.84296941455,1.05113647965,0.5746162229,0.7283322661
0,489,0.9302197353499999,1.05911153985,0.6289050111,0.7351603947
0,489,0.84330240655,0.98526754175,0.5716908717,0.6837509791
0,489,0.790207783,1.0026839326,0.5367721594,0.6996384782
0,489,0.9188368493,1.135097428,0.6217126544,0.7835645868
0,489,0.7794727475,1.0168044436,0.5278376346,0.7059380046
0,489,0.8422655304,1.0828421738,0.5697020428,0.752042627
0,489,0.8243581302,1.02027429645,0.5623012072,0.7184911051
0,489,0.884595384,1.1124100325500001,0.5997697608,0.7681840653
0,489,0.9434863095500001,1.0276931981,0.6392038287,0.711300914
0,489,0.80267214665,0.9738097891499999,0.5422401435,0.6771152197
0,489,0.812746886,0.9632448035000001,0.5536922972,0.665474859
0,489,0.8922393889,1.0692923879,0.601328116,0.7422517732
0,489,0.7995850017499999,0.9488172677,0.5424281237,0.661522957
0,489,0.8499804924,1.0400106802,0.574152298,0.7156555748
0,489,0.80030257045,0.9262525619,0.5422668369,0.6434826054
0,489,0.8045331399,0.912646537,0.5454408762,0.6330701936
0,489,0.8404244164000001,0.9691387178,0.570726417,0.6735333392
0,489,0.86706124125,0.9329507925,0.5971998713,0.6486896372
0,489,1.01252462105,0.9173316492000001,0.6845801677,0.6499898184
0,489,1.134933557,0.96442237,0.763998616,0.6758070794
0,489,1.1988543341,0.95368498795,0.809707778,0.6750568247
0,489,1.1721017251,0.9726322976999999,0.7917985194,0.6681028528
0,489,1.152857176,0.9814719678499999,0.7773102988,0.6832836467
0,489,1.1733656643,0.9842264057000001,0.7936001564,0.6793581748
0,489,1.02732815065,0.37085790635,0.6931365919,0.2805724281
0,489,1.17219335005,0.00925568155,0.7894879053,0.0296488009
0,489,0.9580336612,0.42388331290000003,0.6481115474,0.319512839
0,489,0.8136281068,0.89445879245,0.5518073136,0.6231233121
0,489,0.80018402695,0.8890683267,0.5431688943,0.6193412536
0,489,0.7884073285500001,0.8740878609,0.5377537339,0.6164189244
0,489,0.8486313482999999,0.90459864375,0.5745862632,0.6316145853
0,489,0.84699674225,0.9514076436000001,0.5747844929,0.6607938764
0,489,0.8757304086500001,0.7466166457,0.5941360973,0.5362299732
0,489,0.93517389915,0.8843478490500001,0.6335300687,0.6247927639
0,489,0.9857711673,0.5478668048499999,0.6640070858,0.4036951395
0,489,1.1305973965,0.5630288273999999,0.763345134,0.4061939862
0,489,1.1505283158,0.56658210035,0.7769437992,0.4096012177
0,489,0.3920533796,0.40917751005,0.2725556034,0.3037370673
0,489,0.7205149758,0.3986593027,0.4934679958,0.3012057836
0,489,0.6531684678,0.38075728369999995,0.4437374004,0.2817612824
0,489,0.6229761833,0.38545962985000004,0.4227023352,0.2833476325
0,489,0.5146556458,0.3443170835,0.353248916,0.2551384788
0,489,0.59529732835,0.3642559391,0.4028371801,0.268250567
0,489,0.5797012071000001,0.35337544035,0.3973410424,0.2602481247
0,489,0.65623455355,0.4059677642,0.4455928855,0.2991134286
0,489,0.63418127005,0.36741403305,0.4324714437,0.2722521997
0,489,0.59925504755,0.34899153905,0.4079522809,0.2581336087
0,489,0.5978081885,0.3329835599,0.4081536802,0.2478121576
0,489,0.5131567032,0.32582494225,0.3508617132,0.2437531085
0,489,0.4729680675,0.3236178029,0.3254857302,0.2414859758
0,489,0.41983576905,0.3205160193,0.2882769025,0.2415928976
0,489,0.39574084489999994,0.2947428711,0.2736838228,0.2242410054
0,489,1.13269260485,1.4702019291,0.7660889249,1.0098561782
0,489,1.1826031087,1.41750479645,0.7992509398,0.9804607909
0,489,1.1928913954,1.45287353855,0.804610686,1.0011831979
0,489,1.13558298435,1.26864201195,0.7680181723,0.8775083075
0,489,1.16532063865,1.251356195,0.7892027249,0.8654338022
0,489,0.30718654485,0.28091500585,0.2143999859,0.2166045809
0,489,1.2916983909,0.31290647559999996,0.8701564392,0.227790524
0,489,1.05872862495,1.1381209724,0.7153513755,0.7877426464
0,489,0.6448618767500001,1.4391970082,0.4445557359,0.9992189602
0,489,1.1588833567,1.47239660425,0.7869814268,1.0037407615
0,489,0.98945086115,1.0105965967,0.6682234075,0.704560185
0,489,0.962849346,1.2965461253,0.6510010822,0.8912428038
0,489,0.9466396812,1.3326103096500002,0.6410862218,0.9167367465
0,489,1.1161279288,1.38069441205,0.7540446728,0.9502731011
0,489,0.9819038874999999,1.3412356106,0.6635043034,0.9256044986
0,489,0.82596632445,1.4217221258000001,0.5593495005,0.9774575196
0,489,0.9031278270499999,1.3197908057,0.6139816989,0.909325804
0,489,0.8229910216,1.35609128415,0.5617310718,0.9345859303
0,489,0.65186495785,1.4292269253,0.4448581487,0.9820761812
0,489,1.0789831879,1.13684406775,0.7301827812,0.7996905575
0,489,1.1339131813,0.02454951675,0.768096901,0.0497401139
0,489,0.98584325085,0.91036431205,0.6751295701,0.6406960309
0,489,1.0046815982,0.9078220659,0.6772745048,0.6266009738
0,489,1.13036678565,-0.025992172799999998,0.7616199731,0.0149524588
0,489,1.27039388685,0.0403257391,0.8574656883,0.0601223414
0,489,0.3463187068,0.43989643005,0.2384838722,0.3203587527
0,489,1.1154283247,1.2130014513,0.7594165832,0.8450615942
0,489,1.10782300845,1.2490829803499999,0.7540160647,0.8708782545
0,489,1.12355624635,1.3595974034,0.7631161563,0.9382205208
0,489,1.1644429094,1.4862967392,0.785910311,1.0206350074
0,489,0.81915178665,1.36493298165,0.5569235527,0.9511628647
0,489,1.00744036895,1.2644787441499998,0.6810917767,0.8704690383
0,489,0.83693123865,1.4651021944,0.5720884573,1.0137103188
0,489,1.1081646729,0.5613172526,0.7466616328,0.4011081424
0,489,1.0918369152,0.5913645325,0.7393937012,0.4339301332
0,489,1.1420568711999999,0.9857314202499999,0.774965445,0.6962611307
0,489,1.1706239570499999,1.0122580894,0.7914197431,0.6975198646
0,489,1.11443070025,1.3903245077,0.7514242123,0.9589876788
0,489,0.75306760345,1.0275108904,0.5144937395,0.7225502292
0,489,0.97978463255,1.0275138187500001,0.6650689659,0.7262028403
0,489,1.1127772287,1.0084800104,0.7537109488,0.7113775012
0,489,0.90034309495,1.32461797985,0.6128550563,0.9200751997
0,489,1.0880240921,1.27123434015,0.7368107466,0.8874452777
0,489,1.04430359,1.0157352256,0.7060005686,0.7048291414
0,489,1.0026812247499999,1.1561476584500001,0.6771365325,0.8005597477
0,489,1.102267961,1.3068857042,0.745725561,0.899707647
0,489,0.85982647925,1.4044236194,0.5833572485,0.9676174098
0,489,0.83934175605,1.5169459799,0.5748517333,1.053067905
0,489,1.23475045365,0.98110066985,0.8324449417,0.6846990091
0,489,0.97675858965,1.3628484569,0.6651577187,0.9488727558
0,489,0.96739347865,1.3121221696,0.6519810799,0.8934422094
0,489,0.9559980907,1.3271379255,0.6508372048,0.9243546248
0,489,0.9947389744,1.4148659903,0.6763897924,0.9824466532
0,489,0.9649531705000001,1.4970242851000002,0.657086056,1.039772659
0,489,0.9847279838999999,1.35757347275,0.6660459226,0.9338789249
0,489,1.110470444,1.46104667435,0.7524454328,1.0083405015
0,489,1.0246218094,1.2974675,0.69375865,0.8962496576
0,489,0.4723671276,0.33556695285000004,0.3255788756,0.2514179153
0,489,0.576722638,0.49695868535,0.3914048534,0.3579052423
0,489,1.17877260265,1.3604070507000001,0.7946762279,0.9356070936
0,489,1.14599026515,1.3415620074499999,0.7787264017,0.9292168639
0,489,1.1610121852,1.3122835284,0.7875826482,0.9160521166
0,489,1.0748686841,0.91221141625,0.723904083,0.6368979041
0,489,0.89341085835,0.9882034613499999,0.6053812361,0.6965571179
0,489,0.9405718834500001,1.005242247,0.6372136483,0.7004773338
0,489,0.9400143626499999,1.0855991646,0.6366718957,0.7498122862
0,489,1.1533493148,1.03409683055,0.7804996558,0.7052295725
0,489,1.0770024121,0.5000051809,0.7259628554,0.3610696806
0,489,1.01252462105,0.9173316492000001,0.6845801677,0.6499898184
0,489,0.9422397154500001,0.8507455694,0.6398579865,0.6020445492
0,489,0.8609802095,0.7701778116,0.5849970356,0.5569343596
0,489,0.91454585365,1.11246942515,0.6179161065,0.7714432281
0,489,0.790251033,1.0250049857499999,0.536184003,0.7145806503
0,489,0.7995521136500001,1.01487316845,0.5445289073,0.7057762703
0,489,0.49201812635,0.5054938136,0.3375135157,0.3625770378
0,489,0.7990591864,1.0607027526000001,0.5424311648,0.736576508
0,489,0.8277003831,0.9927353241000001,0.559890352,0.686012105
0,489,0.87194996685,1.08297447455,0.5906062583,0.7465088229
0,489,0.8502709663500001,1.0659766106,0.5746514763,0.7394339632
0,489,0.84296941455,1.05113647965,0.5746162229,0.7283322661
0,489,0.9302197353499999,1.05911153985,0.6289050111,0.7351603947
0,489,0.84330240655,0.98526754175,0.5716908717,0.6837509791
0,489,0.790207783,1.0026839326,0.5367721594,0.6996384782
0,489,0.9188368493,1.135097428,0.6217126544,0.7835645868
0,489,0.7794727475,1.0168044436,0.5278376346,0.7059380046
0,489,0.8422655304,1.0828421738,0.5697020428,0.752042627
0,489,0.8243581302,1.02027429645,0.5623012072,0.7184911051
0,489,0.884595384,1.1124100325500001,0.5997697608,0.7681840653
0,489,0.9434863095500001,1.0276931981,0.6392038287,0.711300914
0,489,0.80267214665,0.9738097891499999,0.5422401435,0.6771152197
0,489,0.812746886,0.9632448035000001,0.5536922972,0.665474859
0,489,0.8922393889,1.0692923879,0.601328116,0.7422517732
0,489,0.7995850017499999,0.9488172677,0.5424281237,0.661522957
0,489,0.8499804924,1.0400106802,0.574152298,0.7156555748
0,489,0.80030257045,0.9262525619,0.5422668369,0.6434826054
0,489,0.8045331399,0.912646537,0.5454408762,0.6330701936
0,489,0.8404244164000001,0.9691387178,0.570726417,0.6735333392
0,489,0.86706124125,0.9329507925,0.5971998713,0.6486896372
0,489,1.01252462105,0.9173316492000001,0.6845801677,0.6499898184
0,489,1.134933557,0.96442237,0.763998616,0.6758070794
0,489,1.1988543341,0.95368498795,0.809707778,0.6750568247
0,489,1.1721017251,0.9726322976999999,0.7917985194,0.6681028528
0,489,1.152857176,0.9814719678499999,0.7773102988,0.6832836467
0,489,1.1733656643,0.9842264057000001,0.7936001564,0.6793581748
0,489,1.02732815065,0.37085790635,0.6931365919,0.2805724281
0,489,1.17219335005,0.00925568155,0.7894879053,0.0296488009
0,489,0.9580336612,0.42388331290000003,0.6481115474,0.319512839
0,489,0.8136281068,0.89445879245,0.5518073136,0.6231233121
0,489,0.80018402695,0.8890683267,0.5431688943,0.6193412536
0,489,0.7884073285500001,0.8740878609,0.5377537339,0.6164189244
0,489,0.8486313482999999,0.90459864375,0.5745862632,0.6316145853
0,489,0.84699674225,0.9514076436000001,0.5747844929,0.6607938764
0,489,0.8757304086500001,0.7466166457,0.5941360973,0.5362299732
0,489,0.93517389915,0.8843478490500001,0.6335300687,0.6247927639
0,489,0.9857711673,0.5478668048499999,0.6640070858,0.4036951395
0,489,1.1305973965,0.5630288273999999,0.763345134,0.4061939862
0,489,1.1505283158,0.56658210035,0.7769437992,0.4096012177
0,489,0.3920533796,0.40917751005,0.2725556034,0.3037370673
0,489,0.7205149758,0.3986593027,0.4934679958,0.3012057836
0,489,0.6531684678,0.38075728369999995,0.4437374004,0.2817612824
0,489,0.6229761833,0.38545962985000004,0.4227023352,0.2833476325
0,489,0.5146556458,0.3443170835,0.353248916,0.2551384788
0,489,0.59529732835,0.3642559391,0.4028371801,0.268250567
0,489,0.5797012071000001,0.35337544035,0.3973410424,0.2602481247
0,489,0.65623455355,0.4059677642,0.4455928855,0.2991134286
0,489,0.63418127005,0.36741403305,0.4324714437,0.2722521997
0,489,0.59925504755,0.34899153905,0.4079522809,0.2581336087
0,489,0.5978081885,0.3329835599,0.4081536802,0.2478121576
0,489,0.5131567032,0.32582494225,0.3508617132,0.2437531085
0,489,0.4729680675,0.3236178029,0.3254857302,0.2414859758
0,489,0.41983576905,0.3205160193,0.2882769025,0.2415928976
0,489,0.39574084489999994,0.2947428711,0.2736838228,0.2242410054
0,489,1.13269260485,1.4702019291,0.7660889249,1.0098561782
0,489,1.1826031087,1.41750479645,0.7992509398,0.9804607909
0,489,1.1928913954,1.45287353855,0.804610686,1.0011831979
0,489,1.13558298435,1.26864201195,0.7680181723,0.8775083075
0,489,1.16532063865,1.251356195,0.7892027249,0.8654338022
0,489,0.9896641832,1.09851748115,0.6681490714,0.7618617129
0,489,1.2468975374,1.10179864405,0.8417081222,0.7632716691
0,489,0.9139418727999999,1.07779725165,0.6183910692,0.7543959579
0,489,0.96715447675,0.97023076185,0.6556323345,0.6847385041
0,489,1.05872862495,1.1381209724,0.7153513755,0.7877426464
0,489,0.6448618767500001,1.4391970082,0.4445557359,0.9992189602
0,489,0.6448618767500001,1.4391970082,0.4445557359,0.9992189602
0,489,0.6448618767500001,1.4391970082,0.4445557359,0.9992189602
0,489,1.1588833567,1.47239660425,0.7869814268,1.0037407615
0,489,1.1588833567,1.47239660425,0.7869814268,1.0037407615
0,489,1.1588833567,1.47239660425,0.7869814268,1.0037407615
0,489,0.98945086115,1.0105965967,0.6682234075,0.704560185
0,489,0.962849346,1.2965461253,0.6510010822,0.8912428038
0,489,0.9466396812,1.3326103096500002,0.6410862218,0.9167367465
0,489,1.1161279288,1.38069441205,0.7540446728,0.9502731011
0,489,0.9819038874999999,1.3412356106,0.6635043034,0.9256044986
0,489,0.82596632445,1.4217221258000001,0.5593495005,0.9774575196
0,489,0.9031278270499999,1.3197908057,0.6139816989,0.909325804
0,489,0.8229910216,1.35609128415,0.5617310718,0.9345859303
0,489,0.65186495785,1.4292269253,0.4448581487,0.9820761812
0,489,1.00744036895,1.2644787441499998,0.6810917767,0.8704690383
0,489,1.1420568711999999,0.9857314202499999,0.774965445,0.6962611307
0,489,1.04430359,1.0157352256,0.7060005686,0.7048291414
0,489,1.04430359,1.0157352256,0.7060005686,0.7048291414
0,489,1.0026812247499999,1.1561476584500001,0.6771365325,0.8005597477
0,489,1.102267961,1.3068857042,0.745725561,0.899707647
0,489,0.85982647925,1.4044236194,0.5833572485,0.9676174098
0,489,1.23475045365,0.98110066985,0.8324449417,0.6846990091
0,489,1.17877260265,1.3604070507000001,0.7946762279,0.9356070936
0,489,1.0748686841,0.91221141625,0.723904083,0.6368979041
0,489,0.9405718834500001,1.005242247,0.6372136483,0.7004773338
0,489,0.9400143626499999,1.0855991646,0.6366718957,0.7498122862
0,489,1.1533493148,1.03409683055,0.7804996558,0.7052295725
0,489,1.0770024121,0.5000051809,0.7259628554,0.3610696806
0,489,0.91454585365,1.11246942515,0.6179161065,0.7714432281
0,489,0.91454585365,1.11246942515,0.6179161065,0.7714432281
0,489,0.790251033,1.0250049857499999,0.536184003,0.7145806503
0,489,0.7995521136500001,1.01487316845,0.5445289073,0.7057762703
0,489,0.7990591864,1.0607027526000001,0.5424311648,0.736576508
0,489,0.8277003831,0.9927353241000001,0.559890352,0.686012105
0,489,0.87194996685,1.08297447455,0.5906062583,0.7465088229
0,489,0.8502709663500001,1.0659766106,0.5746514763,0.7394339632
0,489,0.84296941455,1.05113647965,0.5746162229,0.7283322661
0,489,0.84296941455,1.05113647965,0.5746162229,0.7283322661
0,489,0.9302197353499999,1.05911153985,0.6289050111,0.7351603947
0,489,0.790207783,1.0026839326,0.5367721594,0.6996384782
0,489,0.790207783,1.0026839326,0.5367721594,0.6996384782
0,489,0.9188368493,1.135097428,0.6217126544,0.7835645868
0,489,0.9188368493,1.135097428,0.6217126544,0.7835645868
0,489,0.7794727475,1.0168044436,0.5278376346,0.7059380046
0,489,0.8422655304,1.0828421738,0.5697020428,0.752042627
0,489,0.884595384,1.1124100325500001,0.5997697608,0.7681840653
0,489,0.9434863095500001,1.0276931981,0.6392038287,0.711300914
0,489,0.812746886,0.9632448035000001,0.5536922972,0.665474859
0,489,0.7995850017499999,0.9488172677,0.5424281237,0.661522957
0,489,0.8499804924,1.0400106802,0.574152298,0.7156555748
0,489,0.80030257045,0.9262525619,0.5422668369,0.6434826054
0,489,0.8045331399,0.912646537,0.5454408762,0.6330701936
0,489,0.8404244164000001,0.9691387178,0.570726417,0.6735333392
0,489,0.86706124125,0.9329507925,0.5971998713,0.6486896372
0,489,1.134933557,0.96442237,0.763998616,0.6758070794
0,489,1.152857176,0.9814719678499999,0.7773102988,0.6832836467
0,489,0.8486313482999999,0.90459864375,0.5745862632,0.6316145853
0,489,0.84699674225,0.9514076436000001,0.5747844929,0.6607938764
0,489,1.05872862495,1.1381209724,0.7153513755,0.7877426464
0,489,0.6448618767500001,1.4391970082,0.4445557359,0.9992189602
0,489,0.6448618767500001,1.4391970082,0.4445557359,0.9992189602
0,489,0.6448618767500001,1.4391970082,0.4445557359,0.9992189602
0,489,1.1588833567,1.47239660425,0.7869814268,1.0037407615
0,489,1.1588833567,1.47239660425,0.7869814268,1.0037407615
0,489,1.1588833567,1.47239660425,0.7869814268,1.0037407615
0,489,0.98945086115,1.0105965967,0.6682234075,0.704560185
0,489,0.962849346,1.2965461253,0.6510010822,0.8912428038
0,489,0.9466396812,1.3326103096500002,0.6410862218,0.9167367465
0,489,1.1161279288,1.38069441205,0.7540446728,0.9502731011
0,489,0.9819038874999999,1.3412356106,0.6635043034,0.9256044986
0,489,0.82596632445,1.4217221258000001,0.5593495005,0.9774575196
0,489,0.9031278270499999,1.3197908057,0.6139816989,0.909325804
0,489,0.8229910216,1.35609128415,0.5617310718,0.9345859303
0,489,0.65186495785,1.4292269253,0.4448581487,0.9820761812
0,489,1.00744036895,1.2644787441499998,0.6810917767,0.8704690383
0,489,1.1420568711999999,0.9857314202499999,0.774965445,0.6962611307
0,489,1.04430359,1.0157352256,0.7060005686,0.7048291414
0,489,1.04430359,1.0157352256,0.7060005686,0.7048291414
0,489,1.0026812247499999,1.1561476584500001,0.6771365325,0.8005597477
0,489,1.102267961,1.3068857042,0.745725561,0.899707647
0,489,0.85982647925,1.4044236194,0.5833572485,0.9676174098
0,489,1.23475045365,0.98110066985,0.8324449417,0.6846990091
0,489,1.17877260265,1.3604070507000001,0.7946762279,0.9356070936
0,489,1.0748686841,0.91221141625,0.723904083,0.6368979041
0,489,0.9405718834500001,1.005242247,0.6372136483,0.7004773338
0,489,0.9400143626499999,1.0855991646,0.6366718957,0.7498122862
0,489,1.1533493148,1.03409683055,0.7804996558,0.7052295725
0,489,1.0770024121,0.5000051809,0.7259628554,0.3610696806
0,489,0.91454585365,1.11246942515,0.6179161065,0.7714432281
0,489,0.91454585365,1.11246942515,0.6179161065,0.7714432281
0,489,0.790251033,1.0250049857499999,0.536184003,0.7145806503
0,489,0.7995521136500001,1.01487316845,0.5445289073,0.7057762703
0,489,0.7990591864,1.0607027526000001,0.5424311648,0.736576508
0,489,0.8277003831,0.9927353241000001,0.559890352,0.686012105
0,489,0.87194996685,1.08297447455,0.5906062583,0.7465088229
0,489,0.8502709663500001,1.0659766106,0.5746514763,0.7394339632
0,489,0.84296941455,1.05113647965,0.5746162229,0.7283322661
0,489,0.84296941455,1.05113647965,0.5746162229,0.7283322661
0,489,0.9302197353499999,1.05911153985,0.6289050111,0.7351603947
0,489,0.790207783,1.0026839326,0.5367721594,0.6996384782
0,489,0.790207783,1.0026839326,0.5367721594,0.6996384782
0,489,0.9188368493,1.135097428,0.6217126544,0.7835645868
0,489,0.9188368493,1.135097428,0.6217126544,0.7835645868
0,489,0.7794727475,1.0168044436,0.5278376346,0.7059380046
0,489,0.8422655304,1.0828421738,0.5697020428,0.752042627
0,489,0.884595384,1.1124100325500001,0.5997697608,0.7681840653
0,489,0.9434863095500001,1.0276931981,0.6392038287,0.711300914
0,489,0.812746886,0.9632448035000001,0.5536922972,0.665474859
0,489,0.7995850017499999,0.9488172677,0.5424281237,0.661522957
0,489,0.8499804924,1.0400106802,0.574152298,0.7156555748
0,489,0.80030257045,0.9262525619,0.5422668369,0.6434826054
0,489,0.8045331399,0.912646537,0.5454408762,0.6330701936
0,489,0.8404244164000001,0.9691387178,0.570726417,0.6735333392
0,489,0.86706124125,0.9329507925,0.5971998713,0.6486896372
0,489,1.134933557,0.96442237,0.763998616,0.6758070794
0,489,1.152857176,0.9814719678499999,0.7773102988,0.6832836467
0,489,0.8486313482999999,0.90459864375,0.5745862632,0.6316145853
0,489,0.84699674225,0.9514076436000001,0.5747844929,0.6607938764
