1,80,0.2554189899,0.2088855624,0.010046525400000006,0.0381017055,-1,-1,-1,-1
2,80,0.2557060849,0.2069696048,0.01086793939999997,0.039675047799999974,-1,-1,-1,-1
3,80,0.2561844265,0.2060766125,0.010293974599999978,0.0410783965,-1,-1,-1,-1
4,80,0.2561844265,0.2060766125,0.010485333799999996,0.040823255799999986,-1,-1,-1,-1
5,80,0.2560491573,0.2051835451,0.010620603000000006,0.04171632319999999,-1,-1,-1,-1
6,80,0.2553109772,0.2058396425,0.011119443299999976,0.0410214817,-1,-1,-1,-1
7,80,0.2554750798,0.2060582916,0.011037335699999984,0.04091215710000001,-1,-1,-1,-1
8,80,0.2554955786,0.2060719572,0.011037349700000032,0.040884825900000005,-1,-1,-1,-1
9,80,0.2555160773,0.2060856227,0.011037363900000041,0.04085749490000001,-1,-1,-1,-1
10,80,0.255536576,0.2060992883,0.011037377999999987,0.040830163700000005,-1,-1,-1,-1
11,80,0.2555570748,0.2061129538,0.01103739199999998,0.040802832600000005,-1,-1,-1,-1
12,80,0.2555775736,0.2061266194,0.011037406000000027,0.040775501500000005,-1,-1,-1,-1
13,80,0.2555980723,0.206140285,0.011037420100000028,0.0407481703,-1,-1,-1,-1
14,80,0.255618571,0.2061539505,0.011037434299999982,0.040720839300000006,-1,-1,-1,-1
15,80,0.2556390698,0.2061676161,0.011037448299999975,0.0406935081,-1,-1,-1,-1
16,80,0.2556493262,0.2061539458,0.011037448299999975,0.040693508100000025,-1,-1,-1,-1
17,80,0.2556595826,0.2061402756,0.01103744830000003,0.0406935081,-1,-1,-1,-1
18,80,0.255669839,0.2061266053,0.011037448299999975,0.040693508100000025,-1,-1,-1,-1
19,80,0.2556800955,0.2061129351,0.01103744830000003,0.0406935081,-1,-1,-1,-1
20,80,0.2556903519,0.2060992648,0.011037448299999975,0.040693508100000025,-1,-1,-1,-1
21,80,0.2557006083,0.2060855946,0.011037448299999975,0.04069350799999999,-1,-1,-1,-1
22,80,0.2557108647,0.2060719243,0.01103744830000003,0.040693508100000025,-1,-1,-1,-1
23,80,0.2557211211,0.206058254,0.011037448299999975,0.0406935081,-1,-1,-1,-1
24,80,0.2557313775,0.2060445838,0.011037448299999975,0.04069350800000002,-1,-1,-1,-1
25,80,0.2557416339,0.2060309135,0.01103744830000003,0.0406935081,-1,-1,-1,-1
26,80,0.2557518903,0.2060172433,0.011037448299999975,0.04069350799999999,-1,-1,-1,-1
27,80,0.2557621467,0.206003573,0.011037448299999975,0.04069350800000002,-1,-1,-1,-1
28,80,0.2557724032,0.2059899028,0.011037448299999975,0.04069350799999999,-1,-1,-1,-1
29,80,0.2557826596,0.2059762325,0.011037448299999975,0.04069350800000002,-1,-1,-1,-1
30,80,0.255792916,0.2059625623,0.01103744830000003,0.04069350799999999,-1,-1,-1,-1
31,80,0.2558031724,0.205948892,0.011037448299999975,0.04069350800000002,-1,-1,-1,-1
32,80,0.2545729098,0.2050741455,0.012369641499999973,0.041880535299999994,-1,-1,-1,-1
33,80,0.2536990099,0.20484108,0.013513854500000033,0.041540923399999985,-1,-1,-1,-1
34,80,0.255009916,0.2047245472,0.012465152099999988,0.042240044899999996,-1,-1,-1,-1
35,80,0.260777835,0.2060063324,0.017621375100000003,0.0400260727,-1,-1,-1,-1
36,80,0.2727506794,0.207054977,0.01735917140000004,0.039443484,-1,-1,-1,-1
37,80,0.2871705333,0.2088028182,0.010892042400000024,0.04119132510000001,-1,-1,-1,-1
38,80,0.3007164875,0.2112497057,0.01307684819999999,0.041191400200000006,-1,-1,-1,-1
39,80,0.3122524382,0.2149783784,0.017621262500000012,0.03757926029999997,-1,-1,-1,-1
40,80,0.3338385185,0.2166096868,0.010979443599999972,0.040725344299999994,-1,-1,-1,-1
41,80,0.3456365604,0.2184739856,0.01884476730000001,0.039443634199999994,-1,-1,-1,-1
42,80,0.3647756311,0.2212704713,0.016310356400000003,0.03699674670000003,-1,-1,-1,-1
43,80,0.3810306859,0.223251378,0.01631035650000001,0.03699674670000003,-1,-1,-1,-1
44,80,0.3893071671,0.230030457,0.01571666719999998,0.037203250699999996,-1,-1,-1,-1
45,80,0.3975836484,0.236809536,0.015122977799999993,0.03740975460000001,-1,-1,-1,-1
46,80,0.4058601296,0.2435886149,0.014529288599999968,0.037616258700000016,-1,-1,-1,-1
47,80,0.4141366108,0.2503676939,0.01393559929999999,0.03782276269999996,-1,-1,-1,-1
48,80,0.4224130921,0.2571467729,0.013341909900000004,0.03802926670000001,-1,-1,-1,-1
49,80,0.4306895733,0.2639258518,0.01274822069999998,0.03823577080000001,-1,-1,-1,-1
50,80,0.4389660546,0.2707049308,0.012154531299999993,0.0384422747,-1,-1,-1,-1
51,80,0.4472425358,0.2774840098,0.011560842000000016,0.0386487787,-1,-1,-1,-1
52,80,0.4472425358,0.2774840098,0.011560842000000016,0.0386487787,-1,-1,-1,-1
53,80,0.4481506752,0.2773739344,0.011560842099999968,0.0386487787,-1,-1,-1,-1
54,80,0.4485634659,0.2793551414,0.011560842099999968,0.0386487787,-1,-1,-1,-1
55,80,0.4511225429,0.2777041606,0.011560842000000016,0.0386487787,-1,-1,-1,-1
56,80,0.4608476209,0.2791746357,0.00921441150000002,0.03988693919999997,-1,-1,-1,-1
57,80,0.4738240027,0.2795183773,0.009214411499999964,0.03988693919999997,-1,-1,-1,-1
58,80,0.4904936503,0.2786491872,0.009537210400000051,0.040235185900000026,-1,-1,-1,-1
59,80,0.5031855276,0.2750359209,0.017998349299999994,0.04171992739999997,-1,-1,-1,-1
60,80,0.5196290132,0.2720559261,0.01648178,0.03873993249999996,-1,-1,-1,-1
61,80,0.5389461527,0.2655637302,0.009856405199999974,0.04097492859999996,-1,-1,-1,-1
62,80,0.5544317162,0.2604552106,0.01648178,0.042251983400000026,-1,-1,-1,-1
63,80,0.5713919504,0.2533714908,0.01761698249999999,0.04066302329999999,-1,-1,-1,-1
64,80,0.5931200578,0.2451072762,0.011623126699999986,0.041207843999999993,-1,-1,-1,-1
65,80,0.6103954321,0.2368718945,0.015986768999999956,0.03711403029999999,-1,-1,-1,-1
66,80,0.6243603716,0.224682208,0.01731310549999998,0.0404277052,-1,-1,-1,-1
67,80,0.6355859127,0.2087389955,0.012799214100000067,0.04342834850000002,-1,-1,-1,-1
68,80,0.6404267704,0.1935594029,0.01322856140000006,0.046012267099999976,-1,-1,-1,-1
69,80,0.6407341389,0.1781920214,0.012146520599999988,0.04479775859999999,-1,-1,-1,-1
70,80,0.6427318656,0.1622099896,0.015681090000000064,0.040392415099999995,-1,-1,-1,-1
71,80,0.6478800918,0.1503259013,0.01053286380000007,0.044490358399999985,-1,-1,-1,-1
72,80,0.6524903949,0.132704527,0.012069706499999944,0.04254384090000002,-1,-1,-1,-1
73,80,0.6550260447,0.1194885714,0.012453889100000004,0.037933664000000006,-1,-1,-1,-1
74,80,0.658105587,0.1071705637,0.014314882400000006,0.039213722300000003,-1,-1,-1,-1
75,80,0.6619316441,0.0947282144,0.014501511099999975,0.0415777153,-1,-1,-1,-1
76,80,0.6671574727,0.0836544491,0.012915223499999962,0.042697541099999986,-1,-1,-1,-1
77,80,0.6722900433,0.0732027676,0.012915223500000073,0.042697541000000006,-1,-1,-1,-1
78,80,0.6769560984,0.0582719334,0.012915223499999962,0.04269754099999999,-1,-1,-1,-1
79,80,0.6776093552,0.0499354865,0.012915223499999962,0.042697541000000006,-1,-1,-1,-1
80,80,0.6801290114,0.0423456151,0.01282174029999994,0.0405823815,-1,-1,-1,-1
81,80,0.6839551812,0.0313963417,0.012989334300000044,0.0381312892,-1,-1,-1,-1
82,80,0.6858429805,0.0213287227,0.013069977799999966,0.0385508671,-1,-1,-1,-1
83,80,0.6868957375,0.0122052292,0.013296928200000058,0.0385643825,-1,-1,-1,-1
84,80,0.6886491687,0.0086984343,0.012528337799999956,0.0363917074,-1,-1,-1,-1
85,80,0.6896354737,0.0048994064,0.012637927300000018,0.0401907353,-1,-1,-1,-1
86,80,0.690183421,0.0048994064,0.013185874500000083,0.0398985024,-1,-1,-1,-1
87,80,0.6898546526,0.0047532899,0.012418748400000013,0.0393140366,-1,-1,-1,-1
88,80,0.6899094474,0.0033651836,0.012254364199999923,0.0382912214,-1,-1,-1,-1
89,80,0.6899642421,0.0019770773,0.012089980000000056,0.0372684062,-1,-1,-1,-1
90,80,0.690183421,-6.85531e-05,0.012089980000000056,0.0372684062,-1,-1,-1,-1
91,80,0.6904025999,-0.0028446907,0.012747516700000072,0.035953283,-1,-1,-1,-1
92,80,0.6893067054,-0.0025524578,0.012747516699999961,0.035953282999999996,-1,-1,-1,-1
93,80,0.6882108109,-0.0073743008,0.012747516699999961,0.035953282999999996,-1,-1,-1,-1
94,80,0.6903904233,-0.0083410688,0.013018530600000022,0.0360007203,-1,-1,-1,-1
95,80,0.6925700357,-0.0093078368,0.013289544499999972,0.0360481577,-1,-1,-1,-1
96,80,0.694749648,-0.0102746048,0.01356055849999993,0.036095595,-1,-1,-1,-1
97,80,0.6969292604,-0.0112413728,0.013831572399999992,0.0361430324,-1,-1,-1,-1
98,80,0.6991088728,-0.0122081408,0.01410258639999995,0.0361904698,-1,-1,-1,-1
99,80,0.7012884851,-0.0131749089,0.01437360040000002,0.0362379073,-1,-1,-1,-1
100,80,0.7034680975,-0.0141416769,0.01464461430000008,0.036285344600000005,-1,-1,-1,-1
101,80,0.7056477098,-0.0151084449,0.014915628299999928,0.036332782,-1,-1,-1,-1
102,80,0.7078273222,-0.0160752129,0.015186642199999989,0.0363802194,-1,-1,-1,-1
103,80,0.7299655171,-0.015854987,0.010325736299999999,0.036930971800000004,-1,-1,-1,-1
104,80,0.7515254671,-0.0151941592,0.012886615400000023,0.0377019501,-1,-1,-1,-1
105,80,0.7758940832,-0.0246661246,0.0074346248000000115,0.037922251,-1,-1,-1,-1
106,80,0.7831633664,-0.0317149296,0.017677803000000103,0.0392438315,-1,-1,-1,-1
1,80,0.2554189899,0.2088855624,0.010046525400000006,0.0381017055,-1,-1,-1,-1
2,80,0.2557060849,0.2069696048,0.01086793939999997,0.039675047799999974,-1,-1,-1,-1
3,80,0.2561844265,0.2060766125,0.010293974599999978,0.0410783965,-1,-1,-1,-1
4,80,0.2561844265,0.2060766125,0.010485333799999996,0.040823255799999986,-1,-1,-1,-1
5,80,0.2560491573,0.2051835451,0.010620603000000006,0.04171632319999999,-1,-1,-1,-1
6,80,0.2553109772,0.2058396425,0.011119443299999976,0.0410214817,-1,-1,-1,-1
7,80,0.2554750798,0.2060582916,0.011037335699999984,0.04091215710000001,-1,-1,-1,-1
8,80,0.2554955786,0.2060719572,0.011037349700000032,0.040884825900000005,-1,-1,-1,-1
9,80,0.2555160773,0.2060856227,0.011037363900000041,0.04085749490000001,-1,-1,-1,-1
10,80,0.255536576,0.2060992883,0.011037377999999987,0.040830163700000005,-1,-1,-1,-1
11,80,0.2555570748,0.2061129538,0.01103739199999998,0.040802832600000005,-1,-1,-1,-1
12,80,0.2555775736,0.2061266194,0.011037406000000027,0.040775501500000005,-1,-1,-1,-1
13,80,0.2555980723,0.206140285,0.011037420100000028,0.0407481703,-1,-1,-1,-1
14,80,0.255618571,0.2061539505,0.011037434299999982,0.040720839300000006,-1,-1,-1,-1
15,80,0.2556390698,0.2061676161,0.011037448299999975,0.0406935081,-1,-1,-1,-1
16,80,0.2556493262,0.2061539458,0.011037448299999975,0.040693508100000025,-1,-1,-1,-1
17,80,0.2556595826,0.2061402756,0.01103744830000003,0.0406935081,-1,-1,-1,-1
18,80,0.255669839,0.2061266053,0.011037448299999975,0.040693508100000025,-1,-1,-1,-1
19,80,0.2556800955,0.2061129351,0.01103744830000003,0.0406935081,-1,-1,-1,-1
20,80,0.2556903519,0.2060992648,0.011037448299999975,0.040693508100000025,-1,-1,-1,-1
21,80,0.2557006083,0.2060855946,0.011037448299999975,0.04069350799999999,-1,-1,-1,-1
22,80,0.2557108647,0.2060719243,0.01103744830000003,0.040693508100000025,-1,-1,-1,-1
23,80,0.2557211211,0.206058254,0.011037448299999975,0.0406935081,-1,-1,-1,-1
24,80,0.2557313775,0.2060445838,0.011037448299999975,0.04069350800000002,-1,-1,-1,-1
25,80,0.2557416339,0.2060309135,0.01103744830000003,0.0406935081,-1,-1,-1,-1
26,80,0.2557518903,0.2060172433,0.011037448299999975,0.04069350799999999,-1,-1,-1,-1
27,80,0.2557621467,0.206003573,0.011037448299999975,0.04069350800000002,-1,-1,-1,-1
28,80,0.2557724032,0.2059899028,0.011037448299999975,0.04069350799999999,-1,-1,-1,-1
29,80,0.2557826596,0.2059762325,0.011037448299999975,0.04069350800000002,-1,-1,-1,-1
30,80,0.255792916,0.2059625623,0.01103744830000003,0.04069350799999999,-1,-1,-1,-1
31,80,0.2558031724,0.205948892,0.011037448299999975,0.04069350800000002,-1,-1,-1,-1
32,80,0.2545729098,0.2050741455,0.012369641499999973,0.041880535299999994,-1,-1,-1,-1
33,80,0.2536990099,0.20484108,0.013513854500000033,0.041540923399999985,-1,-1,-1,-1
34,80,0.255009916,0.2047245472,0.012465152099999988,0.042240044899999996,-1,-1,-1,-1
35,80,0.260777835,0.2060063324,0.017621375100000003,0.0400260727,-1,-1,-1,-1
36,80,0.2727506794,0.207054977,0.01735917140000004,0.039443484,-1,-1,-1,-1
37,80,0.2871705333,0.2088028182,0.010892042400000024,0.04119132510000001,-1,-1,-1,-1
38,80,0.3007164875,0.2112497057,0.01307684819999999,0.041191400200000006,-1,-1,-1,-1
39,80,0.3122524382,0.2149783784,0.017621262500000012,0.03757926029999997,-1,-1,-1,-1
40,80,0.3338385185,0.2166096868,0.010979443599999972,0.040725344299999994,-1,-1,-1,-1
41,80,0.3456365604,0.2184739856,0.01884476730000001,0.039443634199999994,-1,-1,-1,-1
42,80,0.3647756311,0.2212704713,0.016310356400000003,0.03699674670000003,-1,-1,-1,-1
43,80,0.3810306859,0.223251378,0.01631035650000001,0.03699674670000003,-1,-1,-1,-1
44,80,0.3893071671,0.230030457,0.01571666719999998,0.037203250699999996,-1,-1,-1,-1
45,80,0.3975836484,0.236809536,0.015122977799999993,0.03740975460000001,-1,-1,-1,-1
46,80,0.4058601296,0.2435886149,0.014529288599999968,0.037616258700000016,-1,-1,-1,-1
47,80,0.4141366108,0.2503676939,0.01393559929999999,0.03782276269999996,-1,-1,-1,-1
48,80,0.4224130921,0.2571467729,0.013341909900000004,0.03802926670000001,-1,-1,-1,-1
49,80,0.4306895733,0.2639258518,0.01274822069999998,0.03823577080000001,-1,-1,-1,-1
50,80,0.4389660546,0.2707049308,0.012154531299999993,0.0384422747,-1,-1,-1,-1
51,80,0.4472425358,0.2774840098,0.011560842000000016,0.0386487787,-1,-1,-1,-1
52,80,0.4472425358,0.2774840098,0.011560842000000016,0.0386487787,-1,-1,-1,-1
53,80,0.4481506752,0.2773739344,0.011560842099999968,0.0386487787,-1,-1,-1,-1
54,80,0.4485634659,0.2793551414,0.011560842099999968,0.0386487787,-1,-1,-1,-1
55,80,0.4511225429,0.2777041606,0.011560842000000016,0.0386487787,-1,-1,-1,-1
56,80,0.4608476209,0.2791746357,0.00921441150000002,0.03988693919999997,-1,-1,-1,-1
57,80,0.4738240027,0.2795183773,0.009214411499999964,0.03988693919999997,-1,-1,-1,-1
58,80,0.4904936503,0.2786491872,0.009537210400000051,0.040235185900000026,-1,-1,-1,-1
59,80,0.5031855276,0.2750359209,0.017998349299999994,0.04171992739999997,-1,-1,-1,-1
60,80,0.5196290132,0.2720559261,0.01648178,0.03873993249999996,-1,-1,-1,-1
61,80,0.5389461527,0.2655637302,0.009856405199999974,0.04097492859999996,-1,-1,-1,-1
62,80,0.5544317162,0.2604552106,0.01648178,0.042251983400000026,-1,-1,-1,-1
63,80,0.5713919504,0.2533714908,0.01761698249999999,0.04066302329999999,-1,-1,-1,-1
64,80,0.5931200578,0.2451072762,0.011623126699999986,0.041207843999999993,-1,-1,-1,-1
65,80,0.6103954321,0.2368718945,0.015986768999999956,0.03711403029999999,-1,-1,-1,-1
66,80,0.6243603716,0.224682208,0.01731310549999998,0.0404277052,-1,-1,-1,-1
67,80,0.6355859127,0.2087389955,0.012799214100000067,0.04342834850000002,-1,-1,-1,-1
68,80,0.6404267704,0.1935594029,0.01322856140000006,0.046012267099999976,-1,-1,-1,-1
69,80,0.6407341389,0.1781920214,0.012146520599999988,0.04479775859999999,-1,-1,-1,-1
70,80,0.6427318656,0.1622099896,0.015681090000000064,0.040392415099999995,-1,-1,-1,-1
71,80,0.6478800918,0.1503259013,0.01053286380000007,0.044490358399999985,-1,-1,-1,-1
72,80,0.6524903949,0.132704527,0.012069706499999944,0.04254384090000002,-1,-1,-1,-1
73,80,0.6550260447,0.1194885714,0.012453889100000004,0.037933664000000006,-1,-1,-1,-1
74,80,0.658105587,0.1071705637,0.014314882400000006,0.039213722300000003,-1,-1,-1,-1
75,80,0.6619316441,0.0947282144,0.014501511099999975,0.0415777153,-1,-1,-1,-1
76,80,0.6671574727,0.0836544491,0.012915223499999962,0.042697541099999986,-1,-1,-1,-1
77,80,0.6722900433,0.0732027676,0.012915223500000073,0.042697541000000006,-1,-1,-1,-1
78,80,0.6769560984,0.0582719334,0.012915223499999962,0.04269754099999999,-1,-1,-1,-1
79,80,0.6776093552,0.0499354865,0.012915223499999962,0.042697541000000006,-1,-1,-1,-1
80,80,0.6801290114,0.0423456151,0.01282174029999994,0.0405823815,-1,-1,-1,-1
81,80,0.6839551812,0.0313963417,0.012989334300000044,0.0381312892,-1,-1,-1,-1
82,80,0.6858429805,0.0213287227,0.013069977799999966,0.0385508671,-1,-1,-1,-1
83,80,0.6868957375,0.0122052292,0.013296928200000058,0.0385643825,-1,-1,-1,-1
84,80,0.6886491687,0.0086984343,0.012528337799999956,0.0363917074,-1,-1,-1,-1
85,80,0.6896354737,0.0048994064,0.012637927300000018,0.0401907353,-1,-1,-1,-1
86,80,0.690183421,0.0048994064,0.013185874500000083,0.0398985024,-1,-1,-1,-1
87,80,0.6898546526,0.0047532899,0.012418748400000013,0.0393140366,-1,-1,-1,-1
88,80,0.6899094474,0.0033651836,0.012254364199999923,0.0382912214,-1,-1,-1,-1
89,80,0.6899642421,0.0019770773,0.012089980000000056,0.0372684062,-1,-1,-1,-1
90,80,0.690183421,-6.85531e-05,0.012089980000000056,0.0372684062,-1,-1,-1,-1
91,80,0.6904025999,-0.0028446907,0.012747516700000072,0.035953283,-1,-1,-1,-1
92,80,0.6893067054,-0.0025524578,0.012747516699999961,0.035953282999999996,-1,-1,-1,-1
93,80,0.6882108109,-0.0073743008,0.012747516699999961,0.035953282999999996,-1,-1,-1,-1
94,80,0.6903904233,-0.0083410688,0.013018530600000022,0.0360007203,-1,-1,-1,-1
95,80,0.6925700357,-0.0093078368,0.013289544499999972,0.0360481577,-1,-1,-1,-1
96,80,0.694749648,-0.0102746048,0.01356055849999993,0.036095595,-1,-1,-1,-1
97,80,0.6969292604,-0.0112413728,0.013831572399999992,0.0361430324,-1,-1,-1,-1
98,80,0.6991088728,-0.0122081408,0.01410258639999995,0.0361904698,-1,-1,-1,-1
99,80,0.7012884851,-0.0131749089,0.01437360040000002,0.0362379073,-1,-1,-1,-1
100,80,0.7034680975,-0.0141416769,0.01464461430000008,0.036285344600000005,-1,-1,-1,-1
101,80,0.7056477098,-0.0151084449,0.014915628299999928,0.036332782,-1,-1,-1,-1
102,80,0.7078273222,-0.0160752129,0.015186642199999989,0.0363802194,-1,-1,-1,-1
103,80,0.7299655171,-0.015854987,0.010325736299999999,0.036930971800000004,-1,-1,-1,-1
104,80,0.7515254671,-0.0151941592,0.012886615400000023,0.0377019501,-1,-1,-1,-1
105,80,0.7758940832,-0.0246661246,0.0074346248000000115,0.037922251,-1,-1,-1,-1
106,80,0.7831633664,-0.0317149296,0.017677803000000103,0.0392438315,-1,-1,-1,-1
