0,489,0.35110127825,0.8576134181999999,0.2488545481,0.629367125
0,489,1.1356818738999999,0.24488472265,0.7645849702,0.1955422617
0,489,1.1487770246,0.15977230015,0.7741685844,0.1424577629
0,489,1.08427552475,0.11636073314999999,0.7322996709,0.1064565753
0,489,1.16331136735,0.11538450855,0.7815971271,0.1090582141
0,489,1.33639740775,0.3006816741,0.8965860803,0.230715406
0,489,1.3447399944,0.2695545366,0.9080994564,0.2165635224
0,489,1.2905758837499999,0.3508892581,0.8689962703,0.267396368
0,489,1.2755138709,0.3246262768,0.8620956454,0.2340371902
0,489,1.36238313465,0.054813380849999996,0.9175662087,0.0686551369
0,489,1.35553981985,0.24907472090000002,0.9147754509,0.2042359656
0,489,1.34053563895,0.25672282115,0.9016204371,0.2020171129
0,489,1.29709895525,0.22196371005,0.8752702673,0.1684877757
0,489,1.29155232885,0.27113810635,0.8708493413,0.1971324115
0,489,1.2981407845,0.2553214364,0.8747887052,0.1869208888
0,489,1.2824817987500001,0.3407781348,0.8629415565,0.2492947966
0,489,1.3102147841,0.13132115105,0.885691898,0.1100814047
0,489,1.31814830545,0.09771369045,0.8927242067,0.0878508297
0,489,1.33901462935,0.0372782481,0.9007900297,0.0604657252
0,489,1.22212232525,0.91885791295,0.8284875575,0.6537223205
0,489,1.24365473715,0.9097676072,0.8378024353,0.637112048
0,489,1.3426161491,0.020728751700000003,0.9013841384,0.0414002882
0,489,1.17025683805,0.08405112605000001,0.7908783285,0.0897350261
0,489,1.0198671704,1.03925561995,0.693879052,0.7312126975
0,489,1.04829819865,0.8177340627,0.7104597215,0.5871244522
0,489,1.3173062802,-0.026672109949999998,0.887825382,0.0189540925
0,489,1.3929367404,-0.03258460785,0.9391995938,0.0166074943
0,489,1.3622911043,-0.03279091285,0.9183408586,0.0091587687
0,489,1.3896557022,-0.03596157995,0.9352113488,0.0074970657
0,489,1.3275029418500002,0.02589242165,0.8959163795,0.0381308387
0,489,1.32841024885,0.0576335468,0.8947872693,0.0578734638
0,489,0.12090509395000001,0.38747636305,0.0891713461,0.2762332349
0,489,-0.0236345229,0.52262612575,0.0002296696,0.3686396543
0,489,0.46265224255000004,0.7930847571999999,0.3207705681,0.5697104642
0,489,1.0367983459999999,1.48702822255,0.7000635912,1.0180634779
0,489,1.0225821842,1.50277110685,0.6896971952,1.0296149373
0,489,0.9983212991000001,1.49347641835,0.6769804266,1.0307325105
0,489,1.0294765769,1.4713548675500001,0.6960746704,1.0094953171
0,489,1.0567717268999999,1.3392077004,0.7220507486,0.9316218536
0,489,1.30876483565,0.5903774579500001,0.8838221195,0.4275748933
0,489,1.31229720885,0.56529468365,0.8825105377,0.4010847157
0,489,1.2933973411,0.5790489275499999,0.870448313,0.4103071719
0,489,1.28849546185,0.61931647535,0.8691942371,0.4464240663
0,489,0.90951481945,1.27702561255,0.6205898413,0.8912306399
0,489,0.8550829905999999,1.4677656286,0.5776762802,1.0048168874
0,489,0.8698571237999999,1.4806181703,0.5904128718,1.029114267
0,489,1.16911448345,1.11815129795,0.7896032389,0.7833052413
0,489,1.1990652909500001,0.1696414305,0.8096260083,0.1474022206
0,489,1.283978079,0.012939340450000001,0.865836047,0.0442370949
0,489,1.18501824395,0.1762163331,0.7986738213,0.1424103088
0,489,1.22752802475,0.08292641975000001,0.8291840643,0.0883074999
0,489,0.8712405075,1.44815246025,0.5924842588,1.0021247705
0,489,1.1513865036,1.0324137507,0.7802061408,0.725343261
0,489,1.15410596635,1.0220649364,0.7838621259,0.708348851
0,489,1.05650327215,1.3558085871499999,0.7153144327,0.9282479601
0,489,1.25217016385,0.0466267297,0.8443241901,0.0651938438
0,489,1.26886036655,0.05570209335,0.8537622857,0.0632748077
0,489,1.18784853495,0.47572567165,0.7993660481,0.3435915695
0,489,1.2098560785,0.471266717,0.814788088,0.3419275238
0,489,1.2039223111,0.5337173859,0.812828881,0.3924941794
0,489,0.7890956697,1.4579798056,0.5409660676,1.007214669
0,489,1.08793072145,1.0489634292,0.7409237861,0.742493849
0,489,1.0740914213,1.47098972645,0.7274614038,1.0079417973
0,489,1.07021625735,1.47700039895,0.7315890853,1.0142290097
0,489,1.0681731405,1.4944015472,0.7298834094,1.0270372508
0,489,0.7956978426,1.5100622128999999,0.5418997742,1.0456694266
0,489,0.94147410985,1.4956626088,0.6412617001,1.0348643174
0,489,0.83079693265,1.444440006,0.5670327007,0.9985742758
0,489,1.33576663955,0.427981857,0.9004819683,0.3232315254
0,489,1.2666953836500001,0.4253751123,0.8514808429,0.3184319076
0,489,1.3542226064,0.4101669872,0.9150761742,0.293566581
0,489,1.3604778776,0.42571660135,0.9211460556,0.3104458099
0,489,0.18043936475,0.27650778509999996,0.1336834715,0.2004233472
0,489,0.26640733125,0.2438302214,0.1864964625,0.1885219142
0,489,0.19148126185,0.3012375448,0.1372692877,0.2253561758
0,489,0.20100912394999998,0.2973441344,0.1403731583,0.220050031
0,489,0.23483498285,0.3004079247,0.1639003121,0.2246580304
0,489,0.2395387692,0.28524413765,0.1685778556,0.2127163515
0,489,0.21591739994999998,0.27307588800000004,0.1515160287,0.2039917874
0,489,0.20634662565,0.26545230325,0.1448769129,0.2001426025
0,489,0.23201032319999998,0.24667288469999998,0.1615587246,0.1866411716
0,489,0.2109599134,0.31575447,0.14987917,0.2356630924
0,489,0.2410286451,0.2688223674,0.1676241008,0.2037292884
0,489,0.25723121415,0.24924077255,0.1780097565,0.1865164545
0,489,0.2407760713,0.25995472795,0.168537196,0.1943756577
0,489,0.20276261145000002,0.25649651335,0.1422997025,0.1967783949
0,489,0.21124419275,0.2841607659,0.1503918639,0.21327251
0,489,0.26756004775,0.29421227910000003,0.1894713711,0.2243035516
0,489,0.2839578618,0.29832948195,0.198976144,0.2283095903
0,489,0.28585529105,0.29282751405,0.1994504309,0.2196205417
0,489,0.2746537402,0.27695976255,0.1898869776,0.2075726167
0,489,0.29650979565,0.28797240820000003,0.2079898479,0.2174906654
0,489,0.30422053405,0.27709108714999997,0.2132480015,0.2115246689
0,489,0.29155185865,0.27396764144999997,0.2016610291,0.2104205361
0,489,0.3067011076,0.2818962237,0.2154210938,0.2136616784
0,489,0.2952335235,0.24500087999999998,0.204308521,0.1885301736
0,489,0.30908740935,0.2339936781,0.2148484805,0.1810047256
0,489,0.28337285915,0.23844234605,0.1956035371,0.1819719775
0,489,1.0772797646,1.0056450058,0.7310290866,0.712602747
0,489,1.0972960014500002,1.0058077912,0.7412032223,0.7013960804
0,489,0.8397977404500001,1.2187164367999999,0.5735160485,0.8474632802
0,489,1.1393269902,0.27640878485,0.7715855172,0.2223171637
0,489,0.9378791141,0.7195845007,0.6355863632,0.518145171
0,489,0.9242651312500001,1.1016916471,0.6293729907,0.772595641
0,489,0.8750712387499999,1.03514769025,0.5926348457,0.7285576729
0,489,0.8531459155000001,1.0812965380000001,0.5793144904,0.757578984
0,489,0.9048848060999999,1.06002848445,0.6170388278,0.7381995569
0,489,0.9085558836000001,1.0455704263,0.6124983556,0.7193298856
0,489,1.2038237594,0.2757153324,0.81688538,0.2196871426
0,489,1.2308910017,0.21604335414999998,0.831742015,0.1815493961
0,489,1.1137835256500002,0.985043036,0.7531391239,0.6980016134
0,489,1.19167797095,1.0057965284,0.8038230611,0.7108121072
0,489,0.9034291135500001,0.9170277029,0.6154979303,0.6452735456
0,489,0.9957303477999999,1.1550268566,0.675634943,0.8084048348
0,489,1.0277692116,0.89973032275,0.6972798164,0.6414656577
0,489,0.9898818979499999,0.8828364523000001,0.6733613843,0.625970856
0,489,0.8979273403,1.0897806031,0.6109882062,0.7674836674
0,489,0.8909321995999999,0.9626997576,0.6062966966,0.6768300448
0,489,1.19392506155,1.3112852662,0.8107622245,0.908985216
0,489,1.1825365441,0.5895633055,0.7983881904,0.4281703216
0,489,0.9555871584,0.79104708585,0.6453238306,0.5663174989
0,489,1.0398956276,0.9850277186,0.7052156468,0.6985398266
0,489,0.92989676745,0.82291924465,0.6291105617,0.5867593863
0,489,0.9238588972499999,0.7932992014,0.6254366683,0.5706850744
0,489,0.40283549465,0.35629104305000003,0.2777676911,0.2594576867
0,489,1.1420027523,1.1143367274,0.7788339638,0.7718332224
0,489,1.18222495185,0.9592754065,0.8005066569,0.660326544
0,489,0.83189434765,0.35423832335000005,0.5661824533,0.2623081715
0,489,0.8251194558499999,0.3516369473,0.5599921699,0.2555939476
0,489,0.89396646445,0.3534287886,0.6048178585,0.2537414372
0,489,1.0180491456,0.3910648511,0.6878378914,0.297083888
0,489,1.02719519045,0.34243667885,0.6933522793,0.2597621711
0,489,1.0566602227,0.30730190335,0.7113123342,0.2142140827
0,489,1.07196366275,0.307864707,0.7260067813,0.2393753214
0,489,1.09369452955,0.2526005876,0.7395944087,0.2019225802
0,489,1.06968143145,0.23367189905000002,0.7239769549,0.1871424427
0,489,1.04003844305,0.23281494775,0.7042003957,0.1818101681
0,489,1.07155785515,0.20654345685,0.7277345327,0.1750824289
0,489,1.04819131235,0.2034827451,0.7091982603,0.1683037066
0,489,1.0543445965,0.18691688569999998,0.7129172058,0.1512224226
0,489,1.07240793365,0.1613029563,0.7259343599,0.1381621944
0,489,1.0864188263,0.28227232715,0.7344266974,0.2201245909
0,489,1.09261750065,0.07704823585000001,0.7426860025,0.0800263911
0,489,1.1107681826,0.11995455225000001,0.7510696516,0.1113961525
0,489,1.10769990335,0.025622376550000003,0.7494148847,0.0475439371
0,489,1.16917378335,0.32607632865,0.7913495743,0.2528991277
0,489,0.99391446305,0.5898992382,0.6706437237,0.421711764
0,489,1.01787079525,0.5773791003,0.6881006583,0.4224327354
0,489,0.91885644705,0.70182894855,0.6185819779,0.4841399823
0,489,0.91618794965,0.70097042045,0.6219058157,0.5023803617
0,489,0.90649975805,0.4544278842,0.6139623265,0.3358116566
0,489,0.9304183027999999,0.75834050155,0.6282736046,0.5407690441
0,489,0.94109308095,0.7433809095,0.6356324291,0.5307150906
0,489,0.93100043335,0.7485540777999999,0.6274393507,0.527737048
0,489,0.9471172343,0.6996667103,0.639861478,0.5017975478
0,489,0.9495747749000001,0.6749238483,0.6424960174,0.483074068
0,489,0.9685372410499999,0.69387250955,0.6538861117,0.4953945535
0,489,0.9567363271,0.6097435948500001,0.6454330822,0.4420503337
0,489,0.9511461389,0.5774399196,0.6434260072,0.423237352
0,489,1.26708581725,0.41677173635,0.8550808507,0.2992576143
0,489,1.2727729239,0.40560989580000006,0.8589646872,0.2918598868
0,489,1.2635487135499999,0.38415653115000004,0.8535550457,0.2759548177
0,489,0.9824834275500001,0.7638383395999999,0.6653720545,0.544655021
0,489,0.97669512235,0.76054253505,0.6592607251,0.5154674705
0,489,0.5269912728999999,0.40990246085000004,0.3589824828,0.3055425741
0,489,0.6383320355,0.69662358365,0.4339915386,0.4897734099
0,489,1.28675154795,0.7562139289500001,0.8695270601,0.5451125923
0,489,1.265004575,0.761695023,0.8549838758,0.5540781058
0,489,1.19092100275,0.93612982035,0.8040107457,0.6458733289
0,489,0.6885804078,1.38319175705,0.4711534216,0.9586691659
0,489,1.15102473455,1.47192093735,0.7776377155,1.0025237751
0,489,0.97918690265,0.57160314525,0.6609557011,0.4078131307
0,489,1.23394982,1.0106477299,0.8310826762,0.7011892948
0,489,1.12951265245,0.51466946145,0.7611042381,0.3682729365
0,489,1.2776737573,0.87736421835,0.8594792958,0.6128687301
0,489,1.0449597188,1.4029442091,0.7139553208,0.9679215062
0,489,1.35146270945,0.53238904765,0.9085958675,0.3856041803
0,489,0.685451477,1.37271251915,0.4667902298,0.9469579245
0,489,1.0558582374499998,0.6950458712500001,0.7168822489,0.4997106203
0,489,1.1181616972000001,0.8717948236499999,0.756935897,0.6186509171
0,489,1.1202569056,0.8862032126999999,0.7539386876,0.611508931
0,489,1.1291990892,-0.0282767629,0.761647117,0.014535659
0,489,1.15588034685,0.1832684419,0.7804859149,0.1541790658
0,489,1.25156928035,0.6406032252,0.8468419317,0.4605562156
0,489,1.24568940665,-0.03191450705,0.8390323601,0.0126828483
0,489,1.03239708505,0.7145248617,0.6962035197,0.5056643028
0,489,1.11929504135,1.2180435953,0.7660518695,0.8498202152
0,489,1.1024455792,1.25145267985,0.74641959,0.8706403835
0,489,1.26739273525,0.9380054006999999,0.8590862155,0.6616896468
0,489,0.729407602,1.3437391126,0.4956347808,0.9234801786
0,489,1.1426232335000002,0.1959194915,0.7717348652,0.1651736158
0,489,1.1710860799,1.0131023512500001,0.790876639,0.6984821609
0,489,1.28240237865,0.8932240108,0.8656828695,0.6248969826
0,489,0.98025069745,0.5416285482500001,0.6695807173,0.3985833161
0,489,1.1672694837,0.8940170642499999,0.7928659184,0.6351969163
0,489,1.3408867082,0.5701296667,0.9030889132,0.4160319936
0,489,1.2238441636,1.07472798015,0.826684231,0.7579272307
0,489,1.2863621281,0.05646308525,0.8664077592,0.0637625633
0,489,1.20825210805,0.09824698544999999,0.8143639217,0.0920948895
0,489,1.26964663985,1.0260074527,0.8565870579,0.7127108702
0,489,0.8520863443,1.44399129485,0.5793727204,0.9941826729
0,489,1.01707753885,1.4186273252500001,0.6913164835,0.9876461765
0,489,1.1541763041,0.50504664915,0.776193455,0.3512879873
0,489,1.14735776805,0.5166491667499999,0.7753302551,0.3791426193
0,489,1.08665180245,0.8561923493,0.7367321305,0.6108537346
0,489,1.21480601885,1.0231237176,0.8216530279,0.7178031714
0,489,0.889765179,1.0450862372,0.6047251636,0.7340718046
0,489,1.0129406216999999,1.4236874147,0.6896400916,0.9669278242
0,489,0.87926717435,1.08080960835,0.5991144767,0.7547189759
0,489,1.05294341715,0.052673367949999994,0.7093187749,0.0630699743
0,489,1.04261830025,0.5591529871,0.7031061907,0.3987387432
0,489,1.1969351108500002,1.5151038313,0.8087848839,1.0462861792
0,489,1.2092292899500001,1.471972446,0.8194390507,1.0193797274
0,489,1.2489433009,0.23337786405,0.8416888624,0.1842932469
0,489,0.92682933285,1.0337073244,0.6300783953,0.7248936488
0,489,1.00383833385,0.9153259643,0.6823595453,0.6383746864
0,489,0.85043033845,1.1175742656,0.5784293275,0.7755526596
0,489,1.00564329345,0.3082436262,0.6803613681,0.239875316
0,489,0.9400322146,0.854819185,0.6366116384,0.6069564948
0,489,0.8620158467,0.7702003622,0.5849970356,0.5569343596
0,489,0.862853029,1.11311058055,0.5867254628,0.7695782535
0,489,0.82694891265,1.03782028485,0.5588543769,0.7222060371
0,489,0.7931931662,1.0171087653500002,0.539095726,0.7078137915
0,489,1.17769135015,0.81974935845,0.7943960033,0.5756877235
0,489,0.79742069465,1.0446001335,0.5401243801,0.723297931
0,489,1.16942038785,0.2438553375,0.7871753765,0.1875533858
0,489,1.15497795145,0.2803917723,0.7777760257,0.2144842404
0,489,1.02278137115,0.87987838245,0.6908477155,0.6155237547
0,489,1.2085566607,1.00534068415,0.8149065752,0.6988829675
0,489,0.8224614331,1.05747437485,0.558153027,0.7348294177
0,489,0.7924955894,1.00132758735,0.5366348628,0.6961352873
0,489,0.9464640902000001,1.10233062505,0.6399738832,0.7633949595
0,489,0.7808784884,1.0138719779,0.5284188078,0.7040270776
0,489,1.1866328017,0.25716736505,0.7998143174,0.1985704615
0,489,0.8295476355,1.00558673945,0.5667876168,0.7061471929
0,489,1.12708614155,0.9920672129500001,0.7589306953,0.6897702863
0,489,1.0352816077,0.9818812591,0.6964755222,0.6808080766
0,489,1.29915261345,0.40526442725,0.8747873537,0.3028461023
0,489,1.2130552907999999,0.6015848755000001,0.816488245,0.4280563418
0,489,0.9520212214500001,1.1185239475,0.6443888851,0.7741509628
0,489,0.8698149436,1.07540307415,0.5907783576,0.7433292507
0,489,1.0155350645499999,1.1586213514500001,0.6838522369,0.8003838973
0,489,0.8228500644500001,0.99534514715,0.5563373111,0.6899135495
0,489,0.8774263419,1.0772236732,0.5939519464,0.7474041428
0,489,1.23981831805,0.3059992068,0.8344579861,0.2333764374
0,489,1.16789294965,1.318147859,0.7921161373,0.9057047288
0,489,1.00564329345,0.3082436262,0.6803613681,0.239875316
0,489,1.1375386999,0.9585556365999999,0.7666524152,0.6713857426
0,489,1.20250125245,0.9618212568,0.8112459723,0.6767342356
0,489,1.1755856672,0.97172000845,0.7922464508,0.6681563137
0,489,1.14470470095,0.18388733445,0.7702554639,0.1468938915
0,489,1.1704071997,0.9949961495999999,0.7915338378,0.6872894602
0,489,1.0271744101,0.37114270574999997,0.6932055218,0.2805724281
0,489,1.24232068555,0.9102385438,0.8379174311,0.6399190458
0,489,1.2412100365,0.70387818305,0.8360646598,0.5011914573
0,489,0.9571775006500001,0.42393895125000003,0.6481627943,0.3193589137
0,489,0.8109299875,0.962420965,0.549101817,0.6685242328
0,489,0.7895233276,0.967644891,0.5353187758,0.673886091
0,489,0.7867461417500001,0.97746773125,0.5348735475,0.6874567507
0,489,0.8760263451999999,1.0623372146,0.5918768426,0.7357094202
0,489,0.8146149187,1.01483660185,0.5500862074,0.7062728861
0,489,0.8675860992,0.7373634044,0.5888879678,0.5307069814
0,489,1.2517002133,0.28946664795,0.8446858466,0.2306909281
0,489,0.81101141935,1.36107230855,0.5572760861,0.9475517009
0,489,0.39357377839999996,0.40858365855,0.2721415738,0.3039614229
0,489,1.0445836879000001,-0.016418991949999996,0.7054458916,0.0204033685
0,489,1.0201132394,-0.0414131933,0.6864701268,-0.0003022266
0,489,1.1494141188,0.13796464435,0.7730072516,0.1176073783
0,489,1.0418399111,-0.0023552831500000017,0.7022355572,0.0281799025
0,489,1.18665420155,-0.02321678605,0.7988260977,0.0084595121
0,489,1.0557146024,-0.00021697629999999947,0.7132114592,0.023982329
0,489,1.0775741243499999,-0.012469455150000001,0.7245157791,0.0168020409
0,489,1.0144326938,0.0312434676,0.6829986106,0.0488001932
0,489,1.0046658862,0.01989511455,0.6757680722,0.0381077123
0,489,1.0276807967,0.00330027215,0.6919915906,0.0269099809
0,489,1.0148663775,0.01576330755,0.6835961152,0.0357902723
0,489,1.16136269125,1.50370381935,0.7844019637,1.0311632011
0,489,1.18446556615,1.4448449424,0.8007167127,1.0001578298
0,489,1.18981872355,1.19963487405,0.8059881567,0.8283352395
0,489,1.20637523385,1.1765517778499999,0.8128350757,0.8156635039
0,489,1.02116771445,0.04688370995,0.6892458849,0.0617718205
0,489,0.1949043835,0.3804691555,0.1403620078,0.2793365202
0,489,1.3141307765999999,0.39294078815,0.894238636,0.3047646879
0,489,1.3627885784,0.8718037069,0.917259386,0.6085847652
0,489,1.40874152465,0.8483818824,0.9469636627,0.5957714528
0,489,1.2894329415999999,0.31290647559999996,0.8701564392,0.227790524
0,489,1.0404798418499999,0.8786574916000001,0.7047648997,0.6202102936
0,489,1.19092100275,0.93612982035,0.8040107457,0.6458733289
0,489,0.6885804078,1.38319175705,0.4711534216,0.9586691659
0,489,1.15102473455,1.47192093735,0.7776377155,1.0025237751
0,489,0.97918690265,0.57160314525,0.6609557011,0.4078131307
0,489,1.23394982,1.0106477299,0.8310826762,0.7011892948
0,489,1.12951265245,0.51466946145,0.7611042381,0.3682729365
0,489,1.2776737573,0.87736421835,0.8594792958,0.6128687301
0,489,1.0449597188,1.4029442091,0.7139553208,0.9679215062
0,489,1.35146270945,0.53238904765,0.9085958675,0.3856041803
0,489,0.685451477,1.37271251915,0.4667902298,0.9469579245
0,489,1.0558582374499998,0.6950458712500001,0.7168822489,0.4997106203
0,489,1.1181616972000001,0.8717948236499999,0.756935897,0.6186509171
0,489,1.1202569056,0.8862032126999999,0.7539386876,0.611508931
0,489,1.1291990892,-0.0282767629,0.761647117,0.014535659
0,489,1.15588034685,0.1832684419,0.7804859149,0.1541790658
0,489,1.25156928035,0.6406032252,0.8468419317,0.4605562156
0,489,1.24568940665,-0.03191450705,0.8390323601,0.0126828483
0,489,1.03239708505,0.7145248617,0.6962035197,0.5056643028
0,489,1.11929504135,1.2180435953,0.7660518695,0.8498202152
0,489,1.1024455792,1.25145267985,0.74641959,0.8706403835
0,489,1.26739273525,0.9380054006999999,0.8590862155,0.6616896468
0,489,0.729407602,1.3437391126,0.4956347808,0.9234801786
0,489,1.1426232335000002,0.1959194915,0.7717348652,0.1651736158
0,489,1.1710860799,1.0131023512500001,0.790876639,0.6984821609
0,489,1.28240237865,0.8932240108,0.8656828695,0.6248969826
0,489,0.98025069745,0.5416285482500001,0.6695807173,0.3985833161
0,489,1.1672694837,0.8940170642499999,0.7928659184,0.6351969163
0,489,1.3408867082,0.5701296667,0.9030889132,0.4160319936
0,489,1.2238441636,1.07472798015,0.826684231,0.7579272307
0,489,1.2863621281,0.05646308525,0.8664077592,0.0637625633
0,489,1.20825210805,0.09824698544999999,0.8143639217,0.0920948895
0,489,1.26964663985,1.0260074527,0.8565870579,0.7127108702
0,489,0.8520863443,1.44399129485,0.5793727204,0.9941826729
0,489,1.01707753885,1.4186273252500001,0.6913164835,0.9876461765
0,489,1.1541763041,0.50504664915,0.776193455,0.3512879873
0,489,1.14735776805,0.5166491667499999,0.7753302551,0.3791426193
0,489,1.08665180245,0.8561923493,0.7367321305,0.6108537346
0,489,1.21480601885,1.0231237176,0.8216530279,0.7178031714
0,489,0.889765179,1.0450862372,0.6047251636,0.7340718046
0,489,1.0129406216999999,1.4236874147,0.6896400916,0.9669278242
0,489,0.87926717435,1.08080960835,0.5991144767,0.7547189759
0,489,1.05294341715,0.052673367949999994,0.7093187749,0.0630699743
0,489,1.04261830025,0.5591529871,0.7031061907,0.3987387432
0,489,1.1969351108500002,1.5151038313,0.8087848839,1.0462861792
0,489,1.2092292899500001,1.471972446,0.8194390507,1.0193797274
0,489,1.2489433009,0.23337786405,0.8416888624,0.1842932469
0,489,0.92682933285,1.0337073244,0.6300783953,0.7248936488
0,489,1.00383833385,0.9153259643,0.6823595453,0.6383746864
0,489,0.85043033845,1.1175742656,0.5784293275,0.7755526596
0,489,1.00564329345,0.3082436262,0.6803613681,0.239875316
0,489,0.9400322146,0.854819185,0.6366116384,0.6069564948
0,489,0.8620158467,0.7702003622,0.5849970356,0.5569343596
0,489,0.862853029,1.11311058055,0.5867254628,0.7695782535
0,489,0.82694891265,1.03782028485,0.5588543769,0.7222060371
0,489,0.7931931662,1.0171087653500002,0.539095726,0.7078137915
0,489,1.17769135015,0.81974935845,0.7943960033,0.5756877235
0,489,0.79742069465,1.0446001335,0.5401243801,0.723297931
0,489,1.16942038785,0.2438553375,0.7871753765,0.1875533858
0,489,1.15497795145,0.2803917723,0.7777760257,0.2144842404
0,489,1.02278137115,0.87987838245,0.6908477155,0.6155237547
0,489,1.2085566607,1.00534068415,0.8149065752,0.6988829675
0,489,0.8224614331,1.05747437485,0.558153027,0.7348294177
0,489,0.7924955894,1.00132758735,0.5366348628,0.6961352873
0,489,0.9464640902000001,1.10233062505,0.6399738832,0.7633949595
0,489,0.7808784884,1.0138719779,0.5284188078,0.7040270776
0,489,1.1866328017,0.25716736505,0.7998143174,0.1985704615
0,489,0.8295476355,1.00558673945,0.5667876168,0.7061471929
0,489,1.12708614155,0.9920672129500001,0.7589306953,0.6897702863
0,489,1.0352816077,0.9818812591,0.6964755222,0.6808080766
0,489,1.29915261345,0.40526442725,0.8747873537,0.3028461023
0,489,1.2130552907999999,0.6015848755000001,0.816488245,0.4280563418
0,489,0.9520212214500001,1.1185239475,0.6443888851,0.7741509628
0,489,0.8698149436,1.07540307415,0.5907783576,0.7433292507
0,489,1.0155350645499999,1.1586213514500001,0.6838522369,0.8003838973
0,489,0.8228500644500001,0.99534514715,0.5563373111,0.6899135495
0,489,0.8774263419,1.0772236732,0.5939519464,0.7474041428
0,489,1.23981831805,0.3059992068,0.8344579861,0.2333764374
0,489,1.16789294965,1.318147859,0.7921161373,0.9057047288
0,489,1.00564329345,0.3082436262,0.6803613681,0.239875316
0,489,1.1375386999,0.9585556365999999,0.7666524152,0.6713857426
0,489,1.20250125245,0.9618212568,0.8112459723,0.6767342356
0,489,1.1755856672,0.97172000845,0.7922464508,0.6681563137
0,489,1.14470470095,0.18388733445,0.7702554639,0.1468938915
0,489,1.1704071997,0.9949961495999999,0.7915338378,0.6872894602
0,489,1.0271744101,0.37114270574999997,0.6932055218,0.2805724281
0,489,1.24232068555,0.9102385438,0.8379174311,0.6399190458
0,489,1.2412100365,0.70387818305,0.8360646598,0.5011914573
0,489,0.9571775006500001,0.42393895125000003,0.6481627943,0.3193589137
0,489,0.8109299875,0.962420965,0.549101817,0.6685242328
0,489,0.7895233276,0.967644891,0.5353187758,0.673886091
0,489,0.7867461417500001,0.97746773125,0.5348735475,0.6874567507
0,489,0.8760263451999999,1.0623372146,0.5918768426,0.7357094202
0,489,0.8146149187,1.01483660185,0.5500862074,0.7062728861
0,489,0.8675860992,0.7373634044,0.5888879678,0.5307069814
0,489,1.2517002133,0.28946664795,0.8446858466,0.2306909281
0,489,0.81101141935,1.36107230855,0.5572760861,0.9475517009
0,489,0.39357377839999996,0.40858365855,0.2721415738,0.3039614229
0,489,1.0445836879000001,-0.016418991949999996,0.7054458916,0.0204033685
0,489,1.0201132394,-0.0414131933,0.6864701268,-0.0003022266
0,489,1.1494141188,0.13796464435,0.7730072516,0.1176073783
0,489,1.0418399111,-0.0023552831500000017,0.7022355572,0.0281799025
0,489,1.18665420155,-0.02321678605,0.7988260977,0.0084595121
0,489,1.0557146024,-0.00021697629999999947,0.7132114592,0.023982329
0,489,1.0775741243499999,-0.012469455150000001,0.7245157791,0.0168020409
0,489,1.0144326938,0.0312434676,0.6829986106,0.0488001932
0,489,1.0046658862,0.01989511455,0.6757680722,0.0381077123
0,489,1.0276807967,0.00330027215,0.6919915906,0.0269099809
0,489,1.0148663775,0.01576330755,0.6835961152,0.0357902723
0,489,1.16136269125,1.50370381935,0.7844019637,1.0311632011
0,489,1.18446556615,1.4448449424,0.8007167127,1.0001578298
0,489,1.18981872355,1.19963487405,0.8059881567,0.8283352395
0,489,1.20637523385,1.1765517778499999,0.8128350757,0.8156635039
0,489,1.18501824395,0.1762163331,0.7986738213,0.1424103088
0,489,1.26886036655,0.05570209335,0.8537622857,0.0632748077
0,489,0.8531459155000001,1.0812965380000001,0.5793144904,0.757578984
0,489,0.9898818979499999,0.8828364523000001,0.6733613843,0.625970856
0,489,1.19092100275,0.93612982035,0.8040107457,0.6458733289
0,489,0.6885804078,1.38319175705,0.4711534216,0.9586691659
0,489,0.6885804078,1.38319175705,0.4711534216,0.9586691659
0,489,0.6885804078,1.38319175705,0.4711534216,0.9586691659
0,489,1.15102473455,1.47192093735,0.7776377155,1.0025237751
0,489,1.15102473455,1.47192093735,0.7776377155,1.0025237751
0,489,1.15102473455,1.47192093735,0.7776377155,1.0025237751
0,489,0.97918690265,0.57160314525,0.6609557011,0.4078131307
0,489,1.23394982,1.0106477299,0.8310826762,0.7011892948
0,489,1.12951265245,0.51466946145,0.7611042381,0.3682729365
0,489,1.2776737573,0.87736421835,0.8594792958,0.6128687301
0,489,1.0449597188,1.4029442091,0.7139553208,0.9679215062
0,489,1.35146270945,0.53238904765,0.9085958675,0.3856041803
0,489,0.685451477,1.37271251915,0.4667902298,0.9469579245
0,489,1.25156928035,0.6406032252,0.8468419317,0.4605562156
0,489,0.729407602,1.3437391126,0.4956347808,0.9234801786
0,489,1.1426232335000002,0.1959194915,0.7717348652,0.1651736158
0,489,1.2863621281,0.05646308525,0.8664077592,0.0637625633
0,489,1.2863621281,0.05646308525,0.8664077592,0.0637625633
0,489,1.20825210805,0.09824698544999999,0.8143639217,0.0920948895
0,489,1.26964663985,1.0260074527,0.8565870579,0.7127108702
0,489,0.8520863443,1.44399129485,0.5793727204,0.9941826729
0,489,1.2489433009,0.23337786405,0.8416888624,0.1842932469
0,489,1.00383833385,0.9153259643,0.6823595453,0.6383746864
0,489,0.85043033845,1.1175742656,0.5784293275,0.7755526596
0,489,0.862853029,1.11311058055,0.5867254628,0.7695782535
0,489,0.862853029,1.11311058055,0.5867254628,0.7695782535
0,489,0.82694891265,1.03782028485,0.5588543769,0.7222060371
0,489,0.7931931662,1.0171087653500002,0.539095726,0.7078137915
0,489,1.17769135015,0.81974935845,0.7943960033,0.5756877235
0,489,0.79742069465,1.0446001335,0.5401243801,0.723297931
0,489,1.16942038785,0.2438553375,0.7871753765,0.1875533858
0,489,1.15497795145,0.2803917723,0.7777760257,0.2144842404
0,489,1.02278137115,0.87987838245,0.6908477155,0.6155237547
0,489,1.02278137115,0.87987838245,0.6908477155,0.6155237547
0,489,1.2085566607,1.00534068415,0.8149065752,0.6988829675
0,489,0.7924955894,1.00132758735,0.5366348628,0.6961352873
0,489,0.7924955894,1.00132758735,0.5366348628,0.6961352873
0,489,0.9464640902000001,1.10233062505,0.6399738832,0.7633949595
0,489,0.9464640902000001,1.10233062505,0.6399738832,0.7633949595
0,489,0.7808784884,1.0138719779,0.5284188078,0.7040270776
0,489,1.1866328017,0.25716736505,0.7998143174,0.1985704615
0,489,1.12708614155,0.9920672129500001,0.7589306953,0.6897702863
0,489,1.0352816077,0.9818812591,0.6964755222,0.6808080766
0,489,1.2130552907999999,0.6015848755000001,0.816488245,0.4280563418
0,489,0.8698149436,1.07540307415,0.5907783576,0.7433292507
0,489,1.0155350645499999,1.1586213514500001,0.6838522369,0.8003838973
0,489,0.8228500644500001,0.99534514715,0.5563373111,0.6899135495
0,489,0.8774263419,1.0772236732,0.5939519464,0.7474041428
0,489,1.23981831805,0.3059992068,0.8344579861,0.2333764374
0,489,1.16789294965,1.318147859,0.7921161373,0.9057047288
0,489,1.1375386999,0.9585556365999999,0.7666524152,0.6713857426
0,489,1.14470470095,0.18388733445,0.7702554639,0.1468938915
0,489,0.8760263451999999,1.0623372146,0.5918768426,0.7357094202
0,489,0.8146149187,1.01483660185,0.5500862074,0.7062728861
0,489,1.3627885784,0.8718037069,0.917259386,0.6085847652
0,489,1.19092100275,0.93612982035,0.8040107457,0.6458733289
0,489,0.6885804078,1.38319175705,0.4711534216,0.9586691659
0,489,0.6885804078,1.38319175705,0.4711534216,0.9586691659
0,489,0.6885804078,1.38319175705,0.4711534216,0.9586691659
0,489,1.15102473455,1.47192093735,0.7776377155,1.0025237751
0,489,1.15102473455,1.47192093735,0.7776377155,1.0025237751
0,489,1.15102473455,1.47192093735,0.7776377155,1.0025237751
0,489,0.97918690265,0.57160314525,0.6609557011,0.4078131307
0,489,1.23394982,1.0106477299,0.8310826762,0.7011892948
0,489,1.12951265245,0.51466946145,0.7611042381,0.3682729365
0,489,1.2776737573,0.87736421835,0.8594792958,0.6128687301
0,489,1.0449597188,1.4029442091,0.7139553208,0.9679215062
0,489,1.35146270945,0.53238904765,0.9085958675,0.3856041803
0,489,0.685451477,1.37271251915,0.4667902298,0.9469579245
0,489,1.25156928035,0.6406032252,0.8468419317,0.4605562156
0,489,0.729407602,1.3437391126,0.4956347808,0.9234801786
0,489,1.1426232335000002,0.1959194915,0.7717348652,0.1651736158
0,489,1.2863621281,0.05646308525,0.8664077592,0.0637625633
0,489,1.2863621281,0.05646308525,0.8664077592,0.0637625633
0,489,1.20825210805,0.09824698544999999,0.8143639217,0.0920948895
0,489,1.26964663985,1.0260074527,0.8565870579,0.7127108702
0,489,0.8520863443,1.44399129485,0.5793727204,0.9941826729
0,489,1.2489433009,0.23337786405,0.8416888624,0.1842932469
0,489,1.00383833385,0.9153259643,0.6823595453,0.6383746864
0,489,0.85043033845,1.1175742656,0.5784293275,0.7755526596
0,489,0.862853029,1.11311058055,0.5867254628,0.7695782535
0,489,0.862853029,1.11311058055,0.5867254628,0.7695782535
0,489,0.82694891265,1.03782028485,0.5588543769,0.7222060371
0,489,0.7931931662,1.0171087653500002,0.539095726,0.7078137915
0,489,1.17769135015,0.81974935845,0.7943960033,0.5756877235
0,489,0.79742069465,1.0446001335,0.5401243801,0.723297931
0,489,1.16942038785,0.2438553375,0.7871753765,0.1875533858
0,489,1.15497795145,0.2803917723,0.7777760257,0.2144842404
0,489,1.02278137115,0.87987838245,0.6908477155,0.6155237547
0,489,1.02278137115,0.87987838245,0.6908477155,0.6155237547
0,489,1.2085566607,1.00534068415,0.8149065752,0.6988829675
0,489,0.7924955894,1.00132758735,0.5366348628,0.6961352873
0,489,0.7924955894,1.00132758735,0.5366348628,0.6961352873
0,489,0.9464640902000001,1.10233062505,0.6399738832,0.7633949595
0,489,0.9464640902000001,1.10233062505,0.6399738832,0.7633949595
0,489,0.7808784884,1.0138719779,0.5284188078,0.7040270776
0,489,1.1866328017,0.25716736505,0.7998143174,0.1985704615
0,489,1.12708614155,0.9920672129500001,0.7589306953,0.6897702863
0,489,1.0352816077,0.9818812591,0.6964755222,0.6808080766
0,489,1.2130552907999999,0.6015848755000001,0.816488245,0.4280563418
0,489,0.8698149436,1.07540307415,0.5907783576,0.7433292507
0,489,1.0155350645499999,1.1586213514500001,0.6838522369,0.8003838973
0,489,0.8228500644500001,0.99534514715,0.5563373111,0.6899135495
0,489,0.8774263419,1.0772236732,0.5939519464,0.7474041428
0,489,1.23981831805,0.3059992068,0.8344579861,0.2333764374
0,489,1.16789294965,1.318147859,0.7921161373,0.9057047288
0,489,1.1375386999,0.9585556365999999,0.7666524152,0.6713857426
0,489,1.14470470095,0.18388733445,0.7702554639,0.1468938915
0,489,0.8760263451999999,1.0623372146,0.5918768426,0.7357094202
0,489,0.8146149187,1.01483660185,0.5500862074,0.7062728861
