1,131,0.7621410016,-0.0280783118,0.011683384100000027,0.0499900737,-1,-1,-1,-1
2,131,0.7613352432,-0.0278993079,0.011683384100000027,0.0499900737,-1,-1,-1,-1
3,131,0.7595895836,-0.027362146,0.013271361000000037,0.0503082112,-1,-1,-1,-1
4,131,0.7595895836,-0.0293339673,0.01380849570000009,0.05442853,-1,-1,-1,-1
5,131,0.7595895836,-0.0293339673,0.01380849570000009,0.05442853,-1,-1,-1,-1
6,131,0.7595895836,-0.0293339673,0.01380849570000009,0.05442853,-1,-1,-1,-1
7,131,0.7595895836,-0.0293339673,0.01380849570000009,0.05442853,-1,-1,-1,-1
8,131,0.7595895836,-0.0293339673,0.01380849570000009,0.05442853,-1,-1,-1,-1
9,131,0.7595895836,-0.0293339673,0.01380849570000009,0.05442853,-1,-1,-1,-1
10,131,0.7595895836,-0.0293339673,0.01380849570000009,0.05442853,-1,-1,-1,-1
11,131,0.7595895836,-0.0293339673,0.01380849570000009,0.05442853,-1,-1,-1,-1
12,131,0.7595895836,-0.0293339673,0.01380849570000009,0.05442853,-1,-1,-1,-1
13,131,0.7595895836,-0.0293339673,0.013910442400000056,0.0546105481,-1,-1,-1,-1
14,131,0.7595895836,-0.0293339673,0.014012389000000014,0.054792566099999995,-1,-1,-1,-1
15,131,0.7595895836,-0.0293339673,0.014114335700000091,0.054974584199999996,-1,-1,-1,-1
16,131,0.7595895836,-0.0293339673,0.014216282400000058,0.055156602299999996,-1,-1,-1,-1
17,131,0.7595895836,-0.0293339673,0.014318229100000024,0.055338620399999996,-1,-1,-1,-1
18,131,0.7595895836,-0.0293339673,0.014420175700000093,0.0555206384,-1,-1,-1,-1
19,131,0.7595895836,-0.0293339673,0.01452212240000006,0.0557026565,-1,-1,-1,-1
20,131,0.7611657344,-0.0293339673,0.014522122399999948,0.0557026565,-1,-1,-1,-1
21,131,0.7611657344,-0.0345729105,0.017871302099999986,0.0651444376,-1,-1,-1,-1
22,131,0.7641209327,-0.0356235824,0.017871302099999986,0.0651444376,-1,-1,-1,-1
23,131,0.7665820211,-0.0388771138,0.017871302100000097,0.068866728,-1,-1,-1,-1
24,131,0.7665820211,-0.0388771138,0.01770793160000006,0.0698732496,-1,-1,-1,-1
25,131,0.7665820211,-0.0388771138,0.017544561100000022,0.0708797712,-1,-1,-1,-1
26,131,0.7682900622,-0.0397310616,0.017544561100000022,0.0708797712,-1,-1,-1,-1
27,131,0.7682900622,-0.0397310616,0.017544561100000022,0.0708797712,-1,-1,-1,-1
28,131,0.7700045232,-0.0397310616,0.01754456120000003,0.0708797712,-1,-1,-1,-1
29,131,0.7728620709,-0.0387150792,0.017544561100000022,0.0708797712,-1,-1,-1,-1
30,131,0.7738145868,-0.035667132,0.01754456109999991,0.0708797712,-1,-1,-1,-1
31,131,0.7718375842,-0.035667132,0.01952156369999991,0.0708797712,-1,-1,-1,-1
32,131,0.7731711289,-0.0336351672,0.01952156380000003,0.0708797713,-1,-1,-1,-1
33,131,0.7687895783,-0.0310574807,0.021045566699999907,0.07211200000000001,-1,-1,-1,-1
34,131,0.7687895783,-0.017485094,0.019956092199999942,0.0637837374,-1,-1,-1,-1
35,131,0.7704090919,-0.0168681162,0.014634865500000038,0.0637837375,-1,-1,-1,-1
36,131,0.7687895783,-0.0168681162,0.014634865599999936,0.0637837375,-1,-1,-1,-1
37,131,0.7685062751,-0.015114944,0.014454581799999922,0.0620305653,-1,-1,-1,-1
38,131,0.768222972,-0.0133617717,0.014274297800000002,0.060277393,-1,-1,-1,-1
39,131,0.7679396688,-0.0116085995,0.014094013999999988,0.0585242208,-1,-1,-1,-1
40,131,0.7679396688,-0.0116085995,0.015453914299999982,0.05847181110000001,-1,-1,-1,-1
41,131,0.7682795876,-0.0116085995,0.015453914299999982,0.05847181110000001,-1,-1,-1,-1
42,131,0.768600697,-0.0055339543,0.013505857700000012,0.0523971659,-1,-1,-1,-1
43,131,0.7687776395,-0.0055339543,0.013505857700000012,0.0523971659,-1,-1,-1,-1
44,131,0.7687776395,-0.0055339543,0.013505857700000012,0.0523971659,-1,-1,-1,-1
45,131,0.7687776395,-0.0055339543,0.013505857700000012,0.0523971659,-1,-1,-1,-1
46,131,0.7686260389,-0.0055339543,0.016445287699999978,0.0523971659,-1,-1,-1,-1
47,131,0.7724943324,0.0003876666,0.010282373600000061,0.0454640677,-1,-1,-1,-1
48,131,0.7724943324,0.0003876666,0.015045741500000043,0.0448221614,-1,-1,-1,-1
49,131,0.7754771252,-0.0008054426,0.015493109699999952,0.052378544699999995,-1,-1,-1,-1
50,131,0.7788927569,0.0045766137,0.018858620800000003,0.0505313653,-1,-1,-1,-1
51,131,0.786344952,0.0091307017,0.018393006499999975,0.0503242794,-1,-1,-1,-1
52,131,0.789311526,0.0167943071,0.019336624500000066,0.0557349432,-1,-1,-1,-1
53,131,0.7956928306,0.024546213,0.0205243128,0.0538862623,-1,-1,-1,-1
54,131,0.7978199697,0.0334325864,0.018397173699999936,0.053318991,-1,-1,-1,-1
55,131,0.7991095885,0.0422443998,0.017661696899999968,0.05053076470000001,-1,-1,-1,-1
56,131,0.7995932238,0.0525607022,0.016049729500000054,0.05654857010000001,-1,-1,-1,-1
57,131,0.7995932238,0.0607277561,0.014760223200000033,0.0576231192,-1,-1,-1,-1
58,131,0.8008827301,0.0721186075,0.013954239499999965,0.05805298399999999,-1,-1,-1,-1
59,131,0.8028170458,0.080715451,0.017500522600000012,0.0578380892,-1,-1,-1,-1
60,131,0.8031393942,0.0903869188,0.018790141500000024,0.057623194300000014,-1,-1,-1,-1
61,131,0.7986259533,0.1015628754,0.01975729940000004,0.05482918640000001,-1,-1,-1,-1
62,131,0.7970437204,0.1119185226,0.01798809999999995,0.05474051040000001,-1,-1,-1,-1
63,131,0.7956054293,0.1234247805,0.019857878399999973,0.053014594200000015,-1,-1,-1,-1
64,131,0.798194466,0.1332050472,0.01712501259999999,0.053781668099999985,-1,-1,-1,-1
65,131,0.7958932002,0.1433688508,0.020001594799999967,0.05493235390000001,-1,-1,-1,-1
66,131,0.7950302255,0.1539162664,0.017987987299999952,0.05742534399999999,-1,-1,-1,-1
67,131,0.79431108,0.1650389123,0.017268841700000093,0.05915133519999999,-1,-1,-1,-1
68,131,0.7927812203,0.1778336381,0.018824043199999974,0.059191130499999994,-1,-1,-1,-1
69,131,0.7909732759,0.1898866689,0.018545846099999985,0.0591910554,-1,-1,-1,-1
70,131,0.7879136692,0.2021250859,0.018823930599999983,0.06104536789999998,-1,-1,-1,-1
71,131,0.7854103443,0.2156615066,0.019102015299999997,0.059561978000000015,-1,-1,-1,-1
72,131,0.782211639,0.229754236,0.01910201519999999,0.060303597900000006,-1,-1,-1,-1
73,131,0.7812380612,0.243476118,0.0191020152000001,0.05919098040000001,-1,-1,-1,-1
74,131,0.7804036946,0.2566416161,0.018545620799999996,0.05900566929999995,-1,-1,-1,-1
75,131,0.7830461181,0.2701780368,0.018545620799999996,0.05956190289999996,-1,-1,-1,-1
76,131,0.7856885416,0.2833436851,0.01826753609999998,0.05733666799999998,-1,-1,-1,-1
77,131,0.7858275276,0.2979927233,0.01868483200000004,0.05696589560000004,-1,-1,-1,-1
78,131,0.7874964859,0.3106019878,0.01924111390000005,0.05789305170000003,-1,-1,-1,-1
79,131,0.7891653316,0.3228403297,0.020075593099999955,0.06011828680000003,-1,-1,-1,-1
80,131,0.7926754603,0.3375186512,0.018644510300000028,0.05903675469999997,-1,-1,-1,-1
81,131,0.793906286,0.3510118227,0.020000693800000025,0.059519254300000046,-1,-1,-1,-1
82,131,0.7966414044,0.3659636057,0.019453760200000003,0.05824295039999999,-1,-1,-1,-1
83,131,0.7984192764,0.3800037002,0.018769868000000023,0.05897248150000001,-1,-1,-1,-1
84,131,0.8008808153,0.3933144138,0.01753915490000002,0.0589724814,-1,-1,-1,-1
85,131,0.7982824304,0.4055311311,0.018496513799999947,0.06079585860000003,-1,-1,-1,-1
86,131,0.7960943582,0.419389068,0.021231632200000017,0.06097816640000003,-1,-1,-1,-1
87,131,0.7954105786,0.4330645471,0.024103484000000064,0.06097801620000004,-1,-1,-1,-1
88,131,0.7952738452,0.4474694071,0.018633134600000045,0.06353077430000004,-1,-1,-1,-1
89,131,0.7960095475,0.4602214843,0.021205164000000054,0.06717572660000004,-1,-1,-1,-1
90,131,0.7971867611,0.4768973815,0.01988074240000004,0.06011303080000002,-1,-1,-1,-1
91,131,0.8005710815,0.4861181858,0.020322141199999977,0.06050542780000001,-1,-1,-1,-1
92,131,0.8010124804,0.4986741396,0.019586438900000003,0.06285965970000001,-1,-1,-1,-1
93,131,0.8023367894,0.5159385572,0.02017504580000007,0.0632520567,-1,-1,-1,-1
94,131,0.8011595758,0.532418331,0.02017515840000006,0.06070155119999998,-1,-1,-1,-1
95,131,0.8027781883,0.5479171873,0.02046934909999998,0.06541001499999999,-1,-1,-1,-1
96,131,0.8027781883,0.5642006874,0.020910747999999924,0.05873971630000008,-1,-1,-1,-1
97,131,0.8058682052,0.5783260791,0.022529360499999984,0.06129022179999999,-1,-1,-1,-1
98,131,0.8078785465,0.5919967527,0.02060901100000001,0.06172556780000005,-1,-1,-1,-1
99,131,0.8114364305,0.6065068826,0.021451824799999963,0.06083340150000005,-1,-1,-1,-1
100,131,0.812901415,0.6226912699,0.021451824799999963,0.06083340140000004,-1,-1,-1,-1
101,131,0.8162500315,0.6352481247,0.021451824800000074,0.06083340139999993,-1,-1,-1,-1
102,131,0.8168778338,0.6503162903,0.021451824799999963,0.06083340139999993,-1,-1,-1,-1
103,131,0.8156221167,0.6589665947,0.021451824800000074,0.06083340150000005,-1,-1,-1,-1
104,131,0.8133200625,0.6670587133,0.021451824799999963,0.06083340140000004,-1,-1,-1,-1
105,131,0.8016001862,0.6807317897,0.022498161800000083,0.06753013029999999,-1,-1,-1,-1
106,131,0.7879966779,0.7027760024,0.0216610921999999,0.05999604749999998,-1,-1,-1,-1
107,131,0.7882059453,0.7172861324,0.02166109220000001,0.06250735829999998,-1,-1,-1,-1
108,131,0.7873090688,0.7349852952,0.022184373400000013,0.06325971549999998,-1,-1,-1,-1
109,131,0.7859534485,0.7528337282,0.022184373400000013,0.06325971549999998,-1,-1,-1,-1
110,131,0.7798709525,0.7724678454,0.022455812799999975,0.06313086869999995,-1,-1,-1,-1
111,131,0.7752291129,0.7923153557,0.022455812800000086,0.06313086859999995,-1,-1,-1,-1
112,131,0.7693067775,0.8121628659,0.02373642119999997,0.06121003050000007,-1,-1,-1,-1
113,131,0.7723251615,0.8311871384,0.023313268600000048,0.060139310700000004,-1,-1,-1,-1
114,131,0.7712275775,0.8507601359,0.02427366859999991,0.061785636199999994,-1,-1,-1,-1
115,131,0.770541658,0.8688698666,0.02303890070000003,0.06398068680000002,-1,-1,-1,-1
116,131,0.7651910348,0.8884430143,0.0216668364,0.06324890310000009,-1,-1,-1,-1
117,131,0.7580794342,0.9094885894,0.02037800589999994,0.06299946899999997,-1,-1,-1,-1
118,131,0.7450702769,0.9284527934,0.023500122599999895,0.0618430016,-1,-1,-1,-1
119,131,0.735009898,0.9478795244,0.020724795099999915,0.05976163039999993,-1,-1,-1,-1
120,131,0.7259901119,0.9661497878,0.02297988240000004,0.0618430016,-1,-1,-1,-1
121,131,0.7218271771,0.987195363,0.02297988240000004,0.061843001500000105,-1,-1,-1,-1
