79,256,0.2169874458,0.1427656887,0.008567574599999989,0.028168489500000005,-1,-1,-1,-1
80,256,0.2091013981,0.143544551,0.013435463600000003,0.0405003129,-1,-1,-1,-1
81,256,0.1955686217,0.1566552366,0.020639984299999997,0.04037049009999999,-1,-1,-1,-1
82,256,0.1870984724,0.1675591584,0.01966640650000001,0.04465412000000002,-1,-1,-1,-1
83,256,0.1862222073,0.1752178081,0.0156747827,0.04296672269999999,-1,-1,-1,-1
84,256,0.1830094231,0.1806698441,0.01840077799999998,0.042577178899999985,-1,-1,-1,-1
85,256,0.187001047,0.180799667,0.01606414619999999,0.0466012381,-1,-1,-1,-1
86,256,0.1863196327,0.1845640804,0.018011301800000018,0.0433560412,-1,-1,-1,-1
87,256,0.1870011596,0.1835256474,0.017816563800000018,0.0445242971,-1,-1,-1,-1
88,256,0.1869037343,0.1831361787,0.017524512899999983,0.04465419509999999,-1,-1,-1,-1
89,256,0.1864169454,0.1828765329,0.017621825600000002,0.04478401800000001,-1,-1,-1,-1
90,256,0.1861248946,0.1826169622,0.0179138764,0.0450435887,-1,-1,-1,-1
91,256,0.1853460549,0.1828765329,0.01616145890000001,0.04478401800000001,-1,-1,-1,-1
92,256,0.1842750517,0.1819679229,0.0162588843,0.04556280509999999,-1,-1,-1,-1
93,256,0.1842750517,0.1819679229,0.0162588843,0.04556280509999999,-1,-1,-1,-1
94,256,0.1837882628,0.1824871393,0.016356197000000017,0.04530323450000001,-1,-1,-1,-1
95,256,0.1837882628,0.1817082771,0.01586940810000001,0.04621184449999999,-1,-1,-1,-1
96,256,0.1835935247,0.1815784542,0.01606414619999999,0.04634166740000001,-1,-1,-1,-1
97,256,0.1845671025,0.1852131198,0.014409041499999997,0.04309647050000001,-1,-1,-1,-1
98,256,0.1844697898,0.1841746868,0.014506354199999988,0.04413490350000002,-1,-1,-1,-1
99,256,0.184177739,0.1827467851,0.01421430329999998,0.04569262809999999,-1,-1,-1,-1
100,256,0.1829121104,0.1856025885,0.014506354100000007,0.043615687000000014,-1,-1,-1,-1
101,256,0.1832042738,0.1843045097,0.015285081299999975,0.043485864099999993,-1,-1,-1,-1
102,256,0.1818412199,0.184044939,0.0162587716,0.04296657250000002,-1,-1,-1,-1
103,256,0.1790179118,0.184044939,0.019276817799999985,0.043096395400000015,-1,-1,-1,-1
104,256,0.1769732183,0.1841746868,0.021029347899999995,0.04322621830000001,-1,-1,-1,-1
105,256,0.177070531,0.1833958245,0.020932035200000004,0.043485864099999993,-1,-1,-1,-1
106,256,0.1781415342,0.1831361787,0.020834609799999987,0.043485864099999993,-1,-1,-1,-1
107,256,0.1829121104,0.1824871393,0.016842985899999996,0.04530323450000001,-1,-1,-1,-1
108,256,0.1796019008,0.1853429427,0.01771925100000002,0.046471490299999973,-1,-1,-1,-1
109,256,0.1802691238,0.185866439,0.01682969550000002,0.044387791600000004,-1,-1,-1,-1
110,256,0.1799932917,0.1852533656,0.017105527600000003,0.04303895499999999,-1,-1,-1,-1
111,256,0.1799012726,0.1847629069,0.01719754670000001,0.04352941369999999,-1,-1,-1,-1
112,256,0.1795358994,0.1858132785,0.016910789399999987,0.042442024899999986,-1,-1,-1,-1
113,256,0.1804402094,0.1855721037,0.016368248500000016,0.04268319970000001,-1,-1,-1,-1
114,256,0.1807115362,0.1866572399,0.017272445900000016,0.04268319970000001,-1,-1,-1,-1
115,256,0.1834244664,0.1865366526,0.014559515699999998,0.04280378700000001,-1,-1,-1,-1
116,256,0.1818870605,0.1861749655,0.015825707500000008,0.043647823599999996,-1,-1,-1,-1
117,256,0.1823392718,0.1871395894,0.015373496200000003,0.04268319970000001,-1,-1,-1,-1
118,256,0.1832435819,0.1871395894,0.014469186100000003,0.04268319970000001,-1,-1,-1,-1
119,256,0.1824297141,0.187019002,0.01492128479999999,0.04352723630000002,-1,-1,-1,-1
120,256,0.1800784404,0.1868984147,0.0167300175,0.04521523420000001,-1,-1,-1,-1
121,256,0.180621094,0.1871395894,0.0167300175,0.04521523420000001,-1,-1,-1,-1
122,256,0.181163635,0.1873806891,0.01618747650000002,0.04497413450000001,-1,-1,-1,-1
123,256,0.1819775027,0.187019002,0.015373608800000022,0.04533582160000002,-1,-1,-1,-1
124,256,0.1824297141,0.1879835509,0.014921397400000008,0.04437127270000002,-1,-1,-1,-1
125,256,0.1824297141,0.1861749655,0.014921397400000008,0.0461798581,-1,-1,-1,-1
126,256,0.1794454571,0.1854515164,0.016910789499999995,0.0447329598,-1,-1,-1,-1
127,256,0.1769539585,0.1850528872,0.013403363899999993,0.04321623200000002,-1,-1,-1,-1
128,256,0.1750097313,0.1833564797,0.015347591100000002,0.04491263950000002,-1,-1,-1,-1
129,256,0.1741127422,0.1848181699,0.01644393620000001,0.043450949300000014,-1,-1,-1,-1
130,256,0.1738137083,0.185216799,0.016742970100000004,0.04305232020000002,-1,-1,-1,-1
131,256,0.1743120981,0.1861469586,0.016244580300000006,0.042122160600000014,-1,-1,-1,-1
132,256,0.1744117761,0.185216799,0.016144902300000014,0.04305232020000002,-1,-1,-1,-1
133,256,0.1745113414,0.1844195407,0.01604533700000002,0.043849578500000014,-1,-1,-1,-1
134,256,0.1753086525,0.183090752,0.015248025900000017,0.045178367200000014,-1,-1,-1,-1
135,256,0.1745113414,0.183090752,0.01604533700000002,0.045178367200000014,-1,-1,-1,-1
136,256,0.1745113414,0.1826921229,0.01604533700000002,0.04504546579999999,-1,-1,-1,-1
137,256,0.1756076864,0.182027766,0.014948992000000022,0.045709822699999986,-1,-1,-1,-1
138,256,0.176305207,0.182027766,0.014251471400000021,0.045709822699999986,-1,-1,-1,-1
139,256,0.176305207,0.182027766,0.013753194200000013,0.045709822699999986,-1,-1,-1,-1
140,256,0.1740130642,0.1816291369,0.01634425819999999,0.0462413532,-1,-1,-1,-1
141,256,0.1740130642,0.1814962355,0.01634425819999999,0.0463742546,-1,-1,-1,-1
142,256,0.1740130642,0.1814962355,0.01634425819999999,0.0463742546,-1,-1,-1,-1
143,256,0.1740130642,0.1814962355,0.01634425819999999,0.0463742546,-1,-1,-1,-1
144,256,0.1740130642,0.1814962355,0.01634425819999999,0.0463742546,-1,-1,-1,-1
145,256,0.1740130642,0.1829578506,0.01634425819999999,0.04491263949999999,-1,-1,-1,-1
146,256,0.1740130642,0.1824263951,0.01634425819999999,0.04544409499999999,-1,-1,-1,-1
147,256,0.1740130642,0.1834893811,0.01634425819999999,0.044381109,-1,-1,-1,-1
148,256,0.173614465,0.1832236534,0.016742857400000005,0.0446468367,-1,-1,-1,-1
