19,359,0.145393211,0.9695397497,0.008971129699999997,0.03714316349999991,-1,-1,-1,-1
20,359,0.1323905863,0.9582709122,0.013232390900000002,0.047204475399999946,-1,-1,-1,-1
21,359,0.1225534409,0.9438273081,0.01776723159999999,0.04447466550000001,-1,-1,-1,-1
22,359,0.112326932,0.9287231014,0.016131724499999986,0.04664298560000002,-1,-1,-1,-1
23,359,0.1047982608,0.9139979264,0.017141231399999998,0.04055595140000001,-1,-1,-1,-1
24,359,0.097164618,0.8999923713,0.01567895000000001,0.04104580940000002,-1,-1,-1,-1
25,359,0.088929979,0.8861917997,0.015475651999999993,0.04448007170000001,-1,-1,-1,-1
26,359,0.0784213308,0.8728767312,0.01923514450000001,0.04211307520000007,-1,-1,-1,-1
27,359,0.0698041987,0.860051821,0.014940432000000003,0.03880735940000002,-1,-1,-1,-1
28,359,0.0623928884,0.8481025584,0.015997131100000006,0.04251343129999996,-1,-1,-1,-1
29,359,0.0558215762,0.8332991444,0.0164102597,0.044018746100000006,-1,-1,-1,-1
30,359,0.0499134322,0.8175837414,0.013640788999999993,0.04353714750000004,-1,-1,-1,-1
31,359,0.0431861268,0.8039115661,0.0150672539,0.04493989549999999,-1,-1,-1,-1
32,359,0.0393843979,0.7894203577,0.016102440600000004,0.0460061101,-1,-1,-1,-1
33,359,0.036857308,0.7727527199,0.015417422,0.0419400781,-1,-1,-1,-1
34,359,0.0362292805,0.754949939,0.015785047899999995,0.04301425180000007,-1,-1,-1,-1
35,359,0.0413672573,0.7374042509,0.0165751507,0.04368942100000006,-1,-1,-1,-1
36,359,0.0480159467,0.7157332133,0.0152146872,0.043487290700000014,-1,-1,-1,-1
37,359,0.053264414,0.6921227162,0.015549537600000003,0.041751463300000013,-1,-1,-1,-1
38,359,0.0572984996,0.6716314225,0.012939213800000002,0.036641291800000086,-1,-1,-1,-1
39,359,0.0626415765,0.6564974819,0.0121413395,0.039953464999999966,-1,-1,-1,-1
40,359,0.0617089962,0.6455624748,0.014838276200000007,0.0422183451,-1,-1,-1,-1
41,359,0.0668392015,0.6354245757,0.014177360599999994,0.042428584599999986,-1,-1,-1,-1
42,359,0.0721347484,0.6227160481,0.013704988399999993,0.03969937559999992,-1,-1,-1,-1
43,359,0.0801909807,0.6080010848,0.012858795700000009,0.0431752353,-1,-1,-1,-1
