1,362,0.5540057478,0.2660965372,0.014570553500000027,0.0401315679,-1,-1,-1,-1
2,362,0.5342048604,0.2677512722,0.018036868900000003,0.042802210299999977,-1,-1,-1,-1
3,362,0.5152351859,0.2723468075,0.021076990600000012,0.038534948999999985,-1,-1,-1,-1
4,362,0.498996913,0.2731904686,0.020702043800000014,0.03881982349999996,-1,-1,-1,-1
5,362,0.480694912,0.2731185366,0.022550985500000065,0.04065911889999996,-1,-1,-1,-1
6,362,0.4622304978,0.2737420469,0.022848667900000008,0.04037424440000004,-1,-1,-1,-1
7,362,0.4364906057,0.2723552171,0.0210247301,0.040682845899999986,-1,-1,-1,-1
8,362,0.4213316706,0.2660390217,0.0210247301,0.040682845899999986,-1,-1,-1,-1
9,362,0.4033305056,0.2647757826,0.02102472999999999,0.040682845899999986,-1,-1,-1,-1
10,362,0.387294179,0.2622493044,0.0210247301,0.040682845899999986,-1,-1,-1,-1
11,362,0.3710124308,0.2660801685,0.0210247301,0.040682845899999986,-1,-1,-1,-1
12,362,0.3531868566,0.273863235,0.019222867799999988,0.04090269630000004,-1,-1,-1,-1
13,362,0.3345759102,0.2763952695,0.014366804999999983,0.0405757739,-1,-1,-1,-1
14,362,0.3128790015,0.2745137761,0.01673745120000003,0.04403526499999999,-1,-1,-1,-1
15,362,0.2961092254,0.2791103625,0.015467767899999985,0.03903246580000003,-1,-1,-1,-1
16,362,0.2778734511,0.2773918047,0.021267561300000015,0.040381752899999956,-1,-1,-1,-1
17,362,0.2568637009,0.2763607301,0.025521051100000025,0.04038160279999997,-1,-1,-1,-1
18,362,0.2465522686,0.2724080773,0.020236316799999987,0.040037861100000016,-1,-1,-1,-1
19,362,0.2361118745,0.2641695419,0.016080252399999967,0.04352753659999997,-1,-1,-1,-1
20,362,0.233025687,0.2550618164,0.017053041699999966,0.045920362500000034,-1,-1,-1,-1
21,362,0.2394087936,0.2493114656,0.01758983860000002,0.04370278620000001,-1,-1,-1,-1
22,362,0.2466544245,0.2412609445,0.01327687990000001,0.040942641799999985,-1,-1,-1,-1
23,362,0.2476684366,0.2404159318,0.018475114099999995,0.04055505029999998,-1,-1,-1,-1
24,362,0.2503821552,0.2444598887,0.016855600500000012,0.03585019050000002,-1,-1,-1,-1
25,362,0.2527909831,0.2462557846,0.01572377690000004,0.03373503089999999,-1,-1,-1,-1
26,362,0.2532015211,0.2474603068,0.016533364800000006,0.03294107649999997,-1,-1,-1,-1
27,362,0.2520726259,0.2467762775,0.01591772659999996,0.0332484767,-1,-1,-1,-1
28,362,0.2520726259,0.2414400986,0.015712401300000012,0.03557447639999997,-1,-1,-1,-1
29,362,0.2498295901,0.2440789047,0.015170085499999986,0.03563829909999999,-1,-1,-1,-1
30,362,0.2496944335,0.241185033,0.014645452799999986,0.0387080212,-1,-1,-1,-1
31,362,0.2501217535,0.2443592741,0.013864135300000024,0.03549218270000001,-1,-1,-1,-1
32,362,0.2441712605,0.2457597695,0.015021751199999989,0.03759337639999999,-1,-1,-1,-1
33,362,0.2398643839,0.2564043458,0.014181302599999973,0.03689297850000001,-1,-1,-1,-1
34,362,0.2330921389,0.2716853039,0.015609231800000012,0.04333276469999997,-1,-1,-1,-1
35,362,0.2289240231,0.2860400068,0.017605944699999987,0.04268027129999996,-1,-1,-1,-1
36,362,0.2132864085,0.3096599646,0.019574274800000013,0.032619860599999995,-1,-1,-1,-1
37,362,0.1849057824,0.3354489935,0.017382711100000003,0.0330568584,-1,-1,-1,-1
38,362,0.1484300664,0.3485635836,0.017382711100000003,0.0330568584,-1,-1,-1,-1
39,362,0.1453329537,0.3495958596,0.017382711100000003,0.0330568584,-1,-1,-1,-1
40,362,0.0542881123,0.4192052586,0.014137489400000008,0.042189211999999976,-1,-1,-1,-1
41,362,0.0080766185,0.4468394395,0.0222744777,0.03952818050000001,-1,-1,-1,-1
