0,365,1.1687981708000001,1.2269990408,0.7882456508,0.852920082
0,365,1.1435945871,1.22346658905,0.7706866132,0.8478871915
0,365,0.69810493445,1.24699367265,0.4735594141,0.8713011205
0,365,0.71789980535,1.2321080943,0.4863102641,0.86198171
0,365,0.63501107835,1.2123024394000002,0.4334287857,0.8452274808
0,365,0.9868266974,1.35591380635,0.6707384942,0.9606024645
0,365,0.8587544675,0.4388193642,0.5739246966,0.3002636412
0,365,0.40491667919999996,0.95905372565,0.2756993964,0.6639736659
0,365,0.41468414395,0.96939520565,0.2828011395,0.6712764595
0,365,0.43537202205000003,0.9765542569500001,0.2940433175,0.6741172447
0,365,0.4245836492,0.97264848385,0.2868210708,0.6716627245
0,365,0.42712265805000005,0.9474589619,0.2907320735,0.655310429
0,365,0.4759463369,0.98634372545,0.3213571716,0.6828289861
0,365,0.44198822439999996,0.9816212777000001,0.2996815392,0.6778184404
0,365,0.46171333810000004,0.97826642615,0.3122168318,0.6782735111
0,365,0.45413103685,0.99351551605,0.3065168251,0.6877223579
0,365,0.91671496015,0.7795629687000001,0.6159870629,0.5404933838
0,365,0.9519208833499999,0.7618351745,0.6386491081,0.5286973808
0,365,0.9139544147,0.7673674845,0.6137861082,0.532703501
0,365,0.90345695235,0.7658342099,0.6073693655,0.5309007946
0,365,0.9080574780999999,0.75605857055,0.609839077,0.5238906631
0,365,0.93697329475,0.7661975170499999,0.6287563103,0.5300016895
0,365,0.9301648386000001,0.76302285435,0.623889864,0.5277798821
0,365,0.7549535279,0.9061424998000001,0.5086560694,0.6302164174
0,365,0.7356116188999999,0.9075453163,0.4954978242,0.6312442776
0,365,0.738801976,0.90103510395,0.4966861496,0.6246404397
0,365,0.52999429365,0.9874390287,0.3584405601,0.6844762328
0,365,0.52123547205,0.9801159340000001,0.3535849989,0.6782951746
0,365,0.5471336382499999,0.94125814765,0.3697165435,0.6533514453
0,365,0.5228141313,0.94705185085,0.3525188636,0.6525045235
0,365,0.48839991390000004,0.98774681455,0.3321255372,0.6844418981
0,365,0.55645933295,0.92018020255,0.3767897705,0.6372176927
0,365,1.1477951205,0.72652435035,0.7691928892,0.5023467475
0,365,0.6907789717999999,0.6614882853499999,0.4636810278,0.4568071209
0,365,0.7455908849,0.65759007395,0.5002370212,0.4533139769
0,365,0.6985263139,0.5724680224,0.4676355712,0.39231462
0,365,0.6935192032999999,0.57930981865,0.4652615266,0.3989481601
0,365,0.6983539907,0.5785101069,0.4678820978,0.3982667804
0,365,0.7068828435000001,0.57650370865,0.4735385636,0.3975977993
0,365,0.70035349265,0.58144456315,0.4699858523,0.4007199381
0,365,0.3114589312,0.5527657803,0.2111688486,0.3799426938
0,365,0.66483987115,0.46260402585000004,0.4448110147,0.3169974331
0,365,0.6606924606,0.46412176815,0.4420986094,0.3178979007
0,365,0.65660614505,0.46604648530000004,0.4392526689,0.3178070228
0,365,0.65582103155,0.46261295010000003,0.4387682013,0.316089608
0,365,0.66472787645,0.44990605655000004,0.4452349239,0.3075597587
0,365,0.6596409666,0.45039478055000004,0.442329958,0.3081469905
0,365,0.57033588015,0.4775736697,0.3821353185,0.327007352
0,365,0.64082905895,0.4182967687,0.4286388423,0.2857114634
0,365,0.6813129195,0.5080416021999999,0.4562807852,0.348515298
0,365,1.3596233663,0.5586321721,0.909944832,0.3828863468
0,365,0.6994167531,0.46907549815,0.4683064668,0.3213436301
0,365,0.70791187725,0.4708730271,0.4736345373,0.3205100606
0,365,0.7128429448,0.45293023255000003,0.4767595066,0.3079475225
0,365,0.65208886795,0.44962790480000003,0.4364131675,0.3075337352
0,365,0.7109707688,0.63870689095,0.4771135052,0.4396475519
0,365,0.70484746635,0.64021904705,0.4723059309,0.4389250251
0,365,0.6867207891,0.63835550555,0.4604050456,0.4402530411
0,365,0.6864639906000001,0.6352184475,0.4594827174,0.432316146
0,365,0.6840336037,0.60232501575,0.459153862,0.4150842289
0,365,0.6790369949,0.6069719818,0.4550555114,0.4153508676
0,365,0.68808105445,0.49196296215,0.4601043997,0.3374084409
0,365,0.6932684606999999,0.4930380325,0.4632894676,0.33763366
0,365,0.6958982306,0.49046068405,0.4655722912,0.3353674355
0,365,0.67211025805,0.4098128352,0.4492619841,0.2796974462
0,365,0.7444736965000001,0.47787818545,0.4983288934,0.3275556167
0,365,0.7449118637,0.47783022595,0.4982387456,0.3267043349
0,365,0.74007002395,0.47782620665,0.4945802487,0.3273110503
0,365,0.8185670368,0.4727642271,0.5476308308,0.3219942176
0,365,0.68058261525,0.40864286769999997,0.4549140039,0.2778853386
0,365,0.68569259855,0.38692394055,0.4581006049,0.2617233825
0,365,0.67900050655,0.37945703534999997,0.4537520483,0.2567422665
0,365,0.6754842836499999,0.37936792865,0.4514652385,0.2566828621
0,365,0.59191760865,0.41147847545000005,0.3964787791,0.2797481307
0,365,1.1850156471,0.7491521925,0.7961128834,0.5193370956
0,365,1.1867525247,0.7633041398,0.7963137228,0.5238909356
0,365,0.25610820125,0.6947832419,0.1737828211,0.4785436922
0,365,0.25428834315000004,0.6974710199,0.1729852127,0.4801105522
0,365,0.877705123,0.45363007395,0.587524438,0.3083051753
0,365,0.2620670761,0.5896091979,0.1783125932,0.4031927156
0,365,1.2975559376499999,0.72709039555,0.8696826615,0.5052402609
0,365,1.1571158325,0.7326366711000001,0.7774102876,0.5087486648
0,365,1.1569458089,0.72929251505,0.7770358984,0.5064679979
0,365,1.0064359834,0.6815895999,0.674144792,0.4705061094
0,365,0.6048598693,0.67563921075,0.4077725468,0.4655071449
0,365,0.59401691715,0.67212092895,0.3992190873,0.4628572441
0,365,0.5869401639,0.66891826715,0.3948484536,0.4616457207
0,365,0.9350860941500001,0.6146431375,0.6263007035,0.417947904
0,365,0.9337263653000001,0.61196772185,0.6263969838,0.4148696373
0,365,0.93575415355,0.46138759755000003,0.6255824343,0.3166448215
0,365,0.93344028415,0.4597188917,0.6238360513,0.3151704744
0,365,0.8698598907499999,0.44277391435,0.5811676405,0.3030162735
0,365,0.87332061455,0.44175232165,0.5838742199,0.3027609435
0,365,1.14911698115,0.49428750115,0.7678351535,0.3402737509
0,365,1.15093802745,0.49421937679999994,0.7693081803,0.339952204
0,365,1.0504682625,0.49208810655,0.7015947876,0.3345258273
0,365,1.0468191942,0.4867154119,0.7006023956,0.333727955
0,365,1.04739488275,0.484906983,0.7006260057,0.3329300826
0,365,1.05093893195,0.48461302640000004,0.7021853475,0.3320901094
0,365,1.08768526285,0.4784009036,0.7279702157,0.3288106034
0,365,1.31204504505,0.5504297283999999,0.8780461667,0.3776497646
0,365,0.82223507745,0.48485977285000004,0.5504843603,0.3327708079
0,365,0.8215848406999999,0.48511313479999996,0.5489888732,0.3326637164
0,365,0.69916877015,0.4715625136,0.4678380971,0.32357225
0,365,0.7036256421,0.47281750035000003,0.4703127146,0.3238730871
0,365,0.7052680792,0.47378302674999995,0.4718565718,0.3239105555
0,365,0.8292000275,0.51355728985,0.5554700072,0.3534991389
0,365,0.8342868606,0.5130295306,0.558645263,0.3526654332
0,365,0.8304098166,0.3868515243,0.5546439592,0.263253864
0,365,0.83101233485,0.3735943222,0.5552225607,0.2527424136
0,365,0.8333585533000001,0.37441801375,0.5565264838,0.2541442765
0,365,0.8367956669000001,0.37438974215,0.5588479422,0.2540174289
0,365,0.90927523955,0.42868470960000005,0.6082617977,0.2925368416
0,365,0.9030936783,0.4270866487,0.6033591696,0.2925204918
0,365,0.9088654352000001,0.42766352565,0.6077803964,0.2909740691
0,365,0.9034710996499999,0.42715138205000003,0.6035612355,0.2921395405
0,365,0.8698733055000001,0.3973590916,0.5808449176,0.2694941904
0,365,0.8714455256,0.3990558647,0.5817378098,0.2694752518
0,365,0.8585257252,0.39805034934999994,0.5738790094,0.2716435135
0,365,0.86129079345,0.3993719616,0.5752727737,0.271533697
0,365,0.8575298070499999,0.40765724455,0.5730523483,0.2779597303
0,365,0.85737151185,0.40722152125,0.5726771925,0.2772932017
0,365,0.8576115225500001,0.4124545611,0.5728723593,0.2803075678
0,365,0.8601563573,0.40976487565,0.5744750886,0.2794080539
0,365,0.8439991329000001,0.40932009180000006,0.5636673216,0.2773595548
0,365,0.8453976498,0.40626137675,0.564673154,0.2772512371
0,365,0.84242331,0.40574976295,0.5626801422,0.2758151759
0,365,0.8396123247,0.4069394865,0.5609011036,0.2771926502
0,365,0.84136087605,0.40727424959999997,0.5625240701,0.2778120368
0,365,0.8586363401999999,0.43890349780000004,0.573928836,0.3005518072
0,365,0.89448632945,0.433449667,0.5979501501,0.2968269042
0,365,0.8906430909,0.43487012775,0.5949446112,0.2965575405
0,365,0.9018420347,0.43441199155,0.6027821012,0.2965383295
0,365,0.9035508562500001,0.41305582650000006,0.6038206403,0.2820229388
0,365,0.8565686771000001,0.38972378305,0.5722620222,0.2660935593
0,365,0.8424472012499999,0.41052800450000004,0.5623794963,0.27642993
0,365,1.0371744452,0.42497935835,0.6928131772,0.2881203403
0,365,0.9958610215500001,0.4666466608,0.6662337121,0.319245809
0,365,1.0033527917,0.65717206305,0.672675598,0.4526994953
0,365,0.9948634936,0.6575560118,0.6658521172,0.4533137044
0,365,1.1320554427,0.6663858127,0.7594051106,0.4600382586
0,365,1.1107426245,0.6484792602,0.7439571866,0.4479880156
0,365,1.146818213,0.6610300129,0.7687446034,0.4562213878
0,365,1.14533675405,0.65056345645,0.7673874809,0.4496409847
0,365,1.16429208555,0.65870125025,0.7810174249,0.4544302625
0,365,1.137416782,0.67035943765,0.7616241562,0.4501693571
0,365,1.1122668576,0.6605309339,0.7461719394,0.4556524132
0,365,1.07956882075,0.6518901780999999,0.7242819761,0.4495141372
0,365,1.08566935635,0.6533865974999999,0.7283593229,0.452498256
0,365,1.1250756597,0.6394904571,0.753284721,0.4428243264
0,365,1.29033399755,0.651729609,0.8642753285,0.4511931298
0,365,1.27410739915,0.63517995725,0.8545767777,0.4390559601
0,365,1.25233096375,0.6945826839,0.8379670513,0.4806119474
0,365,1.2695813065500001,0.6941124215000001,0.8501733351,0.4794910294
0,365,1.2664072006,0.6909490675,0.8488362966,0.4777477274
0,365,1.1111242193,0.48243107175,0.7429005566,0.3304064843
0,365,1.1105167184,0.47805142565000003,0.7422264414,0.3289749193
0,365,1.4300495475,0.5914072038,0.9558467574,0.4050837112
0,365,1.4289998932499999,0.58914034915,0.9548049987,0.4030933903
0,365,1.38820887115,0.5789870455,0.9280061215,0.3982977088
0,365,1.39443083025,0.57963994925,0.9323263153,0.3989296303
0,365,0.7230655178,0.47460222195,0.4837597568,0.3227157907
0,365,0.72620466855,0.47486845185000004,0.4854187517,0.3230237127
0,365,1.1453569913,0.4897923842,0.7657356916,0.3362805742
0,365,1.1436841216,0.49242872829999995,0.7646077714,0.3378756376
0,365,1.23271523855,0.5118299289,0.8242949463,0.3526835542
0,365,1.2357097389,0.5124253356999999,0.8262634792,0.352236931
0,365,1.23077675485,0.5039989672,0.8232600867,0.3456835052
0,365,1.1474297767000001,0.48562153929999996,0.7675677764,0.3335310756
0,365,1.26991851745,0.52680795205,0.8502250015,0.3621913967
0,365,1.13266524335,0.49526862795,0.7584243703,0.3378959387
0,365,1.1347530534,0.4972544526,0.7595610294,0.3395102132
0,365,0.24717061725,1.0408839406500001,0.1711282147,0.7130045289
0,365,0.2592818473,1.0445384031,0.1798858864,0.7162668676
0,365,0.2696634821,1.04452525505,0.1880244822,0.7194012687
0,365,0.67067264645,0.7706560511,0.4535605609,0.5347868798
0,365,0.6710359972,0.7745740865999999,0.4498882658,0.5322999324
0,365,0.57536621765,0.7824740583,0.3900324471,0.5415986332
0,365,0.19875739425,0.9410443053499999,0.1400136663,0.6531074239
0,365,0.5592286171499999,0.850483206,0.3776742305,0.5873478102
0,365,0.5322993476,0.86282399945,0.3610979262,0.5973526879
0,365,0.5348674092,0.8563799811999999,0.3632976544,0.5917465992
0,365,0.52053675025,0.91081276435,0.3529760415,0.6329055579
0,365,0.522371058,0.8981942279499999,0.3527673832,0.6246017451
0,365,0.48678147015,0.9124574221999999,0.3308131819,0.6303271876
0,365,0.44122149450000003,0.92845077555,0.3014237828,0.6429942285
0,365,0.5680827375999999,0.7717500538,0.3850396712,0.5331610118
0,365,0.34778871205,1.0274469584500001,0.2375034955,0.7122483487
0,365,0.29945590155,1.0553493962,0.2056991941,0.7328353898
0,365,0.4119777562,1.05190632355,0.2811462074,0.7307342987
0,365,0.40011335929999997,1.05185884095,0.2728838884,0.7303782809
0,365,0.38714396235000004,1.0566769353,0.2640817561,0.7313618602
0,365,0.41302154620000003,0.8883627267,0.280498232,0.6155320784
0,365,0.76228447325,0.6510555867000001,0.5107327971,0.4507091744
0,365,0.701150258,0.56836611925,0.46948728,0.3899498877
0,365,0.7067700821,0.5542210526,0.4730867516,0.3803568898
0,365,0.70950487105,0.5550057769500001,0.4749620705,0.3803139715
0,365,0.6957982707,0.5556850447999999,0.4657176314,0.3802778656
0,365,0.70532181525,0.56811651175,0.4729112087,0.3898915733
0,365,0.6919749629,0.5558958215,0.463414264,0.3813926524
0,365,0.6993795748,0.5581578904,0.4682489746,0.3820922894
0,365,0.69551050315,0.5580292717,0.4657654649,0.3835199032
0,365,0.68817587835,0.57594849525,0.4611599565,0.3960028721
0,365,0.74978229615,0.48101347225,0.5016235797,0.3290828283
0,365,0.83724479595,0.62969976235,0.5606786471,0.4335340731
0,365,0.8408666512,0.6280527882,0.5628234894,0.4324751482
0,365,1.360674017,0.7533092082499999,0.9109559792,0.5195844779
0,365,1.3759083768,0.7302210498499999,0.9214760808,0.5039318647
0,365,1.3495291926,0.73829276305,0.904164183,0.5096337363
0,365,1.4285283232000001,0.72788946005,0.957210894,0.5014057459
0,365,1.40382436575,0.72625251915,0.9398095511,0.5002590845
0,365,1.38744412915,0.72424494375,0.9282795161,0.4973384499
0,365,1.4192432370499999,0.7246882629,0.9511402159,0.5000801142
0,365,1.3832523536999999,0.73100686415,0.9252196662,0.5018610209
0,365,1.36718558355,0.7282385633,0.9145544799,0.501225012
0,365,1.35671663735,0.73529863,0.9082150067,0.5062186628
0,365,1.34851679325,0.72935648385,0.9026864035,0.5032305927
0,365,1.33073100645,0.73548597185,0.8909733261,0.5070846595
0,365,1.34253492155,0.7403495052,0.8984373467,0.509534956
0,365,1.3410101517,0.723136731,0.8981314882,0.498829215
0,365,0.8459175325499999,0.6273866683,0.5665486773,0.4330264104
0,365,0.6866383068999999,0.5771479607000001,0.460050587,0.3978794254
0,365,0.7728101451,0.48102655215,0.5168211444,0.3296515303
0,365,0.7701581641,0.48171442065,0.514985955,0.3299062813
0,365,0.7684006697500001,0.48172155674999995,0.5144600241,0.3298757957
0,365,0.76911454655,0.48017458905,0.5141725171,0.3261542989
0,365,0.7907760537,0.48341717165,0.5291020914,0.3270524503
0,365,0.78649888445,0.48341328865,0.5256983999,0.3272874793
0,365,0.7945199264,0.4820119456,0.5308685584,0.326856994
0,365,0.7953160946,0.48157686065,0.5322848124,0.3283876875
0,365,0.79656960145,0.4766599859,0.5326705939,0.3264007728
0,365,1.45796936935,0.7257136024499999,0.9761264791,0.5017116923
0,365,1.45203241825,0.7250751071,0.9721162833,0.4996331504
0,365,1.40099860225,0.7319883195000001,0.9372818983,0.5040621104
0,365,1.28322780835,0.65118556805,0.8594039761,0.4508206259
0,365,0.30824185935,1.05679417725,0.2107246255,0.7313688089
0,365,0.3158835309,1.0571437233,0.2166011716,0.7299108116
0,365,0.32351079110000003,1.0570543441,0.2209295676,0.7314711316
0,365,0.3313659119,1.05756766115,0.2260042124,0.7325732473
0,365,0.33802396855,1.05440124145,0.2316364549,0.7308709561
0,365,0.34654665055,1.0545544532,0.2371123953,0.7312594012
0,365,0.35073944165,1.06337730535,0.2426895985,0.7354129425
0,365,0.3605628272,1.06334719435,0.2483533468,0.7367040351
0,365,0.3743507598,1.05397076375,0.2552953382,0.7328336185
0,365,0.40046678304999994,0.8872488256,0.2725436113,0.6149891274
0,365,0.3885670859,0.9147691539,0.273000406,0.6327183522
0,365,0.3850349185,0.90131207485,0.2613293362,0.6238944781
0,365,0.9948634936,0.6575560118,0.6658521172,0.4533137044
0,365,0.34778871205,1.0274469584500001,0.2375034955,0.7122483487
0,365,0.76228447325,0.6510555867000001,0.5107327971,0.4507091744
0,365,0.74978229615,0.48101347225,0.5016235797,0.3290828283
0,365,1.28322780835,0.65118556805,0.8594039761,0.4508206259
