1,411,0.7765152491,0.4900181483,0.006139247000000014,0.022537577399999953,-1,-1,-1,-1
2,411,0.7805406229,0.489349031,0.007094384099999962,0.02217515590000002,-1,-1,-1,-1
3,411,0.7857635209,0.488489438,0.006231541200000024,0.02286293930000005,-1,-1,-1,-1
4,411,0.7910699743,0.4883174922,0.006914088599999979,0.02243416460000003,-1,-1,-1,-1
5,411,0.7960912663,0.488489438,0.007018954399999999,0.021746517500000007,-1,-1,-1,-1
6,411,0.8002724057,0.4881456826,0.007625305399999949,0.022262218700000003,-1,-1,-1,-1
7,411,0.8050928583,0.4876299813,0.006673694499999994,0.022176245799999994,-1,-1,-1,-1
8,411,0.8089615468,0.4877673199,0.007288171100000018,0.022296826000000047,-1,-1,-1,-1
9,411,0.8137582359,0.4872863621,0.0063997251000000865,0.02226780490000002,-1,-1,-1,-1
10,411,0.8177374627,0.4871358072,0.007252449300000019,0.022355276699999982,-1,-1,-1,-1
11,411,0.8229602074,0.4866938165,0.006648551299999972,0.02210253530000006,-1,-1,-1,-1
12,411,0.8291727378,0.4866938165,0.0038647023000000225,0.02223605900000003,-1,-1,-1,-1
13,411,0.8326575317,0.4863458373,0.00519591499999994,0.022236059099999983,-1,-1,-1,-1
14,411,0.8365746669,0.4860674813,0.006486346599999915,0.022653661200000008,-1,-1,-1,-1
15,411,0.8426029156,0.4849896178,0.005470037900000002,0.022757074099999997,-1,-1,-1,-1
16,411,0.8475365129,0.4847807486,0.005235009700000015,0.022757210299999997,-1,-1,-1,-1
17,411,0.8516477418,0.4842936595,0.006174815499999986,0.02296594330000007,-1,-1,-1,-1
18,411,0.8566204337,0.4842240364,0.005391695200000046,0.02268758719999997,-1,-1,-1,-1
19,411,0.860183417,0.4837368111,0.006057378099999955,0.022618100400000007,-1,-1,-1,-1
20,411,0.865156109,0.4840153035,0.006018283400000102,0.02220049810000002,-1,-1,-1,-1
21,411,0.8695094183,0.4830409891,0.00663766610000005,0.022755711500000053,-1,-1,-1,-1
22,411,0.8760411454,0.4823450307,0.0053918483999999545,0.021922142099999986,-1,-1,-1,-1
23,411,0.8808677305,0.4821972009,0.005391848499999963,0.02192214210000004,-1,-1,-1,-1
24,411,0.8853614742,0.481457643,0.0049219455000000245,0.02192214210000004,-1,-1,-1,-1
25,411,0.8897721224,0.4813096769,0.0053918483999999545,0.02192214210000004,-1,-1,-1,-1
26,411,0.8958788672,0.4798632608,0.0053918484000000655,0.022184012099999928,-1,-1,-1,-1
27,411,0.9019219872,0.4800124531,0.006057684799999907,0.022482669200000027,-1,-1,-1,-1
28,411,0.9084129332,0.480308249,0.006057684799999907,0.02248266919999997,-1,-1,-1,-1
29,411,0.915236874,0.4810478069,0.006057684800000018,0.022482669200000027,-1,-1,-1,-1
30,411,0.9214336132,0.4798657133,0.006057684800000018,0.022482669200000027,-1,-1,-1,-1
31,411,0.9258838161,0.4809888113,0.00605768470000001,0.02248266910000002,-1,-1,-1,-1
32,411,0.928373305,0.4800978811,0.00605768470000001,0.02248266910000002,-1,-1,-1,-1
33,411,0.9356945917,0.4808123692,0.00605768470000001,0.022482669200000027,-1,-1,-1,-1
34,411,0.9405761393,0.4789721262,0.005582032600000009,0.02255787849999996,-1,-1,-1,-1
35,411,0.9503356318,0.4776595745,0.005106380500000007,0.0226330877,-1,-1,-1,-1
36,411,0.9578172834,0.4762969513,0.005106380499999896,0.0226330877,-1,-1,-1,-1
37,411,0.9626179587,0.477162948,0.005106380500000007,0.022633087800000007,-1,-1,-1,-1
38,411,0.9673301726,0.4760698247,0.005106380500000007,0.022633087800000007,-1,-1,-1,-1
39,411,0.9764009086,0.4785007739,0.0057734433000000696,0.022633087699999943,-1,-1,-1,-1
40,411,0.9827952677,0.4773629611,0.005984554699999922,0.022548749700000037,-1,-1,-1,-1
