1,408,0.7890309176,0.4889571798,0.006595045199999983,0.02207555800000005,-1,-1,-1,-1
2,408,0.7942867778,0.4889571798,0.006159944299999998,0.021837531600000015,-1,-1,-1,-1
3,408,0.7992749544,0.4891358018,0.006193366300000003,0.021420883099999954,-1,-1,-1,-1
4,408,0.8054347453,0.4891358018,0.005023131799999914,0.021896936000000033,-1,-1,-1,-1
5,408,0.8120632126,0.4882433729,0.004954907699999955,0.021896935999999978,-1,-1,-1,-1
6,408,0.815678782,0.4876028678,0.005992680299999997,0.02200184749999995,-1,-1,-1,-1
7,408,0.8194617688,0.486636592,0.006528354199999975,0.021540100800000017,-1,-1,-1,-1
8,408,0.8239142713,0.4862796205,0.006561776400000108,0.021659045799999943,-1,-1,-1,-1
9,408,0.8280989369,0.4859820533,0.007164447899999926,0.02159950519999998,-1,-1,-1,-1
10,408,0.8335893653,0.4858631082,0.006929879699999919,0.021658909599999943,-1,-1,-1,-1
11,408,0.8383431269,0.4861011347,0.007499129199999954,0.021718450200000017,-1,-1,-1,-1
12,408,0.8443356539,0.4858631082,0.006059524500000024,0.02082588509999994,-1,-1,-1,-1
13,408,0.8501941857,0.4852681102,0.005323011099999997,0.02112345220000006,-1,-1,-1,-1
14,408,0.8562201347,0.4842564636,0.005088596300000026,0.021480560099999935,-1,-1,-1,-1
15,408,0.8627481823,0.4839590327,0.004854334699999963,0.02165904589999995,-1,-1,-1,-1
16,408,0.86733468,0.4833046303,0.00696805459999994,0.02159936889999997,-1,-1,-1,-1
17,408,0.8736163544,0.4829794046,0.004807727700000042,0.0215564506,-1,-1,-1,-1
18,408,0.8787429722,0.4821330278,0.004807727700000042,0.02155645049999999,-1,-1,-1,-1
19,408,0.885615513,0.4759833068,0.005178284099999986,0.022063431999999994,-1,-1,-1,-1
