12,299,0.9010027253,0.3566898108,0.00300523219999993,0.0186227437,-1,-1,-1,-1
13,299,0.8979163907,0.3562566762,0.0033301015000000156,0.0187671673,-1,-1,-1,-1
14,299,0.8946675448,0.3548131213,0.0033301015000000156,0.0187671673,-1,-1,-1,-1
15,299,0.8916624659,0.3545244103,0.0038173287000000666,0.018333896500000002,-1,-1,-1,-1
16,299,0.8885761313,0.354091412,0.003817328799999964,0.018333896500000002,-1,-1,-1,-1
17,299,0.8854897967,0.3525034335,0.003817328799999964,0.018333896500000002,-1,-1,-1,-1
18,299,0.8836216835,0.3523591461,0.003817328799999964,0.018333896500000002,-1,-1,-1,-1
19,299,0.8807788093,0.3526477208,0.004142351300000069,0.017323612499999974,-1,-1,-1,-1
20,299,0.8783422132,0.3517815879,0.004142351299999958,0.017323612399999966,-1,-1,-1,-1
21,299,0.8765553556,0.3513484533,0.004142351300000069,0.01732361240000002,-1,-1,-1,-1
22,299,0.8747684981,0.3519258753,0.004142351299999958,0.017323612399999966,-1,-1,-1,-1
23,299,0.8718782502,0.3517383971,0.005181503700000034,0.017081089699999996,-1,-1,-1,-1
24,299,0.8702448585,0.3508225334,0.0031919669000000095,0.01769925,-1,-1,-1,-1
25,299,0.8684438962,0.3501525985,0.002967210700000056,0.017178235099999994,-1,-1,-1,-1
26,299,0.8660148124,0.3492593521,0.0032184899999999628,0.017046482600000024,-1,-1,-1,-1
27,299,0.8634183114,0.3483661057,0.003679040799999922,0.01726979420000002,-1,-1,-1,-1
28,299,0.8614079242,0.3479193462,0.003679040800000033,0.01726979420000002,-1,-1,-1,-1
29,299,0.8593556826,0.3476215066,0.003218490000000074,0.016227900399999995,-1,-1,-1,-1
30,299,0.8572617401,0.3464305568,0.0032603442999999954,0.016599995599999973,-1,-1,-1,-1
31,299,0.8549163649,0.3459839336,0.0041398982999999445,0.016972090800000006,-1,-1,-1,-1
32,299,0.8520202912,0.3456117021,0.0041461841000000055,0.016674387500000054,-1,-1,-1,-1
33,299,0.8505126158,0.3448673755,0.0033503387000000107,0.016450939599999992,-1,-1,-1,-1
34,299,0.8479159614,0.3441974407,0.0035179093999999633,0.016451075799999992,-1,-1,-1,-1
35,299,0.8455705863,0.3440486571,0.0038528972999999356,0.016450939599999992,-1,-1,-1,-1
36,299,0.8423876648,0.3433043305,0.004313754799999958,0.01637641160000003,-1,-1,-1,-1
37,299,0.8414662565,0.3425600039,0.003057358499999996,0.016227491699999985,-1,-1,-1,-1
38,299,0.8396234399,0.3417411493,0.0028897879000000515,0.016004180099999987,-1,-1,-1,-1
39,299,0.8366499433,0.3413687816,0.004188038500000046,0.016078844400000014,-1,-1,-1,-1
40,299,0.8348071267,0.3407732386,0.0034342007000000008,0.01622776420000005,-1,-1,-1,-1
41,299,0.8339275727,0.3398799922,0.0025548000000000792,0.015929924500000026,-1,-1,-1,-1
42,299,0.831498489,0.3392844491,0.002680516299999991,0.016078844400000014,-1,-1,-1,-1
43,299,0.829613818,0.3384655945,0.0028480869000000464,0.01607884439999996,-1,-1,-1,-1
44,299,0.8265146052,0.3380934993,0.0045233329000000655,0.015929924600000034,-1,-1,-1,-1
45,299,0.8250489374,0.3373490364,0.0030992128000000285,0.01585553279999996,-1,-1,-1,-1
46,299,0.8225779993,0.3363068702,0.0036854799000000105,0.01593006079999998,-1,-1,-1,-1
47,299,0.8213214498,0.3362323422,0.002345375099999991,0.015483437600000038,-1,-1,-1,-1
48,299,0.8184735162,0.3354878793,0.0036437789000000054,0.01585566909999997,-1,-1,-1,-1
49,299,0.8163794203,0.3348923363,0.0036437790000000136,0.015855669000000017,-1,-1,-1,-1
50,299,0.8136990573,0.3342967933,0.0036437790000000136,0.015855669000000017,-1,-1,-1,-1
51,299,0.8123170981,0.3336271309,0.002596654400000009,0.015929788399999978,-1,-1,-1,-1
52,299,0.8092597396,0.3334783474,0.004313908099999986,0.015706476700000027,-1,-1,-1,-1
53,299,0.8067889549,0.3331805077,0.003978766799999978,0.01570647669999997,-1,-1,-1,-1
54,299,0.8050300002,0.3327338845,0.003434047399999973,0.015408637099999956,-1,-1,-1,-1
55,299,0.8032291912,0.3322127333,0.0029314888999999456,0.015334245199999985,-1,-1,-1,-1
56,299,0.8010513867,0.33176611,0.003434047399999973,0.0155578294,-1,-1,-1,-1
57,299,0.7974496154,0.3313938786,0.004564880599999932,0.015408909599999965,-1,-1,-1,-1
58,299,0.7961932192,0.3311707033,0.0031827681000000663,0.015036541900000033,-1,-1,-1,-1
59,299,0.7947692524,0.3302773206,0.0027220640000000795,0.015185598000000022,-1,-1,-1,-1
60,299,0.7919213188,0.3302027926,0.004146030799999978,0.01496242259999997,-1,-1,-1,-1
61,299,0.7900786555,0.3298306974,0.003140760500000006,0.015036678100000034,-1,-1,-1,-1
62,299,0.7881521302,0.3291607626,0.003140760500000006,0.015036678100000034,-1,-1,-1,-1
63,299,0.7866860024,0.3287141393,0.0028477802999999913,0.015111070000000004,-1,-1,-1,-1
64,299,0.7842569187,0.3283419079,0.0031827680999999552,0.014887894600000007,-1,-1,-1,-1
65,299,0.7812834221,0.3278952847,0.00431375469999995,0.015036678199999987,-1,-1,-1,-1
66,299,0.7798594553,0.3272253499,0.0034762083999999582,0.015185597999999967,-1,-1,-1,-1
67,299,0.7783936342,0.3269276465,0.002345375099999991,0.015036678099999978,-1,-1,-1,-1
68,299,0.7759226961,0.3264810233,0.003392346400000079,0.014887758299999998,-1,-1,-1,-1
69,299,0.7738704546,0.3261087919,0.0034343539999999173,0.014962286300000016,-1,-1,-1,-1
70,299,0.7727397747,0.3258109522,0.0023035207999999585,0.014962286399999969,-1,-1,-1,-1
71,299,0.7707293874,0.3251410174,0.002345528500000027,0.014738974799999971,-1,-1,-1,-1
72,299,0.7688028622,0.3246943942,0.002847933599999908,0.01481336649999998,-1,-1,-1,-1
73,299,0.7658712199,0.3246198661,0.004523179700000046,0.01444127140000001,-1,-1,-1,-1
74,299,0.7654523701,0.3242476347,0.002219812099999996,0.014515799399999973,-1,-1,-1,-1
75,299,0.7636932621,0.3234287801,0.002219812099999996,0.014515799400000029,-1,-1,-1,-1
76,299,0.7608873361,0.3232801328,0.003266783499999981,0.014292215299999966,-1,-1,-1,-1
77,299,0.7600497898,0.3231312129,0.0023035207999999585,0.01459005499999999,-1,-1,-1,-1
78,299,0.7582908351,0.3227589815,0.0022615132000000093,0.01436674330000004,-1,-1,-1,-1
79,299,0.7558617513,0.3225356699,0.004146184200000014,0.014366743299999984,-1,-1,-1,-1
80,299,0.7537676555,0.3222379665,0.0035180625999999826,0.01451552690000002,-1,-1,-1,-1
81,299,0.7527625385,0.3214936399,0.0027642250000000645,0.014738702299999962,-1,-1,-1,-1
82,299,0.7510872925,0.3217914796,0.0035599170000000235,0.014217687199999995,-1,-1,-1,-1
83,299,0.748909488,0.3216424235,0.0035599170000000235,0.014292351500000022,-1,-1,-1,-1
84,299,0.7477368004,0.3209724887,0.0030155041999999632,0.014143431699999987,-1,-1,-1,-1
85,299,0.7463546879,0.3205257292,0.0038950581999999123,0.014515799400000029,-1,-1,-1,-1
86,299,0.7444281627,0.3203769456,0.0033924996999999957,0.014441271399999955,-1,-1,-1,-1
87,299,0.7432973294,0.3199303224,0.0028480868999999354,0.014441271399999955,-1,-1,-1,-1
88,299,0.7413708041,0.3198559306,0.003601924699999981,0.014143431799999995,-1,-1,-1,-1
89,299,0.7393605702,0.3192603876,0.0032684698999999595,0.013881153000000035,-1,-1,-1,-1
90,299,0.7375596079,0.319111604,0.004813860200000075,0.014037157800000033,-1,-1,-1,-1
91,299,0.7363869204,0.3188882924,0.0030156574999999908,0.013771200300000008,-1,-1,-1,-1
92,299,0.7345022494,0.3182927494,0.0025968077000000367,0.014068903699999968,-1,-1,-1,-1
93,299,0.7323336436,0.3183127779,0.0035090172999999725,0.01382556359999998,-1,-1,-1,-1
94,299,0.7304311884,0.3181213485,0.0034461591000000125,0.013781827699999971,-1,-1,-1,-1
95,299,0.7282773007,0.3178022541,0.003517909300000066,0.013590398299999973,-1,-1,-1,-1
96,299,0.7277028386,0.3175470603,0.002046262400000054,0.013590398299999973,-1,-1,-1,-1
97,299,0.7259138347,0.3173568571,0.002984075099999983,0.01374163439999998,-1,-1,-1,-1
98,299,0.7241167052,0.317236277,0.0032891669999999262,0.013500610400000002,-1,-1,-1,-1
99,299,0.7236757783,0.316874673,0.002136410199999994,0.013741634300000027,-1,-1,-1,-1
100,299,0.7221837408,0.3169350312,0.0028824289000000114,0.013681276100000028,-1,-1,-1,-1
101,299,0.7215056394,0.3165734271,0.002170292199999979,0.013681276199999981,-1,-1,-1,-1
102,299,0.7196744746,0.3165132052,0.003153638699999961,0.013560696100000047,-1,-1,-1,-1
103,299,0.717843463,0.3162116869,0.0030179571999999766,0.013621190499999991,-1,-1,-1,-1
104,299,0.7166226353,0.3158500828,0.002509419499999943,0.013621190499999991,-1,-1,-1,-1
105,299,0.7151305977,0.3156692808,0.0032215562999999836,0.013560832299999992,-1,-1,-1,-1
106,299,0.7131977867,0.3156090589,0.0032554382999999687,0.013681276199999981,-1,-1,-1,-1
107,299,0.7129943409,0.3151268748,0.0022041742999999725,0.013560695999999983,-1,-1,-1,-1
108,299,0.7110954119,0.3151870967,0.0033570844999999405,0.013560832299999992,-1,-1,-1,-1
109,299,0.7104527258,0.3150779615,0.00251907820000008,0.01354965990000001,-1,-1,-1,-1
110,299,0.7096409359,0.3147773969,0.002519078199999969,0.01354965990000001,-1,-1,-1,-1
111,299,0.7079498987,0.3144167466,0.0030604248000000167,0.01376561409999999,-1,-1,-1,-1
112,299,0.7076455733,0.3142364896,0.0023501277999999903,0.013825563499999971,-1,-1,-1,-1
113,299,0.7060897577,0.3142364896,0.0028237102999999486,0.01382569979999998,-1,-1,-1,-1
114,299,0.7044326026,0.313875703,0.0029928139000000575,0.01376561409999999,-1,-1,-1,-1
115,299,0.7038237985,0.3137555317,0.0020120737000000055,0.013885785400000017,-1,-1,-1,-1
116,299,0.7022342542,0.3134549671,0.0026884885000000303,0.014006092999999997,-1,-1,-1,-1
117,299,0.7003065024,0.3134549671,0.0032634106000000163,0.01352513510000003,-1,-1,-1,-1
118,299,0.6998375194,0.3136256867,0.002080144399999928,0.014024214099999988,-1,-1,-1,-1
119,299,0.6984750309,0.3133165384,0.0026090726999999925,0.013808532399999962,-1,-1,-1,-1
120,299,0.6963878341,0.3133680404,0.0029569387999999197,0.013241874099999995,-1,-1,-1,-1
121,299,0.6955679187,0.3132797513,0.0028761430999999504,0.013270213799999986,-1,-1,-1,-1
122,299,0.6934558852,0.3130588921,0.0032488458999999636,0.013402783899999993,-1,-1,-1,-1
123,299,0.6920086149,0.3129034324,0.0026337560000000426,0.013028236199999987,-1,-1,-1,-1
124,299,0.6905178039,0.3132125807,0.002956785500000003,0.01276323239999999,-1,-1,-1,-1
125,299,0.688281434,0.3128151432,0.00342898810000003,0.013028236200000043,-1,-1,-1,-1
126,299,0.6866414498,0.3125058587,0.0029072655999999863,0.01298422779999997,-1,-1,-1,-1
127,299,0.6855481782,0.3122409912,0.002137023299999985,0.013028372499999996,-1,-1,-1,-1
128,299,0.6835354912,0.3115342693,0.003056285400000025,0.013514235200000002,-1,-1,-1,-1
129,299,0.6813737845,0.3113135464,0.003453824800000005,0.013381529000000003,-1,-1,-1,-1
130,299,0.680852062,0.3110928235,0.0021368700999999657,0.013248959100000013,-1,-1,-1,-1
131,299,0.679112578,0.3108278198,0.0021368700999999657,0.013248959099999957,-1,-1,-1,-1
132,299,0.6767271883,0.3108719644,0.003553477900000046,0.012851521600000027,-1,-1,-1,-1
133,299,0.6746648281,0.3105186715,0.0032056118000000078,0.013160669899999977,-1,-1,-1,-1
134,299,0.6740187691,0.3102536678,0.0019134936999999352,0.013028236199999987,-1,-1,-1,-1
135,299,0.6717078893,0.3101653787,0.003180775099999922,0.01276323239999999,-1,-1,-1,-1
136,299,0.6694963561,0.3101653787,0.0034542845999999683,0.012851521600000027,-1,-1,-1,-1
137,299,0.6675085058,0.309767805,0.003205765000000027,0.01289580239999999,-1,-1,-1,-1
138,299,0.6663903975,0.3095470821,0.0021373300000000484,0.012851521600000027,-1,-1,-1,-1
139,299,0.6647007401,0.3090169384,0.0020379834999999513,0.012939947100000015,-1,-1,-1,-1
140,299,0.6625146567,0.3091493722,0.003130795200000036,0.01267507950000002,-1,-1,-1,-1
141,299,0.6606263062,0.3087960793,0.00290711230000007,0.012895938699999998,-1,-1,-1,-1
142,299,0.6590856686,0.3085312119,0.002782929099999998,0.012851657800000027,-1,-1,-1,-1
143,299,0.6576942041,0.3084870673,0.001987696900000002,0.012851657800000027,-1,-1,-1,-1
144,299,0.6558057003,0.3083103527,0.0027334091000000837,0.012365931299999966,-1,-1,-1,-1
145,299,0.6545384189,0.3082220636,0.002311033100000026,0.012586654100000039,-1,-1,-1,-1
146,299,0.6530476078,0.3079570599,0.0019134936999999352,0.012674943300000019,-1,-1,-1,-1
147,299,0.6517058166,0.3076479116,0.0025347159999999924,0.012719224100000037,-1,-1,-1,-1
148,299,0.6496186197,0.3078244899,0.003255284999999941,0.012410075799999976,-1,-1,-1,-1
149,299,0.6490470706,0.3075153416,0.0021868499999999624,0.012410075899999984,-1,-1,-1,-1
150,299,0.6480502325,0.3064566893,0.0019424697999999019,0.01243051310000004,-1,-1,-1,-1
151,299,0.6464254263,0.3066512524,0.0022089269999999717,0.012232680100000004,-1,-1,-1,-1
152,299,0.6449284828,0.3064241258,0.001880378199999977,0.012232680100000004,-1,-1,-1,-1
153,299,0.6431029905,0.3061969993,0.001971599099999999,0.012232679999999996,-1,-1,-1,-1
154,299,0.6414416959,0.3061321449,0.001971599099999999,0.012232679999999996,-1,-1,-1,-1
155,299,0.6399447523,0.3059374455,0.001971599200000007,0.012232680100000004,-1,-1,-1,-1
156,299,0.6387216249,0.3059698727,0.001971599200000007,0.012232680100000004,-1,-1,-1,-1
157,299,0.6377907112,0.3066513886,0.0017707598000000768,0.012459670399999956,-1,-1,-1,-1
158,299,0.6365310955,0.3064566893,0.0026104524000000184,0.012589515400000029,-1,-1,-1,-1
159,299,0.6354358307,0.3065215436,0.0021905294999999825,0.01255708820000001,-1,-1,-1,-1
160,299,0.6347422448,0.3066838158,0.0021538878000000317,0.012362388900000021,-1,-1,-1,-1
161,299,0.6331175919,0.306586398,0.003103199000000001,0.012524660999999992,-1,-1,-1,-1
162,299,0.6324238527,0.3063592715,0.0020991552000000357,0.012654369700000001,-1,-1,-1,-1
163,299,0.630817444,0.3064242621,0.003358771000000038,0.012394815999999975,-1,-1,-1,-1
164,299,0.6297404235,0.3064566893,0.0023363296999999728,0.012329825300000041,-1,-1,-1,-1
165,299,0.6286634029,0.3061322811,0.0025736575000000483,0.012427106999999993,-1,-1,-1,-1
166,299,0.6266553154,0.3061647083,0.003340373500000049,0.012297398200000031,-1,-1,-1,-1
167,299,0.6255235623,0.3059051546,0.002244955400000026,0.012524524699999984,-1,-1,-1,-1
168,299,0.6245742511,0.3057430186,0.0019895367000000164,0.012394543499999966,-1,-1,-1,-1
169,299,0.6224927269,0.3058403002,0.0033043449999999863,0.01207013539999996,-1,-1,-1,-1
170,299,0.6219633387,0.3057105914,0.001898775699999966,0.012232407599999995,-1,-1,-1,-1
171,299,0.6205395252,0.3055484555,0.002701826699999965,0.01232955290000004,-1,-1,-1,-1
172,299,0.6188052538,0.305515892,0.002866024500000064,0.012199980399999977,-1,-1,-1,-1
173,299,0.6184400634,0.3055483192,0.0019168666000000112,0.012134989800000051,-1,-1,-1,-1
174,299,0.6169797615,0.3054510377,0.002537475699999958,0.012232271300000042,-1,-1,-1,-1
175,299,0.6164137317,0.3051590567,0.001770912999999985,0.012199844200000032,-1,-1,-1,-1
176,299,0.6144787742,0.3051590567,0.003249459100000074,0.012102562600000033,-1,-1,-1,-1
177,299,0.6133652653,0.3051590567,0.002409612999999977,0.012167417000000014,-1,-1,-1,-1
178,299,0.612762747,0.3049317939,0.002628850000000016,0.012329689099999985,-1,-1,-1,-1
179,299,0.6119230543,0.3050615027,0.0020263316999999947,0.012329825299999986,-1,-1,-1,-1
180,299,0.6114301545,0.3050615027,0.0020263316999999947,0.012297398200000031,-1,-1,-1,-1
