1,291,0.7669552928,0.3320504611,0.002475537500000069,0.01520044899999995,-1,-1,-1,-1
2,291,0.7701415872,0.333129142,0.0023415422999999436,0.01532198290000003,-1,-1,-1,-1
3,291,0.7718485689,0.3334835248,0.003821008299999984,0.015372122400000021,-1,-1,-1,-1
4,291,0.7748452157,0.3344947626,0.0037072503000000756,0.01537225870000003,-1,-1,-1,-1
5,291,0.7773107878,0.3351690574,0.004124567100000087,0.015372122399999966,-1,-1,-1,-1
6,291,0.7805351037,0.3359781021,0.004390104299999975,0.0156417586,-1,-1,-1,-1
7,291,0.7832283449,0.3365175107,0.004693509899999948,0.015709201699999953,-1,-1,-1,-1
8,291,0.7866803299,0.3375288847,0.004238171599999951,0.0156417586,-1,-1,-1,-1
9,291,0.7893357029,0.3382030433,0.0048449827,0.01577664470000001,-1,-1,-1,-1
10,291,0.79267393,0.3388098949,0.004162128599999981,0.016181030900000004,-1,-1,-1,-1
11,291,0.7954050394,0.3394166104,0.005110520000000007,0.016316053300000022,-1,-1,-1,-1
12,291,0.7990845402,0.3400907689,0.004200150100000077,0.016653268900000018,-1,-1,-1,-1
13,291,0.8022709879,0.3412370291,0.004768939600000022,0.01638336020000003,-1,-1,-1,-1
14,291,0.8062160259,0.3420460739,0.004048217400000054,0.016653132599999954,-1,-1,-1,-1
15,291,0.8095921212,0.343124891,0.004275733199999965,0.0165855533,-1,-1,-1,-1
16,291,0.8131957323,0.3440686857,0.00412395380000008,0.016788018800000026,-1,-1,-1,-1
17,291,0.8164200481,0.3450126166,0.0038584164999999615,0.016653132700000017,-1,-1,-1,-1
18,291,0.8205547338,0.3459565476,0.0038584164999999615,0.01665313260000001,-1,-1,-1,-1
19,291,0.8240065655,0.3469677854,0.0033274951000000774,0.0165858257,-1,-1,-1,-1
20,291,0.8276101765,0.3477768301,0.0032894736999999896,0.016990348099999997,-1,-1,-1,-1
21,291,0.8313275455,0.3489905334,0.002986068200000025,0.01685532569999998,-1,-1,-1,-1
22,291,0.8344002352,0.3499343281,0.004048064100000026,0.01685532569999998,-1,-1,-1,-1
23,291,0.8381934939,0.3509457022,0.003099826100000036,0.017124961800000005,-1,-1,-1,-1
24,291,0.8410385146,0.3521592693,0.004161822000000037,0.017057655000000005,-1,-1,-1,-1
25,291,0.8450973105,0.3533728364,0.003555010999999997,0.017327427399999984,-1,-1,-1,-1
26,291,0.8479801994,0.3545189604,0.004541270499999972,0.017394870499999993,-1,-1,-1,-1
27,291,0.8521906214,0.3553954482,0.003934459499999932,0.01779939289999999,-1,-1,-1,-1
28,291,0.8552631579,0.3565415722,0.004996455400000044,0.017934279100000006,-1,-1,-1,-1
29,291,0.8596253594,0.3576878324,0.004655181700000011,0.018136335899999967,-1,-1,-1,-1
30,291,0.863077191,0.3589688426,0.005034630299999954,0.018271222099999984,-1,-1,-1,-1
31,291,0.8671738552,0.360317296,0.005110519899999999,0.01847355140000001,-1,-1,-1,-1
32,291,0.8705119289,0.3616657493,0.005110520000000007,0.01847355140000001,-1,-1,-1,-1
33,291,0.8741535615,0.3619353854,0.004503555600000042,0.01827135840000005,-1,-1,-1,-1
34,291,0.8765995096,0.3632728026,0.005757192200000039,0.018080065199999995,-1,-1,-1,-1
35,291,0.8810515523,0.3640529626,0.004702861900000022,0.01808006520000005,-1,-1,-1,-1
36,291,0.8846884321,0.3651676131,0.004953681299999957,0.01796847749999997,-1,-1,-1,-1
37,291,0.8892211171,0.3663163258,0.004017095000000026,0.018385262299999983,-1,-1,-1,-1
38,291,0.8936553755,0.3679175205,0.0036995847000000914,0.018079928900000042,-1,-1,-1,-1
39,291,0.8981701229,0.3698485732,0.0030009395000000216,0.017128640600000022,-1,-1,-1,-1
40,291,0.9031687247,0.3682723121,0.0030009395000000216,0.017128640600000022,-1,-1,-1,-1
41,291,0.9052827512,0.3716446035,0.00346670299999996,0.0184851325,-1,-1,-1,-1
42,291,0.9073789935,0.3726476663,0.005562791900000086,0.020204727300000003,-1,-1,-1,-1
43,291,0.9119743833,0.3759435222,0.004030893099999933,0.0184851325,-1,-1,-1,-1
44,291,0.9154987318,0.3776272835,0.005044288900000082,0.01882793429999996,-1,-1,-1,-1
45,291,0.9203705441,0.3783642527,0.003800311100000009,0.01845951779999999,-1,-1,-1,-1
46,291,0.9242058104,0.3798381911,0.003800311099999898,0.018459517699999983,-1,-1,-1,-1
47,291,0.9282521881,0.3792628128,0.0038003110000000007,0.020887469499999978,-1,-1,-1,-1
48,291,0.9331079026,0.3804135693,0.0038003110000000007,0.020887469500000033,-1,-1,-1,-1
49,291,0.9365442496,0.3822363043,0.004400529599999925,0.020887469499999978,-1,-1,-1,-1
50,291,0.939995928,0.3859740146,0.004400529600000036,0.020887469499999978,-1,-1,-1,-1
51,291,0.9434063653,0.3893112901,0.0044006828999999525,0.018762534900000016,-1,-1,-1,-1
52,291,0.9474990433,0.3893112901,0.0044006828999999525,0.018762534900000016,-1,-1,-1,-1
53,291,0.9522934328,0.3899308129,0.0034553578999999557,0.01731162260000002,-1,-1,-1,-1
54,291,0.9570350828,0.3911778972,0.004209655499999965,0.018289479399999975,-1,-1,-1,-1
55,291,0.9615739003,0.3928469437,0.004209655499999965,0.018289479399999975,-1,-1,-1,-1
56,291,0.9650146935,0.3934641503,0.004209655499999965,0.01828947940000003,-1,-1,-1,-1
57,291,0.9671435913,0.3944283822,0.004209655499999965,0.01828947940000003,-1,-1,-1,-1
58,291,0.9669309469,0.3976216428,0.004209655499999965,0.018289479399999975,-1,-1,-1,-1
59,291,0.9687101387,0.4063258905,0.004209655499999965,0.018289479399999975,-1,-1,-1,-1
60,291,0.9722932826,0.4068817852,0.004209655499999965,0.018289479399999975,-1,-1,-1,-1
61,291,0.9758764264,0.4074376798,0.004209655499999965,0.018289479499999983,-1,-1,-1,-1
62,291,0.9783896788,0.4100652359,0.004209655499999965,0.01828947940000003,-1,-1,-1,-1
63,291,0.9820909499,0.4115239144,0.004659474500000038,0.019147301199999966,-1,-1,-1,-1
64,291,0.9845652609,0.4099795354,0.004453115800000074,0.024131414600000012,-1,-1,-1,-1
65,291,0.9854342363,0.41133085,0.004453115799999963,0.024131414599999956,-1,-1,-1,-1
66,291,0.9861103446,0.4122815934,0.004887756799999976,0.023938350200000014,-1,-1,-1,-1
67,291,0.9871718805,0.4158913662,0.004887756799999976,0.022908855100000014,-1,-1,-1,-1
68,291,0.9871718805,0.4167362443,0.004887756799999976,0.023938350200000014,-1,-1,-1,-1
69,291,0.9871718805,0.4175085019,0.004887756799999976,0.023938350200000014,-1,-1,-1,-1
70,291,0.9871718805,0.4184736877,0.004887756799999976,0.023938350100000005,-1,-1,-1,-1
71,291,0.9872804258,0.4211763167,0.004887756799999976,0.023938350200000014,-1,-1,-1,-1
72,291,0.9865201489,0.4211763167,0.004887756900000095,0.023938350200000014,-1,-1,-1,-1
73,291,0.9863029051,0.4234929532,0.004453422400000018,0.02374555829999997,-1,-1,-1,-1
74,291,0.9857597188,0.4261957185,0.004453422400000018,0.023745558300000025,-1,-1,-1,-1
75,291,0.9854339297,0.4280338497,0.004453422400000018,0.02374555829999997,-1,-1,-1,-1
