1,2,0.7581893422,0.7999085771,0.011412278300000023,0.047550929800000086,-1,-1,-1,-1
2,2,0.7581893422,0.7999085771,0.011412278300000023,0.047550929800000086,-1,-1,-1,-1
3,2,0.7581893422,0.7999085771,0.011412278300000023,0.047550929800000086,-1,-1,-1,-1
4,2,0.7581893422,0.7999085771,0.011412278300000023,0.047550929800000086,-1,-1,-1,-1
5,2,0.7581893422,0.7999085771,0.011412278300000023,0.047550929800000086,-1,-1,-1,-1
6,2,0.7581893422,0.7999085771,0.011412278300000023,0.047550929800000086,-1,-1,-1,-1
7,2,0.7581893422,0.7997519819,0.011412278300000023,0.047550929800000086,-1,-1,-1,-1
8,2,0.7581893422,0.7995953868,0.011412278300000023,0.047550929799999975,-1,-1,-1,-1
9,2,0.7581893422,0.7994387916,0.011412278300000023,0.047550929799999975,-1,-1,-1,-1
10,2,0.7581893422,0.7992821964,0.011412278300000023,0.047550929799999975,-1,-1,-1,-1
11,2,0.7581893422,0.7991256013,0.011412278300000023,0.047550929799999975,-1,-1,-1,-1
12,2,0.7581893422,0.7989690061,0.011412278300000023,0.047550929799999975,-1,-1,-1,-1
13,2,0.7581893422,0.7991256013,0.011412278300000023,0.047550929799999975,-1,-1,-1,-1
14,2,0.7581893422,0.7992821964,0.011412278300000023,0.047550929799999975,-1,-1,-1,-1
15,2,0.7581893422,0.7994387916,0.011412278300000023,0.047550929799999975,-1,-1,-1,-1
16,2,0.7581893422,0.7995953868,0.011412278300000023,0.047550929799999975,-1,-1,-1,-1
17,2,0.7581893422,0.7997519819,0.011412278300000023,0.047550929800000086,-1,-1,-1,-1
18,2,0.7581893422,0.7999085771,0.011412278300000023,0.047550929800000086,-1,-1,-1,-1
19,2,0.7581893422,0.7999085771,0.011412278300000023,0.047550929800000086,-1,-1,-1,-1
20,2,0.7581893422,0.7999085771,0.011412278300000023,0.047550929800000086,-1,-1,-1,-1
21,2,0.7581893422,0.7999085771,0.011412278300000023,0.047550929800000086,-1,-1,-1,-1
22,2,0.7581893422,0.7999085771,0.011412278300000023,0.047550929800000086,-1,-1,-1,-1
23,2,0.7581893422,0.7999085771,0.011412278300000023,0.047550929800000086,-1,-1,-1,-1
24,2,0.7581893422,0.7999085771,0.011412278300000023,0.047550929800000086,-1,-1,-1,-1
25,2,0.7581893422,0.7999085771,0.011412278300000023,0.047550929800000086,-1,-1,-1,-1
26,2,0.7581893422,0.7999085771,0.011412278300000023,0.047550929800000086,-1,-1,-1,-1
27,2,0.7581893422,0.7999085771,0.011412278300000023,0.047550929800000086,-1,-1,-1,-1
28,2,0.7581893422,0.7999085771,0.011412278300000023,0.047550929800000086,-1,-1,-1,-1
29,2,0.7581893422,0.7999085771,0.011412278300000023,0.047550929800000086,-1,-1,-1,-1
30,2,0.7581893422,0.7999085771,0.011412278300000023,0.047550929800000086,-1,-1,-1,-1
31,2,0.7581893422,0.7999085771,0.011412278300000023,0.047550929800000086,-1,-1,-1,-1
32,2,0.7581893422,0.7999085771,0.011412278300000023,0.047550929800000086,-1,-1,-1,-1
33,2,0.7581893422,0.7999085771,0.011412278300000023,0.047550929800000086,-1,-1,-1,-1
34,2,0.7581893422,0.7999085771,0.011412278300000023,0.047550929800000086,-1,-1,-1,-1
35,2,0.7581893422,0.7999085771,0.011412278300000023,0.047550929800000086,-1,-1,-1,-1
36,2,0.7581893422,0.7999085771,0.011412278300000023,0.047550929800000086,-1,-1,-1,-1
37,2,0.7582048268,0.7998121812,0.011668041900000037,0.047754246800000066,-1,-1,-1,-1
38,2,0.7582203114,0.7997157852,0.01192380549999994,0.047957564000000064,-1,-1,-1,-1
39,2,0.7582357959,0.7996193892,0.012179569099999954,0.04816088120000006,-1,-1,-1,-1
40,2,0.7582512805,0.7995229933,0.012435332699999968,0.04836419820000004,-1,-1,-1,-1
41,2,0.7582512805,0.7995229933,0.012435332699999968,0.04836419820000004,-1,-1,-1,-1
42,2,0.7582512805,0.7995229933,0.012435332699999968,0.04836419820000004,-1,-1,-1,-1
43,2,0.7582512805,0.7995229933,0.012435332699999968,0.04836419820000004,-1,-1,-1,-1
44,2,0.7582512805,0.7995229933,0.012435332699999968,0.04836419820000004,-1,-1,-1,-1
45,2,0.7582512805,0.7995229933,0.012435332699999968,0.04836419820000004,-1,-1,-1,-1
46,2,0.7582512805,0.7995229933,0.012435332699999968,0.04836419820000004,-1,-1,-1,-1
47,2,0.7582512805,0.7995229933,0.012435332699999968,0.04836419820000004,-1,-1,-1,-1
48,2,0.7582512805,0.7995229933,0.012435332699999968,0.04836419820000004,-1,-1,-1,-1
49,2,0.7582512805,0.7995229933,0.012435332699999968,0.04836419820000004,-1,-1,-1,-1
50,2,0.7582512805,0.7995229933,0.012435332699999968,0.04836419820000004,-1,-1,-1,-1
51,2,0.7582512805,0.7995229933,0.012435332699999968,0.04836419820000004,-1,-1,-1,-1
52,2,0.7582512805,0.7995229933,0.012435332699999968,0.04836419820000004,-1,-1,-1,-1
53,2,0.7582512805,0.7995229933,0.012435332699999968,0.04836419820000004,-1,-1,-1,-1
54,2,0.7582512805,0.7995229933,0.012435332699999968,0.04836419820000004,-1,-1,-1,-1
55,2,0.7582512805,0.7995229933,0.012435332699999968,0.04836419820000004,-1,-1,-1,-1
56,2,0.7582512805,0.7995229933,0.012435332699999968,0.04836419820000004,-1,-1,-1,-1
57,2,0.7582512805,0.7995229933,0.012435332699999968,0.04836419820000004,-1,-1,-1,-1
58,2,0.7582512805,0.7995229933,0.012435332699999968,0.04836419820000004,-1,-1,-1,-1
59,2,0.7582512805,0.7995229933,0.012435332699999968,0.04836419820000004,-1,-1,-1,-1
60,2,0.7582512805,0.7995229933,0.012435332699999968,0.04836419820000004,-1,-1,-1,-1
61,2,0.7582512805,0.7995229933,0.012435332699999968,0.04836419820000004,-1,-1,-1,-1
62,2,0.7582512805,0.7995229933,0.012435332699999968,0.04836419820000004,-1,-1,-1,-1
63,2,0.7591763683,0.7997578861,0.013156054999999944,0.05134218580000005,-1,-1,-1,-1
64,2,0.7591763683,0.7997578861,0.013156054999999944,0.05134218580000005,-1,-1,-1,-1
65,2,0.7591763683,0.7997578861,0.013156054999999944,0.05134218580000005,-1,-1,-1,-1
66,2,0.7591763683,0.7997578861,0.013156054999999944,0.05134218580000005,-1,-1,-1,-1
67,2,0.7591763683,0.8002276716,0.013156054999999944,0.05134218580000005,-1,-1,-1,-1
68,2,0.7591763683,0.8002276716,0.013156054999999944,0.05134218580000005,-1,-1,-1,-1
69,2,0.7591763683,0.8002276716,0.013156054999999944,0.05134218580000005,-1,-1,-1,-1
70,2,0.7591763683,0.8002276716,0.013156054999999944,0.05134218580000005,-1,-1,-1,-1
71,2,0.7591763683,0.8002276716,0.013156054999999944,0.05134218580000005,-1,-1,-1,-1
72,2,0.7591763683,0.8002276716,0.013156054999999944,0.05134218580000005,-1,-1,-1,-1
73,2,0.7591763683,0.8002276716,0.013156054999999944,0.05134218580000005,-1,-1,-1,-1
74,2,0.7591763683,0.8002276716,0.013156054999999944,0.05134218580000005,-1,-1,-1,-1
75,2,0.7591763683,0.8002276716,0.013156054999999944,0.05134218580000005,-1,-1,-1,-1
76,2,0.7591763683,0.8002276716,0.013156054999999944,0.05134218580000005,-1,-1,-1,-1
77,2,0.7591763683,0.8002276716,0.013156054999999944,0.05134218580000005,-1,-1,-1,-1
78,2,0.7591763683,0.8002276716,0.013156054999999944,0.05134218580000005,-1,-1,-1,-1
79,2,0.7591763683,0.8002276716,0.013156054999999944,0.05134218580000005,-1,-1,-1,-1
80,2,0.7591763683,0.8002276716,0.013156054999999944,0.05134218580000005,-1,-1,-1,-1
81,2,0.7591763683,0.8002276716,0.013156054999999944,0.05134218580000005,-1,-1,-1,-1
82,2,0.7591763683,0.8002276716,0.013156054999999944,0.05134218580000005,-1,-1,-1,-1
83,2,0.7592284946,0.7998569389,0.013156055000000055,0.05134218580000005,-1,-1,-1,-1
84,2,0.7592806208,0.7994862062,0.013156054999999944,0.05134218580000005,-1,-1,-1,-1
85,2,0.7592806208,0.7995789234,0.013156054999999944,0.05134218579999994,-1,-1,-1,-1
86,2,0.7592806208,0.7996716407,0.013156054999999944,0.05134218580000005,-1,-1,-1,-1
87,2,0.7592806208,0.7997027443,0.013156054999999944,0.05134218580000005,-1,-1,-1,-1
88,2,0.7592806208,0.799733848,0.013156054999999944,0.05134218579999994,-1,-1,-1,-1
89,2,0.7592806208,0.7997649516,0.013156054999999944,0.05134218579999994,-1,-1,-1,-1
90,2,0.7592806208,0.7997960552,0.013156054999999944,0.05134218580000005,-1,-1,-1,-1
91,2,0.7592806208,0.7998271588,0.013156054999999944,0.05134218580000005,-1,-1,-1,-1
92,2,0.7592806208,0.7998582625,0.013156054999999944,0.05134218579999994,-1,-1,-1,-1
93,2,0.7592806208,0.7998893661,0.013156054999999944,0.05134218579999994,-1,-1,-1,-1
94,2,0.7592806208,0.7998893661,0.013156054999999944,0.05134218579999994,-1,-1,-1,-1
95,2,0.7592806208,0.7998893661,0.013156054999999944,0.05134218579999994,-1,-1,-1,-1
96,2,0.7592806208,0.7998893661,0.013156054999999944,0.05134218579999994,-1,-1,-1,-1
97,2,0.7592806208,0.7998893661,0.013156054999999944,0.05134218579999994,-1,-1,-1,-1
98,2,0.7592806208,0.7998893661,0.013156054999999944,0.05134218579999994,-1,-1,-1,-1
99,2,0.7592806208,0.7998893661,0.013156054999999944,0.05134218579999994,-1,-1,-1,-1
100,2,0.7592806208,0.7998893661,0.013156054999999944,0.05134218579999994,-1,-1,-1,-1
101,2,0.7592806208,0.7998893661,0.013156054999999944,0.05134218579999994,-1,-1,-1,-1
102,2,0.7592806208,0.7998893661,0.013156054999999944,0.05134218579999994,-1,-1,-1,-1
103,2,0.7592806208,0.7998893661,0.013156054999999944,0.05134218579999994,-1,-1,-1,-1
104,2,0.7588608511,0.7997027054,0.013156054999999944,0.05134218580000005,-1,-1,-1,-1
105,2,0.7588608511,0.7997027054,0.013156054999999944,0.05134218580000005,-1,-1,-1,-1
106,2,0.7588608511,0.7997027054,0.013156054999999944,0.05134218580000005,-1,-1,-1,-1
107,2,0.7588608511,0.7997027054,0.013156054999999944,0.05134218580000005,-1,-1,-1,-1
108,2,0.7588608511,0.7997027054,0.013156054999999944,0.05134218580000005,-1,-1,-1,-1
109,2,0.7588608511,0.7997027054,0.013156054999999944,0.05134218580000005,-1,-1,-1,-1
110,2,0.7588608511,0.7997027054,0.013156054999999944,0.05134218580000005,-1,-1,-1,-1
111,2,0.7578111202,0.7997027054,0.013156055000000055,0.05134218580000005,-1,-1,-1,-1
112,2,0.7578111202,0.7997027054,0.013156055000000055,0.05134218580000005,-1,-1,-1,-1
113,2,0.7578111202,0.7997027054,0.013156055000000055,0.05134218580000005,-1,-1,-1,-1
114,2,0.7578111202,0.7997027054,0.013156055000000055,0.05134218580000005,-1,-1,-1,-1
115,2,0.7578111202,0.7997027054,0.013156055000000055,0.05134218580000005,-1,-1,-1,-1
116,2,0.7578111202,0.7997027054,0.013156055000000055,0.05134218580000005,-1,-1,-1,-1
117,2,0.7578111202,0.7997027054,0.013156055000000055,0.05134218580000005,-1,-1,-1,-1
118,2,0.7578111202,0.7997027054,0.013156055000000055,0.05134218580000005,-1,-1,-1,-1
119,2,0.7578111202,0.7997027054,0.013156055000000055,0.05134218580000005,-1,-1,-1,-1
120,2,0.7578111202,0.7997027054,0.013156055000000055,0.05134218580000005,-1,-1,-1,-1
121,2,0.7578111202,0.7997027054,0.013156055000000055,0.05134218580000005,-1,-1,-1,-1
122,2,0.7578111202,0.7997027054,0.013156055000000055,0.05134218580000005,-1,-1,-1,-1
123,2,0.7578111202,0.7997027054,0.013156055000000055,0.05134218580000005,-1,-1,-1,-1
124,2,0.7578111202,0.7997027054,0.013156055000000055,0.05134218580000005,-1,-1,-1,-1
125,2,0.7578111202,0.7997027054,0.013156055000000055,0.05134218580000005,-1,-1,-1,-1
126,2,0.7578111202,0.7997027054,0.013156055000000055,0.05134218580000005,-1,-1,-1,-1
127,2,0.7578111202,0.7997027054,0.013156055000000055,0.05134218580000005,-1,-1,-1,-1
128,2,0.7578111202,0.7997027054,0.013156055000000055,0.05134218580000005,-1,-1,-1,-1
129,2,0.7578111202,0.7997027054,0.013156055000000055,0.05134218580000005,-1,-1,-1,-1
130,2,0.7578111202,0.7997027054,0.013156055000000055,0.05134218580000005,-1,-1,-1,-1
131,2,0.7578111202,0.7997027054,0.013156055000000055,0.05134218580000005,-1,-1,-1,-1
132,2,0.7578111202,0.7997027054,0.013156055000000055,0.05134218580000005,-1,-1,-1,-1
133,2,0.7578111202,0.7997027054,0.013156055000000055,0.05134218580000005,-1,-1,-1,-1
134,2,0.7578111202,0.7997027054,0.013156055000000055,0.05134218580000005,-1,-1,-1,-1
135,2,0.7578111202,0.7997027054,0.013156055000000055,0.05134218580000005,-1,-1,-1,-1
136,2,0.7578111202,0.7997027054,0.013156055000000055,0.05134218580000005,-1,-1,-1,-1
137,2,0.7578111202,0.7997027054,0.013156055000000055,0.05134218580000005,-1,-1,-1,-1
138,2,0.7578111202,0.7997027054,0.013156055000000055,0.05134218580000005,-1,-1,-1,-1
139,2,0.7578111202,0.7997027054,0.013156055000000055,0.05134218580000005,-1,-1,-1,-1
140,2,0.7578111202,0.7997027054,0.013156055000000055,0.05134218580000005,-1,-1,-1,-1
141,2,0.7578111202,0.7997027054,0.013156055000000055,0.05134218580000005,-1,-1,-1,-1
142,2,0.7578111202,0.7997027054,0.013156055000000055,0.05134218580000005,-1,-1,-1,-1
143,2,0.7578111202,0.7997027054,0.013156055000000055,0.05134218580000005,-1,-1,-1,-1
144,2,0.7578111202,0.7997027054,0.013156055000000055,0.05134218580000005,-1,-1,-1,-1
145,2,0.7580597931,0.7999974113,0.013156054999999944,0.05134218579999994,-1,-1,-1,-1
146,2,0.7579976249,0.7999237348,0.013156055000000055,0.05134218579999994,-1,-1,-1,-1
147,2,0.7579354567,0.7998500584,0.013156054900000047,0.05134218579999994,-1,-1,-1,-1
148,2,0.7578732884,0.7997763819,0.013156054999999944,0.05134218580000005,-1,-1,-1,-1
149,2,0.7578111202,0.7997027054,0.013156055000000055,0.05134218580000005,-1,-1,-1,-1
150,2,0.7579405926,0.7999328294,0.013156054999999944,0.05134218580000005,-1,-1,-1,-1
151,2,0.7580700651,0.8001629534,0.013156054900000047,0.05134218590000006,-1,-1,-1,-1
152,2,0.7580700651,0.8001629534,0.013156054900000047,0.05134218590000006,-1,-1,-1,-1
153,2,0.7580700651,0.8001629534,0.013156054900000047,0.05134218590000006,-1,-1,-1,-1
154,2,0.7580700651,0.8001629534,0.013156054900000047,0.05134218590000006,-1,-1,-1,-1
155,2,0.7580700651,0.8001629534,0.013156054900000047,0.05134218590000006,-1,-1,-1,-1
156,2,0.7580700651,0.8001629534,0.013156054900000047,0.05134218590000006,-1,-1,-1,-1
157,2,0.7585879548,0.7998561214,0.013156055000000055,0.05134218580000005,-1,-1,-1,-1
158,2,0.7585879548,0.7998561214,0.013156055000000055,0.05134218580000005,-1,-1,-1,-1
159,2,0.7585879548,0.7998561214,0.013156055000000055,0.05134218580000005,-1,-1,-1,-1
160,2,0.7585879548,0.7998561214,0.013156055000000055,0.05134218580000005,-1,-1,-1,-1
161,2,0.7585879548,0.7998561214,0.013156055000000055,0.05134218580000005,-1,-1,-1,-1
162,2,0.7585879548,0.7998561214,0.013156055000000055,0.05134218580000005,-1,-1,-1,-1
163,2,0.7585879548,0.7998561214,0.013156055000000055,0.05134218580000005,-1,-1,-1,-1
164,2,0.7585879548,0.7998561214,0.013156055000000055,0.05134218580000005,-1,-1,-1,-1
165,2,0.7585879548,0.7998561214,0.013156055000000055,0.05134218580000005,-1,-1,-1,-1
166,2,0.7585879548,0.7998561214,0.013156055000000055,0.05134218580000005,-1,-1,-1,-1
167,2,0.7582673017,0.7999273794,0.013156054999999944,0.05134218589999995,-1,-1,-1,-1
168,2,0.7579466485,0.7999986375,0.013156054999999944,0.05134218589999995,-1,-1,-1,-1
169,2,0.7579466485,0.7999986375,0.013156054999999944,0.05134218589999995,-1,-1,-1,-1
170,2,0.7579466485,0.7999986375,0.013156054999999944,0.05134218589999995,-1,-1,-1,-1
171,2,0.7579466485,0.7999986375,0.013156054999999944,0.05134218589999995,-1,-1,-1,-1
172,2,0.7579466485,0.7999986375,0.013156054999999944,0.05134218589999995,-1,-1,-1,-1
173,2,0.7579466485,0.7999986375,0.013156054999999944,0.05134218589999995,-1,-1,-1,-1
174,2,0.7579466485,0.7999986375,0.013156054999999944,0.05134218589999995,-1,-1,-1,-1
175,2,0.7579466485,0.7999986375,0.013156054999999944,0.05134218589999995,-1,-1,-1,-1
176,2,0.7579466485,0.7999986375,0.013156054999999944,0.05134218589999995,-1,-1,-1,-1
177,2,0.7579466485,0.7999986375,0.013156054999999944,0.05134218589999995,-1,-1,-1,-1
178,2,0.7579466485,0.7999986375,0.013156054999999944,0.05134218589999995,-1,-1,-1,-1
179,2,0.7579466485,0.7999986375,0.013156054999999944,0.05134218589999995,-1,-1,-1,-1
180,2,0.7579466485,0.7999986375,0.013156054999999944,0.05134218589999995,-1,-1,-1,-1
