36,199,0.596449987,0.2691554761,0.0020194327000000456,0.009669569699999991,-1,-1,-1,-1
37,199,0.5967908008,0.2696214466,0.0020194326999999346,0.009669569699999991,-1,-1,-1,-1
38,199,0.5967908008,0.2704135965,0.0020194326999999346,0.009669569699999991,-1,-1,-1,-1
39,199,0.5973151296,0.2705999847,0.0020194327000000456,0.009669569699999991,-1,-1,-1,-1
40,199,0.5977868723,0.2709261641,0.0020194326999999346,0.009669569700000047,-1,-1,-1,-1
41,199,0.5988617464,0.2711125523,0.0020194327000000456,0.009669569700000047,-1,-1,-1,-1
42,199,0.5994122917,0.2713455376,0.0020194327000000456,0.009669569699999991,-1,-1,-1,-1
43,199,0.6003821468,0.2716251199,0.0020194326999999346,0.009669569699999991,-1,-1,-1,-1
44,199,0.6009326921,0.2719977601,0.0020194327000000456,0.009669569699999991,-1,-1,-1,-1
45,199,0.6012472894,0.2715317895,0.0021801041999999216,0.009978581799999997,-1,-1,-1,-1
46,199,0.6016405361,0.2720443571,0.0021801042000000326,0.009978581699999989,-1,-1,-1,-1
47,199,0.6019813498,0.2724169973,0.0021801042000000326,0.009978581699999989,-1,-1,-1,-1
48,199,0.6020075663,0.2746535196,0.0021801042000000326,0.009978581699999989,-1,-1,-1,-1
49,199,0.6024270294,0.2740478941,0.0021801041999999216,0.010723998299999982,-1,-1,-1,-1
50,199,0.6024532458,0.2747467137,0.0021801041999999216,0.010723998300000037,-1,-1,-1,-1
51,199,0.6028989253,0.2748865048,0.0021801042000000326,0.011329760000000022,-1,-1,-1,-1
52,199,0.6035017502,0.2753058783,0.0021801042000000326,0.011329760000000022,-1,-1,-1,-1
53,199,0.6042095942,0.2756320577,0.0021801042000000326,0.011329760000000022,-1,-1,-1,-1
54,199,0.6045241915,0.2760980282,0.0021801041999999216,0.011329759999999967,-1,-1,-1,-1
55,199,0.605048367,0.2767037899,0.002337402900000063,0.011329760000000022,-1,-1,-1,-1
56,199,0.6052056657,0.2772628183,0.002337402899999952,0.011329760000000022,-1,-1,-1,-1
57,199,0.605992159,0.2776820555,0.0023374027999999436,0.011329759999999967,-1,-1,-1,-1
58,199,0.6063854056,0.2786138603,0.002337402900000063,0.011329759999999967,-1,-1,-1,-1
59,199,0.6071981154,0.2784740691,0.0023374027999999436,0.01165607569999999,-1,-1,-1,-1
60,199,0.6075127127,0.279219622,0.0023374028000000546,0.011656075599999982,-1,-1,-1,-1
61,199,0.6082729895,0.2796855925,0.002337402900000063,0.011656075599999982,-1,-1,-1,-1
62,199,0.6084040717,0.2801514268,0.002337402899999952,0.011656075599999982,-1,-1,-1,-1
63,199,0.6092429979,0.2806639944,0.002337402899999952,0.011656075599999982,-1,-1,-1,-1
64,199,0.6093478637,0.2809901737,0.0023374027999999436,0.011656075599999982,-1,-1,-1,-1
65,199,0.609662461,0.2816891295,0.002415745600000019,0.011656075599999982,-1,-1,-1,-1
66,199,0.6097411103,0.2822948912,0.002415745600000019,0.011656075599999982,-1,-1,-1,-1
67,199,0.6102130063,0.2828540558,0.002415745600000019,0.01165607569999999,-1,-1,-1,-1
68,199,0.6105013872,0.2831336382,0.0024157455000000105,0.011981982400000035,-1,-1,-1,-1
69,199,0.6112352943,0.2837858606,0.0022846632999999894,0.011982118799999997,-1,-1,-1,-1
70,199,0.611576108,0.2844848164,0.0024419620000000197,0.011609342299999992,-1,-1,-1,-1
71,199,0.6121266533,0.2849041899,0.002389375799999982,0.011981982499999988,-1,-1,-1,-1
72,199,0.6124936835,0.2856497428,0.0025991074000000225,0.012028579500000025,-1,-1,-1,-1
73,199,0.6129129933,0.2860691162,0.0025206112999999197,0.01235462270000004,-1,-1,-1,-1
74,199,0.6134111057,0.286721475,0.002573044200000041,0.012214831500000023,-1,-1,-1,-1
75,199,0.6142238154,0.2874204308,0.002310726499999971,0.01202844319999996,-1,-1,-1,-1
76,199,0.6148642019,0.2876001428,0.002606619699999979,0.012296308199999995,-1,-1,-1,-1
77,199,0.6156395034,0.2881394151,0.0027412280000000955,0.011936747899999989,-1,-1,-1,-1
78,199,0.6163134653,0.2889182126,0.0028088389000000547,0.012236222600000013,-1,-1,-1,-1
79,199,0.6169875805,0.2895772476,0.002336942899999972,0.012355985100000022,-1,-1,-1,-1
80,199,0.6175269339,0.2901761968,0.0026064663999999516,0.012356121399999975,-1,-1,-1,-1
81,199,0.6177628819,0.2904758077,0.0023705184000000212,0.012655596000000047,-1,-1,-1,-1
82,199,0.6180998629,0.2911946558,0.0027076526000000545,0.012655596000000047,-1,-1,-1,-1
83,199,0.6183358109,0.2918536907,0.002370518300000013,0.012535697199999973,-1,-1,-1,-1
84,199,0.6187065206,0.2924527762,0.002741381300000012,0.01247574770000004,-1,-1,-1,-1
85,199,0.618875011,0.2932314375,0.0025728909000000133,0.012475747699999984,-1,-1,-1,-1
86,199,0.61944794,0.293830523,0.0028088388999999436,0.012475747699999984,-1,-1,-1,-1
87,199,0.6197176167,0.2944895579,0.002606619699999979,0.01247574770000004,-1,-1,-1,-1
88,199,0.6203917319,0.295028694,0.002673923899999986,0.01247574770000004,-1,-1,-1,-1
89,199,0.6205602224,0.2959272541,0.002673923899999986,0.01247574770000004,-1,-1,-1,-1
90,199,0.6213355239,0.2963466276,0.0026739237999999776,0.012475747699999984,-1,-1,-1,-1
91,199,0.6217736911,0.2968857636,0.0025727375999999857,0.012775358699999961,-1,-1,-1,-1
92,199,0.6224478063,0.2974848491,0.002707499300000027,0.013074833299999977,-1,-1,-1,-1
93,199,0.6228522447,0.2980239852,0.0026064663999999516,0.013494206700000011,-1,-1,-1,-1
94,199,0.6237623079,0.2985631213,0.0027412280999999927,0.013494206700000011,-1,-1,-1,-1
95,199,0.6240994422,0.2994018682,0.002842260999999957,0.013254545300000031,-1,-1,-1,-1
96,199,0.6249757766,0.2997612923,0.0028758365000000063,0.013793681300000027,-1,-1,-1,-1
97,199,0.6255824343,0.3004801404,0.0028758365000000063,0.013793681300000027,-1,-1,-1,-1
98,199,0.6267282922,0.3008395644,0.002875836399999998,0.013793681400000035,-1,-1,-1,-1
99,199,0.6276046266,0.3014985994,0.0028758365000000063,0.013793681299999971,-1,-1,-1,-1
100,199,0.6295595147,0.3023971595,0.0028758365000000063,0.013314358400000004,-1,-1,-1,-1
101,199,0.631817655,0.3026966341,0.0028758365000000063,0.013314358400000004,-1,-1,-1,-1
102,199,0.6343117433,0.3026366847,0.0026063130000000267,0.013194732099999995,-1,-1,-1,-1
103,199,0.6362666313,0.3028763461,0.0029097185999999997,0.013733868199999999,-1,-1,-1,-1
104,199,0.6387944484,0.3032957196,0.002741074699999957,0.01373373189999999,-1,-1,-1,-1
105,199,0.6415582134,0.3037750425,0.0029770226999999982,0.013733731900000046,-1,-1,-1,-1
106,199,0.6438838112,0.3042542292,0.002842260999999957,0.013793681299999971,-1,-1,-1,-1
107,199,0.6465801187,0.3046136532,0.003010751499999964,0.014033342800000015,-1,-1,-1,-1
108,199,0.6489730207,0.3053325013,0.0032805814999999905,0.013793681299999971,-1,-1,-1,-1
109,199,0.6517367857,0.305811688,0.003988272199999976,0.013613969299999973,-1,-1,-1,-1
110,199,0.6550061754,0.306171112,0.0037523242000000456,0.013614105599999982,-1,-1,-1,-1
111,199,0.6584103269,0.3064705866,0.0037523242000000456,0.013614105600000037,-1,-1,-1,-1
112,199,0.6616121058,0.306530536,0.003988272200000087,0.013614105599999982,-1,-1,-1,-1
113,199,0.6647128518,0.3068301469,0.004156915900000002,0.013913443999999997,-1,-1,-1,-1
114,199,0.6677462935,0.3073094698,0.0041569160000000105,0.013913443999999997,-1,-1,-1,-1
115,199,0.6709819545,0.3076688939,0.004594929899999989,0.013913443899999989,-1,-1,-1,-1
116,199,0.6740489717,0.3077887927,0.004594929899999989,0.013913443999999997,-1,-1,-1,-1
117,199,0.6772170219,0.3080882673,0.004729998199999974,0.01433268120000003,-1,-1,-1,-1
118,199,0.6803514966,0.308387742,0.004965946199999904,0.013913443899999989,-1,-1,-1,-1
119,199,0.6839241385,0.3086274034,0.0045277790000000095,0.014153105399999977,-1,-1,-1,-1
120,199,0.6869238515,0.308926878,0.004763573700000023,0.014153105399999977,-1,-1,-1,-1
121,199,0.6901932412,0.3091665395,0.0044938970000000245,0.014392630600000011,-1,-1,-1,-1
122,199,0.6932939872,0.3095259635,0.004763573700000023,0.014332817499999984,-1,-1,-1,-1
123,199,0.6966306812,0.310125049,0.0043928638999999325,0.014392630600000011,-1,-1,-1,-1
124,199,0.6998324601,0.3106043719,0.0046289652000000014,0.013973257199999978,-1,-1,-1,-1
125,199,0.7032366115,0.310679445,0.0042581022999999,0.014317557500000022,-1,-1,-1,-1
126,199,0.7065733055,0.3109790559,0.004393017300000079,0.014497133299999965,-1,-1,-1,-1
127,199,0.7099437282,0.3115181919,0.0036178691000000596,0.014557082799999954,-1,-1,-1,-1
128,199,0.7129434412,0.311877616,0.0036178691000000596,0.014557082700000001,-1,-1,-1,-1
129,199,0.7162801351,0.3122969894,0.003044786899999985,0.015156168299999995,-1,-1,-1,-1
130,199,0.7192461194,0.3128361255,0.0029100250999999355,0.01485655739999997,-1,-1,-1,-1
131,199,0.722481627,0.3131356001,0.0032134307000000195,0.015216117699999976,-1,-1,-1,-1
132,199,0.7252116633,0.3135549736,0.0032134306000000112,0.015216117699999976,-1,-1,-1,-1
133,199,0.7280764613,0.3145734326,0.0032134306000000112,0.015216117700000031,-1,-1,-1,-1
134,199,0.7305705495,0.3161310276,0.0032134307000000195,0.015216117699999976,-1,-1,-1,-1
135,199,0.7328286898,0.3169697746,0.0035505648999999417,0.015455506600000002,-1,-1,-1,-1
136,199,0.7348508821,0.3181679456,0.0035505648999999417,0.015455506600000002,-1,-1,-1,-1
137,199,0.7367047372,0.3185273696,0.003617869200000068,0.015754981300000026,-1,-1,-1,-1
138,199,0.7382550336,0.3190066925,0.005033556999999966,0.016473829399999973,-1,-1,-1,-1
139,199,0.7403784121,0.3202646767,0.003786512899999983,0.016653541400000027,-1,-1,-1,-1
140,199,0.7433106676,0.3212829994,0.003786512899999983,0.016653541400000027,-1,-1,-1,-1
141,199,0.7460071284,0.3221815596,0.00395500339999999,0.016354066700000003,-1,-1,-1,-1
142,199,0.748602403,0.3231400691,0.003955003299999982,0.01659372819999999,-1,-1,-1,-1
143,199,0.7509617295,0.3241585281,0.003584140400000102,0.016473829299999965,-1,-1,-1,-1
144,199,0.7533547848,0.3250570882,0.004190798100000004,0.01677344019999999,-1,-1,-1,-1
145,199,0.7557478401,0.3263750218,0.0034492254000000333,0.01647382940000003,-1,-1,-1,-1
146,199,0.7587139777,0.3269741073,0.003920967999999969,0.016833253400000026,-1,-1,-1,-1
147,199,0.7608485481,0.3282320915,0.004078266599999991,0.01629411730000002,-1,-1,-1,-1
148,199,0.7642189708,0.329190601,0.00461746679999997,0.016294117299999966,-1,-1,-1,-1
149,199,0.7668142453,0.3300891611,0.004516280599999978,0.01629411740000003,-1,-1,-1,-1
150,199,0.770184668,0.3308679587,0.004718499800000053,0.016653541299999963,-1,-1,-1,-1
151,199,0.7725439946,0.331826332,0.004381518800000039,0.01671362700000001,-1,-1,-1,-1
152,199,0.7755099788,0.3325451801,0.004651042299999908,0.016953288499999997,-1,-1,-1,-1
153,199,0.7779028808,0.3339230631,0.004752228600000019,0.016653677600000028,-1,-1,-1,-1
154,199,0.780868865,0.3347017244,0.005089362900000061,0.016653813799999972,-1,-1,-1,-1
155,199,0.7839358822,0.335180911,0.004988329899999977,0.01695342479999995,-1,-1,-1,-1
156,199,0.7873736091,0.3358997591,0.0046176202000000055,0.01725289940000002,-1,-1,-1,-1
157,199,0.7902721359,0.3370977939,0.0050220586000000456,0.016953561000000006,-1,-1,-1,-1
158,199,0.794046997,0.337816642,0.004482858499999964,0.017372798199999984,-1,-1,-1,-1
159,199,0.7969455238,0.3388949141,0.004718806399999997,0.017372934499999992,-1,-1,-1,-1
160,199,0.8007541137,0.3394340502,0.004179606199999908,0.018091782599999995,-1,-1,-1,-1
161,199,0.8041918406,0.3405123223,0.003910082799999937,0.017852121200000015,-1,-1,-1,-1
162,199,0.8080341593,0.3409316958,0.004078573200000046,0.01863091859999999,-1,-1,-1,-1
163,199,0.8119100534,0.34218968,0.0034719156000000417,0.01773235849999999,-1,-1,-1,-1
164,199,0.8153816623,0.3428487149,0.0038426253000000132,0.018031833100000005,-1,-1,-1,-1
165,199,0.8189205755,0.3441066991,0.0038426253000000132,0.018331443999999975,-1,-1,-1,-1
166,199,0.821953864,0.3453047338,0.003910082799999937,0.017972020000000033,-1,-1,-1,-1
167,199,0.8256276922,0.3463231928,0.00441555420000006,0.018331443999999975,-1,-1,-1,-1
168,199,0.8287958956,0.3476411264,0.004280792600000027,0.018451206599999992,-1,-1,-1,-1
169,199,0.8324022663,0.3483001613,0.005224431199999935,0.01893039329999996,-1,-1,-1,-1
170,199,0.8353682506,0.3497978069,0.005595294100000037,0.018810630699999997,-1,-1,-1,-1
171,199,0.8394127885,0.3508760791,0.00593227509999994,0.018990342699999996,-1,-1,-1,-1
172,199,0.8428167866,0.3519543512,0.00593227509999994,0.018990342699999996,-1,-1,-1,-1
173,199,0.8467265628,0.3532124717,0.006201951899999947,0.01917005470000005,-1,-1,-1,-1
174,199,0.8500632568,0.3544106427,0.0062019518000000495,0.019170054699999994,-1,-1,-1,-1
175,199,0.8543774714,0.3557883894,0.005864817600000016,0.019229867899999975,-1,-1,-1,-1
176,199,0.8575794036,0.3570463736,0.006235527300000099,0.019409716199999982,-1,-1,-1,-1
177,199,0.8617249745,0.3581845952,0.006033308100000023,0.01952947869999999,-1,-1,-1,-1
178,199,0.8654998356,0.3595624782,0.006033308100000023,0.0195294788,-1,-1,-1,-1
179,199,0.8695106448,0.3605809372,0.00542665040000001,0.01976900389999997,-1,-1,-1,-1
180,199,0.8731170155,0.3619586839,0.0058310888000000505,0.020068614900000004,-1,-1,-1,-1
