1,392,0.7431806586,0.4910803431,0.0066453316999999235,0.027104633599999983,-1,-1,-1,-1
2,392,0.7475013124,0.4906149176,0.005237156000000076,0.025365419,-1,-1,-1,-1
3,392,0.7484178147,0.4906924431,0.007070160699999994,0.027227257400000038,-1,-1,-1,-1
4,392,0.7523892225,0.4899943048,0.005891800600000052,0.02854587219999999,-1,-1,-1,-1
5,392,0.7547459427,0.4899167793,0.006633680000000086,0.026839357299999977,-1,-1,-1,-1
6,392,0.7573208267,0.4893738283,0.006197352499999975,0.028933635899999977,-1,-1,-1,-1
7,392,0.7589355143,0.4889084027,0.006502904300000001,0.028157972199999937,-1,-1,-1,-1
8,392,0.7569717341,0.4889084027,0.009383186900000062,0.028157972199999937,-1,-1,-1,-1
9,392,0.7588921268,0.4895288793,0.009383186900000062,0.028157972200000048,-1,-1,-1,-1
10,392,0.7617288686,0.4884429772,0.007680957900000007,0.028235497699999945,-1,-1,-1,-1
11,392,0.7650456319,0.4889084027,0.007942969000000022,0.026684170100000015,-1,-1,-1,-1
12,392,0.770064471,0.4890415177,0.006444798900000048,0.029033233800000058,-1,-1,-1,-1
13,392,0.7749960752,0.4887533517,0.004713440499999999,0.026296133799999954,-1,-1,-1,-1
14,392,0.7775274184,0.4888308772,0.004800675300000057,0.02544294450000001,-1,-1,-1,-1
15,392,0.7806697121,0.4888308772,0.004800675299999946,0.02544294450000001,-1,-1,-1,-1
16,392,0.7832010553,0.4884429772,0.005280696800000095,0.027304646600000038,-1,-1,-1,-1
17,392,0.7873907802,0.4882102644,0.005280696799999984,0.027304646700000046,-1,-1,-1,-1
18,392,0.7892236315,0.4878998899,0.006851843600000018,0.027304646599999982,-1,-1,-1,-1
19,392,0.7921477614,0.4880550772,0.006502597700000057,0.02839068490000002,-1,-1,-1,-1
20,392,0.7945481757,0.4877448389,0.006371668799999952,0.027071933900000067,-1,-1,-1,-1
21,392,0.798214185,0.4871243624,0.005498860500000036,0.028313023199999954,-1,-1,-1,-1
22,392,0.8024037565,0.4873570751,0.005498860600000044,0.02831302320000001,-1,-1,-1,-1
23,392,0.8068551859,0.4873570751,0.005237156099999973,0.02831302320000001,-1,-1,-1,-1
24,392,0.8116995553,0.4880552134,0.005586248699999907,0.028390548700000018,-1,-1,-1,-1
25,392,0.8152346356,0.4883655879,0.007123513500000067,0.026812107600000024,-1,-1,-1,-1
26,392,0.8187260219,0.4876675859,0.007986663099999958,0.027614612400000016,-1,-1,-1,-1
27,392,0.8244868936,0.4877451114,0.007026466699999956,0.02722684860000002,-1,-1,-1,-1
28,392,0.8287638533,0.4868142603,0.00654644510000002,0.028235225199999936,-1,-1,-1,-1
29,392,0.8326917204,0.4867367348,0.0076811111000000265,0.02766325319999996,-1,-1,-1,-1
30,392,0.837099609,0.4858834093,0.007419253299999928,0.027537223100000008,-1,-1,-1,-1
31,392,0.8404163723,0.4860385965,0.008903165400000024,0.027382035900000046,-1,-1,-1,-1
32,392,0.8460732981,0.4858058838,0.007217647399999971,0.0261833199,-1,-1,-1,-1
33,392,0.8497121711,0.485185271,0.00808738930000008,0.027037190400000077,-1,-1,-1,-1
34,392,0.855036562,0.4846423199,0.0076375704000000155,0.027692274200000033,-1,-1,-1,-1
35,392,0.8603609529,0.4838666561,0.006197352499999975,0.027459561399999943,-1,-1,-1,-1
36,392,0.8662527535,0.4835564179,0.006197352499999975,0.02745956129999999,-1,-1,-1,-1
37,392,0.8714813241,0.4833667597,0.00630574439999998,0.025676747200000016,-1,-1,-1,-1
38,392,0.8741359306,0.4837598372,0.00630574439999998,0.02567674719999996,-1,-1,-1,-1
39,392,0.8787813003,0.4841529147,0.00630574439999998,0.025676747200000016,-1,-1,-1,-1
40,392,0.8848645883,0.4843495215,0.00630574439999998,0.025676747200000016,-1,-1,-1,-1
41,392,0.8898418796,0.4841529147,0.00630574439999998,0.025676747200000016,-1,-1,-1,-1
42,392,0.8928281011,0.4837597009,0.00630574439999998,0.025676747200000016,-1,-1,-1,-1
43,392,0.8989113891,0.4837597009,0.00630574439999998,0.025676747200000016,-1,-1,-1,-1
44,392,0.9051052153,0.4814005548,0.00630574439999998,0.025676747200000016,-1,-1,-1,-1
45,392,0.9097507384,0.4804175205,0.00630574439999998,0.025676747200000016,-1,-1,-1,-1
46,392,0.9151703364,0.4782551175,0.00630574439999998,0.02567674719999996,-1,-1,-1,-1
47,392,0.9210323943,0.4770756126,0.006305744400000091,0.025676747200000016,-1,-1,-1,-1
48,392,0.9210323943,0.4770756126,0.006305744400000091,0.025676747200000016,-1,-1,-1,-1
49,392,0.9278899106,0.4766823989,0.00630574439999998,0.02567674719999996,-1,-1,-1,-1
50,392,0.9359641151,0.4749130734,0.00630574439999998,0.025676747200000016,-1,-1,-1,-1
51,392,0.9393929499,0.4758961077,0.00630574439999998,0.025676747200000016,-1,-1,-1,-1
52,392,0.9369597267,0.4766825351,0.00630574439999998,0.025676747200000016,-1,-1,-1,-1
53,392,0.9392824115,0.4774689626,0.00630574439999998,0.02567674719999996,-1,-1,-1,-1
54,392,0.9396141798,0.4794348949,0.006305744400000091,0.025676747200000016,-1,-1,-1,-1
55,392,0.9423793247,0.4794348949,0.00630574439999998,0.025676747200000016,-1,-1,-1,-1
56,392,0.9565694727,0.4761074294,0.00630574439999998,0.02567674719999996,-1,-1,-1,-1
57,392,0.9602543394,0.4766423417,0.00630574439999998,0.02567674719999996,-1,-1,-1,-1
58,392,0.9572003537,0.4780586469,0.00630574439999998,0.025676747200000016,-1,-1,-1,-1
59,392,0.969256238,0.4802213224,0.00630574439999998,0.025676747200000072,-1,-1,-1,-1
60,392,0.9773891612,0.4757435091,0.007350722600000026,0.026200078399999993,-1,-1,-1,-1
61,392,0.9760087352,0.4721252889,0.00630574439999998,0.025676747200000016,-1,-1,-1,-1
62,392,0.9847639539,0.4748315966,0.00630574439999998,0.02567674719999996,-1,-1,-1,-1
63,392,0.9865403862,0.4746059688,0.006305744400000091,0.02567674719999996,-1,-1,-1,-1
64,392,0.9865403862,0.4746059688,0.006305744400000091,0.02567674719999996,-1,-1,-1,-1
