65,206,0.5931795241,0.273203016,0.0018026487000000202,0.00890712199999999,-1,-1,-1,-1
66,206,0.5938645245,0.2743564974,0.0018026486999999092,0.00890712199999999,-1,-1,-1,-1
67,206,0.594261144,0.2746768181,0.0018026487000000202,0.00890712199999999,-1,-1,-1,-1
68,206,0.5947298204,0.2749971388,0.0018026487000000202,0.009483998900000012,-1,-1,-1,-1
69,206,0.5949821728,0.2751252125,0.0018026488000000285,0.00948399900000002,-1,-1,-1,-1
70,206,0.5950362921,0.2753174595,0.0018026488000000285,0.009483998900000012,-1,-1,-1,-1
71,206,0.5950904115,0.2755097064,0.0018026487000000202,0.009483998900000012,-1,-1,-1,-1
72,206,0.5954508492,0.2746769544,0.0018026488000000285,0.011342022299999976,-1,-1,-1,-1
73,206,0.5951624684,0.2750934666,0.002667944599999972,0.011342022399999985,-1,-1,-1,-1
74,206,0.5960277643,0.2755099789,0.0018026486999999092,0.011342022299999976,-1,-1,-1,-1
75,206,0.5959917358,0.2761507565,0.0020550012000000173,0.011342022300000032,-1,-1,-1,-1
76,206,0.5966405545,0.2764710771,0.0027039731000000344,0.011406195499999994,-1,-1,-1,-1
77,206,0.5976036638,0.2766125033,0.0025011406000000624,0.0117859206,-1,-1,-1,-1
78,206,0.5977942313,0.2769196078,0.0027039731000000344,0.011406195499999994,-1,-1,-1,-1
79,206,0.5988398227,0.2769196078,0.0027039731999999317,0.011406195499999994,-1,-1,-1,-1
80,206,0.5997771756,0.2778166692,0.0027039731000000344,0.01140619550000005,-1,-1,-1,-1
81,206,0.6008587955,0.2784574468,0.0027039731000000344,0.011406195499999994,-1,-1,-1,-1
82,206,0.602132516,0.2791410065,0.002423717800000058,0.011522688100000011,-1,-1,-1,-1
83,206,0.6037369317,0.2794347587,0.0027039731000000344,0.011406195499999994,-1,-1,-1,-1
84,206,0.6053292356,0.2798030389,0.0027039731000000344,0.011406195499999994,-1,-1,-1,-1
85,206,0.6069155604,0.2800593227,0.0024102262999999846,0.011612748499999992,-1,-1,-1,-1
86,206,0.6079821556,0.2806306135,0.002394281900000017,0.011713572499999991,-1,-1,-1,-1
87,206,0.6084657034,0.2810205572,0.002415592200000094,0.011662751799999982,-1,-1,-1,-1
88,206,0.6084506787,0.2814212646,0.00266794469999998,0.011931297999999979,-1,-1,-1,-1
89,206,0.6081052656,0.281853718,0.002740001599999986,0.012239356200000051,-1,-1,-1,-1
90,206,0.607657593,0.2825585324,0.0025716644000000066,0.011839738900000008,-1,-1,-1,-1
91,206,0.6069606342,0.2830711,0.002740001599999986,0.01192462179999998,-1,-1,-1,-1
92,206,0.6068703332,0.283722505,0.002740001600000097,0.012047109399999978,-1,-1,-1,-1
93,206,0.6065189408,0.2839041245,0.0028122118000000196,0.012303529399999957,-1,-1,-1,-1
94,206,0.6066270262,0.2846090753,0.0028122118000000196,0.012303529300000005,-1,-1,-1,-1
95,206,0.6065187875,0.2852112945,0.0027761833999999652,0.012249302399999995,-1,-1,-1,-1
96,206,0.6068948632,0.285601102,0.0028523796000000656,0.0126373387,-1,-1,-1,-1
97,206,0.6072709388,0.2862087711,0.002852379699999963,0.0126373387,-1,-1,-1,-1
98,206,0.6080914675,0.2868163041,0.0028523796000000656,0.012637338600000048,-1,-1,-1,-1
99,206,0.608246773,0.2875220722,0.002852379700000074,0.0126373387,-1,-1,-1,-1
100,206,0.6088776541,0.2882762088,0.0028181909999999144,0.012392636000000012,-1,-1,-1,-1
101,206,0.609082633,0.2886801862,0.002818344300000053,0.01271772539999999,-1,-1,-1,-1
102,206,0.6098347843,0.2893065214,0.0027498135999999285,0.0126306625,-1,-1,-1,-1
103,206,0.6100057278,0.2900357244,0.0028523796000000656,0.013063660800000043,-1,-1,-1,-1
104,206,0.6108489467,0.2906432573,0.002749966899999956,0.01291692099999997,-1,-1,-1,-1
105,206,0.6108331555,0.291297796,0.0031872142000000103,0.013138188900000014,-1,-1,-1,-1
106,206,0.6117619228,0.2916761587,0.0026345226000000777,0.012718542899999963,-1,-1,-1,-1
107,206,0.6118250876,0.2922839641,0.003049999500000067,0.012820456899999999,-1,-1,-1,-1
108,206,0.6128088941,0.2927510246,0.0026814362000000536,0.01296092929999998,-1,-1,-1,-1
109,206,0.6128430828,0.2933667324,0.003091700499999961,0.013074424500000015,-1,-1,-1,-1
110,206,0.6132191584,0.2939848927,0.0027711240000000137,0.013003711500000015,-1,-1,-1,-1
111,206,0.6132533471,0.2946365702,0.003091700499999961,0.012959021899999978,-1,-1,-1,-1
112,206,0.613175771,0.2952608617,0.0029227500999999823,0.012882041399999988,-1,-1,-1,-1
113,206,0.613522104,0.2958470036,0.0029938871000000367,0.012921281000000007,-1,-1,-1,-1
114,206,0.6133559132,0.2965368307,0.0031942665999999953,0.013367631700000049,-1,-1,-1,-1
115,206,0.6139369677,0.2971936857,0.002835668600000063,0.013257679000000022,-1,-1,-1,-1
116,206,0.6135267034,0.2980634973,0.0032969859999999462,0.013177701000000042,-1,-1,-1,-1
117,206,0.6144671224,0.2984813721,0.0028008667000000154,0.013362999200000003,-1,-1,-1,-1
118,206,0.6146889657,0.299088905,0.0032627973000000088,0.013610563099999973,-1,-1,-1,-1
119,206,0.615851228,0.2993927396,0.0030234764000000025,0.013610563099999973,-1,-1,-1,-1
120,206,0.6167741694,0.2998179717,0.0030234765000000108,0.013610563099999973,-1,-1,-1,-1
121,206,0.6181415639,0.3000610394,0.0031261958000000645,0.01373209689999999,-1,-1,-1,-1
122,206,0.6198848807,0.3006078054,0.0031261957999999535,0.01373209689999999,-1,-1,-1,-1
123,206,0.6211156737,0.3010331738,0.0028868750000000665,0.013732096999999999,-1,-1,-1,-1
124,206,0.6222780893,0.3015799398,0.0032286086000000713,0.01335046440000004,-1,-1,-1,-1
125,206,0.6225857876,0.302187609,0.0034679293999999583,0.01373209689999999,-1,-1,-1,-1
126,206,0.6235441442,0.302734375,0.003261570800000002,0.013862078200000016,-1,-1,-1,-1
127,206,0.6238162739,0.3035308849,0.003365363399999932,0.013664926299999991,-1,-1,-1,-1
128,206,0.6252239896,0.3043602306,0.002778329699999915,0.013656887700000009,-1,-1,-1,-1
129,206,0.6253546119,0.3048004502,0.00353646019999998,0.014461299900000002,-1,-1,-1,-1
130,206,0.6268872773,0.3057986081,0.002824170099999912,0.014009908000000015,-1,-1,-1,-1
131,206,0.6272346835,0.3066111953,0.0036049907999999853,0.014169591500000023,-1,-1,-1,-1
132,206,0.6288413988,0.3070485536,0.0032972926000000014,0.014339766099999984,-1,-1,-1,-1
133,206,0.6301404159,0.3077777566,0.003639179599999931,0.014461163700000002,-1,-1,-1,-1
134,206,0.632328339,0.3086891241,0.0038783471000000125,0.014218232200000014,-1,-1,-1,-1
135,206,0.6342085639,0.3092358901,0.0038381792999999664,0.014522066799999955,-1,-1,-1,-1
136,206,0.6371144496,0.3097826561,0.003912535900000069,0.01452206680000001,-1,-1,-1,-1
137,206,0.6393705969,0.310417575,0.0036732149000000547,0.014677117799999972,-1,-1,-1,-1
138,206,0.6421395745,0.3109171989,0.0032289152000000154,0.01472439619999999,-1,-1,-1,-1
139,206,0.6454811744,0.311119392,0.0025537268999999974,0.014885987099999998,-1,-1,-1,-1
140,206,0.6481903602,0.3117270612,0.002750273500000011,0.014796471700000036,-1,-1,-1,-1
141,206,0.6509593378,0.3120916627,0.0027844621999999486,0.015129736000000005,-1,-1,-1,-1
142,206,0.6537333748,0.3128990724,0.0025111058999999214,0.014825901400000008,-1,-1,-1,-1
143,206,0.6563203705,0.3131868297,0.0033034250999999237,0.014824402600000008,-1,-1,-1,-1
144,206,0.6594493259,0.3135322201,0.003421169199999907,0.015225382600000004,-1,-1,-1,-1
145,206,0.6622860677,0.3141300794,0.0038329665999999873,0.01479020419999999,-1,-1,-1,-1
146,206,0.6653058646,0.314792793,0.003484027300000081,0.014940759099999978,-1,-1,-1,-1
147,206,0.667730809,0.3150772803,0.004793929500000016,0.014876585900000017,-1,-1,-1,-1
148,206,0.6711624034,0.3154025059,0.00451934679999999,0.015143088400000004,-1,-1,-1,-1
149,206,0.6742278874,0.3157278678,0.0048854571999999985,0.015144178299999977,-1,-1,-1,-1
150,206,0.6775136816,0.3162904386,0.004527932299999926,0.014971142499999979,-1,-1,-1,-1
151,206,0.6805877512,0.3166220679,0.0045891040000000105,0.014902473199999988,-1,-1,-1,-1
152,206,0.6835238395,0.3170426676,0.004193557700000072,0.015076599100000032,-1,-1,-1,-1
153,206,0.6870391425,0.3171103832,0.003970334700000078,0.015451419199999983,-1,-1,-1,-1
154,206,0.6904707369,0.3175170856,0.003146739699999901,0.015550744399999983,-1,-1,-1,-1
155,206,0.693536221,0.318330354,0.0033297948999999605,0.015265303499999994,-1,-1,-1,-1
156,206,0.6969678154,0.3188182606,0.002643567999999985,0.015350731399999984,-1,-1,-1,-1
157,206,0.6998045572,0.3193061672,0.0025684447999999582,0.015292961900000013,-1,-1,-1,-1
158,206,0.7023668695,0.3193061672,0.0034213224999999348,0.016038651000000015,-1,-1,-1,-1
159,206,0.7052036113,0.3200380951,0.0035585371999999893,0.015722554100000008,-1,-1,-1,-1
160,206,0.7078182032,0.3206003935,0.004079339899999979,0.015542978299999954,-1,-1,-1,-1
161,206,0.7105172703,0.321277277,0.004372780099999973,0.015515455999999983,-1,-1,-1,-1
162,206,0.7135766219,0.3215831553,0.0041975437999999254,0.01553330460000002,-1,-1,-1,-1
163,206,0.716246253,0.3219897214,0.004549396100000047,0.015661242200000036,-1,-1,-1,-1
164,206,0.7193787347,0.3222825198,0.005031563999999933,0.015908669799999997,-1,-1,-1,-1
165,206,0.7230008966,0.3228583069,0.003793871900000023,0.01590471849999997,-1,-1,-1,-1
166,206,0.7262791784,0.3232094197,0.004124873700000031,0.015989874000000015,-1,-1,-1,-1
167,206,0.729545042,0.3236973263,0.0033297948999999605,0.01636428540000001,-1,-1,-1,-1
168,206,0.7327477408,0.3246799518,0.0031010525999999317,0.015634537400000037,-1,-1,-1,-1
169,206,0.7353031541,0.3249647116,0.0032126640999999845,0.016077754399999977,-1,-1,-1,-1
170,206,0.7379536211,0.3251611822,0.003614496299999992,0.0166896473,-1,-1,-1,-1
171,206,0.73997612,0.3260282689,0.003233974599999967,0.016854371900000054,-1,-1,-1,-1
172,206,0.7418069783,0.3267063786,0.004107856000000076,0.01682616849999996,-1,-1,-1,-1
173,206,0.7438202785,0.3272757619,0.005114352700000047,0.017258621799999985,-1,-1,-1,-1
174,206,0.7472518729,0.328414256,0.0047025553000000775,0.01701473659999997,-1,-1,-1,-1
175,206,0.7502716698,0.3291461839,0.005068512299999939,0.016249291599999993,-1,-1,-1,-1
176,206,0.7533373072,0.3297999052,0.004762653799999961,0.016364149100000003,-1,-1,-1,-1
177,206,0.7565858464,0.3300407929,0.0048854571999999985,0.01660803430000002,-1,-1,-1,-1
178,206,0.759697171,0.3310449457,0.004190184799999996,0.01635447550000002,-1,-1,-1,-1
179,206,0.7629713134,0.3316235939,0.003468542699999966,0.016320277100000002,-1,-1,-1,-1
180,206,0.7663776112,0.3319112149,0.002863111599999968,0.01646347450000002,-1,-1,-1,-1
