1,400,0.7200398183,0.4911446525,0.007682184400000014,0.024191227799999993,-1,-1,-1,-1
2,400,0.7255420518,0.4916256104,0.0037734812999999923,0.02428251440000001,-1,-1,-1,-1
3,400,0.7263989155,0.4926611005,0.007516913499999944,0.025491585199999944,-1,-1,-1,-1
4,400,0.7316307057,0.4922602568,0.006208850900000007,0.025812178500000005,-1,-1,-1,-1
5,400,0.7360054788,0.4916991847,0.007922731700000019,0.025411334799999963,-1,-1,-1,-1
6,400,0.7417333883,0.4916991847,0.00638914639999999,0.025170855799999947,-1,-1,-1,-1
7,400,0.7456571159,0.4913785915,0.0079678056000001,0.024689897999999932,-1,-1,-1,-1
8,400,0.7499417412,0.4907372689,0.005532282799999955,0.025250970099999992,-1,-1,-1,-1
9,400,0.7544969632,0.4898554674,0.004494970099999995,0.024689897999999932,-1,-1,-1,-1
10,400,0.7572030827,0.489294259,0.005171384999999917,0.02501062740000004,-1,-1,-1,-1
11,400,0.7603810982,0.4887330507,0.005150381199999998,0.024674774300000035,-1,-1,-1,-1
12,400,0.7619386002,0.4890536438,0.0072460101999999305,0.024930649499999957,-1,-1,-1,-1
13,400,0.7663584472,0.4888932791,0.005893027099999948,0.025010763699999994,-1,-1,-1,-1
14,400,0.7696506805,0.4886528002,0.006299152000000086,0.02444969149999998,-1,-1,-1,-1
15,400,0.7738450047,0.4886528002,0.006118703200000075,0.025652086200000035,-1,-1,-1,-1
16,400,0.7779041073,0.4882519565,0.0047206462000000116,0.025411607300000028,-1,-1,-1,-1
17,400,0.7820082838,0.4881717061,0.0047206462000000116,0.025411607299999972,-1,-1,-1,-1
18,400,0.7834365433,0.4880914556,0.005818057299999957,0.02533162929999999,-1,-1,-1,-1
19,400,0.7856465435,0.4877707262,0.006584619900000033,0.02573247289999997,-1,-1,-1,-1
20,400,0.7905174359,0.4871294036,0.005908205100000008,0.024530078199999972,-1,-1,-1,-1
21,400,0.7934489248,0.4865683314,0.005908205100000008,0.02453007829999998,-1,-1,-1,-1
22,400,0.7977335502,0.4867285599,0.004239398099999958,0.02525165130000001,-1,-1,-1,-1
23,400,0.800845488,0.4866484457,0.00478059129999997,0.025011036099999995,-1,-1,-1,-1
24,400,0.8037769769,0.4871294036,0.0057328154999999326,0.025050820699999976,-1,-1,-1,-1
25,400,0.8080616022,0.4875302472,0.007065407999999995,0.02605320240000003,-1,-1,-1,-1
26,400,0.8132030913,0.4878509766,0.006314176599999999,0.025491994100000026,-1,-1,-1,-1
27,400,0.8160895063,0.4877708624,0.0065847732999999575,0.025251378799999946,-1,-1,-1,-1
28,400,0.8192917452,0.4872097903,0.006855216499999983,0.024315759099999945,-1,-1,-1,-1
29,400,0.8228547284,0.4865686039,0.006629693800000003,0.025090877899999975,-1,-1,-1,-1
30,400,0.8249744275,0.4852859588,0.007171040299999931,0.023808368899999988,-1,-1,-1,-1
31,400,0.8306120359,0.4852058445,0.005818057299999957,0.024690170500000053,-1,-1,-1,-1
32,400,0.836475167,0.4848050009,0.005412085699999958,0.024930649400000005,-1,-1,-1,-1
33,400,0.8421578494,0.485366073,0.005682682299999908,0.025171128300000012,-1,-1,-1,-1
34,400,0.8470287418,0.4848849789,0.005682682300000019,0.025171128300000067,-1,-1,-1,-1
35,400,0.8514035149,0.4845643857,0.005682682300000019,0.025171128299999956,-1,-1,-1,-1
36,400,0.8541997822,0.4837631071,0.006268949400000001,0.0252511064,-1,-1,-1,-1
37,400,0.8599275384,0.4840035861,0.005818057199999949,0.02477014839999997,-1,-1,-1,-1
38,400,0.8650688741,0.4843243155,0.0064495516000000475,0.024689897999999988,-1,-1,-1,-1
39,400,0.8687221584,0.4842442013,0.00807313129999998,0.025731927900000007,-1,-1,-1,-1
40,400,0.8729693755,0.4849372984,0.0066287740000000595,0.026809246300000034,-1,-1,-1,-1
41,400,0.8791119955,0.4852324131,0.005863437700000085,0.025731927900000007,-1,-1,-1,-1
42,400,0.8837472465,0.4833643072,0.005863437799999982,0.025731927900000007,-1,-1,-1,-1
43,400,0.8884395298,0.4812410076,0.006169909600000079,0.024837727800000042,-1,-1,-1,-1
44,400,0.8924382273,0.4820286613,0.006014910600000034,0.023957833700000042,-1,-1,-1,-1
45,400,0.8979965732,0.4817631126,0.005338955599999973,0.02468499299999999,-1,-1,-1,-1
46,400,0.902609134,0.4821892986,0.005605872700000014,0.02402936420000007,-1,-1,-1,-1
47,400,0.9093685302,0.4819700744,0.005088749500000045,0.022516731300000037,-1,-1,-1,-1
48,400,0.9160038966,0.4815147312,0.005088749599999942,0.02251673129999998,-1,-1,-1,-1
49,400,0.9249527491,0.4811039414,0.005088749599999942,0.02251673129999998,-1,-1,-1,-1
50,400,0.9299140959,0.4780352122,0.005088749500000045,0.02251673129999998,-1,-1,-1,-1
51,400,0.9370202851,0.480895481,0.005088749499999934,0.02251673129999998,-1,-1,-1,-1
52,400,0.9510439357,0.4820462374,0.005891493999999997,0.025359423999999964,-1,-1,-1,-1
53,400,0.9705894437,0.4783537616,0.005088749600000053,0.02251673129999998,-1,-1,-1,-1
54,400,0.9749821544,0.4765165842,0.0059474531,0.026544923900000073,-1,-1,-1,-1
