141,98,0.3956936656,0.2738797633,0.0016882775999999544,0.007853102099999953,-1,-1,-1,-1
142,98,0.3974138322,0.2738797633,0.001977425100000041,0.0077907002,-1,-1,-1,-1
143,98,0.3989202812,0.2737089074,0.001977424999999977,0.0077907002,-1,-1,-1,-1
144,98,0.4009050652,0.2733561595,0.001977424999999977,0.0077907002,-1,-1,-1,-1
145,98,0.4027267247,0.2729861081,0.0019774250000000326,0.0077907002,-1,-1,-1,-1
146,98,0.4039530387,0.2728057255,0.0019749413000000327,0.007824904700000024,-1,-1,-1,-1
147,98,0.4055382913,0.2726962452,0.0019724576999999854,0.0078591093,-1,-1,-1,-1
148,98,0.4078036384,0.2724716347,0.001969973899999977,0.007893313899999976,-1,-1,-1,-1
149,98,0.4093463852,0.27236935,0.001967490199999977,0.0079275184,-1,-1,-1,-1
150,98,0.4108891319,0.2722670654,0.001965006600000041,0.007961722899999968,-1,-1,-1,-1
151,98,0.4124318787,0.2721647807,0.001962522900000041,0.0079959275,-1,-1,-1,-1
152,98,0.4139746254,0.2720624961,0.0019600391999999855,0.008030131900000015,-1,-1,-1,-1
153,98,0.4155173722,0.2719602114,0.0019575554999999856,0.008064336499999991,-1,-1,-1,-1
154,98,0.417060119,0.2718579268,0.0019550717999999856,0.008098541000000015,-1,-1,-1,-1
155,98,0.4186028658,0.2717556421,0.0019525880999999856,0.008132745599999991,-1,-1,-1,-1
156,98,0.4201456126,0.2716533574,0.0019501042999999774,0.008166950099999959,-1,-1,-1,-1
157,98,0.4216883594,0.2715510728,0.001947620600000033,0.008201154599999982,-1,-1,-1,-1
158,98,0.4232311061,0.2714487881,0.0019451370000000412,0.008235359200000014,-1,-1,-1,-1
159,98,0.4247738529,0.2713465034,0.0019426532999999857,0.00826956379999999,-1,-1,-1,-1
160,98,0.4263165996,0.2712442188,0.0019401695999999857,0.008303768300000014,-1,-1,-1,-1
161,98,0.4278593464,0.2711419342,0.0019376858999999858,0.00833797270000003,-1,-1,-1,-1
162,98,0.4294020932,0.2710396495,0.0019352021999999858,0.008372177300000005,-1,-1,-1,-1
163,98,0.43094484,0.2709373649,0.0019327183999999775,0.00840638170000002,-1,-1,-1,-1
164,98,0.4324875867,0.2708350802,0.0019302348000000413,0.008440586299999997,-1,-1,-1,-1
165,98,0.4340539479,0.2707218682,0.0019277510999999858,0.008474790900000029,-1,-1,-1,-1
166,98,0.4358796448,0.2704242504,0.0019252674999999941,0.008508995399999997,-1,-1,-1,-1
167,98,0.4376689191,0.2702488736,0.0019227837999999942,0.008543200000000029,-1,-1,-1,-1
168,98,0.4394160394,0.2704633229,0.0019203000999999942,0.00857740459999995,-1,-1,-1,-1
169,98,0.441011227,0.2703536366,0.0017012101999999696,0.008559732099999995,-1,-1,-1,-1
170,98,0.4426064146,0.2702439503,0.0016897013000000127,0.008591775100000032,-1,-1,-1,-1
171,98,0.4440801051,0.270134264,0.001678192299999992,0.008623818100000014,-1,-1,-1,-1
172,98,0.4456101203,0.2699706704,0.0016666832999999714,0.008655860999999987,-1,-1,-1,-1
173,98,0.4470487839,0.2696816623,0.0016551742999999508,0.008687904099999977,-1,-1,-1,-1
174,98,0.4486317145,0.2695636464,0.0016436655000000022,0.008719947099999958,-1,-1,-1,-1
175,98,0.4500903035,0.2694897469,0.001889911799999977,0.007947333499999987,-1,-1,-1,-1
176,98,0.451785055,0.269270143,0.002247649399999996,0.008634476700000004,-1,-1,-1,-1
177,98,0.4532517369,0.2693045594,0.002256366200000026,0.00866169530000005,-1,-1,-1,-1
178,98,0.4548306435,0.269189511,0.002265083199999962,0.008688913899999984,-1,-1,-1,-1
179,98,0.4564095502,0.2690744626,0.0022737999999999925,0.008716132499999973,-1,-1,-1,-1
180,98,0.4580716288,0.2688115844,0.002282516999999984,0.008743351099999963,-1,-1,-1,-1
