0,365,1.1687981708000001,1.2269990408,0.7882456508,0.852920082
0,365,1.1454989587,1.22522520935,0.7724366758,0.8510449301
0,365,1.12828242125,1.02679310095,0.7602023357,0.7172129785
0,365,0.39779891495,0.9647421085,0.2715231631,0.668069574
0,365,0.4170885828,0.96981519225,0.2826698274,0.6706637491
0,365,0.43547976245,0.97497258,0.2949490113,0.671527089
0,365,0.4207179886,0.9874463180499999,0.285806985,0.6800548265
0,365,0.42421485589999997,0.9551528573999999,0.2872104846,0.6602111582
0,365,0.4655484766,0.99114587875,0.3152631518,0.6844649241
0,365,0.4411022313,0.977381559,0.29805428,0.673985356
0,365,0.46099440449999995,0.9794382557000001,0.3111947482,0.6778568626
0,365,0.44323059245,0.99808182285,0.3026814055,0.6886743275
0,365,0.9530546295,0.66342315305,0.638971371,0.4587456673
0,365,0.95850703645,0.6489512257000001,0.6420189175,0.4487676306
0,365,0.9441316869,0.6642541337500001,0.632893449,0.4601403089
0,365,0.93696961525,0.6574752845,0.6279897477,0.4533162932
0,365,0.9279227194499999,0.65717356175,0.6222066457,0.4547718379
0,365,0.956706764,0.6568881207999999,0.6408998894,0.4532671074
0,365,0.9473310895,0.65442821875,0.6345604162,0.4513624869
0,365,1.03400111675,0.7787930273499999,0.6941309203,0.5403421477
0,365,1.02025534515,0.7719348131999999,0.6852423197,0.5357224996
0,365,1.1162946078,0.75813036825,0.7494738314,0.5260561999
0,365,0.4808660594,1.0263169117,0.325894456,0.71288899
0,365,0.4659009166,1.0256843772,0.315919636,0.7111696678
0,365,0.50593373155,0.9611616972000001,0.3424699937,0.6655769042
0,365,0.47343277800000005,0.9988952955999999,0.3203545076,0.689529288
0,365,0.45002984989999995,1.0226644249,0.3049531906,0.7073797742
0,365,0.4621929763,0.9580717132000001,0.312580949,0.6619357942
0,365,0.6907789717999999,0.6614882853499999,0.4636810278,0.4568071209
0,365,0.75850915215,0.65534667115,0.5087734629,0.4517513407
0,365,0.71310227295,0.5208279969,0.4774569253,0.3572057846
0,365,0.693892596,0.5214812412500001,0.4650685062,0.3578871643
0,365,0.6999655353,0.5236749133,0.4686938876,0.3595233748
0,365,0.70407906385,0.52274889915,0.4715034931,0.3596158877
0,365,0.6950478824999999,0.5252507657500001,0.4652517146,0.3608711469
0,365,0.67829381245,0.43163701445,0.4536752387,0.2951101707
0,365,0.674805799,0.43277278355,0.4515828292,0.2961102361
0,365,0.67339478715,0.4349387971,0.4502093023,0.2964793338
0,365,0.67077735895,0.43213411775,0.4486395353,0.2951179369
0,365,0.6817097689,0.4167000703,0.4561383578,0.2847024056
0,365,0.6766234724,0.4169734533,0.453341324,0.284736604
0,365,0.5708335326,0.4775208052,0.3821797792,0.327007352
0,365,0.6598076780000001,0.3979694068,0.4410500432,0.2698508822
0,365,0.6873745903,0.58192667915,0.4609549776,0.4008933827
0,365,0.73588520515,0.461441007,0.4923875729,0.3155270372
0,365,0.74258174325,0.4507621071,0.4960992693,0.3047966352
0,365,0.7126995209,0.4531583809,0.4766413026,0.3076473666
0,365,0.6571355332,0.47865636990000004,0.4401492406,0.3279816664
0,365,0.6409649705,0.7377962728,0.4307801584,0.5090113522
0,365,0.64408204425,0.74387419065,0.4320083451,0.5117017189
0,365,0.62504982655,0.7373331635,0.4200554869,0.5096838758
0,365,0.6252414673,0.7331455599000001,0.419953994,0.4986109446
0,365,0.7744622409499999,0.65912464305,0.5197736371,0.4555054009
0,365,0.7715030791499999,0.6677009532,0.5175976723,0.4577984664
0,365,0.6714553836,0.5301145034,0.4499324198,0.363752943
0,365,0.6853107737,0.5238057802,0.4593757052,0.3589300118
0,365,0.68416039315,0.529673262,0.4580273215,0.362839123
0,365,0.66078966075,0.4310597287,0.4418996097,0.2945744408
0,365,0.74422571345,0.47806212119999997,0.4984532299,0.327629191
0,365,0.74340487815,0.47841323415000003,0.4974232763,0.3271138985
0,365,0.7406281582500001,0.4779533948,0.4951856799,0.3275092922
0,365,0.8681541355,0.47068091645,0.5813473228,0.3217035991
0,365,0.6176497373,0.43776534435,0.413269261,0.2976157841
0,365,0.687059993,0.47546542555000004,0.4605020924,0.3240023871
0,365,0.6560007905,0.45376945635,0.4391914972,0.3086992065
0,365,0.5917216752,0.41220597529999997,0.3960108692,0.2802319498
0,365,0.5940050354499999,0.41080186445,0.3971308173,0.2798538597
0,365,0.65309183845,0.40804970900000004,0.4369497613,0.2770371904
0,365,1.46681941195,0.7373621162999999,0.9813751337,0.5097063568
0,365,1.47172663945,0.75181667195,0.9845953101,0.5148346213
0,365,0.25423775,0.6948224135000001,0.1734804122,0.4785233912
0,365,0.25324152515,0.69805395995,0.1729343129,0.4803066141
0,365,0.598722462,0.47601743715,0.4012829806,0.3247159215
0,365,0.61491717135,0.46450162955,0.4117471741,0.3166316053
0,365,0.56090846255,0.49096017184999996,0.3765236199,0.3348374281
0,365,0.3714267831,0.5472431440000001,0.2505981488,0.3736293382
0,365,0.15276420965,0.7009338485,0.1052574853,0.4815786318
0,365,1.403908611,0.7200214047,0.9413926052,0.5012887764
0,365,1.397435986,0.71201195725,0.9367565876,0.4960877551
0,365,0.9720893769000001,0.7859080021,0.6524752922,0.5437942808
0,365,0.3213473213,0.6837665133499999,0.2183750742,0.4697705027
0,365,0.2947018715,0.68534148015,0.2013332364,0.4703407035
0,365,0.2720462271,0.6842771053,0.1872185948,0.4708396462
0,365,0.9352817976500001,0.6147229656,0.6263007035,0.417947904
0,365,0.93406296295,0.61216879515,0.6264931107,0.4149267255
0,365,0.8404050272,0.4766873946,0.5631512716,0.3271205746
0,365,0.83865910405,0.46569421434999997,0.5605317737,0.3195159901
0,365,0.85862591495,0.4153788668,0.5736945745,0.2835606416
0,365,0.86112835875,0.4136122662,0.5755387709,0.2830071994
0,365,1.21171924055,0.50228393675,0.8096486935,0.3456978113
0,365,1.20946516305,0.5009218587,0.8084852047,0.3440729094
0,365,1.1561260467999999,0.51800540095,0.772427937,0.3528772999
0,365,1.1849907338,0.51303402675,0.793057518,0.3524038357
0,365,1.18539862175,0.51101618365,0.7936792003,0.3513517233
0,365,1.18982552115,0.5107431412,0.7958102445,0.3507729388
0,365,1.3099846013,0.5271670354,0.876805715,0.3634474734
0,365,0.83243461525,0.5005231268,0.5564873891,0.3435956302
0,365,0.8357000956,0.5010971425999999,0.5588353706,0.3436504022
0,365,0.5986053311999999,0.4810138129,0.400768617,0.3297898228
0,365,0.615128666,0.48185473985000005,0.4123423334,0.3294017865
0,365,0.617020236,0.48276658414999996,0.4126578506,0.3295310865
0,365,0.77973258925,0.5967726091500001,0.5230120577,0.4119684939
0,365,0.7864470648499999,0.59858737355,0.5278536675,0.4128466167
0,365,0.8422539763,0.3807430867,0.5623819494,0.2591048188
0,365,0.90924480705,0.4294715458,0.6082282223,0.2925869812
0,365,0.90148680965,0.42743612655,0.6023865549,0.2930161645
0,365,0.90920387255,0.42744709459999997,0.6077857623,0.290810162
0,365,0.9052532692999999,0.42835784899999996,0.6049324628,0.2925204918
0,365,0.8421458143,0.3889861326,0.5626678772,0.2651599832
0,365,0.8450747735499999,0.38971703869999996,0.5645709457,0.2650764628
0,365,0.84570703445,0.3938685364,0.5647917157,0.2673850606
0,365,0.8484560048,0.3916514977,0.5670329916,0.2667000022
0,365,0.8424794224,0.40991822349999996,0.5625869282,0.2766537866
0,365,0.8445867031500001,0.4076470941,0.5643307049,0.2775682878
0,365,0.8446904957,0.40673252475,0.5642013092,0.2772030051
0,365,0.8392874938,0.407443777,0.5608801764,0.2775310238
0,365,0.841362234,0.41191998935,0.5623471474,0.2782014355
0,365,0.9232936227,0.42790393645,0.6174731212,0.2927239111
0,365,0.9316776938,0.42837928869999997,0.6223285072,0.292619895
0,365,0.94183307205,0.4299027048,0.6292338789,0.2937130766
0,365,0.9308797349,0.4479722107,0.6223242364,0.3069653056
0,365,0.9181068079000001,0.43059873125000003,0.6137295358,0.2945416049
0,365,0.9154021448999999,0.43364245889999997,0.6114940858,0.2938367904
0,365,0.91687862125,0.42823577015000003,0.6125821449,0.2929812849
0,365,0.9139063512,0.4273622117,0.6108812956,0.292683309
0,365,0.9123347445000001,0.42153056334999994,0.6095931638,0.2888821067
0,365,0.8962902047000001,0.4176190677,0.5993452942,0.2868401476
0,365,0.8565485302,0.38972378305,0.5722620222,0.2660935593
0,365,0.8424601816999999,0.41025278219999994,0.562310429,0.275988348
0,365,1.03687043745,0.42493541809999996,0.6926007079,0.2880910468
0,365,0.87644052455,0.44596676620000003,0.5855738427,0.304325351
0,365,0.8606244971999999,0.56411202635,0.576162293,0.3876805295
0,365,0.8557933126,0.564597208,0.5730255186,0.388306456
0,365,0.8788565000499999,0.6461064892499999,0.5893828925,0.4451488653
0,365,0.8592333392,0.6398468837,0.575930791,0.4416792924
0,365,0.9213286707999999,0.64822570145,0.618128379,0.4468702313
0,365,0.90335078335,0.64075641185,0.6062678149,0.4434795463
0,365,0.9389041128,0.6497033184500001,0.6286400994,0.4471171139
0,365,0.9108417870000001,0.6569854704,0.6105314364,0.4408241956
0,365,0.93401482285,0.6656829057,0.6267537421,0.4594052472
0,365,0.8948018466000001,0.6572285381,0.6009391312,0.4530304434
0,365,0.8843126631,0.66021517755,0.5927884238,0.4563471453
0,365,0.9662410403999999,0.6553672447500001,0.6473143324,0.4539250523
0,365,1.2895547099,0.6518625878,0.8642336274,0.4510912158
0,365,0.9451577310499999,0.64237634065,0.6325308649,0.4436025789
0,365,0.9519173572,0.7445057715000001,0.6387855562,0.5159724342
0,365,1.0008674423,0.76832068035,0.6717207676,0.5314690879
0,365,0.99727663285,0.7657651999499999,0.6691829853,0.5302087875
0,365,1.1191584093,0.74573875405,0.75208827,0.5173176175
0,365,1.13100302885,0.7373474014500001,0.7600415109,0.5115724189
0,365,0.9286603827,0.46220556655,0.6206632484,0.3158244681
0,365,0.9343689747499999,0.45735967745,0.6250544259,0.3138315585
0,365,0.6939542275999999,0.38924268885,0.463904864,0.2629004349
0,365,0.9731891643999999,0.46455592465,0.6506884346,0.3182018715
0,365,0.9719139874,0.46543758995,0.6506094786,0.3186792869
0,365,1.11062618355,0.48592537385,0.7433683131,0.3343720025
0,365,1.11637003755,0.4871161193,0.7461454163,0.3343715938
0,365,1.06319611555,0.47321916145,0.7116343055,0.3242420485
0,365,0.94768286505,0.46083960535,0.6331976211,0.3158423167
0,365,0.8806648214,0.43378511125,0.589016169,0.2954330801
0,365,1.0945004648499999,0.4854936699,0.7325318767,0.3322747264
0,365,1.09504641075,0.48696243075,0.7313909249,0.3306844317
0,365,1.4906167364,0.60239933945,0.9987439104,0.4155318059
0,365,0.8342031520000001,0.38595991295,0.5573439462,0.2609785109
0,365,0.83395869515,0.38743364695000004,0.5572180767,0.2626406087
0,365,0.24742622755,1.0412815143,0.1716394353,0.7124366444
0,365,0.259993984,1.0448494588500001,0.1802365122,0.7166807911
0,365,0.26911354995,1.0451971654999999,0.1874745501,0.7175685876
0,365,1.0239807629,0.7531373986500001,0.6864521088,0.5238015565
0,365,1.0252666718,0.7578372972,0.6873040666,0.5205057006
0,365,0.9734948695000001,0.75854313365,0.6525386102,0.5262040297
0,365,0.222501366,0.9376058651999999,0.1548773162,0.6502836698
0,365,0.90795560185,0.8045069023,0.6089558435,0.556011156
0,365,0.8889043734,0.80109796005,0.5985718324,0.5542189407
0,365,0.89013746615,0.7919206569499999,0.5966289027,0.5471165689
0,365,0.97618895405,0.820007916,0.6556924023,0.5706875926
0,365,0.96696137935,0.8125188023500001,0.6501866427,0.5655446133
0,365,0.9398898358,0.8355608404999999,0.633072978,0.5771283408
0,365,0.91255192945,0.8569507149,0.6127653533,0.594467774
0,365,0.88656774375,0.67201616,0.5954131343,0.4649859936
0,365,0.36436999895,1.01216360195,0.2486968435,0.7031953043
0,365,0.2900862444,1.0574524628,0.1996001916,0.734399661
0,365,0.4035143295,1.07640608645,0.2773829214,0.7461757717
0,365,0.40013217835000003,1.05839809685,0.2717095911,0.7357077847
0,365,0.385446141,1.0659300608,0.2623463348,0.7386036144
0,365,0.4077605501,0.90390229875,0.2768006404,0.6257910599
0,365,0.77619306275,0.6483451915,0.5206167027,0.4487995128
0,365,0.7067930023,0.5124820151,0.4728342458,0.3513701168
0,365,0.70775649495,0.50460615955,0.4737190125,0.3457286035
0,365,0.71046445415,0.5048725938,0.4752831069,0.345021064
0,365,0.6977385941500001,0.5061036689,0.4670591161,0.346513941
0,365,0.7102162412499999,0.51238003305,0.4759208871,0.3512386369
0,365,0.6933248796,0.506134938,0.4640952782,0.3456606154
0,365,0.707380036,0.50651984055,0.47339353,0.3463672011
0,365,0.70322373325,0.50630858695,0.4704661805,0.3460414305
0,365,0.70081151385,0.5137547823499999,0.4689327485,0.3519942721
0,365,0.75965194375,0.48076182095,0.5083325361,0.3288757303
0,365,0.84689535995,0.5445636091,0.5668635813,0.3737049562
0,365,0.8524146877000001,0.54499776555,0.5704070938,0.3739655999
0,365,0.8571748885499999,0.5433532438,0.5735276171,0.3739138254
0,365,0.69631593055,0.5131118929,0.4663144771,0.3521753466
0,365,0.77141638085,0.47783989964999996,0.5159319317,0.3272880243
0,365,0.76952580735,0.47934524324999994,0.5145927467,0.3279882063
0,365,0.76689657415,0.4788376488,0.5126430713,0.3278831586
0,365,0.7675662433000001,0.47626472845,0.513667199,0.3265179467
0,365,0.78727564245,0.48388327845,0.5265246011,0.3284620793
0,365,0.7966270937,0.4815336698,0.5331995222,0.3288144184
0,365,0.7830386207,0.48302348105,0.5239303998,0.3282540275
0,365,0.79748679365,0.47795959415,0.5333585073,0.3269611637
0,365,0.79487856425,0.47752645954999995,0.5315814617,0.3269102067
0,365,1.2809121758500002,0.65117616685,0.8581716499,0.4509538771
0,365,0.30621303634999997,1.0588304820999999,0.2098814833,0.7340285196
0,365,0.313883224,1.0608797987,0.2151772814,0.734249515
0,365,0.32079462955,1.05988027825,0.2192071013,0.7324131551
0,365,0.32571327895,1.0652961638,0.2233952931,0.7374311944
0,365,0.3367055575,1.05627718165,0.2307739186,0.7315926655
0,365,0.34694081705,1.0566616754,0.2372683141,0.7309885388
0,365,0.36113360975,1.0639143295,0.2464363269,0.736272263
0,365,0.345988363,1.07101172835,0.237121594,0.7401500371
0,365,0.37241913685,1.0639870863,0.2545030957,0.7407733748
0,365,0.39766020550000003,0.9025297295,0.270454958,0.6255354574
0,365,0.38421086355,0.9311074839,0.2626159349,0.6444154386
0,365,0.38837379715,0.90970717425,0.2642676475,0.6297657067
0,365,0.8557933126,0.564597208,0.5730255186,0.388306456
0,365,0.36436999895,1.01216360195,0.2486968435,0.7031953043
0,365,0.77619306275,0.6483451915,0.5206167027,0.4487995128
0,365,0.75965194375,0.48076182095,0.5083325361,0.3288757303
0,365,1.2809121758500002,0.65117616685,0.8581716499,0.4509538771
