0,365,1.16864064215,1.2269990408,0.7881406317,0.852920082
0,365,1.14486930415,1.225225151,0.7720169061,0.8510448912
0,365,1.10068340595,0.8868639911,0.7397832529,0.6186598034
0,365,0.84981780335,0.4099434977,0.5680529799,0.2785608596
0,365,0.83918726575,0.39060830955000003,0.5606927519,0.2653768911
0,365,0.83540044615,0.391893816,0.5580487239,0.2661139966
0,365,0.32712877515,1.0823385589,0.2251849869,0.7495731328
0,365,0.3554202649,1.06086297195,0.2463757684,0.7353301033
0,365,0.42408837305,1.0681374940000001,0.2887373241,0.7382783888
0,365,0.38895638475000005,1.0602057764000001,0.2664081971,0.7339693876
0,365,0.41869817265,0.96783202445,0.2842738597,0.6723342943
0,365,0.46065931435,0.9965574723999999,0.3113040089,0.6894956346
0,365,0.4234062089,1.03113807165,0.2881818728,0.7133593205
0,365,0.39117405055,0.988554088,0.2672572419,0.6849680906
0,365,0.4341495079,1.04575006265,0.29463909,0.7234103865
0,365,0.92396917255,0.6127381626999999,0.6194413475,0.4227306418
0,365,0.8995260956,0.5973168545499999,0.604820238,0.4122836371
0,365,0.912617836,0.61374905985,0.611606004,0.4239929859
0,365,0.9104145050000001,0.6094023179,0.61016134,0.4201417804
0,365,0.9022710799,0.6082508120000001,0.604439563,0.4190707294
0,365,0.91426747885,0.6093006082,0.6118160421,0.4195233476
0,365,0.8935551091,0.60112718545,0.5991723576,0.4132362879
0,365,1.1783110601,0.746820228,0.790748018,0.5177929892
0,365,1.18407492135,0.7282581831499999,0.7931536449,0.5045685549
0,365,1.1839248283500001,0.7343515652,0.7936457781,0.509266001
0,365,0.48016894735,1.0250895835,0.3248611295,0.7116085248
0,365,0.46670396765,1.0257302249,0.3162823735,0.7119984686
0,365,0.5045198834,0.96156594715,0.3420333596,0.6658635715
0,365,0.4580812875,1.0196313928,0.3108509704,0.7040863708
0,365,0.40658517955,1.06140966985,0.2775825343,0.7357929401
0,365,0.47102845425,1.00387654775,0.3194997903,0.6956005297
0,365,0.69202141655,0.6607111909,0.4646787857,0.4567647476
0,365,0.7695117793,0.65201314255,0.5159181336,0.4495199959
0,365,0.71247936415,0.4987818686,0.4773318223,0.3417739852
0,365,0.6986322529,0.49949724235,0.4675279458,0.3425240343
0,365,0.7011611431,0.50126874785,0.4697672286,0.3438644489
0,365,0.70695789,0.5003175957,0.4733896972,0.3438674464
0,365,0.69678238385,0.50300421555,0.4662300019,0.3451902849
0,365,0.6828488811,0.41992718875,0.4566617668,0.2868577237
0,365,0.67799224665,0.4204296057,0.4533821051,0.2872818658
0,365,0.6811914959500001,0.42264971004999996,0.4553106235,0.2876972881
0,365,0.67530007865,0.42057518755,0.4515417415,0.2872863621
0,365,0.7097259016499999,0.40656160855,0.4741825989,0.2768403617
0,365,0.70638646785,0.4071377206,0.4726608319,0.2773516018
0,365,0.5703433925,0.47754696490000004,0.3821797792,0.326901623
0,365,0.68368780725,0.60904296195,0.4585082629,0.4193524917
0,365,0.73588520515,0.461441007,0.4923875729,0.3155270372
0,365,0.74258174325,0.4507621071,0.4960992693,0.3047966352
0,365,0.7125222916,0.4534135066,0.476658167,0.307737427
0,365,0.69882519675,0.4855082485,0.4673708005,0.331324528
0,365,0.6075254376,0.79310050245,0.4088431282,0.5481625501
0,365,0.62106140105,0.7882114907,0.4169800375,0.5421147432
0,365,0.59095733555,0.7874163433500001,0.3972749311,0.5451985961
0,365,0.5909132582,0.7834939478,0.397008014,0.5344416256
0,365,0.8743915792000001,0.6668776024,0.5864693412,0.461593265
0,365,0.87738638625,0.6762530111,0.5880610319,0.4638083962
0,365,0.669236798,0.5430638516499999,0.4478737392,0.3733884505
0,365,0.6767318644,0.5416510889,0.4533672338,0.3719102884
0,365,0.68140996635,0.54794026035,0.4565564411,0.3756903721
0,365,0.6546787765,0.4441601767,0.4378362144,0.3037897574
0,365,0.7451045009,0.47797028965,0.498390985,0.3277395525
0,365,0.7436300176499999,0.4779107489,0.4976181365,0.3265111342
0,365,0.73934554555,0.4789869092,0.4945644575,0.3280473382
0,365,1.17842727095,0.50995855315,0.7890713921,0.3502106405
0,365,0.5942161467,0.47553736485,0.3978345218,0.3244239405
0,365,1.03434714315,0.4809563841,0.6924843437,0.329011979
0,365,0.8539418338,0.47237223964999997,0.571388294,0.3217873921
0,365,0.5917216752,0.41220597529999997,0.3960108692,0.2802319498
0,365,0.5943225238000001,0.4109230285,0.397278523,0.2796631504
0,365,0.82556997,0.3991678611,0.55210771,0.2713881834
0,365,0.6860777196000001,0.38426749974999996,0.4583903656,0.2605388363
0,365,0.6890466168,0.3843444803,0.4602675242,0.2601965796
0,365,0.6879946629,0.3813119251,0.4594974354,0.2578011914
0,365,0.25599532485,0.69492221565,0.1739089207,0.4785998267
0,365,0.2548615787,0.69748157915,0.1727851398,0.4798725257
0,365,0.631207931,0.43997693309999997,0.4221537222,0.2999020372
0,365,0.6473331132,0.41640543244999995,0.432888359,0.2828934317
0,365,0.6229075905,0.4428599554,0.4170432022,0.301897808
0,365,0.57810361285,0.49062268375000007,0.3879377379,0.3346567623
0,365,0.23457047345,0.69701465485,0.1608697665,0.4820176251
0,365,0.90839706535,0.8840674867,0.6111541919,0.6125604944
0,365,0.9353780012499999,0.6146660136,0.6263007035,0.417947904
0,365,0.9341111031,0.6121293354499999,0.626589391,0.4149267255
0,365,0.8354278892,0.47702349745000006,0.55992067,0.3272757619
0,365,0.8345765446,0.46604348785,0.557868735,0.3192831411
0,365,0.852326303,0.40422486755000003,0.5692871458,0.2757271593
0,365,0.8546496012,0.40279888875000003,0.5709162448,0.2751737171
0,365,1.2129216708000001,0.5008474669,0.8105651958,0.3445508698
0,365,1.20907896885,0.5010470712,0.8083088953,0.3440729094
0,365,1.2269387289,0.5412048744,0.819754749,0.3690802668
0,365,1.2548861471000001,0.5333140314,0.8387862002,0.367081226
0,365,1.25629094975,0.5313748038,0.8402957153,0.3662920736
0,365,1.2630064219500001,0.5309204143999999,0.8444392931,0.3651347772
0,365,0.8327857776,0.5000582463000001,0.5571897138,0.3436504022
0,365,0.8352541093499999,0.50434980765,0.5585584881,0.3458919657
0,365,0.5636854125,0.4832536733,0.3780343616,0.3316445762
0,365,0.57869386615,0.48898695005000004,0.3871869665,0.3319907841
0,365,0.5818314070999999,0.48860654375,0.3890230374,0.3336718205
0,365,0.6777900275,0.6493898783500001,0.4552890064,0.4486236157
0,365,0.6839784878,0.650574152,0.4600852356,0.4492277424
0,365,0.8414215659000001,0.37709346115,0.5620144592,0.2564925227
0,365,0.90925316255,0.4293550532,0.6083430533,0.2926452956
0,365,0.90134867505,0.42752203135,0.6022721837,0.2929271941
0,365,0.90919025325,0.42725764085,0.6078677845,0.2906645121
0,365,0.90372302615,0.42706144275,0.6037596219,0.2920629687
0,365,0.8394547961500001,0.38192422665,0.5608267471,0.2602294155
0,365,0.8429721688,0.382722644,0.5629030586,0.26002368
0,365,0.841006319,0.38650388585,0.5616975622,0.2624068059
0,365,0.8416405729,0.3843215224,0.5621746708,0.2616733792
0,365,0.8529241453,0.3889924681,0.5697236266,0.2639742108
0,365,0.8392011406,0.39066423964999997,0.5607097696,0.2656527947
0,365,0.8497618442999999,0.40965921475,0.5679021204,0.2779824839
0,365,0.82539734015,0.39912903025,0.5519810739,0.2714358705
0,365,0.83539086425,0.3915326888,0.5580783133,0.2658124782
0,365,0.84207329755,0.41014391954999996,0.5623088193,0.2764977819
0,365,0.8440871445,0.40714027165,0.5639852918,0.2776103887
0,365,0.8449938528500001,0.40651900155,0.5643900369,0.2770467279
0,365,0.8394717107,0.40788154750000005,0.5606080546,0.277599423
0,365,0.8414963058,0.41110532025,0.5623681512,0.2786111353
0,365,0.92355741335,0.42841398345000004,0.6176958077,0.2936281937
0,365,0.9319224463,0.42856585205,0.6224916756,0.2927442705
0,365,0.9421757256,0.4300144287,0.6294623146,0.2938872024
0,365,0.9713755538,0.4639371512,0.6495908702,0.318646996
0,365,0.92932092975,0.4487384052,0.6212677597,0.3071679074
0,365,0.92327880615,0.4508871833,0.6165100119,0.3057727208
0,365,0.9253287481,0.44501793030000003,0.6182580814,0.3047120248
0,365,0.9192626311500001,0.4448361746,0.6148750871,0.305104421
0,365,0.9231599123500001,0.43543324365,0.6168655437,0.2982284945
0,365,0.91221286095,0.43309807725000005,0.6101653261,0.2972131693
0,365,0.8565485302,0.38972378305,0.5722620222,0.2660935593
0,365,0.84203956875,0.4104085826,0.5622505605,0.2763766568
0,365,1.03731090435,0.4252302603,0.6927491145,0.2880910468
0,365,0.870825683,0.42962973055,0.5821217044,0.2929673875
0,365,0.8560734913000001,0.5289612945,0.5733525342,0.36302156
0,365,0.84907968025,0.52897709935,0.5684965131,0.3632166681
0,365,0.85203600575,0.6514105146,0.5720030773,0.4484180164
0,365,0.8536742267999999,0.6380799425,0.5723558494,0.4405758142
0,365,0.8661996306499999,0.6517366939,0.5809488635,0.4490548428
0,365,0.87169435185,0.63820099955,0.5840752127,0.4410585433
0,365,0.8788537404,0.6493016573,0.5889925588,0.446849249
0,365,0.8408155214499999,0.66554352325,0.5638995901,0.4587245487
0,365,0.8033556740000001,0.65016574655,0.5384823654,0.4489292215
0,365,0.81321006705,0.66096822405,0.5464756209,0.4574820969
0,365,0.85678900085,0.66112184445,0.5749196949,0.4572849451
0,365,1.28901443655,0.65158825105,0.8633070065,0.4512286907
0,365,0.7764651925000001,0.6579024241,0.5216012758,0.4541520426
0,365,0.7924035634,0.7719632892,0.5329393508,0.5344902664
0,365,0.8061704921499999,0.78269839175,0.5437274937,0.5410679445
0,365,0.8051349426500001,0.7794560134999999,0.5424146785,0.5384719982
0,365,0.98806239635,0.67993322455,0.6631280601,0.4710055971
0,365,0.99816791525,0.6771973508,0.6692677671,0.469139535
0,365,0.8712493622499999,0.44985053515,0.5821831827,0.3069778405
0,365,0.8751706369000001,0.44652811085,0.5852249034,0.3059358105
0,365,0.9478823246999999,0.4620226527,0.633446294,0.3169966156
0,365,0.95062569915,0.46301563315,0.6352136809,0.3166034019
0,365,1.0694745703500002,0.47965153039999997,0.7151307511,0.3297725192
0,365,1.0705935985,0.4794706602,0.7151985152,0.3286875708
0,365,0.98631486345,0.46553098844999996,0.6599380863,0.3187859697
0,365,0.8817725811000001,0.44999325565,0.5900695794,0.3080578839
0,365,0.8528270984,0.40593070125,0.5699174136,0.2762274645
0,365,0.9045207879499999,0.45898689559999994,0.6053168173,0.31340946
0,365,0.9050061754,0.46003294495,0.6044030746,0.3119743525
0,365,1.3458706956,0.5497739634,0.9009295952,0.3768657896
0,365,1.2862702189,0.5314945663999999,0.8614204958,0.3642281784
0,365,1.28537441375,0.5261733737500001,0.8597070749,0.3608263211
0,365,0.24784166615,1.0419062146,0.1722145873,0.714140298
0,365,0.25949636985,1.0446933178,0.1799437619,0.7161605936
0,365,0.26911354995,1.0451971654999999,0.1874745501,0.7175685876
0,365,1.2088490767,0.751766873,0.812886041,0.5221033528
0,365,1.20675781705,0.75474227195,0.8076775543,0.5197089183
0,365,1.16869545135,0.75436847365,0.7833654063,0.5240142407
0,365,0.23360701915,0.9405497226,0.1637291219,0.6519245128
0,365,1.0622920315000002,0.766632491,0.711917627,0.5302034738
0,365,1.0522593361500001,0.7603884178,0.7076964731,0.5257875174
0,365,1.0483277896,0.7583679178,0.7063933166,0.5239041518
0,365,1.12181056275,0.7568315094,0.7543131415,0.5260796346
0,365,1.120568118,0.75212452585,0.7528441008,0.5236285207
0,365,1.0854517292499999,0.7661643405,0.7292178731,0.5294982506
0,365,1.0652564558,0.7699467631000001,0.714283546,0.5337145626
0,365,0.92049366265,0.6209794199500001,0.6172994181,0.4286015979
0,365,0.46585285305,0.7371200024,0.3137636019,0.5084000044
0,365,0.45542737095,0.74170872205,0.3071127509,0.5086943015
0,365,0.76043843705,1.33857650095,0.5166298103,0.9375651269
0,365,0.3794024843,0.9906241825,0.2596323964,0.6876103614
0,365,0.420543519,0.95845682005,0.2853186846,0.6624019009
0,365,0.5397911944,1.0503871507,0.3657957288,0.7296835488
0,365,0.56581093745,0.9978662773,0.3828186325,0.6940114612
0,365,0.53672877665,1.0034865359,0.3622795059,0.6951556778
0,365,0.41686934589999997,0.9176076228,0.2830685166,0.6355692198
0,365,0.7757683871000001,0.64899210025,0.5204952792,0.4489074217
0,365,0.70635613825,0.49170081965,0.4724011379,0.3353467257
0,365,0.7059492468,0.4892782498,0.472499258,0.3335303944
0,365,0.70860002045,0.48754966265,0.4737147197,0.3313280705
0,365,0.7024136298,0.48801699565,0.4698244142,0.3331788727
0,365,0.70895355915,0.4921735345,0.4745616181,0.3368300652
0,365,0.6999610893,0.48771207105000003,0.4679717856,0.3316812271
0,365,0.7038585238,0.48976200085,0.470781851,0.3339526291
0,365,0.70073439765,0.48930372825,0.4686169247,0.3323450307
0,365,0.70360701465,0.49319315155,0.4707476623,0.3374863751
0,365,0.7902833277,0.47780249934999997,0.5283094656,0.3268044777
0,365,0.64043933855,1.3699649296,0.4381892931,0.9639954656
0,365,0.8470899902,0.513947438,0.566484746,0.3524577902
0,365,0.8515153564,0.5141579422,0.569626733,0.3520482266
0,365,0.8559969116,0.51354250685,0.5724735934,0.3526439059
0,365,0.69911863695,0.49201800660000006,0.4679628935,0.3369408354
0,365,0.77283459845,0.47731479715,0.5169562127,0.3272179925
0,365,0.76925659055,0.4796077945,0.5145927467,0.3280931178
0,365,0.7664385273500001,0.47918780790000004,0.5123573989,0.3278831586
0,365,0.7682651184,0.47635220015,0.5140018802,0.3264827945
0,365,0.76920040155,0.48215053575,0.5143641577,0.3272286199
0,365,0.8119266111500001,0.47886149229999997,0.5433110969,0.326641388
0,365,0.7937418284,0.48376699025000003,0.531745966,0.3285079951
0,365,0.79847573615,0.4802267723,0.5337885489,0.3287443866
0,365,0.7948517893,0.47760303130000004,0.5314954534,0.3266554216
0,365,1.2807323402500002,0.6513821748999999,0.8577083395,0.4509541496
0,365,0.31461736105,1.0043348883999998,0.2148616109,0.6961749542
0,365,0.32974995954999997,1.00176517,0.2250770549,0.6936345974
0,365,0.33407735905,1.0084239841,0.2297405155,0.6977949512
0,365,0.320536068,1.0173591733,0.2214066762,0.7034261096
0,365,0.4878146433,1.04240679225,0.332409932,0.7226615637
0,365,0.51631322,1.0312196846,0.3513717792,0.7162927548
0,365,0.52819716425,1.0408746757,0.3586579573,0.7222013156
0,365,0.5026641118999999,1.0464738839,0.3409480602,0.7252964772
0,365,0.52093735585,0.9876743302,0.3543383767,0.6868810222
0,365,0.40456697340000003,0.9099548063,0.2761987354,0.6300914774
0,365,0.3934402397,0.9450744054,0.2669829658,0.6558313078
0,365,0.39412067905,0.91797624365,0.2676428995,0.6354407373
0,365,0.84907968025,0.52897709935,0.5684965131,0.3632166681
0,365,0.3794024843,0.9906241825,0.2596323964,0.6876103614
0,365,0.7757683871000001,0.64899210025,0.5204952792,0.4489074217
0,365,0.7902833277,0.47780249934999997,0.5283094656,0.3268044777
0,365,1.2807323402500002,0.6513821748999999,0.8577083395,0.4509541496
