1,364,0.2319849343,0.5115135595,0.006702823899999988,0.028053196899999966,-1,-1,-1,-1
2,364,0.2352599966,0.51302265,0.006702823900000016,0.028053196899999966,-1,-1,-1,-1
3,364,0.2383733142,0.5141725889,0.0076327409999999984,0.027765712200000014,-1,-1,-1,-1
4,364,0.2416887743,0.5152505886,0.00658155370000002,0.028125000000000067,-1,-1,-1,-1
5,364,0.2448739955,0.5164723306,0.007884326900000016,0.027765712200000014,-1,-1,-1,-1
6,364,0.24810866,0.5174785272,0.005903069000000011,0.028484287800000008,-1,-1,-1,-1
7,364,0.2511815797,0.519059557,0.005620054099999994,0.027621833600000034,-1,-1,-1,-1
8,364,0.2539714078,0.520209496,0.005822196700000004,0.02783737900000005,-1,-1,-1,-1
9,364,0.2555483039,0.5221498136,0.0055391817000000065,0.028556090899999997,-1,-1,-1,-1
10,364,0.2570038531,0.524377616,0.005822273300000014,0.028987317899999976,-1,-1,-1,-1
11,364,0.2578933724,0.5268929031,0.005660528599999992,0.029346605799999925,-1,-1,-1,-1
12,364,0.2579742447,0.5293363871,0.0058626712000000025,0.028771636300000014,-1,-1,-1,-1
13,364,0.2586211469,0.5314204471,0.00594354359999999,0.029849636000000013,-1,-1,-1,-1
14,364,0.2593085237,0.5341512796,0.00594354359999999,0.028484151600000063,-1,-1,-1,-1
15,364,0.2604406601,0.5364508851,0.005498783900000026,0.029346605699999917,-1,-1,-1,-1
16,364,0.2610066899,0.5393973993,0.005498784000000034,0.029346605800000036,-1,-1,-1,-1
17,364,0.2613301794,0.5418407471,0.005579656300000013,0.029993514499999985,-1,-1,-1,-1
18,364,0.2614918475,0.5445715796,0.005620130700000003,0.03056834779999995,-1,-1,-1,-1
19,364,0.2612897049,0.5466556396,0.005781798800000015,0.03128705970000001,-1,-1,-1,-1
20,364,0.26169399,0.5486677603,0.005620130800000012,0.030640423300000053,-1,-1,-1,-1
21,364,0.2615255762,0.5509868493,0.005738488099999994,0.03093853550000003,-1,-1,-1,-1
22,364,0.2617360743,0.552183794,0.006369752399999984,0.03116307340000002,-1,-1,-1,-1
23,364,0.2619885801,0.5530067361,0.006285660500000012,0.031088136600000094,-1,-1,-1,-1
24,364,0.2597998904,0.5548022214,0.00809551489999999,0.03131253810000001,-1,-1,-1,-1
25,364,0.2591264651,0.5554007619,0.006117246600000015,0.03213548030000002,-1,-1,-1,-1
26,364,0.2590002122,0.5559243656,0.0061172466999999675,0.03213548030000002,-1,-1,-1,-1
27,364,0.2589160436,0.5571961109,0.00683275630000002,0.03116307340000002,-1,-1,-1,-1
28,364,0.2579058673,0.5592907983,0.007295760099999993,0.03310815970000003,-1,-1,-1,-1
29,364,0.2574007792,0.561011483,0.008179683500000035,0.03168667709999995,-1,-1,-1,-1
30,364,0.2592527946,0.5612358846,0.006874840499999979,0.03198601550000002,-1,-1,-1,-1
31,364,0.259505377,0.5625077662,0.007043100999999996,0.031162937100000065,-1,-1,-1,-1
32,364,0.2599683808,0.5640788498,0.007043101100000004,0.03213548030000002,-1,-1,-1,-1
33,364,0.2602629709,0.5652757946,0.008179606800000017,0.03243481859999997,-1,-1,-1,-1
34,364,0.2612731471,0.5662483378,0.007884940200000023,0.03213548020000001,-1,-1,-1,-1
35,364,0.2600946337,0.5678192852,0.008474196899999953,0.030639333300000016,-1,-1,-1,-1
36,364,0.2594632927,0.5693903689,0.007506104899999977,0.030040792799999938,-1,-1,-1,-1
37,364,0.2598842122,0.5711857179,0.007716526399999979,0.03280895750000001,-1,-1,-1,-1
38,364,0.2590844574,0.5727568015,0.007800771599999978,0.03206081599999999,-1,-1,-1,-1
39,364,0.2571061892,0.5743278852,0.008768863500000001,0.032135616499999964,-1,-1,-1,-1
40,364,0.2576533616,0.5756745673,0.008390028299999963,0.033856164999999994,-1,-1,-1,-1
41,364,0.2587477064,0.576721911,0.007800771599999978,0.03273402069999998,-1,-1,-1,-1
42,364,0.2576954459,0.5794151389,0.007885016800000033,0.03011559340000003,-1,-1,-1,-1
43,364,0.2574007792,0.5821083668,0.007969185400000023,0.03063919709999996,-1,-1,-1,-1
44,364,0.2576953692,0.5842030542,0.007211591599999956,0.033033222800000095,-1,-1,-1,-1
45,364,0.2554645952,0.5868213453,0.007253675900000034,0.03355696280000009,-1,-1,-1,-1
46,364,0.2543702504,0.5893648358,0.006959085799999987,0.034529642299999996,-1,-1,-1,-1
47,364,0.2545807485,0.5913099222,0.006580173899999986,0.03310815960000002,-1,-1,-1,-1
48,364,0.2538850162,0.5928763734,0.007110558600000039,0.03540844630000006,-1,-1,-1,-1
49,364,0.252818191,0.5945252551,0.008594853799999969,0.03375956460000007,-1,-1,-1,-1
50,364,0.2529573221,0.5949374074,0.010496695800000011,0.03351227319999994,-1,-1,-1,-1
51,364,0.2529573221,0.5949374074,0.010496695800000011,0.03351227319999994,-1,-1,-1,-1
52,364,0.253110098,0.5948946253,0.010343919899999998,0.033555055299999914,-1,-1,-1,-1
53,364,0.253110098,0.5948946253,0.010343919899999998,0.033555055299999914,-1,-1,-1,-1
54,364,0.2529709669,0.5948946253,0.010483051000000021,0.033555055299999914,-1,-1,-1,-1
55,364,0.2528317591,0.5948946253,0.010622258800000006,0.033555055299999914,-1,-1,-1,-1
56,364,0.2528317591,0.5948946253,0.009694488000000001,0.033555055299999914,-1,-1,-1,-1
57,364,0.2529709669,0.5948946253,0.00960173390000002,0.033555055299999914,-1,-1,-1,-1
58,364,0.2529709669,0.5948946253,0.00960173390000002,0.033555055299999914,-1,-1,-1,-1
59,364,0.2532028521,0.5948946253,0.009369848700000016,0.033555055299999914,-1,-1,-1,-1
60,364,0.2532028521,0.5948946253,0.009369848700000016,0.033555055299999914,-1,-1,-1,-1
61,364,0.2529245132,0.5950594862,0.009648187600000024,0.033390194399999906,-1,-1,-1,-1
62,364,0.2529245132,0.5950594862,0.009648187600000024,0.033390194399999906,-1,-1,-1,-1
63,364,0.2529245132,0.5950594862,0.009648187600000024,0.033390194399999906,-1,-1,-1,-1
64,364,0.2529245132,0.5948946253,0.009648187600000024,0.033555055299999914,-1,-1,-1,-1
65,364,0.2529245132,0.5948946253,0.009648187600000024,0.033555055299999914,-1,-1,-1,-1
66,364,0.2529245132,0.5948946253,0.009648187600000024,0.033555055299999914,-1,-1,-1,-1
67,364,0.2529245132,0.5948946253,0.009648187600000024,0.033555055299999914,-1,-1,-1,-1
68,364,0.2529245132,0.5948946253,0.009648187600000024,0.033555055299999914,-1,-1,-1,-1
69,364,0.2529245132,0.5948946253,0.009648187600000024,0.033555055299999914,-1,-1,-1,-1
70,364,0.2529245132,0.5948946253,0.009648187600000024,0.033555055299999914,-1,-1,-1,-1
71,364,0.252692628,0.5949770557,0.009880072800000028,0.033472624899999914,-1,-1,-1,-1
72,364,0.252692628,0.5949770557,0.009880072800000028,0.033472624899999914,-1,-1,-1,-1
73,364,0.252692628,0.5948946253,0.009880072800000028,0.033555055299999914,-1,-1,-1,-1
74,364,0.253063721,0.5946473339,0.009508979799999984,0.03380234669999993,-1,-1,-1,-1
75,364,0.253063721,0.5946473339,0.009508979799999984,0.03380234669999993,-1,-1,-1,-1
76,364,0.253063721,0.5948946253,0.00955535679999997,0.033555055299999914,-1,-1,-1,-1
77,364,0.253063721,0.5948946253,0.00955535679999997,0.033555055299999914,-1,-1,-1,-1
78,364,0.253063721,0.5948946253,0.00955535679999997,0.033555055299999914,-1,-1,-1,-1
79,364,0.253063721,0.5948946253,0.00955535679999997,0.033555055299999914,-1,-1,-1,-1
80,364,0.253063721,0.5948946253,0.00955535679999997,0.033555055299999914,-1,-1,-1,-1
81,364,0.253063721,0.5948946253,0.00955535679999997,0.033555055299999914,-1,-1,-1,-1
82,364,0.2528646447,0.5948946253,0.009754433100000015,0.033555055299999914,-1,-1,-1,-1
83,364,0.2528646447,0.5948946253,0.009754433100000015,0.033555055299999914,-1,-1,-1,-1
84,364,0.2533207494,0.594743253,0.008757518500000006,0.03275255050000003,-1,-1,-1,-1
85,364,0.2547347509,0.5942568451,0.008073284600000008,0.03323895840000002,-1,-1,-1,-1
86,364,0.2557838686,0.5942568451,0.007890842699999956,0.03558992959999996,-1,-1,-1,-1
87,364,0.2562399734,0.5948243209,0.008027674099999993,0.03494138579999995,-1,-1,-1,-1
88,364,0.2562399734,0.5954728647,0.008438168400000001,0.034292841999999935,-1,-1,-1,-1
89,364,0.2563768048,0.5956350007,0.009122402299999999,0.03445497790000007,-1,-1,-1,-1
90,364,0.2564680258,0.5953105925,0.008620610299999998,0.03445497800000008,-1,-1,-1,-1
91,364,0.2564680258,0.5950673886,0.007161075000000017,0.03445497800000008,-1,-1,-1,-1
92,364,0.2559206234,0.5953105925,0.007161075000000017,0.03445497800000008,-1,-1,-1,-1
93,364,0.2553276105,0.5974994278,0.007799698399999999,0.03445497790000007,-1,-1,-1,-1
94,364,0.255692571,0.5984723797,0.0077540879000000396,0.03421191030000004,-1,-1,-1,-1
95,364,0.2568784434,0.5979049039,0.007845308900000014,0.03421191030000004,-1,-1,-1,-1
96,364,0.2574713796,0.5979859718,0.0087119846,0.03542792989999999,-1,-1,-1,-1
97,364,0.2574257691,0.5982291757,0.007936529900000044,0.03542792989999999,-1,-1,-1,-1
98,364,0.2571521063,0.5984723797,0.00793652979999998,0.03542792989999999,-1,-1,-1,-1
99,364,0.2568328329,0.5988777195,0.00852946610000005,0.034779386099999976,-1,-1,-1,-1
100,364,0.2559205467,0.5996883992,0.009897933700000028,0.03332016269999993,-1,-1,-1,-1
101,364,0.2575169901,0.5999316032,0.010125909399999966,0.03323909459999996,-1,-1,-1,-1
102,364,0.2598432011,0.5997694672,0.008347100800000007,0.0334012306,-1,-1,-1,-1
103,364,0.2604361374,0.5999316032,0.007890995999999983,0.03477952229999992,-1,-1,-1,-1
104,364,0.2607098002,0.600418011,0.007069930800000013,0.034941658299999956,-1,-1,-1,-1
105,364,0.2606641897,0.600418011,0.007069930800000013,0.034941658299999956,-1,-1,-1,-1
106,364,0.2605273583,0.600418011,0.007069930800000013,0.034941658299999956,-1,-1,-1,-1
107,364,0.2602992293,0.600255875,0.007343670199999985,0.03518486229999995,-1,-1,-1,-1
108,364,0.2602536188,0.600255875,0.007343670300000049,0.03518486229999995,-1,-1,-1,-1
109,364,0.2602536188,0.600255875,0.007343670300000049,0.03518486229999995,-1,-1,-1,-1
110,364,0.2602536188,0.600255875,0.007434891200000016,0.03502272630000003,-1,-1,-1,-1
111,364,0.2602536188,0.600255875,0.007434891200000016,0.03502272630000003,-1,-1,-1,-1
112,364,0.2602536188,0.600255875,0.007434891200000016,0.03502272630000003,-1,-1,-1,-1
113,364,0.2602536188,0.600255875,0.007434891200000016,0.03502272630000003,-1,-1,-1,-1
114,364,0.2602536188,0.600255875,0.007434891200000016,0.03502272630000003,-1,-1,-1,-1
115,364,0.2604818245,0.6000938753,0.007206685499999976,0.035184726,-1,-1,-1,-1
116,364,0.2607098769,0.6000938753,0.006978633099999965,0.035184726,-1,-1,-1,-1
117,364,0.2607098769,0.6000938753,0.007252372600000001,0.035184726,-1,-1,-1,-1
118,364,0.2607098769,0.6000938753,0.007297983099999961,0.035184726,-1,-1,-1,-1
119,364,0.2607098769,0.6000938753,0.007389204099999991,0.035184726,-1,-1,-1,-1
120,364,0.2607098769,0.6000938753,0.007297983099999961,0.035184726,-1,-1,-1,-1
121,364,0.2607098769,0.6000938753,0.007297983099999961,0.035184726,-1,-1,-1,-1
122,364,0.2604818245,0.6000938753,0.007434814600000006,0.03526579399999996,-1,-1,-1,-1
123,364,0.2600713302,0.6008234871,0.007890919300000021,0.034698318100000014,-1,-1,-1,-1
124,364,0.2601169407,0.6016341668,0.008985570799999953,0.034779386099999976,-1,-1,-1,-1
125,364,0.2619414365,0.6023637786,0.007890842700000011,0.035346861900000026,-1,-1,-1,-1
126,364,0.2634010484,0.6032555262,0.007434737899999988,0.03526579399999996,-1,-1,-1,-1
127,364,0.2641308161,0.6050391579,0.007206685499999976,0.036157541600000065,-1,-1,-1,-1
128,364,0.2651799337,0.6068226533,0.008255726500000005,0.03591447390000002,-1,-1,-1,-1
129,364,0.2671868714,0.6073902653,0.0068417250999999735,0.03583326980000001,-1,-1,-1,-1
130,364,0.2667307666,0.6077145372,0.007206608900000022,0.03575220179999994,-1,-1,-1,-1
131,364,0.2664114933,0.608119877,0.007160998399999952,0.03534686199999992,-1,-1,-1,-1
132,364,0.2656360385,0.6090926927,0.007708400800000015,0.03486045410000005,-1,-1,-1,-1
133,364,0.2655448175,0.6103899165,0.0072522961,0.03713035730000003,-1,-1,-1,-1
134,364,0.265590428,0.6117682083,0.0077996217999999895,0.0355088616,-1,-1,-1,-1
135,364,0.2648606604,0.612659956,0.007708400800000015,0.037454492900000025,-1,-1,-1,-1
136,364,0.2631273855,0.6136327716,0.009122325700000045,0.03656274530000003,-1,-1,-1,-1
137,364,0.2633554379,0.6137949076,0.009304844199999995,0.03623847329999996,-1,-1,-1,-1
138,364,0.2659097014,0.6137949076,0.008118895100000023,0.03607633740000005,-1,-1,-1,-1
139,364,0.2659097014,0.6137949076,0.007845232200000052,0.03607633740000005,-1,-1,-1,-1
140,364,0.2659097014,0.6137949076,0.008711831300000028,0.03607633740000005,-1,-1,-1,-1
141,364,0.2658184804,0.6137949076,0.008529389399999976,0.03607633740000005,-1,-1,-1,-1
142,364,0.2658184804,0.6137949076,0.008529389399999976,0.03607633740000005,-1,-1,-1,-1
143,364,0.2658184804,0.6137949076,0.008392557999999994,0.03607633740000005,-1,-1,-1,-1
144,364,0.2658184804,0.6137949076,0.008073284600000008,0.03607633740000005,-1,-1,-1,-1
145,364,0.2658184804,0.6137949076,0.008073284600000008,0.03607633740000005,-1,-1,-1,-1
146,364,0.2658184804,0.6137949076,0.00834694749999998,0.03607633740000005,-1,-1,-1,-1
147,364,0.2658640909,0.6136326354,0.008666220799999957,0.03623860960000003,-1,-1,-1,-1
148,364,0.2660009223,0.6136326354,0.008529389399999976,0.03623860960000003,-1,-1,-1,-1
149,364,0.2660009223,0.6136326354,0.008529389399999976,0.03623860960000003,-1,-1,-1,-1
150,364,0.2660009223,0.6136326354,0.008529389399999976,0.03623860960000003,-1,-1,-1,-1
151,364,0.2660009223,0.6136326354,0.008529389399999976,0.03623860960000003,-1,-1,-1,-1
152,364,0.2660009223,0.6133083635,0.007936453200000027,0.03656288150000009,-1,-1,-1,-1
153,364,0.2660009223,0.6134704994,0.00830133700000002,0.03640074560000006,-1,-1,-1,-1
154,364,0.2660009223,0.6136326354,0.00830133700000002,0.03623860960000003,-1,-1,-1,-1
155,364,0.2660009223,0.6136326354,0.0077996217999999895,0.03623860960000003,-1,-1,-1,-1
156,364,0.2660009223,0.6136326354,0.007936453200000027,0.03623860960000003,-1,-1,-1,-1
157,364,0.2660009223,0.6136326354,0.007936453200000027,0.03623860960000003,-1,-1,-1,-1
158,364,0.2660009223,0.6136326354,0.008118895100000023,0.03623860960000003,-1,-1,-1,-1
159,364,0.2664114166,0.6138759755,0.008575076600000009,0.036887017200000094,-1,-1,-1,-1
160,364,0.2672780157,0.6146867915,0.00802775080000001,0.036319541299999925,-1,-1,-1,-1
161,364,0.2682814462,0.6159029473,0.007526035599999981,0.036157269200000064,-1,-1,-1,-1
162,364,0.2686463301,0.6166325591,0.010080298900000007,0.035914065199999956,-1,-1,-1,-1
163,364,0.2690112139,0.6164704231,0.009122478900000008,0.035589793400000014,-1,-1,-1,-1
164,364,0.2685551091,0.6163893552,0.010217130399999996,0.035832997199999994,-1,-1,-1,-1
165,364,0.2691480453,0.6160650833,0.009578583699999976,0.035832997199999994,-1,-1,-1,-1
166,364,0.2686463301,0.6158218794,0.0100346885,0.03599513320000003,-1,-1,-1,-1
167,364,0.2687831615,0.6158218794,0.009943467500000025,0.03607620109999998,-1,-1,-1,-1
168,364,0.2687831615,0.6158218794,0.009943467500000025,0.03607620109999998,-1,-1,-1,-1
169,364,0.2687831615,0.6158218794,0.009943467500000025,0.03607620109999998,-1,-1,-1,-1
170,364,0.2687831615,0.6158218794,0.010171519900000037,0.036157269100000056,-1,-1,-1,-1
171,364,0.2687831615,0.6158218794,0.010171519900000037,0.036157269100000056,-1,-1,-1,-1
172,364,0.2688743825,0.6162272192,0.010125909399999966,0.03567086129999997,-1,-1,-1,-1
173,364,0.2688743825,0.6162272192,0.010125909399999966,0.03567086129999997,-1,-1,-1,-1
174,364,0.2687376277,0.6162272192,0.010262664199999993,0.03567086129999997,-1,-1,-1,-1
175,364,0.2687376277,0.6159026748,0.00985216990000004,0.0360764737,-1,-1,-1,-1
176,364,0.2699235001,0.615497335,0.008803128900000012,0.036238609599999916,-1,-1,-1,-1
177,364,0.2707444887,0.6150107909,0.009168089399999968,0.03704942560000002,-1,-1,-1,-1
178,364,0.2696042268,0.6161458787,0.008529465999999986,0.03648181359999991,-1,-1,-1,-1
179,364,0.2693305639,0.6166322866,0.008803128900000012,0.036157541599999954,-1,-1,-1,-1
180,364,0.2698778896,0.6164701506,0.008711908000000046,0.03615754169999996,-1,-1,-1,-1
