1,192,0.5591479748,0.2683848535,0.0017144940000000108,0.008265118199999977,-1,-1,-1,-1
2,192,0.5591807837,0.2684682377,0.0017144940000000108,0.008473987399999994,-1,-1,-1,-1
3,192,0.5591221416,0.2684682377,0.0017731361000000723,0.008473987399999994,-1,-1,-1,-1
4,192,0.5590634996,0.2684682377,0.0018317781000000144,0.008473987399999994,-1,-1,-1,-1
5,192,0.5590634996,0.2685935865,0.0019233056999999887,0.008348638600000013,-1,-1,-1,-1
6,192,0.55913387,0.2684499804,0.0018589144999999752,0.008492244699999985,-1,-1,-1,-1
7,192,0.5591573269,0.2683848535,0.0018317781000000144,0.008557371599999974,-1,-1,-1,-1
8,192,0.5591386227,0.2684349931,0.0018317782000000227,0.008557371599999974,-1,-1,-1,-1
9,192,0.5592513074,0.268468374,0.0018317782000000227,0.008557371599999974,-1,-1,-1,-1
10,192,0.5592513074,0.268468374,0.0018317782000000227,0.008557371599999974,-1,-1,-1,-1
11,192,0.5592513074,0.268468374,0.0018317782000000227,0.008557371599999974,-1,-1,-1,-1
12,192,0.5592513074,0.268468374,0.0018317782000000227,0.008557371599999974,-1,-1,-1,-1
13,192,0.5591102599,0.268468374,0.0018317782000000227,0.008557371599999974,-1,-1,-1,-1
14,192,0.5591243647,0.2684516699,0.0018317780999999034,0.008557371599999974,-1,-1,-1,-1
15,192,0.5591384694,0.2684349658,0.0018317782000000227,0.00855737160000003,-1,-1,-1,-1
16,192,0.5591525742,0.2684182617,0.0018317781000000144,0.00855737160000003,-1,-1,-1,-1
17,192,0.5591666789,0.2684015576,0.0018317781999999116,0.008557371599999974,-1,-1,-1,-1
18,192,0.5591807837,0.2683848535,0.0018317781000000144,0.008557371599999974,-1,-1,-1,-1
19,192,0.5590868031,0.2683431614,0.0017144940000000108,0.0087242763,-1,-1,-1,-1
20,192,0.5590868031,0.2683431614,0.001785017799999955,0.008849488800000027,-1,-1,-1,-1
21,192,0.559104434,0.2683431614,0.0017673869000000009,0.008849488800000027,-1,-1,-1,-1
22,192,0.559122065,0.2683431614,0.0017497559000000384,0.008849488800000027,-1,-1,-1,-1
23,192,0.5591396959,0.2683431614,0.0017321249999999733,0.008849488800000027,-1,-1,-1,-1
24,192,0.5591573269,0.2683431614,0.0017144940000000108,0.008849488800000027,-1,-1,-1,-1
25,192,0.5591573269,0.2683431614,0.0017144940000000108,0.008849488800000027,-1,-1,-1,-1
26,192,0.5591573269,0.2683431614,0.0017144940000000108,0.008849488800000027,-1,-1,-1,-1
27,192,0.5591573269,0.2683431614,0.0017144940000000108,0.008849488800000027,-1,-1,-1,-1
28,192,0.5591573269,0.2683431614,0.0017144940000000108,0.008849488800000027,-1,-1,-1,-1
29,192,0.5591573269,0.2683431614,0.0017144940000000108,0.008849488800000027,-1,-1,-1,-1
30,192,0.5591573269,0.2683431614,0.0017144940000000108,0.008849488800000027,-1,-1,-1,-1
31,192,0.5591573269,0.2683431614,0.0017144940000000108,0.008849488800000027,-1,-1,-1,-1
32,192,0.5591573269,0.2683431614,0.0017144940000000108,0.008849488800000027,-1,-1,-1,-1
33,192,0.5591573269,0.2683431614,0.0017144940000000108,0.008849488800000027,-1,-1,-1,-1
34,192,0.5591573269,0.2683431614,0.0017144940000000108,0.008849488800000027,-1,-1,-1,-1
35,192,0.5591573269,0.2683431614,0.0017144940000000108,0.008849488800000027,-1,-1,-1,-1
36,192,0.5591578826,0.2683431614,0.001717598599999981,0.008849488800000027,-1,-1,-1,-1
37,192,0.5591584384,0.2683431614,0.0017207031999999511,0.008849488800000027,-1,-1,-1,-1
38,192,0.5592698391,0.2683431614,0.0017238077999999213,0.008849488800000027,-1,-1,-1,-1
39,192,0.5591595499,0.2683431614,0.0017269124000000025,0.008849488800000027,-1,-1,-1,-1
40,192,0.5591601057,0.2683431614,0.0017300169000000754,0.008849488800000027,-1,-1,-1,-1
41,192,0.5591606614,0.2683431614,0.0017331215000000455,0.008849488800000027,-1,-1,-1,-1
42,192,0.5591612172,0.2683431614,0.0017362261000000156,0.008849488800000027,-1,-1,-1,-1
43,192,0.5591617729,0.2683431614,0.0017393306999999858,0.008849488800000027,-1,-1,-1,-1
44,192,0.5591617729,0.2683431614,0.0017393306999999858,0.008849488800000027,-1,-1,-1,-1
45,192,0.5591617729,0.2683431614,0.0017393306999999858,0.008849488800000027,-1,-1,-1,-1
46,192,0.5591617729,0.2683431614,0.0017393306999999858,0.008849488800000027,-1,-1,-1,-1
47,192,0.5591617729,0.2683431614,0.0017393306999999858,0.008849488800000027,-1,-1,-1,-1
48,192,0.5591617729,0.2683431614,0.0017393306999999858,0.008849488800000027,-1,-1,-1,-1
49,192,0.5591916688,0.2683165929,0.0017393306999999858,0.008849488800000027,-1,-1,-1,-1
50,192,0.5591617729,0.2683431614,0.0017393306999999858,0.008849488800000027,-1,-1,-1,-1
51,192,0.5591617729,0.2683431614,0.0017393306999999858,0.008849488800000027,-1,-1,-1,-1
52,192,0.5591617729,0.2683431614,0.0017393306999999858,0.008849488800000027,-1,-1,-1,-1
53,192,0.5591617729,0.2683431614,0.0017393306999999858,0.008849488800000027,-1,-1,-1,-1
54,192,0.5591617729,0.2683431614,0.0017393306999999858,0.008849488800000027,-1,-1,-1,-1
55,192,0.5591617729,0.2683431614,0.0017393306999999858,0.008849488800000027,-1,-1,-1,-1
56,192,0.5591617729,0.2683431614,0.0017393306999999858,0.008849488800000027,-1,-1,-1,-1
57,192,0.5591617729,0.2683431614,0.0017393306999999858,0.008849488800000027,-1,-1,-1,-1
58,192,0.5591617729,0.2683431614,0.0017393306999999858,0.008849488800000027,-1,-1,-1,-1
59,192,0.5591617729,0.2683431614,0.0017393306999999858,0.008849488800000027,-1,-1,-1,-1
60,192,0.5591617729,0.2683431614,0.0017393306999999858,0.008849488800000027,-1,-1,-1,-1
61,192,0.5591617729,0.2683431614,0.0017393306999999858,0.008849488800000027,-1,-1,-1,-1
62,192,0.5591617729,0.2683431614,0.0017393306999999858,0.008849488800000027,-1,-1,-1,-1
63,192,0.5591617729,0.2683431614,0.0017393306999999858,0.008849488800000027,-1,-1,-1,-1
64,192,0.5591617729,0.2683431614,0.0017393306999999858,0.008849488800000027,-1,-1,-1,-1
65,192,0.5591617729,0.2683431614,0.0017393306999999858,0.008849488800000027,-1,-1,-1,-1
66,192,0.5591617729,0.2683431614,0.0017393306999999858,0.008849488800000027,-1,-1,-1,-1
67,192,0.5591617729,0.2683431614,0.0017393306999999858,0.008849488800000027,-1,-1,-1,-1
68,192,0.5591617729,0.2683431614,0.0017393306999999858,0.008849488800000027,-1,-1,-1,-1
69,192,0.5591617729,0.2683431614,0.0017393306999999858,0.008849488800000027,-1,-1,-1,-1
70,192,0.5591617729,0.2683431614,0.0017393306999999858,0.008849488800000027,-1,-1,-1,-1
71,192,0.5591617729,0.2683431614,0.0017393306999999858,0.008849488800000027,-1,-1,-1,-1
72,192,0.5591617729,0.2683431614,0.0017393306999999858,0.008849488800000027,-1,-1,-1,-1
73,192,0.5591617729,0.2683431614,0.0017393306999999858,0.008849488800000027,-1,-1,-1,-1
74,192,0.5591617729,0.2683431614,0.0017079016000000058,0.008849488800000027,-1,-1,-1,-1
75,192,0.5591617729,0.2683431614,0.001676472600000034,0.008849488800000027,-1,-1,-1,-1
76,192,0.5591617729,0.2683431614,0.001676472600000034,0.008849488800000027,-1,-1,-1,-1
77,192,0.5591617729,0.2683431614,0.001676472600000034,0.008849488800000027,-1,-1,-1,-1
78,192,0.5591617729,0.2683431614,0.001676472600000034,0.008849488800000027,-1,-1,-1,-1
79,192,0.5591617729,0.2683431614,0.001676472600000034,0.008849488800000027,-1,-1,-1,-1
80,192,0.5591617729,0.2683431614,0.001676472600000034,0.008849488800000027,-1,-1,-1,-1
81,192,0.559077911,0.2684362193,0.0017708363999999754,0.008944249700000018,-1,-1,-1,-1
82,192,0.558994049,0.2685292771,0.001865200299999925,0.009039010699999961,-1,-1,-1,-1
83,192,0.5589207656,0.2685292771,0.0019384836999999377,0.009039010699999961,-1,-1,-1,-1
84,192,0.5588474822,0.2685292771,0.0020117670999999504,0.009039010699999961,-1,-1,-1,-1
85,192,0.5587636203,0.2685478751,0.0020222689000000127,0.008945884700000017,-1,-1,-1,-1
86,192,0.5586797583,0.268566473,0.0020327708999999805,0.008852758800000027,-1,-1,-1,-1
87,192,0.5588474056,0.2686782651,0.0020327707999999722,0.008852758700000019,-1,-1,-1,-1
88,192,0.5590150528,0.2687900571,0.0020327708999999805,0.008852758800000027,-1,-1,-1,-1
89,192,0.5590569838,0.269013505,0.001844196500000006,0.00868517280000003,-1,-1,-1,-1
90,192,0.5590989148,0.2692369528,0.0016556220000000232,0.008517586999999993,-1,-1,-1,-1
91,192,0.5591827767,0.2692369528,0.0016556220999999205,0.008517586999999993,-1,-1,-1,-1
92,192,0.559077911,0.2690878968,0.0016556219999999122,0.008517586899999985,-1,-1,-1,-1
93,192,0.5590989148,0.2690878968,0.0016346181999999931,0.008517586899999985,-1,-1,-1,-1
94,192,0.5591199186,0.2690878968,0.001613614399999963,0.008517586899999985,-1,-1,-1,-1
95,192,0.5592037806,0.2690878968,0.001529752399999973,0.008517586899999985,-1,-1,-1,-1
96,192,0.5591618751,0.2690878968,0.0015297524999999812,0.008517586899999985,-1,-1,-1,-1
97,192,0.5591199697,0.2690878968,0.0015297524999999812,0.008517586899999985,-1,-1,-1,-1
98,192,0.5590780643,0.2690878968,0.001529752400000084,0.008517586899999985,-1,-1,-1,-1
99,192,0.5590780643,0.2690878968,0.001529752400000084,0.008517586899999985,-1,-1,-1,-1
100,192,0.5590780643,0.2690878968,0.001529752400000084,0.008517586899999985,-1,-1,-1,-1
101,192,0.5590989914,0.2690878968,0.0015088253000000718,0.008517586899999985,-1,-1,-1,-1
102,192,0.5591199186,0.2690878968,0.0014878981000000513,0.008517586899999985,-1,-1,-1,-1
103,192,0.5591294716,0.2690866846,0.001478392699999942,0.008517586999999993,-1,-1,-1,-1
104,192,0.5591390245,0.2690854725,0.001468887400000063,0.008517587000000049,-1,-1,-1,-1
105,192,0.5591485775,0.2690842603,0.0014593819999999535,0.008517586999999993,-1,-1,-1,-1
106,192,0.5591581304,0.2690830482,0.0014498767000000745,0.008517586999999993,-1,-1,-1,-1
107,192,0.5591676834,0.269081836,0.0014403711999999569,0.008517586999999993,-1,-1,-1,-1
108,192,0.5591772363,0.2690806239,0.0014308658999999668,0.008517586999999993,-1,-1,-1,-1
109,192,0.5591867893,0.2690794118,0.0014213604999999685,0.008517586899999985,-1,-1,-1,-1
110,192,0.5591963423,0.2690781996,0.0014118550999999702,0.008517586999999993,-1,-1,-1,-1
111,192,0.5592058952,0.2690769875,0.0014023497000000829,0.00851758690000004,-1,-1,-1,-1
112,192,0.5592154482,0.2690757753,0.0013928442999999735,0.008517586999999993,-1,-1,-1,-1
113,192,0.5592250011,0.2690745632,0.0013833390000000945,0.008517586999999993,-1,-1,-1,-1
114,192,0.5592345541,0.269073351,0.0013738335999999851,0.008517586999999993,-1,-1,-1,-1
115,192,0.559244107,0.2690721389,0.001364328299999995,0.008517586999999993,-1,-1,-1,-1
116,192,0.55925366,0.2690709267,0.0013548227999999884,0.008517586999999993,-1,-1,-1,-1
117,192,0.559263213,0.2690697146,0.0013453173999999901,0.008517586999999993,-1,-1,-1,-1
118,192,0.5592727659,0.2690685025,0.0013358121,0.00851758690000004,-1,-1,-1,-1
119,192,0.5592823189,0.2690672903,0.0013263067000000017,0.008517586999999993,-1,-1,-1,-1
120,192,0.5592918718,0.2690660782,0.0013168014000000117,0.008517586999999993,-1,-1,-1,-1
121,192,0.5593014248,0.269064866,0.001307295900000005,0.008517586999999993,-1,-1,-1,-1
122,192,0.5593109777,0.2690636539,0.001297790599999904,0.008517587000000049,-1,-1,-1,-1
123,192,0.5593205307,0.2690624417,0.0012882852000000167,0.008517586999999993,-1,-1,-1,-1
124,192,0.5593300837,0.2690612296,0.0012787798000000183,0.008517586999999993,-1,-1,-1,-1
125,192,0.5593396366,0.2690600175,0.0012692745000000283,0.008517586899999985,-1,-1,-1,-1
126,192,0.5593491896,0.2690588053,0.0012597690000000217,0.008517586999999993,-1,-1,-1,-1
127,192,0.5593587425,0.2690575932,0.0012502637000000316,0.008517586899999985,-1,-1,-1,-1
128,192,0.5593682955,0.269056381,0.0012407583000000333,0.008517586999999993,-1,-1,-1,-1
129,192,0.5593778484,0.2690551689,0.0012312529999999322,0.008517587000000049,-1,-1,-1,-1
130,192,0.5593874014,0.2690539567,0.001221747600000045,0.008517586999999993,-1,-1,-1,-1
131,192,0.5593969544,0.2690527446,0.0012122420999999273,0.008517586999999993,-1,-1,-1,-1
132,192,0.5591990279,0.2687712548,0.0015883178000000164,0.008517586999999993,-1,-1,-1,-1
133,192,0.5589813241,0.2686305099,0.0017862442999999617,0.008517586999999993,-1,-1,-1,-1
134,192,0.5589859235,0.2686305099,0.0018805315000000045,0.008517586999999993,-1,-1,-1,-1
135,192,0.55908481,0.2687528612,0.0018805316000000127,0.008395235699999948,-1,-1,-1,-1
136,192,0.5590967173,0.2687528612,0.0018686243000000102,0.008395235699999948,-1,-1,-1,-1
137,192,0.5591086246,0.2687528612,0.0018567170000000077,0.008395235699999948,-1,-1,-1,-1
138,192,0.5591205319,0.2687528612,0.0018448097000000052,0.008395235699999948,-1,-1,-1,-1
139,192,0.5591205319,0.2687528612,0.0018448097000000052,0.008395235699999948,-1,-1,-1,-1
140,192,0.5592140525,0.2687196165,0.0016829117000000116,0.008446056500000021,-1,-1,-1,-1
141,192,0.5593823897,0.2686863719,0.0014958702999999796,0.008446056400000013,-1,-1,-1,-1
142,192,0.5593823897,0.2686863719,0.0014958702999999796,0.008446056400000013,-1,-1,-1,-1
143,192,0.5592327566,0.2686863719,0.0016267992999999814,0.008479301100000003,-1,-1,-1,-1
144,192,0.5592514608,0.2686863719,0.0015862735999999655,0.008484841799999976,-1,-1,-1,-1
145,192,0.5592701649,0.2686863719,0.001545747999999958,0.008490382600000013,-1,-1,-1,-1
146,192,0.559288869,0.2686863719,0.0015052225000000696,0.008495923399999994,-1,-1,-1,-1
147,192,0.5593075731,0.2686863719,0.001464696899999951,0.008501464199999975,-1,-1,-1,-1
148,192,0.5593262773,0.2686863719,0.0014241712000000462,0.008507005000000012,-1,-1,-1,-1
149,192,0.5593449814,0.2686863719,0.0013836456000000386,0.008512545699999985,-1,-1,-1,-1
150,192,0.5593449814,0.2686863719,0.0013836456000000386,0.008512545699999985,-1,-1,-1,-1
151,192,0.5593449814,0.2687218646,0.0016080185000000302,0.008477052999999957,-1,-1,-1,-1
152,192,0.5593449814,0.2687573574,0.0018323914000000219,0.008441560199999976,-1,-1,-1,-1
153,192,0.5593449814,0.2687573574,0.0018323914000000219,0.008441560199999976,-1,-1,-1,-1
154,192,0.5593449814,0.2687573574,0.0018323914000000219,0.008441560199999976,-1,-1,-1,-1
155,192,0.5592608895,0.2687407351,0.0015706102000000444,0.008292027300000004,-1,-1,-1,-1
156,192,0.5591767976,0.2687241127,0.0013088289999999558,0.008142494399999978,-1,-1,-1,-1
157,192,0.5586532353,0.2688903362,0.0013088289999999558,0.00814249429999997,-1,-1,-1,-1
158,192,0.5586532353,0.2688903362,0.0017762789999999917,0.00814249429999997,-1,-1,-1,-1
159,192,0.5587840109,0.2689568255,0.0019259120000000296,0.008076004999999997,-1,-1,-1,-1
160,192,0.5586904902,0.2685912703,0.0018136873000000886,0.008375070799999995,-1,-1,-1,-1
161,192,0.558466194,0.2685578893,0.0020379835000000623,0.008408451799999994,-1,-1,-1,-1
162,192,0.558466194,0.2685578893,0.0020379835000000623,0.008408451799999994,-1,-1,-1,-1
163,192,0.558466194,0.2685578893,0.0020379835000000623,0.008408451799999994,-1,-1,-1,-1
164,192,0.558466194,0.2685578893,0.0020379835000000623,0.008408451799999994,-1,-1,-1,-1
165,192,0.558466194,0.2685578893,0.0020379835000000623,0.008408451799999994,-1,-1,-1,-1
166,192,0.558466194,0.2685578893,0.0020379835000000623,0.008408451799999994,-1,-1,-1,-1
167,192,0.558466194,0.2685578893,0.0020379835000000623,0.008408451799999994,-1,-1,-1,-1
168,192,0.558466194,0.2685578893,0.0020379835000000623,0.008408451799999994,-1,-1,-1,-1
169,192,0.558466194,0.2685578893,0.0020379835000000623,0.008408451799999994,-1,-1,-1,-1
170,192,0.558466194,0.2685578893,0.0020379835000000623,0.008408451799999994,-1,-1,-1,-1
171,192,0.558466194,0.2685578893,0.0020379835000000623,0.008408451799999994,-1,-1,-1,-1
172,192,0.558466194,0.2685578893,0.0020379835000000623,0.008408451799999994,-1,-1,-1,-1
173,192,0.558466194,0.2685578893,0.0020379835000000623,0.008408451799999994,-1,-1,-1,-1
174,192,0.5584506072,0.2685578893,0.002053570300000085,0.008408451799999994,-1,-1,-1,-1
175,192,0.5584350204,0.2685578893,0.0020691570999999964,0.008408451799999994,-1,-1,-1,-1
176,192,0.5584194337,0.2685578893,0.0020847438000000107,0.008408451799999994,-1,-1,-1,-1
177,192,0.5584038469,0.2685578893,0.0021003306000000332,0.008408451799999994,-1,-1,-1,-1
178,192,0.5583882601,0.2685578893,0.002115917400000056,0.008408451799999994,-1,-1,-1,-1
179,192,0.5583726733,0.2685578893,0.0021315042000000783,0.008408451799999994,-1,-1,-1,-1
180,192,0.5583726733,0.2685578893,0.0021315042000000783,0.008408451799999994,-1,-1,-1,-1
