0,365,1.1687981708000001,1.2269990408,0.7882456508,0.852920082
0,365,1.14299015245,1.22363833055,0.7696016205,0.8474595069
0,365,0.82254488375,1.27897866615,0.5573977589,0.8945992381
0,365,0.825564834,1.2546537103,0.560028602,0.8791283354
0,365,0.7738683082,1.2264655591,0.5275211326,0.8568695228
0,365,0.86111548055,0.3953038482,0.5756270789,0.2687901934
0,365,0.8390616261,0.38721292395,0.560453431,0.2639251613
0,365,0.83333386995,0.36988624589999997,0.5565053267,0.2511473502
0,365,0.8346587202,0.3696877316,0.557286454,0.2508775778
0,365,0.41731671174999996,0.9622280476,0.2827368249,0.6658108432
0,365,0.41665930770000004,0.9727014845499999,0.2826963504,0.6731859849
0,365,0.4419258262,0.97362327505,0.2993019374,0.6722312903
0,365,0.4245817328,0.9774857211000001,0.2877093636,0.6745383894
0,365,0.45800555114999997,0.9331718559,0.3107494775,0.6476160566
0,365,0.5280453082,0.94692861385,0.356881525,0.6553762371
0,365,0.46720813585,0.96046587515,0.3160396797,0.6647528721
0,365,0.47375504090000004,0.9718471370999999,0.3208233374,0.6737128586
0,365,0.4841779168,0.9821808511,0.329498527,0.6786157678
0,365,0.8155016293999999,0.8334352246000001,0.5485769224,0.5779605478
0,365,0.8352380881999999,0.8195498480000001,0.561279019,0.5695916082
0,365,0.80868221135,0.8217844626999999,0.5437854459,0.5697831738
0,365,0.80696986365,0.8151784449499999,0.5433215221,0.5651455409
0,365,0.8089209956500001,0.80413405785,0.5438453911,0.5559984849
0,365,0.8296449403999999,0.8055566985,0.5567872684,0.5568231982
0,365,0.8238409113,0.8024617413499999,0.5526798724,0.5547599843
0,365,0.7462657667,0.9066126259,0.5030705434,0.6303108378
0,365,0.7350854502999999,0.9082164774,0.4954168752,0.6312442776
0,365,0.7394353101,0.9007537050500001,0.4966861496,0.6246404397
0,365,0.66807767855,0.89164918145,0.4511725649,0.6191979857
0,365,0.6364074489,0.8975374411,0.4277457968,0.622083188
0,365,0.6526298311500001,0.88320005935,0.4406478129,0.6126151301
0,365,0.5697358914999999,0.89898801285,0.3841245486,0.6209911547
0,365,0.56069152535,0.8900803458500001,0.3798627669,0.6165420899
0,365,0.60057585725,0.8367155481499999,0.4044196017,0.5789216461
0,365,0.92193517515,0.74242225645,0.6199258151,0.5127975671
0,365,0.69150437,0.6609875714,0.464005897,0.4567128368
0,365,0.72935493445,0.6563802537500001,0.4888078785,0.4523058729
0,365,0.7341585994,0.59177425775,0.4915596852,0.4075939571
0,365,0.7188406843999999,0.58190944365,0.4809728416,0.4013742043
0,365,0.7301281662,0.5854628776499999,0.4889171904,0.4031643759
0,365,0.7382419254,0.57930504995,0.4948086844,0.3994947899
0,365,0.72582338035,0.5817345685,0.4860933269,0.4010100116
0,365,0.42492848735,0.5156325617999999,0.2855607651,0.3537524252
0,365,0.61676727035,0.48300713125,0.4128841399,0.3309912637
0,365,0.60959278045,0.48646532740000004,0.4084446689,0.3334427864
0,365,0.6009001898999999,0.49038963045,0.4028854032,0.3349146811
0,365,0.59682583265,0.48655933905000004,0.4003414883,0.3337858607
0,365,0.62080329945,0.47608535705,0.4156016045,0.3263608519
0,365,0.6164431677,0.47610116194999996,0.413234919,0.3259869855
0,365,0.3316634532,0.55369002335,0.2247756424,0.3779113621
0,365,0.3362029606,0.55402505885,0.226110228,0.3786005079
0,365,0.36266136905,0.54358507095,0.2450206389,0.3707033975
0,365,0.5710267064000001,0.47756058975,0.3822095218,0.3269809197
0,365,0.62267348235,0.43514746195,0.4165958363,0.2973056821
0,365,0.66245678125,0.48185242355,0.4435115377,0.3302754131
0,365,0.9521611240500001,0.47195048175,0.6368930663,0.3227142919
0,365,0.6892825648,0.40258743080000003,0.460832021,0.2735409128
0,365,0.66517616225,0.46334154009999995,0.4451573477,0.3172786504
0,365,0.6901646483999999,0.4644893672,0.461408936,0.3155549682
0,365,0.68746197855,0.45219483014999995,0.4594702991,0.3080975323
0,365,0.6595709027500001,0.4348564347,0.4413276007,0.297210308
0,365,0.69088445075,0.60195176255,0.4637077041,0.4134733607
0,365,0.6867560508999999,0.6037837624,0.459588503,0.4136752812
0,365,0.6832713337,0.60607737285,0.4577765022,0.4172460869
0,365,0.6833527427,0.6033553965,0.4580797544,0.409845058
0,365,0.6822389271,0.561798728,0.457505139,0.3862211698
0,365,0.67832723455,0.5655539463,0.4541569467,0.3869823912
0,365,0.69211348075,0.4874214526,0.4637673427,0.334295022
0,365,0.7005636842,0.487294537,0.4683671786,0.3336384396
0,365,0.7048229363,0.48551417525,0.4708589672,0.3321732211
0,365,0.67750026675,0.3991199697,0.4527798935,0.2720741956
0,365,0.7469660982999999,0.47798881945,0.4995078668,0.3277027653
0,365,0.7461884205,0.4776567132,0.4991961824,0.3267987552
0,365,0.7411770171000001,0.4772179243,0.4952972914,0.327056129
0,365,0.67503944735,0.41801432515000003,0.4513954813,0.2829180927
0,365,1.0242937505,0.7575695005,0.6865700062,0.5252753586
0,365,1.02758928,0.76919274015,0.6877503594,0.5281286787
0,365,0.25610444505,0.6948340627,0.1738407733,0.4784870128
0,365,0.254203293,0.6975020846,0.1730352692,0.4802751406
0,365,0.5603106204,0.4971904839,0.3767019224,0.3382290668
0,365,1.15862304805,0.73612647695,0.7760672699,0.5114721399
0,365,1.0221151794,0.7256043311,0.6864117876,0.5034270634
0,365,1.01922416495,0.7199764426,0.6852355739,0.4997208264
0,365,0.9917629009,0.6620590992,0.664450534,0.4570178976
0,365,0.78774677185,0.6647150631000001,0.5277029613,0.4585467442
0,365,0.7802343045,0.6614299709,0.5234442458,0.4561577596
0,365,0.7638942548500001,0.6609717666,0.5119359939,0.4563002758
0,365,0.93518559405,0.6146089254,0.6263007035,0.417947904
0,365,0.9339187726,0.61118874265,0.6263969838,0.4148696373
0,365,0.99246576225,0.4659270634,0.6635648475,0.3201367392
0,365,0.98895153235,0.46508095895,0.6616003007,0.3192208755
0,365,0.91741667155,0.45727016205,0.6130002281,0.3133615005
0,365,0.91782340975,0.4563549115,0.6144852133,0.3130635246
0,365,1.0536027372,0.47678758285,0.7042102994,0.3275963551
0,365,1.056082874,0.47598412435000004,0.7053990848,0.3264480511
0,365,0.9772715704499999,0.48248938625,0.6535848149,0.3280586469
0,365,0.97652685485,0.47738469274999995,0.6524507621,0.3271610405
0,365,0.9774822985,0.4756638036,0.6533957806,0.3262949076
0,365,0.97982200115,0.47556209405000005,0.6550261061,0.3257909237
0,365,0.974951262,0.46398865319999993,0.6528598,0.3185567994
0,365,1.04631648245,0.4840721192,0.6997720549,0.3309589728
0,365,0.8235623545499999,0.48437072255,0.5508590763,0.3326126519
0,365,0.8229495011000001,0.4805028575,0.5499103326,0.329270806
0,365,0.7457135349,0.4673435729,0.498955635,0.3202973764
0,365,0.75232161165,0.46972955995,0.5034737553,0.3213067067
0,365,0.75453138185,0.47074815515,0.5049303777,0.3215260671
0,365,0.82987383605,0.47980644510000003,0.5550336797,0.3295744136
0,365,0.830559373,0.47969403995,0.5552567494,0.3288948051
0,365,0.83347775375,0.3798460254,0.5569028661,0.2580082894
0,365,0.8300967525,0.3907509619,0.5547089638,0.265443653
0,365,0.8421277235,0.3804119343,0.562662358,0.2592848034
0,365,0.84212573035,0.38580070629999996,0.5626326153,0.2621138712
0,365,0.84101099495,0.38267434385,0.5619181789,0.2603971377
0,365,0.8340858678999999,0.3882266143,0.5574362404,0.2624542204
0,365,0.83420269205,0.38903681715000005,0.5572804749,0.2635329013
0,365,0.8455666002,0.39773139115,0.5649324566,0.2702701267
0,365,0.85025060465,0.3978248578,0.5680722973,0.270549164
0,365,0.9093948233,0.42880011225000003,0.6083608376,0.2927076975
0,365,0.9029293272000001,0.42734157,0.6034821262,0.2934025658
0,365,0.90919574695,0.42763695715,0.6078369687,0.2918664981
0,365,0.90460825275,0.4280208379,0.6045126931,0.2928707872
0,365,0.85501494495,0.40991944980000006,0.5712458667,0.2794618722
0,365,0.8574132895,0.41161417910000003,0.5725157544,0.2791865136
0,365,0.8576072299,0.4118768666,0.573445135,0.2813888374
0,365,0.86043929565,0.41351348595000004,0.5748082367,0.2814438819
0,365,0.8613385502500001,0.4215550199,0.5753606217,0.2879086098
0,365,0.8656950792,0.4197089183,0.5783612546,0.2859598448
0,365,0.8621479638,0.42587635155000003,0.5759494952,0.2899598339
0,365,0.8674025208,0.4224967709,0.5794430278,0.288516824
0,365,0.8444335438999999,0.4096318969,0.5636947646,0.2778188492
0,365,0.84558216145,0.40602089779999995,0.5647704053,0.2772760344
0,365,0.84242331,0.40574976295,0.5626801422,0.2758151759
0,365,0.83955797545,0.4069394865,0.5608718209,0.2771926502
0,365,0.8421647867,0.4075653619,0.562539248,0.2781108642
0,365,0.83876803265,0.38707033975000005,0.5602053713,0.2636906773
0,365,0.8753068550499999,0.43734018035,0.5851766099,0.2994825275
0,365,0.87252584235,0.43754107900000005,0.5829466791,0.2988471998
0,365,0.8793076222,0.4366883666,0.5874172726,0.2985778362
0,365,0.86028291685,0.39610424115,0.5749106495,0.2690674595
0,365,0.856612634,0.38972378305,0.5722620222,0.2660935593
0,365,0.8427873396000001,0.4111577169,0.5626221682,0.2768836966
0,365,1.0372185335,0.42497935835,0.6929013538,0.2881203403
0,365,1.4806261253500002,0.72337973055,0.9914339689,0.5000523195
0,365,1.4503856883,0.711826659,0.9698861992,0.4894459038
0,365,1.09817927575,0.47979636275000004,0.7346857645,0.3282399939
0,365,1.1708122375,0.7072029915,0.783738569,0.4880658408
0,365,1.15327995295,0.7105467388,0.7722553071,0.4907955834
0,365,1.2601519726000001,0.70964906425,0.8444388332,0.4930378281
0,365,1.3059027318,0.6723228495,0.8744552806,0.4643696046
0,365,1.2841059058,0.6549542068,0.8606453476,0.4527275626
0,365,1.3059584609,0.6652897601000001,0.8756577108,0.4603643018
0,365,1.3028871509,0.65819426885,0.8722649044,0.4559385355
0,365,1.3250307698000001,0.66073680565,0.8882601542,0.4563437391
0,365,1.29558035235,0.67439927955,0.8676080363,0.4529214445
0,365,1.2197681485,0.6573510256999999,0.8170677936,0.4537155018
0,365,1.20735381955,0.6497673554000001,0.8085344181,0.4484883208
0,365,1.2215705673500001,0.6466497127999999,0.8193409585,0.4476994408
0,365,1.2194990083500001,0.6361753902,0.8178584263,0.4406413498
0,365,1.28921282295,0.65058695935,0.8630476017,0.4502174529
0,365,1.46137551385,0.61110447265,0.9786389649,0.4233607919
0,365,1.4873493398000002,0.6288782508999999,0.996676031,0.4367897356
0,365,1.4845070787499999,0.6227087739,0.9929235535,0.428407716
0,365,1.4364107912,0.6896553862,0.9619485962,0.4779638178
0,365,1.4551216659000001,0.5850654402,0.9733156984,0.4024590618
0,365,1.2321599406000001,0.508239299,0.825009996,0.348465976
0,365,1.23363473045,0.5036466281,0.8243276019,0.3470737868
0,365,1.31683575505,0.5533173831,0.8807254565,0.3814252158
0,365,1.3148610897,0.5521450994,0.8796498158,0.3804322354
0,365,1.25362438485,0.533329155,0.8384482993,0.3667896538
0,365,1.2567749574,0.5312346720500001,0.8405704514,0.3665077553
0,365,1.05840525225,0.48342371165,0.7079848539,0.3293340709
0,365,1.06134724305,0.4846970238,0.7094880833,0.3300176306
0,365,1.2580413189500002,0.51679053945,0.8408476405,0.3560629305
0,365,1.25506789905,0.51853786085,0.8388427725,0.3563581815
0,365,1.3096994400000002,0.5361104676999999,0.8759416456,0.370026514
0,365,1.3142239228,0.53655061915,0.8789108494,0.3692494877
0,365,1.3337580090499999,0.5341463066000001,0.8920796293,0.367110792
0,365,1.2821606764,0.5159662349,0.8573613932,0.3550192656
0,365,0.2469753354,1.0406325618,0.170737651,0.7125017712
0,365,0.2592818473,1.0438781419,0.1798858864,0.7162668676
0,365,0.2693090403,1.0441472927,0.1873155986,0.718645344
0,365,0.46047303964999997,0.77770828335,0.3117020083,0.5394885497
0,365,0.459372639,0.7812240446,0.3092416488,0.5361278394
0,365,0.37551811970000004,0.787667109,0.2546304984,0.5450169766
0,365,0.1284182945,0.9426898489,0.0946349966,0.6543915678
0,365,0.41021657845000004,0.8741738561000001,0.2801847845,0.6035990092
0,365,0.32368196444999997,0.90190012425,0.2215947907,0.6234031653
0,365,0.3422027316,0.88492496785,0.2331643676,0.6109847783
0,365,0.227827865,0.9441462112000001,0.1586731046,0.6549079504
0,365,0.2384035167,0.9305281544499999,0.1665734526,0.6450642549
0,365,0.21707885510000002,0.94350604665,0.1501666354,0.6509012851
0,365,0.1921444116,0.9399826554999999,0.1340203728,0.650704542
0,365,0.2253633277,0.7877787648000001,0.1556573704,0.5439358432
0,365,0.3812828625,0.9576872875,0.2601599448,0.664221366
0,365,0.29946145905,1.05518896335,0.2057567629,0.7327690367
0,365,0.41294443,1.0485118918,0.2814867912,0.7301289458
0,365,0.40141900715,1.0517945996,0.2736092867,0.7310228734
0,365,0.38755894105,1.0568777659,0.2638553901,0.731227519
0,365,0.40980305625,0.84744043205,0.2779032641,0.5857353069
0,365,0.73879775995,0.6521219371,0.4959767725,0.4516856688
0,365,0.7104377777499999,0.59427408065,0.4762131007,0.4084350203
0,365,0.7117440006,0.5889105146,0.476722405,0.4038145546
0,365,0.715121169,0.5898932083,0.4791432098,0.4046970374
0,365,0.7051361538,0.58965933735,0.4721630436,0.4048658495
0,365,0.71400543705,0.5934395573,0.4783786403,0.4083750708
0,365,0.6978269022,0.5915250589,0.4679191994,0.4065767244
0,365,0.70282404745,0.59392262715,0.4708899363,0.4081893639
0,365,0.6988987867500001,0.5935461718999999,0.4680242185,0.4082686606
0,365,0.6914018039500001,0.59327142645,0.4630522931,0.4079638723
0,365,0.7508835401,0.48119522800000003,0.5017814916,0.3291776574
0,365,0.87981501,0.6827887927,0.5890781072,0.4708095352
0,365,0.8847768168000001,0.68308281745,0.5923350786,0.4709506889
0,365,1.2043391586499999,0.7577630417000001,0.8070554121,0.5227257368
0,365,1.20467529635,0.7569339003,0.8066357957,0.5204210902
0,365,1.20635506505,0.7451921242499999,0.8079026171,0.5156700983
0,365,1.1990744062,0.7520483628000001,0.804444193,0.5178496686
0,365,1.23267108455,0.7410583390000001,0.8275884061,0.5102653852
0,365,1.2242496271,0.73690309445,0.8199233928,0.5069503183
0,365,1.21417339095,0.7362259385000001,0.8132394263,0.5072012884
0,365,1.2185440246500001,0.74335092765,0.8170700933,0.5115571591
0,365,1.21223360415,0.7374876013,0.8118508747,0.5091199424
0,365,1.1968464685,0.73570805725,0.8016723024,0.5071669537
0,365,1.19872002435,0.7427186655,0.8019729483,0.5119802112
0,365,1.1861593585499999,0.7338887284,0.7943675735,0.5066982582
0,365,1.1803803193,0.7401981329,0.7923314298,0.5106502878
0,365,1.18424241535,0.7443571922500001,0.7933583171,0.5115136957
0,365,1.1703165781,0.733961894,0.7832982554,0.5065532896
0,365,0.8936464834000001,0.6806023418,0.599631682,0.470492212
0,365,0.72704589445,0.58777876485,0.4875543953,0.4055804739
0,365,0.7728198805000001,0.48093267675,0.5164680656,0.3296430829
0,365,0.77025315,0.48191373554999994,0.5149039712,0.3299015467
0,365,0.7679415524,0.481855966,0.5138950214,0.3298756594
0,365,0.7709181152,0.4776862111,0.5155094024,0.3274545202
0,365,0.79033192775,0.4829729328,0.5289368205,0.3265239416
0,365,0.78523406465,0.48230719905,0.5257462505,0.3273070537
0,365,0.7944171242,0.4821529882,0.531031683,0.3268032514
0,365,0.795150694,0.48157686065,0.5322407056,0.3283876875
0,365,0.79313267175,0.47602315959999997,0.5303488289,0.3253306756
0,365,1.3888422818500001,0.7222578588499999,0.9299794071,0.4975916681
0,365,1.35220173665,0.7354517053,0.9046691945,0.5056389246
0,365,1.34511095535,0.7336012436999999,0.9007292157,0.504741182
0,365,1.3402676591,0.72806559565,0.8966054152,0.5016287169
0,365,1.32348384635,0.7266385949,0.8865289491,0.5015149492
0,365,1.3167576423,0.7344786171,0.8814329938,0.5042671728
0,365,1.3013892874500002,0.73109195155,0.8717448683,0.5043010987
0,365,1.306291839,0.7338752398,0.8745797704,0.505888396
0,365,1.31027152575,0.7270845369000001,0.8768224261,0.501275424
0,365,1.36045753985,0.7124856258,0.9114157125,0.4934411242
0,365,1.273410057,0.7352963135999999,0.8525538188,0.5067576626
0,365,1.2668955776,0.73231485165,0.848223813,0.5049786635
0,365,1.254868976,0.74525500305,0.8411282024,0.5128019271
0,365,1.2515006997,0.7380167232,0.839816767,0.5084006856
0,365,1.2138889962000001,0.7517596518,0.812569144,0.5169558772
0,365,1.2840042596,0.6507521609,0.859612941,0.4509950242
0,365,0.309922893,1.056846633,0.2114914182,0.7316832708
0,365,0.3162022677,1.0582601451,0.2164927796,0.7328668632
0,365,0.32344456005,1.0579962995,0.2215920311,0.7319421434
0,365,0.3312097631,1.0578654326499999,0.2258668444,0.7324455823
0,365,0.33855025215,1.0570439211,0.2305590511,0.7301202258
0,365,0.34502632685,1.05693492215,0.2368227879,0.7311306461
0,365,0.3549956275,1.05610400955,0.2431605746,0.7321575525
0,365,0.3643736018,1.0580593144500001,0.249021866,0.7327826615
0,365,0.3735970754,1.0535688300500001,0.255144632,0.7328336185
0,365,0.4002770204,0.84602501255,0.2716104746,0.5854956455
0,365,0.39165828815000003,0.8535499597,0.2660313549,0.591149285
0,365,0.39578898765000003,0.8438572276999999,0.2681058267,0.5833468674
0,365,1.15327995295,0.7105467388,0.7722553071,0.4907955834
0,365,0.3812828625,0.9576872875,0.2601599448,0.664221366
0,365,0.73879775995,0.6521219371,0.4959767725,0.4516856688
0,365,0.7508835401,0.48119522800000003,0.5017814916,0.3291776574
0,365,1.2840042596,0.6507521609,0.859612941,0.4509950242
