1,352,0.2039692921,0.6900834114,0.008033729999999989,0.042580305000000096,-1,-1,-1,-1
2,352,0.2039692921,0.6900834114,0.008033729999999989,0.042580305000000096,-1,-1,-1,-1
3,352,0.2039692921,0.6900834114,0.008033729999999989,0.042580305000000096,-1,-1,-1,-1
4,352,0.2039692921,0.6900834114,0.007974704700000002,0.04187521800000005,-1,-1,-1,-1
5,352,0.2039692921,0.6900834114,0.007974704700000002,0.04187521800000005,-1,-1,-1,-1
6,352,0.2039692921,0.6900834114,0.007974704700000002,0.04187521800000005,-1,-1,-1,-1
7,352,0.204154417,0.6905602819,0.007789579800000002,0.04139834750000004,-1,-1,-1,-1
8,352,0.204154417,0.6905602819,0.007326882600000001,0.04139834750000004,-1,-1,-1,-1
9,352,0.204154417,0.6905602819,0.007326882600000001,0.04139834750000004,-1,-1,-1,-1
10,352,0.204154417,0.6905602819,0.007326882600000001,0.04139834750000004,-1,-1,-1,-1
11,352,0.204154417,0.6905602819,0.007326882600000001,0.04139834750000004,-1,-1,-1,-1
12,352,0.204154417,0.6905602819,0.007326882600000001,0.04139834750000004,-1,-1,-1,-1
13,352,0.204154417,0.6905602819,0.007326882600000001,0.04139834750000004,-1,-1,-1,-1
14,352,0.204154417,0.6905602819,0.007326882600000001,0.04139834750000004,-1,-1,-1,-1
15,352,0.204154417,0.6905602819,0.007326882600000001,0.04139834750000004,-1,-1,-1,-1
16,352,0.204154417,0.6905602819,0.007326882600000001,0.04139834750000004,-1,-1,-1,-1
17,352,0.204154417,0.6905602819,0.007326882600000001,0.04139834750000004,-1,-1,-1,-1
18,352,0.204154417,0.6905602819,0.007326882600000001,0.04139834750000004,-1,-1,-1,-1
19,352,0.204154417,0.6905602819,0.007326882600000001,0.04139834750000004,-1,-1,-1,-1
20,352,0.204154417,0.6905602819,0.007326882600000001,0.04139834750000004,-1,-1,-1,-1
21,352,0.2041771839,0.6910049976,0.0073142343,0.04067827319999995,-1,-1,-1,-1
22,352,0.2041771839,0.6910049976,0.0073142343,0.04067827319999995,-1,-1,-1,-1
23,352,0.2041771839,0.6910049976,0.0073142343,0.04067827319999995,-1,-1,-1,-1
24,352,0.2041771839,0.6910049976,0.0073142343,0.04067827319999995,-1,-1,-1,-1
25,352,0.2041771839,0.6910049976,0.0073142343,0.04067827319999995,-1,-1,-1,-1
26,352,0.2041771839,0.6910049976,0.0073142343,0.04067827319999995,-1,-1,-1,-1
27,352,0.2041771839,0.6910049976,0.0073142343,0.04067827319999995,-1,-1,-1,-1
28,352,0.2041771839,0.6910049976,0.0073142343,0.04067827319999995,-1,-1,-1,-1
29,352,0.2041771839,0.6910049976,0.007432208299999993,0.040783184699999975,-1,-1,-1,-1
30,352,0.2041771839,0.6910049976,0.007432208299999993,0.040783184699999975,-1,-1,-1,-1
31,352,0.2041771839,0.6910049976,0.007432208299999993,0.040783184699999975,-1,-1,-1,-1
32,352,0.2041771839,0.6910049976,0.007432208299999993,0.040783184699999975,-1,-1,-1,-1
33,352,0.2041771839,0.6910049976,0.007432208299999993,0.040783184699999975,-1,-1,-1,-1
34,352,0.2039412359,0.6910049976,0.007668156300000006,0.040783184699999975,-1,-1,-1,-1
35,352,0.2039412359,0.6910049976,0.007668156300000006,0.040783184699999975,-1,-1,-1,-1
36,352,0.2039412359,0.6910049976,0.007668156300000006,0.040783184699999975,-1,-1,-1,-1
37,352,0.2039412359,0.6910049976,0.007668156300000006,0.040783184699999975,-1,-1,-1,-1
38,352,0.2039412359,0.6910049976,0.007668156300000006,0.040783184699999975,-1,-1,-1,-1
39,352,0.2039412359,0.6910049976,0.007668156300000006,0.040783184699999975,-1,-1,-1,-1
40,352,0.2034693399,0.6909000861,0.007609207600000001,0.0408880962,-1,-1,-1,-1
41,352,0.2028795466,0.6905856241,0.008257949600000009,0.04120255819999996,-1,-1,-1,-1
42,352,0.2025845733,0.6909000861,0.008258026200000018,0.04067840950000001,-1,-1,-1,-1
43,352,0.2029975206,0.6913194596,0.007845078899999997,0.040259036000000026,-1,-1,-1,-1
44,352,0.2029975206,0.6913194596,0.007727104900000004,0.04004934930000004,-1,-1,-1,-1
45,352,0.2029975206,0.6913194596,0.007727104900000004,0.04004934930000004,-1,-1,-1,-1
46,352,0.2028795466,0.6911097728,0.007845078900000024,0.040259036100000034,-1,-1,-1,-1
47,352,0.2028795466,0.6911097728,0.007845078900000024,0.040259036100000034,-1,-1,-1,-1
48,352,0.2028795466,0.6911097728,0.007845078900000024,0.040259036100000034,-1,-1,-1,-1
49,352,0.2028795466,0.6911097728,0.007845078900000024,0.040259036100000034,-1,-1,-1,-1
50,352,0.2028795466,0.6911097728,0.007845078900000024,0.040259036100000034,-1,-1,-1,-1
51,352,0.2028795466,0.6911097728,0.007845078900000024,0.040259036100000034,-1,-1,-1,-1
52,352,0.2028795466,0.6911097728,0.007845078900000024,0.040259036100000034,-1,-1,-1,-1
53,352,0.2028795466,0.6911097728,0.007439107400000006,0.04034310150000009,-1,-1,-1,-1
54,352,0.2028795466,0.6911097728,0.007439107400000006,0.04034310150000009,-1,-1,-1,-1
55,352,0.2028795466,0.6911097728,0.007536307500000006,0.04017497060000008,-1,-1,-1,-1
56,352,0.2031128883,0.6912885311,0.007302965800000005,0.039996212300000056,-1,-1,-1,-1
57,352,0.2031128883,0.6912885311,0.007302965800000005,0.039996212300000056,-1,-1,-1,-1
58,352,0.2031128883,0.6912885311,0.007302965800000005,0.039996212300000056,-1,-1,-1,-1
59,352,0.2031128883,0.6912885311,0.007659187500000025,0.03925747190000006,-1,-1,-1,-1
60,352,0.2031128883,0.6912885311,0.007659187500000025,0.03925747190000006,-1,-1,-1,-1
61,352,0.2031128883,0.6912885311,0.007659187500000025,0.03925747190000006,-1,-1,-1,-1
62,352,0.20346911,0.6910774819,0.007302965800000005,0.0394685211000001,-1,-1,-1,-1
63,352,0.2032909608,0.6910774819,0.00748111500000001,0.0394685211000001,-1,-1,-1,-1
64,352,0.2031128883,0.6910774819,0.007659187500000025,0.0394685211000001,-1,-1,-1,-1
65,352,0.2031128883,0.6910774819,0.007718519400000012,0.04166852870000004,-1,-1,-1,-1
66,352,0.2031128883,0.6910774819,0.007718519400000012,0.040997095200000055,-1,-1,-1,-1
67,352,0.2031128883,0.6910774819,0.007718519400000012,0.04072841280000006,-1,-1,-1,-1
68,352,0.2035284419,0.6910774819,0.007302965800000005,0.040459866600000005,-1,-1,-1,-1
69,352,0.2038253316,0.6905497907,0.007006076100000008,0.04075007630000005,-1,-1,-1,-1
70,352,0.2035878505,0.6907608399,0.0072435572,0.04105009599999998,-1,-1,-1,-1
71,352,0.2035878505,0.6907608399,0.0072435572,0.04188339299999999,-1,-1,-1,-1
72,352,0.2032909608,0.6910774819,0.007540446899999997,0.04097148040000009,-1,-1,-1,-1
73,352,0.2032909608,0.6910774819,0.007540446899999997,0.04037634610000007,-1,-1,-1,-1
74,352,0.2032909608,0.6910774819,0.007540446899999997,0.041776982700000076,-1,-1,-1,-1
75,352,0.2029940711,0.6916051731,0.0077185961000000025,0.0411348426,-1,-1,-1,-1
76,352,0.2029940711,0.6916051731,0.0077185961000000025,0.04090608099999993,-1,-1,-1,-1
77,352,0.2030534797,0.6918162223,0.00789666859999999,0.03989457080000003,-1,-1,-1,-1
78,352,0.2030534797,0.6918162223,0.007837336599999994,0.04058071920000006,-1,-1,-1,-1
79,352,0.2030534797,0.6918162223,0.007837336599999994,0.040466406499999996,-1,-1,-1,-1
80,352,0.2030534797,0.6918162223,0.007837336599999994,0.0403519576000001,-1,-1,-1,-1
81,352,0.2035284419,0.6912885311,0.00748111500000001,0.0407653362,-1,-1,-1,-1
82,352,0.2035284419,0.6912885311,0.00748111500000001,0.04058630539999997,-1,-1,-1,-1
83,352,0.2035284419,0.6912885311,0.007599855500000002,0.04091589100000004,-1,-1,-1,-1
84,352,0.2035284419,0.6912885311,0.007599855500000002,0.04135529299999996,-1,-1,-1,-1
85,352,0.2030534797,0.6913941239,0.007481114999999983,0.04135951670000004,-1,-1,-1,-1
86,352,0.2023409597,0.6913941239,0.0078967452,0.04223845700000006,-1,-1,-1,-1
87,352,0.2012722947,0.6918162223,0.008609188600000012,0.04221229730000009,-1,-1,-1,-1
88,352,0.19919422,0.6938212581,0.008193558299999987,0.04284558110000003,-1,-1,-1,-1
89,352,0.1953483751,0.6951725726,0.011091318500000003,0.04231530130000005,-1,-1,-1,-1
90,352,0.1916747769,0.6949214663,0.00939583519999998,0.04269202890000001,-1,-1,-1,-1
91,352,0.189414107,0.692159024,0.00918395720000001,0.044198803200000025,-1,-1,-1,-1
92,352,0.1863763725,0.6897731732,0.00967839009999999,0.043068892800000036,-1,-1,-1,-1
93,352,0.1870828366,0.6866340033,0.008336138999999992,0.042189952500000016,-1,-1,-1,-1
94,352,0.1882838103,0.6824904081,0.007912306499999994,0.041310875900000044,-1,-1,-1,-1
95,352,0.1899086165,0.6782211916,0.007417796900000023,0.0406831782,-1,-1,-1,-1
96,352,0.1928757506,0.6747054303,0.0074177968999999955,0.0406831782,-1,-1,-1,-1
97,352,0.1948538656,0.6706874564,0.007912229800000004,0.0411852546,-1,-1,-1,-1
98,352,0.197255813,0.6683016056,0.007347043199999986,0.039929722900000075,-1,-1,-1,-1
99,352,0.1985880222,0.6659337395,0.009552214000000003,0.036483584800000024,-1,-1,-1,-1
100,352,0.2005257393,0.6631354639,0.009188863299999989,0.036591221200000024,-1,-1,-1,-1
101,352,0.1992540885,0.6631354639,0.007977847600000004,0.035730129499999985,-1,-1,-1,-1
102,352,0.1989512963,0.6624897813,0.008341198299999991,0.03831313219999999,-1,-1,-1,-1
103,352,0.2005256627,0.6603371883,0.0087651074,0.03788272250000002,-1,-1,-1,-1
104,352,0.2011312472,0.6602295518,0.00828063979999999,0.036375948300000016,-1,-1,-1,-1
105,352,0.202766172,0.6594762328,0.007614573499999999,0.03702163079999998,-1,-1,-1,-1
106,352,0.2051277216,0.6586152773,0.0073117812999999865,0.03648344849999996,-1,-1,-1,-1
107,352,0.2071865556,0.6562474113,0.007675055300000011,0.0399275429,-1,-1,-1,-1
108,352,0.2092453129,0.6542024547,0.008977138699999998,0.038741634299999994,-1,-1,-1,-1
109,352,0.2114252638,0.653095434,0.007523812499999977,0.038464913300000014,-1,-1,-1,-1
110,352,0.2126190318,0.6509736332,0.00762760509999999,0.03892611499999998,-1,-1,-1,-1
111,352,0.214020385,0.6485751112,0.008821373199999982,0.037819094399999975,-1,-1,-1,-1
112,352,0.2164078445,0.6465455507,0.007316303899999987,0.038557153600000005,-1,-1,-1,-1
113,352,0.2178610939,0.6441470287,0.007835343600000017,0.038095815500000074,-1,-1,-1,-1
114,352,0.219054862,0.6413795453,0.0076276817,0.038003575100000075,-1,-1,-1,-1
115,352,0.2208714622,0.640364765,0.0090291116,0.03735775640000005,-1,-1,-1,-1
116,352,0.2235852473,0.6387041659,0.006963991799999986,0.037527522300000005,-1,-1,-1,-1
117,352,0.2263879537,0.6366483094,0.0075423632999999934,0.037527522300000005,-1,-1,-1,-1
118,352,0.2283899854,0.6353831041,0.0086990297,0.035471665700000043,-1,-1,-1,-1
119,352,0.2306143202,0.6352249193,0.007720359199999999,0.03539264149999999,-1,-1,-1,-1
120,352,0.2331501862,0.6345923167,0.00967777689999999,0.0358670593999999,-1,-1,-1,-1
121,352,0.2356415148,0.6325364601,0.008832488299999997,0.03776473130000002,-1,-1,-1,-1
122,352,0.2392005119,0.631745809,0.009232940600000017,0.035550689999999996,-1,-1,-1,-1
123,352,0.2428040463,0.6306387884,0.006786072599999998,0.03602510790000002,-1,-1,-1,-1
124,352,0.2456067527,0.6290573498,0.008654645800000027,0.036578550099999996,-1,-1,-1,-1
125,352,0.2497441214,0.6275549355,0.008921562800000032,0.035708738399999995,-1,-1,-1,-1
126,352,0.2535256516,0.627001357,0.0078093570999999695,0.03618329269999998,-1,-1,-1,-1
127,352,0.2576185596,0.6257361517,0.007230985599999962,0.03697408000000002,-1,-1,-1,-1
128,352,0.2623787604,0.6247081553,0.009499857799999956,0.03602524419999997,-1,-1,-1,-1
129,352,0.2666940483,0.6236011347,0.009366475799999996,0.035709010900000004,-1,-1,-1,-1
130,352,0.2714097885,0.6218615114,0.007186524899999991,0.03634161359999999,-1,-1,-1,-1
131,352,0.275636155,0.6214661177,0.009188479999999999,0.035313617199999925,-1,-1,-1,-1
132,352,0.2812861051,0.6214661177,0.010122843200000009,0.035313617199999925,-1,-1,-1,-1
133,352,0.286313223,0.6204382575,0.010923747900000003,0.035629850500000004,-1,-1,-1,-1
134,352,0.2916963326,0.6202800728,0.012436176000000021,0.03610426840000003,-1,-1,-1,-1
135,352,0.3015725726,0.6191730522,0.010256378400000044,0.03578803520000007,-1,-1,-1,-1
136,352,0.3100000092,0.6184276356,0.010856903600000023,0.03601243679999999,-1,-1,-1,-1
137,352,0.3179696545,0.6166655313,0.011200170400000042,0.03472461409999994,-1,-1,-1,-1
138,352,0.3261954085,0.6153777086,0.010524598699999999,0.03540245140000009,-1,-1,-1,-1
139,352,0.3336053098,0.6139784346,0.01086019979999997,0.03434734149999996,-1,-1,-1,-1
140,352,0.3416171161,0.61249673,0.010443649599999993,0.03558216339999998,-1,-1,-1,-1
141,352,0.3495364749,0.6111797502,0.009980492499999993,0.03434734149999996,-1,-1,-1,-1
142,352,0.3568094681,0.6096372787,0.010079379099999952,0.03584362470000002,-1,-1,-1,-1
143,352,0.3640350877,0.6084095418,0.009860908800000012,0.03461874890000005,-1,-1,-1,-1
144,352,0.3711544618,0.60689868,0.009435926400000016,0.03556295239999996,-1,-1,-1,-1
145,352,0.3785395264,0.605576659,0.009435773099999989,0.034524192300000034,-1,-1,-1,-1
146,352,0.3864026196,0.6035935593,0.008479562800000007,0.03527969129999997,-1,-1,-1,-1
147,352,0.3934687942,0.6016104595,0.009010943999999965,0.03405195439999997,-1,-1,-1,-1
148,352,0.3998974952,0.5995329395,0.009064143600000019,0.03518527100000002,-1,-1,-1,-1
149,352,0.4069638231,0.5974554194,0.009276634700000008,0.03414651099999999,-1,-1,-1,-1
150,352,0.4143488878,0.5955667401,0.008320271099999998,0.03527969129999997,-1,-1,-1,-1
151,352,0.4209370339,0.5939613217,0.009276481400000036,0.03339101199999994,-1,-1,-1,-1
152,352,0.4281626536,0.5917893813,0.008532762199999988,0.03490200999999993,-1,-1,-1,-1
153,352,0.4345381552,0.5905617806,0.00917038910000001,0.033107750900000066,-1,-1,-1,-1
154,352,0.4416043298,0.5885786809,0.008479716100000034,0.034713169200000005,-1,-1,-1,-1
155,352,0.4478735858,0.5872566598,0.009436233100000024,0.03329659159999998,-1,-1,-1,-1
156,352,0.4545147781,0.5858402184,0.00943623299999996,0.03442977199999997,-1,-1,-1,-1
157,352,0.4612091698,0.5846126177,0.009489279200000034,0.033202035000000074,-1,-1,-1,-1
158,352,0.4678503621,0.583385017,0.008692360600000004,0.03424079499999999,-1,-1,-1,-1
159,352,0.4735351907,0.5824406773,0.009701923700000004,0.03367427299999992,-1,-1,-1,-1
160,352,0.4800701374,0.5823461207,0.008639314499999995,0.03376882959999994,-1,-1,-1,-1
161,352,0.4858080122,0.5810240997,0.009170695800000017,0.033674272900000024,-1,-1,-1,-1
162,352,0.4905896768,0.5798909193,0.009011404,0.03433535160000001,-1,-1,-1,-1
163,352,0.4968589328,0.5779078196,0.00662064840000004,0.033391011899999934,-1,-1,-1,-1
164,352,0.5019594875,0.5766935712,0.007299822900000086,0.033119604600000074,-1,-1,-1,-1
165,352,0.5063313476,0.5754794591,0.00579690020000001,0.03352439949999997,-1,-1,-1,-1
166,352,0.5087449468,0.5749937326,0.0075274919999999135,0.033767194499999986,-1,-1,-1,-1
167,352,0.513175679,0.5741033474,0.006147985799999978,0.0342529211,-1,-1,-1,-1
168,352,0.5150428723,0.5730510987,0.00724079759999996,0.033767194599999995,-1,-1,-1,-1
169,352,0.5174239692,0.5718022432,0.005500700399999947,0.03260948940000008,-1,-1,-1,-1
170,352,0.5195317099,0.5704840371,0.005617831100000026,0.031638172500000006,-1,-1,-1,-1
171,352,0.5218347708,0.5688882924,0.007569499600000085,0.03212389909999991,-1,-1,-1,-1
172,352,0.5248403097,0.5679169755,0.005578889700000089,0.03260948939999997,-1,-1,-1,-1
173,352,0.5266750007,0.5669456586,0.005723770100000025,0.032919318899999994,-1,-1,-1,-1
174,352,0.5285677973,0.5669456586,0.0058491796999999845,0.03249708419999997,-1,-1,-1,-1
175,352,0.5304038681,0.5667865201,0.005614918200000041,0.032374733000000044,-1,-1,-1,-1
176,352,0.530717239,0.5657518475,0.0056149181000000326,0.032374733000000044,-1,-1,-1,-1
177,352,0.5312545994,0.5646376057,0.005435849100000056,0.031976614299999984,-1,-1,-1,-1
178,352,0.5333594271,0.5640804848,0.0061075114000000985,0.03205618350000006,-1,-1,-1,-1
179,352,0.535195498,0.5633640892,0.005569997599999987,0.03309099230000001,-1,-1,-1,-1
180,352,0.5358671602,0.5622498474,0.005390928600000011,0.033250130800000055,-1,-1,-1,-1
