0,365,1.1677524457,1.22670676015,0.7882791824,0.8526097075
0,365,1.14299015245,1.22363833055,0.7696016205,0.8474595069
0,365,0.82466075,1.2781839957,0.5593417618,0.8950612574
0,365,0.8310621615,1.25148497445,0.5632972252,0.8745509243
0,365,0.72449646035,1.2178176502,0.4939236111,0.8526821918
0,365,0.8392637686500001,0.39550631375,0.5605881927,0.2697733639
0,365,0.4041212172,0.95946785345,0.275515728,0.6641836251
0,365,0.4161297278,0.9692603875999999,0.2826786428,0.671562173
0,365,0.43754852345000006,0.9756142772,0.2966080829,0.6730626798
0,365,0.42412102865,0.9733949223,0.2875094441,0.6718955736
0,365,0.44917781555,0.94382262055,0.3043489859,0.6542585891
0,365,0.51031854665,0.9645643720500001,0.3456786717,0.6674042717
0,365,0.44524320275,0.97837576575,0.3021808401,0.6774828599
0,365,0.46157290375,0.9782658129999999,0.3119034609,0.6772190824
0,365,0.45728996485000006,0.9916466608000001,0.3106502843,0.68450757
0,365,0.8446963216,0.82058997045,0.5689705554,0.5687313339
0,365,0.8650585255000001,0.8017527713,0.5823743634,0.5568376406
0,365,0.8395723868,0.80904950185,0.5640242332,0.5606524677
0,365,0.83639751425,0.8003325149,0.5617121269,0.5548873768
0,365,0.8394412279500001,0.79377656855,0.5643865107,0.5506471813
0,365,0.8579950339,0.7970659525,0.5755386176,0.551427205
0,365,0.8519231677500001,0.7906777282499999,0.5716096773,0.5462692383
0,365,0.75422291705,0.9081626592,0.5080889225,0.6320132652
0,365,0.73551717835,0.9075453163,0.4952010111,0.6312442776
0,365,0.7391186430000001,0.90094127405,0.4966861496,0.6246404397
0,365,0.63259479625,0.91360668,0.4282055811,0.6343195468
0,365,0.6135644949,0.9226195990999999,0.4135012228,0.6410648108
0,365,0.6251011863,0.90042175785,0.4213092768,0.6247791409
0,365,0.5505045975,0.9146006142,0.3704112026,0.6305822452
0,365,0.5381904583,0.9127445664,0.3643591904,0.633173559
0,365,0.5962366526,0.8543594813,0.4014140628,0.5913363544
0,365,0.9696231915,0.7398903471,0.6505181044,0.51119828
0,365,0.69150437,0.6609875714,0.464005897,0.4567128368
0,365,0.7305459429,0.6585730402,0.489942238,0.454271669
0,365,0.7238190489,0.5910049976,0.4857782696,0.4064524656
0,365,0.72049814615,0.5814141116,0.4826163519,0.4007800238
0,365,0.7302636177999999,0.5857690966,0.4887450204,0.4036890696
0,365,0.7416793456,0.579591649,0.4970672846,0.3999799714
0,365,0.7301494767,0.5813718063,0.4883787568,0.4010583798
0,365,0.40228886415,0.5226144216999999,0.2712176879,0.3587844982
0,365,0.6284806544,0.47953626395000004,0.4206126246,0.3285304761
0,365,0.6249446542,0.48194507270000003,0.418204698,0.3303775996
0,365,0.6170784948,0.4852857544,0.4133287462,0.3313220756
0,365,0.6132113395,0.48179635725,0.410827299,0.3302842693
0,365,0.63613876865,0.4708462543,0.4260604321,0.3223288444
0,365,0.6333413516,0.47070040005,0.4243309134,0.3221104377
0,365,0.27220210764999997,0.5792539567,0.1850094379,0.395520688
0,365,0.27682310065000004,0.57871400315,0.1869624863,0.3960738577
0,365,0.3039538229,0.5653068593499999,0.2061279326,0.3864895797
0,365,0.57048428665,0.4774945092,0.3820758333,0.327007352
0,365,0.6258666758,0.4314852334,0.41875509,0.2949543022
0,365,0.6789439342,0.48460907525,0.4551971722,0.3319369659
0,365,1.0273369276,0.47880746975,0.6872707978,0.3268458973
0,365,0.6924440225499999,0.39265837550000005,0.4626441751,0.2667051796
0,365,0.66236839655,0.46700996794999994,0.4434837881,0.3200547175
0,365,0.689324879,0.46720698355,0.4610285676,0.3180613991
0,365,0.69283979885,0.45408534895,0.4634719095,0.3103182497
0,365,0.65797813885,0.43763992745,0.4402421479,0.2991081161
0,365,0.69564028225,0.609191473,0.4667738015,0.418803682
0,365,0.69159359795,0.6110006513,0.4629593857,0.41861634
0,365,0.6868364634,0.61054810125,0.4612159156,0.4203233999
0,365,0.6863192634999999,0.60731280795,0.4601996068,0.4121761369
0,365,0.6772315099,0.5699540978,0.4539806372,0.39336428
0,365,0.67369290335,0.57400136525,0.4508938427,0.3932024165
0,365,0.6919816319500001,0.4874214526,0.4637673427,0.334295022
0,365,0.7005236696,0.487294537,0.4683671786,0.3336384396
0,365,0.7048229363,0.48551417525,0.4708589672,0.3321732211
0,365,0.676707181,0.4014184851,0.45224054,0.2737571394
0,365,0.74655238445,0.47808078725,0.4994252313,0.3278131267
0,365,0.7463392033,0.47768832294999997,0.4992493818,0.3267358083
0,365,0.74123282285,0.47730280729999996,0.4953132359,0.327056129
0,365,0.664066946,0.4413276345,0.444349084,0.299271342
0,365,1.0541256862,0.7567802798500001,0.7079223024,0.5245498343
0,365,1.06162995145,0.76603340545,0.7102751899,0.5255952705
0,365,0.25487863475,0.6947832419,0.1737828211,0.4785436922
0,365,0.25406880725000003,0.6975074256,0.1729456121,0.4801796576
0,365,0.6305380319,0.48595010294999996,0.4230847892,0.3302844055
0,365,1.18415272755,0.7333611053,0.7948693655,0.5098362018
0,365,1.051120224,0.72688724875,0.7048574316,0.5058026955
0,365,1.0530892169,0.7240624728,0.7064080346,0.502761761
0,365,0.9937371064,0.66420310865,0.6657665688,0.4588112029
0,365,0.7503263256999999,0.66829200005,0.5023571802,0.4610602601
0,365,0.7426419950500001,0.6648509031,0.5005480923,0.4577257096
0,365,0.72461811385,0.66435720595,0.4881576801,0.4586523369
0,365,0.9351294432499999,0.6146089254,0.6263007035,0.417947904
0,365,0.9338224923,0.6113597347499999,0.6263969838,0.4148696373
0,365,0.9752646328000001,0.46468563339999996,0.6530870092,0.3190504284
0,365,0.969327375,0.4637539648,0.6483718822,0.3182743558
0,365,0.897835825,0.45580133300000003,0.6000420996,0.3119566402
0,365,0.89885336025,0.45394923644999996,0.6009282461,0.3117436835
0,365,1.07400510895,0.47965847905000003,0.7191732959,0.3294795845
0,365,1.0757672066000001,0.47854743909999997,0.7195867798,0.3284513156
0,365,0.9946019424000001,0.48404309815,0.664524124,0.3294024677
0,365,0.99231191315,0.47861024975,0.6628465783,0.3281006115
0,365,0.9918120376499999,0.47707050325,0.6631536633,0.3273447037
0,365,0.9948017086500001,0.4765699937,0.6645713443,0.3262109784
0,365,0.9982199649,0.46519983600000003,0.6685994778,0.3191220952
0,365,1.10166567935,0.49264876995,0.7368543703,0.3370314407
0,365,0.8236886719500001,0.48436784695,0.5510225639,0.3326069007
0,365,0.8218066328,0.48166596725,0.5493953558,0.3300458341
0,365,0.73738076885,0.46762874135,0.4937955951,0.3206044809
0,365,0.7397922983,0.46977356835000006,0.495054751,0.3213944509
0,365,0.7430388445,0.4709675156,0.4967583598,0.3217892996
0,365,0.8387156764000001,0.48527165265,0.5613743794,0.3334820261
0,365,0.8424121182,0.4850174126,0.5633498114,0.3330855424
0,365,0.8297492696,0.3769247172,0.55441721,0.2560607506
0,365,0.83018314415,0.3897905449,0.5544497123,0.2649057432
0,365,0.8395479335,0.37740329065,0.5607735476,0.2569514083
0,365,0.8376217914999999,0.3822742495,0.5596299894,0.2597629
0,365,0.8377541002,0.37827337485,0.5598231632,0.2567410403
0,365,0.8340472331,0.38430748875,0.5573583576,0.2598105871
0,365,0.8341245026999999,0.38485350539999996,0.5572798616,0.2605990582
0,365,0.84394440025,0.3918015756,0.5637810795,0.2661308914
0,365,0.84726767935,0.39173181625,0.5660312475,0.2662704101
0,365,0.9092788424,0.42902546760000004,0.608335541,0.2927526596
0,365,0.90303311975,0.42737106785,0.6038675539,0.2929890511
0,365,0.9090626717000001,0.42852325495,0.6081028126,0.2921027533
0,365,0.9036751160500001,0.4273415019,0.6039127811,0.2923391448
0,365,0.8544572706,0.40694623080000003,0.5708740838,0.2774797262
0,365,0.8570191229999999,0.408495106,0.5722370322,0.2768965818
0,365,0.8558881363999999,0.4089039201,0.5720512174,0.2790764246
0,365,0.8588594866000001,0.41023752235,0.5738790094,0.2792966025
0,365,0.86110766155,0.41837552045000004,0.5753606217,0.2858572495
0,365,0.86377652615,0.4171191713,0.5770630041,0.2842674998
0,365,0.8605857857,0.4230339995,0.5748424254,0.2879483944
0,365,0.8652498596,0.42017904445,0.5779424048,0.2867676633
0,365,0.8441729126499999,0.4093604895,0.5635960313,0.2776101162
0,365,0.84548818085,0.4061880068,0.5647704053,0.2772760344
0,365,0.84242331,0.40574976295,0.5626801422,0.2758151759
0,365,0.8395932373499999,0.4069394865,0.5608718209,0.2771926502
0,365,0.84192548885,0.4074818925,0.5624641249,0.2780775582
0,365,0.8394337157,0.39567137910000005,0.5607174352,0.26978876
0,365,0.8745038807,0.4370780378,0.5847505544,0.2993078566
0,365,0.87252584235,0.43754107900000005,0.5829466791,0.2988471998
0,365,0.8790804130000001,0.43662112775,0.5872657998,0.2985330103
0,365,0.8566034762999999,0.38972378305,0.5722620222,0.2660935593
0,365,0.8428156478,0.4109293542,0.562632024,0.2768485638
0,365,1.0372185335,0.42497935835,0.6929013538,0.2881203403
0,365,1.0767275563,0.47589147519999997,0.7199860056,0.3255003052
0,365,1.1501828098,0.7028837717,0.771272727,0.4853231546
0,365,1.1366503726000001,0.70472919215,0.7609934284,0.4866669755
0,365,1.29981162495,0.7090984151,0.8722960269,0.4918937478
0,365,1.26913225415,0.67327951965,0.8512204597,0.4651479933
0,365,1.24946256295,0.6538371719,0.8359790477,0.45182437
0,365,1.272644031,0.6654902501,0.8535505036,0.4593161406
0,365,1.2707904058500001,0.65771876095,0.8504086699,0.4550940661
0,365,1.28957832,0.660668477,0.865642263,0.455649552
0,365,1.26115900595,0.6742557415,0.8447250677,0.4525193746
0,365,1.2026531807,0.6593647813,0.8051114092,0.4551722728
0,365,1.1749556620000001,0.6481392516,0.7865500142,0.447288651
0,365,1.1928252341,0.64882935125,0.800343696,0.4489555175
0,365,1.20226139055,0.6373771037,0.8054151213,0.4411236702
0,365,1.2896232406,0.6503699833000001,0.8636314158,0.4501914294
0,365,1.4905872238,0.61739643735,0.9997310898,0.4285360623
0,365,1.4462342149,0.62901068465,0.967735071,0.4349863479
0,365,1.4057957349499999,0.69211705945,0.9415385587,0.4796049333
0,365,1.4185158458,0.6892971203,0.9496449588,0.4782955834
0,365,1.4870479785000001,0.59269513995,0.9945999068,0.4075455283
0,365,1.20596879415,0.50222936925,0.8070227565,0.3441340851
0,365,1.2069510675,0.4980020492,0.8067848154,0.3429524002
0,365,1.3387120735,0.5594558636,0.895282788,0.3862161286
0,365,1.33583439735,0.5593143693,0.8928901927,0.3855530062
0,365,1.28025316185,0.54199286875,0.8561250809,0.3731948411
0,365,1.28445346535,0.54024050625,0.8600805443,0.3729816119
0,365,0.98503485715,0.4723204651,0.6589182513,0.3217211752
0,365,0.98824330515,0.472695694,0.6605291061,0.3219176458
0,365,1.23240133115,0.5105307295,0.8239338953,0.3510391688
0,365,1.23054808925,0.51169374835,0.8223676545,0.3515751711
0,365,1.2924643518,0.53081175605,0.86416571,0.3662314429
0,365,1.2969669875,0.53118405565,0.8670973522,0.3656358999
0,365,1.31667301385,0.5264829989,0.8810984659,0.3612055012
0,365,1.25168452145,0.50876188095,0.8378905483,0.3498171543
0,365,0.24717061725,1.0408839406500001,0.1711282147,0.7130045289
0,365,0.2592818473,1.0438781419,0.1798858864,0.7162668676
0,365,0.26938959525,1.04484399615,0.1874767085,0.7188171451
0,365,0.5023216117,0.77691620155,0.3415327942,0.5390924747
0,365,0.50262884995,0.7808022187,0.3396122481,0.536062985
0,365,0.41020987100000006,0.7892776367000001,0.277117384,0.5460030084
0,365,0.1576618551,0.9443783108000001,0.1137534526,0.6551683216
0,365,0.45400394070000005,0.8608714194,0.3077302938,0.5938619964
0,365,0.3594471335,0.8928860471,0.2465003348,0.616513069
0,365,0.3605455412,0.8815715469,0.246619612,0.6088667924
0,365,0.28664384155,0.93942914525,0.1990752495,0.6520200231
0,365,0.2911795544,0.9277546079500001,0.2004830418,0.6449562097
0,365,0.271789007,0.9393396298,0.186276566,0.648645688
0,365,0.2440876172,0.9406850857,0.1702300332,0.6508801666
0,365,0.25936558265,0.788356751,0.1787568163,0.544561361
0,365,0.3803209414,0.9575386401499999,0.259647651,0.6635188677
0,365,0.29924643824999997,1.0549978745000002,0.2054700685,0.7328964292
0,365,0.41246755139999997,1.04911731285,0.2814867912,0.7303710597
0,365,0.40138274874999996,1.0518590453,0.2735367699,0.7306361996
0,365,0.38797388135,1.0561401153999999,0.2639308199,0.7305571754
0,365,0.4080594711,0.8563476903,0.27722064,0.5926681854
0,365,0.7453926518,0.6524240686,0.4993763246,0.4518065214
0,365,0.7069844896499999,0.58908096175,0.4737814107,0.4052457109
0,365,0.7070936482,0.5820573416,0.4737341904,0.4003979824
0,365,0.7108951858,0.581417654,0.4764763384,0.398510938
0,365,0.7003324889,0.5835777408,0.4686851488,0.400809181
0,365,0.71073459085,0.5887423156,0.4763964625,0.4049695348
0,365,0.69378742355,0.5841666757,0.4654275641,0.4013431396
0,365,0.6994905731,0.58762071635,0.4686037398,0.4038885377
0,365,0.69520479795,0.5868868128,0.4657921413,0.4039235536
0,365,0.6885915085500001,0.5870821252,0.4616493301,0.4035699882
0,365,0.7508061939,0.48119107250000004,0.5031384608,0.3292603604
0,365,0.8710962796999999,0.6712108557500001,0.5832393528,0.4629026149
0,365,0.8751845883,0.67079904415,0.5857814278,0.4623378641
0,365,1.2330419475499999,0.7576340142,0.8264164851,0.5224676818
0,365,1.2330030827999998,0.7565170474,0.825990123,0.5202822528
0,365,1.24024357375,0.7452310914,0.8315133603,0.51497196
0,365,1.22931476655,0.7528777086,0.8244629769,0.5196587788
0,365,1.2646523086,0.73973311605,0.848434771,0.5095425859
0,365,1.25184496305,0.73580438505,0.8399929231,0.5066917183
0,365,1.244007933,0.73413016105,0.8329138702,0.5056510507
0,365,1.25208474385,0.74108088815,0.8383754759,0.5106238555
0,365,1.2434406,0.73424352,0.8321750572,0.5064767178
0,365,1.22504692895,0.73527901005,0.8201507553,0.5066208689
0,365,1.2274266461,0.744281983,0.8226742796,0.5130222412
0,365,1.21079123985,0.73506360095,0.8112882177,0.5076381017
0,365,1.20637185285,0.73924350635,0.8073115973,0.5100138701
0,365,1.2144803226,0.7457935941,0.814647142,0.5122844546
0,365,1.19584464775,0.7331319350500001,0.8005762711,0.5055849701
0,365,0.8864383414000001,0.6656466635,0.5940603046,0.4603856928
0,365,0.71880419595,0.58568598495,0.4821855437,0.4040738359
0,365,0.7730216398,0.48093267675,0.5168715842,0.3296430829
0,365,0.7702072955999999,0.48191373554999994,0.5149039712,0.3299015467
0,365,0.7683073305,0.481855966,0.514172466,0.3298756594
0,365,0.77033798055,0.4761393797,0.5154085227,0.3266026934
0,365,0.7903486132499999,0.48310003015,0.5290800655,0.3269350039
0,365,0.7856729132,0.48247358135,0.5258307086,0.3272874793
0,365,0.7945511398,0.4821529882,0.531031683,0.3268032514
0,365,0.7951698069,0.48157686065,0.5322407056,0.3283876875
0,365,0.79324734955,0.47602315959999997,0.5303488289,0.3253306756
0,365,1.44001401885,0.72406635585,0.9637431193,0.5002017843
0,365,1.4005869417499999,0.73056637215,0.9369259979,0.5023820359
0,365,1.38746131925,0.7275706041,0.9289627917,0.5007207556
0,365,1.38328441055,0.7302028571000001,0.9261630493,0.502962042
0,365,1.37447804745,0.7188051806,0.9205250831,0.496292673
0,365,1.3559118232,0.7312600142500001,0.907979672,0.5024951223
0,365,1.33981561715,0.72555242035,0.8967223927,0.5004413095
0,365,1.3448932515999998,0.73047058935,0.9007246164,0.5047432257
0,365,1.35258003525,0.7258748529,0.9050280991,0.500468968
0,365,1.4104288397,0.7091504622,0.9447299124,0.4912176818
0,365,1.30927790715,0.7316896064,0.8776303831,0.5055879676
0,365,1.30419689995,0.73013391885,0.8724369211,0.5038153721
0,365,1.29578356805,0.7433975928000001,0.8689797235,0.5111959638
0,365,1.2902643936,0.73728336455,0.8642970988,0.5077718979
0,365,1.24343439085,0.7516520835,0.8321853291,0.5171712864
0,365,1.2837334331,0.6507946705000001,0.8590820198,0.4510408038
0,365,0.309922893,1.056846633,0.2114914182,0.7316832708
0,365,0.31623614969999997,1.0583807252,0.2164927796,0.7328668632
0,365,0.32357709875,1.0583495924,0.2215920311,0.7319421434
0,365,0.3312097631,1.0578654326499999,0.2258668444,0.7324455823
0,365,0.33861839955,1.05710441555,0.2306953459,0.7302412147
0,365,0.34524349405,1.05693492215,0.2368227879,0.7311306461
0,365,0.3549956275,1.05610400955,0.2431605746,0.7321575525
0,365,0.3643736018,1.0580593144500001,0.249021866,0.7327826615
0,365,0.37363475194999995,1.0535688300500001,0.2552199851,0.7328336185
0,365,0.40154775135,0.853183655,0.2724288569,0.5860316478
0,365,0.39256095395,0.8612247803499999,0.2657793857,0.5970991291
0,365,0.39179044355,0.85137570305,0.2657487999,0.5883591843
0,365,1.1366503726000001,0.70472919215,0.7609934284,0.4866669755
0,365,0.3803209414,0.9575386401499999,0.259647651,0.6635188677
0,365,0.7453926518,0.6524240686,0.4993763246,0.4518065214
0,365,0.7508061939,0.48119107250000004,0.5031384608,0.3292603604
0,365,1.2837334331,0.6507946705000001,0.8590820198,0.4510408038
