1,419,0.7479905326,0.4854929205,0.006422415299999984,0.024519314600000064,-1,-1,-1,-1
2,419,0.7510454382,0.4859263276,0.0067161620000000255,0.023945298899999967,-1,-1,-1,-1
3,419,0.7550406094,0.4859261914,0.006018590100000054,0.023512164199999963,-1,-1,-1,-1
4,419,0.758171098,0.4857361244,0.004421226800000011,0.02395579009999993,-1,-1,-1,-1
5,419,0.7604068547,0.486143508,0.005065139399999974,0.023723758500000025,-1,-1,-1,-1
6,419,0.7635404095,0.4863403874,0.005546694099999971,0.022556515900000018,-1,-1,-1,-1
7,419,0.7672283425,0.4859338213,0.004923785199999919,0.024422305499999963,-1,-1,-1,-1
8,419,0.7706076573,0.4864100105,0.004923785299999928,0.023527151599999963,-1,-1,-1,-1
9,419,0.7729652974,0.4857020623,0.006338400000000077,0.024165204200000012,-1,-1,-1,-1
10,419,0.7757062188,0.4860176142,0.007173186800000009,0.024478303800000045,-1,-1,-1,-1
11,419,0.7800776191,0.4861910588,0.007084878700000075,0.02409544489999993,-1,-1,-1,-1
12,419,0.7852250873,0.4855624074,0.005355973300000039,0.024724096299999943,-1,-1,-1,-1
13,419,0.7891152395,0.4855624074,0.006416896000000061,0.024165340499999965,-1,-1,-1,-1
14,419,0.7938305197,0.485073547,0.00606335740000008,0.02465420089999998,-1,-1,-1,-1
15,419,0.7995674747,0.4851434426,0.006063357299999961,0.024514409700000073,-1,-1,-1,-1
16,419,0.8040077122,0.4845147912,0.005748913399999944,0.024723960099999942,-1,-1,-1,-1
17,419,0.8077013178,0.4848639966,0.0067313399999999746,0.023955790000000032,-1,-1,-1,-1
18,419,0.8128489393,0.4839883262,0.006812442400000007,0.024272704499999964,-1,-1,-1,-1
19,419,0.8165425448,0.4840259309,0.006967134699999988,0.023606448300000027,-1,-1,-1,-1
20,419,0.8209435344,0.4836767255,0.007477971999999999,0.02402554929999995,-1,-1,-1,-1
21,419,0.8258553613,0.4840259309,0.008420997400000019,0.024234963499999984,-1,-1,-1,-1
22,419,0.8315923162,0.4838163804,0.008224450800000005,0.024584305199999934,-1,-1,-1,-1
23,419,0.8368970831,0.4836767255,0.007365594000000031,0.02423496350000004,-1,-1,-1,-1
24,419,0.8416123634,0.4836068299,0.007320673399999977,0.02388589440000005,-1,-1,-1,-1
25,419,0.8467205836,0.4833972794,0.008263852100000024,0.023885894399999996,-1,-1,-1,-1
26,419,0.8523396412,0.4835704515,0.006849237399999986,0.023922136599999977,-1,-1,-1,-1
27,419,0.8581158442,0.4833974156,0.0061812546000000745,0.0243744823,-1,-1,-1,-1
28,419,0.8628311244,0.4825592137,0.00614200669999998,0.024653928300000016,-1,-1,-1,-1
29,419,0.867664302,0.4815115975,0.006142006599999972,0.024374618500000056,-1,-1,-1,-1
30,419,0.8729439256,0.4811422272,0.00614200669999998,0.0243746185,-1,-1,-1,-1
31,419,0.8789014973,0.4803913608,0.006142006599999972,0.0243746185,-1,-1,-1,-1
32,419,0.8823222066,0.4816532961,0.006142006599999972,0.024374618499999945,-1,-1,-1,-1
33,419,0.8899101037,0.4797114798,0.00614200669999998,0.024374618499999945,-1,-1,-1,-1
34,419,0.8955109427,0.4786654986,0.006142006599999972,0.024374618499999945,-1,-1,-1,-1
35,419,0.8983516654,0.4776949446,0.00614200669999998,0.024374618499999945,-1,-1,-1,-1
36,419,0.9015252681,0.476462657,0.00614200669999998,0.0243746185,-1,-1,-1,-1
37,419,0.9060546134,0.4746281501,0.00614200669999998,0.0243746185,-1,-1,-1,-1
38,419,0.9117567996,0.4735920605,0.006142006599999972,0.0243746185,-1,-1,-1,-1
39,419,0.915796618,0.4723800739,0.00614200669999998,0.0243746185,-1,-1,-1,-1
40,419,0.9183463587,0.4722770699,0.00614200669999998,0.0243746185,-1,-1,-1,-1
41,419,0.9229225845,0.4724293959,0.00614200669999998,0.0243746185,-1,-1,-1,-1
42,419,0.9331699942,0.4747551611,0.00614200669999998,0.0243746185,-1,-1,-1,-1
43,419,0.9395767716,0.4746407122,0.006142006600000083,0.026794122799999986,-1,-1,-1,-1
44,419,0.9495782679,0.4765853897,0.00614200669999998,0.02437461860000001,-1,-1,-1,-1
45,419,0.9626797436,0.4755361386,0.00614200669999998,0.02437461860000001,-1,-1,-1,-1
46,419,0.9659742766,0.4752585319,0.00614200669999998,0.0243746185,-1,-1,-1,-1
47,419,0.9773416343,0.4744325242,0.00614200669999998,0.0243746185,-1,-1,-1,-1
48,419,0.9825246711,0.4768886794,0.006142006600000083,0.0243746185,-1,-1,-1,-1
