1,320,0.175651241,0.6848246207,0.012373241199999996,0.03457664799999993,-1,-1,-1,-1
2,320,0.175651241,0.6848246207,0.012373241199999996,0.03457664799999993,-1,-1,-1,-1
3,320,0.175651241,0.6848246207,0.012373241199999996,0.03457664799999993,-1,-1,-1,-1
4,320,0.175651241,0.6848246207,0.012373241199999996,0.03457664799999993,-1,-1,-1,-1
5,320,0.175651241,0.6848246207,0.012373241199999996,0.03457664799999993,-1,-1,-1,-1
6,320,0.175651241,0.6848246207,0.012373241199999996,0.03457664799999993,-1,-1,-1,-1
7,320,0.175651241,0.6848246207,0.012373241199999996,0.03457664799999993,-1,-1,-1,-1
8,320,0.175651241,0.6848246207,0.012235796499999979,0.033354905999999906,-1,-1,-1,-1
9,320,0.175651241,0.6848246207,0.012239614399999987,0.033388843299999915,-1,-1,-1,-1
10,320,0.175651241,0.6848246207,0.012243432299999996,0.033422780599999924,-1,-1,-1,-1
11,320,0.175651241,0.6848246207,0.012247250199999976,0.03345671789999993,-1,-1,-1,-1
12,320,0.175651241,0.6848246207,0.011342137699999977,0.033477121099999896,-1,-1,-1,-1
13,320,0.175651241,0.6848246207,0.011374359699999975,0.03351148129999992,-1,-1,-1,-1
14,320,0.175651241,0.6848246207,0.011406581699999974,0.03354584149999995,-1,-1,-1,-1
15,320,0.175651241,0.6848246207,0.0114388037,0.03358020179999999,-1,-1,-1,-1
16,320,0.175651241,0.6848246207,0.011471025699999998,0.0336145619999999,-1,-1,-1,-1
17,320,0.175651241,0.6848246207,0.011503247599999988,0.03364892219999993,-1,-1,-1,-1
18,320,0.175651241,0.6848246207,0.011535469599999987,0.03368328239999996,-1,-1,-1,-1
19,320,0.175651241,0.6848246207,0.011567691599999985,0.033717642599999986,-1,-1,-1,-1
20,320,0.175651241,0.6848246207,0.011599913599999984,0.0337520027999999,-1,-1,-1,-1
21,320,0.175651241,0.6848246207,0.011632135599999982,0.03378636309999994,-1,-1,-1,-1
22,320,0.175651241,0.6848246207,0.01166435759999998,0.033820723299999966,-1,-1,-1,-1
23,320,0.175651241,0.6848246207,0.011696579499999998,0.033855083499999994,-1,-1,-1,-1
24,320,0.175651241,0.6848246207,0.011728801499999997,0.03388944369999991,-1,-1,-1,-1
25,320,0.175651241,0.6848246207,0.011761023499999995,0.03392380389999994,-1,-1,-1,-1
26,320,0.175651241,0.6848246207,0.011793245499999994,0.033958164099999966,-1,-1,-1,-1
27,320,0.175651241,0.6854354236,0.011825467499999992,0.03338172150000007,-1,-1,-1,-1
28,320,0.175651241,0.685399494,0.011892069799999988,0.03351305069999999,-1,-1,-1,-1
29,320,0.175651241,0.6853635644,0.011922142999999996,0.033579525499999985,-1,-1,-1,-1
30,320,0.175651241,0.6853276348,0.011952216199999977,0.03364600039999999,-1,-1,-1,-1
31,320,0.175651241,0.6852917052,0.011982289399999985,0.03371247529999999,-1,-1,-1,-1
32,320,0.175651241,0.6852557757,0.012012362599999993,0.033778950000000085,-1,-1,-1,-1
33,320,0.175651241,0.6852198461,0.012042435799999973,0.033845424899999976,-1,-1,-1,-1
34,320,0.175651241,0.6851839165,0.011823309099999985,0.03385084329999999,-1,-1,-1,-1
35,320,0.175651241,0.6851479869,0.011878302299999977,0.03392342380000002,-1,-1,-1,-1
36,320,0.175651241,0.6851120573,0.011933295499999996,0.03399600429999994,-1,-1,-1,-1
37,320,0.175651241,0.6850761278,0.011988288699999988,0.03406858469999996,-1,-1,-1,-1
38,320,0.175651241,0.6850401982,0.01204328189999998,0.0341411652000001,-1,-1,-1,-1
39,320,0.175651241,0.6850042686,0.0120982751,0.03421374570000002,-1,-1,-1,-1
40,320,0.175651241,0.684968339,0.0121532684,0.03428632620000005,-1,-1,-1,-1
41,320,0.1753762749,0.6853132085,0.012483227700000016,0.033978107599999974,-1,-1,-1,-1
42,320,0.1754679303,0.6851503459,0.012446565500000006,0.0341776211,-1,-1,-1,-1
43,320,0.1755595856,0.6849874833,0.012409903399999977,0.03437713450000002,-1,-1,-1,-1
44,320,0.175651241,0.6848246207,0.012373241199999996,0.03457664799999993,-1,-1,-1,-1
45,320,0.175651241,0.6848246207,0.012373241199999996,0.03457664799999993,-1,-1,-1,-1
46,320,0.175651241,0.6848246207,0.012373241199999996,0.03457664799999993,-1,-1,-1,-1
47,320,0.175651241,0.6848246207,0.012373241199999996,0.03457664799999993,-1,-1,-1,-1
48,320,0.175651241,0.6848246207,0.012373241199999996,0.03457664799999993,-1,-1,-1,-1
49,320,0.175651241,0.6848246207,0.012373241199999996,0.03457664799999993,-1,-1,-1,-1
50,320,0.175651241,0.6848246207,0.012373241199999996,0.03457664799999993,-1,-1,-1,-1
51,320,0.175651241,0.6848246207,0.012373241199999996,0.03457664799999993,-1,-1,-1,-1
52,320,0.175651241,0.6848246207,0.012373241199999996,0.03457664799999993,-1,-1,-1,-1
53,320,0.175651241,0.6848246207,0.012373241199999996,0.03457664799999993,-1,-1,-1,-1
54,320,0.175651241,0.6848246207,0.012373241199999996,0.03457664799999993,-1,-1,-1,-1
55,320,0.175651241,0.6848246207,0.012373241199999996,0.03457664799999993,-1,-1,-1,-1
56,320,0.175651241,0.6848246207,0.012373241199999996,0.03457664799999993,-1,-1,-1,-1
57,320,0.175651241,0.6848246207,0.012373241199999996,0.03457664799999993,-1,-1,-1,-1
58,320,0.175651241,0.6848246207,0.012373241199999996,0.03457664799999993,-1,-1,-1,-1
59,320,0.175651241,0.6848246207,0.012373241199999996,0.03457664799999993,-1,-1,-1,-1
60,320,0.175651241,0.6848246207,0.012373241199999996,0.03457664799999993,-1,-1,-1,-1
61,320,0.175651241,0.6848246207,0.012373241199999996,0.03457664799999993,-1,-1,-1,-1
62,320,0.175651241,0.6848246207,0.012373241199999996,0.03457664799999993,-1,-1,-1,-1
63,320,0.175651241,0.6848246207,0.012373241199999996,0.03469886309999992,-1,-1,-1,-1
64,320,0.175651241,0.6848246207,0.012373241199999996,0.03469886309999992,-1,-1,-1,-1
65,320,0.175651241,0.6848246207,0.012373241199999996,0.03469886309999992,-1,-1,-1,-1
66,320,0.1753762749,0.6849466995,0.01264820730000002,0.034576784299999996,-1,-1,-1,-1
67,320,0.1753762749,0.6849466995,0.01264820730000002,0.034576784299999996,-1,-1,-1,-1
68,320,0.1753762749,0.6849466995,0.01264820730000002,0.034576784299999996,-1,-1,-1,-1
69,320,0.1753762749,0.6849466995,0.01264820730000002,0.034576784299999996,-1,-1,-1,-1
70,320,0.1753762749,0.6849466995,0.01264820730000002,0.034576784299999996,-1,-1,-1,-1
71,320,0.1753762749,0.6849466995,0.01264820730000002,0.034576784299999996,-1,-1,-1,-1
72,320,0.1753762749,0.6849466995,0.01264820730000002,0.034576784299999996,-1,-1,-1,-1
73,320,0.1753762749,0.6849466995,0.01264820730000002,0.034576784299999996,-1,-1,-1,-1
74,320,0.1753762749,0.6849466995,0.01264820730000002,0.034576784299999996,-1,-1,-1,-1
75,320,0.1753762749,0.6849466995,0.01264820730000002,0.034576784299999996,-1,-1,-1,-1
76,320,0.1753762749,0.6849466995,0.01264820730000002,0.034576784299999996,-1,-1,-1,-1
77,320,0.1753762749,0.6849466995,0.01264820730000002,0.034576784299999996,-1,-1,-1,-1
78,320,0.1753762749,0.6864128717,0.01264820730000002,0.031033500800000002,-1,-1,-1,-1
79,320,0.1753762749,0.6864128717,0.01264820730000002,0.031033500800000002,-1,-1,-1,-1
80,320,0.1753762749,0.6864128717,0.01264820730000002,0.031033500800000002,-1,-1,-1,-1
81,320,0.1753762749,0.6864128717,0.01264820730000002,0.031033500800000002,-1,-1,-1,-1
82,320,0.1753762749,0.6864128717,0.01264820730000002,0.031033500800000002,-1,-1,-1,-1
83,320,0.1753762749,0.6864128717,0.012098275200000008,0.03115571589999999,-1,-1,-1,-1
84,320,0.1753762749,0.6864128717,0.012098275200000008,0.03115571589999999,-1,-1,-1,-1
85,320,0.1753762749,0.6864128717,0.012098275200000008,0.03115571589999999,-1,-1,-1,-1
86,320,0.1753762749,0.6864128717,0.012098275200000008,0.03115571589999999,-1,-1,-1,-1
87,320,0.1753762749,0.6864128717,0.012098275200000008,0.03115571589999999,-1,-1,-1,-1
88,320,0.1753762749,0.6864128717,0.012098275200000008,0.03115571589999999,-1,-1,-1,-1
89,320,0.1753762749,0.6864128717,0.012098275200000008,0.03115571589999999,-1,-1,-1,-1
90,320,0.1753762749,0.6864128717,0.012098275200000008,0.03115571589999999,-1,-1,-1,-1
91,320,0.1753762749,0.6864128717,0.012098275200000008,0.03115571589999999,-1,-1,-1,-1
92,320,0.1753762749,0.6864128717,0.012098275200000008,0.03115571589999999,-1,-1,-1,-1
93,320,0.1753762749,0.6864128717,0.012098275200000008,0.03115571589999999,-1,-1,-1,-1
94,320,0.1753762749,0.6864128717,0.012098275200000008,0.03115571589999999,-1,-1,-1,-1
95,320,0.1753762749,0.6864128717,0.012098275200000008,0.03115571589999999,-1,-1,-1,-1
96,320,0.1753762749,0.6864128717,0.012098275200000008,0.03115571589999999,-1,-1,-1,-1
97,320,0.1753762749,0.6864128717,0.012098275200000008,0.03115571589999999,-1,-1,-1,-1
98,320,0.1753762749,0.6864128717,0.012098275200000008,0.03115571589999999,-1,-1,-1,-1
99,320,0.1753762749,0.6864128717,0.012098275200000008,0.03115571589999999,-1,-1,-1,-1
100,320,0.1753762749,0.6864128717,0.012098275200000008,0.03115571589999999,-1,-1,-1,-1
101,320,0.1753762749,0.6864128717,0.012098275200000008,0.03115571589999999,-1,-1,-1,-1
102,320,0.1753762749,0.6864128717,0.012098275200000008,0.03115571589999999,-1,-1,-1,-1
103,320,0.1753762749,0.6864128717,0.012098275200000008,0.03115571589999999,-1,-1,-1,-1
104,320,0.1753762749,0.6864128717,0.012098275200000008,0.03115571589999999,-1,-1,-1,-1
105,320,0.1753762749,0.6864128717,0.012098275200000008,0.03115571589999999,-1,-1,-1,-1
106,320,0.1753762749,0.6864128717,0.012098275200000008,0.03115571589999999,-1,-1,-1,-1
107,320,0.1753762749,0.6864128717,0.012098275200000008,0.03115571589999999,-1,-1,-1,-1
108,320,0.1753762749,0.6864128717,0.012098275200000008,0.03115571589999999,-1,-1,-1,-1
109,320,0.1753762749,0.6864128717,0.012098275200000008,0.03115571589999999,-1,-1,-1,-1
110,320,0.1753762749,0.6864128717,0.012098275200000008,0.03115571589999999,-1,-1,-1,-1
111,320,0.1753762749,0.6864128717,0.012098275200000008,0.03115571589999999,-1,-1,-1,-1
112,320,0.1753762749,0.6864128717,0.012098275200000008,0.03115571589999999,-1,-1,-1,-1
113,320,0.1753762749,0.6864128717,0.012098275200000008,0.03115571589999999,-1,-1,-1,-1
114,320,0.1753762749,0.6864128717,0.012098275200000008,0.03115571589999999,-1,-1,-1,-1
115,320,0.1753762749,0.6864128717,0.012098275200000008,0.03115571589999999,-1,-1,-1,-1
116,320,0.1753762749,0.6864128717,0.012098275200000008,0.03115571589999999,-1,-1,-1,-1
117,320,0.1753762749,0.6864128717,0.012098275200000008,0.03115571589999999,-1,-1,-1,-1
118,320,0.1753762749,0.6864128717,0.012098275200000008,0.03115571589999999,-1,-1,-1,-1
119,320,0.1753762749,0.6864128717,0.012098275200000008,0.03115571589999999,-1,-1,-1,-1
120,320,0.1753762749,0.6864128717,0.012098275200000008,0.03115571589999999,-1,-1,-1,-1
121,320,0.1753762749,0.6864128717,0.012098275200000008,0.03115571589999999,-1,-1,-1,-1
122,320,0.1753762749,0.6864128717,0.012098275200000008,0.03115571589999999,-1,-1,-1,-1
123,320,0.1753762749,0.6864128717,0.012098275200000008,0.03115571589999999,-1,-1,-1,-1
124,320,0.1753762749,0.6864128717,0.012098275200000008,0.03115571589999999,-1,-1,-1,-1
125,320,0.1753762749,0.6864128717,0.012098275200000008,0.03115571589999999,-1,-1,-1,-1
126,320,0.1753762749,0.6864128717,0.012098275200000008,0.03115571589999999,-1,-1,-1,-1
127,320,0.1753762749,0.6864128717,0.012098275200000008,0.03115571589999999,-1,-1,-1,-1
128,320,0.1753762749,0.6864128717,0.012098275200000008,0.03115571589999999,-1,-1,-1,-1
129,320,0.1753762749,0.6864128717,0.012098275200000008,0.03115571589999999,-1,-1,-1,-1
130,320,0.1753762749,0.6864128717,0.012098275200000008,0.03115571589999999,-1,-1,-1,-1
131,320,0.1753762749,0.6864128717,0.012098275200000008,0.03115571589999999,-1,-1,-1,-1
132,320,0.1753762749,0.6864128717,0.012098275200000008,0.03115571589999999,-1,-1,-1,-1
133,320,0.1753762749,0.6864128717,0.012098275200000008,0.03115571589999999,-1,-1,-1,-1
134,320,0.1753762749,0.6864128717,0.012098275200000008,0.03115571589999999,-1,-1,-1,-1
135,320,0.1753762749,0.6864128717,0.012098275200000008,0.03115571589999999,-1,-1,-1,-1
136,320,0.1753762749,0.6864128717,0.012098275200000008,0.03115571589999999,-1,-1,-1,-1
137,320,0.1753762749,0.6864128717,0.012098275200000008,0.03115571589999999,-1,-1,-1,-1
138,320,0.1753762749,0.6864128717,0.012098275200000008,0.03115571589999999,-1,-1,-1,-1
139,320,0.1753762749,0.6864128717,0.012098275200000008,0.03115571589999999,-1,-1,-1,-1
140,320,0.1753762749,0.6864128717,0.012098275200000008,0.03115571589999999,-1,-1,-1,-1
141,320,0.1753762749,0.6864128717,0.012098275200000008,0.03115571589999999,-1,-1,-1,-1
142,320,0.1753762749,0.6864128717,0.012098275200000008,0.03115571589999999,-1,-1,-1,-1
143,320,0.1753762749,0.6864128717,0.012098275200000008,0.03115571589999999,-1,-1,-1,-1
144,320,0.1753762749,0.6864128717,0.012098275200000008,0.03115571589999999,-1,-1,-1,-1
145,320,0.1753762749,0.6864128717,0.012098275200000008,0.03115571589999999,-1,-1,-1,-1
146,320,0.1753762749,0.6864128717,0.012098275200000008,0.03115571589999999,-1,-1,-1,-1
147,320,0.1753762749,0.6864128717,0.012098275200000008,0.03115571589999999,-1,-1,-1,-1
148,320,0.1753762749,0.6864128717,0.012098275200000008,0.03115571589999999,-1,-1,-1,-1
149,320,0.1753762749,0.6864128717,0.012098275200000008,0.03115571589999999,-1,-1,-1,-1
150,320,0.1753762749,0.6864128717,0.012098275200000008,0.03115571589999999,-1,-1,-1,-1
151,320,0.1753762749,0.6864128717,0.012098275200000008,0.03115571589999999,-1,-1,-1,-1
152,320,0.1753762749,0.6864128717,0.012098275200000008,0.03115571589999999,-1,-1,-1,-1
153,320,0.1753762749,0.6864128717,0.012098275200000008,0.03115571589999999,-1,-1,-1,-1
154,320,0.1753762749,0.6864128717,0.012098275200000008,0.03115571589999999,-1,-1,-1,-1
155,320,0.1753762749,0.6864128717,0.012098275200000008,0.03115571589999999,-1,-1,-1,-1
156,320,0.1753762749,0.6864128717,0.012098275200000008,0.03115571589999999,-1,-1,-1,-1
157,320,0.1753762749,0.6864128717,0.012098275200000008,0.03115571589999999,-1,-1,-1,-1
158,320,0.1753762749,0.6864128717,0.012098275200000008,0.03115571589999999,-1,-1,-1,-1
159,320,0.1753762749,0.6864128717,0.011892069899999996,0.031033500800000002,-1,-1,-1,-1
160,320,0.1753762749,0.6864128717,0.011892069899999996,0.031033500800000002,-1,-1,-1,-1
161,320,0.1753762749,0.6864128717,0.011892069899999996,0.031033500800000002,-1,-1,-1,-1
162,320,0.1753762749,0.6864128717,0.011892069899999996,0.031033500800000002,-1,-1,-1,-1
163,320,0.1753762749,0.6864128717,0.011892069899999996,0.031033500800000002,-1,-1,-1,-1
164,320,0.1753762749,0.6864128717,0.011892069899999996,0.031033500800000002,-1,-1,-1,-1
165,320,0.1753762749,0.6864128717,0.011892069899999996,0.031033500800000002,-1,-1,-1,-1
166,320,0.1753762749,0.6864128717,0.011892069899999996,0.031033500800000002,-1,-1,-1,-1
167,320,0.1753762749,0.6864128717,0.011892069899999996,0.031033500800000002,-1,-1,-1,-1
168,320,0.1753762749,0.6864128717,0.011892069899999996,0.031033500800000002,-1,-1,-1,-1
169,320,0.1753762749,0.6864128717,0.011892069899999996,0.031033500800000002,-1,-1,-1,-1
170,320,0.1753762749,0.6864128717,0.011892069899999996,0.031033500800000002,-1,-1,-1,-1
171,320,0.1753762749,0.6864128717,0.011892069899999996,0.031033500800000002,-1,-1,-1,-1
172,320,0.1753762749,0.6864128717,0.011892069899999996,0.031033500800000002,-1,-1,-1,-1
173,320,0.1753762749,0.6864128717,0.011892069899999996,0.031033500800000002,-1,-1,-1,-1
174,320,0.1753762749,0.6864128717,0.011892069899999996,0.031033500800000002,-1,-1,-1,-1
175,320,0.1753762749,0.6864128717,0.011892069899999996,0.031033500800000002,-1,-1,-1,-1
176,320,0.1753762749,0.6864128717,0.011892069899999996,0.031033500800000002,-1,-1,-1,-1
177,320,0.1753762749,0.6864128717,0.011892069899999996,0.031033500800000002,-1,-1,-1,-1
178,320,0.1753762749,0.6864128717,0.011892069899999996,0.031033500800000002,-1,-1,-1,-1
179,320,0.1753762749,0.6864128717,0.011892069899999996,0.031033500800000002,-1,-1,-1,-1
180,320,0.1753762749,0.6864128717,0.011892069899999996,0.031033500800000002,-1,-1,-1,-1
