1,16,0.3182688439,0.6041867861,0.008104253800000016,0.036665749199999986,-1,-1,-1,-1
2,16,0.3161985115,0.6072800401,0.007769419200000016,0.03742806069999993,-1,-1,-1,-1
3,16,0.3104434657,0.6102499891,0.008618464000000048,0.03820781200000001,-1,-1,-1,-1
4,16,0.3100059117,0.6134199512,0.006966368199999962,0.03654585039999991,-1,-1,-1,-1
5,16,0.3064599462,0.6165768334,0.008126024100000018,0.03746675529999999,-1,-1,-1,-1
6,16,0.3024637017,0.6191813634,0.008170331500000017,0.03817701970000009,-1,-1,-1,-1
7,16,0.3024637017,0.6191813634,0.008170331500000017,0.03817701970000009,-1,-1,-1,-1
8,16,0.2968550694,0.6233418534,0.008598993299999969,0.0377659575,-1,-1,-1,-1
9,16,0.2923134922,0.6251900669,0.00869879979999999,0.0389415112,-1,-1,-1,-1
10,16,0.2901174435,0.6275851827,0.007551102199999993,0.03752220849999999,-1,-1,-1,-1
11,16,0.2851766406,0.6295366727,0.009497558000000017,0.03796569799999994,-1,-1,-1,-1
12,16,0.2817352342,0.630290673,0.008766870499999968,0.03760000650000006,-1,-1,-1,-1
13,16,0.2795177984,0.6321341178,0.0076842540000000015,0.03818642090000002,-1,-1,-1,-1
14,16,0.2766420385,0.6328882543,0.006411453499999997,0.037599870300000005,-1,-1,-1,-1
15,16,0.2718334676,0.6331171521,0.010560090600000016,0.03804131600000005,-1,-1,-1,-1
16,16,0.2725406217,0.633284738,0.00858005919999999,0.03829269490000009,-1,-1,-1,-1
17,16,0.2727291194,0.6336199097,0.00858005919999999,0.03829269489999998,-1,-1,-1,-1
18,16,0.2732948427,0.6333685309,0.00782583819999999,0.038376487800000025,-1,-1,-1,-1
19,16,0.2726349089,0.6331171521,0.008485772000000003,0.038544073700000014,-1,-1,-1,-1
20,16,0.2733420629,0.63202798,0.00905149529999999,0.039549452900000004,-1,-1,-1,-1
21,16,0.275220908,0.6301845352,0.008303866699999995,0.03799635400000001,-1,-1,-1,-1
22,16,0.2759482993,0.629322626,0.006788525600000039,0.03648821719999995,-1,-1,-1,-1
23,16,0.2740584158,0.627709169,0.007587360499999973,0.036485628500000034,-1,-1,-1,-1
24,16,0.2727551826,0.6276182911,0.0076644767000000336,0.037455719200000015,-1,-1,-1,-1
25,16,0.2696388754,0.6282538913,0.008173934300000019,0.03754659700000007,-1,-1,-1,-1
26,16,0.2680041039,0.6278906522,0.008071751500000002,0.03781895820000003,-1,-1,-1,-1
27,16,0.2663633532,0.6273760409,0.00915237480000003,0.036807584199999965,-1,-1,-1,-1
28,16,0.2671354351,0.6269471301,0.008476803199999994,0.03715065829999997,-1,-1,-1,-1
29,16,0.2676015818,0.6268612934,0.00801065649999999,0.03715065830000008,-1,-1,-1,-1
30,16,0.2677463855,0.6266040559,0.008107166700000001,0.03766526959999994,-1,-1,-1,-1
31,16,0.2676015818,0.626775593,0.00801065649999999,0.03766526960000005,-1,-1,-1,-1
32,16,0.2676980921,0.6269471301,0.008010656399999982,0.037236494999999925,-1,-1,-1,-1
33,16,0.2676980921,0.6269471301,0.008010656399999982,0.037236494999999925,-1,-1,-1,-1
34,16,0.2676980921,0.6269471301,0.008010656399999982,0.03687325600000002,-1,-1,-1,-1
35,16,0.2675873238,0.6269471301,0.008022461500000022,0.037135670999999926,-1,-1,-1,-1
36,16,0.2674396838,0.6270783375,0.008207049800000032,0.03713567100000004,-1,-1,-1,-1
37,16,0.2669598922,0.627209545,0.008649893100000028,0.03693879169999992,-1,-1,-1,-1
38,16,0.2672649842,0.6270343292,0.008453959600000005,0.037099156399999944,-1,-1,-1,-1
39,16,0.2676460425,0.6265505101,0.008041625499999983,0.03750803870000008,-1,-1,-1,-1
40,16,0.2676735621,0.6269651149,0.007932543700000017,0.037257477300000064,-1,-1,-1,-1
41,16,0.2674402204,0.6269840535,0.008259176000000035,0.037238538700000046,-1,-1,-1,-1
42,16,0.2673935367,0.6270670289,0.008259176099999987,0.037238538800000054,-1,-1,-1,-1
43,16,0.2671602717,0.6271500044,0.00849251769999998,0.03690677320000002,-1,-1,-1,-1
44,16,0.2671136647,0.627315819,0.008632415400000037,0.03690677320000002,-1,-1,-1,-1
45,16,0.267020374,0.6274816337,0.008632415399999982,0.03690677320000002,-1,-1,-1,-1
46,16,0.267066981,0.6270668927,0.008632415400000037,0.03690677319999991,-1,-1,-1,-1
47,16,0.2672069554,0.6268181025,0.008445833999999985,0.03698988489999999,-1,-1,-1,-1
48,16,0.267253639,0.6270668927,0.008492441100000026,0.03715569949999997,-1,-1,-1,-1
49,16,0.2673469297,0.6270668927,0.00849244109999997,0.03715569949999997,-1,-1,-1,-1
50,16,0.267300246,0.6270668927,0.00849244109999997,0.03715569949999997,-1,-1,-1,-1
51,16,0.2673936134,0.6269839172,0.008492441000000017,0.03715569959999998,-1,-1,-1,-1
52,16,0.2675335877,0.6269839172,0.008305783099999964,0.03715583580000004,-1,-1,-1,-1
53,16,0.2675335877,0.6269839172,0.008305783099999964,0.03715583580000004,-1,-1,-1,-1
54,16,0.2673936134,0.6269839172,0.008305783000000011,0.03715583580000004,-1,-1,-1,-1
55,16,0.2673936134,0.6271464619,0.008305783000000011,0.03699329110000005,-1,-1,-1,-1
56,16,0.2673936134,0.6271464619,0.008305783000000011,0.03699329110000005,-1,-1,-1,-1
57,16,0.2673936134,0.6271464619,0.008305783000000011,0.03699329110000005,-1,-1,-1,-1
58,16,0.2673936134,0.6271464619,0.008305783000000011,0.03699329110000005,-1,-1,-1,-1
59,16,0.2673936134,0.6271464619,0.008305783000000011,0.03699329110000005,-1,-1,-1,-1
60,16,0.2673936134,0.6271464619,0.008305783000000011,0.03699329110000005,-1,-1,-1,-1
61,16,0.2673936134,0.6270405967,0.008305783000000011,0.03709915630000005,-1,-1,-1,-1
62,16,0.2673936134,0.6268315912,0.008305783000000011,0.03730816180000007,-1,-1,-1,-1
63,16,0.2673936134,0.626899988,0.008305783000000011,0.037239765000000036,-1,-1,-1,-1
64,16,0.2673936134,0.626899988,0.008359979000000017,0.03734481270000001,-1,-1,-1,-1
65,16,0.2673936134,0.6269307802,0.008359979000000017,0.03731402049999999,-1,-1,-1,-1
66,16,0.2677084407,0.6270153907,0.00804515170000003,0.03722941000000002,-1,-1,-1,-1
67,16,0.2676608371,0.6270153907,0.008092755300000032,0.03722941000000002,-1,-1,-1,-1
68,16,0.2676846389,0.6270153907,0.008068953500000031,0.03722941000000002,-1,-1,-1,-1
69,16,0.2677084407,0.6270153907,0.00804515170000003,0.03722941000000002,-1,-1,-1,-1
70,16,0.2676608371,0.6270153907,0.008092755300000032,0.03722941000000002,-1,-1,-1,-1
71,16,0.2676608371,0.6270153907,0.008092755300000032,0.03722941000000002,-1,-1,-1,-1
72,16,0.2676608371,0.6270153907,0.008092755300000032,0.03722941000000002,-1,-1,-1,-1
73,16,0.2674704229,0.6270153907,0.00828316950000002,0.03722941000000002,-1,-1,-1,-1
74,16,0.2674704229,0.6270153907,0.00828316950000002,0.03722941000000002,-1,-1,-1,-1
75,16,0.2674704229,0.6270153907,0.00828316950000002,0.03722941000000002,-1,-1,-1,-1
76,16,0.26756563,0.6270153907,0.008187962400000026,0.03722941000000002,-1,-1,-1,-1
77,16,0.26756563,0.6270153907,0.008187962400000026,0.03722941000000002,-1,-1,-1,-1
78,16,0.2674704229,0.6270153907,0.00828316950000002,0.03722941000000002,-1,-1,-1,-1
79,16,0.2674704229,0.6270153907,0.00828316950000002,0.03722941000000002,-1,-1,-1,-1
80,16,0.2673752159,0.6270153907,0.008378376500000007,0.03722941000000002,-1,-1,-1,-1
81,16,0.2672324052,0.6270153907,0.008521187200000002,0.03722941000000002,-1,-1,-1,-1
82,16,0.2672324052,0.6270153907,0.008521187200000002,0.03722941000000002,-1,-1,-1,-1
83,16,0.2672324052,0.6270153907,0.008521187200000002,0.03722941000000002,-1,-1,-1,-1
84,16,0.2672324052,0.6270153907,0.008521187200000002,0.03722941000000002,-1,-1,-1,-1
85,16,0.266423145,0.6270153907,0.009235240300000003,0.03722941000000002,-1,-1,-1,-1
86,16,0.2647094176,0.6277768846,0.008806808399999977,0.038329345800000025,-1,-1,-1,-1
87,16,0.2620373334,0.6307073215,0.009485829700000004,0.037362252500000026,-1,-1,-1,-1
88,16,0.2590299548,0.6352359555,0.009094346099999984,0.03776309619999996,-1,-1,-1,-1
89,16,0.2538515174,0.6403903798,0.009582723199999976,0.03861901049999994,-1,-1,-1,-1
90,16,0.2503991492,0.6460355718,0.009651867099999989,0.03812810649999998,-1,-1,-1,-1
91,16,0.2436326239,0.65155814,0.0095138092,0.03923253839999996,-1,-1,-1,-1
92,16,0.2363137903,0.6564670442,0.009016923199999999,0.039177766400000036,-1,-1,-1,-1
93,16,0.2300605554,0.6622159215,0.009302544499999982,0.039600137300000005,-1,-1,-1,-1
94,16,0.2230525629,0.6675815312,0.009625957299999988,0.038833602199999984,-1,-1,-1,-1
95,16,0.2162602045,0.6716057726,0.01167444270000001,0.038067067000000065,-1,-1,-1,-1
96,16,0.2100817094,0.6763925979,0.009556966700000002,0.03960177230000006,-1,-1,-1,-1
97,16,0.2040209584,0.6804962722,0.010297772799999994,0.042334103600000006,-1,-1,-1,-1
98,16,0.1996145263,0.6842342551,0.01004795,0.044335188100000034,-1,-1,-1,-1
99,16,0.1962095316,0.6877941609,0.011349956700000025,0.04184319960000005,-1,-1,-1,-1
100,16,0.1980121804,0.6922441795,0.00904651250000002,0.04291111680000004,-1,-1,-1,-1
101,16,0.1996145263,0.696694198,0.010148139799999983,0.042555098999999985,-1,-1,-1,-1
102,16,0.2015172881,0.700076163,0.009747534199999991,0.044512992699999976,-1,-1,-1,-1
103,16,0.2035202397,0.7031021102,0.009647344400000007,0.04184306329999998,-1,-1,-1,-1
104,16,0.2072256503,0.7038141459,0.010849007999999993,0.04219894489999998,-1,-1,-1,-1
105,16,0.2104302655,0.7055940988,0.009246738700000007,0.043623016199999975,-1,-1,-1,-1
106,16,0.2117321955,0.7075519925,0.00974738080000001,0.04130910470000004,-1,-1,-1,-1
107,16,0.2145362817,0.7075519925,0.010648705199999997,0.04202114030000004,-1,-1,-1,-1
108,16,0.215738022,0.7091540046,0.010348289300000008,0.04184306329999998,-1,-1,-1,-1
109,16,0.2158381351,0.7102219219,0.010047873400000018,0.040597205199999986,-1,-1,-1,-1
110,16,0.2186130153,0.7105581836,0.009256550700000005,0.04058848540000004,-1,-1,-1,-1
111,16,0.2203157809,0.7099977928,0.008373623899999988,0.04137300529999999,-1,-1,-1,-1
112,16,0.2190544787,0.709661531,0.009887201799999995,0.043166446900000044,-1,-1,-1,-1
113,16,0.2192436664,0.7092131366,0.010454764799999988,0.04148513790000008,-1,-1,-1,-1
114,16,0.2196851298,0.7083164839,0.01077012870000002,0.04260591969999994,-1,-1,-1,-1
115,16,0.2214509069,0.7077559568,0.009067362999999995,0.04271805239999993,-1,-1,-1,-1
116,16,0.2229644082,0.7071954297,0.00931971550000002,0.04383910660000001,-1,-1,-1,-1
117,16,0.2244148981,0.7070834332,0.011779231700000004,0.0417092671,-1,-1,-1,-1
118,16,0.2260545756,0.705177859,0.010707117200000005,0.043951103100000055,-1,-1,-1,-1
119,16,0.2266852267,0.7028238904,0.010328741900000021,0.04204552889999991,-1,-1,-1,-1
120,16,0.2252978249,0.7006941871,0.011526956000000005,0.043951103100000055,-1,-1,-1,-1
121,16,0.2244779095,0.7002459289,0.011905408000000006,0.04215752529999994,-1,-1,-1,-1
122,16,0.2245409976,0.6994614089,0.0114008565,0.043166174400000035,-1,-1,-1,-1
123,16,0.2252347368,0.6977799638,0.010265730499999987,0.04484761950000005,-1,-1,-1,-1
124,16,0.225550024,0.6992371436,0.010265730500000014,0.04395096679999999,-1,-1,-1,-1
125,16,0.2259283994,0.6994614089,0.010202642299999981,0.043054178,-1,-1,-1,-1
126,16,0.2268112496,0.6992372798,0.009635156000000006,0.04204525640000001,-1,-1,-1,-1
127,16,0.2270635254,0.6971074403,0.009698167400000013,0.04439922499999993,-1,-1,-1,-1
128,16,0.2271896249,0.6966591821,0.00913068119999999,0.04439922500000004,-1,-1,-1,-1
129,16,0.2270004372,0.6970063437,0.0091306045,0.04438832520000002,-1,-1,-1,-1
130,16,0.227252713,0.6970063437,0.0091306045,0.04438832520000002,-1,-1,-1,-1
131,16,0.2273157245,0.6968943473,0.0091306045,0.044388325100000015,-1,-1,-1,-1
132,16,0.2273157245,0.6962218238,0.0091306045,0.044388325100000015,-1,-1,-1,-1
133,16,0.2275680002,0.6961098273,0.01203166089999999,0.04237048199999993,-1,-1,-1,-1
134,16,0.2286401148,0.6956614329,0.011148734000000021,0.04248247839999997,-1,-1,-1,-1
135,16,0.2288293024,0.6959976947,0.011148734000000021,0.04248247840000008,-1,-1,-1,-1
136,16,0.2287662143,0.695885562,0.01013970760000002,0.04237048200000004,-1,-1,-1,-1
137,16,0.2299013403,0.695885562,0.00831091909999998,0.04068917310000009,-1,-1,-1,-1
138,16,0.2308473553,0.6957734293,0.009256857400000013,0.04091330230000001,-1,-1,-1,-1
139,16,0.2314780064,0.6948767767,0.009256857400000013,0.0409133022,-1,-1,-1,-1
140,16,0.2310995544,0.6943162496,0.011527262700000013,0.0409133022,-1,-1,-1,-1
141,16,0.2302554923,0.6938662201,0.0100609049,0.044006011300000036,-1,-1,-1,-1
142,16,0.2310995544,0.6934161907,0.008963647200000008,0.044606050499999994,-1,-1,-1,-1
143,16,0.2308463588,0.6929661613,0.011411434999999998,0.04310567990000003,-1,-1,-1,-1
144,16,0.2329565525,0.6926660054,0.010904967000000015,0.04265578680000004,-1,-1,-1,-1
145,16,0.2341382855,0.6926660054,0.009638835500000026,0.04235563089999994,-1,-1,-1,-1
146,16,0.2346447534,0.6925158593,0.009047969000000017,0.04220575739999999,-1,-1,-1,-1
147,16,0.2346447534,0.6920658299,0.009047969000000017,0.04220575729999998,-1,-1,-1,-1
148,16,0.2337162161,0.6916158005,0.009892107799999994,0.0423557671,-1,-1,-1,-1
149,16,0.2341382855,0.6916158005,0.009385639800000012,0.0423557671,-1,-1,-1,-1
150,16,0.2338006146,0.6916158005,0.009385639899999992,0.0423557671,-1,-1,-1,-1
151,16,0.234222684,0.6919158201,0.00938563990000002,0.0423557671,-1,-1,-1,-1
152,16,0.2338850898,0.6920658299,0.010314100599999987,0.04205574749999996,-1,-1,-1,-1
153,16,0.2337162927,0.6917658103,0.010482897699999993,0.04220575730000009,-1,-1,-1,-1
154,16,0.234222684,0.6907156054,0.010314100600000015,0.04355598179999998,-1,-1,-1,-1
155,16,0.2348135505,0.6901154299,0.009638835499999998,0.0437059917,-1,-1,-1,-1
156,16,0.2346447534,0.6901154299,0.010314100600000015,0.043856137700000075,-1,-1,-1,-1
157,16,0.2343915578,0.6905654593,0.008625899599999987,0.04385613779999997,-1,-1,-1,-1
158,16,0.2340702147,0.6919641884,0.009116039800000003,0.043507613599999995,-1,-1,-1,-1
159,16,0.2344078089,0.6934644227,0.00928491350000002,0.04245740870000003,-1,-1,-1,-1
160,16,0.2342390118,0.6925642276,0.010719842199999996,0.043507613599999995,-1,-1,-1,-1
161,16,0.2344922074,0.6913640129,0.01164830289999999,0.041407339999999904,-1,-1,-1,-1
162,16,0.235758339,0.6907639737,0.011226310099999998,0.041857369400000066,-1,-1,-1,-1
163,16,0.2367712749,0.690463954,0.0104665699,0.04260741849999994,-1,-1,-1,-1
164,16,0.2367712749,0.691514159,0.0104665699,0.04275742819999995,-1,-1,-1,-1
165,16,0.2358428142,0.691514159,0.011141834900000008,0.04290743809999997,-1,-1,-1,-1
166,16,0.2347454797,0.6921143345,0.011901498600000004,0.04200724289999991,-1,-1,-1,-1
167,16,0.236433604,0.6922643443,0.010213374300000022,0.04230726260000006,-1,-1,-1,-1
168,16,0.2361804084,0.6928643835,0.010128975699999987,0.04125719389999993,-1,-1,-1,-1
169,16,0.236940072,0.691514159,0.010128975699999987,0.04290743809999997,-1,-1,-1,-1
170,16,0.2383750006,0.691514159,0.009791304899999992,0.0418572331,-1,-1,-1,-1
171,16,0.2379529312,0.6919643246,0.009031717900000014,0.04170708719999994,-1,-1,-1,-1
172,16,0.2383750006,0.6912141393,0.008356376200000015,0.04170708720000005,-1,-1,-1,-1
173,16,0.2375309385,0.691664305,0.008440774699999987,0.04200710679999997,-1,-1,-1,-1
174,16,0.2377841341,0.6918143148,0.008694047100000019,0.042157252800000045,-1,-1,-1,-1
175,16,0.238121805,0.6913641492,0.0087783689,0.04275742819999995,-1,-1,-1,-1
176,16,0.2373621414,0.6921143345,0.009453633999999989,0.04200724289999991,-1,-1,-1,-1
177,16,0.2366868763,0.6921143345,0.008947242700000024,0.04200724289999991,-1,-1,-1,-1
178,16,0.2367712749,0.6907641099,0.008947242699999997,0.043057311699999934,-1,-1,-1,-1
179,16,0.23550522,0.6912142756,0.007427838800000003,0.04260714599999993,-1,-1,-1,-1
180,16,0.234998752,0.691664305,0.007427838899999983,0.04260714600000004,-1,-1,-1,-1
