1,155,0.5506222733,0.2934627323,0.007224704500000012,0.03771672220000005,-1,-1,-1,-1
2,155,0.5506222733,0.2934627323,0.0074015229999999654,0.03771672220000005,-1,-1,-1,-1
3,155,0.5506222733,0.2938371154,0.007331386199999956,0.03695688199999997,-1,-1,-1,-1
4,155,0.5476039304,0.2942114986,0.010209332500000001,0.03630171139999999,-1,-1,-1,-1
5,155,0.5442346575,0.2943986902,0.011893845899999977,0.036208115600000035,-1,-1,-1,-1
6,155,0.5443750541,0.2945858817,0.011753449299999996,0.0363017115,-1,-1,-1,-1
7,155,0.5443750541,0.2946794775,0.011683312499999987,0.03620811569999999,-1,-1,-1,-1
8,155,0.5443750541,0.2946794775,0.011683312499999987,0.03602092410000002,-1,-1,-1,-1
9,155,0.5443750541,0.2947730733,0.011683312499999987,0.03574013669999998,-1,-1,-1,-1
10,155,0.5443750541,0.2947730733,0.011683312499999987,0.035927328300000005,-1,-1,-1,-1
11,155,0.5443750541,0.2946794775,0.011683312499999987,0.035927328300000005,-1,-1,-1,-1
12,155,0.5443049174,0.2946794775,0.011683312399999979,0.035927328300000005,-1,-1,-1,-1
13,155,0.5444193511,0.2945269434,0.01168331240000009,0.03592732839999996,-1,-1,-1,-1
14,155,0.5443812065,0.2945778428,0.011683312499999987,0.035927328300000005,-1,-1,-1,-1
15,155,0.5459830323,0.2948829109,0.00963113459999998,0.036429595699999984,-1,-1,-1,-1
16,155,0.5457541649,0.2950862623,0.00963113460000009,0.036429595699999984,-1,-1,-1,-1
17,155,0.5446099509,0.2948828289,0.011004216000000011,0.036633111100000004,-1,-1,-1,-1
18,155,0.5453167328,0.2951066057,0.009534665799999953,0.03671448439999997,-1,-1,-1,-1
19,155,0.5467659804,0.2960219741,0.007932963000000015,0.03630761760000001,-1,-1,-1,-1
20,155,0.5485966736,0.2964287589,0.00610226980000006,0.036002467500000024,-1,-1,-1,-1
21,155,0.548825541,0.2964287589,0.005873402400000005,0.03590075080000005,-1,-1,-1,-1
22,155,0.5497408876,0.2962254075,0.006102146800000097,0.03610410220000004,-1,-1,-1,-1
23,155,0.5506562342,0.2954117558,0.01106020250000006,0.036816037099999976,-1,-1,-1,-1
24,155,0.5572924049,0.2956151072,0.011365359100000028,0.03640925229999997,-1,-1,-1,-1
25,155,0.5638522865,0.2953100391,0.009534665800000064,0.036612603700000024,-1,-1,-1,-1
26,155,0.5711750595,0.2951066057,0.009534665699999945,0.036205818799999956,-1,-1,-1,-1
27,155,0.5766670161,0.2941913193,0.008009129099999956,0.036816119100000044,-1,-1,-1,-1
28,155,0.5800995352,0.2927674493,0.008161707399999996,0.03732462070000003,-1,-1,-1,-1
29,155,0.5829980303,0.291852163,0.009839822300000023,0.03691783580000002,-1,-1,-1,-1
30,155,0.5852864583,0.291852163,0.008009129099999956,0.03681611909999999,-1,-1,-1,-1
31,155,0.5834557651,0.2930725995,0.009000764900000013,0.03630753560000005,-1,-1,-1,-1
32,155,0.5826167076,0.2935811831,0.009382087500000025,0.03579895200000005,-1,-1,-1,-1
33,155,0.5827691628,0.2931743982,0.00930592149999998,0.036307453599999984,-1,-1,-1,-1
34,155,0.5842946995,0.2929709648,0.009687367099999955,0.036307535599999996,-1,-1,-1,-1
35,155,0.5866592937,0.2926658147,0.008772020499999922,0.03712118719999996,-1,-1,-1,-1
36,155,0.5858965253,0.2922589478,0.012433406999999952,0.03732462069999998,-1,-1,-1,-1
37,155,0.5854387905,0.2926657326,0.016247371700000013,0.03722298600000001,-1,-1,-1,-1
38,155,0.5847523113,0.2937844524,0.01517944679999994,0.0366127678,-1,-1,-1,-1
39,155,0.5839142382,0.2951413042,0.00873658300000002,0.03600607680000001,-1,-1,-1,-1
40,155,0.5824234008,0.2939486757,0.006998667099999967,0.03737203379999998,-1,-1,-1,-1
41,155,0.5817525485,0.292954805,0.010800327300000023,0.03687509840000003,-1,-1,-1,-1
42,155,0.5842869476,0.2918615143,0.009831332099999979,0.03627874319999996,-1,-1,-1,-1
43,155,0.5836159723,0.2904700461,0.009384179300000017,0.03697451830000004,-1,-1,-1,-1
44,155,0.5824978442,0.2909669814,0.007371499600000053,0.0375708736,-1,-1,-1,-1
45,155,0.5807833073,0.2927559652,0.006849657299999978,0.03608006749999998,-1,-1,-1,-1
46,155,0.5795161694,0.2930541428,0.008265928100000042,0.03588122770000002,-1,-1,-1,-1
47,155,0.5793671594,0.2930541428,0.00811679529999998,0.036080067500000035,-1,-1,-1,-1
48,155,0.5793671594,0.2930541428,0.00811679529999998,0.036080067500000035,-1,-1,-1,-1
49,155,0.5793671594,0.2930541428,0.00811679529999998,0.036080067500000035,-1,-1,-1,-1
50,155,0.5795162924,0.2927559652,0.007967662300000011,0.03617940529999997,-1,-1,-1,-1
51,155,0.5798144353,0.2927558832,0.007967662200000003,0.03617940529999997,-1,-1,-1,-1
52,155,0.5798144353,0.2929546409,0.007967662200000003,0.03617940529999997,-1,-1,-1,-1
53,155,0.5800380117,0.292855221,0.007744085799999967,0.03617940530000002,-1,-1,-1,-1
54,155,0.5802615881,0.2929545589,0.007371376500000082,0.03617940530000002,-1,-1,-1,-1
55,155,0.5799634452,0.2927558011,0.007669519400000047,0.03617940540000003,-1,-1,-1,-1
56,155,0.5800380117,0.2929545589,0.007669519399999936,0.03617940530000002,-1,-1,-1,-1
57,155,0.5797397458,0.2930538967,0.007967785299999974,0.036080313600000025,-1,-1,-1,-1
58,155,0.5799634452,0.2930538967,0.007967785299999974,0.036080313600000025,-1,-1,-1,-1
59,155,0.5796651793,0.2931268211,0.007967785299999974,0.0358085494,-1,-1,-1,-1
60,155,0.5807834304,0.2927556371,0.007147800099999935,0.03608031349999996,-1,-1,-1,-1
61,155,0.5795907358,0.2925568793,0.00901134690000005,0.03697484649999999,-1,-1,-1,-1
62,155,0.5755807572,0.294777749,0.01146355050000003,0.0354577908,-1,-1,-1,-1
63,155,0.5773745364,0.2963721585,0.008032630999999957,0.03605020870000003,-1,-1,-1,-1
64,155,0.5752391788,0.2986498747,0.009484585599999984,0.03661974020000003,-1,-1,-1,-1
65,155,0.5748120826,0.3012693262,0.008886700299999939,0.03661974019999997,-1,-1,-1,-1
66,155,0.5737871011,0.3046859414,0.00905748960000008,0.03593643369999999,-1,-1,-1,-1
67,155,0.5752452081,0.3067795832,0.008414199800000022,0.03593643360000004,-1,-1,-1,-1
68,155,0.5761635078,0.3078925609,0.009435735999999917,0.037182463399999977,-1,-1,-1,-1
69,155,0.5810885869,0.3081238844,0.011355761400000053,0.0371736862,-1,-1,-1,-1
70,155,0.5898535938,0.3076787097,0.011355761299999934,0.03683974369999998,-1,-1,-1,-1
71,155,0.5996203262,0.3064544178,0.012524215599999944,0.037507546700000005,-1,-1,-1,-1
72,155,0.6088030776,0.3068766242,0.010965210100000067,0.03650555500000002,-1,-1,-1,-1
73,155,0.6134736955,0.3064544998,0.009540202900000017,0.037033251499999975,-1,-1,-1,-1
74,155,0.6141068954,0.3065600719,0.010173648800000046,0.037033251499999975,-1,-1,-1,-1
75,155,0.6144234953,0.3065600719,0.009065364500000062,0.037033251499999975,-1,-1,-1,-1
76,155,0.6148192144,0.306665644,0.009936291200000058,0.03692767939999997,-1,-1,-1,-1
77,155,0.6141067723,0.3068767062,0.009144606799999955,0.03639998299999997,-1,-1,-1,-1
78,155,0.6135525686,0.3069821963,0.01120293700000008,0.036611127099999974,-1,-1,-1,-1
79,155,0.614344253,0.3067710521,0.010490371800000009,0.03661112710000003,-1,-1,-1,-1
80,155,0.6141860146,0.306665562,0.010648610199999964,0.036822189299999974,-1,-1,-1,-1
81,155,0.6141068954,0.306665562,0.010648610200000075,0.036822189299999974,-1,-1,-1,-1
82,155,0.614977699,0.306665562,0.00954032589999998,0.036822189299999974,-1,-1,-1,-1
83,155,0.6155319026,0.3060185945,0.009777683599999976,0.037574728899999965,-1,-1,-1,-1
84,155,0.6133945763,0.3065462909,0.01088596789999996,0.03683588830000001,-1,-1,-1,-1
85,155,0.6125237727,0.3060185945,0.011281810099999956,0.03715252250000001,-1,-1,-1,-1
86,155,0.616640187,0.3041187887,0.007877837899999962,0.03778579120000003,-1,-1,-1,-1
87,155,0.623368889,0.3009523638,0.010252768099999976,0.037574728899999965,-1,-1,-1,-1
88,155,0.6285144684,0.2965194016,0.010569244899999997,0.038524631899999995,-1,-1,-1,-1
89,155,0.6333433247,0.2916642331,0.010648487300000009,0.03958010690000002,-1,-1,-1,-1
90,155,0.6384096618,0.2875479053,0.010727606499999931,0.04031894749999998,-1,-1,-1,-1
91,155,0.6409428304,0.2830093711,0.011281810099999956,0.04063558179999999,-1,-1,-1,-1
92,155,0.644821764,0.2801595804,0.011360929299999989,0.038313569699999994,-1,-1,-1,-1
93,155,0.6472758133,0.2774153618,0.0113609293000001,0.038313569699999994,-1,-1,-1,-1
94,155,0.6494922589,0.2750933497,0.011361052300000063,0.03757472900000003,-1,-1,-1,-1
95,155,0.6511546238,0.2734046061,0.010569491000000042,0.036941460400000015,-1,-1,-1,-1
96,155,0.6535294309,0.272243559,0.010411129500000005,0.03556935109999998,-1,-1,-1,-1
97,155,0.6547168344,0.2698159748,0.009382087500000025,0.03546377899999997,-1,-1,-1,-1
98,155,0.6563410548,0.2683382934,0.007995347799999997,0.035780413300000036,-1,-1,-1,-1
99,155,0.6549161705,0.2673883905,0.009024389900000096,0.034936082499999965,-1,-1,-1,-1
100,155,0.6534911633,0.2658052191,0.009657835800000014,0.03493608250000002,-1,-1,-1,-1
101,155,0.6532536826,0.2655941569,0.011953523599999905,0.03493608250000002,-1,-1,-1,-1
102,155,0.6549160475,0.2659107912,0.011953523700000024,0.03588590330000002,-1,-1,-1,-1
103,155,0.6559452126,0.2651719505,0.0073620248999999305,0.03588590330000002,-1,-1,-1,-1
104,155,0.6530162018,0.2684438655,0.009182874499999993,0.034408304,-1,-1,-1,-1
105,155,0.6528082524,0.2707999199,0.008342832600000016,0.03610844969999999,-1,-1,-1,-1
106,155,0.6495392628,0.2748396321,0.009891379100000042,0.03588524719999997,-1,-1,-1,-1
107,155,0.646589211,0.279942366,0.009891379100000042,0.03588524710000002,-1,-1,-1,-1
108,155,0.6418053899,0.2833442159,0.00869523910000003,0.035991475500000036,-1,-1,-1,-1
109,155,0.6336610321,0.2873874554,0.01232734049999995,0.036928745799999996,-1,-1,-1,-1
110,155,0.6288091659,0.2935100634,0.01094096989999993,0.032885424299999966,-1,-1,-1,-1
111,155,0.6241305499,0.3027516832,0.012327094399999905,0.028380194199999986,-1,-1,-1,-1
112,155,0.6155529437,0.3072569135,0.019951701599999927,0.023528388799999966,-1,-1,-1,-1
113,155,0.6068020873,0.2972066457,0.012587092600000016,0.035080454699999986,-1,-1,-1,-1
114,155,0.5941522406,0.2968600706,0.011720718799999919,0.03565802509999999,-1,-1,-1,-1
115,155,0.583172757,0.2970533324,0.01186997479999996,0.035233685900000034,-1,-1,-1,-1
116,155,0.5704364083,0.3001723442,0.012563098500000036,0.034194124699999995,-1,-1,-1,-1
117,155,0.5599528041,0.3014430649,0.012649600499999969,0.0335009745,-1,-1,-1,-1
118,155,0.5536279423,0.3047931541,0.013256099200000038,0.03234575159999997,-1,-1,-1,-1
119,155,0.5514618229,0.3097604571,0.01204322499999999,0.027147453200000005,-1,-1,-1,-1
120,155,0.5531946938,0.3156519877,0.013516097500000046,0.02333529109999999,-1,-1,-1,-1
121,155,0.5466099568,0.3161141426,0.01715496630000002,0.023104131600000022,-1,-1,-1,-1
122,155,0.5414113441,0.3163451379,0.0202742078,0.022873136299999985,-1,-1,-1,-1
123,155,0.5485159548,0.3057172177,0.012476350299999939,0.03477177720000002,-1,-1,-1,-1
124,155,0.55804656,0.3050242315,0.012996347000000075,0.037081977200000005,-1,-1,-1,-1
125,155,0.5726890297,0.3050242315,0.00918410489999999,0.036850899699999995,-1,-1,-1,-1
126,155,0.5838658807,0.3059483771,0.012563098500000036,0.036966479399999974,-1,-1,-1,-1
127,155,0.5953027301,0.3074501752,0.012563098500000036,0.036966479399999974,-1,-1,-1,-1
128,155,0.6100319479,0.3065260296,0.009530482199999968,0.03673548409999999,-1,-1,-1,-1
129,155,0.6183495558,0.3037535929,0.019061210500000092,0.04020107100000003,-1,-1,-1,-1
130,155,0.6345516463,0.3068700618,0.012562975399999954,0.03592937909999999,-1,-1,-1,-1
131,155,0.642609502,0.3060639568,0.01082998150000003,0.03673548409999999,-1,-1,-1,-1
132,155,0.6459884956,0.3050243136,0.0074509878999999835,0.03846827750000004,-1,-1,-1,-1
133,155,0.6457040109,0.3063790326,0.008582897300000059,0.03684622399999998,-1,-1,-1,-1
