0,176,-0.016226853649999998,0.8929088683499999,0.0004942183,0.6195486403
0,176,-0.013641167999999999,0.88838649855,0.000397059,0.6248786053
0,176,0.134325732,0.83956534155,0.0969666946,0.5917721021
0,176,0.08047119864999999,0.85637148585,0.0625060293,0.6019573905
0,176,0.09947802235,0.8558777496500001,0.0741974629,0.6018092451
0,176,0.12924918200000002,0.8349393637,0.0957020176,0.5871000236
0,176,0.049749254849999994,0.9043506864,0.0427689217,0.6339090718
0,176,0.8389009639,1.10466330125,0.5697659252,0.7695648821
0,176,1.08238851695,1.24257804295,0.7312261043,0.8683928431
0,176,1.10723035235,1.23875984595,0.7501411349,0.8646070829
0,176,1.4218956104,0.43279392029999997,0.95493416,0.3138890074
0,176,1.37483111795,0.43316666280000005,0.9239132735,0.3139551232
0,176,1.4003116904000001,0.43277956515000005,0.9397865824,0.3124897463
0,176,1.3040763255,0.5458091072,0.8755886568,0.3940559704
0,176,1.3015162712000001,0.5395475411,0.8736370084,0.3891853804
0,176,1.0613885779999999,0.97376479815,0.7184966462,0.6856441621
0,176,1.3239453396,0.6666740767,0.8893593386,0.4732176606
0,176,1.30571691115,0.6654896511499999,0.8787425975,0.4724186923
0,176,1.2966748025000001,0.57199386085,0.8705105072,0.4091714025
0,176,1.3135855206,0.5664452960999999,0.8839282902,0.4059934114
0,176,1.48942779115,0.437621029,0.9993590323,0.314789392
0,176,1.4095771292500001,0.39104605800000003,0.9469737575,0.284147942
0,176,1.42966627435,0.3884549477,0.9586883239,0.2819386386
0,176,0.6947447612,0.5521878937,0.4687871602,0.393786093
0,176,0.63112761745,0.44435152315,0.4264009147,0.3218508833
0,176,0.57974835905,0.445742007,0.3938675345,0.3233177368
0,176,0.6648938671,0.4899814367,0.4500910302,0.3518529668
0,176,0.65344508215,0.49953050349999994,0.4426966439,0.3585488798
0,176,0.36740481095,0.44886479225,0.2508699423,0.3111163245
0,176,0.09721475739999999,0.5592242295500001,0.0724325998,0.3964602583
0,176,0.1732406152,0.58559264755,0.1217545124,0.4134554809
0,176,1.1450057192,0.3397314515,0.7730981364,0.2464466414
0,176,1.1460714908,0.3480800149,0.7722406218,0.2501474892
0,176,0.38375946964999996,0.34620998595,0.2633072867,0.2476948039
0,176,0.3087423293,0.35772764040000005,0.2128386992,0.2567452128
0,176,0.73381630515,0.3715887167,0.4934355657,0.2680945834
0,176,0.38381145704999997,0.3600888216,0.2634929647,0.2581716256
0,176,1.2408524401,0.3191810246,0.8338708026,0.2350857866
0,176,0.4922796007,0.3787189354,0.3362376116,0.2718883708
0,176,0.8529712651,0.62152005785,0.57683153,0.4422874121
0,176,0.8158017200500001,0.60725921025,0.5518670167,0.4319644779
0,176,0.85200023965,0.40970541525000004,0.5745232913,0.2977889739
0,176,0.42141941844999997,0.96514684945,0.2901693077,0.6761498911
0,176,0.80656630465,1.5060513243,0.5485115251,1.0485848252
0,176,0.88280763965,1.3119641825500001,0.6021549713,0.9128970233
0,176,1.36549123555,0.7207466827,0.9176742985,0.50782907
0,176,1.3813269536,0.7250972051,0.9283088814,0.5109973816
0,176,0.52770421625,0.67913806565,0.3605470227,0.4793410069
0,176,1.12182040405,0.39194780949999997,0.7545102877,0.2875328118
0,176,0.8602123347999999,0.6662119219,0.5816756442,0.472354217
0,176,0.7822968223,0.63189836205,0.5298670748,0.4482045359
0,176,0.70675556315,0.5471395455,0.4794621025,0.3895745288
0,176,0.75259143135,0.42328665345,0.5070974739,0.3038280055
0,176,0.42450937475,0.6194026276,0.2931182521,0.4405009712
0,176,0.2576145789,0.70266276315,0.1796728574,0.4965667327
0,176,0.35459893075,0.63089431965,0.2437455211,0.4486360117
0,176,0.5407694079500001,0.6582112459,0.3685821147,0.4671033376
0,176,0.41674375565,0.46769784719999996,0.2855737485,0.3353440158
0,176,0.33045415665,0.5293401866,0.2271167037,0.3782363962
0,176,0.48702247925,0.50346300295,0.3302128615,0.3628323019
0,176,0.47752780365,0.5544506805,0.3262591153,0.3965713264
0,176,0.3899956146,0.49797194094999997,0.2659764222,0.3579485871
0,176,0.46346064025,0.4736651322,0.3153518603,0.3378008846
0,176,0.50324327275,0.43832940135000004,0.3422793423,0.3139141905
0,176,0.63051361295,0.42188369515,0.4264018991,0.3019339301
0,176,0.6056208976,0.42268459125,0.4102744982,0.3057027805
0,176,0.6963974669499999,0.45244292374999995,0.4700551595,0.3270072645
0,176,0.5715058713000001,0.42931939210000003,0.3874534636,0.306659902
0,176,0.53735196215,0.48434444395,0.3642920811,0.3461965331
0,176,0.55043924085,0.4933980109,0.3726231011,0.3539845062
0,176,0.49104777720000004,0.49667989255,0.3348897548,0.3536689383
0,176,0.8940023939999999,0.6064252152,0.6068783764,0.4340337568
0,176,0.88818282475,0.61228057085,0.6013386775,0.4376803011
0,176,0.454371097,0.50942146975,0.3103326502,0.3642317271
0,176,0.3465278475,0.5985297833000001,0.2359469254,0.4258217726
0,176,0.3379595928,0.64202180025,0.2331827976,0.4554274071
0,176,0.23435918845000003,0.66529195975,0.1604487327,0.4689619645
0,176,0.3685294506,0.62316811475,0.2532029134,0.4435065361
0,176,0.25916380215,0.6656607649,0.1790897377,0.470364999
0,176,0.38243511485000004,0.6699700264,0.2641769829,0.4757768204
0,176,0.39455044535,0.6537856665,0.2702168679,0.4639401118
0,176,0.2749314751,0.6835202514500001,0.1884010732,0.4817152719
0,176,1.0029291338,0.39295870135,0.676090098,0.2886694961
0,176,1.04446303275,0.38853833085,0.7060611475,0.2818486521
0,176,0.49237151675,0.3810483712,0.3328860575,0.2743117716
0,176,0.8335894556500001,0.6541008241999999,0.5638312455,0.4645540214
0,176,0.7655647540500001,0.70225842945,0.5153272263,0.4877303391
0,176,0.8079781458999999,0.6324687139,0.5449397168,0.448645363
0,176,0.7320487965,0.65655556025,0.495146042,0.4614692159
0,176,0.691486046,0.66603539415,0.4682372632,0.4682960481
0,176,0.7947249382999999,0.6753049041,0.5379345282,0.4781520698
0,176,0.93655395315,0.5654866981,0.6299458741,0.404274727
0,176,0.9469493327,0.56706650635,0.6363615446,0.4080902523
0,176,0.92331225045,0.5742950375,0.6223479681,0.411832279
0,176,0.8841527894,0.57761305325,0.5957644024,0.4125229683
0,176,0.9134443734,0.56148053605,0.6144358,0.4026715403
0,176,0.96469424795,0.5366769969,0.6501803377,0.3841218566
0,176,0.9002837586999999,0.55160097185,0.6081141374,0.3970892613
0,176,0.78830151585,0.57142662615,0.5305246379,0.4103176843
0,176,0.8643498517000001,0.5416108318999999,0.5832475696,0.3869341598
0,176,0.8579873375,0.5492924946,0.5803822972,0.3949125236
0,176,0.8156125968499999,0.56952854295,0.5534267605,0.4070089379
0,176,0.8283686946,0.4572257422,0.5582973298,0.3311346664
0,176,0.8185553889,0.4598720584,0.5529695178,0.3294111422
0,176,0.8505947969,0.45878873435,0.5720766248,0.3308664295
0,176,0.8615299221,0.46076281795,0.5807097252,0.3313124245
0,176,1.13768885255,0.3854212877,0.7677303341,0.28184291
0,176,0.8593086777,0.44710558525,0.5803728226,0.3235940125
0,176,1.00975393555,0.39849898119999994,0.6811340405,0.291281647
0,176,0.88749899095,0.5512891773499999,0.6017864455,0.3961467411
0,176,0.80264522745,0.48683498605,0.5412001955,0.3503348449
0,176,1.03704212985,0.41960876795,0.6993330607,0.3055653809
0,176,1.13203176675,0.42864670835,0.7608724327,0.3111233791
0,176,0.7856291811,0.42287838619999996,0.5299320436,0.3035400698
0,176,0.7036411206,0.4184208562,0.4748549768,0.3001014706
0,176,0.8554585371500001,0.38620208645,0.5767485963,0.2775618667
0,176,0.74313914545,0.39106927235,0.5014047045,0.2806229657
0,176,0.8029551828,0.38784157129999997,0.5408209646,0.278715121
0,176,0.88749899095,0.5512891773499999,0.6017864455,0.3961467411
0,176,1.03704212985,0.41960876795,0.6993330607,0.3055653809
0,176,0.81232914925,0.39259432585,0.5474869127,0.2790095253
0,176,0.70675556315,0.5471395455,0.4794621025,0.3895745288
0,176,0.8841527894,0.57761305325,0.5957644024,0.4125229683
0,176,1.03704212985,0.41960876795,0.6993330607,0.3055653809
0,176,1.03704212985,0.41960876795,0.6993330607,0.3055653809
0,176,0.81232914925,0.39259432585,0.5474869127,0.2790095253
0,176,0.37067385215000004,0.321805685,0.2514350971,0.2272889542
0,176,0.81417134735,0.28998414375000003,0.5476046687,0.2081484113
0,176,0.70675556315,0.5471395455,0.4794621025,0.3895745288
0,176,0.8841527894,0.57761305325,0.5957644024,0.4125229683
0,176,1.03704212985,0.41960876795,0.6993330607,0.3055653809
0,176,1.03704212985,0.41960876795,0.6993330607,0.3055653809
0,176,0.81232914925,0.39259432585,0.5474869127,0.2790095253
0,176,0.70675556315,0.5471395455,0.4794621025,0.3895745288
0,176,0.8841527894,0.57761305325,0.5957644024,0.4125229683
0,176,1.03704212985,0.41960876795,0.6993330607,0.3055653809
0,176,1.03704212985,0.41960876795,0.6993330607,0.3055653809
0,176,1.03704212985,0.41960876795,0.6993330607,0.3055653809
0,176,1.03704212985,0.41960876795,0.6993330607,0.3055653809
0,176,0.81232914925,0.39259432585,0.5474869127,0.2790095253
