0,176,0.0949876683,0.88294907935,0.0800332128,0.6172647719
0,176,0.0689934977,0.8840447488000001,0.0586298028,0.619838697
0,176,0.1287891093,0.8547286788499999,0.09637853,0.5999931095
0,176,0.0918585215,0.8533966001,0.0723117676,0.5985997546
0,176,0.12310735255,0.84627118,0.0907997021,0.5936441818
0,176,0.17158780835,0.82990971825,0.1236482057,0.5837468173
0,176,0.13594976775,0.89054731795,0.1035367891,0.6237063931
0,176,0.18400128165000001,0.8882967536499999,0.1325703435,0.6246067501
0,176,0.84719260895,1.45152156725,0.5750724501,1.0102824115
0,176,0.8826245456999999,1.1805338815,0.601753592,0.8228655896
0,176,1.0426738063999998,1.3099050753,0.7058928192,0.9121249606
0,176,1.0703733929500001,1.307752713,0.7243722327,0.9127501802
0,176,1.4031257136500002,0.46730960109999997,0.9418024613,0.3372843442
0,176,1.35965210185,0.46656407495,0.9131206983,0.3359632573
0,176,1.37802215725,0.46832611195,0.9264309381,0.3380267121
0,176,1.3040763255,0.5458091072,0.8755886568,0.3940559704
0,176,1.3017374043,0.5395953575,0.8736370084,0.3892048624
0,176,1.1114744894,0.8894811790999999,0.7510740772,0.6275530896
0,176,1.3436770946,0.6255006267000001,0.9020421618,0.4447494488
0,176,1.32100771555,0.6235084556,0.8893088893,0.4454681922
0,176,1.32656820935,0.5316552262500001,0.8917966535,0.3817938563
0,176,1.33966951545,0.52670383705,0.8993222079,0.3787856665
0,176,1.47983670525,0.46255293755000004,0.9933184853,0.3320412981
0,176,1.4511829492,0.4168750492,0.9737868058,0.3030241036
0,176,1.4671483587499998,0.41573085925,0.9844427989,0.2995636845
0,176,0.69492822425,0.5521869094,0.4686749413,0.3936966808
0,176,0.6541350682,0.44950236735,0.4431911698,0.3252906309
0,176,0.64563012125,0.4533486947,0.4366154151,0.3288160174
0,176,0.66795189255,0.490259271,0.4503724387,0.3518529668
0,176,0.65415149495,0.49677034389999997,0.4423558037,0.3585488798
0,176,0.36745808035,0.4490401716,0.2508699423,0.3114670832
0,176,0.09664658785,0.57123951665,0.0708080103,0.4044704497
0,176,0.1731835423,0.58559264755,0.1217545124,0.4134554809
0,176,0.9270868402000001,0.3456044844,0.6285665172,0.2494114376
0,176,0.9294898250000001,0.35304227315000003,0.6288743808,0.2533988969
0,176,0.43636569125,0.3563186588,0.2983413511,0.256745951
0,176,0.3897373389,0.3555340456,0.2662759186,0.2556748084
0,176,0.7094402640999999,0.37119735340000004,0.4787047482,0.2675105326
0,176,0.49745563415000005,0.35549089805,0.3394827301,0.2526713763
0,176,1.36908525385,0.3055945834,0.9201294553,0.2255673168
0,176,0.5710293718,0.35439736125,0.3915328408,0.2582072265
0,176,0.84991176295,0.621035591,0.5742028769,0.4424967516
0,176,0.81559315545,0.60755263015,0.5520129505,0.4323662589
0,176,0.84942449695,0.4123821235,0.5732920831,0.2983936962
0,176,0.41715676285000003,0.93894380315,0.2842176475,0.6528853095
0,176,0.46602260175,0.9629162182,0.3194074893,0.6698265566
0,176,0.6145886859,0.93299009415,0.4151422374,0.6415189587
0,176,0.8816739460999999,1.3980756674,0.5998051428,0.9766191004
0,176,0.9376752189,1.22768162995,0.6375623602,0.8565057683
0,176,1.3662723379,0.7582294565000001,0.9181950334,0.5328175858
0,176,1.3830216799,0.7612375643,0.929438699,0.5350909544
0,176,0.475343658,0.71180619355,0.3246606118,0.5024254515
0,176,1.16628977365,0.3866734286,0.7847120503,0.283549536
0,176,0.8084874989499999,0.64776895865,0.5452472113,0.4616426265
0,176,0.8300944902,0.6380711722,0.562727883,0.4585860392
0,176,0.72132924965,0.5400300392,0.4873986339,0.3855596716
0,176,0.75255187165,0.42335116385,0.5068168037,0.3039570263
0,176,0.41199020389999996,0.62220205205,0.2817202856,0.4421223685
0,176,0.2742260467,0.6969588342499999,0.1919450728,0.4923728869
0,176,0.2917838689,0.6405711885500001,0.2025317904,0.4545437841
0,176,0.56986196335,0.653000397,0.3855304851,0.4620962502
0,176,0.37162777395,0.501138653,0.2541767073,0.3582313432
0,176,0.32599505645,0.5548721486,0.2241493023,0.3957098514
0,176,0.45828934405,0.556430219,0.3132699051,0.3944753058
0,176,0.4919716756,0.5627181987500001,0.335715031,0.4023934599
0,176,0.3903280056,0.49781099885,0.2659764222,0.3580064453
0,176,0.45221857425,0.48122551420000004,0.3073688171,0.3429115754
0,176,0.47834766585,0.43679085404999995,0.3268199635,0.3137875367
0,176,0.61517488175,0.44064796824999997,0.4193885893,0.3135186437
0,176,0.60017416075,0.42967494944999995,0.4082970099,0.3100031827
0,176,0.70821077855,0.44373909005,0.4788489593,0.3200322869
0,176,0.5749625691,0.43204248805,0.3877759698,0.3089530397
0,176,0.55171154685,0.46199637915,0.3755218423,0.3310243365
0,176,0.5692712148,0.48232085555,0.3865712166,0.3465029957
0,176,0.4992698596,0.49484612065,0.3393662046,0.3535636123
0,176,0.80909725835,0.6113193478,0.5486577049,0.438292242
0,176,0.8536604512999999,0.6058706951,0.5761599394,0.432668456
0,176,0.36041197855,0.5196628665,0.2457060289,0.3713979978
0,176,0.34241943125,0.59904107385,0.2354581827,0.4251676685
0,176,0.29326227865,0.657222543,0.2010239725,0.4654638938
0,176,0.23435918845000003,0.66489108105,0.1604487327,0.4681602071
0,176,0.3516171944,0.62457106715,0.2413267862,0.4427047787
0,176,0.297009675,0.66212389425,0.2047963474,0.4683606875
0,176,0.41197506915000004,0.6884102826,0.2844717395,0.4894065322
0,176,0.3562045095,0.656829211,0.2437362926,0.465644523
0,176,0.26534359155,0.6837634692,0.1831050073,0.4822020356
0,176,1.0201669108,0.38728520545,0.6886974934,0.2847360123
0,176,1.1196516392,0.3917727993,0.7553682944,0.2866809344
0,176,0.49342387624999995,0.3772235356,0.3345364869,0.271855723
0,176,0.8206705052500001,0.65551312805,0.5551128735,0.4657367243
0,176,0.78387668425,0.67490115435,0.5323960597,0.4760429245
0,176,0.84134024755,0.64767314815,0.5686964007,0.4599170517
0,176,0.7928882772500001,0.6428822088,0.5341214247,0.4543017968
0,176,0.7380123923499999,0.645467536,0.4987084987,0.4584585652
0,176,0.7910017822,0.6469453814,0.533750438,0.4587699496
0,176,0.95473943815,0.56384356295,0.6416710225,0.4027811319
0,176,0.9466669397999999,0.5674189055500001,0.6364422634,0.4083053339
0,176,0.9936497289999999,0.5737359236999999,0.6711853216,0.411053982
0,176,0.8831241780999999,0.5752023669999999,0.5960256312,0.4116257284
0,176,0.9377190851999999,0.5582065702500001,0.6323539038,0.3998959865
0,176,0.9768853138,0.5340396629499999,0.6577695074,0.3827225955
0,176,0.8999473482,0.5514215731500001,0.6082487508,0.3970892613
0,176,0.7846448051,0.57119686125,0.5295781604,0.4105470391
0,176,0.8575644249,0.5408614092999999,0.5778674626,0.3865059652
0,176,0.8457479141,0.5473766931,0.5735442064,0.3929305242
0,176,0.8270619969999999,0.5637735917,0.5595325986,0.4033594406
0,176,0.80918862065,0.4637764628,0.5479042881,0.3356697554
0,176,0.8179703004000001,0.45971591505,0.5525794588,0.3293070467
0,176,0.8358643485499999,0.4561936456,0.5626101271,0.3292150094
0,176,0.8259461453,0.4626443721,0.5546989434,0.3324312264
0,176,1.1106535814,0.37912686865,0.7473079778,0.2775639995
0,176,0.8456746396,0.44367732174999996,0.5685540354,0.3209915411
0,176,1.0101102181,0.3986732531,0.6812358004,0.291145888
0,176,0.87086808185,0.5677910738,0.5863157465,0.406975962
0,176,0.8024460759,0.48670234405,0.5410674278,0.3502464169
0,176,1.03587552125,0.39142269695,0.6960390925,0.2866614113
0,176,1.14156723235,0.42236344525,0.7679863949,0.3070272305
0,176,0.79394814255,0.42280574895,0.5347764039,0.3032410719
0,176,0.70122269345,0.41827484355,0.4719526673,0.3006174369
0,176,0.86129933195,0.38541780140000004,0.5796899117,0.2773377618
0,176,0.74701801755,0.38951788740000004,0.5060592033,0.279330097
0,176,0.81099698095,0.39508326819999995,0.5471144495,0.278255345
0,176,0.87086808185,0.5677910738,0.5863157465,0.406975962
0,176,1.03587552125,0.39142269695,0.6960390925,0.2866614113
0,176,0.8285456976500001,0.38621697485,0.5571518853,0.2779579877
0,176,0.72132924965,0.5400300392,0.4873986339,0.3855596716
0,176,0.8831241780999999,0.5752023669999999,0.5960256312,0.4116257284
0,176,1.03587552125,0.39142269695,0.6960390925,0.2866614113
0,176,1.03587552125,0.39142269695,0.6960390925,0.2866614113
0,176,0.8285456976500001,0.38621697485,0.5571518853,0.2779579877
0,176,0.37067385215000004,0.321805685,0.2514350971,0.2272889542
0,176,0.81417134735,0.28998414375000003,0.5476046687,0.2081484113
0,176,0.72132924965,0.5400300392,0.4873986339,0.3855596716
0,176,0.8831241780999999,0.5752023669999999,0.5960256312,0.4116257284
0,176,1.03587552125,0.39142269695,0.6960390925,0.2866614113
0,176,1.03587552125,0.39142269695,0.6960390925,0.2866614113
0,176,0.8285456976500001,0.38621697485,0.5571518853,0.2779579877
0,176,0.72132924965,0.5400300392,0.4873986339,0.3855596716
0,176,0.8831241780999999,0.5752023669999999,0.5960256312,0.4116257284
0,176,1.03587552125,0.39142269695,0.6960390925,0.2866614113
0,176,1.03587552125,0.39142269695,0.6960390925,0.2866614113
0,176,1.03587552125,0.39142269695,0.6960390925,0.2866614113
0,176,1.03587552125,0.39142269695,0.6960390925,0.2866614113
0,176,0.8285456976500001,0.38621697485,0.5571518853,0.2779579877
