0,176,0.07458686255,0.88606961925,0.0573897351,0.6223428969
0,176,0.052940663299999996,0.88699797875,0.0451229338,0.6206402903
0,176,0.01017380265,0.9003034275,0.0175209697,0.6350632284
0,176,0.1225158657,0.8689987137999999,0.089958922,0.6108869698
0,176,0.20505013179999998,0.8380831485,0.1462995584,0.5895856848
0,176,0.0247533646,0.84499643995,0.0242103582,0.5934594511
0,176,0.06858805785,0.9073038344,0.0528367501,0.6353020986
0,176,0.1830519125,0.88104164475,0.1292036546,0.6156414059
0,176,-0.0005212271,0.82688848565,0.0065066022,0.5772315335
0,176,0.33617405785,0.83230063525,0.2324865977,0.5850955481
0,176,0.3588159359,0.8325223613,0.2466719478,0.5846675176
0,176,1.39794094385,0.5738659406,0.9389318979,0.408344544
0,176,1.42185574315,0.56970293795,0.9563356653,0.4090429441
0,176,1.39812159325,0.78313525635,0.9441167539,0.5502614557
0,176,1.2759088989,0.8594306160999999,0.8592017498,0.6055041868
0,176,0.9714160592500001,1.2209827639,0.6573468409,0.8514694784
0,176,0.9457227387,1.22225381275,0.63893901,0.8536919887
0,176,1.12391091105,1.167647358,0.7597842051,0.814835547
0,176,1.0964373894500001,1.2146970973,0.7419636775,0.847927396
0,176,1.0831342696,1.2270311594,0.7307964242,0.8442657636
0,176,0.82196241,1.07545884285,0.5574454498,0.7552819505
0,176,0.84025772935,1.07144014465,0.5709390553,0.7555210521
0,176,1.3055243426,0.5474757849,0.8749205116,0.3930179678
0,176,1.29851497045,0.54091358015,0.8723333255,0.3898872257
0,176,0.3513639637,0.35077230875,0.2381430682,0.2538240563
0,176,0.7132200218,0.53698928365,0.480921563,0.3837642075
0,176,0.4070335633,0.454997695,0.2784688918,0.3279050786
0,176,0.40959423284999996,0.4583559462,0.2813847365,0.3192219984
0,176,0.6670567256,0.49056651290000003,0.4500298758,0.3531981704
0,176,0.6542260368999999,0.494415602,0.4424968156,0.3567944306
0,176,0.36732395915,0.449010928,0.2508699423,0.311408596
0,176,0.1741157338,0.58559264755,0.1217545124,0.4134554809
0,176,0.05649592169999999,0.55064233285,0.0437296726,0.3870731999
0,176,0.1286748601,0.60533578,0.094587827,0.4284503294
0,176,1.3606993958,0.3788906905,0.9122419786,0.2727803674
0,176,1.366808746,0.3609011968,0.9180942272,0.2623637386
0,176,1.37538169795,0.35302992099999997,0.9231202479,0.25817112
0,176,0.5658580141,0.36446920285,0.3828586426,0.2582426633
0,176,1.29532503845,0.26901249475,0.8667594195,0.1962724105
0,176,0.9110981748,1.4189567146,0.623007623,0.9874484854
0,176,0.31063509970000003,0.3716070708,0.2127868964,0.2659883502
0,176,0.50739727795,0.3155096253,0.3415589021,0.2206067402
0,176,0.49021062695,0.30465226830000003,0.3313303743,0.2204671258
0,176,0.8600171823,0.37130136695,0.581114796,0.2666091913
0,176,0.3515373984,0.3509470318,0.2389341374,0.2537966584
0,176,0.8522226471,0.62142867685,0.5762091582,0.4429259305
0,176,0.69038237595,0.61683575705,0.4667458105,0.4379495223
0,176,0.8482890192,0.41288377555,0.5719164176,0.2985573453
0,176,0.3375811618,0.83355650855,0.2339106206,0.5876627467
0,176,0.35961438795,0.83363952255,0.2485582583,0.5859394687
0,176,0.86970411875,1.21263543085,0.5887490009,0.8469007573
0,176,0.42709126985,0.9405495328,0.2925940719,0.657388571
0,176,1.42234799265,0.38506901149999995,0.9541197119,0.2779355936
0,176,1.39884115565,0.38977414785,0.9396650119,0.2796562467
0,176,1.11763213035,1.02184276235,0.7536807049,0.7190211899
0,176,0.7752085769,0.50491783915,0.522487208,0.3625490537
0,176,1.0894951578,0.372947045,0.733299077,0.2746126562
0,176,0.7739134458000001,0.67005714185,0.5260911316,0.4778459353
0,176,0.83335203645,0.64386320085,0.5669279693,0.4526593999
0,176,0.7360308434,0.53397502365,0.4994325072,0.3808492033
0,176,0.74161084025,0.42341543405,0.4997404939,0.3039674441
0,176,0.4295334451,0.6135535883000001,0.2925363628,0.4374228922
0,176,0.33523280985000004,0.6467152884,0.2304662891,0.4701883072
0,176,0.42083605265,0.6111328945,0.2866922457,0.4351142508
0,176,0.36774213440000003,0.659629866,0.254414065,0.4687711636
0,176,0.39265023055,0.4678140832,0.2689430853,0.3273736908
0,176,0.40151779705,0.46473177955,0.2726050871,0.3339281027
0,176,0.52410878295,0.506402493,0.3542667039,0.360402831
0,176,0.5942159174499999,0.4814507264,0.4006837229,0.3468124934
0,176,0.38153182685000003,0.49296259774999995,0.2603590807,0.3545409951
0,176,0.57364295155,0.46004546905,0.3884024021,0.3284072639
0,176,0.52450470205,0.42431333014999995,0.3550171983,0.3038384935
0,176,0.42547400165,0.45600674124999996,0.2891412501,0.3260430065
0,176,0.4762867517,0.44046467315000004,0.3238397652,0.3170404209
0,176,0.42981934484999995,0.45830180665,0.2921562707,0.3301204523
0,176,0.60229844405,0.46334855524999996,0.4098476481,0.3306807965
0,176,0.56053118655,0.47655577355,0.3805731677,0.3411278415
0,176,0.5951497211,0.49834812875,0.4063761232,0.3580233981
0,176,0.4107062701,0.54037784475,0.2862338956,0.3707954903
0,176,0.9973805755,0.61567938565,0.6731443528,0.4406852097
0,176,0.96257525555,0.61291835105,0.6493534619,0.4389230497
0,176,0.46142759615,0.5458008222999999,0.3170291139,0.3883704982
0,176,0.4115548022,0.61791772755,0.2802698076,0.4392190125
0,176,0.3898598323,0.6700279393,0.2672188278,0.4749463526
0,176,0.34986420535,0.65398918195,0.2397743023,0.4646063563
0,176,0.36835195525,0.6241498451,0.2543562329,0.4438126706
0,176,0.2950435685,0.65325977465,0.207541895,0.4636810623
0,176,0.3505640351,0.65718825465,0.2479720624,0.4699381169
0,176,0.4403446005,0.6409200605500001,0.3010964964,0.4550843593
0,176,0.3390500969,0.65792151735,0.2321542478,0.4644324535
0,176,1.0017855965,0.4149722084,0.6744549264,0.302629049
0,176,1.0540628519,0.41423230125,0.7090860118,0.3004746233
0,176,0.5491180852499999,0.5010090462000001,0.3723418157,0.3584730024
0,176,0.7281728776,0.6903628334,0.492923198,0.4876594656
0,176,0.8083584965,0.6629189927,0.5461701868,0.471082594
0,176,0.83391085445,0.6343258643,0.5670447409,0.4484773664
0,176,0.77289935395,0.64211892325,0.5225644815,0.4552800819
0,176,0.7862717325499999,0.64767848,0.5346580327,0.4571715206
0,176,0.8072091636500001,0.6737663567500001,0.5473936431,0.4756567291
0,176,0.8228569273,0.59528108265,0.5595629912,0.4233336505
0,176,0.992911324,0.4989823406,0.6683660688,0.359760211
0,176,0.7765865803,0.5975168817000001,0.5283841124,0.4265997414
0,176,0.7754982911000001,0.54462107245,0.5236358518,0.3903265763
0,176,0.8853229049,0.5271714058,0.5960052054,0.3783678076
0,176,0.92648126435,0.48952875630000003,0.6238706747,0.3520207174
0,176,0.98800500945,0.48061349124999997,0.6656557125,0.3403830947
0,176,0.71955546565,0.58888383955,0.4867461157,0.4213628071
0,176,0.8927023409499999,0.6100350922,0.6017388263,0.4261459536
0,176,0.8926163926,0.61007028295,0.601596461,0.4260207765
0,176,0.8086617333999999,0.58898383365,0.5462771146,0.4210784925
0,176,0.8304509574000001,0.44468361999999995,0.5617203742,0.3225311548
0,176,0.82965472035,0.45770098075,0.5603501229,0.3282294237
0,176,0.99551770545,0.43802613795,0.6707667157,0.3173684573
0,176,0.83706996305,0.47336260695,0.5668840415,0.3371389057
0,176,0.9573370218,0.3763673516,0.644256363,0.2748009962
0,176,1.0777369713,0.4232028953,0.7273520926,0.3070296094
0,176,0.958437185,0.3824359431,0.6454078368,0.2795668344
0,176,0.9716564316,0.50009138095,0.6550671492,0.3618775593
0,176,0.79508737325,0.48767185199999996,0.5351653555,0.351751004
0,176,0.8999696197,0.4522609821,0.6071711052,0.3281599446
0,176,1.06534546185,0.47396716525000004,0.7165354001,0.3423417157
0,176,0.79841118025,0.4213922967,0.5396953307,0.3024081432
0,176,0.7002259512,0.41751877654999997,0.4725394784,0.3003178647
0,176,0.85228146365,0.3861304746,0.5734910501,0.278903543
0,176,0.7611092367,0.38739373060000004,0.5132911676,0.2784951996
0,176,0.8202826611,0.3810431213,0.5549287952,0.274163298
0,176,0.9716564316,0.50009138095,0.6550671492,0.3618775593
0,176,0.8999696197,0.4522609821,0.6071711052,0.3281599446
0,176,0.8342595696499999,0.3860778937,0.5629982173,0.2772184908
0,176,0.7360308434,0.53397502365,0.4994325072,0.3808492033
0,176,0.7754982911000001,0.54462107245,0.5236358518,0.3903265763
0,176,0.8999696197,0.4522609821,0.6071711052,0.3281599446
0,176,0.8999696197,0.4522609821,0.6071711052,0.3281599446
0,176,0.8342595696499999,0.3860778937,0.5629982173,0.2772184908
0,176,1.03700946085,1.01232716365,0.7025043509,0.7112979381
0,176,1.2315711280500001,0.864369865,0.8318685819,0.5998347924
0,176,1.25875522455,0.9506652601000001,0.8458111603,0.6603403244
0,176,1.41411091895,0.7438399044,0.9509722927,0.525160778
0,176,1.437596961,0.7511499731,0.9662376264,0.5296856954
0,176,0.37067385215000004,0.321805685,0.2514350971,0.2272889542
0,176,0.81417134735,0.28998414375000003,0.5476046687,0.2081484113
0,176,0.7360308434,0.53397502365,0.4994325072,0.3808492033
0,176,0.7754982911000001,0.54462107245,0.5236358518,0.3903265763
0,176,0.8999696197,0.4522609821,0.6071711052,0.3281599446
0,176,0.8999696197,0.4522609821,0.6071711052,0.3281599446
0,176,0.8342595696499999,0.3860778937,0.5629982173,0.2772184908
0,176,0.7360308434,0.53397502365,0.4994325072,0.3808492033
0,176,0.7754982911000001,0.54462107245,0.5236358518,0.3903265763
0,176,0.8999696197,0.4522609821,0.6071711052,0.3281599446
0,176,0.8999696197,0.4522609821,0.6071711052,0.3281599446
0,176,0.8999696197,0.4522609821,0.6071711052,0.3281599446
0,176,0.8999696197,0.4522609821,0.6071711052,0.3281599446
0,176,0.8342595696499999,0.3860778937,0.5629982173,0.2772184908
