6,52,0.9728671526,0.3185290943,0.008730799700000014,0.03400701510000004,-1,-1,-1,-1
7,52,0.9753196023,0.310942914,0.008730799700000014,0.03400701509999998,-1,-1,-1,-1
8,52,0.9806168986,0.30728062,0.008730799700000014,0.03400701519999999,-1,-1,-1,-1
9,52,0.9804599398,0.3037491305,0.008730799800000022,0.03400701519999999,-1,-1,-1,-1
10,52,0.9803029811,0.300217641,0.008730799700000014,0.034007015200000046,-1,-1,-1,-1
11,52,0.9801460224,0.2966861514,0.008730799600000005,0.03400701519999999,-1,-1,-1,-1
12,52,0.9799890636,0.2931546619,0.008730799699999903,0.03400701519999999,-1,-1,-1,-1
13,52,0.9798321048,0.2896231724,0.008730799799999911,0.03400701519999999,-1,-1,-1,-1
14,52,0.9818921577,0.283214199,0.008730799699999903,0.03400701519999999,-1,-1,-1,-1
15,52,0.9812054324,0.2829526066,0.008730799700000014,0.03400701510000004,-1,-1,-1,-1
16,52,0.9808130355,0.278897883,0.008730799700000014,0.03400701519999999,-1,-1,-1,-1
17,52,0.979145318,0.2759549477,0.009123319600000013,0.033810841400000013,-1,-1,-1,-1
18,52,0.9774776005,0.2730120124,0.00951583960000002,0.03361466759999998,-1,-1,-1,-1
19,52,0.9765947383,0.2703960882,0.00951583960000002,0.03361466750000003,-1,-1,-1,-1
20,52,0.9749269593,0.265949017,0.00951583960000002,0.03361466749999997,-1,-1,-1,-1
21,52,0.9731971646,0.2620091348,0.007458862899999974,0.03665329040000004,-1,-1,-1,-1
22,52,0.9691123734,0.2581967267,0.008774604500000005,0.036450021,-1,-1,-1,-1
23,52,0.9662530073,0.2547473816,0.008774604399999997,0.036450021,-1,-1,-1,-1
24,52,0.960398062,0.2513888433,0.010680971600000033,0.03599615119999999,-1,-1,-1,-1
25,52,0.9566536188,0.2482118365,0.009047030499999997,0.03581453769999998,-1,-1,-1,-1
26,52,0.9503221124,0.2474856284,0.008366211500000054,0.03445301020000002,-1,-1,-1,-1
27,52,0.9428333491,0.2435824135,0.01068084859999996,0.03626848949999997,-1,-1,-1,-1
28,52,0.9375231328,0.2411316149,0.011633970700000051,0.03635921419999999,-1,-1,-1,-1
29,52,0.9324170516,0.2392254108,0.01047659050000005,0.0356330061,-1,-1,-1,-1
30,52,0.9243153911,0.2383176711,0.00972784959999995,0.03327293220000002,-1,-1,-1,-1
31,52,0.9162818987,0.236048404,0.009251288600000018,0.03281889830000001,-1,-1,-1,-1
32,52,0.9057044096,0.2351558399,0.009251288600000018,0.03281889830000001,-1,-1,-1,-1
33,52,0.8992107273,0.2353343363,0.009251288600000018,0.03281889830000001,-1,-1,-1,-1
34,52,0.8884919187,0.2337866973,0.009251288600000018,0.03281889830000001,-1,-1,-1,-1
35,52,0.8777731102,0.2322390584,0.009251288599999907,0.03281889829999998,-1,-1,-1,-1
36,52,0.8670543016,0.2306914194,0.009251288600000018,0.03281889830000001,-1,-1,-1,-1
37,52,0.856335493,0.2291437804,0.009251288600000018,0.03281889830000001,-1,-1,-1,-1
38,52,0.8456166845,0.2275961415,0.009251288599999907,0.03281889830000004,-1,-1,-1,-1
39,52,0.8348978759,0.2260485025,0.009251288600000018,0.03281889829999998,-1,-1,-1,-1
40,52,0.8225056897,0.2262616974,0.010097236699999956,0.032215406500000016,-1,-1,-1,-1
41,52,0.8113927001,0.2258353075,0.010656854399999971,0.031789016600000025,-1,-1,-1,-1
42,52,0.7996744423,0.2259266065,0.011895814599999999,0.032457147699999994,-1,-1,-1,-1
43,52,0.7888470447,0.2258352255,0.012992163399999979,0.03218308680000001,-1,-1,-1,-1
44,52,0.7793901446,0.2245560558,0.010593608300000001,0.03282267160000002,-1,-1,-1,-1
45,52,0.7678089612,0.2250128786,0.00888030179999999,0.032639909800000005,-1,-1,-1,-1
46,52,0.7564332662,0.2251956406,0.006961507000000089,0.0326399097,-1,-1,-1,-1
47,52,0.7448518366,0.2251042596,0.0071672416000000405,0.032091623799999996,-1,-1,-1,-1
48,52,0.7345726135,0.2250128786,0.007167241499999921,0.032091623799999996,-1,-1,-1,-1
49,52,0.7226486211,0.2257438445,0.010182631299999967,0.0318176449,-1,-1,-1,-1
50,52,0.710450603,0.2266575723,0.011484591600000038,0.031908943899999986,-1,-1,-1,-1
51,52,0.6995545453,0.2267489533,0.011073491499999921,0.03154341989999998,-1,-1,-1,-1
52,52,0.6883844618,0.2273885382,0.007030290300000019,0.032000324800000035,-1,-1,-1,-1
53,52,0.6775569412,0.2275713001,0.007510050499999976,0.03090383509999997,-1,-1,-1,-1
54,52,0.6663181976,0.2277540621,0.007784322200000027,0.03227438580000003,-1,-1,-1,-1
55,52,0.651173327,0.2280492046,0.013403755500000059,0.030608692599999987,-1,-1,-1,-1
56,52,0.6417164269,0.2281405036,0.01312960689999998,0.03207062420000001,-1,-1,-1,-1
57,52,0.6304092691,0.2283231835,0.014500104300000038,0.0317965633,-1,-1,-1,-1
58,52,0.6206780972,0.2281404216,0.01258155559999996,0.0317965633,-1,-1,-1,-1
59,52,0.6108099741,0.2277751437,0.011690695299999998,0.03207046020000001,-1,-1,-1,-1
60,52,0.6002566022,0.2281406677,0.009977511899999958,0.03161363720000002,-1,-1,-1,-1
61,52,0.5894977418,0.2281406677,0.008949454299999937,0.032801425999999995,-1,-1,-1,-1
62,52,0.5810002392,0.2275924638,0.008949454300000048,0.032801425999999995,-1,-1,-1,-1
63,52,0.5674316006,0.2293284564,0.010183000499999983,0.032344603100000036,-1,-1,-1,-1
64,52,0.5558911457,0.2288715515,0.01212948089999999,0.031979161199999995,-1,-1,-1,-1
65,52,0.5447894764,0.2296938163,0.013568638600000016,0.03143103929999999,-1,-1,-1,-1
66,52,0.5349214763,0.2298764962,0.009868123200000078,0.031431121399999984,-1,-1,-1,-1
67,52,0.5241624929,0.2297851152,0.01117020649999989,0.031522502399999985,-1,-1,-1,-1
68,52,0.514774007,0.2305160811,0.01048495770000002,0.03216200520000001,-1,-1,-1,-1
69,52,0.5012739056,0.230790142,0.009251534600000055,0.0319793253,-1,-1,-1,-1
70,52,0.4896925991,0.2318865498,0.009594220499999973,0.031979407299999985,-1,-1,-1,-1
71,52,0.4779742182,0.2326175156,0.01233533849999996,0.03170526439999999,-1,-1,-1,-1
72,52,0.4687229297,0.2332571005,0.012335338500000015,0.03170526430000001,-1,-1,-1,-1
73,52,0.4563878372,0.2339880663,0.014185596300000047,0.030882917500000023,-1,-1,-1,-1
74,52,0.4467939859,0.2337140874,0.012129603899999952,0.03143103940000003,-1,-1,-1,-1
75,52,0.4376112345,0.2339881484,0.010416420599999976,0.03197924319999998,-1,-1,-1,-1
76,52,0.4290451947,0.2338967674,0.006921393599999992,0.031705182299999995,-1,-1,-1,-1
77,52,0.420547692,0.2338967674,0.0064417565000000065,0.03143103929999999,-1,-1,-1,-1
78,52,0.4113648176,0.2333484815,0.008223599999999998,0.031522502300000005,-1,-1,-1,-1
79,52,0.4025932893,0.2333484815,0.008908725700000009,0.031522502300000005,-1,-1,-1,-1
80,52,0.3931363892,0.2339750236,0.011801806799999981,0.030620258700000014,-1,-1,-1,-1
81,52,0.3853828287,0.2342882947,0.01144940019999996,0.030620258700000014,-1,-1,-1,-1
82,52,0.3743987924,0.2335834143,0.011449400100000007,0.03062025870000004,-1,-1,-1,-1
83,52,0.366527722,0.2338966853,0.010098467100000008,0.030306987700000038,-1,-1,-1,-1
84,52,0.3577169417,0.2329568721,0.007102887999999974,0.031168462600000002,-1,-1,-1,-1
85,52,0.3472615152,0.2320953972,0.008277617700000017,0.03140347739999999,-1,-1,-1,-1
86,52,0.3391556712,0.23233033,0.008336187999999967,0.030776935199999994,-1,-1,-1,-1
87,52,0.327525392,0.2321736534,0.011978133099999955,0.02999379860000001,-1,-1,-1,-1
88,52,0.3188319985,0.2318603823,0.01244804960000001,0.030620340700000026,-1,-1,-1,-1
89,52,0.3123119842,0.2309205691,0.01074470999999999,0.029915542300000014,-1,-1,-1,-1
90,52,0.3039711204,0.2299807559,0.01144952309999997,0.029993880500000014,-1,-1,-1,-1
91,52,0.2958148271,0.2296355753,0.007905277399999966,0.030108229799999997,-1,-1,-1,-1
92,52,0.2850045331,0.228340984,0.007905277399999966,0.030280820100000022,-1,-1,-1,-1
93,52,0.2754242168,0.2284272791,0.010106096100000017,0.030194525000000028,-1,-1,-1,-1
94,52,0.2675916602,0.2272189009,0.010429709599999948,0.030971345499999997,-1,-1,-1,-1
95,52,0.258917462,0.227119481,0.010429709700000012,0.029689878899999966,-1,-1,-1,-1
96,52,0.2510849054,0.2275510388,0.010429709600000003,0.029689878900000022,-1,-1,-1,-1
97,52,0.2404041799,0.2274647437,0.0110122141,0.028999353600000027,-1,-1,-1,-1
98,52,0.2310180318,0.2281552689,0.0118537326,0.027963647799999963,-1,-1,-1,-1
99,52,0.2228047677,0.2285868267,0.008415184200000009,0.029603419699999994,-1,-1,-1,-1
100,52,0.211929751,0.2307445335,0.008415184200000009,0.031156978500000015,-1,-1,-1,-1
101,52,0.2061685675,0.2306581564,0.008415184199999981,0.031156978400000007,-1,-1,-1,-1
102,52,0.1921216452,0.229363483,0.0093214254,0.028913140500000017,-1,-1,-1,-1
