1,190,0.3710376406,0.4359017351,0.012790858500000002,0.046993778900000005,-1,-1,-1,-1
2,190,0.3782477025,0.4320870301,0.01064036610000002,0.046993778900000005,-1,-1,-1,-1
3,190,0.3846566054,0.428119586,0.012128127299999958,0.04577399859999998,-1,-1,-1,-1
4,190,0.3897413995,0.4243163652,0.009930877100000013,0.04610113269999999,-1,-1,-1,-1
5,190,0.3930898775,0.4211746312,0.011663132699999967,0.04610113269999999,-1,-1,-1,-1
6,190,0.3986707971,0.4178675255,0.010551157000000033,0.04610113259999998,-1,-1,-1,-1
7,190,0.4052723916,0.414707909,0.011637661999999993,0.04610113260000004,-1,-1,-1,-1
8,190,0.4114397532,0.4108705638,0.010938878200000002,0.04610113270000005,-1,-1,-1,-1
9,190,0.4176475973,0.4071457633,0.011172544399999984,0.04697999789999996,-1,-1,-1,-1
10,190,0.4256002479,0.4039805688,0.011031778599999986,0.04530774230000001,-1,-1,-1,-1
11,190,0.431884135,0.4006570572,0.011750988299999987,0.04562437650000001,-1,-1,-1,-1
12,190,0.4405489816,0.3974920267,0.01530544690000002,0.043840068499999996,-1,-1,-1,-1
13,190,0.4530121659,0.4000241167,0.017280228200000025,0.03826353160000001,-1,-1,-1,-1
14,190,0.4659501886,0.3963841348,0.016024041400000022,0.043092122499999996,-1,-1,-1,-1
15,190,0.4799563823,0.3944849853,0.012581801599999998,0.043092122499999996,-1,-1,-1,-1
16,190,0.4899268806,0.3943268322,0.016156316899999967,0.04440213540000004,-1,-1,-1,-1
17,190,0.50051569,0.3936937277,0.01386272090000007,0.04372506300000001,-1,-1,-1,-1
18,190,0.512742501,0.3932189403,0.015501953000000013,0.04376328880000002,-1,-1,-1,-1
19,190,0.5252083924,0.3927705665,0.010811893600000011,0.0432502756,-1,-1,-1,-1
20,190,0.5347684059,0.3921732268,0.013889299000000022,0.0461190152,-1,-1,-1,-1
21,190,0.5460388956,0.390461433,0.012554362200000058,0.045112183699999975,-1,-1,-1,-1
22,190,0.5551112739,0.3901981179,0.007911675799999962,0.04511218370000003,-1,-1,-1,-1
23,190,0.5643939394,0.3894081728,0.00909674149999995,0.0435321293,-1,-1,-1,-1
24,190,0.5747628638,0.3886182276,0.010676788000000048,0.044190335000000025,-1,-1,-1,-1
25,190,0.5838166619,0.3885714708,0.013507361199999957,0.0449369684,-1,-1,-1,-1
26,190,0.5905632058,0.3894083368,0.016315170599999984,0.04462542000000003,-1,-1,-1,-1
27,190,0.5953033453,0.3888817067,0.013111149800000055,0.04591574580000002,-1,-1,-1,-1
28,190,0.5963896042,0.3888817067,0.011714566400000015,0.04612246040000001,-1,-1,-1,-1
29,190,0.5952045386,0.3887832712,0.012651815400000044,0.0461319758,-1,-1,-1,-1
30,190,0.5901682249,0.3895400764,0.01731554270000002,0.04567096939999998,-1,-1,-1,-1
31,190,0.5967813858,0.3908568157,0.015815107700000053,0.04435423009999995,-1,-1,-1,-1
32,190,0.6027096672,0.3898173365,0.010745817300000016,0.045910659899999984,-1,-1,-1,-1
33,190,0.6022158796,0.3905933366,0.016009398799999963,0.04503130249999998,-1,-1,-1,-1
34,190,0.6068687787,0.3905933366,0.012170455599999963,0.04513465979999998,-1,-1,-1,-1
35,190,0.606769972,0.3905933366,0.012191742700000008,0.0453415385,-1,-1,-1,-1
36,190,0.6047949446,0.3905933366,0.013825314599999916,0.04537533469999999,-1,-1,-1,-1
37,190,0.6002713678,0.3911199667,0.018348891399999956,0.04537533460000004,-1,-1,-1,-1
38,190,0.6017337814,0.390954759,0.017227933300000053,0.045186830700000014,-1,-1,-1,-1
39,190,0.6070663922,0.390644523,0.013291290700000014,0.045850778300000006,-1,-1,-1,-1
40,190,0.6070663922,0.3904120511,0.01212800429999994,0.045212588,-1,-1,-1,-1
41,190,0.5999611664,0.3902309298,0.018923028700000066,0.04549706659999997,-1,-1,-1,-1
42,190,0.6055850294,0.3904120511,0.014152250500000019,0.045293305100000014,-1,-1,-1,-1
43,190,0.6055850294,0.3908233476,0.01328809139999998,0.04486543860000003,-1,-1,-1,-1
44,190,0.6053898769,0.390644523,0.01718400539999998,0.044770120299999994,-1,-1,-1,-1
45,190,0.6139118659,0.3900463631,0.01565243939999994,0.0453682802,-1,-1,-1,-1
46,190,0.6238476649,0.3907316385,0.010004336100000066,0.04577957660000004,-1,-1,-1,-1
47,190,0.6313878619,0.390868792,0.014932860599999986,0.04577957659999998,-1,-1,-1,-1
48,190,0.6444288749,0.3914562881,0.011444970400000032,0.04577957659999998,-1,-1,-1,-1
49,190,0.6533923565,0.3915737545,0.013143388199999939,0.04558697100000003,-1,-1,-1,-1
50,190,0.6580867225,0.3931009817,0.011885478700000007,0.0462919336,-1,-1,-1,-1
51,190,0.6593202687,0.3942758098,0.013119147899999906,0.04476470630000001,-1,-1,-1,-1
52,190,0.6613468528,0.3956855707,0.010953274599999951,0.045811896200000035,-1,-1,-1,-1
53,190,0.660088082,0.3950980746,0.011205890099999949,0.04640956399999996,-1,-1,-1,-1
54,190,0.6595845736,0.3950980746,0.011758740300000015,0.04640956399999996,-1,-1,-1,-1
55,190,0.65968498,0.3950980746,0.01165833390000004,0.046760978799999964,-1,-1,-1,-1
56,190,0.6603758889,0.3952157051,0.01088104600000006,0.0466433483,-1,-1,-1,-1
57,190,0.65398532,0.3952157051,0.017235439100000027,0.04698016190000004,-1,-1,-1,-1
58,190,0.6600152381,0.3952157051,0.011278610900000041,0.046409564000000014,-1,-1,-1,-1
59,190,0.6600835292,0.3952157051,0.01138849190000002,0.04693767060000004,-1,-1,-1,-1
60,190,0.6587894439,0.3952157051,0.012504405099999949,0.046409564000000014,-1,-1,-1,-1
61,190,0.6585033597,0.3947491206,0.01279048930000004,0.04687614849999999,-1,-1,-1,-1
62,190,0.6593985266,0.3963939784,0.011983547100000047,0.045936089099999966,-1,-1,-1,-1
63,190,0.6593985266,0.3954540831,0.011983547100000047,0.045936089099999966,-1,-1,-1,-1
64,190,0.6580797089,0.3952191503,0.013302364800000022,0.0461710219,-1,-1,-1,-1
65,190,0.6563144766,0.3952191503,0.015067597100000052,0.0461710219,-1,-1,-1,-1
66,190,0.6601033398,0.3954540831,0.011278733900000004,0.045936089099999966,-1,-1,-1,-1
67,190,0.6605439711,0.3954540831,0.010948475800000024,0.04636297119999999,-1,-1,-1,-1
68,190,0.6549554225,0.3949842175,0.0163155398,0.04722657889999998,-1,-1,-1,-1
69,190,0.6597509332,0.3952191503,0.011631140500000026,0.0461710219,-1,-1,-1,-1
70,190,0.6590901708,0.3952191503,0.012203801299999983,0.047228383600000035,-1,-1,-1,-1
71,190,0.6599818924,0.3952191503,0.0118867091999999,0.04703610620000004,-1,-1,-1,-1
72,190,0.6596628315,0.3952191503,0.011631140599999923,0.047228383600000035,-1,-1,-1,-1
73,190,0.6583410607,0.3952191503,0.012952911399999989,0.047228383600000035,-1,-1,-1,-1
74,190,0.6591781494,0.3955128163,0.0121158227,0.04693471760000001,-1,-1,-1,-1
75,190,0.6600152381,0.3958064823,0.011278734000000012,0.04664105160000004,-1,-1,-1,-1
76,190,0.6596102905,0.3958064823,0.011683681599999995,0.04605355550000001,-1,-1,-1,-1
77,190,0.6584956077,0.3956890159,0.012798364399999929,0.0461710219,-1,-1,-1,-1
78,190,0.6574552453,0.3959239487,0.013838726799999979,0.04593608910000002,-1,-1,-1,-1
79,190,0.6574600442,0.3959239487,0.013217216299999945,0.04593608910000002,-1,-1,-1,-1
80,190,0.658252959,0.3958064823,0.012424301499999957,0.04605355550000001,-1,-1,-1,-1
81,190,0.6585699281,0.3954540831,0.012107332399999948,0.046405954699999974,-1,-1,-1,-1
82,190,0.6568432096,0.3954540831,0.013834050900000006,0.046405954699999974,-1,-1,-1,-1
83,190,0.6587677877,0.3951016839,0.011909349800000024,0.04722838359999998,-1,-1,-1,-1
84,190,0.6592223233,0.3947492847,0.012776462000000044,0.047110753100000013,-1,-1,-1,-1
85,190,0.6588258658,0.3949255664,0.012908614599999924,0.04693447140000001,-1,-1,-1,-1
86,190,0.6584294084,0.395101848,0.013040767000000009,0.046758189800000016,-1,-1,-1,-1
87,190,0.6573718195,0.395101848,0.014502073099999957,0.046758189800000016,-1,-1,-1,-1
88,190,0.6566538402,0.3953366167,0.015344945100000063,0.04593608910000002,-1,-1,-1,-1
89,190,0.6569357409,0.3953366167,0.010657346600000062,0.04593608910000002,-1,-1,-1,-1
90,190,0.6565834574,0.3962763479,0.009511656000000035,0.04570115629999999,-1,-1,-1,-1
91,190,0.6533185283,0.3959239487,0.011983547199999944,0.04605355550000001,-1,-1,-1,-1
92,190,0.6549046041,0.3952191503,0.009868861499999992,0.04605355550000001,-1,-1,-1,-1
93,190,0.650851313,0.3952191503,0.014274559199999981,0.0461710219,-1,-1,-1,-1
94,190,0.6554333371,0.3953366167,0.00969253510000001,0.04605355550000001,-1,-1,-1,-1
95,190,0.6561382733,0.3952191503,0.008987598900000004,0.0461710219,-1,-1,-1,-1
96,190,0.6551690321,0.3952191503,0.009956840099999975,0.0461710219,-1,-1,-1,-1
97,190,0.6508759224,0.3952191503,0.014726756900000026,0.0461710219,-1,-1,-1,-1
98,190,0.6543759942,0.3954540831,0.0114380798,0.045936089099999966,-1,-1,-1,-1
99,190,0.6558738453,0.3954540831,0.010196781699999935,0.04581862269999998,-1,-1,-1,-1
100,190,0.6554333371,0.3952191503,0.010221514100000051,0.04649044520000001,-1,-1,-1,-1
101,190,0.6552662393,0.3959239487,0.010828874099999997,0.045348757100000026,-1,-1,-1,-1
102,190,0.6533185283,0.3956890159,0.012317250599999996,0.0455836899,-1,-1,-1,-1
103,190,0.6533185283,0.3956890159,0.011983670200000018,0.0455836899,-1,-1,-1,-1
104,190,0.6533185283,0.3954540831,0.011983670200000018,0.04581862269999998,-1,-1,-1,-1
105,190,0.6533185283,0.3954540831,0.011983670200000018,0.04581862269999998,-1,-1,-1,-1
106,190,0.6543759942,0.3939266918,0.015508105399999916,0.04617118589999997,-1,-1,-1,-1
107,190,0.6603677678,0.3933393598,0.010573674600000027,0.04617118589999997,-1,-1,-1,-1
108,190,0.6598391579,0.393104427,0.010573674600000027,0.0457956544,-1,-1,-1,-1
109,190,0.6545521975,0.393104427,0.018063545399999992,0.04464395870000004,-1,-1,-1,-1
110,190,0.6586054887,0.3958064823,0.014979618499999958,0.04299926500000001,-1,-1,-1,-1
111,190,0.658781692,0.4019157195,0.020531622099999924,0.03824515700000003,-1,-1,-1,-1
112,190,0.682308278,0.408964852,0.01110240759999992,0.037477031699999996,-1,-1,-1,-1
113,190,0.6918246098,0.4119835416,0.01110240759999992,0.0359857334,-1,-1,-1,-1
114,190,0.6895335977,0.4059102334,0.014362660900000046,0.0407667471,-1,-1,-1,-1
115,190,0.6883000516,0.3981563025,0.013194206500000027,0.044526164199999996,-1,-1,-1,-1
116,190,0.6801054907,0.3963941424,0.019208866800000002,0.045710015500000034,-1,-1,-1,-1
117,190,0.6719989083,0.3948669152,0.013128991700000037,0.046758189800000016,-1,-1,-1,-1
118,190,0.6608083991,0.3953367808,0.012335953699999958,0.045348428900000015,-1,-1,-1,-1
119,190,0.6560191638,0.393691759,0.013994750399999978,0.04578630300000003,-1,-1,-1,-1
120,190,0.6588072858,0.3919295989,0.010548080799999915,0.04534875709999997,-1,-1,-1,-1
121,190,0.653142325,0.3912248005,0.016565571300000026,0.046405790599999996,-1,-1,-1,-1
122,190,0.6550809305,0.4015633203,0.011454814199999941,0.03853455739999995,-1,-1,-1,-1
123,190,0.6500128707,0.4035604132,0.014496289899999959,0.03653746449999995,-1,-1,-1,-1
124,190,0.6469072875,0.4026848291,0.016896936899999937,0.03764798140000003,-1,-1,-1,-1
125,190,0.6493732724,0.4066325861,0.014430951999999997,0.03370022439999998,-1,-1,-1,-1
126,190,0.6490890339,0.4079073262,0.01471519050000003,0.03242548430000003,-1,-1,-1,-1
127,190,0.6490009322,0.4046177748,0.015948736699999966,0.03559756930000002,-1,-1,-1,-1
128,190,0.6610156102,0.3973337096,0.009485324000000017,0.0438213657,-1,-1,-1,-1
129,190,0.6712936029,0.3973337096,0.013746195399999994,0.0445889988,-1,-1,-1,-1
130,190,0.6833656209,0.3978037392,0.010864926800000063,0.04503934139999999,-1,-1,-1,-1
131,190,0.6941154988,0.3992495931,0.012600381699999996,0.04472516799999998,-1,-1,-1,-1
132,190,0.7045113705,0.4076316247,0.014496474500000023,0.03307417450000005,-1,-1,-1,-1
133,190,0.7120908195,0.4160136563,0.019208989899999973,0.021423180900000005,-1,-1,-1,-1
