29,108,0.4591678381,0.9910215311,0.017244175400000006,0.06533002160000001,-1,-1,-1,-1
30,108,0.4647299315,0.9791913849,0.01724417549999996,0.06533002149999989,-1,-1,-1,-1
31,108,0.468702873,0.9673612387,0.01942506039999997,0.0653300215,-1,-1,-1,-1
32,108,0.4758541184,0.9553545648,0.01942506049999998,0.0653300215,-1,-1,-1,-1
33,108,0.4845945158,0.9442584195,0.019425060500000035,0.07168731629999991,-1,-1,-1,-1
34,108,0.4932023916,0.9315453066,0.019425060500000035,0.0716873161999999,-1,-1,-1,-1
35,108,0.5030022237,0.9195386327,0.019425060399999916,0.06515415000000002,-1,-1,-1,-1
36,108,0.5100210706,0.9084147614,0.019425060400000027,0.06515415000000002,-1,-1,-1,-1
37,108,0.5185615166,0.8982931279,0.020326010599999944,0.06515414999999991,-1,-1,-1,-1
38,108,0.5294741857,0.8869062697,0.020326010599999944,0.06515415000000002,-1,-1,-1,-1
39,108,0.5370656933,0.8752031053,0.020326010600000055,0.06647777980000003,-1,-1,-1,-1
40,108,0.5458432509,0.8644488595,0.01771642979999999,0.0629984119,-1,-1,-1,-1
41,108,0.5508251778,0.8527456951,0.0177164298000001,0.0633147181,-1,-1,-1,-1
42,108,0.5539092277,0.8429403678,0.018902479900000047,0.06331471799999999,-1,-1,-1,-1
43,108,0.5558071046,0.8334511825,0.021037591399999944,0.0633147181,-1,-1,-1,-1
44,108,0.5579422161,0.8207990996,0.01795354139999994,0.0633147181,-1,-1,-1,-1
45,108,0.5583040974,0.8113100785,0.02186176010000007,0.0633147181,-1,-1,-1,-1
46,108,0.5622123161,0.801188445,0.01795354140000005,0.058056292000000065,-1,-1,-1,-1
47,108,0.5664957052,0.7957172341,0.016913055899999918,0.05524825440000003,-1,-1,-1,-1
48,108,0.565471708,0.7873913928,0.01811547130000002,0.050966472900000004,-1,-1,-1,-1
49,108,0.5689920827,0.7754974276,0.015665605499999957,0.04930127170000009,-1,-1,-1,-1
50,108,0.5679215738,0.767647358,0.015665605500000068,0.0493012718000001,-1,-1,-1,-1
51,108,0.5679215738,0.7633655764,0.015665605500000068,0.04930127179999999,-1,-1,-1,-1
52,108,0.5671255828,0.7557245183,0.015665605499999957,0.04930127179999999,-1,-1,-1,-1
53,108,0.5672848056,0.7478711676,0.015665605499999957,0.04930127179999999,-1,-1,-1,-1
54,108,0.5641008414,0.7400178168,0.015665605599999965,0.04930127179999999,-1,-1,-1,-1
55,108,0.5598025637,0.7374706334,0.015665605499999957,0.04930127179999999,-1,-1,-1,-1
56,108,0.5589153949,0.7161777155,0.015665605500000068,0.04930127179999999,-1,-1,-1,-1
57,108,0.5566972266,0.7065170884,0.015665605500000068,0.04930127179999999,-1,-1,-1,-1
58,108,0.5535920126,0.6994193944,0.015665605499999957,0.04930127179999999,-1,-1,-1,-1
59,108,0.5479729484,0.6960678286,0.015665605499999957,0.04930127179999999,-1,-1,-1,-1
60,108,0.5447198318,0.6842385027,0.015665605499999957,0.04930127179999999,-1,-1,-1,-1
61,108,0.5354040667,0.6808867729,0.015665605500000068,0.04930127179999999,-1,-1,-1,-1
62,108,0.529045613,0.6787180741,0.015665605500000068,0.04930127179999999,-1,-1,-1,-1
63,108,0.5260881784,0.6708319115,0.015665605499999957,0.04930127179999999,-1,-1,-1,-1
64,108,0.5125170789,0.6644988975,0.015665605500000068,0.04930127179999999,-1,-1,-1,-1
