1,145,0.6296474851,0.3560874173,0.007972338099999976,0.042654412600000025,-1,-1,-1,-1
2,145,0.6297320184,0.3555235458,0.006862207999999925,0.04271741130000001,-1,-1,-1,-1
3,145,0.6294781724,0.3558618359,0.007962002099999976,0.04271741130000001,-1,-1,-1,-1
4,145,0.6295627057,0.3558618359,0.007454556300000026,0.04271741130000001,-1,-1,-1,-1
5,145,0.6295627057,0.3558618359,0.007454556300000026,0.04271741130000001,-1,-1,-1,-1
6,145,0.6298164286,0.3557227957,0.007454556300000026,0.042856451500000003,-1,-1,-1,-1
7,145,0.6288859472,0.3557227957,0.00804665849999997,0.04251816140000003,-1,-1,-1,-1
8,145,0.625248801,0.3574145744,0.010499600399999975,0.04184141699999999,-1,-1,-1,-1
9,145,0.620268966,0.3579784459,0.010235049299999965,0.041390254199999976,-1,-1,-1,-1
10,145,0.6140940985,0.3578657372,0.013703128900000028,0.04172854440000001,-1,-1,-1,-1
11,145,0.6176467114,0.3580913186,0.009304690899999968,0.0425179973,-1,-1,-1,-1
12,145,0.6135865296,0.35797861,0.011588566299999936,0.042856287400000026,-1,-1,-1,-1
13,145,0.6183234699,0.35797861,0.0068516259999999996,0.04263070590000001,-1,-1,-1,-1
14,145,0.6163779738,0.35797861,0.013449405999999997,0.041164508700000046,-1,-1,-1,-1
15,145,0.62001512,0.3589933983,0.0123498581,0.04071367400000003,-1,-1,-1,-1
16,145,0.62331401,0.3584295267,0.009135501400000079,0.04161583569999999,-1,-1,-1,-1
17,145,0.62331401,0.3586551081,0.009135501400000079,0.041390254299999985,-1,-1,-1,-1
18,145,0.6234752016,0.3586551081,0.00913550129999996,0.041390254299999985,-1,-1,-1,-1
19,145,0.6227317516,0.358258577,0.009473511499999976,0.0416374095,-1,-1,-1,-1
20,145,0.6215421333,0.358258577,0.01081177050000004,0.0416374095,-1,-1,-1,-1
21,145,0.6180478446,0.3578648349,0.00880425880000002,0.04302239740000002,-1,-1,-1,-1
22,145,0.6158916921,0.3593517856,0.010068197499999987,0.042328508900000006,-1,-1,-1,-1
23,145,0.6082337391,0.3601447659,0.012298670499999997,0.04163462039999999,-1,-1,-1,-1
24,145,0.6074159687,0.3601447659,0.011406456799999964,0.04133734509999998,-1,-1,-1,-1
25,145,0.6055573438,0.36004551,0.008804135799999946,0.04252693860000001,-1,-1,-1,-1
26,145,0.6062264734,0.3601447659,0.008209326599999955,0.04252677440000002,-1,-1,-1,-1
27,145,0.606523878,0.3602438576,0.007911922000000016,0.04252677450000003,-1,-1,-1,-1
28,145,0.6066292062,0.3606404708,0.007806593799999928,0.042130161300000024,-1,-1,-1,-1
29,145,0.6073727792,0.3599465003,0.006914379999999998,0.042625948299999994,-1,-1,-1,-1
30,145,0.6049192221,0.3598472445,0.009367937099999946,0.04242776469999998,-1,-1,-1,-1
31,145,0.6061088405,0.3599463362,0.008401279899999947,0.042725204100000025,-1,-1,-1,-1
32,145,0.607149695,0.3602437756,0.007509189199999988,0.04282429590000003,-1,-1,-1,-1
33,145,0.6059600767,0.3601446018,0.009070532500000006,0.04203131560000001,-1,-1,-1,-1
34,145,0.6029707729,0.3486933504,0.017538011700000022,0.04432617589999999,-1,-1,-1,-1
35,145,0.6070314469,0.3612584819,0.010398455699999976,0.038054766200000034,-1,-1,-1,-1
36,145,0.6080275123,0.3677963238,0.013692916100000008,0.03805484819999999,-1,-1,-1,-1
37,145,0.626492437,0.3725487092,0.010015287400000017,0.035754163800000016,-1,-1,-1,-1
38,145,0.6427137228,0.3738766045,0.021912701599999918,0.038308237700000025,-1,-1,-1,-1
39,145,0.6726712371,0.3705055157,0.020916759200000024,0.042292251800000014,-1,-1,-1,-1
40,145,0.7023990227,0.3687691129,0.0096537753,0.040555356900000006,-1,-1,-1,-1
41,145,0.7171357464,0.3627745531,0.0096537753,0.040555356900000006,-1,-1,-1,-1
42,145,0.7220480287,0.3575571418,0.009710745999999992,0.038216036499999995,-1,-1,-1,-1
43,145,0.7213819753,0.3528947429,0.009710745999999992,0.038216036399999986,-1,-1,-1,-1
44,145,0.7176649716,0.3509998589,0.00958499200000007,0.03651753139999997,-1,-1,-1,-1
45,145,0.7194619499,0.3476055557,0.009584991999999959,0.03651753139999997,-1,-1,-1,-1
46,145,0.7188720626,0.3448528061,0.009355632399999925,0.03575982379999998,-1,-1,-1,-1
47,145,0.7137597059,0.355995052,0.012894956299999927,0.02972982730000001,-1,-1,-1,-1
48,145,0.7038298132,0.3591411336,0.013484843599999907,0.029729909300000024,-1,-1,-1,-1
49,145,0.6795457499,0.3635981304,0.022529905299999986,0.039692241299999986,-1,-1,-1,-1
50,145,0.6540819119,0.3634670471,0.012698327100000073,0.0404787412,-1,-1,-1,-1
51,145,0.64287393,0.3698902936,0.009060688699999986,0.039298827300000005,-1,-1,-1,-1
52,145,0.6377615733,0.372747549,0.009060688799999994,0.04168490450000001,-1,-1,-1,-1
53,145,0.6361884174,0.3770732984,0.011321923500000053,0.042995901800000014,-1,-1,-1,-1
54,145,0.6450368501,0.3765489651,0.012894956300000038,0.041947235299999996,-1,-1,-1,-1
55,145,0.6498542631,0.3747137987,0.010043957299999962,0.043520235100000026,-1,-1,-1,-1
56,145,0.6498542631,0.3713056325,0.010535530099999968,0.043126985100000015,-1,-1,-1,-1
57,145,0.6431234693,0.3693114927,0.015043848999999998,0.041624858900000006,-1,-1,-1,-1
58,145,0.6364996033,0.3693114927,0.01237286780000002,0.039630554999999956,-1,-1,-1,-1
59,145,0.6311576409,0.3684567441,0.01162511129999999,0.04304938520000001,-1,-1,-1,-1
60,145,0.6352174536,0.3664624403,0.011625111199999982,0.04304938509999995,-1,-1,-1,-1
61,145,0.6412003678,0.3630436102,0.014937044199999971,0.0419099939,-1,-1,-1,-1
62,145,0.6471832819,0.359909751,0.011838720900000044,0.0419099939,-1,-1,-1,-1
63,145,0.6509023775,0.3570916238,0.012927194500000017,0.0413094551,-1,-1,-1,-1
64,145,0.6503682304,0.3543851389,0.011751972699999946,0.041167051600000004,-1,-1,-1,-1
65,145,0.6440647788,0.3545277063,0.011751972699999946,0.04116705169999996,-1,-1,-1,-1
66,145,0.6400049662,0.3545275423,0.011751972699999946,0.042021964199999984,-1,-1,-1,-1
67,145,0.6374409128,0.3545275423,0.007478427399999932,0.042021964199999984,-1,-1,-1,-1
68,145,0.6379750599,0.3536728758,0.0070512081999999365,0.043161273499999986,-1,-1,-1,-1
69,145,0.6335947098,0.3536728758,0.011538363100000004,0.043161273499999986,-1,-1,-1,-1
70,145,0.6353042017,0.3532455835,0.009828871199999978,0.04244901039999999,-1,-1,-1,-1
71,145,0.6283597983,0.3535304724,0.01452963559999998,0.040882162799999955,-1,-1,-1,-1
72,145,0.626329892,0.352390835,0.008760330999999955,0.0427339813,-1,-1,-1,-1
73,145,0.6195990981,0.3509663088,0.011645291000000002,0.04145202249999996,-1,-1,-1,-1
74,145,0.6160734325,0.3503965311,0.016452983199999993,0.04173682940000001,-1,-1,-1,-1
75,145,0.6201332451,0.3491952895,0.014850419199999965,0.04122857390000001,-1,-1,-1,-1
76,145,0.6276117956,0.3471203506,0.010149654699999955,0.04031205699999996,-1,-1,-1,-1
77,145,0.6327400253,0.3465505729,0.013141050300000012,0.040597192000000004,-1,-1,-1,-1
78,145,0.6409664554,0.3461231986,0.014743614400000049,0.0411669697,-1,-1,-1,-1
79,145,0.6503681074,0.3466929763,0.010897411300000104,0.04102448419999999,-1,-1,-1,-1
80,145,0.6568851686,0.3464080875,0.01463668649999994,0.041451858399999986,-1,-1,-1,-1
81,145,0.6660730879,0.3466929763,0.012713708100000054,0.040597192000000004,-1,-1,-1,-1
82,145,0.6677824568,0.3484023913,0.011645413999999965,0.039884928900000005,-1,-1,-1,-1
83,145,0.6682097991,0.3484023913,0.010897534299999956,0.039884928900000005,-1,-1,-1,-1
84,145,0.6682676312,0.3468091302,0.0113893531,0.04116967660000004,-1,-1,-1,-1
85,145,0.6694246421,0.3450351579,0.010984405500000016,0.04149508810000002,-1,-1,-1,-1
86,145,0.6702201409,0.3437978233,0.009904791199999985,0.04126524109999996,-1,-1,-1,-1
87,145,0.6701538186,0.3421185951,0.008777926699999994,0.04223753810000003,-1,-1,-1,-1
88,145,0.6717446932,0.3423837148,0.007054530500000045,0.04197241839999999,-1,-1,-1,-1
89,145,0.6695572867,0.3422952869,0.009308136299999936,0.040558392,-1,-1,-1,-1
90,145,0.6711481614,0.3425604066,0.007584739999999979,0.04153044280000001,-1,-1,-1,-1
91,145,0.6681652561,0.3422952869,0.010567645299999984,0.04064665579999999,-1,-1,-1,-1
92,145,0.665740738,0.3428815525,0.010274424300000029,0.04076740339999996,-1,-1,-1,-1
93,145,0.6622275001,0.3425521216,0.009081237600000014,0.04056659490000003,-1,-1,-1,-1
94,145,0.653875439,0.3429055872,0.013721216899999944,0.040920142500000034,-1,-1,-1,-1
95,145,0.6498318686,0.3434359086,0.009280081500000037,0.040478249099999974,-1,-1,-1,-1
96,145,0.6413129558,0.3448381228,0.009452839499999977,0.04010796730000005,-1,-1,-1,-1
97,145,0.6356337216,0.3452588526,0.00955804469999999,0.04080907449999999,-1,-1,-1,-1
98,145,0.6296389949,0.3442805675,0.009452839499999977,0.04178735959999996,-1,-1,-1,-1
99,145,0.624052292,0.3442805675,0.009255102999999987,0.040805793300000004,-1,-1,-1,-1
100,145,0.6190040428,0.3436278579,0.008413830700000013,0.04159869150000001,-1,-1,-1,-1
101,145,0.6124834133,0.3458230523,0.011568878700000007,0.04108617050000002,-1,-1,-1,-1
102,145,0.6079610669,0.3480667262,0.012199863800000044,0.04108617040000001,-1,-1,-1,-1
103,145,0.6012963493,0.3503986639,0.013197036700000053,0.0422229368,-1,-1,-1,-1
104,145,0.600897431,0.3529252579,0.009129964200000007,0.04191737649999999,-1,-1,-1,-1
105,145,0.5948134952,0.3558507619,0.011124679099999923,0.040587512500000034,-1,-1,-1,-1
106,145,0.5916734589,0.3583098455,0.011600624800000015,0.041976109699999986,-1,-1,-1,-1
107,145,0.5846744226,0.361084251,0.011600624800000015,0.041976109699999986,-1,-1,-1,-1
108,145,0.578242879,0.3619494993,0.012640987299999962,0.041489181900000005,-1,-1,-1,-1
109,145,0.5687846254,0.3622016583,0.013681472700000086,0.03997606380000002,-1,-1,-1,-1
110,145,0.5611233502,0.36333662,0.010309492699999923,0.03757997889999998,-1,-1,-1,-1
111,145,0.5541243139,0.359931735,0.010687862199999953,0.04048038180000002,-1,-1,-1,-1
112,145,0.5494097682,0.3567886884,0.00970324010000001,0.04008663969999998,-1,-1,-1,-1
113,145,0.5503747027,0.3531267226,0.009332130400000027,0.03820619289999999,-1,-1,-1,-1
114,145,0.5557192491,0.3507514733,0.011262122599999924,0.039393817499999984,-1,-1,-1,-1
115,145,0.5633441024,0.3466937146,0.01098600510000003,0.03909678830000002,-1,-1,-1,-1
116,145,0.5714350578,0.3439225083,0.011728470699999938,0.04018556740000001,-1,-1,-1,-1
117,145,0.578857991,0.3410523743,0.009130456399999987,0.03969068269999998,-1,-1,-1,-1
118,145,0.5873203022,0.337987502,0.008684903200000038,0.0403803056,-1,-1,-1,-1
119,145,0.5947433584,0.3345234736,0.01024366259999998,0.04057816110000001,-1,-1,-1,-1
120,145,0.6008302473,0.331851277,0.009872552899999998,0.040380223699999995,-1,-1,-1,-1
121,145,0.6054324511,0.3286841958,0.010614895400000046,0.040281213999999954,-1,-1,-1,-1
122,145,0.6067686185,0.3259129896,0.012025137000000075,0.040083358400000046,-1,-1,-1,-1
123,145,0.6085500929,0.3229438458,0.009575640500000038,0.03998434879999996,-1,-1,-1,-1
124,145,0.6089955231,0.3202715672,0.009575640399999918,0.03978649340000001,-1,-1,-1,-1
125,145,0.6066202238,0.3175969098,0.009575517399999955,0.03988788190000003,-1,-1,-1,-1
126,145,0.6041706042,0.3152240393,0.010688969599999987,0.039489546099999995,-1,-1,-1,-1
127,145,0.6050613414,0.3133435925,0.01165402729999998,0.039489546099999995,-1,-1,-1,-1
128,145,0.6059520786,0.3122548955,0.012025260100000046,0.0394895462,-1,-1,-1,-1
129,145,0.6041706042,0.3121558858,0.01247056709999994,0.03929169070000005,-1,-1,-1,-1
130,145,0.6037994944,0.312056876,0.012470567199999949,0.0392916908,-1,-1,-1,-1
131,145,0.6023149324,0.3119578663,0.010466254599999947,0.0395886379,-1,-1,-1,-1
132,145,0.5983807507,0.3104735405,0.010540452000000089,0.03889556980000003,-1,-1,-1,-1
133,145,0.5956342187,0.3091869061,0.00994662710000005,0.039687401600000005,-1,-1,-1,-1
