0,176,0.0667218594,0.89603872085,0.0537087842,0.6267933313
0,176,0.07247068279999999,0.8524589195500001,0.058719381,0.5986478239
0,176,0.00561540355,0.8894246607,0.0120773705,0.6223840758
0,176,0.11498532784999999,0.8953720535499999,0.0866520339,0.6244976507
0,176,0.16387688355,0.8812407306000001,0.1210428085,0.6173221926
0,176,0.1108786958,0.8335912071,0.0825319282,0.585164617
0,176,0.054156736799999994,0.89231997785,0.0472446332,0.6227906145
0,176,0.09066053595,0.91570424065,0.0692063075,0.6385384949
0,176,-0.0005212271,0.82688848565,0.0065066022,0.5772315335
0,176,1.35951566025,0.6882244035,0.9150210361,0.4900591598
0,176,1.37880114325,0.6860839292500001,0.9278640665,0.4891453335
0,176,1.19973991555,0.9719869704499999,0.8134997569,0.6810198249
0,176,1.14752430665,1.0660955218,0.7713605897,0.732757048
0,176,1.1020431831000002,1.14138402,0.744507059,0.7989124514
0,176,0.88053416175,1.37953951855,0.5981932271,0.9619041369
0,176,0.8549326957500001,1.3791987676,0.5849945909,0.96396833
0,176,1.0225494575,1.3853332101,0.6944632624,0.965653858
0,176,0.972847465,1.4684997072,0.6603066134,1.0177524926
0,176,0.95858785605,1.48029456015,0.6476478767,1.0147626227
0,176,0.7785861379000001,1.3790789809,0.53020287,0.9652546012
0,176,0.8065770800000001,1.37475776655,0.54862399,0.9633037261
0,176,0.4921061044,0.3593371023,0.335301224,0.2601555938
0,176,0.46293867485,0.36892939874999997,0.3182941601,0.2657283573
0,176,0.47799378265000003,0.3660825612,0.3248076529,0.2631903612
0,176,1.3048436828,0.54760900095,0.874598693,0.3931380591
0,176,1.3027296623,0.5416712876,0.8738160172,0.389764575
0,176,0.96363512085,1.4043704556,0.6521366619,0.9767779098
0,176,0.9358077961,1.40764770245,0.6361599936,0.9829258649
0,176,0.88412184315,1.25394997175,0.5993958885,0.8777032037
0,176,0.9132173517,1.2553426705000001,0.6176492954,0.880130624
0,176,0.65585957185,0.34849176265000004,0.4457662973,0.2522242329
0,176,0.373947579,0.3609546032,0.255060923,0.2637146124
0,176,0.3818422129,0.35617149765,0.261514615,0.2572409177
0,176,0.6939982965,0.5525580933500001,0.4679589308,0.3934732321
0,176,0.40373535,0.45762108385,0.2755651056,0.3294008065
0,176,0.40673339015,0.4448373845,0.2776576429,0.3233982898
0,176,0.66639528655,0.49086251670000003,0.4500651903,0.3531866042
0,176,0.65268883535,0.49499258455,0.4419662369,0.3566183129
0,176,0.36710468934999996,0.449010928,0.2508699423,0.311408596
0,176,0.1739064663,0.58559264755,0.1217545124,0.4134554809
0,176,0.1386433896,0.5526788409,0.0991942144,0.3883278428
0,176,0.0993370105,0.566372946,0.0746209906,0.399370997
0,176,0.97164209665,1.30452073375,0.6610247157,0.9074543587
0,176,0.9344824569,1.3341276807,0.6357536924,0.9270656696
0,176,1.02474038315,0.36126754615,0.6902074031,0.2618436811
0,176,0.99982681135,0.3554148155,0.6729325889,0.2579969846
0,176,1.002820914,0.35030843135,0.6739526486,0.2573700323
0,176,0.9494493401,0.28581129745,0.638642959,0.2078281677
0,176,1.323083703,0.62009791055,0.8909642406,0.4413466965
0,176,0.8567950736000001,0.36992290035,0.576012283,0.2660678779
0,176,0.65606666,0.34838368865,0.44579952,0.2522868215
0,176,0.8523031813999999,0.6210373955999999,0.5763618596,0.4426745918
0,176,0.80093407435,0.618686427,0.5418657567,0.4390725076
0,176,0.8482890192,0.41298450795,0.5719164176,0.2985573453
0,176,0.29819023395,1.00247708405,0.2095078477,0.7041217931
0,176,0.33859742745,0.9822140666500001,0.2357050697,0.6856719793
0,176,0.8490690755999999,1.1883522876000001,0.5759404236,0.8274329982
0,176,0.8749050692,1.18139962205,0.5923121958,0.8225368149
0,176,0.80823045375,1.4323537904,0.5494416373,0.998930662
0,176,0.41825981765,0.941201176,0.2874787621,0.6586918574
0,176,0.4320987905,0.893464701,0.2967378026,0.6219785214
0,176,1.3928645784,0.47703777955,0.9344897782,0.3436682985
0,176,1.37413977845,0.4783789227,0.9225047545,0.34260298
0,176,1.2554791597000001,0.9481344826,0.844742251,0.6598963802
0,176,0.7317592669499999,0.54853491005,0.4960090937,0.3923403211
0,176,1.1029504701500001,0.37937312155,0.7422443477,0.2779674211
0,176,0.7120661485499999,0.662103879,0.4819734917,0.4696022876
0,176,0.9026548128,0.68418198435,0.6088001244,0.4840782169
0,176,0.7401642997,0.53234353675,0.501395476,0.3798317081
0,176,0.7430870351,0.42356526115,0.5004120844,0.3039169959
0,176,0.4457110492,0.613441864,0.3051713208,0.4365185978
0,176,0.324315711,0.6683339458499999,0.2241411812,0.4748290503
0,176,0.3462481001,0.6077631181500001,0.2385541682,0.4325660831
0,176,0.2854866312,0.6600474787,0.1979971394,0.4673128412
0,176,0.40412276345,0.45667823555000003,0.2747390911,0.3263627579
0,176,0.38603263995000003,0.4622109686,0.2649455345,0.3320324804
0,176,0.51499918295,0.50988354255,0.3496510879,0.3628815197
0,176,0.5517803301499999,0.51110270765,0.3766799607,0.3667023769
0,176,0.36857190175,0.50262654705,0.2518946777,0.3610619389
0,176,0.5699969459500001,0.40324849555,0.3854396765,0.2893864349
0,176,0.5121292348500001,0.42134927224999996,0.3478632151,0.3021495039
0,176,0.42737630825000006,0.4545335715,0.2911845685,0.3246475188
0,176,0.4983913451,0.43688449085000003,0.3428068448,0.3144612459
0,176,0.6901589882,0.4513028435,0.465137012,0.3274660288
0,176,0.73101698585,0.4363454743,0.4937089761,0.3121663856
0,176,0.51513318115,0.49745010964999997,0.3490619389,0.3547314679
0,176,0.545102631,0.4982901748,0.3692103926,0.3571818564
0,176,0.4303272829,0.51927970625,0.2928367206,0.3691115045
0,176,0.9877319682,0.6159142364,0.6651258722,0.4413901722
0,176,0.96105451775,0.6116045647999999,0.6481197927,0.4381749396
0,176,0.48414428685,0.56292023775,0.3299197635,0.4012806463
0,176,0.3411965287,0.6189453125,0.2340361286,0.439774353
0,176,0.37548991165,0.6694722707,0.2568058525,0.4749463526
0,176,0.21879411229999998,0.7169035955,0.1543980196,0.5024617086
0,176,0.36919901084999995,0.6242273631,0.2543562329,0.4439677066
0,176,0.199083952,0.6919610163,0.138716418,0.4836313196
0,176,0.27531538175,0.6636854099,0.1900407975,0.4682606114
0,176,0.3744567475,0.67652320785,0.2585163288,0.4785054533
0,176,0.26104697485,0.7034997933,0.1787573877,0.4917243608
0,176,1.03110209755,0.39289418505,0.6964693879,0.2882699299
0,176,0.9598686522,0.39282651064999996,0.6470949342,0.2875096795
0,176,0.5340391063500001,0.49546191694999997,0.3615142951,0.3544816877
0,176,0.7348745708,0.6583232984,0.4971546612,0.4672280226
0,176,0.72682469825,0.72649391475,0.4908182033,0.5051365301
0,176,0.8838705811500001,0.66618673875,0.5965281551,0.4732849249
0,176,0.76278944345,0.66693542305,0.5158781077,0.4714269543
0,176,0.66751443855,0.6798324756,0.4514010149,0.4792022558
0,176,0.76499056965,0.68221548845,0.5175516699,0.4800684455
0,176,0.9779953823,0.5110629233,0.6595021322,0.3664722018
0,176,0.9464784933499999,0.57024654815,0.6399561165,0.4096284715
0,176,1.0144004363,0.5879423857,0.6855034394,0.4207274058
0,176,0.8845015661,0.5851870932,0.5980401566,0.4181547932
0,176,0.9666958534500001,0.53731116785,0.6507657953,0.3849460901
0,176,0.95155891935,0.53079358725,0.6427900119,0.3804923745
0,176,0.99394264235,0.53454340675,0.6699576817,0.3859273283
0,176,0.8280310536,0.58164932015,0.5580497592,0.4166105037
0,176,0.84521456685,0.55116769145,0.5714239835,0.3938495839
0,176,0.8436287372,0.55124890085,0.568573969,0.3938538495
0,176,0.8428243789000001,0.5562650935,0.568623926,0.3988258282
0,176,0.9259089112500001,0.39721136245,0.6279136299,0.2896190709
0,176,0.82893471075,0.45759503955,0.5596941593,0.3280177053
0,176,1.00012735365,0.39039109250000004,0.6727712743,0.2840415496
0,176,0.9854997111000001,0.42615001405,0.6639405604,0.3078129101
0,176,1.1498607846,0.37004007964999996,0.77278289,0.2701886353
0,176,1.1050950563,0.4107192602,0.746434098,0.2989615872
0,176,1.0177206134,0.39683915305,0.6852359352,0.2899727005
0,176,0.8364080317,0.48462145795,0.5673418994,0.3505078453
0,176,0.7957971698499999,0.48941653985,0.5386186695,0.3518863529
0,176,0.8254078146999999,0.48231630295000005,0.5578678958,0.3490792997
0,176,0.8024505671000001,0.5248340540499999,0.5435902604,0.3769595233
0,176,0.93828104085,0.46586579795,0.6339114327,0.3339719885
0,176,0.69777300935,0.4178765487,0.4717495167,0.3006144018
0,176,0.86670853955,0.38445136960000004,0.5829409365,0.2781935768
0,176,0.7495255308,0.38888199385,0.5067097528,0.2792127947
0,176,0.8123493289,0.38152619369999996,0.5483113276,0.2766200848
0,176,0.8364080317,0.48462145795,0.5673418994,0.3505078453
0,176,0.8254078146999999,0.48231630295000005,0.5578678958,0.3490792997
0,176,0.8365785749000001,0.3938945772,0.563960814,0.2828184882
0,176,0.7401642997,0.53234353675,0.501395476,0.3798317081
0,176,0.8845015661,0.5851870932,0.5980401566,0.4181547932
0,176,0.8254078146999999,0.48231630295000005,0.5578678958,0.3490792997
0,176,0.8254078146999999,0.48231630295000005,0.5578678958,0.3490792997
0,176,0.8365785749000001,0.3938945772,0.563960814,0.2828184882
0,176,1.20492603895,0.80798681295,0.8123939335,0.5702030725
0,176,0.37067385215000004,0.321805685,0.2514350971,0.2272889542
0,176,0.81417134735,0.28998414375000003,0.5476046687,0.2081484113
0,176,0.7401642997,0.53234353675,0.501395476,0.3798317081
0,176,0.8845015661,0.5851870932,0.5980401566,0.4181547932
0,176,0.8254078146999999,0.48231630295000005,0.5578678958,0.3490792997
0,176,0.8254078146999999,0.48231630295000005,0.5578678958,0.3490792997
0,176,0.8365785749000001,0.3938945772,0.563960814,0.2828184882
0,176,0.7401642997,0.53234353675,0.501395476,0.3798317081
0,176,0.8845015661,0.5851870932,0.5980401566,0.4181547932
0,176,0.8254078146999999,0.48231630295000005,0.5578678958,0.3490792997
0,176,0.8254078146999999,0.48231630295000005,0.5578678958,0.3490792997
0,176,0.8254078146999999,0.48231630295000005,0.5578678958,0.3490792997
0,176,0.8254078146999999,0.48231630295000005,0.5578678958,0.3490792997
0,176,0.8365785749000001,0.3938945772,0.563960814,0.2828184882
