0,64,1.03565204385,0.70726518885,0.6987542555,0.5175559259
0,64,1.0700149355,0.7414878380000001,0.7179041822,0.5171243502
0,64,1.0704148475,0.7240952709999999,0.7242279782,0.5144361754
0,64,1.0308049758,0.62065068295,0.6941220952,0.4444812107
0,64,1.04601265085,0.60040181595,0.7022819741,0.4258571185
0,64,1.0711232713499999,0.5791259814999999,0.7187583759,0.4101670884
0,64,1.0614667533,0.5190559290500001,0.7114472536,0.3646458389
0,64,1.05539849545,0.5196131906,0.7079038119,0.364474645
0,64,1.06693900065,0.5152754302,0.7147999603,0.3619641932
0,64,1.0704069124,0.51947314075,0.7171434458,0.3637072107
0,64,1.0548101259,0.5884420103,0.708767557,0.4182598188
0,64,1.05366578845,0.60157131435,0.7070954651,0.4096593829
0,64,1.0725284369,0.58776807315,0.72000991,0.4191373343
0,64,1.067987897,0.5195464629,0.7148793108,0.3619068674
0,64,1.06234732375,0.5343854858,0.7106815211,0.3627462528
0,64,1.061334282,0.51180082115,0.7100802204,0.3560977667
0,64,1.06774279205,0.5105296642,0.7145269357,0.3564123404
0,64,1.0725284369,0.58776807315,0.72000991,0.4191373343
0,64,1.067987897,0.5195464629,0.7148793108,0.3619068674
0,64,1.06234732375,0.5343854858,0.7106815211,0.3627462528
0,64,1.0725284369,0.58776807315,0.72000991,0.4191373343
0,64,1.067987897,0.5195464629,0.7148793108,0.3619068674
0,64,1.061334282,0.51180082115,0.7100802204,0.3560977667
0,64,1.06774279205,0.5105296642,0.7145269357,0.3564123404
0,64,1.0725284369,0.58776807315,0.72000991,0.4191373343
0,64,1.061334282,0.51180082115,0.7100802204,0.3560977667
0,64,1.06774279205,0.5105296642,0.7145269357,0.3564123404
0,64,1.061334282,0.51180082115,0.7100802204,0.3560977667
0,64,1.06774279205,0.5105296642,0.7145269357,0.3564123404
0,64,1.0627047684,0.5719166428,0.7121984386,0.4012391512
0,64,1.0742376325,0.56089553075,0.7188624132,0.3846349117
0,64,1.07098874275,0.56832098365,0.7181428215,0.4027164329
0,64,1.04965983605,0.49715936985,0.7021814635,0.3453406275
0,64,1.1158691792,0.5727671277999999,0.7484880786,0.4092702466
0,64,1.1239704269000002,0.571302839,0.7569638902,0.406355772
0,64,1.04320680155,0.73814955735,0.7045256837,0.5339001753
0,64,1.0605911056,0.7499278531,0.7119406964,0.5319779984
0,64,1.05712627955,0.74022268785,0.7213695959,0.5247447631
0,64,1.0096402805,0.58620761025,0.6798871988,0.4065384571
0,64,1.0115792253,0.58144989595,0.6799615532,0.4018412679
0,64,1.0102681783,0.5758614147000001,0.679157174,0.3984070742
0,64,1.0001902209,0.5570701767499999,0.6703642542,0.3918403329
0,64,1.10316222125,0.5257613492,0.7402235745,0.3648200362
0,64,1.05661689335,0.4910430082,0.7068209711,0.3383006546
0,64,1.0556829817,0.49130443474999996,0.7064852008,0.3419742063
0,64,1.0533217893,0.49437808959999996,0.7047898916,0.3421421356
0,64,1.0533435372,0.49239395119999996,0.704767262,0.3410539902
0,64,1.05698704885,0.49728205235,0.7063472191,0.3401534921
0,64,1.09329549785,0.5231384004,0.7319589235,0.3639066104
0,64,1.03727850915,0.55865192455,0.6958069713,0.3945527961
0,64,1.0379467434,0.57668330205,0.6941445778,0.3895470401
0,64,1.05463687725,0.5112210342,0.7066873977,0.3581708972
0,64,1.04832858405,0.5144500171,0.7020640541,0.3579856004
0,64,1.0695654295,0.4698098089,0.7150175864,0.3235177822
0,64,1.07341341565,0.4708023678,0.7172157429,0.3229695962
0,64,1.06490116155,0.46032807065000003,0.7111595345,0.3143934487
0,64,1.0386890382,0.60165168795,0.6972217618,0.4286713057
0,64,0.1971547179,0.6770930182,0.1427293318,0.4777167202
0,64,0.21656462775000002,0.68335954995,0.1499373719,0.4750679813
0,64,1.072414995,0.46150638340000005,0.7165246586,0.3153225444
0,64,1.07434850285,0.46755125105000006,0.7173466713,0.3160902399
0,64,1.07013036115,0.45157361259999995,0.7149695353,0.3081778442
0,64,1.07396019955,0.45463962840000005,0.7173009713,0.3094840626
0,64,1.0572798375499999,0.4814330377,0.7066491919,0.3322465808
0,64,1.0598585091500001,0.48265933955000007,0.7086213463,0.3327474959
0,64,1.0826047779499999,0.5215257044,0.7264425925,0.3576237558
0,64,1.0827301959,0.52522746195,0.7245780022,0.3664422647
0,64,1.0271937187,0.52442222395,0.6869363174,0.3621308167
0,64,1.03541913535,0.5193732449999999,0.6936755281,0.3592151668
0,64,1.0312253867,0.5117970996,0.690730595,0.359496703
0,64,1.0388163664499999,0.52104555195,0.6945621967,0.3556443837
0,64,1.0385741196,0.526361246,0.6946308202,0.3530498366
0,64,1.02941252105,0.5162117732,0.6888975979,0.3564816798
0,64,1.03662577765,0.5141467388500001,0.6946225913,0.3530037409
0,64,1.03662577765,0.5141467388500001,0.6946225913,0.3530037409
0,64,1.030307933,0.516293975,0.6898831608,0.3561592712
0,64,1.05172497355,0.4555191502,0.7024779771,0.3111724412
0,64,1.0515897776,0.45596398785000003,0.7023103572,0.3113049007
0,64,1.0548619977,0.45443161015,0.7046880584,0.3104676113
0,64,1.0593410409,0.45706755204999994,0.7073160302,0.3103670627
0,64,1.06790582795,0.43455203095,0.7128087029,0.2941271489
0,64,1.0575275675,0.43576590390000003,0.7059478214,0.2948053482
0,64,1.02737313905,0.5106429447,0.6877645017,0.3497780878
0,64,1.03013071675,0.50754434845,0.6900277551,0.3481601685
0,64,1.042120581,0.49362952439999996,0.69767068,0.3392396746
0,64,1.0475479365,0.49430450625,0.7017982298,0.3391830017
0,64,1.0424840505000001,0.49222230029999997,0.6973913368,0.3364965244
0,64,1.042120581,0.49362952439999996,0.69767068,0.3392396746
0,64,1.0475479365,0.49430450625,0.7017982298,0.3391830017
0,64,1.0424840505000001,0.49222230029999997,0.6973913368,0.3364965244
0,64,1.04837016965,0.49327205435,0.7018621511,0.3382800225
0,64,1.04837016965,0.49327205435,0.7018621511,0.3382800225
0,64,1.0645801593000002,0.49143103465000004,0.712235028,0.3392540387
0,64,1.0613027622,0.50097937,0.7105373676,0.3485256694
0,64,1.0770813937,0.48926989145,0.7203696324,0.3398189393
0,64,1.0727057265,0.49063265209999996,0.7177141818,0.3394217068
0,64,1.0831290792000001,0.48900559210000005,0.725359017,0.3393313436
0,64,1.10882078985,0.49652817485,0.7414746641,0.3435861465
0,64,1.0762266856,0.6494506257,0.7269200182,0.4645832376
0,64,1.08295979805,0.47889934219999997,0.7242533997,0.3317480162
0,64,1.0827756755,0.47253226175,0.723299724,0.3207503437
0,64,1.075348099,0.4811238832,0.7188015778,0.3313514366
0,64,1.0630623601,0.47419346915,0.7103796952,0.3245013309
0,64,1.06287360875,0.47984071260000005,0.7100354021,0.32265894
0,64,1.0897795349000001,0.48928693245,0.7291507966,0.3383134517
0,64,1.0920693118,0.49707769045,0.7295647418,0.3362023217
0,64,1.0218045691,0.5358924098,0.6852192602,0.375878952
0,64,1.0963340351,0.49014629695,0.7330380906,0.3358237625
0,64,1.066501691,0.47531223619999996,0.7131186108,0.3269676458
0,64,1.0593234075,0.47547774975,0.7084225292,0.3274702585
0,64,1.06409377005,0.4758942432,0.7117083757,0.3278370652
0,64,0.85844961125,0.6212171505999999,0.5783740725,0.4405621636
0,64,0.8740380953,0.62168313485,0.5881546124,0.4432818089
0,64,0.2440267056,1.0497230733,0.181191119,0.7768915422
0,64,0.24725711685,1.0534670743499999,0.1849168465,0.7906728455
0,64,0.71527444705,0.6811035384999999,0.4837049289,0.4792438846
0,64,0.7157939726,0.69216819985,0.484275518,0.5036479575
0,64,0.7437999319999999,0.70268983325,0.5049070952,0.5091137563
0,64,0.7402083657,0.69511199035,0.4999504794,0.4982226393
0,64,0.78191007875,0.6789986764,0.5296527033,0.4939443592
0,64,0.7952241417500001,0.6870609811,0.5366759595,0.496155385
0,64,0.81462005495,0.6654662637,0.5523553293,0.4738359338
0,64,0.8712526269,0.544802913,0.5857057886,0.3866257656
0,64,0.8882148099,0.54825005095,0.5969611982,0.3884218329
0,64,0.9516420268,0.5112714391,0.6383479338,0.359165676
0,64,0.8704172133,0.65470566405,0.5873202564,0.4710839041
0,64,0.7758260977,0.5476039778,0.5220197706,0.3776010762
0,64,0.821225031,0.5239941087,0.5516616,0.3621045696
0,64,0.65570130585,0.5150853671,0.4401826355,0.359006104
0,64,0.59739755255,0.59790879685,0.4029200699,0.4040397577
0,64,0.60909345265,0.5764048345,0.4099859403,0.4090502148
0,64,0.6605876082,0.5572768238,0.4443636734,0.3934630838
0,64,0.6630548218500001,0.5052978695,0.4454263827,0.351854744
0,64,0.39102865905,0.6839030350499999,0.2726657427,0.4887013345
0,64,0.64002928325,0.5060789498,0.4304184065,0.35221241
0,64,0.3328855906,0.6915166577,0.2334202956,0.4966906434
0,64,0.7720590785499999,0.47833235225,0.5168868203,0.3319629553
0,64,1.0671363483,0.45961182474999995,0.7126733662,0.3108128719
0,64,1.0675768906999998,0.46137521305,0.713430429,0.3155914141
0,64,1.0685174148,0.46140433299999994,0.7141820548,0.316044536
0,64,1.0621972925,0.4597727026,0.7095124234,0.3132505892
0,64,1.07713297155,0.46435432614999994,0.7201518593,0.3177363651
0,64,1.07205769725,0.4452716929,0.7155693665,0.3019568858
0,64,1.0702412315,0.44476908025,0.714466835,0.3018897663
0,64,0.7543697893000001,0.49771193045,0.504716507,0.3407967423
0,64,0.75750962045,0.4969071657,0.5068347085,0.342086997
0,64,1.0498240476,0.4776652706,0.7018054302,0.3260359384
0,64,1.0541914857,0.47732144649999997,0.7055785476,0.3260027704
0,64,1.05027575775,0.4700269026,0.7018060179,0.3229660704
0,64,1.0630175417999999,0.44836793865,0.7099273972,0.3049174561
0,64,1.0649397347,0.44877783765,0.7111781966,0.3050710213
0,64,1.06862262765,0.4444515684,0.7135102203,0.3016339548
0,64,1.064397947,0.4443886929,0.7106430214,0.302765976
0,64,1.0648489225,0.44228330855,0.7104710952,0.2972723631
0,64,1.05813256185,0.44504310795,0.7065754253,0.3017977055
0,64,1.05983294075,0.4419755904,0.7075268969,0.2995211272
0,64,1.06664973855,0.4456759769,0.7127317035,0.3031430988
0,64,1.0730514155000002,0.44258332214999996,0.7164902734,0.3003764437
0,64,1.06313487765,0.43437254505,0.7096116115,0.2938266781
0,64,1.06487867895,0.43517608544999997,0.7106684429,0.2942457179
0,64,1.073831108,0.4355658748,0.7167168632,0.2951012956
0,64,1.0596026773,0.43582893359999997,0.7072294794,0.2949520396
0,64,1.06040154595,0.43491008865,0.7079840441,0.2930148457
0,64,1.0714279837,0.43808511765,0.7150392504,0.2958324995
0,64,1.06426576965,0.43864984575,0.7101032909,0.2970219055
0,64,1.06804634455,0.44557595055,0.7129976013,0.3027019905
0,64,1.060161878,0.4415579871,0.7078976402,0.299143221
0,64,1.06297213565,0.4411497856,0.7096158729,0.2994673272
0,64,1.0666049202,0.45075211695000006,0.7118791262,0.3038289189
0,64,1.0654928372999999,0.45309163615000003,0.7117859628,0.3097863615
0,64,1.0588505371,0.45166201699999997,0.7070156738,0.3069796176
0,64,1.06051513485,0.44448747865,0.7082791105,0.3023524207
0,64,1.06024788155,0.44141186504999996,0.7078605389,0.2990915103
0,64,1.0553774332,0.4581505375,0.7049571644,0.3132899804
0,64,1.04045245345,0.4846859762,0.6957099697,0.334100067
0,64,1.0951474509499999,0.47111348105,0.7323497983,0.3254009149
0,64,0.91114733205,0.59928065805,0.6142385259,0.4328288569
0,64,1.3580913582999998,0.87335361365,0.9219589058,0.6464278327
0,64,1.3263667981,0.8704503039,0.8943853332,0.635688061
0,64,1.30601779685,0.8896707019,0.8827293289,0.6396244756
0,64,1.34058075475,0.86658603625,0.9003646891,0.6083272047
0,64,1.2276807546500002,0.7917067337500001,0.8273408993,0.5694706335
0,64,1.21608191205,0.7743586302000001,0.8209934451,0.5513931604
0,64,0.9249858344,0.8911539904000001,0.636799423,0.641036466
0,64,0.2501793101,0.89794455035,0.1823346482,0.6643688469
0,64,0.2464797756,0.8491411708500001,0.1773473942,0.5961345701
0,64,0.26299026864999997,0.8603011576,0.1910403559,0.602165139
0,64,0.23989041249999998,0.8685622090499999,0.17962424,0.6324997545
0,64,0.23989041249999998,0.8685622090499999,0.17962424,0.6324997545
0,64,0.3108421618,0.8568529916500001,0.2253478492,0.6028112621
0,64,0.37364200395,0.8997968003,0.2598404937,0.6589325598
0,64,0.12082803589999999,0.8062313135999999,0.0969026404,0.591932681
0,64,0.18061167649999998,0.77502055375,0.131688588,0.5646107383
0,64,0.144127444,0.81900974205,0.1072009426,0.5836328465
0,64,0.27959388845,0.7535167218500001,0.1979587665,0.5559251625
0,64,0.74947856415,0.52304862485,0.5037810525,0.3656633391
0,64,1.01448198505,0.85756969465,0.6889061207,0.6366158509
0,64,1.3220346267999998,0.817227615,0.9000511076,0.5989673
0,64,1.21745467615,0.84921645175,0.8284694401,0.6396477193
0,64,1.156828671,0.89647595245,0.7940245528,0.6679213485
0,64,1.2244465595,0.7428095958500001,0.8298258932,0.5442683087
0,64,0.5814776331,0.60973416765,0.3935496546,0.4357555461
0,64,0.8542191995499999,0.59808978445,0.5758977483,0.4191330251
0,64,0.51638933655,0.80663507525,0.3548815561,0.5976477621
0,64,1.09542113675,0.5926049859,0.7358989709,0.4197004068
0,64,0.385403662,0.7477791152,0.2677958246,0.5300114234
0,64,0.42535966365,0.69685539955,0.2954652057,0.5060455859
0,64,0.4035280566,0.73645596545,0.2746952058,0.5182601583
0,64,0.4338337118,0.7205333023,0.2972776304,0.5121908064
0,64,0.4832132495,0.5880890454000001,0.3274105514,0.4082151386
0,64,0.4918138178,0.5862236066500001,0.3318944438,0.4066819675
0,64,0.458707089,0.565901548,0.3099979604,0.4014106062
0,64,0.47942198435000005,0.5674733063,0.3232536125,0.401990785
0,64,0.66303255955,0.5424492268000001,0.4480733105,0.3759476384
0,64,0.6657374573,0.54106119835,0.4485031258,0.3743120905
0,64,0.7291220687,0.49446492705,0.4883985124,0.3408616419
0,64,0.73552132115,0.49254020379999996,0.4927250263,0.3408852774
0,64,0.69239952755,0.56939104335,0.4662320903,0.4028886715
0,64,0.6829630602500001,0.58011377405,0.4596708305,0.4025900289
0,64,0.6656339343,0.5682923208,0.449385533,0.4043282148
0,64,0.55825820015,0.6034262412,0.3770318143,0.4297991482
0,64,0.6863708714,0.5329296196,0.4613595272,0.3658763194
0,64,0.63532761775,0.53906596045,0.4278771325,0.3785148937
0,64,0.7316036829,0.49522087015,0.4906197394,0.3427757227
0,64,0.715292007,0.4961352753,0.4797751676,0.3436549358
0,64,0.664655939,0.6161455809,0.4478262952,0.4275717996
0,64,0.65510698505,0.61625180985,0.4425447831,0.4280018083
0,64,0.6406303635,0.61508962415,0.4336428298,0.4298103783
0,64,0.5555979003,0.66104989255,0.376994784,0.4606882177
0,64,0.54754705485,0.66189580705,0.3708307177,0.4615061875
0,64,0.8213294028,0.5213031758,0.5509595252,0.3640928438
0,64,0.6859598651,0.50352605855,0.4591988418,0.3392930829
0,64,0.6824031983,0.4977173496,0.4576015452,0.3455566112
0,64,0.54322526485,0.5683318505,0.3670733667,0.3943730406
0,64,0.5159537168999999,0.80080024975,0.3589582628,0.5758605659
0,64,0.52914140675,0.7918056858,0.3643304403,0.5703443622
0,64,0.55204005785,0.8038578103,0.3866564451,0.5835734966
0,64,0.587447658,0.78863196895,0.4068460106,0.5719061309
0,64,0.60116192675,0.81025117055,0.4151578311,0.5956192909
0,64,0.32044306100000003,0.60569465805,0.2221437044,0.4233905425
0,64,0.27768521445,0.63122468,0.1905555095,0.4284212398
0,64,0.26748066345,0.6214499794999999,0.1847086983,0.4445767972
0,64,0.1881965947,0.6450309899,0.1306835548,0.458501872
0,64,0.18665300655,0.6463048891500001,0.1315656681,0.4610496705
0,64,0.18894377545000002,0.6010379495,0.1319952631,0.4240512908
0,64,0.24291568805000002,0.6266328058,0.1703557313,0.4479199748
0,64,0.39606785825,0.5800927502,0.2682758953,0.4087242804
0,64,0.161339482,0.60328769295,0.1132305722,0.4270827675
0,64,0.5679055129999999,0.65586474195,0.3861240478,0.4545297823
0,64,0.40996845375,0.59127088795,0.2793567553,0.4238559391
0,64,0.22383111535,0.6063236095,0.1536138727,0.4275868166
0,64,0.17200754480000002,0.6131179564,0.1195114418,0.4340804316
0,64,0.61381400065,0.5257130989500001,0.4130716471,0.3710254553
0,64,1.0820802563,0.59185655125,0.727152192,0.4198003025
0,64,1.03044878015,1.44641461775,0.7155999311,1.1262410577
0,64,0.8450076324,0.73975049165,0.5726875788,0.5116787917
0,64,0.8970390204500001,0.8704576818,0.6084266143,0.62962341
0,64,0.91707584435,0.87198105195,0.6255445797,0.6288619825
0,64,0.82530599915,0.7723522926999999,0.5601382933,0.5430937176
0,64,0.2512770291,0.64695186095,0.176432659,0.4630659975
0,64,0.98498923185,0.7864057303,0.6670548965,0.5742175748
0,64,1.3171963020000002,0.8917256813500001,0.8948145608,0.6664955163
0,64,1.30826047775,0.9454182719499999,0.8900992293,0.7091341533
0,64,1.37736584045,0.9975550834,0.9382867547,0.7482973714
0,64,0.5803141193,0.76813479895,0.3968803194,0.5631939163
0,64,0.26845803415,0.64553836885,0.1857465003,0.4630298261
0,64,1.01323184695,0.77619024795,0.6878867603,0.5746505869
0,64,0.6528809824,0.5225013528,0.437957588,0.3634530968
0,64,0.64769895235,0.51469773245,0.4349014173,0.3592525135
0,64,0.8275887227000001,0.53561270175,0.5589038048,0.3727057931
0,64,1.3969435794,0.9765339351,0.9560311394,0.74554132
0,64,1.03670659755,0.48254873605000004,0.6928536623,0.3300700289
0,64,0.40068936504999997,0.5627568561,0.2721580463,0.3987015382
0,64,0.90418027375,0.47822070399999994,0.6054468551,0.3303748088
0,64,0.90475446305,0.47942526394999996,0.6054082085,0.3321785473
0,64,0.9099968141500001,0.47684066285,0.6093401249,0.3312404849
