1,521,0.2774790867,0.4588468714,0.011816174800000023,0.05189224739999998,-1,-1,-1,-1
2,521,0.2780346139,0.4585178031,0.012143495700000007,0.05405939739999999,-1,-1,-1,-1
3,521,0.278590141,0.4581887348,0.012470816699999998,0.054223931500000044,-1,-1,-1,-1
4,521,0.2788678679,0.4585178031,0.01247081659999999,0.05488206819999997,-1,-1,-1,-1
5,521,0.2784548043,0.458664578,0.01247081659999999,0.05488206820000002,-1,-1,-1,-1
6,521,0.2769832929,0.4585107517,0.012360166700000008,0.05786013649999999,-1,-1,-1,-1
7,521,0.2769832929,0.4589986085,0.012360166700000008,0.05737227969999997,-1,-1,-1,-1
8,521,0.2815522667,0.4595543684,0.012221744199999995,0.05409439349999995,-1,-1,-1,-1
9,521,0.2850453062,0.4617032368,0.01206480649999997,0.053172218699999996,-1,-1,-1,-1
10,521,0.2874944455,0.4639832102,0.012064806400000017,0.053172218699999996,-1,-1,-1,-1
11,521,0.2881188165,0.4655684838,0.012279640700000038,0.05274103469999997,-1,-1,-1,-1
12,521,0.288244014,0.4663171143,0.012133723900000004,0.05207689120000003,-1,-1,-1,-1
13,521,0.2881451198,0.4641024322,0.012133723799999996,0.05317789900000003,-1,-1,-1,-1
14,521,0.2880462255,0.4640897657,0.012133723900000004,0.052076891199999975,-1,-1,-1,-1
15,521,0.2862652471,0.4602105463,0.012133723799999996,0.05220473169999995,-1,-1,-1,-1
16,521,0.2853039301,0.4583596675,0.01081944410000002,0.05154058819999996,-1,-1,-1,-1
17,521,0.2804973456,0.4586483858,0.011380334699999994,0.04982812709999995,-1,-1,-1,-1
18,521,0.2764265167,0.4577930693,0.01242173689999998,0.0542457388,-1,-1,-1,-1
19,521,0.2767267262,0.4576658818,0.013988468899999995,0.05277570440000001,-1,-1,-1,-1
20,521,0.2782921357,0.4552642053,0.012862720100000002,0.05329836160000001,-1,-1,-1,-1
21,521,0.2788043874,0.4546573876,0.013539697599999956,0.053298361599999955,-1,-1,-1,-1
22,521,0.2801521708,0.455578779,0.01229551080000002,0.05179848900000006,-1,-1,-1,-1
23,521,0.2817215478,0.4565828291,0.011044564499999965,0.0510365391,-1,-1,-1,-1
24,521,0.2817215478,0.4564474149,0.011044564499999965,0.05117195329999996,-1,-1,-1,-1
25,521,0.2820079445,0.4559826712,0.010758167799999996,0.051636696999999954,-1,-1,-1,-1
26,521,0.2820079445,0.4556054178,0.010758167799999996,0.05201395039999995,-1,-1,-1,-1
27,521,0.2820079445,0.4556054178,0.010758167799999996,0.05201395039999995,-1,-1,-1,-1
28,521,0.2820079445,0.4556054178,0.010758167799999996,0.05201395039999995,-1,-1,-1,-1
29,521,0.2820079445,0.4556054178,0.010758167799999996,0.05201395039999995,-1,-1,-1,-1
30,521,0.2820079445,0.4556054178,0.010966389399999998,0.05201395039999995,-1,-1,-1,-1
31,521,0.2820079445,0.4556054178,0.010966389399999998,0.05201395039999995,-1,-1,-1,-1
32,521,0.2797845134,0.4554692201,0.010966389399999998,0.05310327100000001,-1,-1,-1,-1
33,521,0.278404402,0.4554692201,0.010966389500000007,0.05310327100000001,-1,-1,-1,-1
34,521,0.2794011328,0.4576090783,0.010932738900000016,0.05273489729999997,-1,-1,-1,-1
35,521,0.2801906705,0.4611131337,0.012082733799999967,0.04575068320000003,-1,-1,-1,-1
36,521,0.2792860745,0.4621132664,0.012082733800000023,0.04475055050000004,-1,-1,-1,-1
37,521,0.2770428058,0.4615225104,0.012082733799999967,0.04925957009999998,-1,-1,-1,-1
38,521,0.2840930999,0.464560255,0.012082733800000023,0.04925957020000005,-1,-1,-1,-1
39,521,0.2840930999,0.464560255,0.012082733800000023,0.04925957020000005,-1,-1,-1,-1
40,521,0.2851948966,0.4644378991,0.012082733799999967,0.04925957010000004,-1,-1,-1,-1
41,521,0.2851948966,0.4644378991,0.012082733799999967,0.04925957010000004,-1,-1,-1,-1
42,521,0.2851948966,0.4644378991,0.012082733799999967,0.048279808300000004,-1,-1,-1,-1
43,521,0.2851948966,0.4644378991,0.012082733799999967,0.048279808300000004,-1,-1,-1,-1
44,521,0.2851948966,0.4644378991,0.012082733799999967,0.048279808300000004,-1,-1,-1,-1
45,521,0.2851948966,0.4644378991,0.012082733799999967,0.04801635780000002,-1,-1,-1,-1
46,521,0.2851948966,0.4644378991,0.012082733799999967,0.047752907300000036,-1,-1,-1,-1
47,521,0.2851948966,0.4644378991,0.012082733799999967,0.047752907300000036,-1,-1,-1,-1
48,521,0.2851948966,0.4644378991,0.012082733799999967,0.047752907300000036,-1,-1,-1,-1
49,521,0.2851948966,0.4644378991,0.012082733799999967,0.047752907300000036,-1,-1,-1,-1
50,521,0.2851948966,0.4644378991,0.012082733799999967,0.047752907300000036,-1,-1,-1,-1
51,521,0.2851948966,0.4644378991,0.012082733799999967,0.047752907300000036,-1,-1,-1,-1
52,521,0.2851948966,0.4644378991,0.012082733799999967,0.047752907300000036,-1,-1,-1,-1
53,521,0.2851948966,0.4644378991,0.012082733799999967,0.047752907300000036,-1,-1,-1,-1
54,521,0.2851948966,0.4644378991,0.012082733799999967,0.047752907300000036,-1,-1,-1,-1
55,521,0.2851948966,0.4644378991,0.012082733799999967,0.047752907300000036,-1,-1,-1,-1
56,521,0.2851948966,0.4644378991,0.012082733799999967,0.047752907300000036,-1,-1,-1,-1
57,521,0.2851948966,0.4644378991,0.012082733799999967,0.047752907300000036,-1,-1,-1,-1
58,521,0.2851948966,0.4644378991,0.012082733799999967,0.047752907300000036,-1,-1,-1,-1
59,521,0.2851948966,0.4644378991,0.012082733799999967,0.047752907300000036,-1,-1,-1,-1
60,521,0.2851948966,0.4644378991,0.012082733799999967,0.047752907300000036,-1,-1,-1,-1
61,521,0.2851948966,0.4644378991,0.012082733799999967,0.047752907300000036,-1,-1,-1,-1
62,521,0.2851948966,0.4644378991,0.012082733799999967,0.047752907300000036,-1,-1,-1,-1
63,521,0.2851948966,0.4644378991,0.012082733799999967,0.047752907300000036,-1,-1,-1,-1
64,521,0.2851948966,0.4644378991,0.012082733799999967,0.047752907300000036,-1,-1,-1,-1
65,521,0.2851948966,0.4644378991,0.012082733799999967,0.047752907300000036,-1,-1,-1,-1
66,521,0.2851948966,0.4644378991,0.012082733799999967,0.047752907300000036,-1,-1,-1,-1
67,521,0.2851948966,0.4644378991,0.012082733799999967,0.047752907300000036,-1,-1,-1,-1
68,521,0.2851948966,0.4644378991,0.012082733799999967,0.047752907300000036,-1,-1,-1,-1
69,521,0.2851948966,0.4644378991,0.012082733799999967,0.047752907300000036,-1,-1,-1,-1
70,521,0.2851948966,0.4644378991,0.012082733799999967,0.047752907300000036,-1,-1,-1,-1
71,521,0.2851948966,0.4644378991,0.012082733799999967,0.047752907300000036,-1,-1,-1,-1
72,521,0.2851948966,0.4644378991,0.012082733799999967,0.047752907300000036,-1,-1,-1,-1
73,521,0.2851948966,0.4644378991,0.012082733799999967,0.047752907300000036,-1,-1,-1,-1
74,521,0.2851948966,0.4644378991,0.012082733799999967,0.047752907300000036,-1,-1,-1,-1
75,521,0.2851948966,0.4644378991,0.012082733799999967,0.047752907300000036,-1,-1,-1,-1
76,521,0.2851948966,0.4644378991,0.012082733799999967,0.047752907300000036,-1,-1,-1,-1
77,521,0.2851948966,0.4644378991,0.012082733799999967,0.047752907300000036,-1,-1,-1,-1
78,521,0.2851948966,0.4644378991,0.012082733799999967,0.047752907300000036,-1,-1,-1,-1
79,521,0.2851948966,0.4644378991,0.012082733799999967,0.047752907300000036,-1,-1,-1,-1
80,521,0.2851948966,0.4644378991,0.012082733799999967,0.047752907300000036,-1,-1,-1,-1
81,521,0.2851948966,0.4644378991,0.012082733799999967,0.047752907300000036,-1,-1,-1,-1
82,521,0.2851948966,0.4644378991,0.012082733799999967,0.047752907300000036,-1,-1,-1,-1
83,521,0.2851948966,0.4644378991,0.012082733799999967,0.047752907300000036,-1,-1,-1,-1
84,521,0.2851948966,0.4644378991,0.012082733799999967,0.047752907300000036,-1,-1,-1,-1
85,521,0.2851948966,0.4644378991,0.012082733799999967,0.047752907300000036,-1,-1,-1,-1
86,521,0.2851948966,0.4644378991,0.012082733799999967,0.047752907300000036,-1,-1,-1,-1
87,521,0.2851948966,0.4644378991,0.012082733799999967,0.047752907300000036,-1,-1,-1,-1
88,521,0.2851948966,0.4644378991,0.012082733799999967,0.047752907300000036,-1,-1,-1,-1
89,521,0.2851948966,0.4644378991,0.012082733799999967,0.047752907300000036,-1,-1,-1,-1
90,521,0.2851948966,0.4644378991,0.012082733799999967,0.047752907300000036,-1,-1,-1,-1
91,521,0.2851948966,0.4644378991,0.012082733799999967,0.047752907300000036,-1,-1,-1,-1
92,521,0.2851948966,0.4644378991,0.012082733799999967,0.047752907300000036,-1,-1,-1,-1
93,521,0.2851948966,0.4644378991,0.012082733799999967,0.047752907300000036,-1,-1,-1,-1
94,521,0.2851948966,0.4644378991,0.012082733799999967,0.047752907300000036,-1,-1,-1,-1
95,521,0.2851948966,0.4644378991,0.012082733799999967,0.047752907300000036,-1,-1,-1,-1
96,521,0.2851948966,0.4644378991,0.012082733799999967,0.047752907300000036,-1,-1,-1,-1
97,521,0.2851948966,0.4644378991,0.012082733799999967,0.047752907300000036,-1,-1,-1,-1
98,521,0.2851948966,0.4644378991,0.012082733799999967,0.047752907300000036,-1,-1,-1,-1
99,521,0.2851948966,0.4644378991,0.012082733799999967,0.047752907300000036,-1,-1,-1,-1
100,521,0.2851948966,0.4644378991,0.012082733799999967,0.047752907300000036,-1,-1,-1,-1
101,521,0.2851948966,0.4644378991,0.012082733799999967,0.047752907300000036,-1,-1,-1,-1
102,521,0.2851948966,0.4644378991,0.012082733799999967,0.047752907300000036,-1,-1,-1,-1
103,521,0.2851948966,0.4644378991,0.012082733799999967,0.047752907300000036,-1,-1,-1,-1
104,521,0.2851948966,0.4644378991,0.012082733799999967,0.047752907300000036,-1,-1,-1,-1
105,521,0.2851948966,0.4644378991,0.012082733799999967,0.047752907300000036,-1,-1,-1,-1
106,521,0.2851948966,0.4644378991,0.012082733799999967,0.047752907300000036,-1,-1,-1,-1
107,521,0.2851948966,0.4644378991,0.012082733799999967,0.047752907300000036,-1,-1,-1,-1
108,521,0.2851948966,0.4644378991,0.012082733799999967,0.047752907300000036,-1,-1,-1,-1
109,521,0.2851948966,0.4644378991,0.012082733799999967,0.047752907300000036,-1,-1,-1,-1
110,521,0.2851948966,0.4644378991,0.012082733799999967,0.047752907300000036,-1,-1,-1,-1
111,521,0.2851948966,0.4644378991,0.012082733799999967,0.047752907300000036,-1,-1,-1,-1
112,521,0.2853412542,0.4652181306,0.012082733799999967,0.04775290729999998,-1,-1,-1,-1
113,521,0.2851948966,0.4644378991,0.012082733799999967,0.047752907300000036,-1,-1,-1,-1
114,521,0.2851948966,0.4644378991,0.012082733799999967,0.047752907300000036,-1,-1,-1,-1
115,521,0.2851948966,0.4644378991,0.012082733799999967,0.047752907300000036,-1,-1,-1,-1
116,521,0.2851948966,0.4644378991,0.012082733799999967,0.047752907300000036,-1,-1,-1,-1
117,521,0.2851948966,0.4644378991,0.012082733799999967,0.047752907300000036,-1,-1,-1,-1
118,521,0.2851948966,0.4644378991,0.012082733799999967,0.047752907300000036,-1,-1,-1,-1
119,521,0.2851948966,0.4644378991,0.012082733799999967,0.047752907300000036,-1,-1,-1,-1
120,521,0.2851948966,0.4644378991,0.012082733799999967,0.047752907300000036,-1,-1,-1,-1
121,521,0.2851948966,0.4644378991,0.012082733799999967,0.047752907300000036,-1,-1,-1,-1
122,521,0.2851948966,0.4644378991,0.012082733799999967,0.047752907300000036,-1,-1,-1,-1
123,521,0.2851948966,0.4644378991,0.012082733799999967,0.047752907300000036,-1,-1,-1,-1
124,521,0.2851948966,0.4644378991,0.012082733799999967,0.047752907300000036,-1,-1,-1,-1
125,521,0.2851948966,0.4644378991,0.012082733799999967,0.047752907300000036,-1,-1,-1,-1
126,521,0.2851948966,0.4644378991,0.012082733799999967,0.047752907300000036,-1,-1,-1,-1
127,521,0.2851948966,0.4644378991,0.012082733799999967,0.047752907300000036,-1,-1,-1,-1
128,521,0.2851948966,0.4644378991,0.012082733799999967,0.047752907300000036,-1,-1,-1,-1
129,521,0.2851948966,0.4644378991,0.012082733799999967,0.047752907300000036,-1,-1,-1,-1
130,521,0.2851948966,0.4644378991,0.012082733799999967,0.047752907300000036,-1,-1,-1,-1
131,521,0.2851948966,0.4644378991,0.012082733799999967,0.047752907300000036,-1,-1,-1,-1
132,521,0.2851948966,0.4644378991,0.012082733799999967,0.047752907300000036,-1,-1,-1,-1
133,521,0.2851948966,0.4644378991,0.012082733799999967,0.047752907300000036,-1,-1,-1,-1
134,521,0.2851948966,0.4644378991,0.012082733799999967,0.047752907300000036,-1,-1,-1,-1
135,521,0.2851948966,0.4644378991,0.012082733799999967,0.047752907300000036,-1,-1,-1,-1
136,521,0.2851948966,0.4644378991,0.012082733799999967,0.047752907300000036,-1,-1,-1,-1
137,521,0.2851948966,0.4644378991,0.012082733799999967,0.047752907300000036,-1,-1,-1,-1
138,521,0.2851948966,0.4644378991,0.012082733799999967,0.047752907300000036,-1,-1,-1,-1
139,521,0.2851948966,0.4644378991,0.012082733799999967,0.047752907300000036,-1,-1,-1,-1
140,521,0.2851948966,0.4644378991,0.012082733799999967,0.047752907300000036,-1,-1,-1,-1
141,521,0.2851948966,0.4644378991,0.012082733799999967,0.047752907300000036,-1,-1,-1,-1
142,521,0.2851948966,0.4644378991,0.012082733799999967,0.047752907300000036,-1,-1,-1,-1
143,521,0.2848765243,0.4647098886,0.012076972100000027,0.04754258539999995,-1,-1,-1,-1
144,521,0.2845581519,0.4649818782,0.012071210499999985,0.04733226350000003,-1,-1,-1,-1
145,521,0.2842397795,0.4652538678,0.01206544879999999,0.04712194160000005,-1,-1,-1,-1
146,521,0.2839214072,0.4655258573,0.01205968710000005,0.04691161969999996,-1,-1,-1,-1
147,521,0.2836030348,0.4657978469,0.012053925500000007,0.04670129780000004,-1,-1,-1,-1
148,521,0.2832846624,0.4660698365,0.012048163800000011,0.046490975799999945,-1,-1,-1,-1
149,521,0.28296629,0.466341826,0.012042402199999969,0.04628065399999998,-1,-1,-1,-1
150,521,0.2826479177,0.4666138156,0.012036640500000029,0.046070332100000055,-1,-1,-1,-1
151,521,0.2823295453,0.4668858052,0.012030878800000033,0.04586001009999996,-1,-1,-1,-1
152,521,0.2820111729,0.4671577947,0.01202511719999999,0.04564968829999999,-1,-1,-1,-1
153,521,0.2816928006,0.4674297843,0.012019355399999987,0.04543936640000007,-1,-1,-1,-1
154,521,0.2813744282,0.4677017739,0.0120135938,0.045229044399999974,-1,-1,-1,-1
155,521,0.2810560558,0.4679737634,0.012007832200000013,0.045018722600000005,-1,-1,-1,-1
156,521,0.2807376835,0.468245753,0.012002070400000009,0.04480840069999997,-1,-1,-1,-1
157,521,0.2804193111,0.4685177426,0.011996308799999966,0.04459807869999999,-1,-1,-1,-1
158,521,0.2801009387,0.4687897321,0.011990547199999979,0.04438775690000002,-1,-1,-1,-1
159,521,0.280307786,0.4620591689,0.011948572599999985,0.048775144699999995,-1,-1,-1,-1
160,521,0.2793848218,0.4569569485,0.011811325599999978,0.048547111099999984,-1,-1,-1,-1
161,521,0.2789736686,0.4569569485,0.012222478799999992,0.048933374600000024,-1,-1,-1,-1
162,521,0.2783169695,0.4569459795,0.012719154399999988,0.051032752199999976,-1,-1,-1,-1
163,521,0.2779701783,0.4571513861,0.012719154400000043,0.051032752199999976,-1,-1,-1,-1
164,521,0.2775577025,0.4567848405,0.012979688599999983,0.050811936899999965,-1,-1,-1,-1
165,521,0.2778731943,0.4566445947,0.012979688699999992,0.05081193690000002,-1,-1,-1,-1
166,521,0.2774743845,0.4562900628,0.012979688599999983,0.05081193690000002,-1,-1,-1,-1
167,521,0.2751212006,0.4559912896,0.012979688599999983,0.050811936899999965,-1,-1,-1,-1
168,521,0.272858682,0.4546884663,0.010022118199999985,0.055666608900000025,-1,-1,-1,-1
169,521,0.2732601369,0.4546884663,0.011694503999999994,0.05534485319999999,-1,-1,-1,-1
170,521,0.2733938572,0.4546884663,0.011560783700000021,0.05534485319999999,-1,-1,-1,-1
171,521,0.2714408057,0.4546884663,0.01351383519999999,0.05596355390000002,-1,-1,-1,-1
172,521,0.2714408057,0.4546884663,0.01351383519999999,0.056736864399999976,-1,-1,-1,-1
173,521,0.2714408057,0.4549184224,0.01351383519999999,0.05673686440000003,-1,-1,-1,-1
174,521,0.2714408057,0.4549184224,0.013673123999999981,0.05673686440000003,-1,-1,-1,-1
175,521,0.2714408057,0.4549184224,0.01351383519999999,0.05770422079999993,-1,-1,-1,-1
176,521,0.2715937024,0.4549184224,0.013360938499999975,0.05770422079999993,-1,-1,-1,-1
177,521,0.2717465991,0.4549184224,0.013208041800000014,0.05770422079999993,-1,-1,-1,-1
178,521,0.2714408057,0.4549184224,0.01351383519999999,0.05770422079999993,-1,-1,-1,-1
179,521,0.2714408057,0.4549184224,0.01351383519999999,0.05770422079999993,-1,-1,-1,-1
180,521,0.2715000737,0.4549184224,0.01345456719999999,0.05770422079999993,-1,-1,-1,-1
181,521,0.2715593417,0.4549184224,0.013395299199999988,0.05770422079999993,-1,-1,-1,-1
182,521,0.2716186096,0.4549184224,0.013336031299999995,0.05770422079999993,-1,-1,-1,-1
183,521,0.2716186096,0.4549184224,0.013336031299999995,0.057878287500000014,-1,-1,-1,-1
184,521,0.2716186096,0.4549184224,0.012859340399999974,0.057878287500000014,-1,-1,-1,-1
185,521,0.2720341713,0.4549184224,0.012443778699999963,0.057878287500000014,-1,-1,-1,-1
186,521,0.2730222323,0.4549184224,0.011455717699999979,0.05801317939999995,-1,-1,-1,-1
187,521,0.2741415155,0.455851762,0.011451088900000017,0.05928244299999996,-1,-1,-1,-1
188,521,0.2763681794,0.4567851017,0.010339079499999959,0.06055170650000008,-1,-1,-1,-1
189,521,0.275938364,0.4567851017,0.010697920199999988,0.05976024499999999,-1,-1,-1,-1
190,521,0.2771599213,0.4565774752,0.010736860700000017,0.05732513939999995,-1,-1,-1,-1
191,521,0.2771599213,0.4565774752,0.010736860700000017,0.05598039899999996,-1,-1,-1,-1
192,521,0.2766924879,0.4566640515,0.01128966939999998,0.05525344529999998,-1,-1,-1,-1
193,521,0.2753707874,0.4565774752,0.011371591399999992,0.055240321799999936,-1,-1,-1,-1
194,521,0.2740490868,0.4565774752,0.011453513500000012,0.05514062190000002,-1,-1,-1,-1
195,521,0.272969185,0.4566812884,0.012574119200000011,0.05707324540000003,-1,-1,-1,-1
196,521,0.2739591562,0.456725643,0.010678082600000027,0.05728026250000001,-1,-1,-1,-1
197,521,0.2755148673,0.4567699976,0.009823007199999956,0.054966816300000054,-1,-1,-1,-1
198,521,0.2758283019,0.4568143522,0.009798908199999956,0.055306331299999956,-1,-1,-1,-1
199,521,0.2753735059,0.4568143522,0.010011831999999998,0.054177182899999954,-1,-1,-1,-1
200,521,0.2732535243,0.4568143522,0.01261217819999999,0.055458068299999996,-1,-1,-1,-1
201,521,0.2732535243,0.4568143522,0.01297263529999998,0.055458068299999996,-1,-1,-1,-1
202,521,0.2727730128,0.4568143522,0.013332945400000018,0.0560984457,-1,-1,-1,-1
203,521,0.2726528115,0.4568143522,0.01345314670000003,0.0560984457,-1,-1,-1,-1
204,521,0.2726528115,0.4568143522,0.013933658200000032,0.05481756029999996,-1,-1,-1,-1
205,521,0.2733734318,0.4567666895,0.012972782199999977,0.056786616400000045,-1,-1,-1,-1
206,521,0.2733734318,0.4567666895,0.012972782199999977,0.056786616400000045,-1,-1,-1,-1
207,521,0.2731928359,0.4572161551,0.013237724700000009,0.05532996670000001,-1,-1,-1,-1
208,521,0.2741203553,0.4572161551,0.01357437680000001,0.055180057800000015,-1,-1,-1,-1
209,521,0.2741203553,0.4572161551,0.013046401900000004,0.05650442719999993,-1,-1,-1,-1
210,521,0.2739133093,0.4572161551,0.013253447899999993,0.05650442719999993,-1,-1,-1,-1
211,521,0.2738314607,0.4572161551,0.013253447900000048,0.05650442719999993,-1,-1,-1,-1
212,521,0.2752562434,0.457208973,0.013383641599999996,0.05541575959999995,-1,-1,-1,-1
213,521,0.2751445649,0.4571559565,0.013495320099999986,0.05546877609999995,-1,-1,-1,-1
214,521,0.2749410455,0.4571559565,0.01259469160000004,0.054439654000000004,-1,-1,-1,-1
215,521,0.2751522061,0.4571559565,0.012383531000000003,0.054439654000000004,-1,-1,-1,-1
216,521,0.2751522061,0.4571559565,0.012262741899999985,0.054439654000000004,-1,-1,-1,-1
217,521,0.2751522061,0.4570505762,0.012514753299999959,0.05454503430000002,-1,-1,-1,-1
218,521,0.2751522061,0.4570505762,0.012226593299999977,0.05583088189999996,-1,-1,-1,-1
219,521,0.2751522061,0.4570505762,0.012226593299999977,0.05912365450000001,-1,-1,-1,-1
220,521,0.2744662649,0.4571966982,0.012982774400000008,0.05826180889999999,-1,-1,-1,-1
221,521,0.2748120274,0.4570505762,0.012472580000000011,0.05665446679999997,-1,-1,-1,-1
222,521,0.2743166671,0.4572919909,0.012885797799999987,0.05612080810000003,-1,-1,-1,-1
223,521,0.2736568748,0.4572411616,0.013710021999999988,0.05807122349999999,-1,-1,-1,-1
224,521,0.2693795803,0.4554031453,0.01330093330000004,0.05947087379999999,-1,-1,-1,-1
225,521,0.2692678944,0.4555808683,0.013330476700000038,0.059439272800000054,-1,-1,-1,-1
226,521,0.270266124,0.4561267038,0.01315440670000001,0.05874731529999999,-1,-1,-1,-1
227,521,0.2714171475,0.4559419294,0.0129696963,0.05790923560000005,-1,-1,-1,-1
228,521,0.2718535754,0.4554446706,0.012160174000000024,0.05794684340000006,-1,-1,-1,-1
229,521,0.272013452,0.4549201265,0.011497112199999993,0.05772600859999999,-1,-1,-1,-1
230,521,0.2717044258,0.4543955824,0.011302953200000021,0.05750517369999997,-1,-1,-1,-1
231,521,0.2712645246,0.4541005831,0.011257141000000026,0.05742986669999994,-1,-1,-1,-1
232,521,0.2702205709,0.4543889097,0.011992950199999963,0.05727408150000002,-1,-1,-1,-1
233,521,0.2701072082,0.4543007362,0.012106312899999971,0.058288769200000035,-1,-1,-1,-1
234,521,0.2702220404,0.4546234361,0.01306006780000002,0.0582975885,-1,-1,-1,-1
