1,191,0.6824412571,0.3361707206,0.003954007299999951,0.013278168300000004,-1,-1,-1,-1
2,191,0.6824828427,0.3363927112,0.003954007199999943,0.013278168199999996,-1,-1,-1,-1
3,191,0.6824828427,0.3363927112,0.003954007199999943,0.013278168199999996,-1,-1,-1,-1
4,191,0.6824828427,0.3363927112,0.003972816200000007,0.013278168199999996,-1,-1,-1,-1
5,191,0.6825089989,0.33608989,0.003972816299999904,0.013278168199999996,-1,-1,-1,-1
6,191,0.6825257507,0.3362096343,0.003972816300000015,0.013278168199999996,-1,-1,-1,-1
7,191,0.6825257507,0.3362096343,0.003972816300000015,0.013278168199999996,-1,-1,-1,-1
8,191,0.6825257507,0.3362096343,0.003972816300000015,0.013278168199999996,-1,-1,-1,-1
9,191,0.6825257507,0.3362096343,0.003972816300000015,0.013278168199999996,-1,-1,-1,-1
10,191,0.6825257507,0.3362096343,0.003972816300000015,0.013278168199999996,-1,-1,-1,-1
11,191,0.6825257507,0.3362096343,0.003972816300000015,0.013278168199999996,-1,-1,-1,-1
12,191,0.6825257507,0.3362096343,0.003972816300000015,0.013278168199999996,-1,-1,-1,-1
13,191,0.6824921002,0.3359700151,0.003972816300000015,0.013278168199999996,-1,-1,-1,-1
14,191,0.682441551,0.3357903333,0.003972816300000015,0.013278168300000004,-1,-1,-1,-1
15,191,0.6824079005,0.3364492535,0.003972816300000015,0.013278168199999996,-1,-1,-1,-1
16,191,0.6824584497,0.3364791569,0.003972816300000015,0.013278168300000004,-1,-1,-1,-1
17,191,0.6824921002,0.3364491229,0.003972816300000015,0.013278168300000004,-1,-1,-1,-1
18,191,0.682441551,0.3361796003,0.003972816300000015,0.013278168199999996,-1,-1,-1,-1
19,191,0.6822057036,0.3361796003,0.003972816300000015,0.013278168199999996,-1,-1,-1,-1
20,191,0.6823910018,0.3357303959,0.003972816200000007,0.013278168199999996,-1,-1,-1,-1
21,191,0.6824919533,0.3357902027,0.003972816200000007,0.013278168300000004,-1,-1,-1,-1
22,191,0.6824919533,0.3357902027,0.003972816200000007,0.013278168300000004,-1,-1,-1,-1
23,191,0.6824919533,0.3357902027,0.003972816200000007,0.013278168300000004,-1,-1,-1,-1
24,191,0.6824919533,0.3357902027,0.003972816200000007,0.013278168300000004,-1,-1,-1,-1
25,191,0.6824919533,0.3357902027,0.003972816200000007,0.013278168300000004,-1,-1,-1,-1
26,191,0.6824919533,0.3357902027,0.003972816200000007,0.013278168300000004,-1,-1,-1,-1
27,191,0.6824919533,0.3357902027,0.003972816200000007,0.013278168300000004,-1,-1,-1,-1
28,191,0.6824919533,0.3357902027,0.003972816200000007,0.013278168300000004,-1,-1,-1,-1
29,191,0.6824919533,0.3357902027,0.003972816200000007,0.013278168300000004,-1,-1,-1,-1
30,191,0.6824919533,0.3357902027,0.003972816200000007,0.013278168300000004,-1,-1,-1,-1
31,191,0.6824919533,0.3357902027,0.003972816200000007,0.013278168300000004,-1,-1,-1,-1
32,191,0.6824919533,0.3357902027,0.003972816200000007,0.013278168300000004,-1,-1,-1,-1
33,191,0.6824919533,0.3357902027,0.003972816200000007,0.013278168300000004,-1,-1,-1,-1
34,191,0.6824919533,0.3357902027,0.003972816200000007,0.013278168300000004,-1,-1,-1,-1
35,191,0.6824919533,0.3357902027,0.003972816200000007,0.013278168300000004,-1,-1,-1,-1
36,191,0.6824919533,0.3357902027,0.003972816200000007,0.013278168300000004,-1,-1,-1,-1
37,191,0.6824919533,0.3357902027,0.003972816200000007,0.013278168300000004,-1,-1,-1,-1
38,191,0.6828261071,0.3363248082,0.004227913599999966,0.01282844150000001,-1,-1,-1,-1
39,191,0.6829326426,0.3356812968,0.004227913500000069,0.01282844150000001,-1,-1,-1,-1
40,191,0.6832947161,0.335340476,0.004259359799999918,0.014024187099999974,-1,-1,-1,-1
41,191,0.6835289471,0.335416214,0.004259359800000029,0.014024187000000021,-1,-1,-1,-1
42,191,0.6835289471,0.3353993688,0.004259359800000029,0.01402418710000003,-1,-1,-1,-1
43,191,0.6835289471,0.3353825237,0.004259359800000029,0.014024187000000021,-1,-1,-1,-1
44,191,0.6835289471,0.3353825237,0.004259359800000029,0.014024187000000021,-1,-1,-1,-1
45,191,0.6835289471,0.3353825237,0.004259359800000029,0.014024187000000021,-1,-1,-1,-1
46,191,0.6835289471,0.3353825237,0.004259359800000029,0.014024187000000021,-1,-1,-1,-1
47,191,0.6834908882,0.3356190089,0.004259359799999918,0.014024186999999966,-1,-1,-1,-1
48,191,0.6834908882,0.3355176767,0.004259359799999918,0.01402418710000003,-1,-1,-1,-1
49,191,0.6837759623,0.3354838558,0.004259359899999926,0.014024186999999966,-1,-1,-1,-1
50,191,0.683889992,0.335585188,0.004259359800000029,0.014024187000000021,-1,-1,-1,-1
51,191,0.6835096972,0.3356865201,0.004259359900000037,0.01402418710000003,-1,-1,-1,-1
52,191,0.6835096972,0.3356865201,0.004260378000000009,0.01402418710000003,-1,-1,-1,-1
53,191,0.6835096972,0.3356865201,0.004261396099999981,0.01402418710000003,-1,-1,-1,-1
54,191,0.6835096972,0.3356865201,0.0042624142999999615,0.01402418710000003,-1,-1,-1,-1
55,191,0.6835096972,0.3356865201,0.0042634324000000445,0.01402418710000003,-1,-1,-1,-1
56,191,0.6835096972,0.3356865201,0.004264450500000017,0.01402418710000003,-1,-1,-1,-1
57,191,0.6835096972,0.3356865201,0.004265468599999989,0.01402418710000003,-1,-1,-1,-1
58,191,0.6835096972,0.3356865201,0.004266486799999969,0.01402418710000003,-1,-1,-1,-1
59,191,0.6835096972,0.3356865201,0.004267504900000052,0.01402418710000003,-1,-1,-1,-1
60,191,0.6835096972,0.3356865201,0.004268523000000024,0.01402418710000003,-1,-1,-1,-1
61,191,0.6835096972,0.3356865201,0.004269541099999996,0.01402418710000003,-1,-1,-1,-1
62,191,0.6835096972,0.3356865201,0.004270559199999968,0.01402418710000003,-1,-1,-1,-1
63,191,0.6835096972,0.3356865201,0.0042715774000000595,0.01402418710000003,-1,-1,-1,-1
64,191,0.6835096972,0.3356865201,0.0042725955000000315,0.01402418710000003,-1,-1,-1,-1
65,191,0.6835096972,0.3356865201,0.0042736136000000036,0.01402418710000003,-1,-1,-1,-1
66,191,0.6835288001,0.335551367,0.0042736136000000036,0.01402418710000003,-1,-1,-1,-1
67,191,0.6831486523,0.335551367,0.0042736136000000036,0.01402418710000003,-1,-1,-1,-1
68,191,0.6833196968,0.3355175461,0.004273613499999995,0.014024187099999974,-1,-1,-1,-1
69,191,0.6835288001,0.3356863895,0.0042736136000000036,0.014024187099999974,-1,-1,-1,-1
70,191,0.6834338734,0.3356188783,0.004273613500000106,0.014024187000000021,-1,-1,-1,-1
71,191,0.6834717853,0.3356188783,0.004273613499999995,0.014024187000000021,-1,-1,-1,-1
72,191,0.6834717853,0.3356525686,0.004273613499999995,0.01402418710000003,-1,-1,-1,-1
73,191,0.6834052925,0.3356694791,0.004273613499999995,0.014024187000000021,-1,-1,-1,-1
74,191,0.6833387997,0.3356863895,0.004273613499999995,0.014024187099999974,-1,-1,-1,-1
75,191,0.6835098442,0.3356863895,0.004273613499999995,0.014024187099999974,-1,-1,-1,-1
76,191,0.6835098442,0.3356863895,0.004273613499999995,0.014024187099999974,-1,-1,-1,-1
77,191,0.6835098442,0.3356863895,0.004273613499999995,0.014024187099999974,-1,-1,-1,-1
78,191,0.6835288001,0.3357202104,0.0042736136000000036,0.01402418710000003,-1,-1,-1,-1
79,191,0.6834908882,0.3357539008,0.004273613499999995,0.014024187000000021,-1,-1,-1,-1
80,191,0.6834908882,0.3357539008,0.004273613499999995,0.014024187000000021,-1,-1,-1,-1
81,191,0.6833389466,0.3356187477,0.0042736135999998925,0.014024187000000021,-1,-1,-1,-1
82,191,0.6829398429,0.3356188783,0.004273613499999995,0.014024187000000021,-1,-1,-1,-1
83,191,0.6829968577,0.335551367,0.0042736136000000036,0.01402418710000003,-1,-1,-1,-1
84,191,0.6828256663,0.3356526992,0.00387406899999998,0.014024186999999966,-1,-1,-1,-1
85,191,0.6827495486,0.335551367,0.0038740688999999717,0.01402418710000003,-1,-1,-1,-1
86,191,0.6828065634,0.335551367,0.00387406899999998,0.01402418710000003,-1,-1,-1,-1
87,191,0.6828065634,0.335551367,0.00387406899999998,0.01402418710000003,-1,-1,-1,-1
88,191,0.6828444753,0.335551367,0.00387406899999998,0.01402418710000003,-1,-1,-1,-1
89,191,0.6828444753,0.335551367,0.00387406899999998,0.01402418710000003,-1,-1,-1,-1
90,191,0.6828444753,0.335551367,0.00387406899999998,0.01402418710000003,-1,-1,-1,-1
91,191,0.6828444753,0.335551367,0.00387406899999998,0.01402418710000003,-1,-1,-1,-1
92,191,0.6828444753,0.335551367,0.00387406899999998,0.01402418710000003,-1,-1,-1,-1
93,191,0.6828444753,0.335551367,0.00387406899999998,0.01402418710000003,-1,-1,-1,-1
94,191,0.6828444753,0.335551367,0.00387406899999998,0.01402418710000003,-1,-1,-1,-1
95,191,0.6828444753,0.335551367,0.00387406899999998,0.01402418710000003,-1,-1,-1,-1
96,191,0.6828444753,0.335551367,0.00387406899999998,0.01402418710000003,-1,-1,-1,-1
97,191,0.6828521654,0.3355431664,0.00387406899999998,0.01402418710000003,-1,-1,-1,-1
98,191,0.6828598556,0.3355349658,0.003874069000000091,0.01402418710000003,-1,-1,-1,-1
99,191,0.6828675457,0.3355267653,0.00387406899999998,0.014024187000000021,-1,-1,-1,-1
100,191,0.6828752359,0.3355185647,0.00387406899999998,0.014024186999999966,-1,-1,-1,-1
101,191,0.682882926,0.3355103641,0.00387406899999998,0.014024186999999966,-1,-1,-1,-1
102,191,0.6828906162,0.335551367,0.0038740688999999717,0.01402418710000003,-1,-1,-1,-1
103,191,0.682936904,0.3356029472,0.0038740689000000827,0.013849467399999982,-1,-1,-1,-1
104,191,0.682936904,0.3361067351,0.0038740689000000827,0.013345679499999985,-1,-1,-1,-1
105,191,0.6830116992,0.3361067351,0.00387406899999998,0.013345679499999985,-1,-1,-1,-1
106,191,0.6830116992,0.3361067351,0.00387406899999998,0.013345679499999985,-1,-1,-1,-1
107,191,0.6830116992,0.3361067351,0.00387406899999998,0.013345679499999985,-1,-1,-1,-1
108,191,0.682936904,0.3356415997,0.0038740689000000827,0.013345679499999985,-1,-1,-1,-1
109,191,0.682936904,0.3358740368,0.0038740689000000827,0.013345679499999985,-1,-1,-1,-1
110,191,0.6829182419,0.3355750025,0.003874069000000091,0.013345679499999985,-1,-1,-1,-1
111,191,0.6831611427,0.3355750025,0.0038740689000000827,0.013345679499999985,-1,-1,-1,-1
112,191,0.6831238186,0.3355085359,0.0038740688999999717,0.013345679499999985,-1,-1,-1,-1
113,191,0.6832268273,0.3356916128,0.0038740689000000827,0.01334567950000004,-1,-1,-1,-1
114,191,0.6833504084,0.3356916128,0.0038740688999999717,0.01334567950000004,-1,-1,-1,-1
115,191,0.6832444607,0.3360144132,0.00387406899999998,0.01334567950000004,-1,-1,-1,-1
116,191,0.683335273,0.3359606131,0.00387406899999998,0.013345679499999985,-1,-1,-1,-1
117,191,0.6831636408,0.3356938327,0.0038740688999999717,0.013345679499999985,-1,-1,-1,-1
118,191,0.6830134626,0.3356937022,0.0038740689000000827,0.013345679399999977,-1,-1,-1,-1
119,191,0.6836782436,0.3352745318,0.003874069000000091,0.013345679499999985,-1,-1,-1,-1
120,191,0.6847075963,0.3350458815,0.0038740688999999717,0.01334567950000004,-1,-1,-1,-1
121,191,0.6852748056,0.3349737999,0.0038740688999999717,0.01334567950000004,-1,-1,-1,-1
122,191,0.6854368864,0.3347219059,0.0038740688999999717,0.013345679499999985,-1,-1,-1,-1
123,191,0.6851938386,0.3344698814,0.00387406899999998,0.013345679499999985,-1,-1,-1,-1
124,191,0.6858622933,0.3351899142,0.00387406899999998,0.013345679499999985,-1,-1,-1,-1
125,191,0.6858622933,0.3351899142,0.00387406899999998,0.013345679499999985,-1,-1,-1,-1
126,191,0.6859165162,0.3349745834,0.0038740688999999717,0.013345679499999985,-1,-1,-1,-1
127,191,0.6855720761,0.335076699,0.00387406899999998,0.01334567950000004,-1,-1,-1,-1
128,191,0.6848915719,0.3349266595,0.00387406899999998,0.013345679499999985,-1,-1,-1,-1
129,191,0.6845744637,0.3353733829,0.00387406899999998,0.013345679499999985,-1,-1,-1,-1
130,191,0.6843702096,0.335557635,0.004512105900000063,0.013374668899999997,-1,-1,-1,-1
131,191,0.6842226764,0.3354077261,0.004512105899999952,0.01337466879999999,-1,-1,-1,-1
132,191,0.6842407507,0.3354077261,0.004512105899999952,0.01337466879999999,-1,-1,-1,-1
133,191,0.6847171477,0.3356579225,0.00451210599999996,0.01337466879999999,-1,-1,-1,-1
134,191,0.6845415479,0.3358139688,0.00451210599999996,0.013374668800000045,-1,-1,-1,-1
135,191,0.6839049804,0.3361259308,0.004512105899999952,0.013374668800000045,-1,-1,-1,-1
136,191,0.6839049804,0.3360868866,0.004512105899999952,0.01337466879999999,-1,-1,-1,-1
137,191,0.6839268753,0.3360478424,0.004512105900000063,0.01337466879999999,-1,-1,-1,-1
138,191,0.6838391488,0.3357357498,0.004512106000000071,0.013374668800000045,-1,-1,-1,-1
139,191,0.6837733173,0.3357357498,0.003677749900000027,0.013374668800000045,-1,-1,-1,-1
140,191,0.6838391488,0.335774794,0.003677749900000027,0.01337466879999999,-1,-1,-1,-1
141,191,0.6837074858,0.3357357498,0.0036777498000000186,0.013374668800000045,-1,-1,-1,-1
142,191,0.6840807271,0.3359307097,0.003677749900000027,0.01337466879999999,-1,-1,-1,-1
143,191,0.6839051273,0.3358916655,0.003677749900000027,0.01337466879999999,-1,-1,-1,-1
144,191,0.6837074858,0.3358916655,0.0036777498000000186,0.01337466879999999,-1,-1,-1,-1
145,191,0.6837293806,0.3359307097,0.003677749900000027,0.01337466879999999,-1,-1,-1,-1
146,191,0.6837293806,0.3358962359,0.003677749900000027,0.01340914259999998,-1,-1,-1,-1
147,191,0.6835412905,0.3360635123,0.003677749900000027,0.013409142600000035,-1,-1,-1,-1
148,191,0.6834927985,0.336106474,0.003677749900000027,0.013409142600000035,-1,-1,-1,-1
149,191,0.6836138815,0.3362354897,0.003677749900000027,0.01340914259999998,-1,-1,-1,-1
150,191,0.6835412905,0.3362785819,0.003677749900000027,0.013409142700000043,-1,-1,-1,-1
151,191,0.6835412905,0.3362785819,0.003677749900000027,0.013409142700000043,-1,-1,-1,-1
152,191,0.6835412905,0.3362785819,0.003677749900000027,0.013409142700000043,-1,-1,-1,-1
153,191,0.6835412905,0.3362785819,0.003677749900000027,0.013409142700000043,-1,-1,-1,-1
154,191,0.6835412905,0.3362785819,0.003677749900000027,0.013409142700000043,-1,-1,-1,-1
155,191,0.6835412905,0.3362785819,0.003677749900000027,0.013409142700000043,-1,-1,-1,-1
156,191,0.6835412905,0.3362785819,0.003677749900000027,0.013409142700000043,-1,-1,-1,-1
157,191,0.6835412905,0.3362785819,0.003677749900000027,0.013409142700000043,-1,-1,-1,-1
158,191,0.6835412905,0.3362785819,0.003677749900000027,0.013409142700000043,-1,-1,-1,-1
159,191,0.6835412905,0.3358916655,0.003677749900000027,0.013409142699999987,-1,-1,-1,-1
160,191,0.6833961084,0.3359777195,0.0032723275000000607,0.01340914259999998,-1,-1,-1,-1
161,191,0.6831058912,0.3358917961,0.0032723275000000607,0.013409142600000035,-1,-1,-1,-1
162,191,0.6832025813,0.3358058727,0.0032723274999999497,0.01340914259999998,-1,-1,-1,-1
163,191,0.6835653895,0.335676857,0.0032723274999999497,0.013409142699999987,-1,-1,-1,-1
164,191,0.6836137346,0.3355048796,0.0032723275000000607,0.013409142699999987,-1,-1,-1,-1
165,191,0.6836620796,0.3357198187,0.0032723274999999497,0.013409142699999987,-1,-1,-1,-1
166,191,0.6834927985,0.3358917961,0.0032723274999999497,0.013409142600000035,-1,-1,-1,-1
167,191,0.6834927985,0.3358917961,0.0032723274999999497,0.013409142600000035,-1,-1,-1,-1
168,191,0.6834927985,0.3358917961,0.0032723274999999497,0.013409142600000035,-1,-1,-1,-1
169,191,0.6834927985,0.3358917961,0.0032723274999999497,0.013409142600000035,-1,-1,-1,-1
170,191,0.6834927985,0.3358917961,0.0032723274999999497,0.013409142600000035,-1,-1,-1,-1
171,191,0.6834203544,0.3358488344,0.0032723274999999497,0.01340914259999998,-1,-1,-1,-1
172,191,0.6825805614,0.3356277579,0.0032723273999999414,0.013409142699999987,-1,-1,-1,-1
173,191,0.6825805614,0.3356277579,0.0032723273999999414,0.013409142699999987,-1,-1,-1,-1
174,191,0.6825805614,0.3356277579,0.0032723273999999414,0.013409142699999987,-1,-1,-1,-1
175,191,0.6825805614,0.3356277579,0.0032723273999999414,0.013409142699999987,-1,-1,-1,-1
176,191,0.6832819318,0.3358078314,0.0032723275000000607,0.013409142700000043,-1,-1,-1,-1
177,191,0.6832819318,0.3358078314,0.0032723275000000607,0.013409142700000043,-1,-1,-1,-1
178,191,0.6832819318,0.3358078314,0.0032723275000000607,0.013409142700000043,-1,-1,-1,-1
179,191,0.6832819318,0.3358078314,0.0032723275000000607,0.013409142700000043,-1,-1,-1,-1
180,191,0.6832819318,0.3358078314,0.0032723275000000607,0.013409142700000043,-1,-1,-1,-1
181,191,0.6832819318,0.3358078314,0.0032723275000000607,0.013409142700000043,-1,-1,-1,-1
182,191,0.682702673,0.3358078314,0.0032723275000000607,0.013409142700000043,-1,-1,-1,-1
183,191,0.6830541664,0.3359064213,0.0032723274999999497,0.013409142700000043,-1,-1,-1,-1
184,191,0.6836353356,0.335797646,0.0032723273999999414,0.01340914259999998,-1,-1,-1,-1
185,191,0.683626225,0.3358440028,0.0032723273999999414,0.013409142699999987,-1,-1,-1,-1
186,191,0.6836171143,0.3358903597,0.0032723274999999497,0.013409142600000035,-1,-1,-1,-1
187,191,0.6836080037,0.3359367165,0.0032723275000000607,0.013409142699999987,-1,-1,-1,-1
188,191,0.6836591407,0.3361058211,0.0032723274999999497,0.013409142600000035,-1,-1,-1,-1
189,191,0.6836013912,0.3360756565,0.0032723274000000524,0.013409142600000035,-1,-1,-1,-1
190,191,0.6836013912,0.3360756565,0.0032723274000000524,0.013409142600000035,-1,-1,-1,-1
191,191,0.6836013912,0.3361688925,0.0032723274000000524,0.013409142700000043,-1,-1,-1,-1
192,191,0.6835227754,0.3361688925,0.0032723274000000524,0.013409142700000043,-1,-1,-1,-1
193,191,0.6828959062,0.3362678742,0.0032723275000000607,0.013409142600000035,-1,-1,-1,-1
194,191,0.6828959062,0.3362678742,0.0032723275000000607,0.013409142600000035,-1,-1,-1,-1
195,191,0.6828959062,0.3362678742,0.0032723275000000607,0.013409142600000035,-1,-1,-1,-1
196,191,0.6828959062,0.3362678742,0.0032723275000000607,0.013409142600000035,-1,-1,-1,-1
197,191,0.6828959062,0.3362678742,0.0032723275000000607,0.013409142600000035,-1,-1,-1,-1
198,191,0.6828959062,0.3362678742,0.0032723275000000607,0.013409142600000035,-1,-1,-1,-1
199,191,0.6837793421,0.3365223798,0.0032723273999999414,0.01340914259999998,-1,-1,-1,-1
200,191,0.6836838275,0.3361828648,0.0032723274999999497,0.013409142700000043,-1,-1,-1,-1
201,191,0.6837555369,0.3362253042,0.0032723274999999497,0.013409142699999987,-1,-1,-1,-1
202,191,0.6837515449,0.3362040845,0.0032723274999999497,0.013409142699999987,-1,-1,-1,-1
203,191,0.6837475529,0.3361828648,0.0032723274999999497,0.013409142700000043,-1,-1,-1,-1
204,191,0.6837435608,0.3361616452,0.0032723275000000607,0.01340914259999998,-1,-1,-1,-1
205,191,0.6837395688,0.3361404255,0.0032723275000000607,0.013409142699999987,-1,-1,-1,-1
206,191,0.6837355768,0.3361192058,0.0032723275000000607,0.013409142699999987,-1,-1,-1,-1
207,191,0.6837315848,0.3360979861,0.0032723275000000607,0.013409142699999987,-1,-1,-1,-1
208,191,0.6838748566,0.335970668,0.0032723274999999497,0.013409142700000043,-1,-1,-1,-1
209,191,0.6838748566,0.335970668,0.0032723274999999497,0.013409142700000043,-1,-1,-1,-1
210,191,0.6838748566,0.335970668,0.0032723274999999497,0.013409142700000043,-1,-1,-1,-1
211,191,0.6838748566,0.335970668,0.0032723274999999497,0.013409142700000043,-1,-1,-1,-1
212,191,0.6838602682,0.3359730257,0.0032723274999999497,0.013409142700000043,-1,-1,-1,-1
213,191,0.6838456798,0.3359753835,0.0032723275000000607,0.013409142699999987,-1,-1,-1,-1
214,191,0.6838310914,0.3359777412,0.0032723274000000524,0.013409142699999987,-1,-1,-1,-1
215,191,0.6838165029,0.335980099,0.0032723275000000607,0.013409142700000043,-1,-1,-1,-1
216,191,0.6838019145,0.3359824567,0.0032723274999999497,0.013409142699999987,-1,-1,-1,-1
217,191,0.6837873261,0.3359848145,0.0032723274999999497,0.01340914259999998,-1,-1,-1,-1
218,191,0.6837727377,0.3359871722,0.0032723274999999497,0.013409142699999987,-1,-1,-1,-1
219,191,0.6837581493,0.33598953,0.0032723274999999497,0.013409142600000035,-1,-1,-1,-1
220,191,0.6837435608,0.3359918877,0.0032723275000000607,0.013409142600000035,-1,-1,-1,-1
221,191,0.6837289724,0.3359942454,0.0032723275000000607,0.013409142699999987,-1,-1,-1,-1
222,191,0.683714384,0.3359966032,0.0032723275000000607,0.01340914259999998,-1,-1,-1,-1
223,191,0.6836997956,0.3359989609,0.0032723274999999497,0.013409142700000043,-1,-1,-1,-1
224,191,0.6836852072,0.3360013187,0.0032723274999999497,0.01340914259999998,-1,-1,-1,-1
225,191,0.6836706188,0.3360036764,0.0032723274999999497,0.01340914259999998,-1,-1,-1,-1
226,191,0.6836560304,0.3360060342,0.0032723274999999497,0.01340914259999998,-1,-1,-1,-1
227,191,0.6836414419,0.3360083919,0.0032723275000000607,0.013409142600000035,-1,-1,-1,-1
228,191,0.6836268535,0.3360107497,0.0032723275000000607,0.01340914259999998,-1,-1,-1,-1
229,191,0.6836122651,0.3360131074,0.0032723275000000607,0.01340914259999998,-1,-1,-1,-1
230,191,0.6836122651,0.3360131074,0.0032723275000000607,0.01340914259999998,-1,-1,-1,-1
231,191,0.6834929454,0.3364373705,0.0032723274999999497,0.01340914259999998,-1,-1,-1,-1
232,191,0.6834929454,0.3364373705,0.0032723274999999497,0.01340914259999998,-1,-1,-1,-1
233,191,0.6836243146,0.3361827343,0.0032723275000000607,0.01340914259999998,-1,-1,-1,-1
234,191,0.6837556838,0.335928098,0.0032723275000000607,0.013409142699999987,-1,-1,-1,-1
