1,256,0.54448699,0.3425255263,0.006845452299999999,0.019579043299999987,-1,-1,-1,-1
2,256,0.54448699,0.3425255263,0.006845452299999999,0.019579043299999987,-1,-1,-1,-1
3,256,0.54448699,0.3425255263,0.006845452299999999,0.019579043299999987,-1,-1,-1,-1
4,256,0.54448699,0.3425255263,0.006845452299999999,0.019579043299999987,-1,-1,-1,-1
5,256,0.54448699,0.3425255263,0.006845452299999999,0.019579043299999987,-1,-1,-1,-1
6,256,0.54448699,0.3425255263,0.006845452299999999,0.019579043299999987,-1,-1,-1,-1
7,256,0.54448699,0.3425255263,0.006845452299999999,0.019579043299999987,-1,-1,-1,-1
8,256,0.5457263277,0.3425255263,0.005935272300000016,0.019579043299999987,-1,-1,-1,-1
9,256,0.5457026065,0.3425552618,0.005958993499999954,0.01954930779999997,-1,-1,-1,-1
10,256,0.5456788853,0.3425849974,0.0059827147000000025,0.0195195722,-1,-1,-1,-1
11,256,0.5456551641,0.3426147329,0.00600643589999994,0.019489836699999985,-1,-1,-1,-1
12,256,0.5456314429,0.3426444685,0.006030157099999989,0.01946010109999996,-1,-1,-1,-1
13,256,0.5456077217,0.342674204,0.006053878299999926,0.0194303656,-1,-1,-1,-1
14,256,0.5455840005,0.3427039396,0.006077599499999975,0.019400629999999974,-1,-1,-1,-1
15,256,0.5455602794,0.3427336751,0.006101320600000015,0.019370894499999958,-1,-1,-1,-1
16,256,0.5455365582,0.3427634106,0.006125041799999953,0.019341158999999997,-1,-1,-1,-1
17,256,0.545512837,0.3427931462,0.0061487630000000015,0.019311423399999972,-1,-1,-1,-1
18,256,0.5454891158,0.3428228817,0.006172484199999939,0.019281687899999955,-1,-1,-1,-1
19,256,0.5454653946,0.3428526173,0.006196205399999988,0.019251952299999986,-1,-1,-1,-1
20,256,0.5454416734,0.3428823528,0.006219926599999925,0.01922221679999997,-1,-1,-1,-1
21,256,0.5454179522,0.3429120884,0.006243647799999974,0.0191924812,-1,-1,-1,-1
22,256,0.545394231,0.3429418239,0.006267369000000023,0.019162745699999983,-1,-1,-1,-1
23,256,0.545394231,0.3429418239,0.006267369000000023,0.019162745699999983,-1,-1,-1,-1
24,256,0.545394231,0.3429418239,0.006267369000000023,0.019162745699999983,-1,-1,-1,-1
25,256,0.545394231,0.3429418239,0.006267369000000023,0.019162745699999983,-1,-1,-1,-1
26,256,0.545394231,0.3429418239,0.006267369000000023,0.019162745699999983,-1,-1,-1,-1
27,256,0.545394231,0.3429418239,0.006267369000000023,0.019162745699999983,-1,-1,-1,-1
28,256,0.545394231,0.3429418239,0.006267369000000023,0.019162745699999983,-1,-1,-1,-1
29,256,0.545394231,0.3429418239,0.006267369000000023,0.019162745699999983,-1,-1,-1,-1
30,256,0.545394231,0.3429418239,0.006267369000000023,0.019162745699999983,-1,-1,-1,-1
31,256,0.545394231,0.3429418239,0.006267369000000023,0.019162745699999983,-1,-1,-1,-1
32,256,0.545394231,0.3429418239,0.006267369000000023,0.019162745699999983,-1,-1,-1,-1
33,256,0.545394231,0.3429418239,0.006267369000000023,0.019162745699999983,-1,-1,-1,-1
34,256,0.545394231,0.3429418239,0.006267369000000023,0.019162745699999983,-1,-1,-1,-1
35,256,0.545394231,0.3429418239,0.006267369000000023,0.019162745699999983,-1,-1,-1,-1
36,256,0.545394231,0.3429418239,0.006267369000000023,0.019162745699999983,-1,-1,-1,-1
37,256,0.545394231,0.3429418239,0.006267369000000023,0.019162745699999983,-1,-1,-1,-1
38,256,0.545394231,0.3429418239,0.006267369000000023,0.019162745699999983,-1,-1,-1,-1
39,256,0.545394231,0.3429418239,0.006267369000000023,0.019162745699999983,-1,-1,-1,-1
40,256,0.545394231,0.3429418239,0.006267369000000023,0.019162745699999983,-1,-1,-1,-1
41,256,0.545394231,0.3429418239,0.006267369000000023,0.019162745699999983,-1,-1,-1,-1
42,256,0.545394231,0.3429418239,0.006267369000000023,0.019162745699999983,-1,-1,-1,-1
43,256,0.545394231,0.3429418239,0.006267369000000023,0.019162745699999983,-1,-1,-1,-1
44,256,0.545394231,0.3429418239,0.006267369000000023,0.019162745699999983,-1,-1,-1,-1
45,256,0.545394231,0.3429418239,0.006267369000000023,0.019162745699999983,-1,-1,-1,-1
46,256,0.545394231,0.3429418239,0.006267369000000023,0.019162745699999983,-1,-1,-1,-1
47,256,0.545394231,0.3429418239,0.006267369000000023,0.019162745699999983,-1,-1,-1,-1
48,256,0.545394231,0.3429418239,0.006267369000000023,0.019162745699999983,-1,-1,-1,-1
49,256,0.545394231,0.3429418239,0.006267369000000023,0.019162745699999983,-1,-1,-1,-1
50,256,0.545394231,0.3429418239,0.006267369000000023,0.019162745699999983,-1,-1,-1,-1
51,256,0.545394231,0.3429418239,0.006267369000000023,0.019162745699999983,-1,-1,-1,-1
52,256,0.545394231,0.3429418239,0.006267369000000023,0.019162745699999983,-1,-1,-1,-1
53,256,0.545394231,0.3429418239,0.006267369000000023,0.019162745699999983,-1,-1,-1,-1
54,256,0.545394231,0.3429418239,0.006267369000000023,0.019162745699999983,-1,-1,-1,-1
55,256,0.545394231,0.3429418239,0.006267369000000023,0.019162745699999983,-1,-1,-1,-1
56,256,0.545394231,0.3429418239,0.006267369000000023,0.019162745699999983,-1,-1,-1,-1
57,256,0.545394231,0.3429418239,0.006267369000000023,0.019162745699999983,-1,-1,-1,-1
58,256,0.545394231,0.3429418239,0.006267369000000023,0.019162745699999983,-1,-1,-1,-1
59,256,0.545394231,0.3429418239,0.006267369000000023,0.019162745699999983,-1,-1,-1,-1
60,256,0.545394231,0.3429418239,0.006267369000000023,0.019162745699999983,-1,-1,-1,-1
61,256,0.545394231,0.3429418239,0.006267369000000023,0.019162745699999983,-1,-1,-1,-1
62,256,0.545394231,0.3429418239,0.006267369000000023,0.019162745699999983,-1,-1,-1,-1
63,256,0.545394231,0.3429418239,0.006267369000000023,0.019162745699999983,-1,-1,-1,-1
64,256,0.545394231,0.3429418239,0.006267369000000023,0.019162745699999983,-1,-1,-1,-1
65,256,0.545394231,0.3429418239,0.006267369000000023,0.019162745699999983,-1,-1,-1,-1
66,256,0.545394231,0.3429418239,0.006267369000000023,0.019162745699999983,-1,-1,-1,-1
67,256,0.545394231,0.3429418239,0.006267369000000023,0.019162745699999983,-1,-1,-1,-1
68,256,0.545394231,0.3429418239,0.006267369000000023,0.019162745699999983,-1,-1,-1,-1
69,256,0.545394231,0.3429418239,0.006267369000000023,0.019162745699999983,-1,-1,-1,-1
70,256,0.545394231,0.3429418239,0.006267369000000023,0.019162745699999983,-1,-1,-1,-1
71,256,0.545394231,0.3429418239,0.006267369000000023,0.019162745699999983,-1,-1,-1,-1
72,256,0.545394231,0.3429418239,0.006267369000000023,0.019162745699999983,-1,-1,-1,-1
73,256,0.545394231,0.3429418239,0.006267369000000023,0.019162745699999983,-1,-1,-1,-1
74,256,0.545394231,0.3429418239,0.006267369000000023,0.019162745699999983,-1,-1,-1,-1
75,256,0.545394231,0.3429418239,0.006267369000000023,0.019162745699999983,-1,-1,-1,-1
76,256,0.545394231,0.3429418239,0.006267369000000023,0.019162745699999983,-1,-1,-1,-1
77,256,0.545394231,0.3429418239,0.006267369000000023,0.019162745699999983,-1,-1,-1,-1
78,256,0.545394231,0.3429418239,0.006267369000000023,0.019162745699999983,-1,-1,-1,-1
79,256,0.545394231,0.3429418239,0.006267369000000023,0.019162745699999983,-1,-1,-1,-1
80,256,0.545394231,0.3429418239,0.006267369000000023,0.019162745699999983,-1,-1,-1,-1
81,256,0.545394231,0.3429418239,0.006267369000000023,0.019162745699999983,-1,-1,-1,-1
82,256,0.545394231,0.3429418239,0.006267369000000023,0.019162745699999983,-1,-1,-1,-1
83,256,0.545394231,0.3429418239,0.006267369000000023,0.019162745699999983,-1,-1,-1,-1
84,256,0.545394231,0.3429418239,0.006267369000000023,0.019162745699999983,-1,-1,-1,-1
85,256,0.545394231,0.3429418239,0.006267369000000023,0.019162745699999983,-1,-1,-1,-1
86,256,0.545394231,0.3429418239,0.006267369000000023,0.019162745699999983,-1,-1,-1,-1
87,256,0.545394231,0.3429418239,0.006267369000000023,0.019162745699999983,-1,-1,-1,-1
88,256,0.545394231,0.3429418239,0.006267369000000023,0.019162745699999983,-1,-1,-1,-1
89,256,0.545394231,0.3429418239,0.006267369000000023,0.019162745699999983,-1,-1,-1,-1
90,256,0.545394231,0.3429418239,0.006267369000000023,0.019162745699999983,-1,-1,-1,-1
91,256,0.545394231,0.3429418239,0.006267369000000023,0.019162745699999983,-1,-1,-1,-1
92,256,0.545394231,0.3429418239,0.006267369000000023,0.019162745699999983,-1,-1,-1,-1
93,256,0.545394231,0.3429418239,0.006267369000000023,0.019162745699999983,-1,-1,-1,-1
94,256,0.545394231,0.3429418239,0.006267369000000023,0.019162745699999983,-1,-1,-1,-1
95,256,0.545394231,0.3429418239,0.006267369000000023,0.019162745699999983,-1,-1,-1,-1
96,256,0.545394231,0.3429418239,0.006267369000000023,0.019162745699999983,-1,-1,-1,-1
97,256,0.545394231,0.3429418239,0.006267369000000023,0.019162745699999983,-1,-1,-1,-1
98,256,0.545394231,0.3429418239,0.006267369000000023,0.019162745699999983,-1,-1,-1,-1
99,256,0.545394231,0.3429418239,0.006267369000000023,0.019162745699999983,-1,-1,-1,-1
100,256,0.545394231,0.3429418239,0.006267369000000023,0.019162745699999983,-1,-1,-1,-1
101,256,0.545394231,0.3429418239,0.006267369000000023,0.019162745699999983,-1,-1,-1,-1
102,256,0.545394231,0.3429418239,0.006267369000000023,0.019162745699999983,-1,-1,-1,-1
103,256,0.545394231,0.3429418239,0.006267369000000023,0.019162745699999983,-1,-1,-1,-1
104,256,0.545394231,0.3429418239,0.006267369000000023,0.019162745699999983,-1,-1,-1,-1
105,256,0.545394231,0.3429418239,0.006267369000000023,0.019162745699999983,-1,-1,-1,-1
106,256,0.545394231,0.3429418239,0.006267369000000023,0.019162745699999983,-1,-1,-1,-1
107,256,0.545394231,0.3429418239,0.006267369000000023,0.019162745699999983,-1,-1,-1,-1
108,256,0.545394231,0.3429418239,0.006267369000000023,0.019162745699999983,-1,-1,-1,-1
109,256,0.545394231,0.3429418239,0.006267369000000023,0.019162745699999983,-1,-1,-1,-1
110,256,0.545394231,0.3429418239,0.006267369000000023,0.019162745699999983,-1,-1,-1,-1
111,256,0.545394231,0.3429418239,0.006267369000000023,0.019162745699999983,-1,-1,-1,-1
112,256,0.545394231,0.3429418239,0.006267369000000023,0.019162745699999983,-1,-1,-1,-1
113,256,0.545394231,0.3429418239,0.006267369000000023,0.019162745699999983,-1,-1,-1,-1
114,256,0.545394231,0.3429418239,0.006267369000000023,0.019162745699999983,-1,-1,-1,-1
115,256,0.545394231,0.3429418239,0.006267369000000023,0.019162745699999983,-1,-1,-1,-1
116,256,0.545394231,0.3429418239,0.006267369000000023,0.019162745699999983,-1,-1,-1,-1
117,256,0.545394231,0.3426867959,0.006650602600000055,0.019417773699999974,-1,-1,-1,-1
118,256,0.545394231,0.3426867959,0.009398628900000094,0.019417773699999974,-1,-1,-1,-1
119,256,0.545394231,0.3426867959,0.009398628900000094,0.019417773699999974,-1,-1,-1,-1
120,256,0.545394231,0.3426867959,0.008692703100000032,0.019417773699999974,-1,-1,-1,-1
121,256,0.545394231,0.3430004555,0.006877486400000077,0.019104114099999958,-1,-1,-1,-1
122,256,0.545394231,0.3430004555,0.006877486400000077,0.019104114099999958,-1,-1,-1,-1
123,256,0.545394231,0.3430004555,0.006877486400000077,0.019104114099999958,-1,-1,-1,-1
124,256,0.545394231,0.3430004555,0.006877486400000077,0.019104114099999958,-1,-1,-1,-1
125,256,0.545394231,0.3430004555,0.006877486400000077,0.019104114099999958,-1,-1,-1,-1
126,256,0.545394231,0.3430004555,0.006877486400000077,0.019104114099999958,-1,-1,-1,-1
127,256,0.545394231,0.3430004555,0.006877486400000077,0.019104114099999958,-1,-1,-1,-1
128,256,0.545394231,0.3430004555,0.006877486400000077,0.019104114099999958,-1,-1,-1,-1
129,256,0.545394231,0.3430004555,0.006877486400000077,0.019104114099999958,-1,-1,-1,-1
130,256,0.545394231,0.3430004555,0.006877486400000077,0.019104114099999958,-1,-1,-1,-1
131,256,0.545394231,0.3430004555,0.006877486400000077,0.019104114099999958,-1,-1,-1,-1
132,256,0.545394231,0.3430004555,0.006877486400000077,0.019104114099999958,-1,-1,-1,-1
133,256,0.545394231,0.3430004555,0.006877486400000077,0.019104114099999958,-1,-1,-1,-1
134,256,0.545394231,0.3430004555,0.006877486400000077,0.019104114099999958,-1,-1,-1,-1
135,256,0.545394231,0.3430004555,0.006877486400000077,0.019104114099999958,-1,-1,-1,-1
136,256,0.545394231,0.3430004555,0.006877486400000077,0.019104114099999958,-1,-1,-1,-1
137,256,0.545394231,0.3430004555,0.006877486400000077,0.019104114099999958,-1,-1,-1,-1
138,256,0.545394231,0.3430004555,0.006877486400000077,0.019104114099999958,-1,-1,-1,-1
139,256,0.545394231,0.3430004555,0.006877486400000077,0.019104114099999958,-1,-1,-1,-1
140,256,0.545394231,0.3430004555,0.006877486400000077,0.019104114099999958,-1,-1,-1,-1
141,256,0.545394231,0.3430004555,0.006877486400000077,0.019104114099999958,-1,-1,-1,-1
142,256,0.545394231,0.3430004555,0.006877486400000077,0.019104114099999958,-1,-1,-1,-1
143,256,0.545394231,0.3427080809,0.006877486400000077,0.019396488699999992,-1,-1,-1,-1
144,256,0.545394231,0.3427080809,0.006877486400000077,0.019396488699999992,-1,-1,-1,-1
145,256,0.545394231,0.3427080809,0.006877486400000077,0.019396488699999992,-1,-1,-1,-1
146,256,0.545394231,0.3427080809,0.006877486400000077,0.019396488699999992,-1,-1,-1,-1
147,256,0.545394231,0.3427080809,0.006877486400000077,0.019396488699999992,-1,-1,-1,-1
148,256,0.545394231,0.3427080809,0.006877486400000077,0.019396488699999992,-1,-1,-1,-1
149,256,0.545394231,0.3427080809,0.006877486400000077,0.019396488699999992,-1,-1,-1,-1
150,256,0.545394231,0.3427080809,0.006877486400000077,0.019396488699999992,-1,-1,-1,-1
151,256,0.545394231,0.3427080809,0.006877486400000077,0.019396488699999992,-1,-1,-1,-1
152,256,0.545394231,0.3427080809,0.006877486400000077,0.019396488699999992,-1,-1,-1,-1
153,256,0.545394231,0.3427080809,0.006877486400000077,0.019396488699999992,-1,-1,-1,-1
154,256,0.545394231,0.3427080809,0.006877486400000077,0.019396488699999992,-1,-1,-1,-1
155,256,0.545394231,0.3427080809,0.006877486400000077,0.019396488699999992,-1,-1,-1,-1
156,256,0.545394231,0.3427080809,0.006877486400000077,0.019396488699999992,-1,-1,-1,-1
157,256,0.545394231,0.3427080809,0.006877486400000077,0.019396488699999992,-1,-1,-1,-1
158,256,0.545394231,0.3427080809,0.006877486400000077,0.019396488699999992,-1,-1,-1,-1
159,256,0.545394231,0.3427080809,0.006877486400000077,0.019396488699999992,-1,-1,-1,-1
160,256,0.545394231,0.3427080809,0.006877486400000077,0.019396488699999992,-1,-1,-1,-1
161,256,0.545394231,0.3427080809,0.006877486400000077,0.019396488699999992,-1,-1,-1,-1
162,256,0.545394231,0.3427080809,0.006877486400000077,0.019396488699999992,-1,-1,-1,-1
163,256,0.545394231,0.3427080809,0.006877486400000077,0.019396488699999992,-1,-1,-1,-1
164,256,0.545394231,0.3427080809,0.006877486400000077,0.019396488699999992,-1,-1,-1,-1
165,256,0.545394231,0.3427080809,0.006877486400000077,0.019396488699999992,-1,-1,-1,-1
166,256,0.545394231,0.3427080809,0.006877486400000077,0.019396488699999992,-1,-1,-1,-1
167,256,0.545394231,0.3427080809,0.006877486400000077,0.019396488699999992,-1,-1,-1,-1
168,256,0.545394231,0.3427080809,0.006877486400000077,0.019396488699999992,-1,-1,-1,-1
169,256,0.545394231,0.3427080809,0.006877486400000077,0.019396488699999992,-1,-1,-1,-1
170,256,0.545394231,0.3427080809,0.006877486400000077,0.019396488699999992,-1,-1,-1,-1
171,256,0.545394231,0.3427080809,0.006877486400000077,0.019396488699999992,-1,-1,-1,-1
172,256,0.545394231,0.3427080809,0.006877486400000077,0.019396488699999992,-1,-1,-1,-1
173,256,0.545394231,0.3427080809,0.006877486400000077,0.019396488699999992,-1,-1,-1,-1
174,256,0.545394231,0.3427080809,0.006877486400000077,0.019396488699999992,-1,-1,-1,-1
175,256,0.545394231,0.3427080809,0.006877486400000077,0.019396488699999992,-1,-1,-1,-1
176,256,0.545394231,0.3427080809,0.006877486400000077,0.019396488699999992,-1,-1,-1,-1
177,256,0.545394231,0.3427080809,0.006877486400000077,0.019396488699999992,-1,-1,-1,-1
178,256,0.545394231,0.3427080809,0.006877486400000077,0.019396488699999992,-1,-1,-1,-1
179,256,0.545394231,0.3427080809,0.006877486400000077,0.019396488699999992,-1,-1,-1,-1
180,256,0.545394231,0.3427080809,0.006877486400000077,0.019396488699999992,-1,-1,-1,-1
181,256,0.545394231,0.3427080809,0.006877486400000077,0.019396488699999992,-1,-1,-1,-1
182,256,0.545394231,0.3427080809,0.006877486400000077,0.019396488699999992,-1,-1,-1,-1
183,256,0.545394231,0.3427080809,0.006877486400000077,0.019396488699999992,-1,-1,-1,-1
184,256,0.545394231,0.3427080809,0.006877486400000077,0.019396488699999992,-1,-1,-1,-1
185,256,0.545394231,0.3427080809,0.006877486400000077,0.019396488699999992,-1,-1,-1,-1
186,256,0.545394231,0.3427080809,0.006877486400000077,0.019396488699999992,-1,-1,-1,-1
187,256,0.545394231,0.3427080809,0.006877486400000077,0.019396488699999992,-1,-1,-1,-1
188,256,0.545394231,0.3427080809,0.006877486400000077,0.019396488699999992,-1,-1,-1,-1
189,256,0.545394231,0.3427080809,0.006877486400000077,0.019396488699999992,-1,-1,-1,-1
190,256,0.545394231,0.3427080809,0.006877486400000077,0.019396488699999992,-1,-1,-1,-1
191,256,0.545394231,0.3427080809,0.006877486400000077,0.019396488699999992,-1,-1,-1,-1
192,256,0.545394231,0.3427080809,0.006877486400000077,0.019396488699999992,-1,-1,-1,-1
193,256,0.545394231,0.3427080809,0.006877486400000077,0.019396488699999992,-1,-1,-1,-1
194,256,0.545394231,0.3427080809,0.006877486400000077,0.019396488699999992,-1,-1,-1,-1
195,256,0.545394231,0.3427080809,0.006877486400000077,0.019396488699999992,-1,-1,-1,-1
196,256,0.545394231,0.3427080809,0.006877486400000077,0.019396488699999992,-1,-1,-1,-1
197,256,0.545394231,0.3427080809,0.006877486400000077,0.019396488699999992,-1,-1,-1,-1
198,256,0.545394231,0.3427080809,0.006877486400000077,0.019396488699999992,-1,-1,-1,-1
199,256,0.545394231,0.3427080809,0.006877486400000077,0.019396488699999992,-1,-1,-1,-1
200,256,0.545394231,0.3427080809,0.006877486400000077,0.019396488699999992,-1,-1,-1,-1
201,256,0.545394231,0.3427080809,0.006877486400000077,0.019396488699999992,-1,-1,-1,-1
202,256,0.545394231,0.3427080809,0.006877486400000077,0.019396488699999992,-1,-1,-1,-1
203,256,0.545394231,0.3427080809,0.006877486400000077,0.019396488699999992,-1,-1,-1,-1
204,256,0.545394231,0.3427080809,0.006877486400000077,0.019396488699999992,-1,-1,-1,-1
205,256,0.545394231,0.3427080809,0.006877486400000077,0.019396488699999992,-1,-1,-1,-1
206,256,0.545394231,0.3427080809,0.006877486400000077,0.019396488699999992,-1,-1,-1,-1
207,256,0.545394231,0.3427080809,0.006877486400000077,0.019396488699999992,-1,-1,-1,-1
208,256,0.545394231,0.3427080809,0.006877486400000077,0.019396488699999992,-1,-1,-1,-1
209,256,0.545394231,0.3427080809,0.006877486400000077,0.019396488699999992,-1,-1,-1,-1
210,256,0.545394231,0.3427080809,0.006877486400000077,0.019396488699999992,-1,-1,-1,-1
211,256,0.545394231,0.3427080809,0.006877486400000077,0.019396488699999992,-1,-1,-1,-1
212,256,0.545394231,0.3427080809,0.006877486400000077,0.019396488699999992,-1,-1,-1,-1
213,256,0.545394231,0.3427080809,0.006877486400000077,0.019396488699999992,-1,-1,-1,-1
214,256,0.545394231,0.3427080809,0.006877486400000077,0.019396488699999992,-1,-1,-1,-1
215,256,0.545394231,0.3427080809,0.006877486400000077,0.019396488699999992,-1,-1,-1,-1
216,256,0.545394231,0.3427080809,0.006877486400000077,0.019396488699999992,-1,-1,-1,-1
217,256,0.545394231,0.3427080809,0.006877486400000077,0.019396488699999992,-1,-1,-1,-1
218,256,0.545394231,0.3427080809,0.006877486400000077,0.019396488699999992,-1,-1,-1,-1
219,256,0.545394231,0.3427080809,0.006877486400000077,0.019396488699999992,-1,-1,-1,-1
220,256,0.545394231,0.3427080809,0.006877486400000077,0.019396488699999992,-1,-1,-1,-1
221,256,0.545394231,0.3427080809,0.006877486400000077,0.019396488699999992,-1,-1,-1,-1
222,256,0.545394231,0.3427080809,0.006877486400000077,0.019396488699999992,-1,-1,-1,-1
223,256,0.545394231,0.3427080809,0.006877486400000077,0.019396488699999992,-1,-1,-1,-1
224,256,0.545394231,0.3427080809,0.006877486400000077,0.019396488699999992,-1,-1,-1,-1
225,256,0.545394231,0.3427080809,0.006877486400000077,0.019396488699999992,-1,-1,-1,-1
226,256,0.545394231,0.3427080809,0.006877486400000077,0.019396488699999992,-1,-1,-1,-1
227,256,0.545394231,0.3427080809,0.006877486400000077,0.019396488699999992,-1,-1,-1,-1
228,256,0.545394231,0.3427080809,0.006877486400000077,0.019396488699999992,-1,-1,-1,-1
229,256,0.545394231,0.3427080809,0.006877486400000077,0.019396488699999992,-1,-1,-1,-1
230,256,0.545394231,0.3427080809,0.006877486400000077,0.019396488699999992,-1,-1,-1,-1
231,256,0.545394231,0.3427080809,0.006877486400000077,0.019396488699999992,-1,-1,-1,-1
232,256,0.545394231,0.3427080809,0.0068313455000000856,0.019396488699999992,-1,-1,-1,-1
233,256,0.545394231,0.3427080809,0.006877486400000077,0.019396488699999992,-1,-1,-1,-1
234,256,0.545394231,0.3427080809,0.006877486400000077,0.019396488699999992,-1,-1,-1,-1
