0,64,0.8398300106,1.5694396854,0.5891216602,1.1730173372
0,64,0.9096425288,1.57054689585,0.6361943018,1.1736827865
0,64,0.52737211045,0.8874750195500001,0.3657447899,0.6583096805
0,64,0.5664926538499999,0.8927757619000001,0.3905406533,0.6564773444
0,64,0.3509954376,1.06892212105,0.2594962006,0.8039195433
0,64,0.96304458415,1.18959067205,0.6640298781,0.9102255459
0,64,0.9833673234,0.800761241,0.6651754646,0.5887297492
0,64,0.9683987494499999,0.7953895303,0.6561705655,0.5888115528
0,64,1.0480845077,0.62395755855,0.7042335562,0.4486828387
0,64,1.06433520125,0.65295853325,0.7140007241,0.4526828471
0,64,1.06657964555,0.62686772395,0.7175817839,0.4479975409
0,64,1.0469143814,0.5760483438,0.704508638,0.4077026016
0,64,1.07070175835,0.5297361550999999,0.7173416751,0.36954739
0,64,1.0920892619,0.56972269085,0.7320469438,0.3999977017
0,64,1.07500674475,0.5640058141,0.7217363717,0.4015632574
0,64,1.0667398896,0.5652422361,0.7176398274,0.4006816938
0,64,1.0682124296,0.55743345775,0.716634133,0.3963167069
0,64,1.07362700085,0.5635297097,0.7194867843,0.3979764126
0,64,1.03688653225,0.56090480215,0.6950929635,0.3950627215
0,64,1.0183254159500001,0.63698664035,0.6861337015,0.4574406267
0,64,1.0109205425,0.6468460237,0.6774163116,0.4398297254
0,64,1.0631115134,0.63582954725,0.7164063676,0.4573601877
0,64,1.0676561677,0.5412441447,0.7157473174,0.379632812
0,64,1.0636618485,0.55004328385,0.7115182936,0.3740185987
0,64,1.0617313285,0.5364928942,0.7106947462,0.375728129
0,64,1.07657237475,0.53455700615,0.7215951571,0.3757858465
0,64,1.0631115134,0.63582954725,0.7164063676,0.4573601877
0,64,1.0676561677,0.5412441447,0.7157473174,0.379632812
0,64,1.0636618485,0.55004328385,0.7115182936,0.3740185987
0,64,1.0631115134,0.63582954725,0.7164063676,0.4573601877
0,64,1.0676561677,0.5412441447,0.7157473174,0.379632812
0,64,1.0617313285,0.5364928942,0.7106947462,0.375728129
0,64,1.07657237475,0.53455700615,0.7215951571,0.3757858465
0,64,1.0631115134,0.63582954725,0.7164063676,0.4573601877
0,64,1.0617313285,0.5364928942,0.7106947462,0.375728129
0,64,1.07657237475,0.53455700615,0.7215951571,0.3757858465
0,64,1.0617313285,0.5364928942,0.7106947462,0.375728129
0,64,1.07657237475,0.53455700615,0.7215951571,0.3757858465
0,64,1.0716616794,0.6081394921000001,0.7191921588,0.4300386368
0,64,1.0875834356,0.59171388975,0.7292148648,0.4081164181
0,64,1.0847479768500001,0.6011251133,0.7291505027,0.4296210334
0,64,1.05285354775,0.5272497305,0.7050806965,0.3687516192
0,64,1.11949733495,0.57223291405,0.7510797549,0.4088581277
0,64,1.1275158525,0.56899779365,0.7593275072,0.4048190751
0,64,1.05529651525,0.7493194031,0.7179830919,0.531028793
0,64,1.0668668503999998,0.7555566843,0.722726196,0.5266984104
0,64,1.0578342259,0.74050251555,0.7233294804,0.5249254677
0,64,1.0096402805,0.58620761025,0.6798871988,0.4065384571
0,64,1.01156299575,0.5810851519,0.6799507335,0.4015981052
0,64,1.008820619,0.57646653475,0.6767440364,0.3998891875
0,64,1.0083255232500001,0.5532357472,0.6760559645,0.3892840466
0,64,1.10316222125,0.5272022066,0.7402235745,0.3648200362
0,64,1.05524824375,0.50386368,0.7062605213,0.349752363
0,64,1.0400085345999999,0.4994787793,0.6962676452,0.3482301608
0,64,1.05963390315,0.50483861025,0.7091190505,0.3503666239
0,64,1.0505856656500001,0.5025270359,0.7032928117,0.349043038
0,64,1.0249862989,0.50360834635,0.685276712,0.3440315065
0,64,1.09120012965,0.5225383078,0.7313601209,0.3636915408
0,64,1.0444732507,0.5224963254,0.6997615664,0.3663362316
0,64,1.04275038915,0.5373683205,0.6971763557,0.3636056174
0,64,1.0597153844,0.48515092225,0.7091288958,0.3356008579
0,64,1.0563177124499998,0.488057366,0.7060891829,0.3363113582
0,64,1.06788826805,0.48069772675,0.7140428975,0.3324406267
0,64,1.0721578405,0.4827910975,0.7169963534,0.332910202
0,64,1.08016790865,0.47412497859999997,0.7220067513,0.3257179696
0,64,1.06838310675,0.46974125305,0.7140962387,0.3221069671
0,64,1.0513713093,0.5496520363999999,0.7052349892,0.386144578
0,64,0.99009117675,0.5382284032,0.6651155109,0.3737298224
0,64,0.9965057115,0.5339049415,0.6663599916,0.3713239672
0,64,1.0715389065,0.46299156539999997,0.716006823,0.316207242
0,64,1.0732620618,0.46879015420000003,0.7165865226,0.3167785412
0,64,1.07607628695,0.45778817245,0.7190791577,0.3130963711
0,64,1.0605473893,0.46085575525,0.7086228158,0.3146483461
0,64,1.0716109097,0.47317146395,0.7160999864,0.3258112057
0,64,1.0742484330000002,0.47424550645,0.7179326896,0.3260206603
0,64,1.06011397385,0.4330391001,0.7074133081,0.2918312444
0,64,1.05884429195,0.43306959115,0.7066819607,0.2919026731
0,64,1.06173390005,0.4331229995,0.7085433183,0.2921682782
0,64,1.0795627139500001,0.49699816555,0.7230431573,0.3387998721
0,64,1.07982802395,0.5004083973,0.7221057925,0.3465396376
0,64,1.0873644135,0.50120841205,0.7283577322,0.3482720779
0,64,1.03144918445,0.5207815791,0.6899979251,0.363116977
0,64,1.03541913535,0.5193732449999999,0.6936755281,0.3592151668
0,64,1.03047405475,0.52600351475,0.6902048243,0.3600298721
0,64,1.03873393005,0.52082597715,0.6945072391,0.3554980005
0,64,1.03769840575,0.52638514265,0.6938709655,0.3525747769
0,64,1.03004109775,0.5182027053,0.6899149363,0.3564816798
0,64,1.03662577765,0.5141467388500001,0.6946225913,0.3530037409
0,64,1.03662577765,0.5141467388500001,0.6946225913,0.3530037409
0,64,1.030307933,0.516293975,0.6898831608,0.3561592712
0,64,1.0577572632,0.45893775695,0.7065783642,0.3136415537
0,64,1.0561768652499999,0.4595367397,0.7054345411,0.3140865794
0,64,1.058542613,0.45871654995,0.707338219,0.3139040249
0,64,1.06188562115,0.4619405055,0.7090353405,0.3136618376
0,64,1.06074312055,0.43619325919999996,0.7081249647,0.2953636362
0,64,1.06294252615,0.43729400585,0.7095260893,0.2959412033
0,64,1.06044871545,0.44170743895,0.7078159385,0.2997570901
0,64,1.0619284558,0.4414806168,0.7088665982,0.299349411
0,64,1.06044871545,0.44170743895,0.7078159385,0.2997570901
0,64,1.0619284558,0.4414806168,0.7088665982,0.299349411
0,64,1.06333744185,0.4416412334,0.7098215965,0.2992828138
0,64,1.02742310055,0.51008587905,0.6877883069,0.3494067107
0,64,1.03134720445,0.5077513873,0.6908266973,0.3481373166
0,64,1.0420327812,0.49441961485,0.6975071298,0.3389175271
0,64,1.04759848575,0.49479001265,0.7017538523,0.3391830017
0,64,1.0420905307,0.49147099289999996,0.6971629836,0.3348829144
0,64,1.0420327812,0.49441961485,0.6975071298,0.3389175271
0,64,1.04759848575,0.49479001265,0.7017538523,0.3391830017
0,64,1.0420905307,0.49147099289999996,0.6971629836,0.3348829144
0,64,1.0475875383,0.49334635585,0.7010401384,0.3382800225
0,64,1.0475875383,0.49334635585,0.7010401384,0.3382800225
0,64,1.0644114659500001,0.47415879945000006,0.7114094887,0.3260049903
0,64,1.06445349235,0.4752146257,0.7118600233,0.3264039204
0,64,1.0503415892999999,0.48001138415,0.702449345,0.3320151883
0,64,1.05611933615,0.47591050069999996,0.7067445595,0.328447278
0,64,1.05336352185,0.47677894075000005,0.7041618469,0.3274429667
0,64,1.0672884368,0.51626113345,0.7148108342,0.3600915071
0,64,1.0766880942000001,0.51579031765,0.7215050796,0.3606690743
0,64,1.05935279655,0.5168229001,0.7104074679,0.3616490972
0,64,1.1092883628,0.49709678735,0.7417863794,0.3439652215
0,64,1.07066553635,0.49872185680000003,0.7170699731,0.3438988642
0,64,1.05151024615,0.4901802485,0.7037454035,0.341477731
0,64,1.0518881164,0.4831050182,0.7032236004,0.3283779386
0,64,1.0610401708000001,0.49370245485,0.7101794086,0.3415824583
0,64,1.06818568555,0.4669115919,0.7142112969,0.318973897
0,64,1.060128154,0.4736125069,0.708735376,0.325724107
0,64,1.06389296905,0.46403576975,0.7107245761,0.3175978169
0,64,1.05594410375,0.4644106464,0.7059782391,0.3180833232
0,64,1.06085957485,0.4643088834,0.7091657791,0.3175984698
0,64,0.92832678545,0.55605137065,0.6224125851,0.3901479815
0,64,0.9391414538,0.55265746185,0.629716507,0.3894685599
0,64,0.71799866805,0.6919183952,0.4859199841,0.4990250698
0,64,0.7304824159500001,0.6935956643,0.4941697937,0.503232574
0,64,0.81893980935,0.6347262543000001,0.5538800349,0.4482374212
0,64,0.8578026215000001,0.56807338805,0.5765311852,0.4008952797
0,64,0.8903520349,0.54894069975,0.5974872628,0.3853434533
0,64,0.8809616490000001,0.58298959625,0.5919700502,0.4159233031
0,64,0.8895024105,0.5889918939500001,0.5975131252,0.4189158661
0,64,0.94838218975,0.5052489662499999,0.6359906355,0.3509225143
0,64,0.9173478158,0.50753862975,0.6149571026,0.3574136977
0,64,0.9288126173,0.51140737335,0.6227740684,0.3588792551
0,64,0.9057716926500001,0.6051447091,0.6104359459,0.430884029
0,64,0.7758260977,0.5476039778,0.5220197706,0.3776010762
0,64,0.821225031,0.5239941087,0.5516616,0.3621045696
0,64,0.7298164593500001,0.49445434985000003,0.4890790167,0.3424001669
0,64,0.73943991455,0.5325917369,0.4959654667,0.3589093422
0,64,0.74380661805,0.51910104535,0.4991990005,0.3639967125
0,64,0.7616378565999999,0.5154699331,0.5116687886,0.3603150646
0,64,1.06652748,0.45505083319999995,0.7123766834,0.3072975864
0,64,1.06684444125,0.4559218196,0.7125691819,0.3116467728
0,64,1.0700727586,0.45576466345,0.7148857764,0.3116314947
0,64,1.0666540735,0.4559288711,0.712385941,0.3101429828
0,64,1.07082210665,0.45750206574999996,0.7154087551,0.3124627839
0,64,1.07258368835,0.44495711930000004,0.7159406975,0.30174717
0,64,1.0702889887,0.44482000749999995,0.7146196582,0.3019237178
0,64,0.7543697893000001,0.49771193045,0.504716507,0.3407967423
0,64,0.7565637579,0.49706254279999995,0.5065784524,0.3423211644
0,64,1.0499179456999999,0.4777266445,0.7019932264,0.3260359384
0,64,1.05441741435,0.47732144649999997,0.7057291667,0.3260027704
0,64,1.049863282,0.46984591504999995,0.7011688626,0.3228856315
0,64,1.0634190701000001,0.44786284485,0.7101238632,0.3040101677
0,64,1.06550510725,0.44858986385,0.7114804633,0.3052127035
0,64,1.06862262765,0.44434873455,0.7135102203,0.3014282871
0,64,1.06403219985,0.44432647030000005,0.7103147453,0.3027013376
0,64,1.06456855065,0.4423470328,0.7104046759,0.2969487792
0,64,1.06387761325,0.44248042304999996,0.7100790449,0.3000040219
0,64,1.06476215125,0.43506267445,0.7107930527,0.2942252165
0,64,1.06392875025,0.43354432445,0.7100149767,0.2930480137
0,64,1.0652123919999998,0.4406489358,0.710856827,0.2981511844
0,64,1.0697602179499999,0.43660228775,0.7138694121,0.2950902251
0,64,1.0594857153500001,0.4406061759,0.7072954133,0.2986081842
0,64,1.0559307317,0.4399683389,0.7049217016,0.2984452566
0,64,1.0576984851,0.43941773715,0.7059523768,0.2973176753
0,64,1.07429214925,0.43587698804999997,0.7168933447,0.2947812375
0,64,1.07439288035,0.44199380675,0.7176185203,0.2999216243
0,64,1.062797344,0.43922786994999996,0.7094449754,0.2977488593
0,64,1.06034071055,0.43491008865,0.7079434871,0.2930148457
0,64,1.0714367059,0.4380709074,0.7150450652,0.295823026
0,64,1.0774791676,0.4405183204,0.719030269,0.2976791498
0,64,1.06514854425,0.4434343295,0.7110574075,0.3014158818
0,64,1.0679168489,0.4454509177,0.7128116418,0.302629256
0,64,1.05738953235,0.44531524219999996,0.7060721373,0.3021312136
0,64,1.0603643688,0.44526444555,0.7079217392,0.3021549797
0,64,1.0556155337,0.45166280054999997,0.705060516,0.3080592751
0,64,1.055123781,0.44931355305,0.7042256212,0.3022560507
0,64,1.05985285185,0.45310848135000004,0.7073906785,0.3049493183
0,64,1.05870182835,0.45580122655,0.7071294095,0.3108036005
0,64,1.05669609685,0.44876536695,0.7054749511,0.3048251341
0,64,1.0951474509499999,0.47111348105,0.7323497983,0.3254009149
0,64,0.92538280745,0.5777827428,0.6219780675,0.4090512594
0,64,1.3267333533999999,0.8440660753,0.898615157,0.6087402376
0,64,1.3362934753,0.8391196691,0.9004696082,0.5969962852
0,64,1.3192205486,0.8289263204999999,0.8915419394,0.5967049552
0,64,1.33825688645,0.865629714,0.8987302153,0.601879163
0,64,1.2276807546500002,0.7918474847500001,0.8273408993,0.5694706335
0,64,1.21608191205,0.7752361457,0.8209934451,0.5513931604
0,64,0.9249766169,0.8903012915499999,0.636799423,0.6411115629
0,64,0.22229149475,0.896591714,0.1621273023,0.6582241488
0,64,0.24633503435,0.8544035219,0.1776020507,0.5974662522
0,64,0.2617350242,0.8616694681,0.1885652808,0.6055452714
0,64,0.2765997286,0.88034017835,0.1968305196,0.6501353359
0,64,0.2765997286,0.88034017835,0.1968305196,0.6501353359
0,64,0.3108329043,0.8571338749499999,0.2253478492,0.6028112621
0,64,0.3733525949,0.8995873457,0.2596801762,0.6589325598
0,64,0.7619215346,0.6038738133,0.513969219,0.4328298414
0,64,1.2829565506,0.7395242663999999,0.8633570738,0.5433798242
0,64,0.047050563000000004,0.95056401265,0.051197179,0.7102417555
0,64,1.053922943,1.17390334055,0.7269674816,0.8625055889
0,64,0.38545839925000003,0.7478807085,0.2680816335,0.5302370702
0,64,0.4321677182,0.69974506345,0.2982214608,0.5087852103
0,64,0.40994472205,0.7209697747999999,0.2785683931,0.506209206
0,64,0.4338337118,0.7207967528,0.2972776304,0.5127177074
0,64,0.6180688785999999,0.55001329335,0.4163054748,0.3897589757
0,64,0.48273317885,0.5874725645500001,0.3273332581,0.4084841389
0,64,0.49177039545,0.58519624745,0.3320865015,0.4059764293
0,64,0.45866983829999997,0.5660283437,0.310203537,0.4014106062
0,64,0.480027326,0.5692371517,0.323726042,0.4025910736
0,64,0.66303255955,0.5427816903,0.4480733105,0.3759476384
0,64,0.6655543633,0.54114842755,0.4485031258,0.3743120905
0,64,0.69450055315,0.5028942995500001,0.4659887487,0.3504009671
0,64,0.7006298668500001,0.50443746025,0.4704063687,0.3516669661
0,64,0.7605901504499999,0.48405621725000003,0.5090732065,0.3323687817
0,64,-0.00018761260000000127,0.81602782145,0.0182171906,0.6059033291
0,64,0.05813777835,0.8046459094,0.0586097671,0.597976047
0,64,0.04781471595,0.82720178055,0.0530062975,0.6110472417
0,64,0.27346240720000003,0.6157595132,0.1881879984,0.4398615876
0,64,0.2831489022,0.74028654275,0.2004782192,0.5429694029
0,64,0.6538962283,0.527968784,0.4400721326,0.3685997516
0,64,0.6480642586,0.5356605603,0.4347453612,0.3684199392
0,64,0.6369102934,0.5263549127,0.4290813502,0.3693187398
0,64,0.5900895897,0.5854014581,0.3976692694,0.4154592122
0,64,0.6863130484,0.5325635311,0.4613343996,0.3660979182
0,64,0.664655939,0.6160371973000001,0.4478262952,0.4275717996
0,64,0.65510698505,0.61638269295,0.4425447831,0.4280018083
0,64,0.6412756008,0.61571106705,0.4336428298,0.4298103783
0,64,0.5538673241000001,0.66314744195,0.3758010974,0.4574407137
0,64,0.54750856405,0.6610922355,0.3705956389,0.4584110984
0,64,0.7200196084,0.49244781655,0.4828879124,0.3412353695
0,64,0.5431366622,0.5691472037,0.3668171048,0.3944862868
0,64,0.5136311606,0.8021451207,0.35922965,0.5745411586
0,64,0.5298131677,0.7805475305,0.3656739622,0.5689514368
0,64,0.551635958,0.8053292786999999,0.385806219,0.583383755
0,64,0.58847495345,0.7909856563,0.4076130657,0.571420494
0,64,0.60138072855,0.81025117055,0.4151578311,0.5956192909
0,64,0.3276696161,0.6026504495,0.2263788182,0.4321122896
0,64,0.27733500675,0.63154114715,0.1915830253,0.4292168801
0,64,0.28571996945,0.6219599701,0.1994293963,0.4422319242
0,64,0.13427750905000002,0.6465417661,0.0962812083,0.4604615262
0,64,0.12170772465,0.64914604155,0.0870192387,0.4635969467
0,64,0.21953303540000002,0.6046186568,0.1513850046,0.428414319
0,64,0.1849506439,0.6099185504,0.1287854608,0.4343711086
0,64,0.4054134398,0.57685900105,0.2749839536,0.4095393775
0,64,0.3041176457,0.60360487825,0.2084235578,0.4279900559
0,64,0.45820776845,0.59105712415,0.3131904965,0.4251779581
0,64,0.2255921459,0.6052519828,0.1541818902,0.42463604
0,64,0.7206099616,0.4881539319,0.483028833,0.3397246586
0,64,1.0215460186,0.7509771501,0.691521896,0.5494247572
0,64,0.93494101905,0.7240689586,0.6340640341,0.5171393672
0,64,0.8447288807,0.74037878915,0.5727929386,0.5132896389
0,64,0.8970479841000001,0.8711173854500001,0.6084445416,0.6298472287
0,64,0.91680009315,0.8712992218,0.6252739063,0.6285412714
0,64,0.82530599915,0.7728068509999999,0.5601382933,0.5430937176
0,64,1.2932117242,0.7895638068999999,0.8769662766,0.5844739294
0,64,1.31306500515,0.7932854782500001,0.8897536137,0.5832478887
0,64,0.5733341385999999,0.76626367985,0.3920233326,0.5565947905
0,64,0.73933881615,0.4900216559,0.4956342517,0.3389278432
0,64,0.7248982697,0.4919909078,0.4857952274,0.3420846792
0,64,0.6939528875,0.49557474925,0.4660945494,0.3450230505
0,64,0.8275887227000001,0.53561270175,0.5589038048,0.3727057931
0,64,0.40068936504999997,0.5627568561,0.2721580463,0.3987015382
0,64,0.9009519564499999,0.47744726285000005,0.6029803763,0.3288276653
