173,284,0.5154757035,0.3336888664,0.003730797099999905,0.024499137100000012,-1,-1,-1,-1
174,284,0.5134109734,0.3341645791,0.0041525305000000845,0.024499137099999957,-1,-1,-1,-1
175,284,0.512135928,0.3349198693,0.003542707100000042,0.024499137100000012,-1,-1,-1,-1
176,284,0.5105932951,0.3357576877,0.003429999900000036,0.024499137100000012,-1,-1,-1,-1
177,284,0.5084547984,0.3362506372,0.0035988402000000086,0.024766439899999992,-1,-1,-1,-1
178,284,0.5069425831,0.337492609,0.0038144092000000906,0.024384485499999997,-1,-1,-1,-1
179,284,0.505710005,0.3375487596,0.003706404200000013,0.0249710628,-1,-1,-1,-1
180,284,0.5046671334,0.3390091962,0.003706404200000013,0.024465446700000004,-1,-1,-1,-1
181,284,0.5034029619,0.3395474579,0.003801331000000019,0.024713553899999963,-1,-1,-1,-1
182,284,0.5020124175,0.3399405118,0.0038013309000000106,0.02471355380000001,-1,-1,-1,-1
183,284,0.500621873,0.34072675,0.004085817299999905,0.024713553899999963,-1,-1,-1,-1
184,284,0.4993578485,0.3410637839,0.00383292430000004,0.025275451100000013,-1,-1,-1,-1
185,284,0.4988206161,0.3415694,0.0038329241999999764,0.025556203799999955,-1,-1,-1,-1
186,284,0.4976745888,0.3417391575,0.0038329241999999764,0.026160409800000006,-1,-1,-1,-1
187,284,0.4971971631,0.3424747296,0.0038329242999999846,0.02616040989999996,-1,-1,-1,-1
188,284,0.4964013068,0.3429273292,0.0040614242999999495,0.026725963399999997,-1,-1,-1,-1
189,284,0.4957964794,0.3445114276,0.004061424400000013,0.026556336400000047,-1,-1,-1,-1
190,284,0.4949688828,0.345303542,0.004061424400000013,0.0265563365,-1,-1,-1,-1
191,284,0.4946505991,0.345925899,0.004061424300000005,0.026556206000000027,-1,-1,-1,-1
192,284,0.4938866298,0.3466047983,0.004252306500000025,0.02655620599999997,-1,-1,-1,-1
193,284,0.4931226606,0.347170613,0.004252306500000025,0.02655620599999997,-1,-1,-1,-1
194,284,0.4924223188,0.3476797549,0.004252306400000017,0.026556205899999963,-1,-1,-1,-1
195,284,0.4906714641,0.3481323544,0.004252306499999969,0.026556205899999963,-1,-1,-1,-1
196,284,0.489366295,0.348664087,0.004252306400000017,0.02755202940000001,-1,-1,-1,-1
197,284,0.4878383565,0.3493995286,0.004538996999999989,0.027721656300000008,-1,-1,-1,-1
198,284,0.4870743873,0.3502480548,0.004347967899999972,0.027948086600000033,-1,-1,-1,-1
199,284,0.48592836,0.3513795537,0.0045072567000000174,0.027948086599999977,-1,-1,-1,-1
200,284,0.4854826745,0.3522282105,0.004507256800000026,0.028117843999999947,-1,-1,-1,-1
201,284,0.4850369891,0.3536426819,0.004761913200000023,0.027947956100000004,-1,-1,-1,-1
202,284,0.4854190472,0.3546045539,0.004761913100000015,0.027947955999999996,-1,-1,-1,-1
203,284,0.4858328455,0.3552269109,0.004761913100000015,0.02851364009999996,-1,-1,-1,-1
204,284,0.4861192421,0.3557361833,0.004761913099999959,0.0293054935,-1,-1,-1,-1
205,284,0.4856735566,0.3565848401,0.004761913200000023,0.02953179319999999,-1,-1,-1,-1
206,284,0.4850051019,0.3570939819,0.0047619131999999675,0.030196458999999953,-1,-1,-1,-1
207,284,0.4839600261,0.3573849201,0.004906654399999988,0.030560262299999974,-1,-1,-1,-1
208,284,0.4822002078,0.3585488034,0.005074906900000009,0.030123724500000004,-1,-1,-1,-1
209,284,0.4810133297,0.3596398217,0.004829361099999985,0.03012372440000005,-1,-1,-1,-1
210,284,0.4787622729,0.3605127668,0.005156902399999996,0.030632866300000006,-1,-1,-1,-1
211,284,0.4780664863,0.3610946432,0.004829508099999991,0.03150581139999997,-1,-1,-1,-1
212,284,0.4767977596,0.3621129268,0.0052387510000000415,0.03150581149999998,-1,-1,-1,-1
213,284,0.4764702183,0.3629857414,0.005075200799999957,0.0323787566,-1,-1,-1,-1
214,284,0.475639095,0.3645330155,0.005502371100000014,0.032334489099999975,-1,-1,-1,-1
215,284,0.4759162341,0.3657286304,0.005264760300000004,0.03261589470000004,-1,-1,-1,-1
216,284,0.4757975022,0.3665023327,0.005502224100000008,0.03240487320000002,-1,-1,-1,-1
217,284,0.4759160871,0.3665725862,0.005739834900000018,0.03310819139999999,-1,-1,-1,-1
218,284,0.4769846742,0.3670650135,0.005977151699999961,0.03374112560000003,-1,-1,-1,-1
219,284,0.4775783337,0.3681199908,0.005977151699999961,0.033741125699999985,-1,-1,-1,-1
220,284,0.4785675702,0.3687529251,0.005937623399999981,0.03437432089999998,-1,-1,-1,-1
221,284,0.4793590182,0.3699486706,0.005541899399999994,0.034936871100000044,-1,-1,-1,-1
222,284,0.48038793,0.3707926264,0.005779363199999998,0.03571070399999998,-1,-1,-1,-1
223,284,0.4812585816,0.3721290094,0.005343963999999979,0.03592159500000003,-1,-1,-1,-1
224,284,0.4820500296,0.3735356459,0.005660631299999996,0.03627338480000003,-1,-1,-1,-1
225,284,0.4822479651,0.3750126665,0.005660631299999996,0.036768293100000016,-1,-1,-1,-1
226,284,0.4830110526,0.3764596531,0.005660631400000005,0.03676829309999996,-1,-1,-1,-1
227,284,0.4835707677,0.3772735749,0.005898095200000009,0.03740109669999997,-1,-1,-1,-1
228,284,0.484741041,0.3784492107,0.006203300800000033,0.03785317380000003,-1,-1,-1,-1
229,284,0.4865727156,0.3791726386,0.005999781400000015,0.03848623870000001,-1,-1,-1,-1
230,284,0.4883535471,0.3804386376,0.006457663299999972,0.038938315899999965,-1,-1,-1,-1
231,284,0.4908974662,0.3813429226,0.006406967099999994,0.03984273149999995,-1,-1,-1,-1
232,284,0.4925766115,0.3830611294,0.006406967099999994,0.039842731500000006,-1,-1,-1,-1
233,284,0.4958839119,0.3844176222,0.00599978140000007,0.04074688580000002,-1,-1,-1,-1
234,284,0.4976647434,0.3864070492,0.006203300799999978,0.04119909359999996,-1,-1,-1,-1
