111,419,0.7030465311,0.2984131333,0.0011200179999999449,0.003189742899999959,-1,-1,-1,-1
112,419,0.703448543,0.2983845266,0.0011235617999999503,0.0032146690000000033,-1,-1,-1,-1
113,419,0.7033303786,0.2983769903,0.0011271055999999557,0.003239595100000048,-1,-1,-1,-1
114,419,0.7033182407,0.2982286573,0.0011306493999999612,0.0032645211000000285,-1,-1,-1,-1
115,419,0.7033867355,0.2983064836,0.0011341931000000693,0.00328944729999997,-1,-1,-1,-1
116,419,0.703357666,0.298322166,0.0011377368999999637,0.0033143734000000147,-1,-1,-1,-1
117,419,0.7035356736,0.2983537795,0.001141280599999961,0.0033392993999999954,-1,-1,-1,-1
118,419,0.7035334863,0.2983541449,0.0011448244999999746,0.0033642254999999843,-1,-1,-1,-1
119,419,0.7032722833,0.2984144695,0.0011483681999999718,0.0033891515999999733,-1,-1,-1,-1
120,419,0.7032626592,0.2984288588,0.0011519119999999772,0.003414077800000026,-1,-1,-1,-1
121,419,0.7032459904,0.2983091397,0.0011554557999999826,0.003439003900000015,-1,-1,-1,-1
122,419,0.7031642426,0.2982232574,0.0011589994999999798,0.003463930000000004,-1,-1,-1,-1
123,419,0.7032120593,0.2983046474,0.0011625432999999852,0.003488856099999993,-1,-1,-1,-1
124,419,0.7033605336,0.2983244361,0.0011660871000001016,0.0035137822000000374,-1,-1,-1,-1
125,419,0.7037068209,0.2985527653,0.001169630899999996,0.003538708299999971,-1,-1,-1,-1
126,419,0.7038487325,0.2987185364,0.0011731747000000015,0.0035636344000000153,-1,-1,-1,-1
127,419,0.704029847,0.299319423,0.0011767185000000069,0.0035885605000000043,-1,-1,-1,-1
128,419,0.7040337399,0.2985205407,0.0011802623000000123,0.0036134865999999932,-1,-1,-1,-1
129,419,0.7040591491,0.2985705663,0.0011838059000000012,0.003638412699999982,-1,-1,-1,-1
130,419,0.7042811711,0.2983795833,0.0011873498000000149,0.0036633388000000267,-1,-1,-1,-1
131,419,0.7046470895,0.2984175606,0.0011908936000000203,0.0036882649999999684,-1,-1,-1,-1
132,419,0.7053897504,0.2985477067,0.0011944373000000175,0.0037131910999999573,-1,-1,-1,-1
133,419,0.7057416701,0.2983477754,0.0011979811000000229,0.0037381170999999935,-1,-1,-1,-1
134,419,0.7057524874,0.2986693974,0.0012015249000000283,0.0037630433000000463,-1,-1,-1,-1
135,419,0.7058848801,0.2987550893,0.0012050686000000255,0.0037879693999999797,-1,-1,-1,-1
136,419,0.7055841704,0.2987032088,0.0012086125000000392,0.0038128954999999687,-1,-1,-1,-1
137,419,0.7053782406,0.2986667008,0.0012121562000000363,0.0038378215999999576,-1,-1,-1,-1
138,419,0.7054429324,0.2987281068,0.0013656952999999694,0.003862747700000002,-1,-1,-1,-1
139,419,0.7052123189,0.2987089025,0.0013598644000000215,0.003887673799999991,-1,-1,-1,-1
140,419,0.7051689727,0.2985828642,0.0013540334999999626,0.00391259989999998,-1,-1,-1,-1
141,419,0.704890115,0.2990552083,0.0011599804999999908,0.0029806800000000133,-1,-1,-1,-1
142,419,0.7049100313,0.298872463,0.0014811471000000243,0.002699987400000048,-1,-1,-1,-1
143,419,0.7048657569,0.2985496786,0.001463751499999999,0.0028301188000000033,-1,-1,-1,-1
144,419,0.7049289396,0.2985365531,0.001446355999999982,0.0029602504000000307,-1,-1,-1,-1
145,419,0.7049404564,0.2987923887,0.0014289603999999567,0.0030903818999999944,-1,-1,-1,-1
146,419,0.704991877,0.2987908169,0.0014115648000000425,0.0032205134000000135,-1,-1,-1,-1
147,419,0.705007149,0.2988067269,0.0013941692999999145,0.0033506449000000327,-1,-1,-1,-1
148,419,0.7048656302,0.2988035717,0.0013767738000000085,0.0034807763999999963,-1,-1,-1,-1
149,419,0.7047540639,0.2989045345,0.0013593782000000942,0.0036109079000000155,-1,-1,-1,-1
150,419,0.7046912834,0.2989614387,0.001341982600000069,0.003741039399999979,-1,-1,-1,-1
151,419,0.7050100158,0.2989506032,0.0011387320000000312,0.0030860685999999915,-1,-1,-1,-1
152,419,0.7049396289,0.2989242283,0.001183288200000021,0.003477900899999997,-1,-1,-1,-1
153,419,0.7051305845,0.2988592662,0.0012635102000000398,0.003109894400000035,-1,-1,-1,-1
154,419,0.7047640291,0.2989335053,0.0014471185000000109,0.00388705429999997,-1,-1,-1,-1
155,419,0.7047900385,0.2991191938,0.001168509999999956,0.003422702299999969,-1,-1,-1,-1
156,419,0.7047290561,0.2998468005,0.001168509999999956,0.003422702299999969,-1,-1,-1,-1
157,419,0.7035723018,0.3009631517,0.0020639954000000182,0.0024766308999999986,-1,-1,-1,-1
158,419,0.7035778857,0.3009553167,0.0020639954000000182,0.0024766308999999986,-1,-1,-1,-1
159,419,0.7035834697,0.3009474818,0.00206399530000001,0.0024766308999999986,-1,-1,-1,-1
160,419,0.7035890536,0.3009396468,0.0020639954000000182,0.0024766308999999986,-1,-1,-1,-1
161,419,0.7035946375,0.3009318119,0.0020639954000000182,0.0024766308999999986,-1,-1,-1,-1
162,419,0.7036002214,0.3009239769,0.0020639954000000182,0.0024766308999999986,-1,-1,-1,-1
163,419,0.7036058054,0.3009161419,0.00206399530000001,0.0024766308999999986,-1,-1,-1,-1
164,419,0.7036113893,0.300908307,0.0020639954000000182,0.0024766308999999986,-1,-1,-1,-1
165,419,0.7036169732,0.300900472,0.0020639953999999072,0.0024766308999999986,-1,-1,-1,-1
166,419,0.7036225571,0.300892637,0.0020639954000000182,0.0024766308999999986,-1,-1,-1,-1
167,419,0.7036281411,0.3008848021,0.002063995299999899,0.0024766308999999986,-1,-1,-1,-1
168,419,0.703633725,0.3008769671,0.0020639954000000182,0.0024766308999999986,-1,-1,-1,-1
169,419,0.7036393089,0.3008691322,0.0020639953999999072,0.0024766308999999986,-1,-1,-1,-1
170,419,0.7036448928,0.3008612972,0.0020639954000000182,0.0024766308999999986,-1,-1,-1,-1
171,419,0.7036504768,0.3008534622,0.00206399530000001,0.0024766308999999986,-1,-1,-1,-1
172,419,0.7036560607,0.3008456273,0.0020639954000000182,0.0024766308999999986,-1,-1,-1,-1
173,419,0.7036616446,0.3008377923,0.0020639954000000182,0.0024766308999999986,-1,-1,-1,-1
174,419,0.7036672286,0.3008299574,0.00206399530000001,0.0024766307999999904,-1,-1,-1,-1
175,419,0.7036728125,0.3008221224,0.00206399530000001,0.0024766308999999986,-1,-1,-1,-1
176,419,0.7036783964,0.3008142874,0.00206399530000001,0.0024766308999999986,-1,-1,-1,-1
177,419,0.7036839803,0.3008064525,0.0020639954000000182,0.0024766308999999986,-1,-1,-1,-1
178,419,0.7036895643,0.3007986175,0.00206399530000001,0.0024766308999999986,-1,-1,-1,-1
179,419,0.7036951482,0.3007907825,0.00206399530000001,0.0024766308999999986,-1,-1,-1,-1
180,419,0.7037007321,0.3007829476,0.00206399530000001,0.0024766308999999986,-1,-1,-1,-1
181,419,0.703706316,0.3007751126,0.0020639954000000182,0.0024766308999999986,-1,-1,-1,-1
182,419,0.7037119,0.3007672777,0.00206399530000001,0.0024766308999999986,-1,-1,-1,-1
183,419,0.7037174839,0.3007594427,0.00206399530000001,0.0024766308999999986,-1,-1,-1,-1
184,419,0.7037230678,0.3007516077,0.002063995299999899,0.0024766308999999986,-1,-1,-1,-1
185,419,0.7037286517,0.3007437728,0.0020639954000000182,0.0024766308999999986,-1,-1,-1,-1
186,419,0.7037342357,0.3007359378,0.00206399530000001,0.0024766308999999986,-1,-1,-1,-1
187,419,0.7037398196,0.3007281028,0.00206399530000001,0.0024766308999999986,-1,-1,-1,-1
188,419,0.7037454035,0.3007202679,0.00206399530000001,0.0024766308999999986,-1,-1,-1,-1
189,419,0.7037509874,0.3007124329,0.0020639954000000182,0.0024766308999999986,-1,-1,-1,-1
190,419,0.7037565714,0.300704598,0.00206399530000001,0.0024766308999999986,-1,-1,-1,-1
191,419,0.7037621553,0.300696763,0.00206399530000001,0.0024766308999999986,-1,-1,-1,-1
192,419,0.7041605243,0.3010451576,0.001201719700000048,0.0015544560999999901,-1,-1,-1,-1
193,419,0.7044138582,0.2989335052,0.0009630803000000299,0.0032440652999999875,-1,-1,-1,-1
194,419,0.7041126201,0.2977104679,0.0010929800000000212,0.003247852200000012,-1,-1,-1,-1
195,419,0.703860021,0.297825903,0.0010857797000000113,0.0028622415999999817,-1,-1,-1,-1
196,419,0.7037013199,0.297955441,0.0011001804000000392,0.002989298500000015,-1,-1,-1,-1
197,419,0.7040478172,0.29800676,0.0011217813000000687,0.003669242500000003,-1,-1,-1,-1
198,419,0.7040262162,0.2981223257,0.001258881399999967,0.0038358658999999573,-1,-1,-1,-1
199,419,0.7035352716,0.2980710067,0.0011795309000000032,0.004297736800000007,-1,-1,-1,-1
200,419,0.7034919227,0.29800676,0.0011651301999999752,0.00433625870000004,-1,-1,-1,-1
201,419,0.70345886,0.2979772483,0.0011651301999999752,0.004336258799999992,-1,-1,-1,-1
202,419,0.7034754648,0.2980066294,0.0011651301999999752,0.004336258799999992,-1,-1,-1,-1
203,419,0.7035417372,0.2980066294,0.0011651301999999752,0.004336258799999992,-1,-1,-1,-1
204,419,0.703674282,0.2984799916,0.0011699793999999653,0.004024819100000021,-1,-1,-1,-1
205,419,0.7044526518,0.2981120096,0.0011699793999999653,0.004024819100000021,-1,-1,-1,-1
206,419,0.7047027529,0.297759567,0.001129716400000036,0.0036040816999999836,-1,-1,-1,-1
207,419,0.7049243466,0.2977933879,0.001129716399999925,0.003604081700000039,-1,-1,-1,-1
208,419,0.7053313854,0.2979960522,0.001774953700000026,0.004136336700000021,-1,-1,-1,-1
209,419,0.7057143252,0.298245204,0.0016715041000000541,0.004136336600000012,-1,-1,-1,-1
210,419,0.7065823318,0.2982166064,0.0014387425000000897,0.003799694500000006,-1,-1,-1,-1
211,419,0.7065636697,0.2983494089,0.0013545428000000248,0.003899329100000015,-1,-1,-1,-1
212,419,0.7060124774,0.2983991609,0.0015414574000000014,0.0037666571999999676,-1,-1,-1,-1
213,419,0.7054986093,0.2984324595,0.0016443192000000773,0.0037001905999999862,-1,-1,-1,-1
214,419,0.7050223592,0.2985155101,0.001429191099999949,0.0033703387000000307,-1,-1,-1,-1
215,419,0.7044297284,0.298245204,0.0011630729000000617,0.0033699469000000315,-1,-1,-1,-1
216,419,0.7041894726,0.2984444731,0.00116307300000007,0.0033699469999999843,-1,-1,-1,-1
217,419,0.7029263298,0.2984871736,0.0012731350999999336,0.0035121515000000048,-1,-1,-1,-1
