33,653,0.8909839877,0.4624510837,0.01318350190000006,0.08602094240000002,-1,-1,-1,-1
34,653,0.8728403432,0.4688181642,0.02797708479999994,0.08367045419999997,-1,-1,-1,-1
35,653,0.8718167214,0.4721532456,0.01978869839999997,0.08146856919999995,-1,-1,-1,-1
36,653,0.8656012242,0.4780448745,0.022691017300000005,0.0786893783,-1,-1,-1,-1
37,653,0.8615957861,0.4801430768,0.020895344300000063,0.07880050419999995,-1,-1,-1,-1
38,653,0.8617727084,0.4825979004,0.020442164600000035,0.08125532779999994,-1,-1,-1,-1
39,653,0.8599771823,0.4850527241,0.021823304600000037,0.08174631860000003,-1,-1,-1,-1
40,653,0.8590102815,0.4875075477,0.02085655069999992,0.08395577739999999,-1,-1,-1,-1
41,653,0.8580433806,0.4899623713,0.020718422100000078,0.08371028199999997,-1,-1,-1,-1
42,653,0.8566622407,0.4938900369,0.01961339250000005,0.08150095369999999,-1,-1,-1,-1
43,653,0.8547285859,0.4973268422,0.022237690700000035,0.08714708719999997,-1,-1,-1,-1
44,653,0.855142972,0.5032184711,0.020580146399999943,0.08125545830000003,-1,-1,-1,-1
45,653,0.8515209144,0.5049368084,0.018374054899999992,0.08873653960000005,-1,-1,-1,-1
46,653,0.8541659319,0.5065057592,0.029844614099999944,0.08975142810000003,-1,-1,-1,-1
47,653,0.8562610797,0.5098878504,0.02267691049999998,0.08642483450000005,-1,-1,-1,-1
48,653,0.8555216503,0.5116401392,0.015282176399999958,0.09253649530000008,-1,-1,-1,-1
49,653,0.8566309413,0.5158019395,0.01713074970000006,0.09211993650000005,-1,-1,-1,-1
50,653,0.8550286485,0.5193066478,0.01836332779999994,0.0934341205,-1,-1,-1,-1
51,653,0.854782221,0.5204018447,0.017377324100000036,0.0919008188,-1,-1,-1,-1
52,653,0.8557682248,0.5196482521,0.021814047000000003,0.09353062109999999,-1,-1,-1,-1
53,653,0.8593420842,0.5196482521,0.019349331599999964,0.09572101480000006,-1,-1,-1,-1
54,653,0.8585246269,0.5186827238,0.0187431817,0.09655948619999999,-1,-1,-1,-1
55,653,0.8583888493,0.5150619275,0.0187431817,0.0931798761,-1,-1,-1,-1
56,653,0.8586605514,0.5128894236,0.02227442700000004,0.0931798761,-1,-1,-1,-1
57,653,0.8623277212,0.5087857326,0.019014736899999996,0.09511106319999996,-1,-1,-1,-1
58,653,0.859068031,0.5083029685,0.026620631600000055,0.0922142172,-1,-1,-1,-1
59,653,0.8589321065,0.5095099441,0.02716403580000004,0.09052447750000003,-1,-1,-1,-1
60,653,0.8589321065,0.5095099441,0.025805819300000032,0.09124868900000005,-1,-1,-1,-1
61,653,0.858796329,0.510475603,0.026484854000000002,0.0898002658999999,-1,-1,-1,-1
62,653,0.8543141999,0.5107170503,0.023496865899999997,0.08883460719999992,-1,-1,-1,-1
63,653,0.8537709427,0.5125193524,0.02050873090000005,0.0865495409,-1,-1,-1,-1
64,653,0.8491523013,0.5116398781,0.02050873090000005,0.08898020679999996,-1,-1,-1,-1
65,653,0.8417719678,0.5096218535,0.02050873090000005,0.11437723030000002,-1,-1,-1,-1
66,653,0.8417719678,0.5096218535,0.02050873090000005,0.11437723030000002,-1,-1,-1,-1
67,653,0.8417719678,0.5096218535,0.02050873090000005,0.11437723030000002,-1,-1,-1,-1
68,653,0.8453470028,0.5108925534,0.02050873090000005,0.11144264600000009,-1,-1,-1,-1
69,653,0.8455258354,0.5153404604,0.02050873089999994,0.10350008560000001,-1,-1,-1,-1
70,653,0.8464615838,0.5203537902,0.020437609299999937,0.09595175439999992,-1,-1,-1,-1
71,653,0.8506621654,0.52829622,0.022493375700000096,0.08990891070000007,-1,-1,-1,-1
72,653,0.849947129,0.5292493429,0.022493375699999985,0.09340356419999996,-1,-1,-1,-1
73,653,0.8537009966,0.5292493429,0.022850893900000058,0.10325223979999998,-1,-1,-1,-1
74,653,0.860672528,0.5406865567,0.018947876699999977,0.09689821760000006,-1,-1,-1,-1
75,653,0.8610300462,0.5419573872,0.019841598700000018,0.10388752450000005,-1,-1,-1,-1
76,653,0.8649625995,0.5460874559,0.02305926250000001,0.10102828630000005,-1,-1,-1,-1
77,653,0.8649625995,0.5508529399,0.022523058600000034,0.09689821760000006,-1,-1,-1,-1
78,653,0.8671077086,0.5549831392,0.024310502800000022,0.10801759310000003,-1,-1,-1,-1
79,653,0.8697890216,0.5584779232,0.025025539199999947,0.10801759310000003,-1,-1,-1,-1
80,653,0.8642475631,0.5613372919,0.026276926200000106,0.10515809379999996,-1,-1,-1,-1
81,653,0.8644263956,0.5657850682,0.02627677939999995,0.111512116,-1,-1,-1,-1
82,653,0.8581699006,0.568962014,0.03271210690000004,0.11214753129999999,-1,-1,-1,-1
83,653,0.8572761786,0.5699148758,0.02627677939999995,0.11119466950000001,-1,-1,-1,-1
84,653,0.8572761786,0.5699148758,0.02252305869999993,0.11119466950000001,-1,-1,-1,-1
85,653,0.8572761786,0.5699148758,0.023416780699999973,0.11119466950000001,-1,-1,-1,-1
86,653,0.8572761786,0.570550291,0.02359546629999998,0.11500703060000006,-1,-1,-1,-1
87,653,0.8592686115,0.5740914319,0.027413695999999987,0.10795282409999996,-1,-1,-1,-1
88,653,0.8629213807,0.5779276896,0.028077889299999992,0.11149409560000001,-1,-1,-1,-1
89,653,0.8647479122,0.5820590641,0.025587311399999924,0.11533035330000008,-1,-1,-1,-1
90,653,0.8680685847,0.5885512427,0.028077889299999992,0.11119897879999996,-1,-1,-1,-1
91,653,0.874876125,0.5950434213,0.024093023499999977,0.11208419869999997,-1,-1,-1,-1
92,653,0.8776987995,0.6000601464,0.024730325800000008,0.11798614359999993,-1,-1,-1,-1
93,653,0.8855024828,0.6077326618,0.02259858859999997,0.11798614360000004,-1,-1,-1,-1
94,653,0.8883250103,0.6159954108,0.022598588699999977,0.11798614360000004,-1,-1,-1,-1
95,653,0.8958418562,0.6511948837,0.02259858859999997,0.11798614360000004,-1,-1,-1,-1
96,653,0.9062948184,0.7123897099,0.02259858859999997,0.11798614360000004,-1,-1,-1,-1
97,653,0.9108837768,0.7052533669,0.023036339000000017,0.11798614370000005,-1,-1,-1,-1
98,653,0.909162899,0.711370251,0.023036339000000017,0.11798614360000004,-1,-1,-1,-1
99,653,0.9143659423,0.7238250955,0.029996261700000026,0.14221079590000008,-1,-1,-1,-1
100,653,0.9217321691,0.6969245431,0.030992992399999975,0.16768029280000007,-1,-1,-1,-1
101,653,0.9463907855,0.6901914394,0.03825165519999996,0.14087336829999997,-1,-1,-1,-1
102,653,0.9484624219,0.6906821691,0.04374535660000001,0.16391820609999996,-1,-1,-1,-1
103,653,0.9506416225,0.7035448233,0.05205879339999997,0.17110599859999998,-1,-1,-1,-1
104,653,0.972392336,0.711783284,0.03743948789999996,0.17490830479999997,-1,-1,-1,-1
105,653,0.9852287529,0.7276264876,0.03743948780000006,0.17490830479999997,-1,-1,-1,-1
