1,295,0.7149076713,0.2942207766,0.001419492699999969,0.007548984199999997,-1,-1,-1,-1
2,295,0.7148981198,0.2942718345,0.00141949270000008,0.007548984099999989,-1,-1,-1,-1
3,295,0.7149076713,0.2942718345,0.001419492699999969,0.007548984099999989,-1,-1,-1,-1
4,295,0.7148597671,0.294305786,0.001419492699999969,0.007548984099999989,-1,-1,-1,-1
5,295,0.7148311127,0.2942888102,0.001419492699999969,0.007548984200000053,-1,-1,-1,-1
6,295,0.7147353043,0.294305786,0.001419492699999969,0.007548984099999989,-1,-1,-1,-1
7,295,0.7146490473,0.2943228923,0.001419492699999969,0.007548984199999997,-1,-1,-1,-1
8,295,0.7145627904,0.2939141685,0.001419492699999969,0.007548984199999997,-1,-1,-1,-1
9,295,0.7145724888,0.2939482506,0.001419492699999969,0.007548984199999997,-1,-1,-1,-1
10,295,0.7145724888,0.2939482506,0.0014489920000000378,0.007548984199999997,-1,-1,-1,-1
11,295,0.7145724888,0.2939482506,0.0014784912999999955,0.007548984199999997,-1,-1,-1,-1
12,295,0.7145724888,0.2939482506,0.0015079905999999532,0.007548984199999997,-1,-1,-1,-1
13,295,0.7145724888,0.2939482506,0.001537489900000022,0.007548984199999997,-1,-1,-1,-1
14,295,0.7143184201,0.2940333905,0.0017724555999999447,0.007548984199999997,-1,-1,-1,-1
15,295,0.7144525813,0.2940333905,0.0016382943999999622,0.007548984199999997,-1,-1,-1,-1
16,295,0.714510037,0.2940333905,0.0015138315999999596,0.007548984199999997,-1,-1,-1,-1
17,295,0.7145292868,0.2940333905,0.0015903901999999581,0.007548984199999997,-1,-1,-1,-1
18,295,0.7146250952,0.2940333905,0.0013316194000000392,0.007548984199999997,-1,-1,-1,-1
19,295,0.714577191,0.2940674726,0.0012820988000000755,0.007663635700000004,-1,-1,-1,-1
20,295,0.714577191,0.2940674726,0.0012820988000000755,0.007663635700000004,-1,-1,-1,-1
21,295,0.714577191,0.2940674726,0.0012820988000000755,0.007663635700000004,-1,-1,-1,-1
22,295,0.714577191,0.2940674726,0.0012820988000000755,0.007663635700000004,-1,-1,-1,-1
23,295,0.7146133396,0.2940835343,0.001327357900000048,0.007663635700000004,-1,-1,-1,-1
24,295,0.7146133396,0.2940835343,0.001327357900000048,0.007663635700000004,-1,-1,-1,-1
25,295,0.7146133396,0.2940835343,0.001327357900000048,0.007663635700000004,-1,-1,-1,-1
26,295,0.7146133396,0.2940835343,0.001327357900000048,0.007663635700000004,-1,-1,-1,-1
27,295,0.7146133396,0.2940835343,0.001327357900000048,0.007663635700000004,-1,-1,-1,-1
28,295,0.7146133396,0.2940835343,0.001327357900000048,0.007663635700000004,-1,-1,-1,-1
29,295,0.7146133396,0.2940835343,0.001327357900000048,0.007663635700000004,-1,-1,-1,-1
30,295,0.7146133396,0.2940835343,0.001327357900000048,0.007663635700000004,-1,-1,-1,-1
31,295,0.7146133396,0.2940835343,0.001327357900000048,0.007663635700000004,-1,-1,-1,-1
32,295,0.7146133396,0.2940835343,0.001327357900000048,0.007663635700000004,-1,-1,-1,-1
33,295,0.7146133396,0.2940835343,0.001327357900000048,0.007663635700000004,-1,-1,-1,-1
34,295,0.7146133396,0.2940835343,0.001327357900000048,0.007663635700000004,-1,-1,-1,-1
35,295,0.7146133396,0.2940835343,0.001327357900000048,0.007663635700000004,-1,-1,-1,-1
36,295,0.7146133396,0.2940835343,0.001327357900000048,0.007663635700000004,-1,-1,-1,-1
37,295,0.7146133396,0.2940835343,0.001327357900000048,0.007663635700000004,-1,-1,-1,-1
38,295,0.7146133396,0.2940835343,0.001327357900000048,0.007663635700000004,-1,-1,-1,-1
39,295,0.7146133396,0.2940835343,0.001327357900000048,0.007663635700000004,-1,-1,-1,-1
40,295,0.7146133396,0.2940835343,0.001327357900000048,0.007663635700000004,-1,-1,-1,-1
41,295,0.7146133396,0.2940835343,0.001327357900000048,0.007663635700000004,-1,-1,-1,-1
42,295,0.7146133396,0.2940835343,0.001327357900000048,0.007663635700000004,-1,-1,-1,-1
43,295,0.7146133396,0.2940835343,0.001327357900000048,0.007663635700000004,-1,-1,-1,-1
44,295,0.7146133396,0.2940835343,0.001327357900000048,0.007663635700000004,-1,-1,-1,-1
45,295,0.7146133396,0.2940835343,0.001327357900000048,0.007663635700000004,-1,-1,-1,-1
46,295,0.7146133396,0.2940835343,0.001327357900000048,0.007663635700000004,-1,-1,-1,-1
47,295,0.7146133396,0.2940835343,0.001327357900000048,0.007663635700000004,-1,-1,-1,-1
48,295,0.7146133396,0.2940835343,0.001327357900000048,0.007663635700000004,-1,-1,-1,-1
49,295,0.7146133396,0.2940835343,0.001327357900000048,0.007663635700000004,-1,-1,-1,-1
50,295,0.7146133396,0.2940835343,0.001327357900000048,0.007663635700000004,-1,-1,-1,-1
51,295,0.7146133396,0.2940835343,0.001327357900000048,0.007663635700000004,-1,-1,-1,-1
52,295,0.7146133396,0.2940835343,0.001327357900000048,0.007663635700000004,-1,-1,-1,-1
53,295,0.7146133396,0.2940835343,0.001327357900000048,0.007663635700000004,-1,-1,-1,-1
54,295,0.7146133396,0.2940835343,0.001327357900000048,0.007663635700000004,-1,-1,-1,-1
55,295,0.7146133396,0.2940835343,0.001327357900000048,0.007663635700000004,-1,-1,-1,-1
56,295,0.7146133396,0.2940835343,0.001327357900000048,0.007663635700000004,-1,-1,-1,-1
57,295,0.7146133396,0.2940835343,0.001327357900000048,0.007663635700000004,-1,-1,-1,-1
58,295,0.7146133396,0.2940835343,0.001327357900000048,0.007663635700000004,-1,-1,-1,-1
59,295,0.7146133396,0.2940835343,0.001327357900000048,0.007663635700000004,-1,-1,-1,-1
60,295,0.7146133396,0.2940835343,0.001327357900000048,0.007663635700000004,-1,-1,-1,-1
61,295,0.7146133396,0.2940835343,0.001327357900000048,0.007663635700000004,-1,-1,-1,-1
62,295,0.7146133396,0.2940835343,0.001327357900000048,0.007663635700000004,-1,-1,-1,-1
63,295,0.7144957833,0.2940674726,0.001037728500000057,0.007663635700000004,-1,-1,-1,-1
64,295,0.7143473684,0.2942557728,0.0011054703999999749,0.007663635800000013,-1,-1,-1,-1
65,295,0.7143367883,0.2942933806,0.0012008379999999264,0.007663635800000013,-1,-1,-1,-1
66,295,0.714283741,0.2943875307,0.0012008379999999264,0.007663635800000013,-1,-1,-1,-1
67,295,0.714283741,0.2943687268,0.0012008379999999264,0.007663635800000013,-1,-1,-1,-1
68,295,0.714283741,0.2942745767,0.0012008379999999264,0.007663635800000013,-1,-1,-1,-1
69,295,0.7142943211,0.2943121845,0.0013386726999999876,0.007663635799999957,-1,-1,-1,-1
70,295,0.7143366414,0.2942556422,0.0015082477000000205,0.007663635800000013,-1,-1,-1,-1
71,295,0.7143154812,0.2942556422,0.001296352500000042,0.007663635800000013,-1,-1,-1,-1
72,295,0.7142518539,0.2942556422,0.0012963524000000337,0.007663635800000013,-1,-1,-1,-1
73,295,0.714273014,0.29429325,0.001296352500000042,0.007663635800000013,-1,-1,-1,-1
74,295,0.714273014,0.29429325,0.001296352500000042,0.007663635800000013,-1,-1,-1,-1
75,295,0.714273014,0.29429325,0.001296352500000042,0.007663635800000013,-1,-1,-1,-1
76,295,0.714273014,0.29429325,0.001296352500000042,0.007663635800000013,-1,-1,-1,-1
77,295,0.714273014,0.29429325,0.001296352500000042,0.007663635800000013,-1,-1,-1,-1
78,295,0.714273014,0.29429325,0.001296352500000042,0.007663635800000013,-1,-1,-1,-1
79,295,0.714273014,0.29429325,0.001296352500000042,0.007663635800000013,-1,-1,-1,-1
80,295,0.714273014,0.29429325,0.001296352500000042,0.007663635800000013,-1,-1,-1,-1
81,295,0.714273014,0.29429325,0.001296352500000042,0.007663635800000013,-1,-1,-1,-1
82,295,0.714273014,0.29429325,0.001296352500000042,0.007663635800000013,-1,-1,-1,-1
83,295,0.714273014,0.29429325,0.001296352500000042,0.007663635800000013,-1,-1,-1,-1
84,295,0.714273014,0.29429325,0.001296352500000042,0.007663635800000013,-1,-1,-1,-1
85,295,0.7142184973,0.29429325,0.0012963524000000337,0.007663635800000013,-1,-1,-1,-1
86,295,0.7142276079,0.2943094423,0.0012963524000000337,0.007663635700000004,-1,-1,-1,-1
87,295,0.7142276079,0.2943094423,0.0012963524000000337,0.007663635700000004,-1,-1,-1,-1
88,295,0.7142276079,0.2943094423,0.0012963524000000337,0.007663635700000004,-1,-1,-1,-1
89,295,0.7142276079,0.2943094423,0.0012963524000000337,0.007663635700000004,-1,-1,-1,-1
90,295,0.7142276079,0.2943094423,0.0012963524000000337,0.007663635700000004,-1,-1,-1,-1
91,295,0.7142276079,0.2943094423,0.0012963524000000337,0.007663635700000004,-1,-1,-1,-1
92,295,0.7142276079,0.2943094423,0.0012963524000000337,0.007663635700000004,-1,-1,-1,-1
93,295,0.7142276079,0.2943094423,0.0012963524000000337,0.007663635700000004,-1,-1,-1,-1
94,295,0.7142276079,0.2943094423,0.0012963524000000337,0.007663635700000004,-1,-1,-1,-1
95,295,0.7142276079,0.2943094423,0.0012963524000000337,0.007663635700000004,-1,-1,-1,-1
96,295,0.7142276079,0.2943094423,0.0012963524000000337,0.007663635700000004,-1,-1,-1,-1
97,295,0.7142276079,0.2943094423,0.0012963524000000337,0.007663635700000004,-1,-1,-1,-1
98,295,0.7142276079,0.2943094423,0.0012963524000000337,0.007663635700000004,-1,-1,-1,-1
99,295,0.7142276079,0.2943094423,0.0012963524000000337,0.007663635700000004,-1,-1,-1,-1
100,295,0.7142276079,0.2943094423,0.0012963524000000337,0.007663635700000004,-1,-1,-1,-1
101,295,0.7142276079,0.2943094423,0.0012963524000000337,0.007663635700000004,-1,-1,-1,-1
102,295,0.7142276079,0.2943094423,0.0012963524000000337,0.007663635700000004,-1,-1,-1,-1
103,295,0.7142276079,0.2943094423,0.0012963524000000337,0.007663635700000004,-1,-1,-1,-1
104,295,0.7142276079,0.2943094423,0.0012963524000000337,0.007663635700000004,-1,-1,-1,-1
105,295,0.7142276079,0.2943094423,0.0012963524000000337,0.007663635700000004,-1,-1,-1,-1
106,295,0.7142276079,0.2943094423,0.0012963524000000337,0.007663635700000004,-1,-1,-1,-1
107,295,0.7142276079,0.2943094423,0.0012963524000000337,0.007663635700000004,-1,-1,-1,-1
108,295,0.7142276079,0.2943094423,0.0012963524000000337,0.007663635700000004,-1,-1,-1,-1
109,295,0.7142276079,0.2943094423,0.0012963524000000337,0.007663635700000004,-1,-1,-1,-1
110,295,0.7142276079,0.2943094423,0.0012963524000000337,0.007663635700000004,-1,-1,-1,-1
111,295,0.7142276079,0.2943094423,0.0012963524000000337,0.007663635700000004,-1,-1,-1,-1
112,295,0.7142276079,0.2943094423,0.0012963524000000337,0.007663635700000004,-1,-1,-1,-1
113,295,0.7145586759,0.2943094423,0.0014008305999999582,0.007663635700000004,-1,-1,-1,-1
114,295,0.714814067,0.2943094423,0.0014008306999999665,0.007663635700000004,-1,-1,-1,-1
115,295,0.7149748253,0.2942757519,0.0014008306999999665,0.007663635800000013,-1,-1,-1,-1
116,295,0.7150882672,0.294218165,0.0013129573000000283,0.007663635700000004,-1,-1,-1,-1
117,295,0.7150477102,0.2939588278,0.0013129573000000283,0.007663635800000013,-1,-1,-1,-1
118,295,0.7150477102,0.2939588278,0.0013129573000000283,0.007663635800000013,-1,-1,-1,-1
119,295,0.7150519976,0.2939639128,0.0013129572999999173,0.007663635800000013,-1,-1,-1,-1
120,295,0.7150562849,0.2939689979,0.0013129573000000283,0.007663635800000013,-1,-1,-1,-1
121,295,0.7150605723,0.2939740829,0.0013129573000000283,0.007663635800000013,-1,-1,-1,-1
122,295,0.7150648596,0.293979168,0.0013129573000000283,0.007663635800000013,-1,-1,-1,-1
123,295,0.715069147,0.293984253,0.0013129573000000283,0.007663635800000013,-1,-1,-1,-1
124,295,0.7150734343,0.293989338,0.0013129572999999173,0.007663635800000013,-1,-1,-1,-1
125,295,0.7150777217,0.2939944231,0.0013129573000000283,0.007663635800000013,-1,-1,-1,-1
126,295,0.715082009,0.2939995081,0.0013129573000000283,0.007663635800000013,-1,-1,-1,-1
127,295,0.7150862964,0.2940045932,0.0013129573000000283,0.007663635800000013,-1,-1,-1,-1
128,295,0.7150905837,0.2940096782,0.0013129573000000283,0.007663635800000013,-1,-1,-1,-1
129,295,0.7150948711,0.2940147633,0.0013129572999999173,0.007663635800000013,-1,-1,-1,-1
130,295,0.7150991584,0.2940198483,0.0013129572999999173,0.007663635800000013,-1,-1,-1,-1
131,295,0.7151034458,0.2940249333,0.0013129573000000283,0.007663635800000013,-1,-1,-1,-1
132,295,0.7151077331,0.2940300184,0.0013129573000000283,0.007663635800000013,-1,-1,-1,-1
133,295,0.7151120205,0.2940351034,0.0013129573000000283,0.007663635800000013,-1,-1,-1,-1
134,295,0.7151163078,0.2940401885,0.0013129573000000283,0.007663635799999957,-1,-1,-1,-1
135,295,0.7151205952,0.2940452735,0.0013129572999999173,0.007663635800000013,-1,-1,-1,-1
136,295,0.7152177261,0.2942036703,0.0013129573000000283,0.007663635800000013,-1,-1,-1,-1
137,295,0.7155095597,0.2942038009,0.0013129573000000283,0.007663635800000013,-1,-1,-1,-1
138,295,0.715697209,0.2941403377,0.0012267003000000498,0.007663635800000013,-1,-1,-1,-1
139,295,0.7156166829,0.294219732,0.0011642484999999647,0.007663635700000004,-1,-1,-1,-1
140,295,0.7154559246,0.2942514636,0.0012535914000000314,0.007663635700000004,-1,-1,-1,-1
141,295,0.7153308741,0.2942831952,0.0012535913000000232,0.007663635700000004,-1,-1,-1,-1
142,295,0.7154202169,0.294251333,0.0012535913000000232,0.007663635700000004,-1,-1,-1,-1
143,295,0.7155095597,0.2941719387,0.0012535913000000232,0.007663635799999957,-1,-1,-1,-1
144,295,0.7154381442,0.2941719387,0.0013696782000000018,0.007663635799999957,-1,-1,-1,-1
145,295,0.7154381442,0.2941719387,0.0013696782000000018,0.007663635799999957,-1,-1,-1,-1
146,295,0.7154381442,0.2941719387,0.0013696782000000018,0.007663635799999957,-1,-1,-1,-1
147,295,0.7154381442,0.2941719387,0.0013696782000000018,0.007663635799999957,-1,-1,-1,-1
148,295,0.7154381442,0.2941719387,0.0013696782000000018,0.007663635799999957,-1,-1,-1,-1
149,295,0.7154381442,0.2941719387,0.0013696782000000018,0.007663635799999957,-1,-1,-1,-1
150,295,0.7154381442,0.2941719387,0.0013696782000000018,0.007663635799999957,-1,-1,-1,-1
151,295,0.7154381442,0.2941719387,0.0013696782000000018,0.007663635799999957,-1,-1,-1,-1
152,295,0.7154381442,0.2941719387,0.0013696782000000018,0.007663635799999957,-1,-1,-1,-1
153,295,0.7154381442,0.2941719387,0.0013696782000000018,0.007663635799999957,-1,-1,-1,-1
154,295,0.7154381442,0.2941719387,0.0013696782000000018,0.007663635799999957,-1,-1,-1,-1
155,295,0.7154381442,0.2941719387,0.0013696782000000018,0.007663635799999957,-1,-1,-1,-1
156,295,0.7154381442,0.2941719387,0.0013696782000000018,0.007663635799999957,-1,-1,-1,-1
157,295,0.7154381442,0.2941719387,0.0013696782000000018,0.007663635799999957,-1,-1,-1,-1
158,295,0.7154381442,0.2941719387,0.0013696782000000018,0.007663635799999957,-1,-1,-1,-1
159,295,0.7154381442,0.2941719387,0.0013696782000000018,0.007663635799999957,-1,-1,-1,-1
160,295,0.7154381442,0.2941719387,0.0013696782000000018,0.007663635799999957,-1,-1,-1,-1
161,295,0.7154381442,0.2941719387,0.0013696782000000018,0.007663635799999957,-1,-1,-1,-1
162,295,0.7154381442,0.2941719387,0.0013696782000000018,0.007663635799999957,-1,-1,-1,-1
163,295,0.7154381442,0.2941719387,0.0013696782000000018,0.007663635799999957,-1,-1,-1,-1
164,295,0.7153070689,0.2943265486,0.0015185339000000075,0.007509025899999966,-1,-1,-1,-1
165,295,0.7152891416,0.2943424797,0.001393483299999998,0.0075090259000000215,-1,-1,-1,-1
166,295,0.715387448,0.2943584108,0.0012773965000000276,0.007509025899999966,-1,-1,-1,-1
167,295,0.715387448,0.2943584108,0.0012773965000000276,0.007509025899999966,-1,-1,-1,-1
168,295,0.7154590105,0.2943584108,0.0011611625999999875,0.007509025899999966,-1,-1,-1,-1
169,295,0.7154590105,0.2943584108,0.0011611625999999875,0.007509025899999966,-1,-1,-1,-1
170,295,0.7154500468,0.2943266792,0.0011611626999999958,0.0075090259000000215,-1,-1,-1,-1
171,295,0.7154449404,0.294324977,0.0011611626999999958,0.0075090259000000215,-1,-1,-1,-1
172,295,0.7154398341,0.2943232747,0.0011611626999999958,0.007509025899999966,-1,-1,-1,-1
173,295,0.7154347277,0.2943215725,0.0011611626999999958,0.007509025899999966,-1,-1,-1,-1
174,295,0.7154296214,0.2943198702,0.0011611626999999958,0.0075090259000000215,-1,-1,-1,-1
175,295,0.715424515,0.294318168,0.0011611626999999958,0.0075090259000000215,-1,-1,-1,-1
176,295,0.7154194087,0.2943164658,0.0011611626999999958,0.0075090259000000215,-1,-1,-1,-1
177,295,0.7154143023,0.2943147635,0.0011611626999999958,0.007509025899999966,-1,-1,-1,-1
178,295,0.715409196,0.2943130613,0.0011611626999999958,0.007509025899999966,-1,-1,-1,-1
179,295,0.7154040896,0.294311359,0.0011611626999999958,0.0075090259000000215,-1,-1,-1,-1
180,295,0.7153989833,0.2943096568,0.0011611626999999958,0.0075090259000000215,-1,-1,-1,-1
181,295,0.7153938769,0.2943079546,0.0011611626999999958,0.0075090259000000215,-1,-1,-1,-1
182,295,0.7153887706,0.2943062523,0.0011611627000001068,0.007509025899999966,-1,-1,-1,-1
183,295,0.7153836642,0.2943045501,0.0011611626999999958,0.007509025899999966,-1,-1,-1,-1
184,295,0.7153785578,0.2943028478,0.001161162800000004,0.00750902600000003,-1,-1,-1,-1
185,295,0.7153734515,0.2943011456,0.0011611626999999958,0.0075090259000000215,-1,-1,-1,-1
186,295,0.7153683451,0.2942994434,0.0011611626999999958,0.007509025899999966,-1,-1,-1,-1
187,295,0.7153632388,0.2942977411,0.0011611626999999958,0.007509025899999966,-1,-1,-1,-1
188,295,0.7153581324,0.2942960389,0.0011611626999999958,0.0075090259000000215,-1,-1,-1,-1
189,295,0.7153530261,0.2942943367,0.0011611626999999958,0.0075090259000000215,-1,-1,-1,-1
190,295,0.7153479197,0.2942926344,0.0011611626999999958,0.0075090259000000215,-1,-1,-1,-1
191,295,0.7153428134,0.2942909322,0.0011611626999999958,0.007509025899999966,-1,-1,-1,-1
192,295,0.715337707,0.2942892299,0.0011611626999999958,0.0075090259000000215,-1,-1,-1,-1
193,295,0.7153326007,0.2942875277,0.0011611626999999958,0.0075090259000000215,-1,-1,-1,-1
194,295,0.7153274943,0.2942858255,0.0011611626999999958,0.0075090259000000215,-1,-1,-1,-1
195,295,0.715322388,0.2942841232,0.0011611626999999958,0.007509025899999966,-1,-1,-1,-1
196,295,0.7153172816,0.294282421,0.0011611626999999958,0.007509025899999966,-1,-1,-1,-1
197,295,0.7153121753,0.2942807187,0.0011611626999999958,0.0075090259000000215,-1,-1,-1,-1
198,295,0.7153070689,0.2942790165,0.0011611626999999958,0.0075090259000000215,-1,-1,-1,-1
199,295,0.7152446171,0.2942790165,0.0011611626999999958,0.0075090259000000215,-1,-1,-1,-1
200,295,0.7152446171,0.2942790165,0.0013041406000000588,0.0075090259000000215,-1,-1,-1,-1
201,295,0.7152446171,0.2942790165,0.0013041406000000588,0.0075090259000000215,-1,-1,-1,-1
202,295,0.7152446171,0.2942790165,0.0013041406000000588,0.0075090259000000215,-1,-1,-1,-1
203,295,0.7152446171,0.2942790165,0.0013041406000000588,0.0075090259000000215,-1,-1,-1,-1
204,295,0.7152446171,0.2942790165,0.0013041406000000588,0.0075090259000000215,-1,-1,-1,-1
205,295,0.7152446171,0.2942790165,0.0013041406000000588,0.0075090259000000215,-1,-1,-1,-1
206,295,0.7152446171,0.2942790165,0.0013041406000000588,0.0075090259000000215,-1,-1,-1,-1
207,295,0.7152446171,0.2942790165,0.0013041406000000588,0.0075090259000000215,-1,-1,-1,-1
208,295,0.7152446171,0.2942790165,0.0013041406000000588,0.0075090259000000215,-1,-1,-1,-1
209,295,0.7152446171,0.2942790165,0.0013041406000000588,0.0075090259000000215,-1,-1,-1,-1
210,295,0.7152446171,0.2942790165,0.0013041406000000588,0.0075090259000000215,-1,-1,-1,-1
211,295,0.7152446171,0.2942790165,0.0013041406000000588,0.0075090259000000215,-1,-1,-1,-1
212,295,0.7152446171,0.2942790165,0.0013041406000000588,0.0075090259000000215,-1,-1,-1,-1
213,295,0.7152446171,0.2942790165,0.0013041406000000588,0.0075090259000000215,-1,-1,-1,-1
214,295,0.7152446171,0.2942790165,0.0013041406000000588,0.0075090259000000215,-1,-1,-1,-1
215,295,0.7152446171,0.2942790165,0.0013041406000000588,0.0075090259000000215,-1,-1,-1,-1
216,295,0.7152446171,0.2942790165,0.0013041406000000588,0.0075090259000000215,-1,-1,-1,-1
217,295,0.7152446171,0.2942790165,0.0013041406000000588,0.0075090259000000215,-1,-1,-1,-1
218,295,0.7152446171,0.2942790165,0.0013041406000000588,0.0075090259000000215,-1,-1,-1,-1
219,295,0.7152446171,0.2942790165,0.0013041406000000588,0.0075090259000000215,-1,-1,-1,-1
220,295,0.7152446171,0.2942790165,0.0013041406000000588,0.0075090259000000215,-1,-1,-1,-1
221,295,0.7152446171,0.2942790165,0.0013041406000000588,0.0075090259000000215,-1,-1,-1,-1
222,295,0.7152446171,0.2942790165,0.0013041406000000588,0.0075090259000000215,-1,-1,-1,-1
223,295,0.7152446171,0.2942790165,0.0013041406000000588,0.0075090259000000215,-1,-1,-1,-1
224,295,0.7156444556,0.2943452219,0.0013041404999999395,0.007509025899999966,-1,-1,-1,-1
225,295,0.7160907288,0.2942295257,0.0013041405999999478,0.0075090259000000215,-1,-1,-1,-1
226,295,0.7160907288,0.2942129417,0.0013041405999999478,0.007509025899999966,-1,-1,-1,-1
227,295,0.7160907288,0.2942129417,0.0013041405999999478,0.007509025899999966,-1,-1,-1,-1
228,295,0.7158861808,0.2946261053,0.0013041406000000588,0.007509025800000013,-1,-1,-1,-1
229,295,0.7154955999,0.2944114273,0.0016873741999999803,0.007674082400000004,-1,-1,-1,-1
230,295,0.7150399221,0.2943619365,0.0016873741999999803,0.007674082400000004,-1,-1,-1,-1
231,295,0.714612164,0.2943949739,0.0016873741999999803,0.007674082400000004,-1,-1,-1,-1
232,295,0.7139611958,0.2945768756,0.0013154553999999985,0.007674082400000004,-1,-1,-1,-1
233,295,0.7130685024,0.2944115579,0.0013154553999999985,0.007674082400000004,-1,-1,-1,-1
234,295,0.7118967597,0.2944752823,0.0013154552999999902,0.007674082300000051,-1,-1,-1,-1
