0,64,1.0102332053,0.7269398186,0.6839858004,0.5318615186
0,64,0.9950426494,0.7505221348,0.6683709396,0.5283788788
0,64,0.9784819010500001,0.73007399855,0.6605904737,0.5293505445
0,64,1.081187269,0.5048245726,0.7240002128,0.351684856
0,64,1.06894656885,0.47483998395,0.7146118701,0.3271761863
0,64,1.07261028545,0.47590984785,0.7169681399,0.3273694487
0,64,1.0586370254,0.4760000151,0.7074065486,0.3272627626
0,64,1.0632731533,0.47552430245,0.710845953,0.3277759525
0,64,1.06894656885,0.47483998395,0.7146118701,0.3271761863
0,64,1.07261028545,0.47590984785,0.7169681399,0.3273694487
0,64,1.06894656885,0.47483998395,0.7146118701,0.3271761863
0,64,1.07261028545,0.47590984785,0.7169681399,0.3273694487
0,64,1.0586370254,0.4760000151,0.7074065486,0.3272627626
0,64,1.0632731533,0.47552430245,0.710845953,0.3277759525
0,64,1.06894656885,0.47483998395,0.7146118701,0.3271761863
0,64,1.0586370254,0.4760000151,0.7074065486,0.3272627626
0,64,1.0632731533,0.47552430245,0.710845953,0.3277759525
0,64,1.0586370254,0.4760000151,0.7074065486,0.3272627626
0,64,1.0632731533,0.47552430245,0.710845953,0.3277759525
0,64,1.0641709163,0.52582429005,0.7141406162,0.3646082311
0,64,1.08078103845,0.5153411133,0.7226367063,0.351524631
0,64,1.0800263268,0.52152302745,0.7231398474,0.3651493657
0,64,1.0558647532499998,0.4661226767,0.7054292511,0.3195378836
0,64,1.1080693165,0.5782504899500001,0.7427093032,0.4123092971
0,64,1.03477463275,0.7331611035,0.6978229155,0.530161724
0,64,1.0485095473000001,0.7448677093,0.7061072572,0.5292711502
0,64,1.05716952785,0.74100017705,0.7212236247,0.5247447631
0,64,1.00973770535,0.586121034,0.6799521487,0.4064807396
0,64,1.011701808,0.5794176378,0.6802117148,0.401127503
0,64,1.00912832275,0.58050180045,0.6778517109,0.3983809577
0,64,1.00256191985,0.55405574105,0.6726974535,0.3930083949
0,64,1.0998821057,0.5215680132,0.7390139198,0.3580505
0,64,0.9868987140500001,0.8522422481499999,0.6693350485,0.6342889983
0,64,0.9827089328999999,0.91489000235,0.6625436722,0.6246573511
0,64,0.92259084465,0.9676662291,0.6307604073,0.725522409
0,64,0.9013580402000001,0.9750630192,0.6134659604,0.7251652654
0,64,1.0694117981,0.453333867,0.7143220938,0.3097542382
0,64,1.07233057485,0.4545458701,0.7161594993,0.309748362
0,64,1.05476361775,0.45308125485,0.7044525049,0.3083699313
0,64,1.0548365026500002,0.45968638745,0.7041821253,0.3107648175
0,64,1.06941172455,0.44148557895,0.7139657511,0.2997304513
0,64,1.0532033513,0.5246164004,0.7053347652,0.3672313758
0,64,1.0582955978,0.52635334575,0.7087391966,0.3675947873
0,64,1.1147582718,0.687392204,0.7526334088,0.47924062
0,64,1.1119053266,0.6918327983,0.7496921494,0.4985007804
0,64,1.03399508735,0.53111151705,0.6934492321,0.3640447669
0,64,1.0352666795,0.5219255486,0.6943454522,0.3595106754
0,64,1.0334544751499999,0.5141388386,0.6931268339,0.3604768566
0,64,1.0375497704,0.5218016256,0.6955618664,0.3568551462
0,64,1.0370759449,0.52645924825,0.6935885364,0.3531262275
0,64,1.02962625315,0.5175757745,0.6894790609,0.3578320352
0,64,1.0369074635,0.5172209244,0.6945517466,0.358515766
0,64,1.0369074635,0.5172209244,0.6945517466,0.358515766
0,64,1.030307933,0.516293975,0.6898831608,0.3561592712
0,64,1.0584319630999999,0.44568492179999997,0.7066237704,0.3029557126
0,64,1.05604211635,0.44545907905000004,0.7052305809,0.3025087281
0,64,1.0585310777999999,0.44477580525,0.7068622628,0.3015263547
0,64,1.05946594445,0.4467466242,0.7071261767,0.3022883046
0,64,1.02676669535,0.5104778229,0.6866926819,0.349257977
0,64,1.0242722234500001,0.508080325,0.6857623705,0.3558302028
0,64,1.0416752629500001,0.4947832876,0.6973969207,0.3389034242
0,64,1.0474206083,0.4948688846,0.701614695,0.339221393
0,64,1.0424280643500001,0.49432291835,0.6972440975,0.3361670643
0,64,1.0416752629500001,0.4947832876,0.6973969207,0.3389034242
0,64,1.0474206083,0.4948688846,0.701614695,0.339221393
0,64,1.0424280643500001,0.49432291835,0.6972440975,0.3361670643
0,64,1.0479044261,0.49304301235,0.7013653286,0.3382800225
0,64,1.0479044261,0.49304301235,0.7013653286,0.3382800225
0,64,1.0096124344,0.6121413939,0.6793521706,0.4312714678
0,64,1.0246517835,0.8537566153,0.6964852714,0.6381456268
0,64,1.0496521213999999,0.5807266638999999,0.7064803516,0.4136664428
0,64,1.04589788645,0.5837183780999999,0.7015731095,0.413806558
0,64,0.85922848415,0.5553518115,0.5772740423,0.3921567804
0,64,1.066830408,0.5078192903000001,0.7137487128,0.3504321764
0,64,1.06693341665,0.5192498443,0.7135006689,0.3502075742
0,64,1.0674652856,0.4878772925,0.7143043134,0.337167197
0,64,1.06101247155,0.488124812,0.7098265927,0.3373075734
0,64,1.100131619,0.5702780914500001,0.7373125858,0.3963558817
0,64,1.10901615935,0.55818887845,0.7444998331,0.3948285867
0,64,1.0435642462999999,0.54755389925,0.699867661,0.3854821321
0,64,1.0656585917499999,0.5255029914,0.7145614679,0.3662181848
0,64,0.18597680055,1.0558778916,0.1429666487,0.7907188106
0,64,0.1617330111,1.0532847809499999,0.1291790542,0.7833484635
0,64,0.9376620073,0.7349566152,0.634266231,0.535409058
0,64,0.9362564744499999,0.55699372055,0.6291337215,0.3964354065
0,64,0.9475296859,0.55604177285,0.636018702,0.3922849669
0,64,0.46352976415,1.0454782224999999,0.3225963257,0.7868244436
0,64,0.77390992955,0.5471794535000001,0.5220782549,0.3777771016
0,64,0.8215300897,0.5237603657,0.5522717174,0.3621045696
0,64,0.2252031814,0.6552206821,0.158236702,0.4697731152
0,64,0.63893498075,0.85983928665,0.4403527983,0.6351101021
0,64,0.6656271748,0.5570519603499999,0.4478528924,0.3916140331
0,64,0.67780439455,0.55759446615,0.4554050051,0.3911579079
0,64,0.59965963035,0.59355334255,0.4040982783,0.4178460023
0,64,0.6079048845999999,0.59539965085,0.410947698,0.4220262147
0,64,0.7816315438,0.53934011875,0.5256053858,0.3797584325
0,64,0.7194211732,0.53276449785,0.484049222,0.3763993239
0,64,0.7517709861499999,0.55002171585,0.5067756531,0.3870267945
0,64,0.7597623922,0.52119265335,0.5111888648,0.3659613287
0,64,0.78033563215,0.50652985175,0.5223840483,0.3463552549
0,64,1.06302643195,0.47387994025,0.7105408943,0.3242406879
0,64,1.07374799195,0.44524197845,0.7166061031,0.3018340029
0,64,1.07198811855,0.4448421412,0.7158331335,0.3021312136
0,64,0.7543697893000001,0.49771193045,0.504716507,0.3407967423
0,64,0.7630265642,0.49815708680000004,0.5111995918,0.3423937684
0,64,1.0498240476,0.47756184915,0.7018054302,0.3258290955
0,64,1.05455671855,0.4772474714,0.7056439383,0.326138707
0,64,1.05053379395,0.46997323315,0.7018583305,0.3222570065
0,64,1.0609208511000001,0.4572601614,0.7089189108,0.3121401142
0,64,1.0649552375,0.45739511860000004,0.7115221958,0.312415513
0,64,1.07053482845,0.44463693049999997,0.7146766731,0.3018315264
0,64,1.0643138942,0.44433737385000005,0.710536339,0.3027317633
0,64,1.06490476175,0.4426477648,0.7105093011,0.2972444184
0,64,1.0622934682,0.45400538840000004,0.709357102,0.3088982688
0,64,1.0597630682,0.45185697695000004,0.7079752274,0.3082781317
0,64,1.06579760205,0.4621261941,0.7130150143,0.3169836866
0,64,1.05676920225,0.4354060416,0.7054877353,0.2950723062
0,64,1.0717354459,0.4306716363,0.7151699688,0.2909474608
0,64,1.0739852537,0.43441700839999997,0.7167976832,0.2938200184
0,64,1.075006304,0.43460667975,0.7171919378,0.2934513835
0,64,1.0649694911999998,0.4341489222,0.7107495568,0.2936035124
0,64,1.06587533615,0.43444449615,0.7113689317,0.2933659825
0,64,1.0595952565,0.43405516380000003,0.7070628922,0.2932693948
0,64,1.05827326515,0.4383466638,0.7064111365,0.296841548
0,64,1.06031697885,0.43494430130000006,0.7078149099,0.2930002204
0,64,1.0711250477499998,0.43857865665000006,0.7148372931,0.2961615255
0,64,1.07161333425,0.44552012640000005,0.7154162493,0.3023665236
0,64,1.06501328095,0.44439920485000006,0.7106152487,0.2989298489
0,64,1.06433476045,0.4461659883,0.7107735089,0.3037606242
0,64,1.0685202802,0.4593330307,0.7139053566,0.3144532556
0,64,1.06512290225,0.45280076325,0.7114966273,0.3089651271
0,64,1.0479603388999998,0.46353995965000006,0.7000513918,0.3176914093
0,64,1.0720369779999999,0.45777511415,0.7163132042,0.3131005497
0,64,1.0427450256,0.48477543175000004,0.6970036948,0.3343001239
0,64,1.0684836908,0.4486336743,0.7135632676,0.3049720396
0,64,1.0748221568999998,0.44967191545,0.7177832298,0.3062333667
0,64,1.06180200925,0.44647240050000003,0.7089822443,0.3035915196
0,64,1.0562540851,0.4541964308,0.7056589268,0.3089588592
0,64,1.05650771285,0.45251850875,0.7057144721,0.3033300931
0,64,1.0591365662999999,0.44137047035,0.7070666638,0.2994735951
0,64,1.05697992195,0.44039625839999996,0.7058744957,0.2986189316
0,64,1.0688932061,0.43938258510000006,0.7133622766,0.2975801114
0,64,1.0675925403,0.43959689655,0.712603861,0.2975569027
0,64,1.0698164123,0.43807952585,0.7138088134,0.2962620449
0,64,1.0666117532000001,0.4419233574,0.7119706732,0.2994020358
0,64,1.06527741535,0.44315827765,0.7113577639,0.3009097433
0,64,1.09685789555,0.4715165897,0.7334900947,0.325669654
0,64,0.91121261045,0.602241067,0.6140425007,0.4348024628
0,64,1.3406728895,0.86687514625,0.9000005584,0.6076667175
0,64,1.26758509195,0.8284718545,0.8581707247,0.6139943364
0,64,1.2286176786,0.7915976972500001,0.8292147472,0.5694706335
0,64,1.2169851855,0.7554940047,0.822549597,0.5529241116
0,64,0.9249858344,0.8916502749,0.636799423,0.6411180802
0,64,0.24722699305,0.8525092897000001,0.1774894905,0.5976263466
0,64,0.2672659027,0.8719330701500001,0.1950252952,0.6318324771
0,64,0.2347756834,0.87200306245,0.1768669562,0.6319724617
0,64,0.2347756834,0.87200306245,0.1768669562,0.6319724617
0,64,0.3102349834,0.8576482400500001,0.2253478492,0.6028112621
0,64,0.37488339875,0.8993480529,0.2617399101,0.6585495608
0,64,0.7063197403,0.57141011265,0.476866677,0.4057667135
0,64,0.71417536875,0.571825692,0.4806568401,0.4035824572
0,64,0.696861819,0.5804497633000001,0.4687004794,0.405430202
0,64,0.78006268105,0.507962213,0.5238753973,0.3538603632
0,64,0.56628634255,0.601999952,0.3825387407,0.4301398384
0,64,0.556099572,0.60651595775,0.3762453624,0.4318748903
0,64,0.08086604635,0.82674519815,0.0686060229,0.6111421753
0,64,0.06363184715,0.8261319819499999,0.0570697791,0.6137115199
0,64,1.0847141059,0.5532447574,0.7272914962,0.3900568348
0,64,0.7991142277000001,0.61103620745,0.5394867314,0.4420689571
0,64,1.32354507875,0.7491547384,0.8980376615,0.5463040926
0,64,0.5176129952,0.80574600315,0.3555835144,0.5956345691
0,64,0.7836096495,0.5809699393000001,0.526915698,0.4050563438
0,64,0.84070426225,0.64601055575,0.5670379683,0.4653419229
0,64,0.8580145058499999,0.6507904038,0.5795966583,0.4705479928
0,64,0.7991133460500001,0.612565657,0.5392721911,0.4420858022
0,64,0.3859613933,1.07003644825,0.2787588344,0.7968125815
0,64,0.37286907105,1.0314554719,0.2694840805,0.7726361142
0,64,0.34893989165,1.0369977921,0.2434540225,0.7616175484
0,64,0.43594796255,1.0155350285,0.3058959791,0.7476231342
0,64,0.4308866481,0.9977560021,0.2983028686,0.7298807362
0,64,0.9992952498000001,0.9950952496,0.676561971,0.6919924356
0,64,0.9969951867,0.97206288235,0.6809619576,0.7252645083
0,64,1.02269289495,1.00085664675,0.6936731769,0.7237359891
0,64,1.0892220974,1.29186761165,0.7541669312,0.9918193875
0,64,0.3844965679,0.7451069367500001,0.2674787164,0.5282170869
0,64,0.5254026010999999,0.62391413975,0.3584269082,0.4487341577
0,64,0.4525388804,0.7003917792,0.3060803548,0.4887347332
0,64,0.41391812615,0.7100144764,0.2849546409,0.5106520202
0,64,0.48312956409999996,0.5876795381,0.3273513324,0.4082151386
0,64,0.4914155957,0.58605646085,0.3320731294,0.4066819675
0,64,0.4596025744,0.5668587843,0.3102768628,0.4015619516
0,64,0.47746996145000004,0.56747546095,0.3216248695,0.4019287583
0,64,0.6631905259499999,0.5422456485,0.4480733105,0.3759134258
0,64,0.66579263535,0.54073017125,0.4485179673,0.3743120905
0,64,0.8759762319000001,1.2539112121,0.6072761786,0.9473046692
0,64,0.83770143275,1.26637402225,0.5757562399,0.9126542965
0,64,0.77764924955,1.2348103626,0.5477067111,0.9437846828
0,64,0.27272224315,0.7633963455,0.1906919483,0.5533519004
0,64,0.6864196573,0.5328355348,0.461457099,0.3658508558
0,64,0.7563316576000001,0.51241834665,0.5083040324,0.3568593249
0,64,0.68025456235,0.5662693341,0.4583868215,0.4007612186
0,64,0.6895997030500001,0.56059852035,0.4645403077,0.3999738051
0,64,0.49474302775,0.5561621048500001,0.3333345089,0.3887995849
0,64,0.66554442125,0.6157484123,0.4481815909,0.4275717996
0,64,0.6549833659,0.61620098415,0.4422975448,0.4280018083
0,64,0.6405126603,0.61959862415,0.433688089,0.4298103783
0,64,0.5536529308,0.66106438715,0.3759846812,0.4608493567
0,64,0.54804255485,0.66247951155,0.3708307177,0.4615061875
0,64,0.54363441275,0.56781890385,0.3663881169,0.3940836337
0,64,0.5138338823,0.7982145169999999,0.3571276168,0.5748714022
0,64,0.5312090757,0.7840792694500001,0.3655544956,0.5667626101
0,64,0.56385652665,0.80371191695,0.3878023255,0.5838155317
0,64,0.5889463544,0.78966559605,0.4065080362,0.5696589337
0,64,0.6034710271,0.8108349403999999,0.4168283066,0.5960842958
0,64,0.38397759345,0.62049326555,0.2643758905,0.4354102855
0,64,0.38316700585,0.6235814805,0.2615759191,0.4236639826
0,64,0.3618803459,0.6136135176,0.2482435614,0.4375424394
0,64,0.19095329075,0.64630456265,0.1331094767,0.4579137277
0,64,0.18621191315,0.64777433595,0.1313451765,0.4620293017
0,64,0.18005868414999998,0.5975494334,0.1250768525,0.419147128
0,64,0.36087626785,0.6649268267,0.2491744607,0.4833097066
0,64,0.5642957695,0.6561855052,0.3837175522,0.4547436244
0,64,0.56383477875,0.6315415389,0.3819336195,0.4521563378
0,64,0.55978795445,0.55969654265,0.3767836235,0.3905515379
0,64,0.17250031205,0.60296273795,0.1200610911,0.4230183819
0,64,0.42479230729999995,0.58268599145,0.2881540834,0.4147501483
0,64,0.21932562195,0.6045255313,0.1511091881,0.4324377318
0,64,1.0672182704,0.47996652905000003,0.713904328,0.3301539935
0,64,1.06806599845,0.5418787765,0.7157032337,0.3806952326
0,64,1.06333501735,0.5678117113,0.7137639951,0.4035179494
0,64,1.0684097038,0.54463191615,0.71656404,0.3833555933
0,64,1.05679726885,0.5445947001,0.7080760319,0.381574968
0,64,1.0624030895,0.55439375425,0.712011524,0.3898510365
0,64,1.0591270884,0.56729976195,0.7101076992,0.3993498811
0,64,0.9371939127,0.83610706155,0.6355186468,0.6155801579
0,64,0.91363148465,0.83116280995,0.6201813169,0.6155141701
0,64,1.0466946245500002,0.66387308985,0.7078074157,0.4766759763
0,64,1.0425606826,0.7716425106,0.7078883826,0.5702644456
0,64,0.9490126590500001,1.1801330481,0.6525459469,0.8857827334
0,64,0.9901916139,1.19713399765,0.678147659,0.9035362309
0,64,0.8426825150499999,0.7416454512999999,0.5713885813,0.5173654058
0,64,0.8943472106499999,0.8679431178500001,0.6075939775,0.6293631613
0,64,0.91638952765,0.8729072820500001,0.6255445797,0.6291196221
0,64,0.82530599915,0.7731500222000001,0.5601382933,0.5430937176
0,64,0.67191783455,0.51491045165,0.4508413213,0.3588994179
0,64,0.624273061,0.83647308485,0.4303762332,0.6184062281
0,64,1.05200640745,0.5117798627,0.7047712295,0.3566338086
0,64,0.6364538809,0.934969569,0.4426429426,0.7097377064
0,64,0.6379159878,0.8458773223,0.4364274454,0.6120770166
0,64,0.5981295611999999,0.9458230129999999,0.4119899818,0.7091969636
0,64,1.2634537828,0.82425616845,0.8563219962,0.6107970061
0,64,1.04865384775,1.0917106904,0.7170461679,0.8209152696
0,64,0.6394815442,0.79433333895,0.438234874,0.5815982379
0,64,0.6773246911499999,0.5156724668,0.4549316939,0.3603753938
0,64,1.0599496153499999,0.5084800386,0.7103749929,0.3562329198
0,64,1.0132613095,1.10629462005,0.699434172,0.8333413859
0,64,0.1283353303,0.6150376522500001,0.0921230938,0.4370308165
0,64,0.21477913075,0.6521382129,0.1510370379,0.4684935356
0,64,0.6147407119,0.56650066125,0.4140295842,0.4014568325
0,64,0.8275887227000001,0.53587928625,0.5589038048,0.3732389621
0,64,0.30748376105,0.60051790395,0.2085085657,0.4269696829
0,64,1.0988290214,0.53953285875,0.7355047164,0.3763826093
0,64,1.05180604735,0.5151430194,0.7046932015,0.3591276764
0,64,1.0164465718,0.53291146865,0.6820124704,0.3735255911
0,64,0.8941129698500001,0.5799958579,0.6022244891,0.414561587
0,64,1.06840250345,0.4737353852,0.7144295109,0.3254739106
0,64,1.0375369862000001,0.48368976750000003,0.6936133702,0.331892963
0,64,1.0306322415,0.5241301758,0.691729383,0.3675869524
0,64,0.6873319679500001,0.49400064035,0.4614190401,0.3433483277
0,64,0.41966780635,0.57654723485,0.2842337267,0.4061271217
0,64,0.40068936504999997,0.5627568561,0.2721580463,0.3987015382
0,64,0.9010651779000001,0.5246592968,0.60626828,0.3667070864
0,64,0.9570097749500001,0.5248709898999999,0.6406382251,0.367720669
