140,368,0.7091410923,0.2873308432,0.00106623589999999,0.005749946700000008,-1,-1,-1,-1
141,368,0.7098947753,0.2873636195,0.0009835056999999425,0.005962274099999998,-1,-1,-1,-1
142,368,0.7102991691,0.2873308432,0.0009835056999999425,0.005962274200000006,-1,-1,-1,-1
143,368,0.7108139189,0.2873634889,0.0008180450999999422,0.005962274099999998,-1,-1,-1,-1
144,368,0.7115032399,0.2873798117,0.0008180451000000533,0.005962274200000006,-1,-1,-1,-1
145,368,0.712267356,0.2876038916,0.0008180450999999422,0.005962274099999998,-1,-1,-1,-1
146,368,0.712377712,0.2874218593,0.0011311858000000452,0.005962274199999951,-1,-1,-1,-1
147,368,0.7121806582,0.2876318363,0.0014541718999999675,0.005962274099999998,-1,-1,-1,-1
148,368,0.7119758163,0.2875337687,0.0014306606000000777,0.005514114399999992,-1,-1,-1,-1
149,368,0.7116607653,0.2874358317,0.0014306605999999666,0.0055141144000000475,-1,-1,-1,-1
150,368,0.7115032399,0.2874077564,0.0014306605000000694,0.005514114399999992,-1,-1,-1,-1
151,368,0.7110305164,0.2874637764,0.0015723159999999625,0.005514114399999992,-1,-1,-1,-1
152,368,0.7107805623,0.28747579,0.0016293308000000506,0.005514114399999992,-1,-1,-1,-1
153,368,0.7105576461,0.2874278661,0.0016979542999999708,0.0055141145,-1,-1,-1,-1
154,368,0.710253763,0.2874588142,0.0015155949999999807,0.005514114399999992,-1,-1,-1,-1
155,368,0.7099847059,0.2874897623,0.0012782782000000381,0.005514114399999992,-1,-1,-1,-1
156,368,0.7097989669,0.2875921391,0.0012782782000000381,0.0055141145,-1,-1,-1,-1
157,368,0.7096755328,0.2874458865,0.0012782781000000298,0.0055141145,-1,-1,-1,-1
158,368,0.7094451224,0.2875482634,0.0012782781000000298,0.005514114399999992,-1,-1,-1,-1
159,368,0.7087947419,0.2876945159,0.001278278199999927,0.0055141145,-1,-1,-1,-1
160,368,0.7087947419,0.2876945159,0.001278278199999927,0.0055141145,-1,-1,-1,-1
161,368,0.708646474,0.2875043876,0.001278278199999927,0.005514114399999992,-1,-1,-1,-1
162,368,0.7085888714,0.2875482634,0.0012136221999999863,0.005514114399999992,-1,-1,-1,-1
163,368,0.7087935664,0.2875482634,0.0012136221999999863,0.005514114399999992,-1,-1,-1,-1
164,368,0.7086948191,0.2874729172,0.0012136221999999863,0.005514114399999992,-1,-1,-1,-1
165,368,0.709047635,0.2875106555,0.0012136221999999863,0.0055141145,-1,-1,-1,-1
166,368,0.7091535826,0.2876862892,0.0012136221999999863,0.0055141145,-1,-1,-1,-1
167,368,0.7093510773,0.2876361455,0.0011499947999999982,0.005604477599999991,-1,-1,-1,-1
168,368,0.7095908922,0.2876612174,0.001220675599999943,0.005604477599999991,-1,-1,-1,-1
169,368,0.7096756797,0.2876737533,0.001114727900000001,0.005604477599999991,-1,-1,-1,-1
170,368,0.7097604672,0.2877489689,0.0012062749000000261,0.005604477599999991,-1,-1,-1,-1
171,368,0.7101908703,0.2877615049,0.0011780613999999856,0.005604477599999991,-1,-1,-1,-1
172,368,0.7105295795,0.287736433,0.0010793141000000617,0.005604477599999991,-1,-1,-1,-1
173,368,0.7109812897,0.2877992432,0.0010793141000000617,0.005604477699999999,-1,-1,-1,-1
174,368,0.7115595199,0.2879120667,0.0008681536000000323,0.005604477599999991,-1,-1,-1,-1
175,368,0.7122508981,0.2879872823,0.000868153500000024,0.005604477600000046,-1,-1,-1,-1
176,368,0.7130059037,0.2879998182,0.000868153499999913,0.005604477699999999,-1,-1,-1,-1
177,368,0.7139513505,0.2879371385,0.000868153500000024,0.005604477699999999,-1,-1,-1,-1
178,368,0.7147770368,0.2879746158,0.000868153499999913,0.005604477599999991,-1,-1,-1,-1
179,368,0.7157790576,0.2877739102,0.000868153499999913,0.005604477599999991,-1,-1,-1,-1
