51,403,0.7029244195,0.2915709931,0.0013918670000000466,0.006662719599999978,-1,-1,-1,-1
52,403,0.7031536544,0.291762819,0.0014100881999999926,0.006810278000000003,-1,-1,-1,-1
53,403,0.7034138947,0.2912817525,0.0016391760999999727,0.0076985012999999936,-1,-1,-1,-1
54,403,0.7037678862,0.2913557929,0.0017016279000000578,0.007828039299999978,-1,-1,-1,-1
55,403,0.704196379,0.2915937145,0.00161081569999999,0.007828039300000034,-1,-1,-1,-1
56,403,0.7045027602,0.2914575168,0.00161081569999999,0.007828039300000034,-1,-1,-1,-1
57,403,0.7050320576,0.2917638637,0.00161081569999999,0.007828039299999978,-1,-1,-1,-1
58,403,0.7053397613,0.2915887523,0.00161081569999999,0.007828039400000042,-1,-1,-1,-1
59,403,0.7055243248,0.2915231998,0.0016108155999999818,0.007828039399999986,-1,-1,-1,-1
60,403,0.7055119814,0.2914137715,0.0016108155999999818,0.007828039400000042,-1,-1,-1,-1
61,403,0.7053274179,0.2915450071,0.0016108155999999818,0.007828039400000042,-1,-1,-1,-1
62,403,0.7053152215,0.2915887523,0.0016108155999999818,0.007828039400000042,-1,-1,-1,-1
63,403,0.7052414549,0.2917761384,0.0016108155999999818,0.007828039399999986,-1,-1,-1,-1
64,403,0.7053785549,0.2920198057,0.0016108155999999818,0.007828039399999986,-1,-1,-1,-1
65,403,0.7053468147,0.2920760868,0.0016108155999999818,0.007828039399999986,-1,-1,-1,-1
66,403,0.7053679749,0.2921135641,0.0016108155999999818,0.007828039399999986,-1,-1,-1,-1
67,403,0.7054313084,0.2921697146,0.0016108155999999818,0.007828039399999986,-1,-1,-1,-1
68,403,0.7054418884,0.2922071918,0.0016108155999999818,0.007828039399999986,-1,-1,-1,-1
69,403,0.7054418884,0.292263473,0.0016108155999999818,0.007828039399999986,-1,-1,-1,-1
70,403,0.7053681218,0.2923572313,0.0016108155999999818,0.007828039399999986,-1,-1,-1,-1
71,403,0.7053997151,0.2925634214,0.0016108155999999818,0.007828039399999986,-1,-1,-1,-1
72,403,0.7054461498,0.2927906352,0.0016108155999999818,0.007828039400000042,-1,-1,-1,-1
73,403,0.7052155925,0.2927677832,0.0016108155999999818,0.007828039399999986,-1,-1,-1,-1
74,403,0.7052924449,0.2926896948,0.0016108155999999818,0.007828039399999986,-1,-1,-1,-1
75,403,0.7053803183,0.2927091516,0.001778627300000002,0.009002630499999997,-1,-1,-1,-1
76,403,0.7056586329,0.2927952056,0.001778627300000002,0.009138305899999977,-1,-1,-1,-1
77,403,0.7059127015,0.2930102752,0.001778627300000002,0.009138305899999977,-1,-1,-1,-1
78,403,0.7063241487,0.2931822526,0.001778627300000002,0.009138305899999977,-1,-1,-1,-1
79,403,0.7063755796,0.2933112683,0.001903530900000061,0.00904115240000003,-1,-1,-1,-1
80,403,0.7064098178,0.2932299153,0.0019194010999999955,0.008726970500000042,-1,-1,-1,-1
81,403,0.7066239173,0.2932522449,0.0019194009999999873,0.008726970499999986,-1,-1,-1,-1
82,403,0.7068506541,0.2932587741,0.0018297642999999253,0.00932477789999997,-1,-1,-1,-1
83,403,0.707752752,0.2932045823,0.0016837006000000043,0.009551599999999993,-1,-1,-1,-1
84,403,0.7084738132,0.2932978183,0.0018015507999999958,0.009551599999999993,-1,-1,-1,-1
85,403,0.7091556399,0.2933444363,0.0019195480000000487,0.009551599999999993,-1,-1,-1,-1
86,403,0.7096509929,0.2935933269,0.0018202129000000067,0.009551599999999993,-1,-1,-1,-1
87,403,0.7101695633,0.2939571302,0.0018202127999999984,0.009551599999999993,-1,-1,-1,-1
88,403,0.7105381024,0.2940783109,0.0018202127999999984,0.009551600100000002,-1,-1,-1,-1
89,403,0.7108603537,0.2940324764,0.0018381401999999492,0.009351416799999956,-1,-1,-1,-1
90,403,0.7112728294,0.2939866419,0.0019026492999999478,0.009259747799999996,-1,-1,-1,-1
91,403,0.7111955362,0.2940096245,0.0019412958000000202,0.009259747699999987,-1,-1,-1,-1
92,403,0.7113201459,0.2941203586,0.0019279237999999532,0.008902081799999961,-1,-1,-1,-1
93,403,0.7113201459,0.294243498,0.0019279237999999532,0.008902081800000017,-1,-1,-1,-1
94,403,0.7114309427,0.2942681782,0.0019279239000000725,0.008902081800000017,-1,-1,-1,-1
95,403,0.7114971416,0.2943123151,0.0019279238999999615,0.008902081800000017,-1,-1,-1,-1
96,403,0.7115633405,0.294356452,0.0019279238999999615,0.008902081800000017,-1,-1,-1,-1
97,403,0.711804478,0.2945329998,0.0019279237999999532,0.008902081800000017,-1,-1,-1,-1
98,403,0.7117902243,0.2945582023,0.0019279237999999532,0.008902081799999961,-1,-1,-1,-1
99,403,0.7114640054,0.29443219,0.0022055038000000637,0.008902081800000017,-1,-1,-1,-1
100,403,0.7111235329,0.2946698504,0.0020910333000000447,0.009109185999999991,-1,-1,-1,-1
101,403,0.710705914,0.2950972475,0.0018547450999999437,0.009519737899999992,-1,-1,-1,-1
102,403,0.7105269345,0.2950972475,0.0018710559999999266,0.009837837200000032,-1,-1,-1,-1
103,403,0.7104571354,0.2951012956,0.0019745056000000094,0.009833789100000045,-1,-1,-1,-1
104,403,0.7105267876,0.2950764849,0.0020303447999999724,0.009858599800000034,-1,-1,-1,-1
105,403,0.7103009325,0.2950785742,0.0019482022999999238,0.009977038300000018,-1,-1,-1,-1
106,403,0.7103444283,0.295026994,0.002095000800000024,0.009977038400000027,-1,-1,-1,-1
107,403,0.7102018912,0.2952572113,0.0022870584999999943,0.009977038300000018,-1,-1,-1,-1
108,403,0.7106740269,0.2956407326,0.002095588499999912,0.009977038299999963,-1,-1,-1,-1
109,403,0.7110516766,0.295832428,0.0020955886000000312,0.009977038300000018,-1,-1,-1,-1
110,403,0.7114293263,0.295640602,0.0022169655000000565,0.009977038400000027,-1,-1,-1,-1
111,403,0.7120497299,0.2956646292,0.0021224794999999963,0.009977038400000027,-1,-1,-1,-1
112,403,0.7125487565,0.29542501,0.0021224796000000046,0.009977038400000027,-1,-1,-1,-1
113,403,0.7126217884,0.2956327671,0.0021224796000000046,0.009977038299999963,-1,-1,-1,-1
114,403,0.7126802726,0.29586651,0.0021224796000000046,0.009977038399999971,-1,-1,-1,-1
115,403,0.7126802726,0.2961782109,0.0021224796000000046,0.009977038299999963,-1,-1,-1,-1
116,403,0.7129056869,0.2960891535,0.0021224796000000046,0.009977038300000018,-1,-1,-1,-1
117,403,0.7126974653,0.2961761215,0.0019104372999999564,0.009977038400000027,-1,-1,-1,-1
118,403,0.71270878,0.2961357715,0.0019104373999999646,0.009977038300000018,-1,-1,-1,-1
119,403,0.71270878,0.2961357715,0.0019104373999999646,0.009977038300000018,-1,-1,-1,-1
120,403,0.7129844496,0.2962248289,0.0019104374000000757,0.009977038299999963,-1,-1,-1,-1
121,403,0.7132468942,0.2964948738,0.0019104373000000674,0.009977038399999971,-1,-1,-1,-1
122,403,0.7136252786,0.2967499018,0.0019104373999999646,0.009977038300000018,-1,-1,-1,-1
123,403,0.7136905224,0.2967730149,0.0019104373000000674,0.009977038399999971,-1,-1,-1,-1
124,403,0.7132667318,0.2965830171,0.0024544292999999495,0.009977038399999971,-1,-1,-1,-1
125,403,0.7128360348,0.2968773505,0.0024544292999999495,0.009977038299999963,-1,-1,-1,-1
126,403,0.7127081923,0.2969781603,0.0024544292999999495,0.009977038399999971,-1,-1,-1,-1
127,403,0.7126796849,0.2969276248,0.0023758134000000375,0.011073671600000001,-1,-1,-1,-1
128,403,0.712566096,0.2968770893,0.0023758135000000458,0.01082138589999998,-1,-1,-1,-1
129,403,0.7126513244,0.2973312559,0.0023758135000000458,0.010821385800000027,-1,-1,-1,-1
130,403,0.7124232651,0.2975475008,0.0023758135000000458,0.010821385800000027,-1,-1,-1,-1
131,403,0.7122695602,0.2976993684,0.0023846302000000152,0.009915011600000023,-1,-1,-1,-1
132,403,0.7123093824,0.2976523586,0.0023846302000000152,0.009915011600000023,-1,-1,-1,-1
133,403,0.7122645641,0.2976258504,0.0023846301999999042,0.009915011500000015,-1,-1,-1,-1
134,403,0.7122645641,0.2976258504,0.001798758799999911,0.009644183099999981,-1,-1,-1,-1
135,403,0.7117614229,0.2976728601,0.002197862599999989,0.009792916799999996,-1,-1,-1,-1
136,403,0.7118157928,0.2981242844,0.0021978625000000918,0.009792916799999996,-1,-1,-1,-1
137,403,0.7120100546,0.2981648956,0.001998457699999956,0.009792916799999996,-1,-1,-1,-1
138,403,0.7123067374,0.2983868862,0.0019984576000000587,0.009792916700000043,-1,-1,-1,-1
139,403,0.7126225231,0.2983635119,0.0019984576000000587,0.009792916699999987,-1,-1,-1,-1
140,403,0.7123856471,0.2982130806,0.0021326188000000412,0.009792916799999996,-1,-1,-1,-1
141,403,0.7124279674,0.298325904,0.00213261879999993,0.009792916800000051,-1,-1,-1,-1
142,403,0.7121944711,0.298374742,0.0021326188000000412,0.009792916699999987,-1,-1,-1,-1
143,403,0.7121555306,0.2987553905,0.00213261879999993,0.009792916699999987,-1,-1,-1,-1
144,403,0.711998299,0.2988571144,0.0021326188000000412,0.009792916699999987,-1,-1,-1,-1
145,403,0.7124081297,0.298997099,0.0021326189000000495,0.009792916799999996,-1,-1,-1,-1
146,403,0.712733173,0.2989910922,0.0022332763999999283,0.011762886900000047,-1,-1,-1,-1
147,403,0.7130837847,0.2990256966,0.0022332765000000476,0.011762886899999991,-1,-1,-1,-1
148,403,0.7138678855,0.2991218054,0.00209544159999997,0.012116896599999982,-1,-1,-1,-1
149,403,0.7141470818,0.299245859,0.00242856690000004,0.012116896499999974,-1,-1,-1,-1
150,403,0.7145914447,0.2995192991,0.002428566899999929,0.012116896499999974,-1,-1,-1,-1
151,403,0.7145914447,0.2996689468,0.0023918305999999223,0.012116896599999982,-1,-1,-1,-1
152,403,0.7146250952,0.2999980151,0.0024423798000000607,0.012116896599999982,-1,-1,-1,-1
153,403,0.7144566958,0.2999980151,0.0024423796999999414,0.012116896599999982,-1,-1,-1,-1
154,403,0.714103292,0.3002373732,0.0026275310000000163,0.01211689650000003,-1,-1,-1,-1
155,403,0.7140528898,0.3002373732,0.0024085822999999618,0.01211689650000003,-1,-1,-1,-1
156,403,0.7135983876,0.3000579526,0.0024760302999999872,0.01238537449999999,-1,-1,-1,-1
157,403,0.7135143348,0.3001776969,0.002307483899999907,0.01238537449999999,-1,-1,-1,-1
158,403,0.7128836451,0.3006062692,0.002316741399999933,0.012385374599999999,-1,-1,-1,-1
159,403,0.7125656552,0.300917056,0.002316741399999933,0.01238537449999999,-1,-1,-1,-1
160,403,0.7122153373,0.3013915934,0.002467948300000078,0.011786261200000037,-1,-1,-1,-1
161,403,0.712022545,0.3012980962,0.002415341800000026,0.012191198100000022,-1,-1,-1,-1
162,403,0.7120400315,0.3012980962,0.002415488700000079,0.012346852700000022,-1,-1,-1,-1
163,403,0.7122652988,0.3012581379,0.002415488699999968,0.012346852700000022,-1,-1,-1,-1
164,403,0.7126128247,0.3012239253,0.002337754600000075,0.012346852600000013,-1,-1,-1,-1
165,403,0.7126514713,0.3012924812,0.002337754700000083,0.012346852599999958,-1,-1,-1,-1
166,403,0.7126129716,0.30149841,0.002337754699999972,0.012346852700000022,-1,-1,-1,-1
167,403,0.7122267991,0.301944611,0.002337754600000075,0.012346852700000022,-1,-1,-1,-1
168,403,0.7119371697,0.3022879129,0.002337754599999964,0.012346852600000013,-1,-1,-1,-1
169,403,0.7117055837,0.3021848831,0.002337754599999964,0.012346852699999966,-1,-1,-1,-1
170,403,0.7114352041,0.3020476407,0.002337754699999972,0.012346852699999966,-1,-1,-1,-1
171,403,0.7115676019,0.3021064029,0.002337754699999972,0.012346852699999966,-1,-1,-1,-1
172,403,0.7113183825,0.3023673071,0.002566107799999995,0.012346852700000022,-1,-1,-1,-1
173,403,0.7112462323,0.3024955393,0.002566107800000106,0.012346852600000013,-1,-1,-1,-1
174,403,0.7110158219,0.302880497,0.0024717689000000043,0.013782217399999963,-1,-1,-1,-1
175,403,0.7109435248,0.303201208,0.002634290399999961,0.01355774580000002,-1,-1,-1,-1
176,403,0.710474328,0.303457803,0.0026342904999999694,0.013557745699999957,-1,-1,-1,-1
177,403,0.7102771273,0.3035279259,0.0026342904999999694,0.013557745700000012,-1,-1,-1,-1
178,403,0.7099022695,0.3035980488,0.0026342904999999694,0.013557745699999957,-1,-1,-1,-1
179,403,0.7097839785,0.3035980488,0.0026342905000000805,0.013557745699999957,-1,-1,-1,-1
180,403,0.709448649,0.3036331755,0.0026342904999999694,0.013557745799999965,-1,-1,-1,-1
181,403,0.7089159719,0.3037382946,0.0026342904999999694,0.013557745700000012,-1,-1,-1,-1
182,403,0.7086398615,0.3040186556,0.002634290399999961,0.013557745699999957,-1,-1,-1,-1
183,403,0.7082846944,0.3044743891,0.0026342905000000805,0.013557745699999957,-1,-1,-1,-1
184,403,0.7078704553,0.3045095158,0.002634290399999961,0.013557745799999965,-1,-1,-1,-1
185,403,0.7076929452,0.3045446426,0.0026342904999999694,0.013557745699999957,-1,-1,-1,-1
186,403,0.7074562161,0.3048602609,0.0026342904999999694,0.013557745700000012,-1,-1,-1,-1
187,403,0.7075152882,0.3048602609,0.0026342904999999694,0.013557745700000012,-1,-1,-1,-1
188,403,0.7070616677,0.304790138,0.0026342904999999694,0.013557745700000012,-1,-1,-1,-1
189,403,0.7070813584,0.3049653799,0.0026342905000000805,0.01355774580000002,-1,-1,-1,-1
190,403,0.7070024487,0.3053159944,0.0026342905000000805,0.013557745700000012,-1,-1,-1,-1
191,403,0.7071601211,0.3055263631,0.0026342904999999694,0.013557745700000012,-1,-1,-1,-1
192,403,0.7075151413,0.3056666089,0.002634290399999961,0.013557745699999957,-1,-1,-1,-1
193,403,0.70783078,0.3058419814,0.0026342904999999694,0.013557745699999957,-1,-1,-1,-1
194,403,0.7085014389,0.3057718585,0.0026342905000000805,0.013557745700000012,-1,-1,-1,-1
195,403,0.7089353687,0.3060173539,0.0028498594000000432,0.013557745799999965,-1,-1,-1,-1
196,403,0.7093102265,0.3063328416,0.002987841100000055,0.0148591327,-1,-1,-1,-1
197,403,0.7092232348,0.3062168842,0.002987841099999944,0.015136490300000027,-1,-1,-1,-1
198,403,0.7101797025,0.3067191052,0.002577863399999991,0.015136490200000019,-1,-1,-1,-1
199,403,0.7116797213,0.3066804527,0.002577863399999991,0.015136490200000019,-1,-1,-1,-1
200,403,0.7122946879,0.306879069,0.0026785210000001003,0.015136490200000019,-1,-1,-1,-1
201,403,0.7125556629,0.3067465275,0.0027716844999999823,0.015136490300000027,-1,-1,-1,-1
202,403,0.7116932403,0.3070594036,0.0028949715999999626,0.015642628699999994,-1,-1,-1,-1
203,403,0.7110143525,0.307180062,0.0030986378999999786,0.015843726000000002,-1,-1,-1,-1
204,403,0.7107151716,0.3076529019,0.003050733799999983,0.01575858600000002,-1,-1,-1,-1
205,403,0.7107817379,0.3079484104,0.0030507336999999746,0.015758586100000027,-1,-1,-1,-1
206,403,0.7108422794,0.3080920514,0.003050733799999983,0.01575858609999997,-1,-1,-1,-1
207,403,0.7113130925,0.3086852885,0.0034279427000000195,0.01584725170000001,-1,-1,-1,-1
208,403,0.7121903566,0.3089226877,0.0028238501000000804,0.01567840840000001,-1,-1,-1,-1
209,403,0.7122284155,0.3090921841,0.002823849999999961,0.015678408300000002,-1,-1,-1,-1
210,403,0.7124763124,0.3091937774,0.0028238500999999694,0.015678408300000002,-1,-1,-1,-1
211,403,0.7125907829,0.3096683148,0.002823849999999961,0.015678408300000002,-1,-1,-1,-1
212,403,0.7131820912,0.309464867,0.002995629299999969,0.015678408300000002,-1,-1,-1,-1
213,403,0.7134299882,0.3096343633,0.0033770994999999804,0.015678408300000002,-1,-1,-1,-1
214,403,0.7141738258,0.3101089007,0.0033770995999999887,0.016593923399999988,-1,-1,-1,-1
215,403,0.7144599286,0.3106173896,0.0032436731000000663,0.01645824809999996,-1,-1,-1,-1
216,403,0.7146414062,0.3107383092,0.0035897294999999163,0.01645824800000001,-1,-1,-1,-1
217,403,0.7147823268,0.3108419918,0.0033515310999999715,0.016458248100000017,-1,-1,-1,-1
218,403,0.7143989462,0.3108419918,0.0037349116999999543,0.016458248100000017,-1,-1,-1,-1
219,403,0.7143989462,0.3108419918,0.003393557500000033,0.016458248100000017,-1,-1,-1,-1
220,403,0.7147123808,0.3110409998,0.0033935574000000246,0.01670805270000003,-1,-1,-1,-1
221,403,0.7155962575,0.3115157984,0.0037282991000000543,0.01670805270000003,-1,-1,-1,-1
222,403,0.7169440408,0.3117975958,0.003467030200000054,0.01670805270000003,-1,-1,-1,-1
223,403,0.7184641912,0.3120274213,0.0031743147999999666,0.01670805270000003,-1,-1,-1,-1
224,403,0.7196310847,0.3119445013,0.003174314899999975,0.016708052699999976,-1,-1,-1,-1
225,403,0.720408426,0.3121747186,0.0037030245000000406,0.017810300999999973,-1,-1,-1,-1
226,403,0.7214201452,0.3123096105,0.0035366822000000298,0.01782414269999999,-1,-1,-1,-1
227,403,0.7218321801,0.3126543487,0.0036781906999999725,0.018546134400000025,-1,-1,-1,-1
228,403,0.722510921,0.3129559947,0.0036781906999999725,0.01854613429999996,-1,-1,-1,-1
229,403,0.7227954073,0.3134614802,0.0038423288000000166,0.018546134300000017,-1,-1,-1,-1
230,403,0.7225516249,0.3137765762,0.0038423287000000084,0.018546134300000017,-1,-1,-1,-1
231,403,0.722179853,0.3139289662,0.0036420420999999648,0.018546134300000017,-1,-1,-1,-1
232,403,0.721662899,0.3141905232,0.004011756799999988,0.01854613439999997,-1,-1,-1,-1
233,403,0.7218094036,0.3141905232,0.003830573100000012,0.01854613439999997,-1,-1,-1,-1
234,403,0.7218094036,0.3146109994,0.003830573100000012,0.018546134400000025,-1,-1,-1,-1
