0,64,1.03909879555,0.7121439533,0.7046920259,0.519994035
0,64,1.0211565398,0.7380262873000001,0.6872297674,0.5186105116
0,64,1.0098545270000001,0.71331593275,0.6827291232,0.5159031411
0,64,1.0781812066,0.5064286501999999,0.7222841842,0.3529598652
0,64,1.072657308,0.47648454215,0.7170856962,0.3288204833
0,64,1.0745448953499999,0.47726105195,0.7182032161,0.3283654027
0,64,1.06012154155,0.4771876645,0.7084832177,0.3282844414
0,64,1.0672101884,0.47664143725,0.713807344,0.3291925133
0,64,1.072657308,0.47648454215,0.7170856962,0.3288204833
0,64,1.0745448953499999,0.47726105195,0.7182032161,0.3283654027
0,64,1.072657308,0.47648454215,0.7170856962,0.3288204833
0,64,1.0745448953499999,0.47726105195,0.7182032161,0.3283654027
0,64,1.06012154155,0.4771876645,0.7084832177,0.3282844414
0,64,1.0672101884,0.47664143725,0.713807344,0.3291925133
0,64,1.072657308,0.47648454215,0.7170856962,0.3288204833
0,64,1.06012154155,0.4771876645,0.7084832177,0.3282844414
0,64,1.0672101884,0.47664143725,0.713807344,0.3291925133
0,64,1.06012154155,0.4771876645,0.7084832177,0.3282844414
0,64,1.0672101884,0.47664143725,0.713807344,0.3291925133
0,64,1.0684196226,0.5267234823,0.7149607186,0.365870182
0,64,1.0804433578500001,0.51777053855,0.7224115859,0.3531442479
0,64,1.07807783055,0.5235025955,0.7221100539,0.3671965102
0,64,1.0588074085999999,0.4675171037,0.70749692,0.3209631934
0,64,1.10824186715,0.5782504899500001,0.7430544045,0.4123092971
0,64,1.042418219,0.7425623376,0.7039451024,0.5334428748
0,64,1.0474414011,0.7462441812,0.7039709648,0.5292711502
0,64,1.0571787664,0.74100017705,0.7212421018,0.5247447631
0,64,1.00973770535,0.586121034,0.6799521487,0.4064807396
0,64,1.0117101061,0.5794176378,0.680228311,0.401127503
0,64,1.0092854809,0.5810955598499999,0.6781660272,0.3983809577
0,64,1.00252937145,0.55405574105,0.6726323567,0.3930083949
0,64,1.0998821057,0.5215680132,0.7390139198,0.3580505
0,64,1.0004902099500002,0.8090265663,0.6772837669,0.5961387488
0,64,1.0006137909500001,0.8685898273,0.6724577855,0.5899991434
0,64,0.98611593585,0.8741176529,0.6712215337,0.6537409846
0,64,0.96640159185,0.88252358585,0.6551539341,0.6502075481
0,64,1.067717444,0.4542212415,0.713521976,0.3104216462
0,64,1.0718833465,0.4547856198,0.7159142474,0.3099081952
0,64,1.05613829215,0.4536750795,0.7053991273,0.309043085
0,64,1.0542996192,0.4597658633,0.703824203,0.3108178014
0,64,1.06793551095,0.4416311134,0.7130117815,0.2998274742
0,64,1.0568585451,0.5212022511000001,0.707984338,0.3647640162
0,64,1.06056458195,0.5223966908,0.7101598649,0.3649570174
0,64,1.0960606432,0.6744314822499999,0.738617755,0.4685516449
0,64,1.0919710787499999,0.6715358767999999,0.7360119719,0.4831916598
0,64,1.0370660261,0.5230523464,0.6949899548,0.36474469
0,64,1.03520003975,0.5219255486,0.6942121727,0.3595106754
0,64,1.03506896445,0.51397463095,0.6938348169,0.3608601167
0,64,1.03828905285,0.522177549,0.6960547213,0.3571057618
0,64,1.0370759449,0.52645924825,0.6935885364,0.3531262275
0,64,1.02962625315,0.5175757745,0.6894790609,0.3578320352
0,64,1.0369074635,0.51715040975,0.6945517466,0.3584687563
0,64,1.0369074635,0.51715040975,0.6945517466,0.3584687563
0,64,1.030307933,0.516293975,0.6898831608,0.3561592712
0,64,1.05874525075,0.44597559875000004,0.7068365473,0.3031494973
0,64,1.05561053765,0.44579852865,0.7047383137,0.3027350279
0,64,1.0585353392,0.4452861223,0.706963949,0.3023532042
0,64,1.0612025087,0.447490064,0.7081486964,0.3027839312
0,64,1.0268753615,0.51054226545,0.686765126,0.3493009387
0,64,1.03011910805,0.5062180856,0.6887225859,0.3522948076
0,64,1.0416752629500001,0.4947832876,0.6973969207,0.3389034242
0,64,1.0474206083,0.4948688846,0.701614695,0.339221393
0,64,1.04232057375,0.4930708265,0.6971246309,0.336124625
0,64,1.0416752629500001,0.4947832876,0.6973969207,0.3389034242
0,64,1.0474206083,0.4948688846,0.701614695,0.339221393
0,64,1.04232057375,0.4930708265,0.6971246309,0.336124625
0,64,1.0479044261,0.49304301235,0.7013653286,0.3382800225
0,64,1.0479044261,0.49304301235,0.7013653286,0.3382800225
0,64,1.0175203755,0.6063433274000001,0.6834656136,0.4263974696
0,64,0.9852665178,0.7816062294999999,0.6673446728,0.5735929978
0,64,1.03637567655,0.571097106,0.6977669293,0.405306279
0,64,1.0334928279,0.57393806255,0.693110376,0.4059526633
0,64,0.88325127895,0.54843304715,0.5932048325,0.3870860791
0,64,1.0658857693500001,0.5059276044500001,0.7130526323,0.3491627823
0,64,1.06570414485,0.51542847305,0.7125127549,0.3475755499
0,64,1.06821661755,0.48928164379999994,0.7147272223,0.338194752
0,64,1.0618970829999999,0.48925591905,0.7106151018,0.3382817201
0,64,1.0850141684499999,0.56268705965,0.7269320677,0.3906094607
0,64,1.08707493105,0.5507760267,0.7308572737,0.3886511124
0,64,1.04912091375,0.5392043781,0.7037154267,0.3787055444
0,64,1.0222169714,0.4986449436,0.6838560476,0.3442955744
0,64,1.0579186828,0.5216744381,0.7080985146,0.363665816
0,64,0.37820656939999997,0.98759875965,0.273313625,0.7451993893
0,64,0.3524048646,0.9835877824,0.2517596714,0.735473592
0,64,0.9319741910999999,0.68629641955,0.6298317122,0.4984001011
0,64,0.94209777515,0.54656316855,0.6323453605,0.3856069691
0,64,0.9535700976500001,0.5471234335,0.6399405283,0.3855433754
0,64,0.50800925995,0.9963894545,0.3529314435,0.7496386778
0,64,0.77390992955,0.5471794535000001,0.5220782549,0.3777771016
0,64,0.8215300897,0.5237603657,0.5522717174,0.3621045696
0,64,0.26287069185,0.6390510870499999,0.1831738535,0.4579077209
0,64,0.6928543971000001,0.7923996707500001,0.4722223202,0.5830147987
0,64,0.6839511947,0.5512578767,0.4598440792,0.3869522318
0,64,0.6932854615,0.55141581645,0.4657257164,0.3870388081
0,64,0.6241762975,0.58226140195,0.420442723,0.4103180419
0,64,0.6302350774000001,0.5824950796,0.4252879542,0.4134231672
0,64,0.7375127255,0.53236367435,0.4960151342,0.3743409493
0,64,0.7307439053,0.5272313836,0.4912566008,0.3718515212
0,64,0.7661900051499999,0.5369977921,0.5156408701,0.3771975758
0,64,1.06199355265,0.47253036834999995,0.7098523081,0.3227969659
0,64,1.07371987025,0.44529212915000005,0.7166648445,0.3018674367
0,64,1.0721159611,0.44470032839999996,0.7159183618,0.3020366718
0,64,0.7543697893000001,0.49771193045,0.504716507,0.3407967423
0,64,0.7630265642,0.49815708680000004,0.5111995918,0.3423937684
0,64,1.0498240476,0.47756184915,0.7018054302,0.3258290955
0,64,1.05455671855,0.4772474714,0.7056439383,0.326138707
0,64,1.0530312047,0.4748642071,0.70392453,0.3230399802
0,64,1.0601939856,0.45658929294999995,0.708393581,0.3112938079
0,64,1.063764098,0.4567356109,0.7107001832,0.3118267158
0,64,1.0703723068,0.4451219799,0.7145082736,0.3021327806
0,64,1.0643138942,0.44433737385000005,0.710536339,0.3027317633
0,64,1.06483026045,0.4425143746,0.7104596335,0.2971554916
0,64,1.06135647075,0.45333922085,0.7087324371,0.3084541571
0,64,1.0603687771,0.45125564375,0.70821034,0.3076839805
0,64,1.0712312762,0.46092835919999997,0.716399902,0.31571599
0,64,1.05693429545,0.43569946085,0.7055977975,0.2952679191
0,64,1.05956807155,0.43592935164999996,0.7073662855,0.2954064673
0,64,1.07164720525,0.4306156163,0.7153438053,0.2909101142
0,64,1.0681244827,0.43421036135,0.7129274348,0.2936822537
0,64,1.0692721264,0.43442197055000004,0.7136198416,0.2933282441
0,64,1.0628614857,0.43370703050000003,0.7094007448,0.2930067496
0,64,1.064337185,0.43428649105,0.7103672048,0.2932004037
0,64,1.0595283351,0.43401598905000005,0.7070537898,0.2932964545
0,64,1.0588213571,0.43882502025,0.7068134384,0.2971604523
0,64,1.06031697885,0.43494430130000006,0.7078149099,0.2930002204
0,64,1.07109770935,0.43862319615,0.7148190675,0.2961912185
0,64,1.0713966632999998,0.44546488995,0.7152512296,0.3023296993
0,64,1.0664986052,0.4448623815,0.7117105798,0.299598171
0,64,1.06561164265,0.4466476425,0.7115192569,0.3041950728
0,64,1.07008833475,0.45842104135,0.7149507263,0.3138452627
0,64,1.06374021935,0.45206329765,0.7106007011,0.3088495615
0,64,1.0479399962,0.46360909465,0.70003783,0.3177374993
0,64,1.07271909855,0.45643043915,0.7165130499,0.3116250961
0,64,1.04331715755,0.48509881975,0.6977368055,0.3345157159
0,64,1.0701683466,0.44826229725,0.7145767502,0.3047244549
0,64,1.0748434989,0.44966770255,0.7177974578,0.3062305581
0,64,1.0611810914,0.44633822685,0.708555074,0.3035020705
0,64,1.0560392509,0.4536686157,0.7052292584,0.3089588592
0,64,1.0564658333499999,0.45257727095,0.7056865525,0.3033692679
0,64,1.06240955505,0.44074563229999997,0.7092486563,0.2990570364
0,64,1.06031866875,0.4396946376,0.7080357689,0.2981511844
0,64,1.06900542055,0.43557442795,0.7135772275,0.2942581233
0,64,1.0752490578,0.4386934458,0.717598552,0.2967064178
0,64,1.07407907835,0.4394546267,0.7168292765,0.2972321436
0,64,1.0631933619,0.43602826804999995,0.7094934674,0.2949725411
0,64,1.06647369795,0.4380691446,0.7121083611,0.2962828076
0,64,1.062755685,0.44215723095,0.7095036066,0.2995579515
0,64,1.06633762645,0.44272742015,0.7120645713,0.3004666763
0,64,1.09685789555,0.4715165897,0.7334900947,0.325669654
0,64,0.91120906275,0.6020801752,0.6140531543,0.4346952016
0,64,1.3419078923,0.8671495657000001,0.9008238936,0.6078496638
0,64,1.26607829635,0.82851435145,0.8571661943,0.6140226677
0,64,1.2287320021500001,0.7915976972500001,0.8294433943,0.5694706335
0,64,1.21671157315,0.7554940047,0.8220023723,0.5529241116
0,64,0.9249858344,0.8916963161,0.636799423,0.6411180802
0,64,0.24722699305,0.8525092897000001,0.1774894905,0.5976263466
0,64,0.2618888393,0.8682696386,0.1928745286,0.6321509682
0,64,0.2347756834,0.87104928665,0.1768669562,0.6319724617
0,64,0.2347756834,0.87104928665,0.1768669562,0.6319724617
0,64,0.3102349834,0.8576482400500001,0.2253478492,0.6028112621
0,64,0.37488339875,0.8993480529,0.2617399101,0.6585495608
0,64,0.6946849695999999,0.5775960096,0.4691101632,0.4098906448
0,64,0.69923586915,0.5774750248,0.4707741731,0.4074857038
0,64,0.68770609095,0.58655828995,0.4625966607,0.4111815851
0,64,0.7665458333999999,0.50905440655,0.5146794062,0.3571319815
0,64,0.76265148605,0.5161541862,0.5119694389,0.3613654716
0,64,0.53161104485,0.6162746618999999,0.3609941915,0.442542711
0,64,0.5211764509,0.6184668184,0.353043122,0.4431576248
0,64,0.7642443008500001,0.52993934175,0.5135846629,0.3692773451
0,64,1.0911014558,0.5594888289,0.7323283442,0.396618614
0,64,0.7993432422000001,0.637604427,0.540300956,0.461584276
0,64,1.3521524859,0.74915480365,0.9150764234,0.5469417277
0,64,0.5196191674,0.80568602655,0.358430523,0.5956827541
0,64,0.73717702865,0.59816708935,0.4955388841,0.4197535539
0,64,0.8281496133499999,0.66585481245,0.5594107665,0.4794957785
0,64,0.8406332878,0.66394719545,0.5680119226,0.4807690901
0,64,0.7996174423,0.63591834355,0.5404452564,0.4617085907
0,64,0.2274321597,1.18163096185,0.165867651,0.8648537265
0,64,0.205494605,1.14775004755,0.1533401134,0.8580643417
0,64,0.18875377505000002,1.14246693385,0.1380970245,0.8281029315
0,64,0.34524921065,1.10712878215,0.2462345237,0.8114079371
0,64,0.3211761717,1.0880208159,0.2283489154,0.790899537
0,64,0.9972351485,1.00233677685,0.6779930724,0.7004402203
0,64,0.99265772535,0.9824933690000001,0.6801733015,0.733113702
0,64,1.0228227538499999,1.0115417451500002,0.6940533247,0.7328836153
0,64,1.19019946075,1.54996282315,0.8247456963,1.1861535621
0,64,0.3855658162,0.7477138891999999,0.2675126608,0.5277840748
0,64,0.48052150345,0.64827048475,0.3298369141,0.4663363099
0,64,0.4456877986,0.7051309008,0.301785328,0.4918575176
0,64,0.42270142104999997,0.70984106265,0.2904540731,0.5071019997
0,64,0.48312956409999996,0.5876795381,0.3273513324,0.4082151386
0,64,0.4916376302,0.58587534265,0.3320731294,0.4066819675
0,64,0.4596025744,0.5668587843,0.3102768628,0.4015619516
0,64,0.47694771745000003,0.56747546095,0.3216248695,0.4019287583
0,64,0.66325753305,0.5422456485,0.4480733105,0.3759134258
0,64,0.66575913175,0.54084926265,0.4485179673,0.3743120905
0,64,0.9189383693,1.10562335985,0.629094634,0.8299599477
0,64,0.88910154335,1.1311660483500001,0.6091382709,0.8146450815
0,64,0.82741128615,1.08689140635,0.5748586973,0.8243683977
0,64,0.27321994725,0.7633963455,0.1906919483,0.5533519004
0,64,0.6864196573,0.5328355348,0.461457099,0.3658508558
0,64,0.7500148415000001,0.5128227612,0.5042093984,0.3571703728
0,64,0.676872981,0.5561833245000001,0.4552717256,0.3930726416
0,64,0.6853739938,0.55239825515,0.4610553502,0.3921013677
0,64,0.5335997307,0.54344733545,0.358688618,0.3785978137
0,64,0.6653181321999999,0.6156793767,0.4481471506,0.4275717996
0,64,0.6549942228,0.61620961715,0.4423192586,0.4280018083
0,64,0.6405126603,0.61966156825,0.433688089,0.4298103783
0,64,0.5537573355500001,0.6608511457,0.3761934907,0.4608336868
0,64,0.54822535495,0.66215710295,0.3708307177,0.4615061875
0,64,0.54316402835,0.5700687907499999,0.3676926665,0.3940993623
0,64,0.51254994675,0.7970848463,0.3561270655,0.5726120608
0,64,0.5304252689,0.7849748054,0.3655544956,0.5693494528
0,64,0.5637207491,0.8062369939,0.3875307704,0.5839192142
0,64,0.5882676869000001,0.7895043918,0.4060555912,0.5691764308
0,64,0.6031401795,0.8104347045,0.4161666114,0.5960842958
0,64,0.30082819905,0.61240791315,0.2111198593,0.4301286083
0,64,0.3852989634,0.6240415884999999,0.2629647002,0.4243373974
0,64,0.36344266955,0.6136135176,0.2492851105,0.4375424394
0,64,0.1896301208,0.64571674475,0.1322273634,0.4575218491
0,64,0.1864875671,0.64777433595,0.1315289458,0.4620293017
0,64,0.18065100644999998,0.59703547305,0.1244797839,0.4183845513
0,64,0.33859236285,0.6774388664,0.2360218173,0.4944092336
0,64,0.5644919512,0.6561680724000001,0.38384834,0.4547320026
0,64,0.5574519841000001,0.6279245947500001,0.3795285638,0.4521564683
0,64,0.5426545737499999,0.56090939565,0.3656113635,0.3923460547
0,64,0.17880957465,0.5989909355,0.1244133939,0.41921033
0,64,0.3888586426,0.5960129976999999,0.264198307,0.4246099234
0,64,0.21945357465,0.60435057055,0.1511944899,0.4323210913
0,64,1.0686498861,0.4817921401,0.7149601308,0.3318381182
0,64,1.08461058285,0.5472127521,0.7269154629,0.3848771426
0,64,1.06503649835,0.5775027083,0.7149216311,0.4114225102
0,64,1.06557402465,0.55213454345,0.7147605789,0.3896128537
0,64,1.05628957245,0.5538276131000001,0.7092477747,0.3908770246
0,64,1.06474929345,0.56511720315,0.7153634959,0.3984893413
0,64,1.0551896859,0.57733419135,0.7082647098,0.4076294753
0,64,0.94424060665,0.8366647802,0.6400899717,0.621509917
0,64,0.9149860519499999,0.83235072045,0.6213422347,0.6165459473
0,64,1.0176438830999999,0.6847360872,0.6859406152,0.4919161492
0,64,1.071276168,0.8447977954000001,0.7279202756,0.6311141418
0,64,0.8992565002499999,1.32923456095,0.6272531141,1.0035228593
0,64,0.98472693425,1.3654833961500001,0.6799775703,1.0250716115
0,64,0.84133906655,0.7444274498500001,0.5707886031,0.5192200715
0,64,0.89454877575,0.8684903785,0.6075820667,0.6293425066
0,64,0.91638952765,0.87299333615,0.6255445797,0.6291196221
0,64,0.82530599915,0.7742584079000001,0.5601382933,0.5430937176
0,64,0.6657010149,0.51670517985,0.4464899736,0.3600958163
0,64,0.49436310035,0.8902878355499999,0.3497656515,0.6574537111
0,64,1.05330503755,0.51489641405,0.7049994357,0.3587115095
0,64,0.5307711049,1.05313075865,0.3809991936,0.8051762709
0,64,0.499676867,0.9076057093000001,0.3524529892,0.6646882522
0,64,0.48108011645,1.0584503702,0.3420973049,0.7982267918
0,64,1.2641020464000001,0.8237875939499999,0.856754172,0.6104846231
0,64,1.04917072825,1.21510191195,0.7208915825,0.9184968263
0,64,0.64640605305,0.7897897148499999,0.4399332691,0.5804013171
0,64,0.67097995545,0.5180826964,0.4507018701,0.3619822136
0,64,1.07367270085,0.5132989962000001,0.7197457021,0.3602910374
0,64,1.0147018154,1.24175233325,0.7021112236,0.9426202771
0,64,0.1299080504,0.61361697805,0.0926903766,0.4341897293
0,64,0.2509084533,0.6367246261999999,0.1743378786,0.4574423242
0,64,0.6339310485,0.5575308724,0.4262372216,0.3941048976
0,64,0.8275887227000001,0.53587928625,0.5589038048,0.3732389621
0,64,0.36320660174999997,0.5974285138,0.2484232757,0.4246812216
0,64,1.0483066157,0.5127013193,0.7022458256,0.3576015568
0,64,1.01650255805,0.53291146865,0.6820497945,0.3735255911
0,64,0.89712961235,0.57370947755,0.6042355841,0.4103706667
0,64,1.06641499325,0.47437667665000005,0.7131045041,0.3259014383
0,64,1.0372138532,0.48431205915,0.6933979482,0.3323078241
0,64,1.0530514097500001,0.52586091845,0.7057770709,0.3689862763
0,64,0.71298400875,0.49026728185,0.4784013749,0.3414948373
0,64,0.41855043340000003,0.57678835575,0.283675628,0.4077770337
0,64,0.4146707806,0.573894252,0.2811628614,0.4038052312
0,64,0.40068936504999997,0.5627568561,0.2721580463,0.3987015382
0,64,0.9923069018999999,0.5278902612,0.6654249534,0.3707387958
