1,518,0.2511861434,0.483119317,0.017306937199999983,0.043816884499999986,-1,-1,-1,-1
2,518,0.2513305907,0.4832129448,0.016741197399999963,0.04428606800000001,-1,-1,-1,-1
3,518,0.2513983326,0.4828238085,0.01667345549999999,0.044175333799999994,-1,-1,-1,-1
4,518,0.2515167706,0.4828507085,0.01673531960000002,0.04436820450000001,-1,-1,-1,-1
5,518,0.2508181921,0.4828238085,0.017253595999999982,0.04373592310000002,-1,-1,-1,-1
6,518,0.2514363914,0.4825320868,0.0168156988,0.04402764480000004,-1,-1,-1,-1
7,518,0.2514363914,0.4828238085,0.01663539669999997,0.04397266949999995,-1,-1,-1,-1
8,518,0.2511890823,0.4827568195,0.01688270580000001,0.04403965849999997,-1,-1,-1,-1
9,518,0.2510080456,0.4829092095,0.01706374249999998,0.04329899360000006,-1,-1,-1,-1
10,518,0.2511890823,0.4827834584,0.01688270580000001,0.04460129460000001,-1,-1,-1,-1
11,518,0.251731017,0.4829658824,0.016340771099999984,0.04309528460000006,-1,-1,-1,-1
12,518,0.2515999417,0.4829658824,0.01647184639999999,0.042948248500000064,-1,-1,-1,-1
13,518,0.251682672,0.4829688858,0.01638911609999999,0.042651042400000005,-1,-1,-1,-1
14,518,0.251348665,0.482839609,0.01672312309999996,0.04263328310000003,-1,-1,-1,-1
15,518,0.2517224942,0.4826381199,0.016349293900000006,0.0429927772,-1,-1,-1,-1
16,518,0.2515508619,0.4823319035,0.016898722899999996,0.04299395250000004,-1,-1,-1,-1
17,518,0.2517214656,0.4823319035,0.01653268179999995,0.04301667389999997,-1,-1,-1,-1
18,518,0.2514635763,0.4821023392,0.01692355670000001,0.04339379659999998,-1,-1,-1,-1
19,518,0.2515517436,0.4823319035,0.016520044499999997,0.04372926350000006,-1,-1,-1,-1
20,518,0.2513516039,0.4828413065,0.016720184199999988,0.042654829299999975,-1,-1,-1,-1
21,518,0.2512688737,0.4823463982,0.01696264409999998,0.04224414679999999,-1,-1,-1,-1
22,518,0.2515172114,0.4823391509,0.016634441499999986,0.042398430200000004,-1,-1,-1,-1
23,518,0.2515172114,0.4826780782,0.016594509099999988,0.042941850000000004,-1,-1,-1,-1
24,518,0.2514343342,0.4823767587,0.016664075499999986,0.04265502510000002,-1,-1,-1,-1
25,518,0.2515999417,0.4824179901,0.01648515719999999,0.042025518799999995,-1,-1,-1,-1
26,518,0.2515172114,0.4824592216,0.01655457669999999,0.042425395600000027,-1,-1,-1,-1
27,518,0.2515172114,0.4824592216,0.01655457669999999,0.04257256220000005,-1,-1,-1,-1
28,518,0.2515172114,0.4824592216,0.01655457669999999,0.043013670500000045,-1,-1,-1,-1
29,518,0.251682672,0.4824592216,0.01638911609999999,0.04271959830000005,-1,-1,-1,-1
30,518,0.2515172114,0.4824592216,0.01655457669999999,0.04213132340000003,-1,-1,-1,-1
31,518,0.2516593076,0.4824592216,0.016412480499999993,0.04191390319999999,-1,-1,-1,-1
32,518,0.2514247828,0.4827139884,0.016647005299999962,0.043603904100000035,-1,-1,-1,-1
33,518,0.251451086,0.4824592216,0.016620702099999995,0.043567732800000036,-1,-1,-1,-1
34,518,0.2518529817,0.4832129448,0.016218806400000008,0.04067075620000005,-1,-1,-1,-1
35,518,0.2518529817,0.4843863607,0.01831836250000002,0.04143636239999998,-1,-1,-1,-1
36,518,0.2517590836,0.4832129448,0.018201981700000036,0.043263213899999986,-1,-1,-1,-1
37,518,0.2515958272,0.4832304429,0.016823192900000006,0.04600231599999999,-1,-1,-1,-1
38,518,0.2513934834,0.4824592216,0.01667830469999998,0.046893412199999984,-1,-1,-1,-1
39,518,0.2514735686,0.4824592216,0.017102095400000017,0.04581466879999996,-1,-1,-1,-1
40,518,0.2514735686,0.4818225005,0.01644172270000005,0.04585214599999998,-1,-1,-1,-1
41,518,0.251432277,0.4816950519,0.016639511100000004,0.04789589529999999,-1,-1,-1,-1
42,518,0.2515416044,0.4815964619,0.01653018369999998,0.048804750699999955,-1,-1,-1,-1
43,518,0.2514175825,0.4827621734,0.016664051000000013,0.0474748968,-1,-1,-1,-1
44,518,0.2519443817,0.4827139884,0.016109625999999988,0.04793415609999996,-1,-1,-1,-1
45,518,0.2511034131,0.4828413065,0.01704052519999999,0.04741456759999996,-1,-1,-1,-1
46,518,0.2512555016,0.4829686246,0.0168162865,0.04754880659999994,-1,-1,-1,-1
47,518,0.2514068554,0.4827139884,0.016664932699999968,0.04741117249999993,-1,-1,-1,-1
48,518,0.2516275674,0.4826680233,0.01625657140000003,0.04719571109999998,-1,-1,-1,-1
49,518,0.2516472581,0.482629632,0.016497561900000013,0.04754319159999998,-1,-1,-1,-1
50,518,0.2515280854,0.4827139884,0.0163188762,0.046900594200000034,-1,-1,-1,-1
51,518,0.2515367552,0.4827139884,0.01653503289999997,0.046657710500000005,-1,-1,-1,-1
52,518,0.2512333129,0.482773273,0.01683847519999998,0.04652046800000004,-1,-1,-1,-1
53,518,0.2516377067,0.4824760668,0.016434081399999967,0.04752295120000005,-1,-1,-1,-1
54,518,0.2515827491,0.4826246699,0.016489038999999983,0.04682916549999999,-1,-1,-1,-1
55,518,0.2515128031,0.482773273,0.01655898499999997,0.046680562400000014,-1,-1,-1,-1
56,518,0.2515128031,0.4826246699,0.01655898499999997,0.04658053609999996,-1,-1,-1,-1
57,518,0.2515128031,0.4824760668,0.016419092999999996,0.04685345389999995,-1,-1,-1,-1
58,518,0.2516526951,0.4824760668,0.016419092999999996,0.04685345389999995,-1,-1,-1,-1
59,518,0.2517224942,0.4824760668,0.016571181500000032,0.047474896800000055,-1,-1,-1,-1
60,518,0.2515827491,0.482504795,0.01629624660000001,0.04707335509999999,-1,-1,-1,-1
61,518,0.251443004,0.4822928593,0.016850671699999986,0.04746719239999997,-1,-1,-1,-1
62,518,0.2516228652,0.4824837712,0.016670810500000022,0.047276280499999934,-1,-1,-1,-1
63,518,0.2514825323,0.4824837712,0.016811143400000006,0.0471109629,-1,-1,-1,-1
64,518,0.2516240407,0.4824837712,0.016669635000000016,0.04713211729999994,-1,-1,-1,-1
65,518,0.2516240407,0.4842549945,0.016669635000000016,0.045360893999999985,-1,-1,-1,-1
66,518,0.2515391063,0.484476071,0.01675456940000003,0.04468695680000001,-1,-1,-1,-1
67,518,0.2510124539,0.4851716848,0.016662140800000003,0.045434020300000044,-1,-1,-1,-1
68,518,0.2512995853,0.4852624398,0.016994090399999995,0.044475804599999946,-1,-1,-1,-1
69,518,0.2513880464,0.4844765933,0.016905629300000002,0.04447580460000006,-1,-1,-1,-1
70,518,0.2514763606,0.4844765933,0.016817315100000008,0.04526165109999997,-1,-1,-1,-1
71,518,0.2516415272,0.4840128943,0.01654737639999998,0.045882441100000004,-1,-1,-1,-1
72,518,0.2513880464,0.4835336559,0.017242868999999994,0.046361679499999975,-1,-1,-1,-1
73,518,0.2513880464,0.4829050309,0.01671239609999997,0.046990304500000024,-1,-1,-1,-1
74,518,0.2516532829,0.4825907184,0.016181776199999998,0.04777615099999999,-1,-1,-1,-1
75,518,0.2508456708,0.48233112,0.017254771700000004,0.04772143689999997,-1,-1,-1,-1
76,518,0.2513264763,0.481859586,0.016753099900000012,0.04813420869999996,-1,-1,-1,-1
77,518,0.2514947288,0.481859586,0.0167989469,0.047034441500000024,-1,-1,-1,-1
78,518,0.2515164767,0.481859586,0.01677719900000002,0.0473522797,-1,-1,-1,-1
79,518,0.2515057497,0.4827734035,0.016290074900000007,0.04723801989999998,-1,-1,-1,-1
80,518,0.2513677679,0.4827734035,0.01654429060000001,0.04689171460000008,-1,-1,-1,-1
81,518,0.2507572097,0.4827734035,0.017084461900000014,0.046641518200000065,-1,-1,-1,-1
82,518,0.2507572097,0.4827734035,0.017225382600000005,0.04639119130000002,-1,-1,-1,-1
83,518,0.2507572097,0.4824848158,0.017084461900000014,0.04667977899999998,-1,-1,-1,-1
84,518,0.2515388124,0.4824848158,0.016292866900000036,0.04629116489999996,-1,-1,-1,-1
85,518,0.2508469934,0.4826022097,0.017446682300000016,0.046607436099999955,-1,-1,-1,-1
86,518,0.2513779071,0.4828985017,0.016382650599999993,0.04631114409999998,-1,-1,-1,-1
87,518,0.2514554943,0.4827606064,0.016305063399999986,0.04658693470000003,-1,-1,-1,-1
88,518,0.2516106687,0.4827606064,0.016227476200000035,0.046724829999999995,-1,-1,-1,-1
89,518,0.2515330815,0.4827606064,0.01642026860000001,0.04543898239999994,-1,-1,-1,-1
90,518,0.2515715812,0.4824848158,0.016722094500000007,0.04626452609999998,-1,-1,-1,-1
91,518,0.2507572097,0.4827252185,0.01753646600000003,0.04647241370000005,-1,-1,-1,-1
92,518,0.2516224243,0.4829132576,0.01636692740000001,0.046133943300000035,-1,-1,-1,-1
93,518,0.2516075828,0.4824848158,0.017536465999999973,0.04683621699999996,-1,-1,-1,-1
94,518,0.2513241251,0.4824848158,0.016440400199999983,0.04708811099999999,-1,-1,-1,-1
95,518,0.2515367551,0.4828629833,0.01636942549999998,0.04645804949999999,-1,-1,-1,-1
96,518,0.2515382246,0.4828629833,0.01616869809999999,0.04600518880000004,-1,-1,-1,-1
97,518,0.2514407998,0.4825887597,0.01660086449999998,0.04556564749999997,-1,-1,-1,-1
98,518,0.2514935532,0.4828266813,0.01628037659999998,0.046160451599999985,-1,-1,-1,-1
99,518,0.2515604133,0.4828416982,0.016347383699999996,0.04614543469999999,-1,-1,-1,-1
100,518,0.2516274205,0.4828416982,0.016481250900000022,0.04614543469999999,-1,-1,-1,-1
101,518,0.2515933291,0.4828564541,0.016198821899999993,0.0458197615,-1,-1,-1,-1
102,518,0.2516487276,0.4824848158,0.016683741699999977,0.046423184000000006,-1,-1,-1,-1
103,518,0.2513884872,0.4828053963,0.016402782100000013,0.0467437644,-1,-1,-1,-1
104,518,0.2516090523,0.4828849211,0.0164130683,0.04602804080000006,-1,-1,-1,-1
105,518,0.2515708465,0.482929711,0.016417182699999977,0.04600610290000001,-1,-1,-1,-1
106,518,0.2507572097,0.4824848158,0.01708181689999999,0.04602725740000002,-1,-1,-1,-1
107,518,0.2515222076,0.4828056575,0.016316818999999982,0.046021511600000065,-1,-1,-1,-1
108,518,0.2507572097,0.4824848158,0.01753646600000003,0.04381440339999998,-1,-1,-1,-1
109,518,0.2516995707,0.4824848158,0.016405574000000034,0.0464999666,-1,-1,-1,-1
110,518,0.2516440253,0.4828000424,0.0164611194,0.04602712670000003,-1,-1,-1,-1
111,518,0.2507572097,0.4824848158,0.01753646600000003,0.04381440339999998,-1,-1,-1,-1
112,518,0.2507572097,0.4824848158,0.01753646600000003,0.04381440339999998,-1,-1,-1,-1
113,518,0.251499431,0.4829135188,0.01661364879999999,0.04568069090000004,-1,-1,-1,-1
114,518,0.2515831899,0.4824848158,0.016219394200000015,0.04633948050000003,-1,-1,-1,-1
115,518,0.2516704755,0.4827949497,0.016306385899999998,0.04633934990000005,-1,-1,-1,-1
116,518,0.2514960513,0.4826399481,0.016480810099999965,0.046339349799999985,-1,-1,-1,-1
117,518,0.2515831899,0.4826399481,0.016568095700000007,0.04602947720000006,-1,-1,-1,-1
118,518,0.2515420452,0.4827949497,0.016522101799999966,0.0461843482,-1,-1,-1,-1
119,518,0.2514547596,0.4826398174,0.016260538899999954,0.04664948379999995,-1,-1,-1,-1
120,518,0.2515420452,0.4829498207,0.01643481619999998,0.04649448210000001,-1,-1,-1,-1
121,518,0.2515418982,0.4827948191,0.016347824600000005,0.04556460289999997,-1,-1,-1,-1
122,518,0.2515420452,0.4827948191,0.016609240400000003,0.045874606200000057,-1,-1,-1,-1
123,518,0.2515420452,0.4824848158,0.01626053890000001,0.04711448870000001,-1,-1,-1,-1
124,518,0.251803608,0.4824848158,0.016086114799999995,0.046959486999999966,-1,-1,-1,-1
125,518,0.251367621,0.4824848158,0.016609240400000003,0.04633948050000003,-1,-1,-1,-1
126,518,0.2516647446,0.4824848158,0.016309324800000025,0.046549979799999974,-1,-1,-1,-1
127,518,0.2515823082,0.4824848158,0.016062162699999993,0.046110699699999924,-1,-1,-1,-1
128,518,0.2515823082,0.4824848158,0.016062162699999993,0.04625708289999997,-1,-1,-1,-1
129,518,0.2518294704,0.4824848158,0.015979726299999997,0.046403466000000004,-1,-1,-1,-1
130,518,0.2516647446,0.4824848158,0.016309324800000025,0.046403466000000004,-1,-1,-1,-1
131,518,0.2515000188,0.4821880014,0.016391614200000015,0.04699317740000003,-1,-1,-1,-1
132,518,0.2515000188,0.4821131776,0.01679365690000001,0.04677510420000003,-1,-1,-1,-1
133,518,0.2514427101,0.4824848158,0.016634808899999964,0.04606447339999997,-1,-1,-1,-1
134,518,0.2514427101,0.4824848158,0.016377654399999997,0.046826423299999975,-1,-1,-1,-1
135,518,0.2514912021,0.4824848158,0.0165262162,0.04592070189999997,-1,-1,-1,-1
136,518,0.2515222075,0.4826207524,0.015959594800000032,0.04564882869999998,-1,-1,-1,-1
137,518,0.2517461524,0.4824848158,0.01625084050000003,0.045488081499999944,-1,-1,-1,-1
138,518,0.2518717907,0.4817479378,0.01647640180000004,0.04704319049999994,-1,-1,-1,-1
139,518,0.2517508546,0.4810992031,0.016804824800000007,0.047792473899999965,-1,-1,-1,-1
140,518,0.25172558,0.4810992031,0.0163187293,0.04709646820000002,-1,-1,-1,-1
141,518,0.2515227953,0.4820788343,0.016420121700000012,0.047197669800000064,-1,-1,-1,-1
142,518,0.2516213957,0.4823678138,0.01663378030000001,0.04649291510000003,-1,-1,-1,-1
143,518,0.2515067783,0.4823248521,0.016693587099999962,0.04653600739999997,-1,-1,-1,-1
144,518,0.2516566626,0.4819251385,0.0167685293,0.04720224020000002,-1,-1,-1,-1
145,518,0.2515817204,0.4816586193,0.016618644999999987,0.047335434499999995,-1,-1,-1,-1
146,518,0.2515025169,0.4813762996,0.016945892300000043,0.04715444689999998,-1,-1,-1,-1
147,518,0.2515679076,0.4813762996,0.016569124300000015,0.047522167700000006,-1,-1,-1,-1
148,518,0.2515138317,0.4819081628,0.016726943699999997,0.04691169369999998,-1,-1,-1,-1
149,518,0.2515545355,0.4821681529,0.016446865799999988,0.04598756009999999,-1,-1,-1,-1
150,518,0.2515545355,0.482188132,0.016736789099999982,0.04686938500000004,-1,-1,-1,-1
151,518,0.2514613721,0.4826591437,0.01676147589999999,0.04679207999999996,-1,-1,-1,-1
152,518,0.2514706297,0.4824192633,0.01830058219999997,0.04676426589999999,-1,-1,-1,-1
153,518,0.2514641641,0.4823462676,0.0187783017,0.04599970440000001,-1,-1,-1,-1
154,518,0.2516211018,0.4824858605,0.01783594079999995,0.04627889010000008,-1,-1,-1,-1
155,518,0.2514923776,0.4827730118,0.018277658700000032,0.045054416399999964,-1,-1,-1,-1
156,518,0.251658279,0.4820259483,0.01785533760000002,0.0462284852,-1,-1,-1,-1
157,518,0.249329782,0.4818608919,0.019703322999999995,0.04735449949999998,-1,-1,-1,-1
158,518,0.249329782,0.4811050793,0.019703322999999995,0.047683176199999955,-1,-1,-1,-1
159,518,0.2529522804,0.4809983933,0.0170419946,0.048216998099999964,-1,-1,-1,-1
160,518,0.2546567002,0.4811910027,0.014934356600000032,0.04711683920000004,-1,-1,-1,-1
161,518,0.2522904382,0.4821460844,0.016787191300000004,0.04671464450000001,-1,-1,-1,-1
162,518,0.2519849387,0.483867164,0.015185633199999993,0.04365535370000001,-1,-1,-1,-1
163,518,0.2518587125,0.4843777423,0.015018262399999982,0.043732136199999994,-1,-1,-1,-1
164,518,0.2517723087,0.4827636098,0.016259510199999994,0.04463002280000006,-1,-1,-1,-1
165,518,0.251728225,0.4832128142,0.01597002789999996,0.04556133840000004,-1,-1,-1,-1
166,518,0.2518094858,0.4838218518,0.015703175000000014,0.04396222300000002,-1,-1,-1,-1
167,518,0.2514381548,0.4833819188,0.016507701099999994,0.04528215260000007,-1,-1,-1,-1
168,518,0.2519332139,0.483161887,0.015703175000000014,0.04495217020000003,-1,-1,-1,-1
169,518,0.2519332139,0.4824139095,0.015641310899999983,0.046030130099999955,-1,-1,-1,-1
170,518,0.2518529817,0.4814711026,0.015659679100000046,0.04719296880000007,-1,-1,-1,-1
171,518,0.2507572097,0.4809983933,0.0167215067,0.04721869360000003,-1,-1,-1,-1
172,518,0.2498845009,0.4807880246,0.017929398000000013,0.04719871450000007,-1,-1,-1,-1
173,518,0.250344587,0.4808256324,0.017401716999999983,0.04789524239999998,-1,-1,-1,-1
174,518,0.250363543,0.4807724853,0.017252567399999974,0.04748560460000001,-1,-1,-1,-1
175,518,0.2505050514,0.4807186852,0.01741082760000001,0.04743637490000002,-1,-1,-1,-1
176,518,0.2501659014,0.4808337286,0.01757702280000001,0.046876567000000036,-1,-1,-1,-1
177,518,0.2502254143,0.480833598,0.017407888699999985,0.046989912700000025,-1,-1,-1,-1
178,518,0.2503434114,0.4809238306,0.017619049300000023,0.047383358299999956,-1,-1,-1,-1
179,518,0.2502290879,0.4806933522,0.01764770360000001,0.04754515030000006,-1,-1,-1,-1
180,518,0.2510474269,0.481101423,0.016973224200000026,0.046758128499999996,-1,-1,-1,-1
181,518,0.2537631252,0.4814213506,0.015066166499999978,0.046109524399999935,-1,-1,-1,-1
182,518,0.254013814,0.4813009533,0.014797697399999976,0.046986909400000054,-1,-1,-1,-1
183,518,0.2532742378,0.4814507317,0.014426366199999985,0.04638400910000001,-1,-1,-1,-1
184,518,0.2520240261,0.4815589847,0.01543308929999998,0.046600254100000016,-1,-1,-1,-1
185,518,0.2524644216,0.4815135419,0.016054227500000018,0.0462668765,-1,-1,-1,-1
186,518,0.2528054818,0.4814214812,0.0153992919,0.046358937200000006,-1,-1,-1,-1
187,518,0.2525027743,0.4814214812,0.015853353199999975,0.04649343739999995,-1,-1,-1,-1
188,518,0.2523514205,0.4816904815,0.01592903010000002,0.04689693789999999,-1,-1,-1,-1
189,518,0.2515946516,0.4814213506,0.016534445200000025,0.04676256830000003,-1,-1,-1,-1
190,518,0.2516701816,0.4815559813,0.016534592100000023,0.046896937900000046,-1,-1,-1,-1
191,518,0.2515946516,0.481824851,0.017064183499999996,0.047166068800000016,-1,-1,-1,-1
192,518,0.251741597,0.4820465804,0.017344849200000012,0.04552764800000003,-1,-1,-1,-1
193,518,0.2516748838,0.4820170687,0.0166791865,0.04600649470000001,-1,-1,-1,-1
194,518,0.2515351387,0.4819260526,0.016618791899999985,0.04605559370000001,-1,-1,-1,-1
195,518,0.2530164955,0.4816612309,0.015535804099999995,0.04630879359999995,-1,-1,-1,-1
196,518,0.2526510422,0.4820856246,0.015918156199999978,0.04602725730000007,-1,-1,-1,-1
197,518,0.2528172375,0.4819379356,0.015585765599999968,0.0466178827,-1,-1,-1,-1
198,518,0.2528172375,0.482085494,0.01566893669999997,0.04587969889999999,-1,-1,-1,-1
199,518,0.2528172375,0.4819379356,0.015419570299999963,0.04720863870000003,-1,-1,-1,-1
200,518,0.2529832858,0.4819379356,0.015419717299999969,0.04587956830000006,-1,-1,-1,-1
201,518,0.253149628,0.482085494,0.015502594499999967,0.04647032429999998,-1,-1,-1,-1
202,518,0.2525680181,0.4820856246,0.015834984999999968,0.04661788270000006,-1,-1,-1,-1
203,518,0.2528003388,0.4820030964,0.016090229199999972,0.0468846631,-1,-1,-1,-1
204,518,0.2523199742,0.481868335,0.01649785579999996,0.0464504758,-1,-1,-1,-1
205,518,0.2518729662,0.4822549903,0.016564862999999985,0.04646510099999995,-1,-1,-1,-1
206,518,0.2518178617,0.4819550419,0.016483014300000043,0.04610247299999998,-1,-1,-1,-1
207,518,0.2517596713,0.4819513856,0.016654058800000038,0.04565130980000004,-1,-1,-1,-1
208,518,0.2518347605,0.4821285863,0.016458033500000024,0.04580709490000001,-1,-1,-1,-1
209,518,0.2520587052,0.4820228143,0.016352820699999993,0.04601850830000004,-1,-1,-1,-1
210,518,0.2521180712,0.4821284557,0.016293454699999987,0.046651964799999945,-1,-1,-1,-1
211,518,0.2521318841,0.4821284557,0.016279641800000022,0.04580722549999999,-1,-1,-1,-1
212,518,0.2517615816,0.4821284557,0.0165905784,0.046229660499999936,-1,-1,-1,-1
213,518,0.2519399733,0.4821284557,0.016828042200000004,0.045912866900000016,-1,-1,-1,-1
214,518,0.2521026419,0.482201582,0.016345326500000035,0.04662336719999999,-1,-1,-1,-1
215,518,0.2520194708,0.4820670819,0.016345620400000038,0.04584914249999994,-1,-1,-1,-1
216,518,0.2527921098,0.4821814723,0.015444110200000027,0.045849142499999995,-1,-1,-1,-1
217,518,0.2526633856,0.4821814723,0.015766067699999997,0.04653574619999995,-1,-1,-1,-1
218,518,0.2523412813,0.4818381704,0.015894938700000028,0.04619244440000003,-1,-1,-1,-1
219,518,0.251375556,0.481609259,0.0166675778,0.04687917869999997,-1,-1,-1,-1
220,518,0.2524256279,0.4815968537,0.016215279799999982,0.04612179909999997,-1,-1,-1,-1
221,518,0.2524829367,0.4814948686,0.01644524930000002,0.0466322468,-1,-1,-1,-1
222,518,0.2526454583,0.4814628759,0.015659385299999995,0.04628581100000001,-1,-1,-1,-1
223,518,0.2527258374,0.4817842398,0.015542857600000015,0.046052720899999955,-1,-1,-1,-1
224,518,0.2526638265,0.482183431,0.015837923899999995,0.046024906899999996,-1,-1,-1,-1
225,518,0.2527236332,0.4819200458,0.015695827800000006,0.045893540600000005,-1,-1,-1,-1
226,518,0.2526079872,0.4817205155,0.0157491689,0.04686768729999996,-1,-1,-1,-1
227,518,0.2526357599,0.481738797,0.015566515800000014,0.046914697199999966,-1,-1,-1,-1
228,518,0.2525298122,0.4819329735,0.0157543121,0.04648716949999998,-1,-1,-1,-1
229,518,0.2525944682,0.481708763,0.015627498100000026,0.04629155670000007,-1,-1,-1,-1
230,518,0.2526773454,0.4813988904,0.015672757300000006,0.04692801649999995,-1,-1,-1,-1
231,518,0.2528037185,0.4814948686,0.015510382599999983,0.046827598499999956,-1,-1,-1,-1
232,518,0.2528743992,0.4814948686,0.015475262699999992,0.046476722899999934,-1,-1,-1,-1
233,518,0.2528676398,0.4817101994,0.015515525700000032,0.04630043629999997,-1,-1,-1,-1
234,518,0.2527966651,0.4822360558,0.015623677599999997,0.045944990300000044,-1,-1,-1,-1
