1,175,0.7126811543,0.2998641679,0.0020957354999999733,0.01025087020000004,-1,-1,-1,-1
2,175,0.7126811543,0.2998641679,0.0020957354999999733,0.01025087020000004,-1,-1,-1,-1
3,175,0.7126811543,0.2998641679,0.0020957354999999733,0.01025087020000004,-1,-1,-1,-1
4,175,0.7126195842,0.2995646113,0.002056207199999993,0.010250870199999984,-1,-1,-1,-1
5,175,0.712569035,0.2994147024,0.0017701044000000277,0.010250870199999984,-1,-1,-1,-1
6,175,0.7124823372,0.2993633834,0.0017701044000000277,0.010250870199999984,-1,-1,-1,-1
7,175,0.7123594908,0.2993633834,0.0016039091999999755,0.010250870199999984,-1,-1,-1,-1
8,175,0.7123594908,0.2993633834,0.002037398199999929,0.010250870199999984,-1,-1,-1,-1
9,175,0.7123594908,0.2991692069,0.0018832523999999795,0.01025087020000004,-1,-1,-1,-1
10,175,0.7123744792,0.2991692069,0.0018002283000000396,0.01025087020000004,-1,-1,-1,-1
11,175,0.7126151758,0.2990202121,0.0018130125999999969,0.010105792899999966,-1,-1,-1,-1
12,175,0.7130129571,0.2990959501,0.001726608599999957,0.010105792800000013,-1,-1,-1,-1
13,175,0.7134693695,0.2990243908,0.0017266087000000763,0.010105792800000013,-1,-1,-1,-1
14,175,0.7139636939,0.2987765448,0.0016619527000000245,0.010105792900000021,-1,-1,-1,-1
15,175,0.7141265094,0.2988925023,0.0016619527000000245,0.010105792800000013,-1,-1,-1,-1
16,175,0.7143641202,0.2985448912,0.0019073515000000985,0.010105792800000013,-1,-1,-1,-1
17,175,0.7143795494,0.2986449175,0.001967158299999938,0.009923630000000017,-1,-1,-1,-1
18,175,0.7143795494,0.2986449175,0.0019176376999999745,0.009923630000000017,-1,-1,-1,-1
19,175,0.7144231922,0.2985673514,0.0019176377000000855,0.009923629999999961,-1,-1,-1,-1
20,175,0.714248768,0.2981818714,0.0019176376999999745,0.010231543899999973,-1,-1,-1,-1
21,175,0.7143370822,0.2980877213,0.0019176376999999745,0.010231543900000029,-1,-1,-1,-1
22,175,0.7142159992,0.2981146213,0.0019176376999999745,0.010231543999999981,-1,-1,-1,-1
23,175,0.7143447234,0.2981322499,0.0019176375999999662,0.010231544000000037,-1,-1,-1,-1
24,175,0.7144090855,0.2983991609,0.0019176375999999662,0.010231543999999981,-1,-1,-1,-1
25,175,0.7144090855,0.2983991609,0.0019176375999999662,0.010231543999999981,-1,-1,-1,-1
26,175,0.7145592637,0.2983611614,0.0019176376999999745,0.010231543899999973,-1,-1,-1,-1
27,175,0.7152241917,0.2982086408,0.0019176377000000855,0.009778422100000017,-1,-1,-1,-1
28,175,0.7161680221,0.2982849011,0.0013943650000000085,0.00951151109999998,-1,-1,-1,-1
29,175,0.7166185567,0.2983611614,0.001716175600000036,0.00951151109999998,-1,-1,-1,-1
30,175,0.716811643,0.2983992915,0.0017161755000000278,0.00951151109999998,-1,-1,-1,-1
31,175,0.7177340194,0.2985518121,0.0017161754999999168,0.009511511100000036,-1,-1,-1,-1
32,175,0.7186565427,0.2983230312,0.0015230893000000023,0.009511511200000045,-1,-1,-1,-1
33,175,0.7196005201,0.2972935175,0.001523089199999994,0.00951151109999998,-1,-1,-1,-1
