1,84,0.7391787926,0.4257902602,0.010134384500000038,0.05896134019999999,-1,-1,-1,-1
2,84,0.7284206248,0.4216458274,0.013600826899999974,0.06060263379999997,-1,-1,-1,-1
3,84,0.7251960546,0.4206039083,0.012198967599999944,0.06060263380000003,-1,-1,-1,-1
4,84,0.7202373815,0.4179902961,0.012563098399999917,0.05989879320000002,-1,-1,-1,-1
5,84,0.7194476968,0.4165867936,0.011127441700000018,0.0581125529,-1,-1,-1,-1
6,84,0.7197348282,0.4136522092,0.011342716699999977,0.05849529069999998,-1,-1,-1,-1
7,84,0.7175811962,0.4113556518,0.01141457289999992,0.05772955390000001,-1,-1,-1,-1
8,84,0.7192324218,0.4099521493,0.010624741400000026,0.056836498999999985,-1,-1,-1,-1
9,84,0.7189451435,0.4091865431,0.010553031999999907,0.056326181899999994,-1,-1,-1,-1
10,84,0.7174405694,0.4072725929,0.010191105400000011,0.056326181899999994,-1,-1,-1,-1
11,84,0.7169959126,0.405416752,0.010002868300000078,0.05480737489999998,-1,-1,-1,-1
12,84,0.7163904975,0.4035469387,0.008573971100000022,0.05316477549999998,-1,-1,-1,-1
13,84,0.7166498561,0.4016666789,0.00857397120000003,0.0525561296,-1,-1,-1,-1
14,84,0.715955686,0.4004329338,0.009520152599999943,0.0525561296,-1,-1,-1,-1
15,84,0.7142897658,0.3985138909,0.010630472200000018,0.051831526399999994,-1,-1,-1,-1
16,84,0.715301338,0.3966103873,0.01003549030000006,0.05151434110000003,-1,-1,-1,-1
17,84,0.71589632,0.3950978482,0.009763494300000009,0.05070041930000002,-1,-1,-1,-1
18,84,0.7176814129,0.3931037202,0.009559387100000039,0.050700419399999974,-1,-1,-1,-1
19,84,0.7183954207,0.3922879703,0.009916317499999994,0.04903692669999998,-1,-1,-1,-1
20,84,0.7200347438,0.391018315,0.00985386570000002,0.04844199199999999,-1,-1,-1,-1
21,84,0.72059681,0.3893200874,0.009516626000000028,0.04774768400000001,-1,-1,-1,-1
22,84,0.7218333557,0.3892201916,0.00929179950000003,0.04495073380000003,-1,-1,-1,-1
23,84,0.7218894888,0.3868228244,0.00929179949999992,0.04495073380000003,-1,-1,-1,-1
24,84,0.7215178639,0.3855018501,0.00929179950000003,0.04495073380000003,-1,-1,-1,-1
25,84,0.7217302,0.3843695678,0.00929179950000003,0.04495073370000002,-1,-1,-1,-1
26,84,0.722685786,0.3830655692,0.00929179950000003,0.04597162909999997,-1,-1,-1,-1
27,84,0.7248776239,0.3816790424,0.008309175499999988,0.04503208679999998,-1,-1,-1,-1
28,84,0.7244038718,0.3810897228,0.008309175499999988,0.04354527250000001,-1,-1,-1,-1
29,84,0.7240384186,0.3792495518,0.008309175500000099,0.04354527250000001,-1,-1,-1,-1
30,84,0.7224575798,0.3783835276,0.009402743300000016,0.04354527250000001,-1,-1,-1,-1
31,84,0.719899554,0.3768989332,0.009710153099999896,0.04208966749999998,-1,-1,-1,-1
32,84,0.7195341007,0.3754143388,0.008352818300000009,0.0410690333,-1,-1,-1,-1
33,84,0.7178636252,0.3740810897,0.008352818300000009,0.04063941640000002,-1,-1,-1,-1
34,84,0.71665544,0.3731608737,0.008352818300000009,0.04063941630000001,-1,-1,-1,-1
35,84,0.7146993027,0.3720361651,0.00830697129999991,0.04063941640000002,-1,-1,-1,-1
36,84,0.7130473423,0.3703067282,0.008447451100000003,0.04033359180000001,-1,-1,-1,-1
37,84,0.7116731088,0.3691205153,0.00804864120000004,0.03956498209999998,-1,-1,-1,-1
38,84,0.7105626422,0.3685821229,0.008048641300000048,0.039564982100000035,-1,-1,-1,-1
39,84,0.7111930381,0.3673298351,0.007126117899999951,0.03956498209999998,-1,-1,-1,-1
40,84,0.7112300683,0.366868356,0.007497008199999988,0.03849681579999997,-1,-1,-1,-1
41,84,0.7121359868,0.365258141,0.007263952800000029,0.03833907210000004,-1,-1,-1,-1
42,84,0.712660435,0.3641564151,0.007597812800000048,0.038339071999999974,-1,-1,-1,-1
43,84,0.7141385589,0.3632241854,0.007597812800000048,0.038339071999999974,-1,-1,-1,-1
44,84,0.7148537423,0.3622915639,0.007894642500000049,0.03783097489999998,-1,-1,-1,-1
45,84,0.7157996299,0.3616177574,0.007849530300000018,0.03762413179999996,-1,-1,-1,-1
46,84,0.7163852074,0.3612975687,0.007399142599999964,0.03698414619999996,-1,-1,-1,-1
47,84,0.7163402421,0.3604970969,0.007579150699999926,0.03626359100000004,-1,-1,-1,-1
48,84,0.7167907768,0.3596164474,0.007218693499999929,0.03410231720000001,-1,-1,-1,-1
49,84,0.7167456645,0.3581755982,0.007489073200000029,0.03594340229999998,-1,-1,-1,-1
50,84,0.7176465869,0.3570548071,0.007083650699999944,0.03410218670000004,-1,-1,-1,-1
51,84,0.7176915522,0.356094241,0.007534038399999998,0.033862045100000016,-1,-1,-1,-1
52,84,0.7191329398,0.355453733,0.007083650699999944,0.03370195079999999,-1,-1,-1,-1
53,84,0.719178052,0.3546532612,0.007353736400000033,0.03370195079999999,-1,-1,-1,-1
54,84,0.7193806897,0.3541328893,0.007015982400000009,0.03370195080000005,-1,-1,-1,-1
55,84,0.7195833275,0.3536125173,0.006678228299999978,0.03370195079999999,-1,-1,-1,-1
56,84,0.7186374398,0.3525717735,0.007302452499999945,0.03370195079999999,-1,-1,-1,-1
57,84,0.7187918794,0.3516112073,0.006646194300000019,0.03198518049999999,-1,-1,-1,-1
58,84,0.7178653886,0.3508564395,0.006993573199999936,0.03294587710000002,-1,-1,-1,-1
59,84,0.7168442649,0.3502515806,0.006993573200000047,0.03294587710000002,-1,-1,-1,-1
60,84,0.7156529784,0.3494138927,0.0065736032,0.03257371659999997,-1,-1,-1,-1
61,84,0.7143341433,0.3490991885,0.006628119900000007,0.03235916919999998,-1,-1,-1,-1
62,84,0.7136048532,0.3481917695,0.006263401400000035,0.031970293999999955,-1,-1,-1,-1
63,84,0.7120366517,0.3474140191,0.006664562400000018,0.031646187899999956,-1,-1,-1,-1
64,84,0.7116354907,0.3463770622,0.0063364332999999995,0.0316461878,-1,-1,-1,-1
65,84,0.7099213724,0.3452752056,0.006628266900000068,0.0316461878,-1,-1,-1,-1
66,84,0.7086397145,0.3448308328,0.0060656129000000725,0.030313722200000004,-1,-1,-1,-1
67,84,0.7070519693,0.3442151355,0.006680726399999948,0.030701030399999996,-1,-1,-1,-1
68,84,0.7058324693,0.3434023889,0.005991258500000041,0.030701030500000004,-1,-1,-1,-1
69,84,0.7058324693,0.3427513037,0.005735426500000029,0.030403824299999993,-1,-1,-1,-1
70,84,0.7057670786,0.3419385572,0.006356123999999963,0.02989794699999998,-1,-1,-1,-1
71,84,0.7061917508,0.3414740746,0.005964073600000064,0.029607661799999963,-1,-1,-1,-1
72,84,0.7057672255,0.3407681447,0.006080601399999996,0.029036362599999976,-1,-1,-1,-1
73,84,0.7053472555,0.3402207422,0.006080601399999996,0.029036362500000024,-1,-1,-1,-1
74,84,0.7050952441,0.3399136117,0.0058584199000000226,0.02889572509999999,-1,-1,-1,-1
75,84,0.7049409515,0.3389812515,0.005858419800000014,0.028895724999999983,-1,-1,-1,-1
76,84,0.7052495368,0.3386523137,0.006043424199999925,0.02829674230000001,-1,-1,-1,-1
77,84,0.7054036826,0.3376103946,0.006197863700000084,0.02846114590000004,-1,-1,-1,-1
78,84,0.7054036826,0.3371717674,0.0064138735,0.027803009300000014,-1,-1,-1,-1
79,84,0.7057431265,0.3367330096,0.0057041271000000116,0.027912829299999997,-1,-1,-1,-1
80,84,0.7060825704,0.3365136307,0.00570412720000002,0.027309537399999972,-1,-1,-1,-1
81,84,0.7078412131,0.3356910905,0.005117961899999912,0.027309537299999964,-1,-1,-1,-1
82,84,0.7090445491,0.3350329538,0.005364830200000004,0.027309537400000028,-1,-1,-1,-1
83,84,0.7104947535,0.3347587302,0.005364830200000004,0.026925754899999987,-1,-1,-1,-1
84,84,0.7106181876,0.3339910347,0.0054882644000000536,0.026925754899999987,-1,-1,-1,-1
85,84,0.7106490461,0.3337717864,0.00533397169999994,0.02632246290000001,-1,-1,-1,-1
86,84,0.709661573,0.3328394261,0.005488264300000045,0.026761220799999985,-1,-1,-1,-1
87,84,0.7093440239,0.3322046638,0.005278867100000029,0.0265121995,-1,-1,-1,-1
88,84,0.7089361034,0.3316349316,0.005278867200000037,0.026512199600000008,-1,-1,-1,-1
89,84,0.7079451035,0.3310133581,0.005657692500000033,0.02620128220000001,-1,-1,-1,-1
90,84,0.7077119012,0.3302363912,0.005482827299999937,0.02620128220000001,-1,-1,-1,-1
91,84,0.707012294,0.3295013413,0.005395541800000014,0.02605568260000002,-1,-1,-1,-1
92,84,0.7063711712,0.329190424,0.0054828273999999455,0.02548608090000004,-1,-1,-1,-1
93,84,0.7054676038,0.3285688505,0.005278867200000037,0.025382398299999998,-1,-1,-1,-1
94,84,0.7045039358,0.3283241386,0.005395394799999953,0.025382398299999998,-1,-1,-1,-1
95,84,0.7042010813,0.3279816202,0.004734728199999982,0.025151528199999995,-1,-1,-1,-1
96,84,0.7024666845,0.3271498086,0.0054779781999999555,0.02520049670000002,-1,-1,-1,-1
97,84,0.7020774261,0.3269611167,0.0048643340999999785,0.02503426489999999,-1,-1,-1,-1
98,84,0.7006513209,0.32644192,0.005050660899999948,0.024690701799999992,-1,-1,-1,-1
99,84,0.7003131995,0.3261183361,0.004842733099999941,0.0246907019,-1,-1,-1,-1
100,84,0.6993435067,0.3258806756,0.004842733099999941,0.0246907019,-1,-1,-1,-1
101,84,0.6982067369,0.3253181255,0.004879763399999959,0.023708067300000024,-1,-1,-1,-1
102,84,0.697239983,0.325725674,0.004499468699999953,0.02370806729999997,-1,-1,-1,-1
103,84,0.6947179588,0.3252164016,0.005559973800000062,0.023708067300000024,-1,-1,-1,-1
104,84,0.6942879966,0.3246051441,0.004499615499999998,0.02370806729999997,-1,-1,-1,-1
105,84,0.6915938993,0.3239938866,0.004843614799999951,0.021597329100000007,-1,-1,-1,-1
106,84,0.6902468507,0.3236883232,0.004270380699999965,0.021597329,-1,-1,-1,-1
107,84,0.6881832962,0.3232298474,0.004270380700000076,0.021597329,-1,-1,-1,-1
108,84,0.686549704,0.3231278624,0.004012491499999937,0.020527726299999993,-1,-1,-1,-1
109,84,0.6844001864,0.3231278624,0.0040124915999999455,0.020527726299999993,-1,-1,-1,-1
110,84,0.6824799037,0.3220073325,0.0040124915999999455,0.020527726299999993,-1,-1,-1,-1
111,84,0.6803017318,0.3212942205,0.0040124916000000566,0.0205277264,-1,-1,-1,-1
112,84,0.6777510533,0.3209375992,0.004012491500000048,0.0205277264,-1,-1,-1,-1
113,84,0.6752084568,0.3204791235,0.004012491500000048,0.020527726299999993,-1,-1,-1,-1
114,84,0.675016693,0.3195423234,0.004012491500000048,0.0205277264,-1,-1,-1,-1
