161,281,0.5144757399,0.3409240604,0.004459499500000019,0.02763364359999998,-1,-1,-1,-1
162,281,0.5141944864,0.3421379569,0.004178392899999994,0.027633643600000035,-1,-1,-1,-1
163,281,0.5135114841,0.3438515933,0.004861395199999952,0.027633643500000027,-1,-1,-1,-1
164,281,0.5127085743,0.3470422503,0.004418795599999914,0.025442727499999984,-1,-1,-1,-1
165,281,0.5107800627,0.3466138085,0.004780428300000028,0.02815610479999997,-1,-1,-1,-1
166,281,0.5083695701,0.3483990042,0.007271300000000092,0.028798571600000045,-1,-1,-1,-1
167,281,0.5055170657,0.3496843295,0.005222293099999997,0.02879857149999998,-1,-1,-1,-1
168,281,0.5034680588,0.3506839398,0.005247420799999958,0.028682875299999966,-1,-1,-1,-1
169,281,0.5011075276,0.3524982554,0.006897323899999974,0.02908990149999996,-1,-1,-1,-1
170,281,0.4995660702,0.3545968495,0.0055247068000000565,0.030177002200000025,-1,-1,-1,-1
171,281,0.4983831596,0.3565083186,0.008392493499999931,0.03051847590000001,-1,-1,-1,-1
172,281,0.4980246128,0.357909993,0.005703833200000008,0.031155719299999995,-1,-1,-1,-1
173,281,0.4985265783,0.3593753917,0.008249074799999923,0.031155719400000004,-1,-1,-1,-1
174,281,0.4980963221,0.3608407905,0.0059189614000000335,0.03223877199999997,-1,-1,-1,-1
175,281,0.4984548689,0.3619239737,0.007747109299999999,0.03268471179999999,-1,-1,-1,-1
176,281,0.4973486639,0.3633985132,0.006649427000000041,0.034617074199999986,-1,-1,-1,-1
177,281,0.4962214456,0.3646948074,0.0070473552000000494,0.0353240487,-1,-1,-1,-1
178,281,0.4943222496,0.3664721682,0.00697873160000001,0.035760455999999996,-1,-1,-1,-1
179,281,0.4924230535,0.3682495289,0.006910108199999987,0.03619686329999999,-1,-1,-1,-1
180,281,0.4902633967,0.3703707138,0.008330923399999968,0.036969129200000006,-1,-1,-1,-1
181,281,0.4882173287,0.3728959214,0.007364904299999975,0.0375751634,-1,-1,-1,-1
182,281,0.4884446533,0.3760271633,0.009297089500000022,0.03777717479999998,-1,-1,-1,-1
183,281,0.4892970837,0.3779463368,0.008046877899999971,0.039191254499999995,-1,-1,-1,-1
184,281,0.4936163972,0.3798655103,0.009581282000000024,0.04060533420000001,-1,-1,-1,-1
185,281,0.4977652541,0.3821887066,0.008103598899999953,0.04131243940000001,-1,-1,-1,-1
186,281,0.503448515,0.3853199484,0.007762685500000033,0.04131243940000001,-1,-1,-1,-1
187,281,0.5082791986,0.3894613778,0.007478493099999928,0.04131243940000001,-1,-1,-1,-1
188,281,0.5116323461,0.3914814917,0.007592228799999989,0.04383777769999997,-1,-1,-1,-1
189,281,0.5167472221,0.3954209097,0.007592228899999998,0.043837777700000025,-1,-1,-1,-1
190,281,0.5187362753,0.3980470578,0.008103892800000012,0.046766877600000034,-1,-1,-1,-1
191,281,0.5175429316,0.4026934504,0.010182288700000042,0.046766877500000026,-1,-1,-1,-1
192,281,0.5149853466,0.4055504686,0.011278501500000093,0.046766877600000034,-1,-1,-1,-1
193,281,0.5090666791,0.4090568745,0.009279456099999916,0.04848547609999998,-1,-1,-1,-1
194,281,0.5032419098,0.4125076521,0.008527830299999928,0.050043849699999976,-1,-1,-1,-1
195,281,0.494911868,0.416848873,0.01190992600000007,0.0513797104,-1,-1,-1,-1
196,281,0.4850159759,0.421698844,0.011909926000000015,0.053097264199999994,-1,-1,-1,-1
197,281,0.4748695419,0.4266483189,0.012643771399999948,0.05458825719999999,-1,-1,-1,-1
198,281,0.4696928018,0.4307217147,0.010710116699999994,0.05548314030000001,-1,-1,-1,-1
199,281,0.4648308188,0.4356807222,0.012201465700000025,0.0579734824,-1,-1,-1,-1
200,281,0.461058583,0.4409353689,0.013788035399999954,0.06076416459999995,-1,-1,-1,-1
201,281,0.4599088821,0.4473206003,0.013069472299999996,0.06206359270000006,-1,-1,-1,-1
202,281,0.4578969054,0.4543442504,0.013069472299999996,0.0620635927,-1,-1,-1,-1
203,281,0.4546635185,0.4614956103,0.013788182300000007,0.06678859609999993,-1,-1,-1,-1
204,281,0.4527954014,0.4699239382,0.01519444999999997,0.06993119859999997,-1,-1,-1,-1
205,281,0.4522411233,0.4791185252,0.016118295800000015,0.06976705620000001,-1,-1,-1,-1
206,281,0.4510533635,0.4879846968,0.0183221831,0.06965579970000002,-1,-1,-1,-1
207,281,0.4515664969,0.4961928622,0.01603247969999999,0.07786631579999997,-1,-1,-1,-1
208,281,0.4442417088,0.5057650943,0.016032479599999983,0.07920635509999996,-1,-1,-1,-1
209,281,0.4341162879,0.5143800248,0.0143091038,0.08265243180000004,-1,-1,-1,-1
210,281,0.4187128816,0.5256751646,0.020448924100000043,0.08877871780000002,-1,-1,-1,-1
211,281,0.3987853198,0.5386933428,0.02195702490000001,0.08877871770000001,-1,-1,-1,-1
212,281,0.380919843,0.551076628,0.0220086028,0.09805596360000002,-1,-1,-1,-1
213,281,0.3723727629,0.5654264882,0.020001034500000014,0.10106654700000006,-1,-1,-1,-1
214,281,0.3544956775,0.5795193618,0.020427910900000013,0.10586715769999999,-1,-1,-1,-1
215,281,0.338678179,0.5937951816,0.02005716759999998,0.10982054809999997,-1,-1,-1,-1
216,281,0.3095146569,0.6098279913,0.02005716769999999,0.11355416780000005,-1,-1,-1,-1
217,281,0.2778972934,0.6253105256,0.021539846899999993,0.12235635379999998,-1,-1,-1,-1
218,281,0.2413546134,0.6436650951,0.027418545200000005,0.1198150845,-1,-1,-1,-1
219,281,0.1930548306,0.665408285,0.036792340300000004,0.1198150845,-1,-1,-1,-1
220,281,0.1475013108,0.6871916943,0.032457303500000007,0.12695952359999996,-1,-1,-1,-1
221,281,0.0878527866,0.7144210539,0.0361342452,0.14293409339999996,-1,-1,-1,-1
222,281,0.0235059031,0.7445549638,0.039606932799999994,0.15564109300000006,-1,-1,-1,-1
