213,478,-0.0156997952,0.6541024374,0.0358868626,0.10047788030000004,-1,-1,-1,-1
214,478,0.0147794761,0.6051741555,0.0324456948,0.09610923710000008,-1,-1,-1,-1
215,478,0.0457503533,0.5693516727,0.027529709399999998,0.0917405939,-1,-1,-1,-1
216,478,0.0693472156,0.5431400745,0.027038103500000008,0.07688733739999998,-1,-1,-1,-1
217,478,0.0914692602,0.5230445767,0.026546497599999996,0.07164483499999996,-1,-1,-1,-1
218,478,0.1170325461,0.5020752198,0.024580074000000007,0.07251869420000001,-1,-1,-1,-1
219,478,0.1460369997,0.4863482347,0.023596935799999996,0.06465526700000002,-1,-1,-1,-1
220,478,0.1770078769,0.4714949783,0.021630512200000007,0.0637815383,-1,-1,-1,-1
221,478,0.2032843623,0.4616525707,0.02135873670000002,0.06335322720000003,-1,-1,-1,-1
222,478,0.225507285,0.4523110782,0.01846222210000001,0.05596890780000002,-1,-1,-1,-1
223,478,0.2404870476,0.4437654871,0.02042218010000002,0.0509677221,-1,-1,-1,-1
224,478,0.2575252217,0.4377975979,0.01820844740000005,0.04891679059999998,-1,-1,-1,-1
225,478,0.2736861316,0.431156555,0.017095042000000005,0.04847986110000002,-1,-1,-1,-1
226,478,0.2934901123,0.4238513687,0.01569391739999998,0.04731767529999997,-1,-1,-1,-1
227,478,0.3141349147,0.4157160684,0.015040010300000017,0.047317675199999965,-1,-1,-1,-1
228,478,0.3354336242,0.4082447809,0.015040010300000017,0.03984651830000002,-1,-1,-1,-1
229,478,0.3586005977,0.4011056957,0.013358660799999977,0.03735604570000001,-1,-1,-1,-1
230,478,0.3805533612,0.3944645223,0.013358660799999977,0.0373560456,-1,-1,-1,-1
231,478,0.397928775,0.3883215217,0.013358660799999977,0.03735604570000001,-1,-1,-1,-1
232,478,0.4165185457,0.3836727786,0.013358660799999977,0.03735604570000001,-1,-1,-1,-1
233,478,0.4330130217,0.3778380838,0.011283350699999972,0.03287026970000001,-1,-1,-1,-1
234,478,0.4447032643,0.3739958193,0.01016245109999997,0.030308629500000017,-1,-1,-1,-1
