0,64,1.05959532995,0.714897093,0.7147163483,0.5213861768
0,64,1.0697819536,0.73673169075,0.7192841466,0.5125062941
0,64,1.04520570005,0.7081307561500001,0.7055531261,0.5105186953
0,64,1.0783288133,0.50871704615,0.722545894,0.3544854625
0,64,1.07368056245,0.4777627506,0.7179119703,0.3297208508
0,64,1.0768420196,0.4788471744,0.7198085948,0.3297363902
0,64,1.05960444055,0.47902581145,0.7082251815,0.3296718823
0,64,1.06859830825,0.4777592902,0.7147696895,0.3299377486
0,64,1.07368056245,0.4777627506,0.7179119703,0.3297208508
0,64,1.0768420196,0.4788471744,0.7198085948,0.3297363902
0,64,1.07368056245,0.4777627506,0.7179119703,0.3297208508
0,64,1.0768420196,0.4788471744,0.7198085948,0.3297363902
0,64,1.05960444055,0.47902581145,0.7082251815,0.3296718823
0,64,1.06859830825,0.4777592902,0.7147696895,0.3299377486
0,64,1.07368056245,0.4777627506,0.7179119703,0.3297208508
0,64,1.05960444055,0.47902581145,0.7082251815,0.3296718823
0,64,1.06859830825,0.4777592902,0.7147696895,0.3299377486
0,64,1.05960444055,0.47902581145,0.7082251815,0.3296718823
0,64,1.06859830825,0.4777592902,0.7147696895,0.3299377486
0,64,1.07401185085,0.53061432355,0.7186533099,0.3698315379
0,64,1.0805615019,0.520768782,0.7224903486,0.3551430768
0,64,1.07961745115,0.52674209035,0.7229845261,0.3693082931
0,64,1.0606744236,0.4684170142,0.7087984156,0.3215796742
0,64,1.10687949945,0.57776354715,0.7418194017,0.4119846685
0,64,1.04481151895,0.7434241832,0.7048017941,0.5335376778
0,64,1.04631506455,0.7468335661500001,0.7026272959,0.5294919655
0,64,1.0571898526,0.74100017705,0.7212642742,0.5247447631
0,64,1.00973770535,0.586121034,0.6799521487,0.4064807396
0,64,1.0117200638,0.5794176378,0.6802482264,0.401127503
0,64,1.0092854809,0.58057307245,0.6781660272,0.3983809577
0,64,1.0026434011,0.55405574105,0.672860416,0.3930083949
0,64,1.0997545571,0.5214246987,0.7388014368,0.35822979
0,64,0.9970033421,0.7708475886,0.674717806,0.5675575974
0,64,0.99982557575,0.82138556305,0.6719323087,0.5585296339
0,64,0.9654999348,0.7871191034,0.655235048,0.5820990224
0,64,0.9445080473,0.79137688195,0.6405419758,0.5721063141
0,64,1.06706243475,0.4550873964,0.7126886485,0.311181115
0,64,1.0699068572,0.45666738144999997,0.7145965878,0.3111627029
0,64,1.0548043216,0.4551292481,0.704524802,0.3108257996
0,64,1.053655359,0.45986123435000004,0.7033946962,0.3108813821
0,64,1.0656555058000001,0.44227397185000006,0.7114521028,0.3006086197
0,64,1.0643516592,0.5174935727,0.7129797474,0.3620771472
0,64,1.0695535269,0.5188566599,0.7160223992,0.3617019832
0,64,1.1037016578999999,0.6501462395500001,0.7439504042,0.4487059519
0,64,1.10134061245,0.64953289275,0.7423294493,0.4658062749
0,64,1.03165806745,0.5243628088000001,0.6915486401,0.3654726884
0,64,1.03469344545,0.5189668717,0.6932521783,0.3591109618
0,64,1.03618457405,0.5148628543,0.6939032935,0.3616433516
0,64,1.03828905285,0.5220332414,0.6960547213,0.3570095568
0,64,1.0370759449,0.52645924825,0.6935885364,0.3531262275
0,64,1.0298401322,0.5162645939,0.6895444516,0.3569579148
0,64,1.0369626781999999,0.51709962945,0.6945885564,0.3584349027
0,64,1.0369626781999999,0.51709962945,0.6945885564,0.3584349027
0,64,1.030307933,0.516293975,0.6898831608,0.3561592712
0,64,1.0577289762,0.44610879314999996,0.7061870486,0.3030821167
0,64,1.0559340379,0.44612230845,0.704979745,0.3029508811
0,64,1.05899990715,0.4460476804,0.7069975995,0.3034425248
0,64,1.06529688555,0.44812845,0.7109796733,0.3033097222
0,64,1.07455532845,0.43348784745,0.7170908393,0.2927130691
0,64,1.02673032635,0.51067115055,0.6866684359,0.3493868621
0,64,1.032911071,0.50857680035,0.6913055924,0.3487463541
0,64,1.0416752629500001,0.4947832876,0.6973969207,0.3389034242
0,64,1.0474206083,0.4948688846,0.701614695,0.339221393
0,64,1.0422814373,0.4929036807,0.697046358,0.336124625
0,64,1.0416752629500001,0.4947832876,0.6973969207,0.3389034242
0,64,1.0474206083,0.4948688846,0.701614695,0.339221393
0,64,1.0422814373,0.4929036807,0.697046358,0.336124625
0,64,1.0479044261,0.49304301235,0.7013653286,0.3382800225
0,64,1.0479044261,0.49304301235,0.7013653286,0.3382800225
0,64,1.01078278115,0.6067629549,0.6803682981,0.425094124
0,64,0.9833728322499999,0.72747879855,0.6646632129,0.5350951373
0,64,1.03210294465,0.55943666115,0.6944847565,0.3967127641
0,64,1.0285734627,0.56252755295,0.690025257,0.3964685745
0,64,0.9174973491,0.5441155271,0.615776824,0.3839083498
0,64,1.0726645083,0.5030576585,0.7176155814,0.3473260064
0,64,1.07123935825,0.51210429535,0.7163899097,0.3452635837
0,64,1.0710814653499998,0.49106912465,0.7168846749,0.3394252325
0,64,1.0643101471,0.4915875379,0.712081764,0.339828733
0,64,1.06719093855,0.5523954477,0.7147213445,0.3822200464
0,64,1.0733018841,0.54367174175,0.7206904142,0.3844812159
0,64,1.047194092,0.5294967318,0.7021300326,0.3709115872
0,64,1.0232703496,0.4951995199,0.6849544646,0.342800664
0,64,1.0347678733,0.49695435509999997,0.69220578,0.3431685154
0,64,1.06103039895,0.51291567075,0.7104123171,0.3572133345
0,64,0.51524000295,0.9033319343499999,0.3596077615,0.6800360251
0,64,0.48772829445,0.9024395977,0.3377884245,0.6715613404
0,64,0.6021319134500001,0.999645011,0.4181181935,0.7597415978
0,64,0.89899324755,0.64202909015,0.6061377925,0.4609627025
0,64,0.9440925592,0.53506686615,0.6328255292,0.3775885403
0,64,0.9566164965499999,0.534761825,0.6412526039,0.3741738034
0,64,0.55343221875,0.94689228915,0.3847138267,0.7076632701
0,64,0.77390992955,0.5471794535000001,0.5220782549,0.3777771016
0,64,0.8215300897,0.5237603657,0.5522717174,0.3621045696
0,64,0.3049888483,0.6217182616,0.2103364198,0.4441810012
0,64,0.70985164685,0.7279169033999999,0.4821703779,0.5306153682
0,64,0.7012632750500001,0.54453136755,0.4716852347,0.3816243283
0,64,0.71172240895,0.5462134029,0.4785561085,0.3827523014
0,64,0.6585926038,0.5700292661499999,0.4430048692,0.4024829511
0,64,0.66345950945,0.5675200549,0.4471036177,0.4016050438
0,64,0.7463484799,0.52430084735,0.5011425006,0.3681542035
0,64,0.7534319836500001,0.52075076155,0.5056713583,0.3666215547
0,64,1.0571732287,0.4713152312,0.7066387588,0.3223285658
0,64,1.0738420553999999,0.44508972595,0.7168078224,0.3018355745
0,64,1.0726825459,0.44491294965,0.716296085,0.3021784193
0,64,0.7543697893000001,0.49771193045,0.504716507,0.3407967423
0,64,0.7630003811999999,0.49815708680000004,0.5111995918,0.3423937684
0,64,1.0498240476,0.47756184915,0.7018054302,0.3258290955
0,64,1.05455671855,0.4772474714,0.7056439383,0.326138707
0,64,1.0499745931,0.46971977215,0.701286272,0.3223567717
0,64,1.060163421,0.4559334415,0.7083224594,0.3109732274
0,64,1.0634079023,0.4559793413,0.7103786666,0.311208668
0,64,1.06727572605,0.44467610535,0.7125362661,0.3023491561
0,64,1.0643917753,0.44433737385000005,0.710536339,0.3027317633
0,64,1.06464841545,0.44192381439999995,0.7103384035,0.2967617848
0,64,1.0600355784,0.45265209485,0.7082087236,0.3079960731
0,64,1.06177129765,0.4508188448,0.7090759955,0.3073927812
0,64,1.07217312285,0.45885020135,0.7170621849,0.3144434619
0,64,1.0574846794,0.43619574024999996,0.706148108,0.2957572123
0,64,1.0611407549,0.43643751405,0.7083198144,0.2958249847
0,64,1.0723620946999999,0.43084172025,0.7157772942,0.2911881247
0,64,1.06396578055,0.43370794460000006,0.7102880013,0.2933473092
0,64,1.0654729996999999,0.4343867133,0.710948374,0.293574523
0,64,1.06270631135,0.43362143355000005,0.7093258027,0.2929496849
0,64,1.06383125195,0.4342988311,0.7100730201,0.2932086304
0,64,1.05722717235,0.4389087134,0.7056698007,0.2972162478
0,64,1.06031697885,0.43494430130000006,0.7078149099,0.2930002204
0,64,1.07107473205,0.43866063045000003,0.7148037493,0.2962161747
0,64,1.0715041537999999,0.4455107245,0.7152216936,0.3023602556
0,64,1.0697138443999998,0.44508234805,0.7138540726,0.2997448153
0,64,1.0688702307,0.44684234125,0.7137221156,0.3043248719
0,64,1.0695569801,0.4579805207,0.7146832856,0.3131778546
0,64,1.06809450585,0.4513821131,0.7133450537,0.3078810298
0,64,1.0479155849000001,0.46369205665,0.7000215558,0.3177928073
0,64,1.0733214277999998,0.45555821215000003,0.716962409,0.3110436115
0,64,1.04144448515,0.48522385265,0.6966641039,0.3346406835
0,64,1.0719484433500002,0.44758692359999996,0.7157044093,0.3042742058
0,64,1.07486910945,0.44966264710000003,0.7178145315,0.3062271878
0,64,1.0613993054,0.44617055865,0.70853891,0.3033902917
0,64,1.0559107472,0.45366665684999996,0.7051435892,0.3089575533
0,64,1.0564155781,0.45264778565,0.705653049,0.3034162777
0,64,1.0798914308,0.48293957,0.7233244108,0.333679595
0,64,1.0646994054499999,0.44073845019999996,0.7108127433,0.2988157196
0,64,1.0625663324,0.43957903415,0.7094707496,0.2981893957
0,64,1.0566551726,0.43646212895,0.7051671004,0.2948499239
0,64,1.0675167165000001,0.43581829110000003,0.7124821902,0.2942903772
0,64,1.06850587955,0.43593248560000003,0.7132088353,0.2950468426
0,64,1.0706161627,0.43808494505,0.7144017382,0.2962185609
0,64,1.05951105675,0.4425596867,0.7074591551,0.300125725
0,64,1.0689925628,0.44220384895,0.713734606,0.3001176289
0,64,1.09685789555,0.4715165897,0.7334900947,0.325669654
0,64,0.91120480545,0.601887105,0.6140659385,0.4345664882
0,64,1.3440181754,0.8672410389,0.902367996,0.6087643954
0,64,1.26427014175,0.8285653478499999,0.8559607579,0.6140566653
0,64,1.22877637965,0.7915976972500001,0.8295321493,0.5694706335
0,64,1.21854346815,0.76306943185,0.8259165573,0.5546176383
0,64,0.9249858344,0.8917515654,0.636799423,0.6411180802
0,64,0.24722699305,0.8525092897000001,0.1774894905,0.5976263466
0,64,0.26307402755,0.8616507948000001,0.1912133107,0.6056523492
0,64,0.2347756834,0.87104928665,0.1768669562,0.6319724617
0,64,0.2347756834,0.87104928665,0.1768669562,0.6319724617
0,64,0.3102349834,0.8576482400500001,0.2253478492,0.6028112621
0,64,0.37488339875,0.8993480529,0.2617399101,0.6585495608
0,64,0.6734983795,0.58509027965,0.4552432182,0.4166315835
0,64,0.6788877496,0.58609413395,0.4573915602,0.4144956427
0,64,0.6624278792,0.5962520945500001,0.4452672408,0.4176441215
0,64,0.7418032377,0.51889668355,0.4981305604,0.3630831561
0,64,0.73858101865,0.5231630805,0.4962787543,0.3662307208
0,64,0.47393327915,0.6390344378,0.3225422497,0.4602379686
0,64,0.4643572872,0.64058732685,0.3151636796,0.4608190615
0,64,0.7076586335,0.5510779338,0.476885486,0.3849430868
0,64,1.0869068254499998,0.5661757716,0.7289108347,0.4010765758
0,64,0.7831396446,0.6708223731,0.530447825,0.489388591
0,64,1.3521524859,0.74915480365,0.9150764234,0.5469417277
0,64,0.5218379991,0.8029872484,0.3635617688,0.592622941
0,64,0.7064090831000001,0.60344210695,0.475620286,0.4234036007
0,64,0.806916368,0.6877122621,0.5453608744,0.4988107836
0,64,0.81971972225,0.68981758115,0.5547518621,0.5026137427
0,64,0.78299475645,0.6704249448,0.5303102841,0.4893649556
0,64,0.9897883222,1.0651260828,0.6719696328,0.7441719648
0,64,1.00530267225,1.05133472465,0.6943952667,0.7893452115
0,64,1.0455191347,1.08142214715,0.711909397,0.7865355947
0,64,0.38945222859999995,0.74534492365,0.2695910568,0.5283078419
0,64,0.42665946925,0.68220931255,0.2914995897,0.4946944261
0,64,0.45366054224999997,0.70179697555,0.3070154093,0.4892702831
0,64,0.4249828955,0.7097089783,0.2911961474,0.5055040596
0,64,0.48305704655000004,0.5873983936,0.3272062973,0.4082151386
0,64,0.4911200885,0.58639271125,0.3320731294,0.4066819675
0,64,0.4596025744,0.5668587843,0.3102768628,0.4015619516
0,64,0.47722897095,0.56747546095,0.3216248695,0.4019287583
0,64,0.6631905259499999,0.5422032091,0.4480733105,0.3759476384
0,64,0.66562497065,0.54078971695,0.4485179673,0.3743120905
0,64,0.9685152547,0.98114033665,0.6624682892,0.7305554569
0,64,0.94624560335,0.99625619485,0.6415598667,0.7111043847
0,64,0.9015663353000001,0.9712842179,0.6211416542,0.7285233294
0,64,0.27297675265,0.7633172124000001,0.1906919483,0.5533519004
0,64,0.6864196573,0.5328355348,0.461457099,0.3658508558
0,64,0.7497698835,0.5128227612,0.5037194824,0.3571703728
0,64,0.66509376295,0.54552869265,0.4468245683,0.3824578375
0,64,0.67365774175,0.5389226460000001,0.4533718683,0.3809621436
0,64,0.58065231415,0.5407239033,0.3898720517,0.3770647732
0,64,0.75549925375,0.48800012419999994,0.5064063793,0.3364327068
0,64,0.6650465852,0.615596534,0.4481058222,0.4275717996
0,64,0.6550072511,0.6162199767500001,0.4423453152,0.4280018083
0,64,0.64012134465,0.61945317465,0.4329054577,0.4298103783
0,64,0.5537573355500001,0.6608511457,0.3761934907,0.4608336868
0,64,0.54678705315,0.6622379336499999,0.3708307177,0.4615061875
0,64,0.54390964145,0.5678918335500001,0.3662993619,0.3941182367
0,64,0.5163645429,0.79800621985,0.3576529734,0.5740622763
0,64,0.5306492137000001,0.7861687227,0.3655544956,0.5693494528
0,64,0.56381023885,0.806705851,0.3877097499,0.5839026302
0,64,0.5889463543,0.79022860325,0.4063269994,0.5701414367
0,64,0.60357227245,0.81120166,0.4165135495,0.5960842958
0,64,0.32103624285,0.6059010439,0.2215437997,0.4229205754
0,64,0.38316700585,0.6240415884999999,0.2615759191,0.4243373974
0,64,0.3600059101,0.6141688204,0.2469939376,0.4379126412
0,64,0.1896301208,0.64571674475,0.1322273634,0.4575218491
0,64,0.18681835175,0.64777433595,0.1317494689,0.4620293017
0,64,0.17820753925,0.59683540735,0.1235841809,0.4183824359
0,64,0.28782698295,0.68113866525,0.2009165573,0.4971000201
0,64,0.56472736925,0.65614715305,0.3840052853,0.4547180563
0,64,0.5591787397,0.62748622875,0.3795285638,0.4521564683
0,64,0.52209451685,0.56236481925,0.3522046515,0.3944994749
0,64,0.18814975585,0.6003594419,0.1295318701,0.4219473428
0,64,0.33044534155,0.61662906325,0.2266256865,0.4407440653
0,64,0.20494756405,0.60965849495,0.1423203093,0.4371738045
0,64,1.0711087238,0.48590653885,0.7165442024,0.3353429571
0,64,1.0842018542,0.55572883155,0.727286794,0.3921388449
0,64,1.0663159521,0.58995520235,0.716383738,0.4213844009
0,64,1.06748820905,0.56568811065,0.7165890207,0.4016708575
0,64,1.05618906175,0.56578572115,0.7090655623,0.4001094805
0,64,1.0617167809,0.57770615605,0.7134294004,0.4090419881
0,64,1.04773058965,0.5920558857,0.7052476265,0.4189498176
0,64,0.9458641331,0.8371236477,0.640778411,0.621509917
0,64,0.9122822807,0.8319767535,0.6189066144,0.6162880466
0,64,1.00424297545,0.7248884954,0.6787842265,0.5263323872
0,64,1.10666650205,0.9879848273,0.7572711531,0.7509057214
0,64,0.84167814305,0.7451229984000001,0.5707364375,0.5196837706
0,64,0.89435215135,0.8683850761,0.6075677739,0.629317721
0,64,0.9164862176499999,0.87299333615,0.6255445797,0.6291196221
0,64,0.82530599915,0.7728175587999999,0.5601382933,0.5430937176
0,64,0.6491772967,0.52187547005,0.436094761,0.3640942577
0,64,0.3173494192,0.99233956355,0.2341215192,0.7396386569
0,64,1.052562155,0.52077407055,0.7053034658,0.3630209987
0,64,0.34068236755,1.0111665159,0.2467957083,0.747742748
0,64,0.3493755114,1.22515984625,0.2491483044,0.8940440461
0,64,1.26487996275,0.8232253044,0.8572727829,0.6101097634
0,64,1.0748823114,1.43799345145,0.743603084,1.0882979857
0,64,0.6468778212999999,0.7882671209000001,0.4408773934,0.5801487702
0,64,0.6548569573999999,0.5207606206,0.4400536174,0.3643033206
0,64,1.0726289475,0.52062168065,0.7193175032,0.3655323647
0,64,1.032849207,1.49836314625,0.7211663704,1.1491311551
0,64,0.1302303568,0.6155298835999999,0.0941084366,0.4358622974
0,64,0.29787015110000004,0.61811209055,0.203594858,0.4418545403
0,64,0.6587488803,0.54770635455,0.443944879,0.3870301897
0,64,0.8275887227000001,0.53587928625,0.5589038048,0.3732389621
0,64,0.4290980285,0.60108985605,0.290462449,0.4283426291
0,64,1.03581243475,0.5101449676500001,0.6934008871,0.3569148225
0,64,1.0167639738999998,0.53281183405,0.6821244428,0.3737245991
0,64,1.0637888582000001,0.47499563850000004,0.7114817858,0.3262171872
0,64,1.03619023145,0.4829720851,0.6927155337,0.331414508
0,64,1.0794065844,0.5300113581,0.7227670468,0.3721531672
0,64,0.7385915252499999,0.4901904992,0.4956655511,0.3388539334
0,64,0.40512241439999996,0.5686027811000001,0.2751583778,0.4009812504
0,64,0.40068936504999997,0.5627568561,0.2721580463,0.3987015382
0,64,1.0356970826,0.52943529265,0.6944800542,0.3713162629
