82,626,0.6117167222,0.971408402,0.05163368030000004,0.22146690300000005,-1,-1,-1,-1
83,626,0.6130937476,0.9273598639,0.051633533499999995,0.25205602410000005,-1,-1,-1,-1
84,626,0.6127487198,0.8851597235,0.047159339399999944,0.24084550189999987,-1,-1,-1,-1
85,626,0.6192397397,0.8511486835,0.046027712699999945,0.214629725,-1,-1,-1,-1
86,626,0.6216001239,0.8165390526,0.04189707710000001,0.21672361810000007,-1,-1,-1,-1
87,626,0.6257309065,0.7945147182,0.04071681150000006,0.20353150390000008,-1,-1,-1,-1
88,626,0.6296586105,0.7707383562,0.03840668259999991,0.19890835500000004,-1,-1,-1,-1
89,626,0.6339062147,0.749054712,0.03415907839999999,0.18690872170000006,-1,-1,-1,-1
90,626,0.6435680228,0.7351851349,0.0337874534,0.17369963160000002,-1,-1,-1,-1
91,626,0.6543445588,0.7180013696,0.030442975799999994,0.1684280091999999,-1,-1,-1,-1
92,626,0.6632631169,0.7048042931,0.03267257860000006,0.16379284679999995,-1,-1,-1,-1
93,626,0.6695191711,0.687014363,0.031097911499999964,0.16329062589999999,-1,-1,-1,-1
94,626,0.6700555218,0.6727188252,0.031097911599999972,0.16329062589999999,-1,-1,-1,-1
95,626,0.6715067548,0.6570423756,0.029931458800000033,0.15561471540000005,-1,-1,-1,-1
96,626,0.6715066078,0.6405072144,0.027538452699999993,0.14304809210000002,-1,-1,-1,-1
97,626,0.6741115092,0.6279404605,0.02802866260000003,0.1404750912,-1,-1,-1,-1
98,626,0.6743849747,0.6148202973,0.027208413200000003,0.1361017469,-1,-1,-1,-1
99,626,0.6746584401,0.6036439877,0.02666148239999999,0.12589723359999994,-1,-1,-1,-1
100,626,0.6727748937,0.5939253725,0.024717394599999998,0.1234674818,-1,-1,-1,-1
101,626,0.6713777367,0.5829775826,0.02310701979999996,0.11837958920000002,-1,-1,-1,-1
102,626,0.6707751136,0.5735461186,0.023107019700000064,0.11763631269999997,-1,-1,-1,-1
103,626,0.6668581365,0.5645117566,0.021430666499999917,0.11044251329999999,-1,-1,-1,-1
104,626,0.6672587097,0.5550691931,0.020366046999999998,0.10819583850000003,-1,-1,-1,-1
105,626,0.6645156797,0.5479873032,0.02021528090000002,0.10426138259999995,-1,-1,-1,-1
106,626,0.6661517699,0.5415798727,0.01895860370000002,0.10211852100000007,-1,-1,-1,-1
107,626,0.6682389826,0.5348352778,0.01895860370000002,0.10211852100000007,-1,-1,-1,-1
108,626,0.6705159018,0.5283645147,0.017630511100000024,0.09948388509999995,-1,-1,-1,-1
109,626,0.6737415007,0.5219570843,0.018389484099999964,0.09678604710000005,-1,-1,-1,-1
110,626,0.6729911974,0.5158869488,0.018380814299999937,0.09172753560000002,-1,-1,-1,-1
111,626,0.6735516472,0.5088049283,0.01819977759999991,0.0913902406,-1,-1,-1,-1
112,626,0.6722234076,0.5030719573,0.017251244899999962,0.09037861660000002,-1,-1,-1,-1
113,626,0.6722234076,0.4973391169,0.016681978399999964,0.08565740020000001,-1,-1,-1,-1
114,626,0.6720335541,0.4921660844,0.016678598599999983,0.08813246409999997,-1,-1,-1,-1
115,626,0.6703645481,0.4868847989,0.01683303820000004,0.0859945647,-1,-1,-1,-1
116,626,0.6693772218,0.4818262874,0.015923005300000015,0.08397118619999999,-1,-1,-1,-1
117,626,0.6668882603,0.4760341625,0.015923005300000015,0.0819476771,-1,-1,-1,-1
118,626,0.6682386887,0.4717092645,0.015164032299999963,0.08026159360000001,-1,-1,-1,-1
119,626,0.6678591287,0.467999672,0.014215352600000064,0.07790105070000003,-1,-1,-1,-1
120,626,0.6680489822,0.464964539,0.014215352600000064,0.07790105069999997,-1,-1,-1,-1
121,626,0.6683277377,0.4619913021,0.013740865800000002,0.07594897039999998,-1,-1,-1,-1
122,626,0.6686066401,0.45877035,0.013740865800000002,0.07471013260000003,-1,-1,-1,-1
123,626,0.6704190648,0.4543106906,0.013461816500000001,0.07347129479999998,-1,-1,-1,-1
124,626,0.6716736848,0.4503465925,0.013183061100000004,0.071241204,-1,-1,-1,-1
125,626,0.6755771428,0.4483644782,0.013183061100000004,0.0712412039,-1,-1,-1,-1
126,626,0.6786440406,0.4446479648,0.013182914099999943,0.06529499149999995,-1,-1,-1,-1
127,626,0.6829655583,0.4424181351,0.012207196599999914,0.06603826799999996,-1,-1,-1,-1
128,626,0.6861719073,0.4399404595,0.012207049599999964,0.06455171490000006,-1,-1,-1,-1
129,626,0.6890993539,0.4374629145,0.012346500799999993,0.06430386900000001,-1,-1,-1,-1
130,626,0.6932815674,0.4347376542,0.012067745399999996,0.06430386900000001,-1,-1,-1,-1
131,626,0.6966272206,0.4322599786,0.011788989899999991,0.06009179440000001,-1,-1,-1,-1
132,626,0.701367092,0.4295345877,0.012105510299999955,0.060091794399999954,-1,-1,-1,-1
133,626,0.704519512,0.4268091968,0.010588152000000073,0.058852956600000006,-1,-1,-1,-1
134,626,0.7076403388,0.4253226437,0.011370636300000014,0.05959623310000001,-1,-1,-1,-1
135,626,0.7093131654,0.42383596,0.011370636300000014,0.059844078999999994,-1,-1,-1,-1
136,626,0.7107070896,0.421110569,0.010952576600000041,0.060339640400000005,-1,-1,-1,-1
137,626,0.7133700344,0.4183800854,0.01111877189999999,0.05833885259999999,-1,-1,-1,-1
138,626,0.7133700344,0.4167417952,0.011426034799999929,0.057246659199999994,-1,-1,-1,-1
139,626,0.7164426631,0.4146465963,0.010401825199999992,0.05606540830000001,-1,-1,-1,-1
140,626,0.7162378212,0.4122803077,0.010094562299999943,0.05479105209999996,-1,-1,-1,-1
141,626,0.7162378212,0.4108240498,0.010380665000000011,0.05460901980000005,-1,-1,-1,-1
142,626,0.7162378212,0.408275729,0.010094562299999943,0.05515498590000001,-1,-1,-1,-1
143,626,0.7159305583,0.4059093098,0.009684878499999994,0.05369872799999997,-1,-1,-1,-1
144,626,0.7161354002,0.4045944729,0.010094562300000054,0.0526472764,-1,-1,-1,-1
145,626,0.7151111907,0.402268665,0.010094562300000054,0.05151447169999995,-1,-1,-1,-1
146,626,0.7152136116,0.4006303748,0.009992141400000043,0.05078634269999999,-1,-1,-1,-1
147,626,0.714394244,0.3980819234,0.009582457500000086,0.05005821370000002,-1,-1,-1,-1
148,626,0.714394244,0.3968076977,0.009582457500000086,0.050058213699999965,-1,-1,-1,-1
149,626,0.7128101724,0.3949873753,0.009630214800000036,0.04933021529999998,-1,-1,-1,-1
150,626,0.7107070896,0.3938951818,0.009172773700000025,0.04878411869999999,-1,-1,-1,-1
151,626,0.7080441448,0.3926210867,0.009974948700000041,0.047327730099999965,-1,-1,-1,-1
152,626,0.707429619,0.390618732,0.008967931799999995,0.04659960119999995,-1,-1,-1,-1
153,626,0.7078393028,0.3889804418,0.008763089900000076,0.04605350449999995,-1,-1,-1,-1
154,626,0.7072247771,0.3866140227,0.008763089899999965,0.0460535044,-1,-1,-1,-1
155,626,0.70753204,0.385339797,0.008763089899999965,0.0451434738,-1,-1,-1,-1
156,626,0.7066290604,0.3840023693,0.008576028400000046,0.04388570150000004,-1,-1,-1,-1
157,626,0.7068547686,0.3830548614,0.008457884200000043,0.0438970622,-1,-1,-1,-1
158,626,0.7072102295,0.3819180087,0.008259654900000024,0.0438970622,-1,-1,-1,-1
159,626,0.7073930296,0.3803457934,0.008259654900000024,0.0430870579,-1,-1,-1,-1
160,626,0.7081240831,0.3792630019,0.008259654900000024,0.042121399000000004,-1,-1,-1,-1
161,626,0.7081240831,0.3777470676,0.007772383900000013,0.041904893,-1,-1,-1,-1
162,626,0.7087941542,0.3765560231,0.007955183999999949,0.0411468606,-1,-1,-1,-1
163,626,0.7083677186,0.3748234522,0.00783336619999997,0.0406054649,-1,-1,-1,-1
164,626,0.7085505187,0.3737405301,0.0076505661000000336,0.04038908939999997,-1,-1,-1,-1
165,626,0.7075756828,0.3727659917,0.0076505660999999225,0.03952280389999996,-1,-1,-1,-1
166,626,0.7075756828,0.3717914532,0.007345948299999905,0.03963105699999997,-1,-1,-1,-1
167,626,0.7074537181,0.3711418044,0.007406930599999972,0.03887302460000003,-1,-1,-1,-1
168,626,0.7071232378,0.3698425069,0.007250139900000008,0.03833162870000001,-1,-1,-1,-1
169,626,0.7071232378,0.3685432093,0.007432793100000001,0.03833162880000002,-1,-1,-1,-1
170,626,0.7064530198,0.366810769,0.007250139900000008,0.0382231146,-1,-1,-1,-1
171,626,0.7064530198,0.3660527366,0.007310975300000022,0.037465212800000036,-1,-1,-1,-1
172,626,0.706331202,0.3650781981,0.007310975300000022,0.037465212800000036,-1,-1,-1,-1
173,626,0.7070012731,0.3645368024,0.007310975299999911,0.03746521279999998,-1,-1,-1,-1
174,626,0.7083415623,0.363887023,0.0071283221000000285,0.03605766220000001,-1,-1,-1,-1
175,626,0.7093773805,0.3629124845,0.00694552209999999,0.03486661769999999,-1,-1,-1,-1
176,626,0.7106566873,0.3619379461,0.007067486700000014,0.03389207909999997,-1,-1,-1,-1
177,626,0.7112050876,0.3605960786,0.006423277999999977,0.03342420140000002,-1,-1,-1,-1
178,626,0.7119884536,0.3593430072,0.00673656570000003,0.03369098189999997,-1,-1,-1,-1
179,626,0.711675166,0.3587862027,0.0066582437000000105,0.035083123699999996,-1,-1,-1,-1
180,626,0.7109610113,0.3576723326,0.0071374327000000015,0.03508312370000005,-1,-1,-1,-1
181,626,0.7093252149,0.356558593,0.0066582437000000105,0.034387117999999994,-1,-1,-1,-1
182,626,0.7080719174,0.3561409896,0.006501599999999996,0.03313417730000001,-1,-1,-1,-1
183,626,0.7065836543,0.3551664511,0.006344809100000015,0.033273378500000006,-1,-1,-1,-1
184,626,0.7055657634,0.3546486908,0.00642269019999997,0.03260257529999999,-1,-1,-1,-1
185,626,0.7058787571,0.3533567059,0.006188018399999939,0.0328556445,-1,-1,-1,-1
186,626,0.7058787571,0.3525784332,0.0062607564000000115,0.032696594800000034,-1,-1,-1,-1
187,626,0.7064290677,0.3517432264,0.00658330159999998,0.03245775909999998,-1,-1,-1,-1
188,626,0.7065401584,0.3506912524,0.0062607564000000115,0.0318940338,-1,-1,-1,-1
189,626,0.7065401584,0.3499397492,0.006162449900000033,0.03151834730000003,-1,-1,-1,-1
190,626,0.705609847,0.3491131609,0.00620491710000004,0.030766844100000024,-1,-1,-1,-1
191,626,0.7053560723,0.3484368732,0.0064163716000000814,0.030466242799999987,-1,-1,-1,-1
192,626,0.7046373622,0.3481680035,0.006585505800000058,0.030434511200000014,-1,-1,-1,-1
193,626,0.70417228,0.3473414152,0.006881453800000048,0.029983609199999983,-1,-1,-1,-1
194,626,0.7041299597,0.3465900425,0.006669999400000015,0.02968287740000003,-1,-1,-1,-1
195,626,0.7043835875,0.345613023,0.005613021000000051,0.029758092899999977,-1,-1,-1,-1
196,626,0.7061594228,0.3444858333,0.005697661599999959,0.02968300800000001,-1,-1,-1,-1
197,626,0.7072587215,0.3440349314,0.005486207100000029,0.029457622299999986,-1,-1,-1,-1
198,626,0.7089922366,0.3435840294,0.005528527399999983,0.02938240670000003,-1,-1,-1,-1
199,626,0.7103876303,0.3431331275,0.005613021000000051,0.029457622199999978,-1,-1,-1,-1
200,626,0.7111488075,0.3428325262,0.005612874099999998,0.029081935900000022,-1,-1,-1,-1
201,626,0.7121212923,0.3419308528,0.0055283804000000325,0.02885641969999997,-1,-1,-1,-1
202,626,0.7125018809,0.3410291795,0.005443739900000022,0.02863090340000002,-1,-1,-1,-1
203,626,0.7131360973,0.3403528918,0.005443739899999911,0.028480472199999995,-1,-1,-1,-1
204,626,0.7130516037,0.3395263035,0.005401419600000068,0.02817987089999996,-1,-1,-1,-1
205,626,0.7135590062,0.3391506172,0.005359099400000011,0.02757866819999999,-1,-1,-1,-1
206,626,0.7137703137,0.3383237677,0.005392162100000042,0.02742862880000002,-1,-1,-1,-1
207,626,0.7138971276,0.3377976501,0.005147791900000032,0.027428628799999966,-1,-1,-1,-1
208,626,0.7135869259,0.3375722644,0.005372765200000074,0.027052942400000002,-1,-1,-1,-1
209,626,0.7132629112,0.3368207612,0.0053592463000000645,0.026827556700000033,-1,-1,-1,-1
210,626,0.7136856732,0.3361444735,0.005147791800000023,0.026226223500000034,-1,-1,-1,-1
211,626,0.7134743657,0.3359190878,0.005147791800000023,0.026226223599999987,-1,-1,-1,-1
212,626,0.7142355429,0.3355432709,0.005147791800000023,0.02622622349999998,-1,-1,-1,-1
213,626,0.715250348,0.3349420683,0.004840969800000039,0.02630143909999999,-1,-1,-1,-1
214,626,0.7156307896,0.3341203116,0.005401419699999965,0.0271231958,-1,-1,-1,-1
215,626,0.7165186339,0.3337397937,0.004978657599999936,0.026151138399999996,-1,-1,-1,-1
216,626,0.7168567553,0.3330633754,0.004344588099999935,0.02577545220000005,-1,-1,-1,-1
217,626,0.7165608072,0.3327627741,0.004344588199999944,0.024798563200000012,-1,-1,-1,-1
218,626,0.7155038288,0.3320864865,0.004441425200000015,0.025174249500000023,-1,-1,-1,-1
219,626,0.7146159846,0.3318609702,0.004217627299999971,0.025174249500000023,-1,-1,-1,-1
220,626,0.7134320454,0.3311094669,0.004403513299999995,0.02539976580000003,-1,-1,-1,-1
221,626,0.713093924,0.3308089962,0.004175306999999906,0.02539976580000003,-1,-1,-1,-1
222,626,0.7126439771,0.3301549076,0.004751920899999984,0.02530235110000001,-1,-1,-1,-1
223,626,0.7122905734,0.3293813359,0.004724882899999949,0.024873517600000006,-1,-1,-1,-1
224,626,0.7121186473,0.3290055189,0.00468535460000008,0.02427244559999997,-1,-1,-1,-1
225,626,0.7117831709,0.3284043163,0.004555748699999973,0.024272445600000025,-1,-1,-1,-1
226,626,0.7116986773,0.3281789306,0.004555748699999973,0.024272445600000025,-1,-1,-1,-1
227,626,0.7116140367,0.3278783293,0.004682562599999995,0.024272445600000025,-1,-1,-1,-1
228,626,0.7117831709,0.327502643,0.004682562599999995,0.023821543599999995,-1,-1,-1,-1
229,626,0.7116986773,0.3269765254,0.00464024229999993,0.02367137359999999,-1,-1,-1,-1
230,626,0.7118254912,0.3266759241,0.004724735899999999,0.023521072899999995,-1,-1,-1,-1
231,626,0.7117409975,0.3264504078,0.004724736000000007,0.023521072899999995,-1,-1,-1,-1
232,626,0.7116986773,0.3264504078,0.004724735899999999,0.023521072899999995,-1,-1,-1,-1
233,626,0.7117831709,0.3259244208,0.004555748699999973,0.022995085999999998,-1,-1,-1,-1
234,626,0.7116140367,0.3254735189,0.004555748699999973,0.022919870300000034,-1,-1,-1,-1
