0,64,1.06205455945,0.7129277105,0.7137634563,0.5210927576
0,64,1.0691877063000002,0.73551505205,0.7181802926,0.5125062941
0,64,1.0711050501000001,0.72447977165,0.7237853786,0.5148131675
0,64,0.91167404925,1.58326865135,0.6359965133,1.1787812563
0,64,1.0840928942499999,0.51726929695,0.7261789725,0.3610668291
0,64,1.07342884495,0.4820983564,0.7177682577,0.333234047
0,64,1.0792523652500001,0.48275198794999996,0.7217529765,0.3325457457
0,64,1.0619889238,0.48233262179999997,0.7101040256,0.332216808
0,64,1.0721388110999999,0.48134639609999996,0.7170508702,0.332743709
0,64,1.07342884495,0.4820983564,0.7177682577,0.333234047
0,64,1.0792523652500001,0.48275198794999996,0.7217529765,0.3325457457
0,64,1.07342884495,0.4820983564,0.7177682577,0.333234047
0,64,1.0792523652500001,0.48275198794999996,0.7217529765,0.3325457457
0,64,1.0619889238,0.48233262179999997,0.7101040256,0.332216808
0,64,1.0721388110999999,0.48134639609999996,0.7170508702,0.332743709
0,64,1.07342884495,0.4820983564,0.7177682577,0.333234047
0,64,1.0619889238,0.48233262179999997,0.7101040256,0.332216808
0,64,1.0721388110999999,0.48134639609999996,0.7170508702,0.332743709
0,64,1.0619889238,0.48233262179999997,0.7101040256,0.332216808
0,64,1.0721388110999999,0.48134639609999996,0.7170508702,0.332743709
0,64,1.0786658326,0.5342007113,0.7216364488,0.3716950832
0,64,1.08588019125,0.5252754511,0.7262095371,0.3589210946
0,64,1.0831410552,0.53252742495,0.7258285076,0.3747729167
0,64,1.06335823475,0.47195848149999997,0.7106890153,0.3246482364
0,64,1.1093341492,0.5771466746,0.7437198468,0.4121110726
0,64,1.1167661340500001,0.5758154496000001,0.7486035777,0.4090398988
0,64,1.0534606527,0.7371188683500001,0.7117204252,0.5326264719
0,64,1.0430497169,0.7476073990500001,0.7033748072,0.5296032219
0,64,1.0571990911,0.74100017705,0.7212827512,0.5247447631
0,64,1.00973770535,0.586121034,0.6799521487,0.4064807396
0,64,1.0109230405,0.5785140058,0.6786541798,0.401127503
0,64,1.0097889159,0.57585240445,0.6791728972,0.3983809577
0,64,1.00631373025,0.55443123155,0.6748484405,0.3932587219
0,64,1.0998251642999999,0.52027446125,0.7390193568,0.3580664311
0,64,1.03694325325,0.47983535869999994,0.6930272049,0.3299767928
0,64,0.9800777281999999,0.7083514408,0.6615711874,0.516373761
0,64,0.9805149643000001,0.7493286745000001,0.6580978386,0.5089517032
0,64,0.9963141681,0.69049524,0.6731557762,0.503598989
0,64,0.97911986455,0.69593746865,0.6602194365,0.5004591287
0,64,1.06361560965,0.45689244065,0.7107144369,0.3123668057
0,64,1.0668068967,0.45817156315,0.7126939386,0.3126787677
0,64,1.05903039825,0.45656624515,0.7077124889,0.3115859213
0,64,1.0571846168999999,0.46034667875,0.7057475348,0.3112050117
0,64,1.0623861173,0.44316859370000006,0.7093099326,0.3011824
0,64,1.07150327215,0.50928925945,0.7171114117,0.3552989925
0,64,1.0750827889999999,0.51063941895,0.7194676814,0.3554633961
0,64,1.0890444404,0.60665587705,0.733330365,0.4198068317
0,64,1.0896930575,0.6139741216,0.7305054864,0.4372539822
0,64,1.0139887067,0.51671995385,0.6789188628,0.3605667251
0,64,1.03469344545,0.5189668717,0.6932521783,0.3591109618
0,64,1.03646119875,0.51440019985,0.6939451729,0.3612523871
0,64,1.03828905285,0.5217446262500001,0.6960547213,0.3568171467
0,64,1.0370759449,0.52645924825,0.6935885364,0.3531262275
0,64,1.0298401322,0.5162645939,0.6895444516,0.3569579148
0,64,1.0369052813,0.51664069665,0.6945502918,0.3581289475
0,64,1.0369052813,0.51664069665,0.6945502918,0.3581289475
0,64,1.030307933,0.516293975,0.6898831608,0.3561592712
0,64,1.05791346615,0.44765717715,0.7063244425,0.3044982857
0,64,1.05652211355,0.44719628555,0.7053908983,0.3040264905
0,64,1.0593372938,0.44675001935,0.7072147848,0.3036797935
0,64,1.069294903,0.44963504755,0.7137253484,0.3041999043
0,64,1.0704382656,0.43380908085000003,0.7143944986,0.2930390035
0,64,1.0270780727,0.5108642823,0.6871705484,0.3495156166
0,64,1.0326787503,0.5104616959,0.6911360174,0.3500029512
0,64,1.0416317671000002,0.49465616535,0.697274956,0.3390095879
0,64,1.0474206083,0.4948688846,0.701614695,0.339221393
0,64,1.0423454075,0.4939097549,0.6970629138,0.3368510564
0,64,1.0416317671000002,0.49465616535,0.697274956,0.3390095879
0,64,1.0474206083,0.4948688846,0.701614695,0.339221393
0,64,1.0423454075,0.4939097549,0.6970629138,0.3368510564
0,64,1.0473907784,0.49404562605,0.7009340438,0.3382800225
0,64,1.0473907784,0.49404562605,0.7009340438,0.3382800225
0,64,1.02795078155,0.59396160925,0.6900991705,0.4216364255
0,64,1.0080554742499999,0.6479749762,0.6792041965,0.4701563754
0,64,1.04390589445,0.54138987495,0.7012004559,0.3814917869
0,64,1.0408511196,0.5440155007,0.6970984746,0.381310277
0,64,1.0738568969,0.462041707,0.717936951,0.317020772
0,64,1.00132500685,0.5320101217,0.6717192379,0.3721572152
0,64,1.0632240001,0.49934512789999996,0.711887943,0.3455086874
0,64,1.0692494234,0.50632529395,0.7147291326,0.3409492629
0,64,1.0759970834,0.49623157995,0.720459563,0.3441904553
0,64,1.0670953505,0.4969906571,0.7142024802,0.3448715746
0,64,1.06205644525,0.5385023657,0.7110604933,0.372366017
0,64,1.0677060557,0.52837372085,0.715611099,0.3719293485
0,64,1.05142075645,0.5139673836,0.7046661635,0.3588341266
0,64,1.066216323,0.51781976825,0.7146574232,0.3613242075
0,64,1.07271601275,0.51786377455,0.7179539967,0.3619964471
0,64,1.0506966829,0.49390955895,0.7035627504,0.3417973973
0,64,1.05767673715,0.49464597995000004,0.7075311583,0.3410876805
0,64,1.0543180792,0.5021881738,0.7058687648,0.3481749244
0,64,0.67813781365,0.774851645,0.4622176885,0.5753463314
0,64,0.6551683347499999,0.8043045663,0.4470761389,0.5917770264
0,64,0.58223976555,0.859766748,0.4049219073,0.6296239324
0,64,0.74973806975,0.76456160005,0.5085003515,0.5667610431
0,64,0.9093312984999999,0.582564419,0.6121226834,0.412775216
0,64,0.94257858055,0.51833308875,0.6318162101,0.3636104489
0,64,0.95020791305,0.51767005525,0.6363787183,0.3623509791
0,64,0.6504724001,0.8750743016,0.4468454346,0.6490572454
0,64,0.77390992955,0.5471794535000001,0.5220782549,0.3777771016
0,64,0.8215300897,0.5237603657,0.5522717174,0.3621045696
0,64,0.40452309745000004,0.5956883039,0.2755920137,0.4240273942
0,64,-0.01793854535,0.8501330115,0.0044275389,0.6260942828
0,64,0.7639875138,0.64806298895,0.5156803984,0.4671608089
0,64,0.7306412639000001,0.53284330445,0.4905711004,0.3722338673
0,64,0.739981335,0.53289788795,0.4968916636,0.3725906191
0,64,0.7152132443,0.54800036145,0.479930342,0.3841214607
0,64,0.7196687027500001,0.54628613745,0.4836705437,0.3849369495
0,64,0.77518850155,0.51082497695,0.5198781881,0.3563419563
0,64,1.05921275755,0.4695163244,0.7079705251,0.3211292946
0,64,1.0738420553999999,0.44508972595,0.7168078224,0.3018355745
0,64,1.07331261105,0.44492715055,0.7167161285,0.3021878865
0,64,0.7543697893000001,0.49771193045,0.504716507,0.3407967423
0,64,0.7630265642,0.49815708680000004,0.5111995918,0.3423937684
0,64,1.0498240476,0.47756184915,0.7018054302,0.3258290955
0,64,1.05455671855,0.4772474714,0.7056439383,0.326138707
0,64,1.050028118,0.46943281675000004,0.7013222002,0.3221654681
0,64,1.06028171195,0.45408582725,0.7083759475,0.3091745817
0,64,1.06397885865,0.45400675955,0.7106439031,0.3095714225
0,64,1.06746976745,0.4448037499,0.7125034973,0.3024738626
0,64,1.06423344165,0.44440632150000003,0.7104973985,0.3027777284
0,64,1.064781548,0.4424869522,0.7104271586,0.29713721
0,64,1.06323443315,0.45198827785,0.7098818441,0.3078120821
0,64,1.06324324985,0.44909835275,0.7100928577,0.3054161513
0,64,1.07693518295,0.4564828681,0.7199093993,0.3119712708
0,64,1.0612954884,0.43710133114999994,0.7087294982,0.2963017421
0,64,1.0638397014,0.43731300559999997,0.7101939562,0.29632368
0,64,1.0713056306,0.4316871777,0.7151117784,0.2919738406
0,64,1.0639709971,0.43353400845,0.7102934382,0.2934938229
0,64,1.0654624931,0.4340302226,0.7108879794,0.2933890956
0,64,1.06732576095,0.4337002402,0.7124226773,0.293124274
0,64,1.06867905475,0.43405771025000006,0.7134064769,0.2930478831
0,64,1.0751535432,0.4324211176,0.7174937636,0.2917854098
0,64,1.06261013565,0.4340719437,0.7091325695,0.293291028
0,64,1.06031697885,0.43494430130000006,0.7078149099,0.2930002204
0,64,1.0711270657,0.43857536924999996,0.7148386384,0.2961593339
0,64,1.0586441522499999,0.43440688829999996,0.7065732211,0.2938640248
0,64,1.0715499365499999,0.44542700464999996,0.7152512113,0.3027324163
0,64,1.0686234359,0.4459222558,0.7131271336,0.3003047538
0,64,1.06811720895,0.4477665401,0.7133046437,0.3052678094
0,64,1.07184954905,0.4547411564,0.7159633271,0.311238702
0,64,1.0691752159,0.4497879599,0.7141863162,0.3066932498
0,64,1.0478667624,0.4638579805,0.6999890074,0.3179034232
0,64,1.0707440052,0.45332629314999995,0.7151388164,0.3094909835
0,64,1.0435110973,0.4846760784,0.6977348274,0.3338473636
0,64,1.06288889105,0.44630199020000005,0.7095933903,0.3029999802
0,64,1.07359467285,0.44919224165000005,0.7170671811,0.3056329185
0,64,1.0598834165,0.44592493275,0.7076375468,0.3032265411
0,64,1.0586375397,0.45066475715,0.7070193474,0.3062739489
0,64,1.0579868322000001,0.44994574575,0.706242404,0.3022843481
0,64,1.0407305509,0.47856700929999996,0.695508966,0.3297028304
0,64,1.07492614525,0.43881908085,0.7174269035,0.2975361401
0,64,1.07355354545,0.4385731476,0.7166917961,0.2971365264
0,64,1.05823173115,0.44377853805,0.7062884409,0.3010164397
0,64,1.0673802776499999,0.44112791305,0.7126848279,0.2994003383
0,64,1.09685789555,0.4715165897,0.7334900947,0.325669654
0,64,0.9111962909,0.60150096475,0.614091507,0.4343090613
0,64,1.34091211665,0.86855261125,0.9003896699,0.6101893135
0,64,1.26065383225,0.8286673405,0.8535498849,0.6141246604
0,64,1.2276807546500002,0.7915976972500001,0.8273408993,0.5694706335
0,64,1.21776825765,0.76484809845,0.8243661363,0.5546176383
0,64,0.9249858344,0.8918620641,0.636799423,0.6411180802
0,64,0.24717346815000002,0.8521653349,0.1779139423,0.5976263466
0,64,0.2627983947,0.8616341455,0.190656608,0.6061197046
0,64,0.23475125375,0.86877166365,0.1768051657,0.6319724617
0,64,0.23475125375,0.86877166365,0.1768051657,0.6319724617
0,64,0.31027737710000003,0.8576209482499999,0.2253478492,0.6028112621
0,64,0.37394742999999997,0.8987246513,0.2601642144,0.6585495608
0,64,0.61743701335,0.600806557,0.4175421675,0.428709697
0,64,0.6257806475000001,0.6041693218,0.4221749156,0.4295456872
0,64,0.60327397325,0.61282440645,0.4077276831,0.4293384525
0,64,0.7550564652,0.5402566133,0.5080756792,0.3815047146
0,64,0.6942818983,0.5376187126499999,0.4673512266,0.3792411945
0,64,0.7005153963999999,0.5409564058,0.4715272684,0.3800066702
0,64,0.35260669415,0.7006816676500001,0.2443068937,0.5125254897
0,64,0.3403420419,0.70264386815,0.2365809446,0.5114976735
0,64,0.54311047885,0.61610823425,0.3699691767,0.4345046947
0,64,1.07643064595,0.58370055355,0.7226512539,0.4160255493
0,64,0.7144962241,0.76436918645,0.4875884024,0.5668865331
0,64,1.3618378786499998,0.7553708652,0.9215333519,0.5510857688
0,64,0.5218379991,0.8029872484,0.3635617688,0.592622941
0,64,0.7182007180000001,0.6363006895500001,0.4859170452,0.4493855041
0,64,0.77701187375,0.7534099705499999,0.5267227587,0.5485392761
0,64,0.7952816709,0.75639894255,0.5408652264,0.5502740669
0,64,0.71579265005,0.76343800145,0.4883597189,0.5666825629
0,64,0.98947011195,1.0633203203500001,0.6712362283,0.7422603651
0,64,1.0083560511,1.0578340853,0.6928341186,0.7945541542
0,64,1.04680343755,1.0994680192000001,0.7131748909,0.803386766
0,64,0.38563421940000003,0.74631809105,0.2682407754,0.5288198565
0,64,0.40519684224999997,0.7118537986,0.2782890499,0.5147375602
0,64,0.45145852725,0.701848738,0.3050429295,0.4883881412
0,64,0.4309510755,0.7223502426499999,0.2953328262,0.5125608123
0,64,0.48305704655000004,0.5873983936,0.3272062973,0.4082151386
0,64,0.491622201,0.58574084255,0.3320731294,0.4066819675
0,64,0.4598094735,0.5668587843,0.3102768628,0.4015619516
0,64,0.47739428455,0.56747546095,0.3216248695,0.4019287583
0,64,0.66306532845,0.5420841177,0.4480733105,0.3759476384
0,64,0.66550212425,0.54078971695,0.4485179673,0.3743120905
0,64,1.01148503335,0.8327265373999999,0.6856239479,0.6111698588
0,64,0.992766318,0.8537545913,0.6713703894,0.605871467
0,64,0.9720274705,0.8303150672999999,0.6633818488,0.6173307492
0,64,0.27309449264999996,0.7630627721000001,0.1908073005,0.5533519004
0,64,0.6863502256,0.5326190287,0.4613182356,0.3658508558
0,64,0.749839903,0.5128227612,0.5038595214,0.3571703728
0,64,0.044606750599999995,0.8808516706,0.0495407368,0.6376545054
0,64,0.06006662065,0.8665219854499999,0.0563894953,0.6335971713
0,64,0.6474660438,0.5272936715,0.4356972736,0.3695247992
0,64,0.6555733163499999,0.52470023435,0.4405138505,0.3698372835
0,64,0.6171976524,0.5228263797,0.4144677754,0.3646795946
0,64,0.6697295969,0.49522184950000003,0.449681775,0.345166822
0,64,0.6647750383,0.6155136913,0.4480644938,0.4275717996
0,64,0.65502462215,0.6162337894500001,0.4423800573,0.4280018083
0,64,0.6405126603,0.61764316825,0.433688089,0.4298103783
0,64,0.55549819785,0.6609076227,0.3767953791,0.4607280454
0,64,0.54787106955,0.66276222305,0.3708307177,0.4615061875
0,64,0.6743723374,0.50073377665,0.4520633194,0.3467368827
0,64,0.5441719390499999,0.5685241050500001,0.3667043435,0.3956760683
0,64,0.51518519235,0.79755886145,0.3574262099,0.5731675595
0,64,0.53166475345,0.7868601579500001,0.3665695945,0.5715382795
0,64,0.56363125935,0.80623849565,0.3873517909,0.5836041183
0,64,0.5878026047,0.7895561678,0.406338902,0.5711850534
0,64,0.6039919486,0.8113872397499999,0.4167233876,0.5960698011
0,64,0.32133299915,0.6069249426,0.2215437997,0.4229205754
0,64,0.38292043145,0.6230545141,0.2615759191,0.4243373974
0,64,0.38468928690000004,0.61719540025,0.2615028872,0.4369253057
0,64,0.1896301208,0.64571674475,0.1322273634,0.4575218491
0,64,0.18703109704999998,0.64777433595,0.1318912991,0.4620293017
0,64,0.17920151475,0.59666121005,0.1243958339,0.4180340413
0,64,0.21721475105,0.6727163442,0.1539408263,0.491960025
0,64,0.56519820535,0.65610531445,0.3843191761,0.4546901639
0,64,0.55927124185,0.6287467433,0.3795902319,0.452631441
0,64,0.48248146135000003,0.570944259,0.3261459391,0.4015994288
0,64,0.1984599163,0.6047552012,0.1365862002,0.42516046
0,64,0.1772123881,0.6646145382499999,0.1275916028,0.4811536561
0,64,0.1282809973,0.6217150624000001,0.0912091668,0.4464248032
0,64,0.16872588625,0.6181124171,0.1175173925,0.441017636
0,64,1.08424086825,0.49430117640000004,0.7255817863,0.3430358434
0,64,1.0699788604,0.5770599025,0.7179822102,0.4087267616
0,64,1.07638259475,0.6202406534,0.7239767015,0.4468659114
0,64,1.0679491034,0.59585904065,0.717387669,0.4260951707
0,64,1.0531395035,0.59633168465,0.7077101378,0.4247662309
0,64,1.06147226375,0.6121102499,0.7143093095,0.4368432998
0,64,1.0633084202,0.63295777325,0.7155211684,0.4520452119
0,64,0.9474706139,0.8360087329,0.6419006332,0.621509917
0,64,0.91232068255,0.83223698295,0.6207387299,0.6155814637
0,64,1.0405132186000001,0.8460868422000001,0.706067582,0.622753064
0,64,0.84130659165,0.7440799040499999,0.5701323449,0.5204408889
0,64,0.89475613855,0.8682673810000001,0.6075391881,0.6292681498
0,64,0.9158089462500001,0.87299333615,0.6255445797,0.6291196221
0,64,0.82530599915,0.7723742306000001,0.5601382933,0.5430937176
0,64,0.6239409643,0.5279793611,0.420501942,0.3725044346
0,64,1.0540731947,0.53390481095,0.7065821848,0.3732302131
0,64,1.26620764935,0.8237682303,0.8581579073,0.610471714
0,64,0.6387776757,0.7933142717,0.4370143454,0.5800325516
0,64,0.62953238435,0.5320328431,0.4234285069,0.374275005
0,64,1.0711979195999999,0.5321799445000001,0.7187360402,0.375187125
0,64,0.20738810689999998,0.61247111515,0.143793584,0.4337316453
0,64,0.39490228715,0.59243124565,0.2679050051,0.4220369225
0,64,0.7056267457500001,0.5310637891500001,0.4754821573,0.3730206279
0,64,0.8275887227000001,0.53561270175,0.5589038048,0.3727057931
0,64,0.57557858285,0.596112567,0.3901847515,0.4250245234
0,64,0.95950948445,0.5224594358,0.6434680999,0.366961592
0,64,1.0560116985999999,0.47647781715,0.7060264372,0.3273810705
0,64,1.03691761125,0.4839690837,0.6932004535,0.3320791738
0,64,0.76073274625,0.4813258293,0.5104263651,0.3329441534
0,64,0.40068936504999997,0.5627568561,0.2721580463,0.3987015382
0,64,0.90440164705,0.47963680779999995,0.6048439381,0.331598499
