85,223,0.7341141719,0.3186329457,0.004801588400000001,0.02085287720000001,-1,-1,-1,-1
86,223,0.7338323306,0.318597166,0.004801588400000001,0.02085287720000001,-1,-1,-1,-1
87,223,0.7335504893,0.3185613864,0.004801588400000001,0.02085287720000001,-1,-1,-1,-1
88,223,0.733268648,0.3185256067,0.004801588400000001,0.02085287720000001,-1,-1,-1,-1
89,223,0.7317586369,0.3198136742,0.004801588400000001,0.02085287720000001,-1,-1,-1,-1
90,223,0.7310036313,0.3199210132,0.004603652999999985,0.02085287720000001,-1,-1,-1,-1
91,223,0.7303996857,0.3204577079,0.004603652899999977,0.02085287720000001,-1,-1,-1,-1
92,223,0.7301581074,0.3205113774,0.004603652899999977,0.02085287720000001,-1,-1,-1,-1
93,223,0.7290407344,0.320350369,0.004603653000000096,0.020852877199999953,-1,-1,-1,-1
94,223,0.7290088473,0.3205777134,0.004603652899999977,0.020852877199999953,-1,-1,-1,-1
95,223,0.7275630513,0.3208061025,0.005176005399999961,0.020852877199999953,-1,-1,-1,-1
96,223,0.7272738628,0.3209202317,0.005176005300000064,0.020852877300000017,-1,-1,-1,-1
97,223,0.7262136516,0.3219480479,0.005176005300000064,0.020852877300000017,-1,-1,-1,-1
98,223,0.7259246099,0.3222336322,0.005176005400000072,0.020852877300000017,-1,-1,-1,-1
99,223,0.7258695054,0.3222336322,0.005176005400000072,0.020852877300000017,-1,-1,-1,-1
100,223,0.7257043388,0.3226252497,0.005176005300000064,0.02127766259999997,-1,-1,-1,-1
101,223,0.7254289631,0.3226252497,0.005176005299999953,0.02127766259999997,-1,-1,-1,-1
102,223,0.7250330921,0.323065705,0.0047182703999999465,0.021277662700000033,-1,-1,-1,-1
103,223,0.7247026119,0.3238977778,0.00452562490000008,0.02127766259999997,-1,-1,-1,-1
104,223,0.7238764847,0.3244361701,0.004525624999999978,0.020983982300000037,-1,-1,-1,-1
105,223,0.7236836924,0.3242893952,0.00452562490000008,0.02098398220000003,-1,-1,-1,-1
106,223,0.7233257333,0.3242893952,0.004525624899999969,0.02098398220000003,-1,-1,-1,-1
107,223,0.7225545638,0.3244852692,0.004681533999999932,0.022207411300000035,-1,-1,-1,-1
108,223,0.7225820426,0.3246320442,0.004681533999999932,0.02220741119999997,-1,-1,-1,-1
109,223,0.7221966047,0.3250236616,0.00468153409999994,0.02220741119999997,-1,-1,-1,-1
110,223,0.7222270224,0.3251854535,0.00468153409999994,0.02220741129999998,-1,-1,-1,-1
111,223,0.7219500303,0.3258326212,0.004624666199999905,0.022677508899999976,-1,-1,-1,-1
112,223,0.7217072765,0.3259945437,0.004624666100000008,0.023054892800000004,-1,-1,-1,-1
113,223,0.7217375473,0.326102405,0.004624666100000008,0.023054892800000004,-1,-1,-1,-1
114,223,0.7214643757,0.3263720582,0.004916352800000023,0.023054892800000004,-1,-1,-1,-1
115,223,0.7214036873,0.3277205855,0.004916352799999912,0.023054892699999996,-1,-1,-1,-1
116,223,0.7213732696,0.3283139531,0.004916352799999912,0.022892970299999982,-1,-1,-1,-1
117,223,0.7212823104,0.3276905515,0.0050073119999999305,0.0235163719,-1,-1,-1,-1
118,223,0.7214383664,0.3277600214,0.0053586584999999465,0.024150089699999988,-1,-1,-1,-1
119,223,0.7210482263,0.3278650099,0.0053586585000000575,0.024599816399999974,-1,-1,-1,-1
120,223,0.7209192082,0.328476398,0.0053586585000000575,0.024661581900000007,-1,-1,-1,-1
121,223,0.7209192082,0.328782092,0.0053586585000000575,0.02466158189999995,-1,-1,-1,-1
122,223,0.7206242888,0.3291751458,0.0053586585000000575,0.02466158199999996,-1,-1,-1,-1
123,223,0.721250864,0.3291751458,0.0053586584999999465,0.025064168399999975,-1,-1,-1,-1
124,223,0.7222828617,0.3296991741,0.0053586584999999465,0.025064168300000023,-1,-1,-1,-1
125,223,0.7234991289,0.3302232023,0.0053586584999999465,0.025064168399999975,-1,-1,-1,-1
126,223,0.7234255093,0.3304851512,0.005358658399999938,0.02558832710000003,-1,-1,-1,-1
127,223,0.7229464672,0.3309437575,0.0053586584999999465,0.025588327199999983,-1,-1,-1,-1
128,223,0.7229464672,0.3309437575,0.0053586584999999465,0.026112224900000036,-1,-1,-1,-1
129,223,0.7216918472,0.3314677858,0.005839316999999955,0.026112224799999972,-1,-1,-1,-1
130,223,0.721660254,0.3322538935,0.005702216800000048,0.026112224799999972,-1,-1,-1,-1
131,223,0.7211550556,0.3327592484,0.005963779699999949,0.026353019300000002,-1,-1,-1,-1
132,223,0.7213988381,0.3330687293,0.005963779699999949,0.026847927600000043,-1,-1,-1,-1
133,223,0.7215728214,0.3331306255,0.0059637797999999576,0.026847927599999988,-1,-1,-1,-1
134,223,0.721329039,0.3338731186,0.005963779699999949,0.026847927599999988,-1,-1,-1,-1
135,223,0.7204586813,0.3346775078,0.005963779699999949,0.026847927599999988,-1,-1,-1,-1
136,223,0.7190312535,0.3353581047,0.00596377970000006,0.026847927599999988,-1,-1,-1,-1
137,223,0.7174994945,0.3356055589,0.006416224700000028,0.026847927599999988,-1,-1,-1,-1
138,223,0.7170469026,0.3359149092,0.006416224699999917,0.027219435299999983,-1,-1,-1,-1
139,223,0.7154453445,0.3359149092,0.005928806700000067,0.027157539100000017,-1,-1,-1,-1
140,223,0.7139830907,0.3367745349,0.005928806699999956,0.027844795700000036,-1,-1,-1,-1
141,223,0.7130779069,0.3373833113,0.006177291400000007,0.027112357500000017,-1,-1,-1,-1
142,223,0.7131202272,0.3383602003,0.0059796497999999865,0.02787887779999998,-1,-1,-1,-1
143,223,0.7131624005,0.3392620042,0.006425041399999998,0.02787887779999998,-1,-1,-1,-1
144,223,0.7128827634,0.3397037654,0.006114398799999976,0.028802619599999968,-1,-1,-1,-1
145,223,0.7115158772,0.3404766842,0.006362883400000019,0.028802619600000023,-1,-1,-1,-1
146,223,0.710832434,0.3408632089,0.006362883500000027,0.029520302,-1,-1,-1,-1
147,223,0.7098383483,0.3414705489,0.006362883499999916,0.029520302,-1,-1,-1,-1
148,223,0.7099005062,0.3424090466,0.0057105927999999695,0.02952030189999999,-1,-1,-1,-1
149,223,0.7095410777,0.3429769506,0.006224020100000005,0.02952030189999999,-1,-1,-1,-1
150,223,0.7091045029,0.3432904796,0.005534552099999979,0.029788649300000025,-1,-1,-1,-1
151,223,0.7089174414,0.3443615186,0.00626296049999997,0.03013090659999995,-1,-1,-1,-1
152,223,0.7084314929,0.3456034904,0.008132253199999995,0.030302361599999994,-1,-1,-1,-1
153,223,0.709621016,0.3465149575,0.006494987399999985,0.030837358699999984,-1,-1,-1,-1
154,223,0.7085058473,0.3474928911,0.008404543000000042,0.03067021290000005,-1,-1,-1,-1
155,223,0.7091575502,0.3475700654,0.007926676599999904,0.03135133219999997,-1,-1,-1,-1
156,223,0.7092878908,0.3482650264,0.00844803890000001,0.03166016020000001,-1,-1,-1,-1
157,223,0.7095919208,0.3494232947,0.00844803890000001,0.030810850499999987,-1,-1,-1,-1
158,223,0.7118078577,0.3504272143,0.007579150700000037,0.032277946700000004,-1,-1,-1,-1
159,223,0.7122858711,0.3510450009,0.008534883699999996,0.03181463940000001,-1,-1,-1,-1
160,223,0.712956677,0.3514311338,0.007733737200000035,0.03305008209999999,-1,-1,-1,-1
161,223,0.7151726138,0.3520489204,0.007386064400000003,0.03320443089999997,-1,-1,-1,-1
162,223,0.7157808209,0.3529755351,0.007255723800000058,0.03320443079999996,-1,-1,-1,-1
163,223,0.7167800497,0.3539021497,0.006734508500000014,0.03359056379999997,-1,-1,-1,-1
164,223,0.7190393355,0.3558325533,0.005995813800000027,0.03281855909999998,-1,-1,-1,-1
165,223,0.7208642506,0.3562959912,0.006299843899999935,0.032663949199999986,-1,-1,-1,-1
166,223,0.7216462942,0.3564504705,0.009210979499999938,0.03220064189999999,-1,-1,-1,-1
167,223,0.7275986121,0.3583036998,0.007125530200000063,0.032663949100000034,-1,-1,-1,-1
168,223,0.7315089766,0.3597707961,0.006995042699999954,0.0340540017,-1,-1,-1,-1
169,223,0.7335075812,0.3600796241,0.006995042699999954,0.0340540017,-1,-1,-1,-1
170,223,0.7347676382,0.3598479704,0.008298448399999936,0.0340540017,-1,-1,-1,-1
171,223,0.7367662428,0.3607745851,0.007733590299999982,0.034054001599999995,-1,-1,-1,-1
172,223,0.7393295586,0.362473335,0.007733590299999982,0.0340540017,-1,-1,-1,-1
173,223,0.7416756891,0.361778374,0.007733590299999982,0.0340540017,-1,-1,-1,-1
