0,64,1.000554719,0.7714486606,0.681749732,0.5682371496
0,64,0.9869900406,0.8035276647,0.6658478868,0.5647243452
0,64,0.9690872397000001,0.7786841158,0.6559555214,0.5694638432
0,64,1.08536654355,0.49869384684999996,0.7266090817,0.3464163675
0,64,1.07651051075,0.47231249115,0.7196763439,0.3253228265
0,64,1.0695719686,0.47300993319999995,0.714720022,0.3250885612
0,64,1.06257406045,0.4734940684,0.7098974203,0.3253065036
0,64,1.06631609895,0.4727528159,0.7128535213,0.3255356762
0,64,1.07651051075,0.47231249115,0.7196763439,0.3253228265
0,64,1.0695719686,0.47300993319999995,0.714720022,0.3250885612
0,64,1.07651051075,0.47231249115,0.7196763439,0.3253228265
0,64,1.0695719686,0.47300993319999995,0.714720022,0.3250885612
0,64,1.06257406045,0.4734940684,0.7098974203,0.3253065036
0,64,1.06631609895,0.4727528159,0.7128535213,0.3255356762
0,64,1.07651051075,0.47231249115,0.7196763439,0.3253228265
0,64,1.06257406045,0.4734940684,0.7098974203,0.3253065036
0,64,1.06631609895,0.4727528159,0.7128535213,0.3255356762
0,64,1.06257406045,0.4734940684,0.7098974203,0.3253065036
0,64,1.06631609895,0.4727528159,0.7128535213,0.3255356762
0,64,1.073218713,0.518304687,0.7177985284,0.3592227406
0,64,1.07837532145,0.5099794541,0.7207762303,0.3472189286
0,64,1.07807063015,0.5146770350500001,0.7214487995,0.3596527493
0,64,1.05462313795,0.4622753847,0.7045224509,0.317105259
0,64,1.10793449405,0.5782504899500001,0.7424887381,0.4123092971
0,64,1.0484461404,0.7374903107499999,0.7086939374,0.5320468155
0,64,1.05129408955,0.7450631915,0.7077670057,0.528550595
0,64,1.05705633365,0.74037233555,0.7209972363,0.5247447631
0,64,1.00973770535,0.586121034,0.6799521487,0.4064807396
0,64,1.01167857335,0.5794176378,0.6801652455,0.401127503
0,64,1.0090783613,0.58085698535,0.677751788,0.3983809577
0,64,1.0025945417500002,0.55405574105,0.6727626973,0.3930083949
0,64,1.1000341942,0.5216138477500001,0.7390139198,0.3582910333
0,64,0.8579656465,0.9883306755999999,0.586543209,0.7372944368
0,64,0.8504042027500001,1.0847131569,0.5774829955,0.7472794406
0,64,1.07021779365,0.45188981855,0.7147423577,0.3084817101
0,64,1.07278566485,0.45279364645,0.7165109927,0.3084316969
0,64,1.0565097701,0.4521550972,0.7059825006,0.3081493772
0,64,1.05481541595,0.4559354655,0.7040006477,0.3076367096
0,64,1.06749048675,0.44015004469999996,0.7126574961,0.298712037
0,64,1.0430101151,0.53670574395,0.6986727008,0.3770459693
0,64,1.0490069576,0.53827906925,0.7028697558,0.3774629197
0,64,1.0582116185000001,0.7273306525500001,0.7114534254,0.5115642707
0,64,1.06014233425,0.7219072931499999,0.7158917647,0.5127685041
0,64,1.03379237615,0.52829981105,0.6926523471,0.3636389159
0,64,1.03477162035,0.52023939985,0.6926743889,0.3583478367
0,64,1.0350615437,0.51365777205,0.69275756,0.3606460917
0,64,1.03833203435,0.5221377454,0.6960207769,0.3568551462
0,64,1.0370759449,0.52645924825,0.6935885364,0.3531262275
0,64,1.02934353015,0.51772365935,0.6892905789,0.3579306251
0,64,1.0381722227,0.5168697223500001,0.6953949194,0.3582816313
0,64,1.0381722227,0.5168697223500001,0.6953949194,0.3582816313
0,64,1.0287802149499998,0.51626772795,0.6888646821,0.3561417731
0,64,1.0568259966,0.44461806140000004,0.7054773022,0.3020531252
0,64,1.0552180463999998,0.44504441375000003,0.7043251032,0.3026955919
0,64,1.0588774281,0.44401235370000003,0.7070488834,0.3018317876
0,64,1.05845180075,0.44634292784999996,0.7066093697,0.3020387611
0,64,1.0270755012000001,0.51047057555,0.6868985524,0.3492531455
0,64,1.0234848163999999,0.50838484385,0.6853349062,0.3564794599
0,64,1.0417201548,0.49308904275,0.697258939,0.3391660259
0,64,1.04741913885,0.4947603704,0.7016117561,0.339221393
0,64,1.04176489965,0.4931682411,0.6969290465,0.3354821582
0,64,1.0417201548,0.49308904275,0.697258939,0.3391660259
0,64,1.04741913885,0.4947603704,0.7016117561,0.339221393
0,64,1.04176489965,0.4931682411,0.6969290465,0.3354821582
0,64,1.0475931957,0.49414930875,0.7013653286,0.3382800225
0,64,1.0475931957,0.49414930875,0.7013653286,0.3382800225
0,64,1.01475758125,0.6380282983,0.6827357357,0.4573688062
0,64,0.81645202355,1.27109327985,0.5672535373,0.9813493995
0,64,1.07898712875,0.6161710445499999,0.7291408043,0.4421247159
0,64,1.0754267147999998,0.6183445276999999,0.722610403,0.4415837118
0,64,0.7511081154,0.57687950255,0.505979209,0.4094474473
0,64,1.0612785897500001,0.51659490275,0.7116372541,0.3576710267
0,64,1.0583592986,0.52676468115,0.7079578878,0.3555568933
0,64,1.0629675803,0.48374448154999994,0.7113160314,0.3340666421
0,64,1.0567142447,0.48323612325,0.7067491148,0.3329501603
0,64,1.0353505118,0.57710025245,0.6957609774,0.4089226355
0,64,1.07780179355,0.547035029,0.7227729247,0.3836138858
0,64,0.9022029028,1.0086660536,0.6188651758,0.7562722774
0,64,0.9013380556000001,0.5893378074,0.6070926438,0.4235040188
0,64,0.9313144062000001,0.5961226218,0.6257198856,0.4217696198
0,64,0.1995083059,1.19089769585,0.1539788116,0.8978251979
0,64,0.77390992955,0.5471794535000001,0.5220782549,0.3777771016
0,64,0.8215300897,0.5237603657,0.5522717174,0.3621045696
0,64,0.1011953936,0.71315381435,0.076898667,0.5177040067
0,64,0.6081552061,0.5772981505,0.4099242232,0.4071207252
0,64,0.6193408381000001,0.57685208015,0.417131602,0.4070272281
0,64,0.4960567198,0.64734765705,0.3352688984,0.4629745897
0,64,0.5018296909,0.64393944935,0.3413067386,0.4619312341
0,64,0.90619301095,0.55021779565,0.6086463639,0.3870102171
0,64,0.66442435305,0.550254153,0.4478330547,0.3910858262
0,64,0.7506996805999999,0.5939392796,0.505868853,0.423501146
0,64,0.6875389406,0.5448521439,0.4628269242,0.3852870416
0,64,0.749775247,0.52054274335,0.5023965328,0.3574886027
0,64,0.75014738625,0.5251322019,0.5026535403,0.3671256038
0,64,0.7610828436499999,0.5145921564,0.5111115715,0.36081154
0,64,1.0601087572,0.47509625245,0.7086345714,0.3255503015
0,64,1.0736407585999999,0.44520623135,0.7165346142,0.3018101715
0,64,1.06944324435,0.44472873015000003,0.7139335701,0.3020556063
0,64,0.7543697893000001,0.49771193045,0.504716507,0.3407967423
0,64,0.7628824107000001,0.49815708680000004,0.5111995918,0.3423937684
0,64,1.0498669556,0.47728697265,0.7018054302,0.3258290955
0,64,1.05455671855,0.4772474714,0.7056439383,0.326138707
0,64,1.04954257355,0.46964392765,0.7010958307,0.3220463767
0,64,1.0591817154,0.4593499085,0.7079053548,0.3136984224
0,64,1.0630632418000001,0.45887625249999997,0.7102756578,0.313283496
0,64,1.0694046712,0.44466709514999997,0.713817924,0.3018516361
0,64,1.0641871538,0.44452345419999995,0.7103792544,0.3028351848
0,64,1.0644714196999998,0.4426087858,0.7102204064,0.2972184324
0,64,1.06242101685,0.4563585534,0.7095534211,0.3114478954
0,64,1.06183543935,0.4540083917,0.7093779683,0.3105300298
0,64,1.06342641735,0.46542092545,0.7114028761,0.3192252687
0,64,1.07169687275,0.43067529265000004,0.7152559319,0.2908853035
0,64,1.0733451594999999,0.4340783423,0.7162075504,0.2931178754
0,64,1.0683415211,0.43299176390000005,0.7127449286,0.290540957
0,64,1.06854614265,0.4341830043,0.7130471953,0.2932141148
0,64,1.07233167695,0.43616198465,0.7161373105,0.2937004047
0,64,1.0600042790500002,0.4337804832,0.7071962697,0.2928209304
0,64,1.05914871095,0.43810143075,0.7070201451,0.2966780593
0,64,1.06031697885,0.43494430130000006,0.7078149099,0.2930002204
0,64,1.07120159545,0.43845394635,0.7148883249,0.2960783853
0,64,1.07177401915,0.44519869725,0.7154105185,0.3015674883
0,64,1.0619884095,0.4434101716,0.7086264894,0.298279286
0,64,1.06097984965,0.44527789554999997,0.7084735193,0.3032262799
0,64,1.06285656305,0.46359583675000005,0.7103272357,0.3181023883
0,64,1.06931275685,0.4558022059,0.7144234861,0.311519063
0,64,1.0668539192,0.45868827875,0.7125167224,0.3129420223
0,64,1.07081365735,0.46059550395000004,0.7154083143,0.3148771269
0,64,1.03571052815,0.48467240199999995,0.6925846053,0.3342314374
0,64,1.06613182945,0.45026648005000003,0.7118557619,0.3061292633
0,64,1.074762399,0.44968371144999997,0.7177433912,0.3062412307
0,64,1.0634198783,0.44756381055,0.7100608236,0.3043191263
0,64,1.05575775865,0.45294539990000005,0.7049022681,0.3070514708
0,64,1.05662497525,0.45235397464999993,0.7057926471,0.3032204037
0,64,1.05966534945,0.44232986124999996,0.7074191859,0.3001131891
0,64,1.05779164845,0.441676752,0.7063353165,0.2997973096
0,64,1.05975566115,0.4446131155,0.7075725759,0.302119312
0,64,1.09792251515,0.4719169562,0.7341998411,0.325936565
0,64,0.9112225442,0.60269156395,0.6140126708,0.4351027941
0,64,1.3404457119,0.8649568215000001,0.9013815514,0.6082521196
0,64,1.2718041196,0.82835286295,0.8609834098,0.6139150087
0,64,1.2276807546500002,0.79081563765,0.8273408993,0.5694706335
0,64,1.2170011291,0.7576146671999999,0.8227078572,0.5529241116
0,64,0.9249858344,0.8912301739,0.636799423,0.6411180802
0,64,0.24722699305,0.8509856511,0.1774894905,0.5976263466
0,64,0.26810305075,0.87218489875,0.1948494015,0.6322914751
0,64,0.22897964189999997,0.87348824445,0.1678080652,0.6414202485
0,64,0.22897964189999997,0.87348824445,0.1678080652,0.6414202485
0,64,0.3102349834,0.8576482400500001,0.2253478492,0.6028112621
0,64,0.37292175095,0.89886522345,0.2612760035,0.6582276745
0,64,0.72551301585,0.55391040255,0.4880359981,0.3902097471
0,64,0.73203320435,0.55528863735,0.4919842745,0.3908458153
0,64,0.7157453336499999,0.5624887698000001,0.4824575093,0.3901094596
0,64,0.6542025361,0.5703339156,0.440972908,0.4058386646
0,64,0.64404236255,0.5715853546,0.4340047563,0.4043436236
0,64,0.342617859,0.69499440055,0.2388590394,0.5042248717
0,64,0.3333044586,0.69307261545,0.2347470658,0.5055241693
0,64,0.45806332115,0.6463688746,0.3134457407,0.4565531868
0,64,1.0804895721499999,0.54292696355,0.7239049921,0.3824740297
0,64,0.74569244205,0.56825987105,0.5020134461,0.4063894623
0,64,1.3173569869,0.74470421985,0.8928362346,0.5440726959
0,64,0.5201548864000001,0.80499698095,0.3595172432,0.5956345691
0,64,0.8708281462,0.6135746691999999,0.5847535608,0.4378327246
0,64,0.8831936764999999,0.6110165548,0.5950810316,0.4388927948
0,64,0.74538708945,0.5679466685,0.5014221377,0.4059424778
0,64,0.66307524725,0.8588406557499999,0.4532400583,0.6292188649
0,64,0.64205375035,0.850824512,0.4405150261,0.6261693678
0,64,0.6151460608,0.8616946705,0.424806708,0.62424027
0,64,0.64661214405,0.857259626,0.4395113889,0.6190186608
0,64,0.62997637995,0.85148545625,0.4272518797,0.6175680179
0,64,1.0009959226,0.9950952496,0.6799633166,0.6919924356
0,64,0.99959149175,0.9724584825,0.6865607249,0.7255722916
0,64,1.02681401175,1.0001105382,0.6964692543,0.7234853194
0,64,1.1231452549,0.9414875377,0.7666112976,0.707957734
0,64,1.09174015405,1.014649678,0.7453325727,0.7644511924
0,64,0.38672374615,0.7454037511,0.2685186491,0.5277804184
0,64,0.5696207912,0.5950675465,0.3838840994,0.4246414592
0,64,0.4475849374,0.69577332625,0.302275391,0.4850347037
0,64,0.4142731463,0.71131677735,0.28447795,0.5127967099
0,64,0.48312956409999996,0.5880500011,0.3273513324,0.4082151386
0,64,0.4915941344,0.58562579915,0.3320731294,0.4066819675
0,64,0.4586890147,0.5668587843,0.3102768628,0.4015619516
0,64,0.47718870785,0.56747546095,0.3216248695,0.4019287583
0,64,0.6631905259499999,0.5424244161,0.4480733105,0.3759134258
0,64,0.66575913175,0.54084926265,0.4485179673,0.3743120905
0,64,0.27298725925,0.7633565178,0.1903851263,0.5533519004
0,64,0.6864196573,0.5328355348,0.461457099,0.3658508558
0,64,0.7531887155,0.50321350895,0.5055607084,0.3491838061
0,64,0.7207392000499999,0.60005368255,0.4860572311,0.4281783561
0,64,0.73577487545,0.59447192625,0.4955285979,0.4277576187
0,64,0.3971132279,0.58609237105,0.2696668806,0.4117201081
0,64,0.66617803085,0.615941712,0.4482780239,0.4275717996
0,64,0.6549529666,0.61617681185,0.4422367462,0.4280018083
0,64,0.6405126603,0.61649769705,0.433688089,0.4298103783
0,64,0.55630698545,0.66092009335,0.3778107719,0.4608493567
0,64,0.54812932605,0.66284533895,0.3709428371,0.4616288047
0,64,0.5436921623,0.56802892915,0.366218248,0.3940395935
0,64,0.51512489225,0.7982145169999999,0.3579112767,0.5748714022
0,64,0.53088403245,0.7835575917,0.3650081525,0.5665150254
0,64,0.56398237485,0.8032368571499999,0.3878023255,0.5833279359
0,64,0.5883582053,0.7881203786500001,0.4060555912,0.5694980559
0,64,0.6031401795,0.8112397516500001,0.4161666114,0.5957748249
0,64,0.6473843422,0.5940852057,0.4408738668,0.4171834258
0,64,0.3895096843,0.62252291205,0.266117561,0.4227813743
0,64,0.3692760352,0.6144774526,0.2524798508,0.4375424394
0,64,0.19056733855000002,0.64682719805,0.1332196857,0.4579137277
0,64,0.1630047134,0.6436893835,0.1159081932,0.4597379676
0,64,0.1799031914,0.5975494334,0.124765867,0.419147128
0,64,0.42110419779999997,0.6370101452,0.2886322438,0.462456307
0,64,0.5638249332999999,0.65622734395,0.3834036614,0.4547715169
0,64,0.57357902315,0.64721531145,0.3903209699,0.4528138215
0,64,0.6015406786,0.5491018916,0.4044835692,0.3866032714
0,64,0.1589667636,0.5959247891,0.1093531786,0.4151733668
0,64,0.5170070217,0.55748392785,0.3497970978,0.3946388501
0,64,0.19990200945,0.67649762645,0.1407649655,0.4907155721
0,64,0.21985357845,0.6041419485,0.1513331329,0.431183651
0,64,1.0719028167,0.47448329745,0.7166602892,0.3266610377
0,64,1.07661124175,0.52485941465,0.7213792943,0.3671428407
0,64,1.06191214485,0.5464628811000001,0.7120667755,0.3862123504
0,64,1.0680284539,0.5229696876000001,0.715567897,0.3671090198
0,64,1.0633999672,0.5236703289,0.711987425,0.3661141104
0,64,1.0736275886,0.5313854794999999,0.7189901088,0.371761158
0,64,1.06172052805,0.5403877834999999,0.7113690787,0.3775377436
0,64,0.9374778322,0.83610706155,0.6355186468,0.6155801579
0,64,0.9154938953,0.8319363817000001,0.6243898826,0.6160298846
0,64,1.05266156355,0.65953213015,0.7098809625,0.4768029027
0,64,0.9336804478,0.9619739346,0.6361152452,0.7150740978
0,64,0.95601233045,0.9532525139500001,0.6510798725,0.7109457267
0,64,0.84188217685,0.7481882960499999,0.5708550225,0.5225821835
0,64,0.8941652824999999,0.86839781935,0.6065667262,0.6294209943
0,64,0.9163363333500001,0.87292878475,0.6255445797,0.6291196221
0,64,0.82530599915,0.7731500222000001,0.5601382933,0.5430937176
0,64,0.703442549,0.50588673205,0.4716665726,0.3524161189
0,64,0.80608950625,0.7111357898,0.5442606941,0.5168923048
0,64,1.0539532138,0.50123159045,0.7061009386,0.3473220889
0,64,0.7649923264999999,0.7498084352000001,0.5209845402,0.5557366012
0,64,0.497753278,1.000135349,0.349629433,0.7068778154
0,64,0.8215021700999999,0.72220946145,0.5577301518,0.5193318503
0,64,0.7451785739000001,0.7586016764000001,0.5071389022,0.5573504724
0,64,0.48386260135,1.05524861375,0.3444853149,0.7927162031
0,64,1.2643238256,0.8245247085,0.8569020248,0.6109760328
0,64,1.0742915247,0.8936814507,0.729097088,0.666200726
0,64,0.64677591465,0.7908462593000001,0.4409116317,0.5803509122
0,64,0.7135961099,0.50422493705,0.4793020034,0.3500606687
0,64,1.0636782818,0.49790245055000004,0.7125537526,0.3461226871
0,64,1.05774852,0.9049244553,0.7197750912,0.67063342
0,64,0.20584646585,0.6113999454000001,0.1422677273,0.4318000664
0,64,0.0778723641,0.70973881635,0.0614987874,0.5157596307
0,64,0.53226524585,0.5999289760500001,0.3618783621,0.4280135607
0,64,0.8275887227000001,0.53587928625,0.5589038048,0.3732389621
0,64,0.2260769923,0.6195110227,0.156040015,0.44115749
0,64,1.0787204228,0.5540716721,0.7241023398,0.3892403014
0,64,1.02279138095,0.5232228220999999,0.6871076557,0.3677678094
0,64,1.0478341862,0.52353739575,0.7013870766,0.3655377185
0,64,1.0179778165,0.5325140402,0.6826100974,0.3737247296
0,64,0.87527228985,0.58766412935,0.5891553107,0.4212668765
0,64,1.0752008597,0.47172160455,0.7185987932,0.3234476593
0,64,1.03707939815,0.48431166735,0.6933083115,0.3323075629
0,64,0.75458668075,0.48271816710000004,0.5077497543,0.3311393704
0,64,0.7074216105,0.49150964534999997,0.4762199702,0.3435546483
0,64,0.40068936504999997,0.5627568561,0.2721580463,0.3987015382
0,64,0.93685527065,0.51308077265,0.6274437087,0.3613982025
