152,645,-0.033343164,0.7241570366,0.041269693600000004,0.18103002050000006,-1,-1,-1,-1
153,645,0.0009018775,0.7241570366,0.0404212308,0.1572349851,-1,-1,-1,-1
154,645,0.0239060355,0.7075501855,0.055375204500000004,0.14370831799999995,-1,-1,-1,-1
155,645,0.070915564,0.6900444033,0.037012684899999995,0.1394522371,-1,-1,-1,-1
156,645,0.0950919055,0.6757215737,0.037012685000000003,0.12035517439999999,-1,-1,-1,-1
157,645,0.1316569212,0.6606029733,0.026414908099999995,0.1131937596,-1,-1,-1,-1
158,645,0.1532047032,0.6450692506,0.0372160574,0.11711842179999998,-1,-1,-1,-1
159,645,0.1813986794,0.6315398413,0.029885685299999992,0.12363266890000002,-1,-1,-1,-1
160,645,0.2002886596,0.6225202351,0.03383285959999999,0.11711842179999998,-1,-1,-1,-1
161,645,0.2267910736,0.6079887344,0.023682972299999994,0.11862155890000003,-1,-1,-1,-1
162,645,0.241733806,0.5959624622,0.02678440230000001,0.11160639669999994,-1,-1,-1,-1
163,645,0.2623154219,0.5854395883,0.023401130999999964,0.10308783620000006,-1,-1,-1,-1
164,645,0.2857164794,0.5759188058,0.019171894999999994,0.09206391650000001,-1,-1,-1,-1
165,645,0.2958662932,0.5685559019,0.033392537599999994,0.10141494159999997,-1,-1,-1,-1
166,645,0.3194802746,0.56156098,0.030285376899999994,0.09589273109999996,-1,-1,-1,-1
167,645,0.3404013344,0.556406882,0.03173528720000002,0.09810166750000004,-1,-1,-1,-1
168,645,0.3588368124,0.5490439782,0.025313919500000004,0.09662908670000003,-1,-1,-1,-1
169,645,0.3774793365,0.5413129617,0.02241395169999999,0.0940519072,-1,-1,-1,-1
170,645,0.3929230059,0.5333339688,0.022879915599999967,0.09113625730000008,-1,-1,-1,-1
171,645,0.4090849444,0.5272699708,0.02129128880000003,0.09113625729999997,-1,-1,-1,-1
172,645,0.4238101977,0.5215251168,0.021443230199999996,0.08794455560000003,-1,-1,-1,-1
173,645,0.4408405836,0.5159108455,0.016207565099999988,0.08177805019999995,-1,-1,-1,-1
174,645,0.4503172405,0.5100525151,0.01950369769999999,0.07714014549999992,-1,-1,-1,-1
175,645,0.4656996336,0.5039501258,0.015246101200000028,0.08031330440000006,-1,-1,-1,-1
176,645,0.4768244302,0.4980917954,0.015795383200000013,0.07884868920000004,-1,-1,-1,-1
177,645,0.4886359028,0.4929657727,0.015108707200000016,0.07714001489999994,-1,-1,-1,-1
178,645,0.4981125596,0.488083809,0.014559278400000042,0.07396672539999999,-1,-1,-1,-1
179,645,0.5060784706,0.4832018453,0.01346056750000002,0.06859651310000003,-1,-1,-1,-1
180,645,0.5126708828,0.477343515,0.012636497600000074,0.06664377979999997,-1,-1,-1,-1
181,645,0.5184392251,0.4717292436,0.012636497600000074,0.06664377990000003,-1,-1,-1,-1
182,645,0.5237956795,0.4663590313,0.011675033699999893,0.06859664369999996,-1,-1,-1,-1
183,645,0.5286027049,0.4614770676,0.01098835779999996,0.06664377989999998,-1,-1,-1,-1
184,645,0.5310749145,0.4570833525,0.010576176000000048,0.06664377990000003,-1,-1,-1,-1
185,645,0.5339591592,0.4526896374,0.010301534899999965,0.06420266740000002,-1,-1,-1,-1
186,645,0.5364313688,0.4478076737,0.011262851899999982,0.06322630079999997,-1,-1,-1,-1
187,645,0.5421997112,0.4436580176,0.011400245799999986,0.06151762650000003,-1,-1,-1,-1
188,645,0.5450839558,0.4402406691,0.009614712099999978,0.060053011300000014,-1,-1,-1,-1
189,645,0.5478308065,0.436335072,0.008928036099999925,0.057612029499999995,-1,-1,-1,-1
190,645,0.5470067366,0.4329177235,0.008378607200000054,0.056147414299999976,-1,-1,-1,-1
191,645,0.547619499,0.42899724,0.011073880000000091,0.055479092200000024,-1,-1,-1,-1
192,645,0.5498252966,0.4266014398,0.011564089900000019,0.05395440880000002,-1,-1,-1,-1
193,645,0.5546046963,0.4250767565,0.011564089900000019,0.05221204430000004,-1,-1,-1,-1
194,645,0.5601194108,0.4228986376,0.010093460199999904,0.052212174899999964,-1,-1,-1,-1
195,645,0.5631830758,0.4207205186,0.010093460199999904,0.05221217490000002,-1,-1,-1,-1
196,645,0.5651439154,0.4181067759,0.010093460200000015,0.05221217490000002,-1,-1,-1,-1
197,645,0.567104755,0.4159287875,0.01033841829999993,0.050687622200000004,-1,-1,-1,-1
198,645,0.5693106996,0.4144041043,0.01033841829999993,0.050687622200000004,-1,-1,-1,-1
199,645,0.572742022,0.4115726802,0.009725655899999963,0.04698495060000002,-1,-1,-1,-1
200,645,0.5786242471,0.4107014326,0.009113040399999939,0.047638386299999946,-1,-1,-1,-1
201,645,0.5811452426,0.4079811345,0.00911304040000005,0.0476383863,-1,-1,-1,-1
202,645,0.5842964871,0.4052607057,0.009113040399999939,0.0476383863,-1,-1,-1,-1
203,645,0.5840262544,0.4052607057,0.008278684400000014,0.04372430129999999,-1,-1,-1,-1
204,645,0.5860070787,0.4041405675,0.00674810079999999,0.04148402509999999,-1,-1,-1,-1
205,645,0.5860070787,0.4014202694,0.006838031399999944,0.041163966900000015,-1,-1,-1,-1
206,645,0.5863672419,0.3986999712,0.006838031399999944,0.041163966900000015,-1,-1,-1,-1
207,645,0.585736993,0.3950194986,0.0068380314999999525,0.04116396689999996,-1,-1,-1,-1
208,645,0.5851968216,0.3942194186,0.0068380315000000635,0.041163966900000015,-1,-1,-1,-1
209,645,0.5851968216,0.3921391061,0.0068380315000000635,0.04116396689999996,-1,-1,-1,-1
210,645,0.5851968216,0.3892587135,0.0068380315000000635,0.04116396689999996,-1,-1,-1,-1
211,645,0.5870875683,0.3866983791,0.0068380315000000635,0.041163966900000015,-1,-1,-1,-1
212,645,0.5896984945,0.384298139,0.007288272199999946,0.041484025100000044,-1,-1,-1,-1
213,645,0.59221949,0.3817379352,0.007288272200000057,0.041484025000000035,-1,-1,-1,-1
214,645,0.5944703999,0.3794976589,0.007288272200000057,0.041484025100000044,-1,-1,-1,-1
215,645,0.5973515587,0.3775774407,0.007288272199999946,0.04148402509999999,-1,-1,-1,-1
216,645,0.6002327175,0.3759771501,0.007288272200000057,0.04148402509999999,-1,-1,-1,-1
217,645,0.602753713,0.3777374045,0.007288272199999946,0.04148402509999999,-1,-1,-1,-1
218,645,0.6050359223,0.3773847007,0.007288272199999946,0.04148402509999999,-1,-1,-1,-1
219,645,0.6085086833,0.3761501722,0.007288272200000057,0.04148402499999998,-1,-1,-1,-1
220,645,0.6114853566,0.3742103666,0.007288272199999946,0.04148402499999998,-1,-1,-1,-1
221,645,0.6138666071,0.3727995514,0.007344405300000023,0.04011107890000004,-1,-1,-1,-1
222,645,0.6160494812,0.3705070421,0.00734440539999992,0.03870026360000001,-1,-1,-1,-1
223,645,0.6188277782,0.3687435231,0.007344405400000031,0.03870026369999996,-1,-1,-1,-1
224,645,0.6187002296,0.3707841385,0.00734440539999992,0.03870026369999996,-1,-1,-1,-1
225,645,0.6213791915,0.3689703452,0.007344405300000023,0.038700263700000015,-1,-1,-1,-1
226,645,0.6247533521,0.3679708654,0.00734440539999992,0.03870026369999996,-1,-1,-1,-1
227,645,0.6272838991,0.3663051529,0.00734440539999992,0.038700263700000015,-1,-1,-1,-1
228,645,0.6326263936,0.3663051529,0.007344405400000031,0.036081558800000024,-1,-1,-1,-1
229,645,0.6382499947,0.365805413,0.007806254799999968,0.03591493529999995,-1,-1,-1,-1
230,645,0.6449045648,0.3633067136,0.007806254799999968,0.035914935300000006,-1,-1,-1,-1
231,645,0.6487114797,0.3617331924,0.007806254799999968,0.03591493539999996,-1,-1,-1,-1
232,645,0.6517216566,0.3607890797,0.007806254799999968,0.03591493539999996,-1,-1,-1,-1
233,645,0.656768203,0.3628346573,0.007806254799999968,0.035914935300000006,-1,-1,-1,-1
234,645,0.6660642639,0.3653146833,0.006156351700000062,0.031155719400000004,-1,-1,-1,-1
