1,297,0.5020115358,0.3273135593,0.002704971200000017,0.01348318300000001,-1,-1,-1,-1
2,297,0.5020115358,0.3273135593,0.002704971200000017,0.01348318300000001,-1,-1,-1,-1
3,297,0.5020115358,0.3273135593,0.002704971200000017,0.01348318300000001,-1,-1,-1,-1
4,297,0.5020115358,0.3273135593,0.002704971200000017,0.01348318300000001,-1,-1,-1,-1
5,297,0.5020115358,0.3273135593,0.002704971200000017,0.01348318300000001,-1,-1,-1,-1
6,297,0.5020115358,0.3273135593,0.002704971200000017,0.01348318300000001,-1,-1,-1,-1
7,297,0.5020115358,0.3273135593,0.002704971200000017,0.01348318300000001,-1,-1,-1,-1
8,297,0.5020115358,0.3273135593,0.002704971200000017,0.01348318300000001,-1,-1,-1,-1
9,297,0.5020115358,0.3273135593,0.002704971200000017,0.01348318300000001,-1,-1,-1,-1
10,297,0.5020115358,0.3273135593,0.002704971200000017,0.01348318300000001,-1,-1,-1,-1
11,297,0.5020115358,0.3273135593,0.002704971200000017,0.01348318300000001,-1,-1,-1,-1
12,297,0.5020115358,0.3273135593,0.002704971200000017,0.01348318300000001,-1,-1,-1,-1
13,297,0.5020115358,0.3273135593,0.002704971200000017,0.01348318300000001,-1,-1,-1,-1
14,297,0.5020115358,0.3273135593,0.002704971200000017,0.01348318300000001,-1,-1,-1,-1
15,297,0.5020115358,0.3273135593,0.002704971200000017,0.01348318300000001,-1,-1,-1,-1
16,297,0.5020115358,0.3273135593,0.002704971200000017,0.01348318300000001,-1,-1,-1,-1
17,297,0.5020115358,0.3273135593,0.002704971200000017,0.01348318300000001,-1,-1,-1,-1
18,297,0.5020115358,0.3273135593,0.002704971200000017,0.01348318300000001,-1,-1,-1,-1
19,297,0.5020115358,0.3273135593,0.002704971200000017,0.01348318300000001,-1,-1,-1,-1
20,297,0.5020115358,0.3273135593,0.002704971200000017,0.01348318300000001,-1,-1,-1,-1
21,297,0.5020115358,0.3273135593,0.002704971200000017,0.01348318300000001,-1,-1,-1,-1
22,297,0.5020115358,0.3273135593,0.002704971200000017,0.01348318300000001,-1,-1,-1,-1
23,297,0.5020115358,0.3273135593,0.002704971200000017,0.01348318300000001,-1,-1,-1,-1
24,297,0.5020115358,0.3273135593,0.002704971200000017,0.01348318300000001,-1,-1,-1,-1
25,297,0.5020115358,0.3273135593,0.002704971200000017,0.01348318300000001,-1,-1,-1,-1
26,297,0.5020115358,0.3273135593,0.002704971200000017,0.01348318300000001,-1,-1,-1,-1
27,297,0.5020115358,0.3273135593,0.002704971200000017,0.01348318300000001,-1,-1,-1,-1
28,297,0.5020115358,0.3273135593,0.002704971200000017,0.01348318300000001,-1,-1,-1,-1
29,297,0.5020115358,0.3273135593,0.002704971200000017,0.01348318300000001,-1,-1,-1,-1
30,297,0.5020115358,0.3273135593,0.002704971200000017,0.01348318300000001,-1,-1,-1,-1
31,297,0.5020115358,0.3273135593,0.002704971200000017,0.01348318300000001,-1,-1,-1,-1
32,297,0.5020115358,0.3273135593,0.002704971200000017,0.01348318300000001,-1,-1,-1,-1
33,297,0.5020115358,0.3273135593,0.002704971200000017,0.01348318300000001,-1,-1,-1,-1
34,297,0.5020115358,0.3273135593,0.002704971200000017,0.01348318300000001,-1,-1,-1,-1
35,297,0.5020115358,0.3273135593,0.002704971200000017,0.01348318300000001,-1,-1,-1,-1
36,297,0.5020115358,0.3273135593,0.002704971200000017,0.01348318300000001,-1,-1,-1,-1
37,297,0.5020115358,0.3273135593,0.002704971200000017,0.01348318300000001,-1,-1,-1,-1
38,297,0.5020115358,0.3273135593,0.002704971200000017,0.01348318300000001,-1,-1,-1,-1
39,297,0.5020115358,0.3273135593,0.002704971200000017,0.01348318300000001,-1,-1,-1,-1
40,297,0.5020115358,0.3273135593,0.002704971200000017,0.01348318300000001,-1,-1,-1,-1
41,297,0.5020115358,0.3273135593,0.002704971200000017,0.01348318300000001,-1,-1,-1,-1
42,297,0.5020115358,0.3273135593,0.002704971200000017,0.01348318300000001,-1,-1,-1,-1
43,297,0.5020115358,0.3273135593,0.002704971200000017,0.01348318300000001,-1,-1,-1,-1
44,297,0.5020115358,0.3273135593,0.002704971200000017,0.01348318300000001,-1,-1,-1,-1
45,297,0.5020115358,0.3273135593,0.002704971200000017,0.01348318300000001,-1,-1,-1,-1
46,297,0.5020115358,0.3273135593,0.002704971200000017,0.01348318300000001,-1,-1,-1,-1
47,297,0.5020115358,0.3273135593,0.002704971200000017,0.01348318300000001,-1,-1,-1,-1
48,297,0.5020115358,0.3273135593,0.002704971200000017,0.01348318300000001,-1,-1,-1,-1
49,297,0.5020115358,0.3273135593,0.002704971200000017,0.01348318300000001,-1,-1,-1,-1
50,297,0.5020115358,0.3273135593,0.002704971200000017,0.01348318300000001,-1,-1,-1,-1
51,297,0.5020115358,0.3273135593,0.002704971200000017,0.01348318300000001,-1,-1,-1,-1
52,297,0.5020115358,0.3273135593,0.002704971200000017,0.01348318300000001,-1,-1,-1,-1
53,297,0.5020115358,0.3273135593,0.002704971200000017,0.01348318300000001,-1,-1,-1,-1
54,297,0.5020115358,0.3273135593,0.002704971200000017,0.01348318300000001,-1,-1,-1,-1
55,297,0.5020115358,0.3273135593,0.002704971200000017,0.01348318300000001,-1,-1,-1,-1
56,297,0.5020115358,0.3273135593,0.002704971200000017,0.01348318300000001,-1,-1,-1,-1
57,297,0.5020115358,0.3273135593,0.002704971200000017,0.01348318300000001,-1,-1,-1,-1
58,297,0.5020115358,0.3273135593,0.002704971200000017,0.01348318300000001,-1,-1,-1,-1
59,297,0.5020115358,0.3273135593,0.002704971200000017,0.01348318300000001,-1,-1,-1,-1
60,297,0.5020115358,0.3273135593,0.002704971200000017,0.01348318300000001,-1,-1,-1,-1
61,297,0.5020115358,0.3273135593,0.002704971200000017,0.01348318300000001,-1,-1,-1,-1
62,297,0.5020115358,0.3273135593,0.002704971200000017,0.01348318300000001,-1,-1,-1,-1
63,297,0.5020115358,0.3273135593,0.002704971200000017,0.01348318300000001,-1,-1,-1,-1
64,297,0.5020115358,0.3273135593,0.002704971200000017,0.01348318300000001,-1,-1,-1,-1
65,297,0.5020115358,0.3273135593,0.002704971200000017,0.01348318300000001,-1,-1,-1,-1
66,297,0.5020115358,0.3273135593,0.002704971200000017,0.01348318300000001,-1,-1,-1,-1
67,297,0.5020115358,0.3273135593,0.002704971200000017,0.01348318300000001,-1,-1,-1,-1
68,297,0.5020115358,0.3273135593,0.002704971200000017,0.01348318300000001,-1,-1,-1,-1
69,297,0.5020115358,0.3273135593,0.002704971200000017,0.01348318300000001,-1,-1,-1,-1
70,297,0.5020115358,0.3273135593,0.002704971200000017,0.01348318300000001,-1,-1,-1,-1
71,297,0.5020115358,0.3273135593,0.002704971200000017,0.01348318300000001,-1,-1,-1,-1
72,297,0.5020115358,0.3273135593,0.002704971200000017,0.01348318300000001,-1,-1,-1,-1
73,297,0.5020115358,0.3273135593,0.002704971200000017,0.01348318300000001,-1,-1,-1,-1
74,297,0.5020115358,0.3273135593,0.002704971200000017,0.01348318300000001,-1,-1,-1,-1
75,297,0.5020115358,0.3273135593,0.002704971200000017,0.01348318300000001,-1,-1,-1,-1
76,297,0.5020115358,0.3273135593,0.002704971200000017,0.01348318300000001,-1,-1,-1,-1
77,297,0.5020115358,0.3273135593,0.002704971200000017,0.01348318300000001,-1,-1,-1,-1
78,297,0.5020115358,0.3273135593,0.002704971200000017,0.01348318300000001,-1,-1,-1,-1
79,297,0.5020115358,0.3273135593,0.002704971200000017,0.01348318300000001,-1,-1,-1,-1
80,297,0.5020115358,0.3273135593,0.002704971200000017,0.01348318300000001,-1,-1,-1,-1
81,297,0.5020115358,0.3273135593,0.002704971200000017,0.01348318300000001,-1,-1,-1,-1
82,297,0.5020115358,0.3273135593,0.002704971200000017,0.01348318300000001,-1,-1,-1,-1
83,297,0.5020115358,0.3273135593,0.002704971200000017,0.01348318300000001,-1,-1,-1,-1
84,297,0.5020115358,0.3273135593,0.002704971200000017,0.01348318300000001,-1,-1,-1,-1
85,297,0.5020115358,0.3273135593,0.002704971200000017,0.01348318300000001,-1,-1,-1,-1
86,297,0.5020115358,0.3273135593,0.002704971200000017,0.01348318300000001,-1,-1,-1,-1
87,297,0.5020115358,0.3273135593,0.002704971200000017,0.01348318300000001,-1,-1,-1,-1
88,297,0.5020115358,0.3273135593,0.002704971200000017,0.01348318300000001,-1,-1,-1,-1
89,297,0.5020115358,0.3273135593,0.002704971200000017,0.01348318300000001,-1,-1,-1,-1
90,297,0.5020115358,0.3273135593,0.002704971200000017,0.01348318300000001,-1,-1,-1,-1
91,297,0.5020115358,0.3273135593,0.002704971200000017,0.01348318300000001,-1,-1,-1,-1
92,297,0.5020115358,0.3273135593,0.002704971200000017,0.01348318300000001,-1,-1,-1,-1
93,297,0.5020115358,0.3273135593,0.002704971200000017,0.01348318300000001,-1,-1,-1,-1
94,297,0.5020115358,0.3273135593,0.002704971200000017,0.01348318300000001,-1,-1,-1,-1
95,297,0.5020115358,0.3273135593,0.002704971200000017,0.01348318300000001,-1,-1,-1,-1
96,297,0.5020115358,0.3273135593,0.002704971200000017,0.01348318300000001,-1,-1,-1,-1
97,297,0.5020115358,0.3273135593,0.002704971200000017,0.01348318300000001,-1,-1,-1,-1
98,297,0.5020115358,0.3273135593,0.002704971200000017,0.01348318300000001,-1,-1,-1,-1
99,297,0.5020115358,0.3273135593,0.002704971200000017,0.01348318300000001,-1,-1,-1,-1
100,297,0.5020115358,0.3273135593,0.002704971200000017,0.01348318300000001,-1,-1,-1,-1
101,297,0.5020115358,0.3273135593,0.002704971200000017,0.01348318300000001,-1,-1,-1,-1
102,297,0.5020115358,0.3273135593,0.002704971200000017,0.01348318300000001,-1,-1,-1,-1
103,297,0.5020115358,0.3273135593,0.002704971200000017,0.01348318300000001,-1,-1,-1,-1
104,297,0.5020115358,0.3273135593,0.002704971200000017,0.01348318300000001,-1,-1,-1,-1
105,297,0.5020115358,0.3273135593,0.002704971200000017,0.01348318300000001,-1,-1,-1,-1
106,297,0.5020115358,0.3273135593,0.002704971200000017,0.01348318300000001,-1,-1,-1,-1
107,297,0.5020115358,0.3273135593,0.002704971200000017,0.01348318300000001,-1,-1,-1,-1
108,297,0.5020115358,0.3273135593,0.002704971200000017,0.01348318300000001,-1,-1,-1,-1
109,297,0.5020115358,0.3273135593,0.002704971200000017,0.01348318300000001,-1,-1,-1,-1
110,297,0.5020115358,0.3273135593,0.002704971200000017,0.01348318300000001,-1,-1,-1,-1
111,297,0.5020115358,0.3273135593,0.002704971200000017,0.01348318300000001,-1,-1,-1,-1
112,297,0.5020115358,0.3273135593,0.002704971200000017,0.01348318300000001,-1,-1,-1,-1
113,297,0.5020115358,0.3273135593,0.002704971200000017,0.01348318300000001,-1,-1,-1,-1
114,297,0.5020115358,0.3273135593,0.002704971200000017,0.01348318300000001,-1,-1,-1,-1
115,297,0.5020115358,0.3273135593,0.002704971200000017,0.01348318300000001,-1,-1,-1,-1
116,297,0.5020115358,0.3273135593,0.002704971200000017,0.01348318300000001,-1,-1,-1,-1
117,297,0.5020115358,0.3273135593,0.002704971200000017,0.01348318300000001,-1,-1,-1,-1
118,297,0.5020115358,0.3273135593,0.002704971200000017,0.01348318300000001,-1,-1,-1,-1
119,297,0.5020115358,0.3273135593,0.002704971200000017,0.01348318300000001,-1,-1,-1,-1
120,297,0.5020115358,0.3273135593,0.002704971200000017,0.01348318300000001,-1,-1,-1,-1
121,297,0.5020115358,0.3273135593,0.002704971200000017,0.01348318300000001,-1,-1,-1,-1
122,297,0.5020115358,0.3273135593,0.002704971200000017,0.01348318300000001,-1,-1,-1,-1
123,297,0.5020115358,0.3273135593,0.002704971200000017,0.01348318300000001,-1,-1,-1,-1
124,297,0.5020115358,0.3273135593,0.002704971200000017,0.01348318300000001,-1,-1,-1,-1
125,297,0.5020115358,0.3273135593,0.002704971200000017,0.01348318300000001,-1,-1,-1,-1
126,297,0.5020115358,0.3273135593,0.002704971200000017,0.01348318300000001,-1,-1,-1,-1
127,297,0.5020115358,0.3273135593,0.002704971200000017,0.01348318300000001,-1,-1,-1,-1
128,297,0.5020115358,0.3273135593,0.002704971200000017,0.01348318300000001,-1,-1,-1,-1
129,297,0.5020115358,0.3273135593,0.002704971200000017,0.01348318300000001,-1,-1,-1,-1
130,297,0.5020115358,0.3273135593,0.002704971200000017,0.01348318300000001,-1,-1,-1,-1
131,297,0.5020115358,0.3273135593,0.002704971200000017,0.01348318300000001,-1,-1,-1,-1
132,297,0.5020115358,0.3273135593,0.002704971200000017,0.01348318300000001,-1,-1,-1,-1
133,297,0.5020115358,0.3273135593,0.002704971200000017,0.01348318300000001,-1,-1,-1,-1
134,297,0.5020115358,0.3273135593,0.002704971200000017,0.01348318300000001,-1,-1,-1,-1
135,297,0.5020115358,0.3273135593,0.002704971200000017,0.01348318300000001,-1,-1,-1,-1
136,297,0.5020115358,0.3273135593,0.002704971200000017,0.01348318300000001,-1,-1,-1,-1
137,297,0.5020115358,0.3273135593,0.002704971200000017,0.01348318300000001,-1,-1,-1,-1
138,297,0.5020115358,0.3273135593,0.002704971200000017,0.01348318300000001,-1,-1,-1,-1
139,297,0.5020115358,0.3273135593,0.002704971200000017,0.01348318300000001,-1,-1,-1,-1
140,297,0.5020115358,0.3273135593,0.002704971200000017,0.01348318300000001,-1,-1,-1,-1
141,297,0.5020115358,0.3273135593,0.002704971200000017,0.01348318300000001,-1,-1,-1,-1
142,297,0.5020115358,0.3273135593,0.002704971200000017,0.01348318300000001,-1,-1,-1,-1
143,297,0.5020115358,0.3273135593,0.002704971200000017,0.01348318300000001,-1,-1,-1,-1
144,297,0.5020115358,0.3273135593,0.002704971200000017,0.01348318300000001,-1,-1,-1,-1
145,297,0.5020115358,0.3273135593,0.002704971200000017,0.01348318300000001,-1,-1,-1,-1
146,297,0.5020115358,0.3273135593,0.002704971200000017,0.01348318300000001,-1,-1,-1,-1
147,297,0.5020115358,0.3273135593,0.002704971200000017,0.01348318300000001,-1,-1,-1,-1
148,297,0.5020115358,0.3273135593,0.002704971200000017,0.01348318300000001,-1,-1,-1,-1
149,297,0.5020115358,0.3273135593,0.002704971200000017,0.01348318300000001,-1,-1,-1,-1
150,297,0.5020115358,0.3273135593,0.002704971200000017,0.01348318300000001,-1,-1,-1,-1
151,297,0.5020115358,0.3273135593,0.002704971200000017,0.01348318300000001,-1,-1,-1,-1
152,297,0.5020115358,0.3273135593,0.002704971200000017,0.01348318300000001,-1,-1,-1,-1
153,297,0.5020115358,0.3273135593,0.002704971200000017,0.01348318300000001,-1,-1,-1,-1
154,297,0.5020115358,0.3273135593,0.002704971200000017,0.01348318300000001,-1,-1,-1,-1
155,297,0.5020115358,0.3273135593,0.002704971200000017,0.01348318300000001,-1,-1,-1,-1
156,297,0.5020115358,0.3273135593,0.002704971200000017,0.01348318300000001,-1,-1,-1,-1
157,297,0.5020115358,0.3273135593,0.002704971200000017,0.01348318300000001,-1,-1,-1,-1
158,297,0.5020115358,0.3273135593,0.002704971200000017,0.01348318300000001,-1,-1,-1,-1
159,297,0.5020115358,0.3273135593,0.002704971200000017,0.01348318300000001,-1,-1,-1,-1
160,297,0.5020115358,0.3273135593,0.002704971200000017,0.01348318300000001,-1,-1,-1,-1
161,297,0.5020115358,0.3273135593,0.002704971200000017,0.01348318300000001,-1,-1,-1,-1
162,297,0.5020115358,0.3273135593,0.002704971200000017,0.01348318300000001,-1,-1,-1,-1
163,297,0.5020115358,0.3273135593,0.002704971200000017,0.01348318300000001,-1,-1,-1,-1
164,297,0.5020115358,0.3273135593,0.002704971200000017,0.01348318300000001,-1,-1,-1,-1
165,297,0.5020115358,0.3273135593,0.002704971200000017,0.01348318300000001,-1,-1,-1,-1
166,297,0.5020115358,0.3273135593,0.002704971200000017,0.01348318300000001,-1,-1,-1,-1
167,297,0.5020115358,0.3273135593,0.002704971200000017,0.01348318300000001,-1,-1,-1,-1
168,297,0.5020115358,0.3273135593,0.002704971200000017,0.01348318300000001,-1,-1,-1,-1
169,297,0.5020115358,0.3273135593,0.002704971200000017,0.01348318300000001,-1,-1,-1,-1
170,297,0.5020115358,0.3273135593,0.002704971200000017,0.01348318300000001,-1,-1,-1,-1
171,297,0.5020115358,0.3273135593,0.002704971200000017,0.01348318300000001,-1,-1,-1,-1
172,297,0.5020115358,0.3273135593,0.002704971200000017,0.01348318300000001,-1,-1,-1,-1
173,297,0.5020115358,0.3273135593,0.002704971200000017,0.01348318300000001,-1,-1,-1,-1
174,297,0.5020115358,0.3273135593,0.002704971200000017,0.01348318300000001,-1,-1,-1,-1
175,297,0.5020115358,0.3273135593,0.002704971200000017,0.01348318300000001,-1,-1,-1,-1
176,297,0.5020115358,0.3273135593,0.002704971200000017,0.01348318300000001,-1,-1,-1,-1
177,297,0.5020115358,0.3273135593,0.002704971200000017,0.01348318300000001,-1,-1,-1,-1
178,297,0.5020115358,0.3273135593,0.002704971200000017,0.01348318300000001,-1,-1,-1,-1
179,297,0.5020115358,0.3273135593,0.002704971200000017,0.01348318300000001,-1,-1,-1,-1
180,297,0.5020115358,0.3273135593,0.002704971200000017,0.01348318300000001,-1,-1,-1,-1
181,297,0.5020115358,0.3273135593,0.002704971200000017,0.01348318300000001,-1,-1,-1,-1
182,297,0.5020115358,0.3273135593,0.002704971200000017,0.01348318300000001,-1,-1,-1,-1
183,297,0.5020115358,0.3273135593,0.002704971200000017,0.01348318300000001,-1,-1,-1,-1
184,297,0.5020115358,0.3273135593,0.002704971200000017,0.01348318300000001,-1,-1,-1,-1
185,297,0.5020115358,0.3273135593,0.002704971200000017,0.01348318300000001,-1,-1,-1,-1
186,297,0.5020115358,0.3273135593,0.002704971200000017,0.01348318300000001,-1,-1,-1,-1
187,297,0.5020115358,0.3273135593,0.002704971200000017,0.01348318300000001,-1,-1,-1,-1
188,297,0.5020115358,0.3273135593,0.002704971200000017,0.01348318300000001,-1,-1,-1,-1
189,297,0.5020115358,0.3273135593,0.002704971200000017,0.01348318300000001,-1,-1,-1,-1
190,297,0.5020115358,0.3273135593,0.002704971200000017,0.01348318300000001,-1,-1,-1,-1
191,297,0.5020115358,0.3273135593,0.002704971200000017,0.01348318300000001,-1,-1,-1,-1
192,297,0.5020115358,0.3273135593,0.002704971200000017,0.01348318300000001,-1,-1,-1,-1
193,297,0.5020115358,0.3273135593,0.002704971200000017,0.01348318300000001,-1,-1,-1,-1
194,297,0.5020115358,0.3273135593,0.002704971200000017,0.01348318300000001,-1,-1,-1,-1
195,297,0.5020115358,0.3273135593,0.002704971200000017,0.01348318300000001,-1,-1,-1,-1
196,297,0.5020115358,0.3273135593,0.002704971200000017,0.01348318300000001,-1,-1,-1,-1
197,297,0.5020115358,0.3273135593,0.002704971200000017,0.01348318300000001,-1,-1,-1,-1
198,297,0.5020115358,0.3273135593,0.002704971200000017,0.01348318300000001,-1,-1,-1,-1
199,297,0.5020115358,0.3273135593,0.002704971200000017,0.01348318300000001,-1,-1,-1,-1
200,297,0.5020115358,0.3273135593,0.002704971200000017,0.01348318300000001,-1,-1,-1,-1
201,297,0.5020115358,0.3273135593,0.002704971200000017,0.01348318300000001,-1,-1,-1,-1
202,297,0.5020115358,0.3273135593,0.002704971200000017,0.01348318300000001,-1,-1,-1,-1
203,297,0.5020115358,0.3273135593,0.002704971200000017,0.01348318300000001,-1,-1,-1,-1
204,297,0.5020115358,0.3273135593,0.002704971200000017,0.01348318300000001,-1,-1,-1,-1
205,297,0.5020115358,0.3273135593,0.002704971200000017,0.01348318300000001,-1,-1,-1,-1
206,297,0.5020115358,0.3273135593,0.002704971200000017,0.01348318300000001,-1,-1,-1,-1
207,297,0.5020115358,0.3273135593,0.002704971200000017,0.01348318300000001,-1,-1,-1,-1
208,297,0.5020115358,0.3273135593,0.002704971200000017,0.01348318300000001,-1,-1,-1,-1
209,297,0.5020115358,0.3273135593,0.002704971200000017,0.01348318300000001,-1,-1,-1,-1
210,297,0.5020115358,0.3273135593,0.002704971200000017,0.01348318300000001,-1,-1,-1,-1
211,297,0.5020115358,0.3273135593,0.002704971200000017,0.01348318300000001,-1,-1,-1,-1
212,297,0.5020115358,0.3273135593,0.002704971200000017,0.01348318300000001,-1,-1,-1,-1
213,297,0.5020115358,0.3273135593,0.002704971200000017,0.01348318300000001,-1,-1,-1,-1
214,297,0.5020115358,0.3273135593,0.002704971200000017,0.01348318300000001,-1,-1,-1,-1
215,297,0.5020115358,0.3273135593,0.002704971200000017,0.01348318300000001,-1,-1,-1,-1
216,297,0.5020115358,0.3273135593,0.002704971200000017,0.01348318300000001,-1,-1,-1,-1
217,297,0.5020115358,0.3273135593,0.002704971200000017,0.01348318300000001,-1,-1,-1,-1
218,297,0.5020115358,0.3273135593,0.002704971200000017,0.01348318300000001,-1,-1,-1,-1
219,297,0.5020115358,0.3273135593,0.002704971200000017,0.01348318300000001,-1,-1,-1,-1
220,297,0.5020115358,0.3273135593,0.002704971200000017,0.01348318300000001,-1,-1,-1,-1
221,297,0.5020115358,0.3273135593,0.002704971200000017,0.01348318300000001,-1,-1,-1,-1
222,297,0.5020115358,0.3273135593,0.002704971200000017,0.01348318300000001,-1,-1,-1,-1
223,297,0.5020115358,0.3273135593,0.002704971200000017,0.01348318300000001,-1,-1,-1,-1
224,297,0.5020115358,0.3273135593,0.002704971200000017,0.01348318300000001,-1,-1,-1,-1
225,297,0.5020115358,0.3273135593,0.002704971200000017,0.01348318300000001,-1,-1,-1,-1
226,297,0.5020115358,0.3273135593,0.002704971200000017,0.01348318300000001,-1,-1,-1,-1
227,297,0.5020115358,0.3273135593,0.002704971200000017,0.01348318300000001,-1,-1,-1,-1
228,297,0.5020115358,0.3273135593,0.002704971200000017,0.01348318300000001,-1,-1,-1,-1
229,297,0.5020115358,0.3273135593,0.002704971200000017,0.01348318300000001,-1,-1,-1,-1
230,297,0.5020115358,0.3273135593,0.002704971200000017,0.01348318300000001,-1,-1,-1,-1
231,297,0.5020115358,0.3273135593,0.002704971200000017,0.01348318300000001,-1,-1,-1,-1
232,297,0.5020115358,0.3273135593,0.002704971200000017,0.01348318300000001,-1,-1,-1,-1
233,297,0.5020115358,0.3273135593,0.002704971200000017,0.01348318300000001,-1,-1,-1,-1
234,297,0.5020115358,0.3273135593,0.002704971200000017,0.01348318300000001,-1,-1,-1,-1
