202,441,0.6342740191,0.3262644581,0.004941627499999934,0.027367907800000035,-1,-1,-1,-1
203,441,0.6337620612,0.3287211099,0.004941627500000045,0.027367907800000035,-1,-1,-1,-1
204,441,0.6323797457,0.329267076,0.004941627500000045,0.027367907800000035,-1,-1,-1,-1
205,441,0.6313437806,0.3299020996,0.0036752518000000567,0.026126197100000026,-1,-1,-1,-1
206,441,0.6297645582,0.332006831,0.004035121100000039,0.026405513599999986,-1,-1,-1,-1
207,441,0.6294167384,0.33328628,0.0034940680999999696,0.024900156499999992,-1,-1,-1,-1
208,441,0.6289127156,0.3353762557,0.003863782800000104,0.025019639599999977,-1,-1,-1,-1
209,441,0.627837516,0.3353762557,0.0042670009999999925,0.025019639599999977,-1,-1,-1,-1
210,441,0.6277703619,0.335435932,0.0042670009999999925,0.025019639600000032,-1,-1,-1,-1
211,441,0.6275932927,0.335435932,0.0042670009999999925,0.025019639600000032,-1,-1,-1,-1
212,441,0.6277259844,0.3351212277,0.0042670009999999925,0.025019639699999985,-1,-1,-1,-1
213,441,0.6268997103,0.3359603955,0.0042670009999999925,0.025019639599999977,-1,-1,-1,-1
214,441,0.6260734363,0.3367995633,0.0042670009999999925,0.025019639600000032,-1,-1,-1,-1
215,441,0.6252471622,0.337638731,0.0042670009999999925,0.025019639699999985,-1,-1,-1,-1
216,441,0.624915139,0.3381107221,0.0042670009999999925,0.025019639600000032,-1,-1,-1,-1
217,441,0.6245831159,0.3385827132,0.0042670009999999925,0.025019639599999977,-1,-1,-1,-1
218,441,0.6246717239,0.3395268259,0.0042670009999999925,0.025019639600000032,-1,-1,-1,-1
219,441,0.623963447,0.339684178,0.0042670010000001035,0.025019639599999977,-1,-1,-1,-1
220,441,0.6232995476,0.3405495493,0.0042670010000001035,0.02501963970000004,-1,-1,-1,-1
221,441,0.6232553171,0.3412575686,0.0042670009999999925,0.025019639599999977,-1,-1,-1,-1
222,441,0.6223699709,0.3415722728,0.0042670009999999925,0.025019639599999977,-1,-1,-1,-1
223,441,0.6221042936,0.3424376442,0.0042670009999999925,0.025019639599999977,-1,-1,-1,-1
224,441,0.6221042936,0.3424376442,0.0042670009999999925,0.025019639599999977,-1,-1,-1,-1
225,441,0.6218386163,0.3424376442,0.0042670009999999925,0.025019639599999977,-1,-1,-1,-1
226,441,0.6225026627,0.3424376442,0.004267000899999984,0.025019639599999977,-1,-1,-1,-1
227,441,0.6228568011,0.344325739,0.0042670009999999925,0.025019639599999977,-1,-1,-1,-1
228,441,0.6225911238,0.3445617019,0.0042670009999999925,0.025019639599999977,-1,-1,-1,-1
229,441,0.6229894928,0.3445617019,0.0042670009999999925,0.025019639599999977,-1,-1,-1,-1
230,441,0.6221927548,0.3446965938,0.0042670009999999925,0.025019639599999977,-1,-1,-1,-1
231,441,0.6212171841,0.3453901183,0.0042670009999999925,0.025019639699999985,-1,-1,-1,-1
232,441,0.6210380577,0.3454538427,0.0042670009999999925,0.025019639599999977,-1,-1,-1,-1
233,441,0.6197478769,0.3459635068,0.0042670009999999925,0.02501963970000004,-1,-1,-1,-1
