128,471,-0.0082996975,0.5801268323,0.0346935923,0.09965364260000009,-1,-1,-1,-1
129,471,0.0047519943,0.5664245316,0.0336422714,0.09965364250000008,-1,-1,-1,-1
130,471,0.0268143057,0.5582555409,0.021927047999999998,0.1003150437,-1,-1,-1,-1
131,471,0.0317169925,0.5500865502,0.024684919700000002,0.09704747359999999,-1,-1,-1,-1
132,471,0.0427481849,0.5419175595,0.025297755500000005,0.09595815299999999,-1,-1,-1,-1
133,471,0.0494894528,0.5337485688,0.028668389500000002,0.09323511250000005,-1,-1,-1,-1
134,471,0.0675682944,0.5255795781,0.022233576199999994,0.08996754240000004,-1,-1,-1,-1
135,471,0.0749223981,0.5184997775,0.022846485600000008,0.0872445019,-1,-1,-1,-1
136,471,0.0911628055,0.5119645066,0.020701449900000002,0.08234308140000002,-1,-1,-1,-1
137,471,0.1005905295,0.5035865836,0.020701449900000002,0.08234308140000002,-1,-1,-1,-1
138,471,0.1154763941,0.4965314631,0.018786383700000006,0.07972163429999995,-1,-1,-1,-1
139,471,0.1246560008,0.4916811004,0.02151545390000001,0.07619407410000001,-1,-1,-1,-1
140,471,0.1392938215,0.4841851328,0.017793987799999994,0.07531211869999999,-1,-1,-1,-1
141,471,0.1497139414,0.4802167254,0.019530662199999993,0.07354833860000004,-1,-1,-1,-1
142,471,0.1654938218,0.4724417027,0.017029137,0.07293277179999996,-1,-1,-1,-1
143,471,0.173774343,0.4688318753,0.018122778199999995,0.07043368080000006,-1,-1,-1,-1
144,471,0.1862732997,0.4632781944,0.01640417799999999,0.07154441689999996,-1,-1,-1,-1
145,471,0.1943976178,0.4602237351,0.016716657499999982,0.06460251160000002,-1,-1,-1,-1
146,471,0.2061154127,0.4552254223,0.012810701400000013,0.0626587885,-1,-1,-1,-1
147,471,0.2125211308,0.4505048587,0.01484178089999999,0.06432489279999998,-1,-1,-1,-1
148,471,0.2220515696,0.4468950314,0.014529375000000011,0.0646026421,-1,-1,-1,-1
149,471,0.2283010847,0.4424520866,0.014529375000000011,0.0646026422,-1,-1,-1,-1
150,471,0.235800444,0.4363431681,0.014529375000000011,0.06460264219999995,-1,-1,-1,-1
151,471,0.2462675864,0.4366207869,0.0110927626,0.05877147300000002,-1,-1,-1,-1
152,471,0.2515796632,0.4327332102,0.012342680299999964,0.05821623549999999,-1,-1,-1,-1
153,471,0.2582978607,0.4305117378,0.013123842100000005,0.05627251249999998,-1,-1,-1,-1
154,471,0.2670471377,0.4269019105,0.010155250800000015,0.05516177620000001,-1,-1,-1,-1
155,471,0.2723592145,0.4244028193,0.012342533300000014,0.0540510401,-1,-1,-1,-1
156,471,0.2800147768,0.4205153732,0.010155397700000013,0.054884027,-1,-1,-1,-1
157,471,0.2853268536,0.4185715196,0.012186330299999992,0.05460640820000001,-1,-1,-1,-1
158,471,0.2929027715,0.4155988051,0.010749498000000024,0.05099070459999999,-1,-1,-1,-1
159,471,0.2998882627,0.4135003416,0.00976555149999997,0.05029130380000002,-1,-1,-1,-1
160,471,0.3067754474,0.4101777961,0.008388232200000012,0.050641265400000024,-1,-1,-1,-1
161,471,0.3135641787,0.4086040138,0.00976569850000003,0.04906748300000002,-1,-1,-1,-1
162,471,0.3205498168,0.4058061495,0.007994565399999987,0.04749370070000003,-1,-1,-1,-1
163,471,0.326649815,0.4037078166,0.007994565299999978,0.04749370070000003,-1,-1,-1,-1
164,471,0.3332417863,0.4003854017,0.007994565399999987,0.04749370070000003,-1,-1,-1,-1
165,471,0.3389482646,0.3995110201,0.008388232200000012,0.04626961880000002,-1,-1,-1,-1
166,471,0.3446548899,0.396888006,0.008388232100000004,0.04626961879999997,-1,-1,-1,-1
167,471,0.3514436212,0.3956639241,0.007994712299999984,0.04487081719999997,-1,-1,-1,-1
168,471,0.3553791133,0.3940901417,0.009273725200000027,0.04294720390000001,-1,-1,-1,-1
169,471,0.3607905252,0.3937403108,0.008683445499999998,0.042772484200000016,-1,-1,-1,-1
170,471,0.362266445,0.3919916782,0.011339777699999998,0.041723252499999974,-1,-1,-1,-1
171,471,0.3679768908,0.3905785126,0.008268471599999994,0.0412963777,-1,-1,-1,-1
172,471,0.3696394312,0.3885230108,0.010870727999999996,0.04116788430000001,-1,-1,-1,-1
173,471,0.3749885383,0.3862105222,0.0083407687,0.040653911099999995,-1,-1,-1,-1
174,471,0.3776630918,0.3831272042,0.009714120599999987,0.04103939109999999,-1,-1,-1,-1
175,471,0.3843546921,0.3825203866,0.008271704499999977,0.03832758070000003,-1,-1,-1,-1
176,471,0.3881101761,0.380457311,0.008954412900000042,0.04111878529999996,-1,-1,-1,-1
177,471,0.3940505915,0.3798504933,0.008954412899999986,0.041118785300000016,-1,-1,-1,-1
178,471,0.3969183783,0.3785155467,0.008954412800000033,0.041118785300000016,-1,-1,-1,-1
179,471,0.4034734664,0.3753602776,0.008954412800000033,0.04111878529999996,-1,-1,-1,-1
180,471,0.4068192665,0.373297202,0.008954412899999986,0.041118785300000016,-1,-1,-1,-1
181,471,0.4111210936,0.3741466422,0.008954412800000033,0.041118785400000024,-1,-1,-1,-1
182,471,0.4159007872,0.3728116956,0.008954265799999972,0.03966265800000002,-1,-1,-1,-1
183,471,0.4195879415,0.3718408135,0.007725214500000022,0.037114337100000006,-1,-1,-1,-1
184,471,0.4238896217,0.3702631136,0.007725214400000013,0.03711433719999996,-1,-1,-1,-1
185,471,0.4270399844,0.3694135428,0.0069647719,0.034930080799999985,-1,-1,-1,-1
186,471,0.42956627,0.3681999074,0.007852469200000045,0.03505152269999995,-1,-1,-1,-1
187,471,0.4336632552,0.3668649608,0.00716961380000003,0.03468745820000002,-1,-1,-1,-1
188,471,0.435779857,0.3655301447,0.008125640599999984,0.035051392199999976,-1,-1,-1,-1
189,471,0.4393988287,0.3645593932,0.008193823299999958,0.03420182119999998,-1,-1,-1,-1
190,471,0.4409010517,0.3631031352,0.008808348999999993,0.033959068100000045,-1,-1,-1,-1
191,471,0.4441785222,0.3624964482,0.008808349100000001,0.03395906800000004,-1,-1,-1,-1
192,471,0.4449295602,0.362253695,0.008808349100000001,0.03153192799999999,-1,-1,-1,-1
193,471,0.4472512978,0.3610401902,0.008262006099999997,0.031167863500000004,-1,-1,-1,-1
194,471,0.4494363762,0.3597052436,0.007920504800000006,0.03213874560000002,-1,-1,-1,-1
195,471,0.4516214545,0.3583702969,0.007032660699999971,0.031895992500000026,-1,-1,-1,-1
196,471,0.4527823233,0.357642168,0.0074423444999999755,0.031289305300000014,-1,-1,-1,-1
197,471,0.45565011,0.3558218455,0.006691306499999994,0.03068248779999999,-1,-1,-1,-1
198,471,0.4570840034,0.3554577811,0.007988540599999983,0.03007567,-1,-1,-1,-1
199,471,0.4598834605,0.3546082102,0.006759636099999966,0.03007580059999998,-1,-1,-1,-1
200,471,0.4622733808,0.353637328,0.0077836986999999525,0.029833047500000043,-1,-1,-1,-1
201,471,0.465619181,0.3525451346,0.007032660600000018,0.03068261830000002,-1,-1,-1,-1
202,471,0.4677357827,0.3521810701,0.007715516099999986,0.030803929600000002,-1,-1,-1,-1
203,471,0.4710815829,0.3510888767,0.006827818799999996,0.03068261830000002,-1,-1,-1,-1
204,471,0.4740176993,0.3498753719,0.006486464500000011,0.029468983000000004,-1,-1,-1,-1
205,471,0.4774316821,0.3493899961,0.0060767808000000145,0.028255347600000036,-1,-1,-1,-1
206,471,0.4780003609,0.3484635121,0.007047208299999996,0.028062346399999993,-1,-1,-1,-1
207,471,0.4811278002,0.3476212538,0.0061468736999999996,0.027894025400000022,-1,-1,-1,-1
208,471,0.4823124741,0.3466106746,0.007473790899999999,0.027725443100000025,-1,-1,-1,-1
209,471,0.4851082576,0.3458526422,0.008468905200000043,0.02738867039999998,-1,-1,-1,-1
210,471,0.4866719038,0.3450103839,0.009890602099999979,0.02705176720000002,-1,-1,-1,-1
211,471,0.4899889027,0.3439155788,0.005768048400000003,0.027051767199999965,-1,-1,-1,-1
212,471,0.4911975287,0.3436087096,0.006557586200000021,0.027051767100000013,-1,-1,-1,-1
213,471,0.4939476122,0.3427977912,0.00599684239999998,0.027051767100000013,-1,-1,-1,-1
214,471,0.4952793785,0.3421403074,0.006292937499999984,0.02673197020000001,-1,-1,-1,-1
215,471,0.497499136,0.3410883334,0.005701041299999987,0.02673197020000001,-1,-1,-1,-1
216,471,0.4969072398,0.3404308497,0.006292937499999984,0.026468715500000017,-1,-1,-1,-1
217,471,0.4966852053,0.3397733659,0.0069588941000000015,0.026337218800000006,-1,-1,-1,-1
218,471,0.497065647,0.3390969477,0.006351127800000023,0.026337218800000006,-1,-1,-1,-1
219,471,0.4978901577,0.3386460457,0.0059705392000000135,0.025714731200000007,-1,-1,-1,-1
220,471,0.4984610407,0.3379696275,0.005970539199999958,0.025714731200000007,-1,-1,-1,-1
221,471,0.4997296204,0.3369551307,0.005906911900000034,0.02571486179999999,-1,-1,-1,-1
222,471,0.5010615337,0.3365042288,0.005906911800000025,0.02571486179999999,-1,-1,-1,-1
223,471,0.5020128583,0.3361660197,0.0063509808999999695,0.024474979300000033,-1,-1,-1,-1
224,471,0.5040424684,0.335489732,0.0063509808999999695,0.024474979300000033,-1,-1,-1,-1
225,471,0.5057549703,0.3348133138,0.005399509299999994,0.024700495599999983,-1,-1,-1,-1
226,471,0.5082285025,0.3344751047,0.005399509299999994,0.024700495599999983,-1,-1,-1,-1
227,471,0.5101311517,0.3335734313,0.005399509299999994,0.022220469500000006,-1,-1,-1,-1
228,471,0.5117801732,0.3338130505,0.005399509299999994,0.022995347100000008,-1,-1,-1,-1
229,471,0.5141268915,0.3335875343,0.005399509299999994,0.022995347,-1,-1,-1,-1
230,471,0.5156489521,0.3329112466,0.005399509300000105,0.022995347100000008,-1,-1,-1,-1
231,471,0.5157303599,0.3327664304,0.005399509299999994,0.022995347100000008,-1,-1,-1,-1
232,471,0.5163852956,0.3325078767,0.005399509299999994,0.022995347100000008,-1,-1,-1,-1
