19,99,0.7097783946,0.3739711391,0.003794277499999943,0.010262230900000002,-1,-1,-1,-1
20,99,0.7089798932,0.3746018534,0.003794277600000062,0.010262230900000002,-1,-1,-1,-1
21,99,0.7085140762,0.3746971788,0.0034073703000000455,0.010640006500000021,-1,-1,-1,-1
22,99,0.7079793418,0.3731334513,0.003907572499999956,0.011958499800000022,-1,-1,-1,-1
23,99,0.7074618001,0.3730108342,0.003907572499999956,0.011958499800000022,-1,-1,-1,-1
24,99,0.7069787905,0.3726843775,0.003890379899999963,0.012162339299999991,-1,-1,-1,-1
25,99,0.7068679936,0.3729997347,0.003890379900000074,0.012162339300000047,-1,-1,-1,-1
26,99,0.7063356104,0.3727632494,0.003890379899999963,0.0121623394,-1,-1,-1,-1
27,99,0.7052930327,0.3722507125,0.003890379899999963,0.012162339299999991,-1,-1,-1,-1
28,99,0.7041174693,0.3711074612,0.004686383300000041,0.011694200400000021,-1,-1,-1,-1
29,99,0.7041840356,0.370792104,0.004686383200000033,0.011694200499999974,-1,-1,-1,-1
30,99,0.704428112,0.3701219538,0.004686383200000033,0.011694200399999966,-1,-1,-1,-1
31,99,0.7048555762,0.3701219538,0.003615591900000048,0.010984614199999965,-1,-1,-1,-1
32,99,0.7051095033,0.3695312897,0.003615591900000048,0.01098461420000002,-1,-1,-1,-1
33,99,0.7053634304,0.3689406256,0.003615591899999937,0.010984614199999965,-1,-1,-1,-1
34,99,0.7056173576,0.3683499615,0.003615591900000048,0.01098461420000002,-1,-1,-1,-1
35,99,0.7058712847,0.3677592974,0.003615591899999937,0.010984614199999965,-1,-1,-1,-1
36,99,0.7061252118,0.3671686332,0.003615591900000048,0.010984614300000028,-1,-1,-1,-1
37,99,0.7063791389,0.3665779691,0.003615591899999937,0.010984614299999973,-1,-1,-1,-1
38,99,0.7066330661,0.365987305,0.003615591900000048,0.01098461420000002,-1,-1,-1,-1
39,99,0.7068869932,0.3653966409,0.003615591899999937,0.010984614199999965,-1,-1,-1,-1
40,99,0.7071409203,0.3648059768,0.003615591900000048,0.01098461420000002,-1,-1,-1,-1
41,99,0.7073948474,0.3642153127,0.003615591899999937,0.010984614199999965,-1,-1,-1,-1
42,99,0.7076487745,0.3636246486,0.003615591900000048,0.01098461420000002,-1,-1,-1,-1
43,99,0.7079027017,0.3630339845,0.003615591899999937,0.010984614199999965,-1,-1,-1,-1
44,99,0.7081566288,0.3624433204,0.003615591900000048,0.01098461420000002,-1,-1,-1,-1
45,99,0.7084105559,0.3618526562,0.003615591899999937,0.010984614299999973,-1,-1,-1,-1
46,99,0.708664483,0.3612619921,0.003615591900000048,0.010984614300000028,-1,-1,-1,-1
47,99,0.7089184102,0.360671328,0.003615591899999937,0.010984614299999973,-1,-1,-1,-1
48,99,0.7091723373,0.3600806639,0.003615591900000048,0.010984614300000028,-1,-1,-1,-1
49,99,0.7094262644,0.3594899998,0.003615591900000048,0.010984614299999973,-1,-1,-1,-1
50,99,0.7096801915,0.3588993357,0.003615591900000048,0.010984614300000028,-1,-1,-1,-1
51,99,0.7099341186,0.3583086716,0.003615591900000048,0.010984614299999973,-1,-1,-1,-1
52,99,0.7101880458,0.3577180075,0.003615591900000048,0.01098461420000002,-1,-1,-1,-1
53,99,0.7104419729,0.3571273434,0.003615591900000048,0.010984614199999965,-1,-1,-1,-1
54,99,0.7106959,0.3565366792,0.003615591899999937,0.010984614300000028,-1,-1,-1,-1
55,99,0.7109498271,0.3559460151,0.003615591900000048,0.010984614299999973,-1,-1,-1,-1
56,99,0.7112037543,0.355355351,0.003615591899999937,0.010984614300000028,-1,-1,-1,-1
57,99,0.7114576814,0.3547646869,0.003615591900000048,0.010984614299999973,-1,-1,-1,-1
58,99,0.7117116085,0.3541740228,0.003615591899999937,0.010984614300000028,-1,-1,-1,-1
59,99,0.7100718446,0.3533326787,0.003615591900000048,0.010984614199999965,-1,-1,-1,-1
60,99,0.7091776817,0.3543260211,0.003659675600000023,0.009733893400000027,-1,-1,-1,-1
61,99,0.7092392518,0.3537421859,0.003659675600000023,0.009733893399999971,-1,-1,-1,-1
62,99,0.7070065632,0.3530123594,0.003674957900000053,0.009733893400000027,-1,-1,-1,-1
63,99,0.7070065632,0.3530123594,0.003674957900000053,0.009733893400000027,-1,-1,-1,-1
64,99,0.7070065632,0.3530123594,0.003674957900000053,0.009733893400000027,-1,-1,-1,-1
65,99,0.7070065632,0.3530123594,0.003674957900000053,0.009733893400000027,-1,-1,-1,-1
66,99,0.7070065632,0.3530123594,0.003674957900000053,0.009733893400000027,-1,-1,-1,-1
67,99,0.7070065632,0.3530123594,0.003674957900000053,0.009733893400000027,-1,-1,-1,-1
68,99,0.7070065632,0.3530123594,0.003674957900000053,0.009733893400000027,-1,-1,-1,-1
69,99,0.7070065632,0.3530123594,0.003674957900000053,0.009733893400000027,-1,-1,-1,-1
70,99,0.7070065632,0.3530123594,0.003674957900000053,0.009733893400000027,-1,-1,-1,-1
71,99,0.7070065632,0.3530123594,0.003674957900000053,0.009733893400000027,-1,-1,-1,-1
72,99,0.7070065632,0.3530123594,0.003674957900000053,0.009733893400000027,-1,-1,-1,-1
73,99,0.7070065632,0.3530123594,0.003674957900000053,0.009733893400000027,-1,-1,-1,-1
74,99,0.7070065632,0.3530123594,0.003674957900000053,0.009733893400000027,-1,-1,-1,-1
75,99,0.7070065632,0.3530123594,0.003674957900000053,0.009733893400000027,-1,-1,-1,-1
76,99,0.7070065632,0.3530123594,0.003674957900000053,0.009733893400000027,-1,-1,-1,-1
77,99,0.7070065632,0.3530123594,0.003674957900000053,0.009733893400000027,-1,-1,-1,-1
78,99,0.7070065632,0.3530123594,0.003674957900000053,0.009733893400000027,-1,-1,-1,-1
79,99,0.7070065632,0.3530123594,0.003674957900000053,0.009733893400000027,-1,-1,-1,-1
80,99,0.7070065632,0.3530123594,0.003674957900000053,0.009733893400000027,-1,-1,-1,-1
81,99,0.7070065632,0.3530123594,0.003674957900000053,0.009733893400000027,-1,-1,-1,-1
82,99,0.7070065632,0.3530123594,0.003674957900000053,0.009733893400000027,-1,-1,-1,-1
83,99,0.7070065632,0.3530123594,0.003674957900000053,0.009733893400000027,-1,-1,-1,-1
84,99,0.7070065632,0.3530123594,0.003674957900000053,0.009733893400000027,-1,-1,-1,-1
85,99,0.7070065632,0.3530123594,0.003674957900000053,0.009733893400000027,-1,-1,-1,-1
86,99,0.7070065632,0.3530123594,0.003674957900000053,0.009733893400000027,-1,-1,-1,-1
87,99,0.7070065632,0.3530123594,0.003674957900000053,0.009733893400000027,-1,-1,-1,-1
88,99,0.7070065632,0.3530123594,0.003674957900000053,0.009733893400000027,-1,-1,-1,-1
89,99,0.7070065632,0.3530123594,0.003674957900000053,0.009733893400000027,-1,-1,-1,-1
90,99,0.7070065632,0.3530123594,0.003674957900000053,0.009733893400000027,-1,-1,-1,-1
91,99,0.7070065632,0.3530123594,0.003674957900000053,0.009733893400000027,-1,-1,-1,-1
92,99,0.7070065632,0.3530123594,0.003674957900000053,0.009733893400000027,-1,-1,-1,-1
93,99,0.7070065632,0.3530123594,0.003674957900000053,0.009733893400000027,-1,-1,-1,-1
94,99,0.7070065632,0.3530123594,0.003674957900000053,0.009733893400000027,-1,-1,-1,-1
95,99,0.7070065632,0.3530123594,0.003674957900000053,0.009733893400000027,-1,-1,-1,-1
96,99,0.7070065632,0.3530123594,0.003674957900000053,0.009733893400000027,-1,-1,-1,-1
97,99,0.7070065632,0.3530123594,0.003674957900000053,0.009733893400000027,-1,-1,-1,-1
98,99,0.7070065632,0.3530123594,0.003674957900000053,0.009733893400000027,-1,-1,-1,-1
99,99,0.7070065632,0.3530123594,0.003674957900000053,0.009733893400000027,-1,-1,-1,-1
100,99,0.7070065632,0.3530123594,0.003674957900000053,0.009733893400000027,-1,-1,-1,-1
101,99,0.7070065632,0.3530123594,0.003674957900000053,0.009733893400000027,-1,-1,-1,-1
102,99,0.7070065632,0.3530123594,0.003674957900000053,0.009733893400000027,-1,-1,-1,-1
103,99,0.7070065632,0.3530123594,0.003674957900000053,0.009733893400000027,-1,-1,-1,-1
104,99,0.7070065632,0.3530123594,0.003674957900000053,0.009733893400000027,-1,-1,-1,-1
105,99,0.7070065632,0.3530123594,0.003674957900000053,0.009733893400000027,-1,-1,-1,-1
106,99,0.7070065632,0.3530123594,0.003674957900000053,0.009733893400000027,-1,-1,-1,-1
107,99,0.7070065632,0.3530123594,0.003674957900000053,0.009733893400000027,-1,-1,-1,-1
108,99,0.7070065632,0.3530123594,0.003674957900000053,0.009733893400000027,-1,-1,-1,-1
109,99,0.7070065632,0.3530123594,0.003674957900000053,0.009733893400000027,-1,-1,-1,-1
110,99,0.7070065632,0.3530123594,0.003674957900000053,0.009733893400000027,-1,-1,-1,-1
111,99,0.7233364603,0.3321848152,0.0030605792000000243,0.007216912500000006,-1,-1,-1,-1
112,99,0.7240325408,0.3321389807,0.003060579100000016,0.007216912399999997,-1,-1,-1,-1
113,99,0.7236457804,0.3316808967,0.0030605791999999132,0.007216912399999997,-1,-1,-1,-1
114,99,0.7239035227,0.3301690105,0.003060579100000016,0.00721691249999995,-1,-1,-1,-1
115,99,0.7241333453,0.3299513945,0.003060579100000016,0.007216912500000006,-1,-1,-1,-1
116,99,0.724363168,0.3297337785,0.003060579100000016,0.007216912399999997,-1,-1,-1,-1
117,99,0.7245929906,0.3295161625,0.003060579099999905,0.007216912399999997,-1,-1,-1,-1
118,99,0.7254244078,0.3293903461,0.003060579100000016,0.007216912399999997,-1,-1,-1,-1
119,99,0.7253212521,0.3292071386,0.003060579100000016,0.007216912399999997,-1,-1,-1,-1
120,99,0.7256624593,0.3303070364,0.002719371900000045,0.006117014600000026,-1,-1,-1,-1
121,99,0.7253531392,0.3299404909,0.002719371900000045,0.006117014600000026,-1,-1,-1,-1
122,99,0.7250181037,0.3301236984,0.0027193718000000366,0.006117014600000026,-1,-1,-1,-1
123,99,0.7247603614,0.3301236984,0.002719371900000045,0.006117014600000026,-1,-1,-1,-1
124,99,0.724554197,0.3297571528,0.002719371899999934,0.00611701459999997,-1,-1,-1,-1
125,99,0.7235489434,0.3284286047,0.002719371900000045,0.00611701459999997,-1,-1,-1,-1
126,99,0.7235489434,0.3284286047,0.002719371900000045,0.00611701459999997,-1,-1,-1,-1
127,99,0.7235214646,0.3282822215,0.002719371900000045,0.00611701459999997,-1,-1,-1,-1
128,99,0.7234675356,0.3281750785,0.0028832160999999745,0.006028936599999979,-1,-1,-1,-1
129,99,0.7234136067,0.3280679354,0.0030470600999999986,0.0059408585999999874,-1,-1,-1,-1
