189,32,0.7225319342,0.3056826705,0.002122773500000008,0.011030971100000009,-1,-1,-1,-1
190,32,0.7209751944,0.3056826705,0.002122773500000008,0.011030971100000009,-1,-1,-1,-1
191,32,0.7189332409,0.3056826705,0.002122773500000008,0.011030971100000009,-1,-1,-1,-1
192,32,0.7168711559,0.3056107195,0.002122773500000008,0.011030971100000009,-1,-1,-1,-1
193,32,0.7158603184,0.305538899,0.002122773500000008,0.011030971100000009,-1,-1,-1,-1
194,32,0.7136971349,0.305466948,0.002122773500000008,0.011030971,-1,-1,-1,-1
195,32,0.7120798537,0.3055028582,0.0021227734,0.011030971100000009,-1,-1,-1,-1
196,32,0.7106849008,0.305035764,0.0018598881999999373,0.012073151300000029,-1,-1,-1,-1
197,32,0.7100379002,0.304892123,0.002446200299999979,0.012037110600000012,-1,-1,-1,-1
198,32,0.7098559817,0.3049998537,0.002446200399999987,0.012037110600000012,-1,-1,-1,-1
199,32,0.7098762602,0.3048560822,0.002446200299999979,0.012037110600000012,-1,-1,-1,-1
200,32,0.7104221624,0.3047482209,0.002446200399999987,0.012037110600000012,-1,-1,-1,-1
201,32,0.710321064,0.3044967187,0.00244620030000009,0.012037110600000012,-1,-1,-1,-1
202,32,0.7108062777,0.3044967187,0.002446200399999987,0.012037110600000012,-1,-1,-1,-1
203,32,0.7108062777,0.3041373552,0.002446200399999987,0.012037110600000012,-1,-1,-1,-1
204,32,0.7116149184,0.303885853,0.002446200299999979,0.012037110500000003,-1,-1,-1,-1
205,32,0.7113723115,0.3042093063,0.002446200299999979,0.012037110500000003,-1,-1,-1,-1
206,32,0.7116756068,0.3038499428,0.002446200399999987,0.012037110500000003,-1,-1,-1,-1
207,32,0.7117564268,0.3039218938,0.00244620030000009,0.012037110600000012,-1,-1,-1,-1
208,32,0.7118171153,0.3039218938,0.002446200299999979,0.012037110600000012,-1,-1,-1,-1
209,32,0.7120798537,0.3036703916,0.002446200299999979,0.012037110500000003,-1,-1,-1,-1
210,32,0.7121606736,0.3034907098,0.002446200399999987,0.012037110600000012,-1,-1,-1,-1
211,32,0.7126112083,0.3033367529,0.002446200299999979,0.012037110500000003,-1,-1,-1,-1
212,32,0.7122992432,0.3031211609,0.002446200299999979,0.012037110500000003,-1,-1,-1,-1
213,32,0.7128721834,0.3031549818,0.002446200299999979,0.012037110500000003,-1,-1,-1,-1
214,32,0.7131014182,0.3030870788,0.002349216400000076,0.012037110500000003,-1,-1,-1,-1
215,32,0.7134643734,0.3031210303,0.002158334300000009,0.012037110500000003,-1,-1,-1,-1
216,32,0.7139226961,0.3030193064,0.0024445839999999164,0.011900259899999988,-1,-1,-1,-1
217,32,0.7138899273,0.3029901865,0.002372286800000012,0.01144883560000004,-1,-1,-1,-1
218,32,0.7143974768,0.3025828991,0.002372286800000012,0.011448835599999985,-1,-1,-1,-1
219,32,0.7142993172,0.3026118885,0.002372286800000012,0.01144883560000004,-1,-1,-1,-1
220,32,0.7142830063,0.3026118885,0.002372286800000012,0.01144883560000004,-1,-1,-1,-1
221,32,0.7140048386,0.3023791901,0.002372286800000012,0.011448835700000048,-1,-1,-1,-1
222,32,0.7140048386,0.3023791901,0.002372286800000012,0.011448835700000048,-1,-1,-1,-1
223,32,0.7137102131,0.3023791901,0.002372286799999901,0.011448835700000048,-1,-1,-1,-1
224,32,0.7135739212,0.3023337474,0.002372286800000012,0.011448835599999985,-1,-1,-1,-1
225,32,0.7134376293,0.3022883046,0.002372286800000012,0.011448835599999985,-1,-1,-1,-1
226,32,0.7126617575,0.3023661319,0.002271776099999956,0.011448835599999985,-1,-1,-1,-1
227,32,0.71236963,0.3020806782,0.002271776200000075,0.011448835599999985,-1,-1,-1,-1
228,32,0.7113179417,0.3015354955,0.002271776100000067,0.01144883560000004,-1,-1,-1,-1
229,32,0.7111280882,0.3015354955,0.002271776100000067,0.01144883560000004,-1,-1,-1,-1
230,32,0.7106753494,0.3015874674,0.002271776099999956,0.01144883560000004,-1,-1,-1,-1
231,32,0.7099888204,0.3015614815,0.002271776099999956,0.011448835599999985,-1,-1,-1,-1
232,32,0.7096383556,0.3014836542,0.002271776099999956,0.011448835599999985,-1,-1,-1,-1
233,32,0.7090978903,0.301353855,0.002271776199999964,0.011448835599999985,-1,-1,-1,-1
234,32,0.7088642471,0.3011720839,0.002271776200000075,0.011448835699999993,-1,-1,-1,-1
