0,64,0.7396291803499999,1.54117395645,0.5156232367,1.1487471115
0,64,0.68554062985,1.51696144835,0.4807037157,1.1392950155
0,64,1.0307079184,0.70418777975,0.6967037792,0.5134609187
0,64,1.0610579512,0.7324428988,0.7121818338,0.5110318852
0,64,1.05545866955,0.7066060728,0.7118262259,0.5072069882
0,64,1.0222562792,0.5985664112,0.6873270452,0.425624812
0,64,1.0542920699,0.57790751455,0.707647686,0.4066183737
0,64,1.0836564318500002,0.5699455955,0.7263382613,0.4001463048
0,64,1.062269663,0.5270149427999999,0.7121558244,0.3710817364
0,64,1.05570921145,0.52781796095,0.7089440385,0.3709711329
0,64,1.06026187435,0.52256390195,0.7108078941,0.3678665299
0,64,1.0675372889,0.52733167105,0.7152303634,0.3701463727
0,64,1.06440294315,0.6007333001,0.7152009743,0.4285877328
0,64,1.06076955355,0.6140942769000001,0.7118313085,0.4180080246
0,64,1.0702083891499998,0.58954040645,0.7188368447,0.4196268887
0,64,1.0667938920000002,0.52037109245,0.7141432612,0.3633571185
0,64,1.06234732375,0.5343854858,0.7106815211,0.3627462528
0,64,1.0585839781000002,0.5183795761500001,0.7083293658,0.3615187757
0,64,1.06461447105,0.5164545264,0.7127421367,0.3615498544
0,64,1.0702083891499998,0.58954040645,0.7188368447,0.4196268887
0,64,1.0667938920000002,0.52037109245,0.7141432612,0.3633571185
0,64,1.06234732375,0.5343854858,0.7106815211,0.3627462528
0,64,1.0702083891499998,0.58954040645,0.7188368447,0.4196268887
0,64,1.0667938920000002,0.52037109245,0.7141432612,0.3633571185
0,64,1.0585839781000002,0.5183795761500001,0.7083293658,0.3615187757
0,64,1.06461447105,0.5164545264,0.7127421367,0.3615498544
0,64,1.0702083891499998,0.58954040645,0.7188368447,0.4196268887
0,64,1.0585839781000002,0.5183795761500001,0.7083293658,0.3615187757
0,64,1.06461447105,0.5164545264,0.7127421367,0.3615498544
0,64,1.0585839781000002,0.5183795761500001,0.7083293658,0.3615187757
0,64,1.06461447105,0.5164545264,0.7127421367,0.3615498544
0,64,1.0631763898000002,0.5792569559,0.7124219426,0.4071271238
0,64,1.0765580475,0.5657847417999999,0.7207280322,0.3878943858
0,64,1.0749710371,0.5736149357,0.7209860684,0.4071403126
0,64,1.0516114916500001,0.50254179165,0.7036325495,0.3495515269
0,64,1.1186507825,0.5716672951999999,0.7493975238,0.4089823118
0,64,1.1298066581,0.5684548309499999,0.760854711,0.4044570999
0,64,1.0439730485,0.73714818415,0.7049843004,0.5328407581
0,64,1.0619781968000002,0.75803449055,0.7165687422,0.5321426631
0,64,1.0569631334,0.7407268675500001,0.7210433036,0.5247447631
0,64,1.0096402805,0.58620761025,0.6798871988,0.4065384571
0,64,1.01159421375,0.58136997925,0.6799715455,0.4017879901
0,64,1.0099825164,0.5761654764499999,0.6785315784,0.3986097821
0,64,1.0001988417,0.5570701767499999,0.6703814958,0.3918403329
0,64,1.10316222125,0.5269601416999999,0.7402235745,0.3648200362
0,64,1.04840933055,0.49329366585,0.7013356457,0.3415535995
0,64,1.02599714215,0.49008988524999997,0.6866242053,0.3401656363
0,64,1.0265811032999999,0.49545010805,0.6878241616,0.3426630299
0,64,1.0376338232,0.4937369287,0.6946158318,0.3426273808
0,64,1.0451148143,0.50036171395,0.6989151608,0.3423778373
0,64,1.09280043875,0.5226152209,0.7314334467,0.3644886174
0,64,1.0372436096,0.5484289991,0.6955138152,0.38656636
0,64,1.03821697605,0.56608756295,0.6943247329,0.3822824649
0,64,1.0662127963499999,0.5039351741,0.7137907391,0.3511283126
0,64,1.0617754122,0.50603696745,0.7103485428,0.3492571935
0,64,1.077438471,0.47216636905,0.7203793308,0.3252938371
0,64,1.08201177975,0.47357496435,0.7234377057,0.3254006537
0,64,1.082392001,0.46726409975000005,0.723046684,0.3204955769
0,64,1.05896302385,0.46258767325,0.7076124191,0.3163289451
0,64,1.0325401807499999,0.5880974027,0.6931494635,0.4180639448
0,64,0.41917414325,0.64244826055,0.2879962641,0.4536921205
0,64,0.43424435085,0.6503002618,0.2957036981,0.453488281
0,64,1.070035214,0.4612729016,0.7151222116,0.3145090144
0,64,1.0721302883,0.46694358459999996,0.7158162348,0.3156301972
0,64,1.0697056889,0.45308386645,0.7146897512,0.3100891827
0,64,1.06702709435,0.45623116995,0.7127569781,0.3114273939
0,64,1.05503943425,0.47978547615,0.7053100783,0.3312256855
0,64,1.05794873305,0.4807327882,0.7073292553,0.3314177726
0,64,1.0816625639500002,0.51420308525,0.7251688697,0.3522321279
0,64,1.0832645629000002,0.5182088393000001,0.724322758,0.3611731234
0,64,1.0933232705,0.5320504065,0.7328749812,0.3726086396
0,64,1.02624489215,0.52351251975,0.6871599683,0.3621505347
0,64,1.03541913535,0.5193732449999999,0.6936755281,0.3592151668
0,64,1.0349320847499999,0.5252400631999999,0.6938008725,0.359496703
0,64,1.0388163664499999,0.52104555195,0.6945621967,0.3556443837
0,64,1.03820316325,0.52679824085,0.6942074705,0.3528501757
0,64,1.029986869,0.5181264038,0.6898064788,0.3564816798
0,64,1.03662577765,0.5141467388500001,0.6946225913,0.3530037409
0,64,1.03662577765,0.5141467388500001,0.6946225913,0.3530037409
0,64,1.030307933,0.516293975,0.6898831608,0.3561592712
0,64,1.0517510162500001,0.455899033,0.7024953389,0.3114256964
0,64,1.05142117475,0.4562808416,0.7021979553,0.3115161366
0,64,1.0566305593,0.45522059065,0.7060595,0.3109935983
0,64,1.05761913455,0.45842182485000005,0.7061022611,0.3112014859
0,64,1.0661199268,0.4350056751,0.7116879502,0.2945719134
0,64,1.05814596415,0.43609929044999995,0.7064046747,0.2946767249
0,64,1.05680072205,0.43890356785,0.7054620199,0.2973658603
0,64,1.05878419125,0.4389969344,0.7066978309,0.2974021622
0,64,1.05680072205,0.43890356785,0.7054620199,0.2973658603
0,64,1.05878419125,0.4389969344,0.7066978309,0.2974021622
0,64,1.05992994035,0.43923837619999995,0.7076083151,0.2974576126
0,64,1.0273444847,0.51044041095,0.6877453988,0.3496430653
0,64,1.03076948855,0.5074846069,0.6904536029,0.3481203408
0,64,1.04219442115,0.49392033204999997,0.6978304097,0.3392869455
0,64,1.047529201,0.49447700595,0.7017607588,0.3391830017
0,64,1.0424840505000001,0.49222230029999997,0.6973913368,0.3364965244
0,64,1.04219442115,0.49392033204999997,0.6978304097,0.3392869455
0,64,1.047529201,0.49447700595,0.7017607588,0.3391830017
0,64,1.0424840505000001,0.49222230029999997,0.6973913368,0.3364965244
0,64,1.04837016965,0.49314747845,0.7018621511,0.3382800225
0,64,1.04837016965,0.49314747845,0.7018621511,0.3382800225
0,64,1.05159951555,0.48677236729999995,0.7035345369,0.3355593326
0,64,1.06367078755,0.49560106164999995,0.7118202011,0.3449401305
0,64,1.07683540705,0.48579665355,0.7200592837,0.3368601971
0,64,1.07316875155,0.487574406,0.7177030139,0.3370315216
0,64,1.0346556069,0.4967680136,0.6923586032,0.343954623
0,64,1.0413342761,0.49572648620000004,0.6966682184,0.3438856754
0,64,1.08145691385,0.49392718765,0.7247208331,0.3435516449
0,64,1.108924695,0.49665453319999997,0.7415439342,0.3436703854
0,64,1.04572368265,0.58911307465,0.7042267967,0.4161130397
0,64,1.08306361505,0.48156486090000006,0.7244269423,0.3340417008
0,64,1.0825939039999999,0.4747709057,0.723216259,0.322242773
0,64,1.0771865331000001,0.48334757555,0.720171403,0.3332754417
0,64,1.06367424085,0.4726823012,0.7107876157,0.3234938856
0,64,1.0635827673,0.47787661865,0.7104221624,0.3212186131
0,64,1.0410724928500001,0.5257044804,0.6986703497,0.3647911774
0,64,1.07562678095,0.49246910155,0.7200263679,0.3406856165
0,64,1.07911511815,0.4999764298,0.7209286127,0.3381348146
0,64,1.009126192,0.5401404599499999,0.6771159552,0.3802013689
0,64,1.1025326777,0.48732189834999995,0.737170519,0.3332146163
0,64,1.0696202401500001,0.47230406854999996,0.7148541831,0.3248178633
0,64,1.0647592858000001,0.4735236454,0.7120971932,0.325833927
0,64,1.07030544665,0.4735200543,0.7156259405,0.3258264838
0,64,0.86868377165,0.6038661089,0.5833440603,0.4279259398
0,64,0.8810176352500001,0.6010861997,0.5925604769,0.4295505188
0,64,0.47017639915,0.9249526377,0.3248537011,0.6845173612
0,64,0.47752785795,0.930209896,0.3318413965,0.6951512304
0,64,0.7423161507,0.6339020165,0.4998676022,0.442959792
0,64,0.74252091915,0.6462447558,0.5012613795,0.4680116856
0,64,0.7781353448999999,0.6549307233,0.525946446,0.469700903
0,64,0.7798934733999999,0.64473815825,0.525868418,0.4592217743
0,64,0.80766828775,0.6480989643999999,0.5450199611,0.4699029144
0,64,0.8188480419999999,0.65818967495,0.5520745166,0.4710910861
0,64,0.8284151208999999,0.6068984819500001,0.5592320152,0.4276592335
0,64,0.8886537997999999,0.5337872078,0.5970337892,0.3761002896
0,64,0.90187534615,0.53632139545,0.6057595623,0.3790251259
0,64,0.8789042662,0.6431822004000001,0.5946782542,0.4615026618
0,64,0.7758260977,0.5476039778,0.5220197706,0.3776010762
0,64,0.821225031,0.5239941087,0.5516616,0.3621045696
0,64,0.6740263544,0.50722180925,0.4527486728,0.3540679897
0,64,0.63670133695,0.57932897225,0.4285247209,0.3908370663
0,64,0.64427747525,0.559966435,0.4334422493,0.396935277
0,64,0.6861168028,0.54750316795,0.4612810584,0.3850469001
0,64,0.6820341448,0.49903388410000005,0.4567517598,0.3473098142
0,64,0.53665075835,0.61932872935,0.3673007949,0.4388072631
0,64,0.6777846303,0.50899459955,0.4547438976,0.3534652201
0,64,0.565639048,0.6014824529,0.384365713,0.420533916
0,64,1.06698227605,0.45791588235,0.7123305425,0.3097853169
0,64,1.06712143335,0.460006772,0.7131102349,0.313961873
0,64,1.0723617273000001,0.46037677805,0.7167449298,0.3153594993
0,64,1.06654349705,0.45938552499999996,0.7123278975,0.3129687918
0,64,1.06563052515,0.4624770044,0.7122741155,0.3163006086
0,64,1.07212139805,0.4452152812,0.7156118337,0.301919278
0,64,1.0702412315,0.44476908025,0.714466835,0.3018897663
0,64,0.7543697893000001,0.49771193045,0.504716507,0.3407967423
0,64,0.75756704945,0.49695822359999997,0.5068729945,0.3421210356
0,64,1.0499179456999999,0.4778530485,0.7019932264,0.3260359384
0,64,1.0541914857,0.47732144649999997,0.7055785476,0.3260027704
0,64,1.0496253039,0.47010995325,0.7010773156,0.3230214375
0,64,1.0630175417999999,0.44836793865,0.7099273972,0.3049174561
0,64,1.0650275346,0.44867781125000006,0.7113461552,0.3050710213
0,64,1.06862262765,0.4444515684,0.7135102203,0.3016339548
0,64,1.06420831395,0.44440632150000003,0.7104462615,0.3027777284
0,64,1.06188319665,0.4430119598,0.7084939447,0.2977581306
0,64,1.0578016407,0.44448911095,0.7061730888,0.3014209745
0,64,1.05860222615,0.44227262459999994,0.7067064205,0.29971915
0,64,1.06036627915,0.44437733225,0.7085262727,0.3022773357
0,64,1.071464405,0.44178141405,0.7154640066,0.2998418383
0,64,1.07035077925,0.4339661065,0.7147206097,0.2927273026
0,64,1.0739099442,0.43554380635,0.7169959126,0.2952182977
0,64,1.06040154595,0.43491008865,0.7079840441,0.2930148457
0,64,1.0714367059,0.4380709074,0.7150450652,0.295823026
0,64,1.06712679685,0.4407576459,0.7123386245,0.299070617
0,64,1.06794293165,0.4458889572,0.7129513869,0.3029106616
0,64,1.0622976562,0.44240827615,0.7091565216,0.2999318097
0,64,1.064948331,0.4420533524,0.7110278714,0.300069705
0,64,1.0555418406,0.45113100265,0.7047972388,0.3068912131
0,64,1.05553375865,0.4492421243,0.7044460393,0.3016791364
0,64,1.0675568326,0.45094426935,0.712520396,0.3039570205
0,64,1.06664915075,0.45397450559999997,0.7124228243,0.310324101
0,64,1.06111687625,0.45126752675,0.7085503717,0.3067166241
0,64,1.05890498045,0.44275915180000003,0.7070105307,0.3003914608
0,64,1.0583631192,0.4407089386,0.706632734,0.298623502
0,64,1.0407059421,0.48442164364999996,0.6958132852,0.3339238453
0,64,1.0951474509499999,0.47111348105,0.7323497983,0.3254009149
0,64,0.9111416556,0.5990232312,0.6142555716,0.432657239
0,64,1.30692143765,0.8287001513500001,0.8881905553,0.6130781939
0,64,1.32740298375,0.84202637405,0.8962787249,0.5980713723
0,64,1.2923902994,0.8322820993,0.871128723,0.5957147468
0,64,1.3449540707,0.87795802395,0.901363771,0.6092492489
0,64,1.2276807546500002,0.79176977305,0.8273408993,0.5694706335
0,64,1.21608191205,0.7743586302000001,0.8209934451,0.5513931604
0,64,0.9249858344,0.8897104643,0.636799423,0.6409309552
0,64,0.2207041904,0.8931048955,0.1604452182,0.6582241488
0,64,0.24633503435,0.8539403451,0.1776020507,0.5974662522
0,64,0.26299026864999997,0.860365339,0.1910403559,0.6022935018
0,64,0.2492163769,0.8793674027,0.1779186446,0.647923396
0,64,0.2492163769,0.8793674027,0.1779186446,0.647923396
0,64,0.3106389363,0.85809404935,0.2253478492,0.6028112621
0,64,0.37364200395,0.8995873457,0.2598404937,0.6589325598
0,64,0.09395583375,0.82276151275,0.0765264543,0.6039731867
0,64,0.1594546591,0.78073001985,0.1177830698,0.5689497393
0,64,0.0435537764,0.8588119275,0.0408363516,0.616269765
0,64,0.1295349192,0.8300219745,0.1057383214,0.6171047106
0,64,0.7373582858,0.5359960272,0.495264537,0.3758273718
0,64,0.9526744653500001,0.93179353735,0.6488818629,0.6980563031
0,64,1.26106888385,0.75381053285,0.8498251643,0.5488723925
0,64,1.3002101466,0.78242322,0.879546932,0.5761327002
0,64,1.2662756743,0.7709262645999999,0.8532165176,0.5587682084
0,64,0.5030638854,0.64532460505,0.344258872,0.4638757407
0,64,0.8390362114500001,0.66351797025,0.5681316831,0.4703485931
0,64,0.48406619419999997,0.8304604058,0.3421008316,0.6105851096
0,64,1.080105016,0.5983919528,0.7263028474,0.4238264274
0,64,0.385735979,0.7489605619999999,0.2681889036,0.5298953354
0,64,0.43253478785,0.6881629682,0.2954512459,0.4984609526
0,64,0.42116216775000004,0.74015204265,0.2856086949,0.5166940803
0,64,0.4338337118,0.7205333023,0.2972776304,0.5121908064
0,64,0.6526709974,0.51031400695,0.4384081226,0.3561750717
0,64,0.4832132495,0.5877012148,0.3274105514,0.4082151386
0,64,0.4916067717,0.58615896825,0.3320813584,0.4066819675
0,64,0.4587109096,0.5659366747000001,0.3100056016,0.4014106062
0,64,0.47951206185000006,0.5676254351,0.3232536125,0.401990785
0,64,0.66303255955,0.5425031575,0.4480733105,0.3759476384
0,64,0.6657374573,0.54098585215,0.4485031258,0.3743120905
0,64,0.72313845135,0.49379902075,0.4847730751,0.3429382981
0,64,0.7305664687,0.494183195,0.4896121346,0.3428126776
0,64,0.67376398335,0.5596841153000001,0.4535990459,0.3916589536
0,64,0.6635949197,0.5690374908,0.4467613818,0.3930002988
0,64,0.6483033388,0.557833106,0.4364140734,0.3954748404
0,64,0.57119711145,0.5949591955,0.3863518273,0.4237841186
0,64,0.68635140115,0.5329629182,0.4613205867,0.3658763194
0,64,0.63744620325,0.5242984316,0.4289020767,0.3679049212
0,64,0.70828660465,0.49762163255,0.4750933397,0.3456331327
0,64,0.6758534736499999,0.49962237665,0.4534036575,0.3475476487
0,64,0.664655939,0.6161455809,0.4478262952,0.4275717996
0,64,0.65510698505,0.61643828195,0.4425447831,0.4280018083
0,64,0.6406303635,0.61563337035,0.4336428298,0.4298103783
0,64,0.5556339754,0.65986420185,0.3770669342,0.4599363227
0,64,0.54767827715,0.66198773725,0.3708307177,0.4604542135
0,64,0.7663625190500001,0.5073376361,0.5140503329,0.3535999814
0,64,0.6516829119499999,0.4972508213,0.4378066751,0.345038111
0,64,0.6997972006,0.50095645275,0.4684577256,0.3373097933
0,64,0.7056163861,0.49231625455000005,0.473122067,0.3423433635
0,64,0.54329451,0.5682727435,0.3670164196,0.3943982064
0,64,0.5154085984,0.80215299915,0.3589582628,0.5758605659
0,64,0.52942133775,0.79161486885,0.3644424127,0.5713394021
0,64,0.5517822422,0.80340176005,0.3868285182,0.5838839109
0,64,0.5874983542,0.78746031595,0.4065418336,0.5708245147
0,64,0.60127125415,0.8101539517499999,0.4151578311,0.5954248533
0,64,0.32081611865000004,0.60546777065,0.2225221623,0.4232634855
0,64,0.27774200885,0.63185839775,0.1919301839,0.4300981825
0,64,0.26647383025,0.6244118556,0.1847781301,0.4445767972
0,64,0.18731459165,0.64483492,0.1306836283,0.4583058674
0,64,0.18753519345,0.64836254555,0.1324477815,0.4624214415
0,64,0.19935831135,0.6056119556499999,0.1374456645,0.4314922831
0,64,0.2413757736,0.6240035889,0.167153056,0.4443883664
0,64,0.3960943819,0.5804946184499999,0.2687386264,0.4083895971
0,64,0.16077022465000002,0.6033914082,0.1128510673,0.4277212514
0,64,0.56821940375,0.65583684955,0.3863333083,0.4545111873
0,64,0.3735974795,0.5827582689999999,0.2546395076,0.4138061662
0,64,0.22809157725,0.6071740291500001,0.1564541807,0.4300954403
0,64,0.15979682550000002,0.6139984753,0.1120371148,0.4346674442
0,64,0.13395228215,0.6073174741,0.0942751829,0.4269775178
0,64,0.6334973391500001,0.5126212721500001,0.4261938727,0.3622975707
0,64,1.05507007235,0.6051019433,0.7099442959,0.4315258428
0,64,0.8450076324,0.7398815243,0.5726875788,0.5114074082
0,64,0.8970390204500001,0.8698820734,0.6084266143,0.62962341
0,64,0.9169354298500001,0.8715214735500001,0.6255445797,0.6288619825
0,64,0.82530599915,0.7727116562,0.5601382933,0.5430937176
0,64,0.18114813740000002,0.6757632296,0.127923626,0.4853016146
0,64,0.99591168465,0.9079795675,0.6773128621,0.6698130996
0,64,1.28723993595,0.83739878535,0.8731555411,0.6182051307
0,64,1.2670364842500002,0.8597421985,0.8593484029,0.6312468138
0,64,1.3896426447499999,1.0477939285,0.9497510625,0.793386725
0,64,0.60071506575,0.77047124935,0.4122230373,0.5599702219
0,64,0.19926885845,0.6762035544,0.1410410025,0.4899148392
0,64,1.03757541235,0.89813826975,0.7095900105,0.6776565477
0,64,0.68267306345,0.5119823311,0.4577841983,0.3556809468
0,64,0.6656884511,0.5058674058,0.4482217254,0.354637069
0,64,0.8275887227000001,0.53561270175,0.5589038048,0.3727057931
0,64,1.4750828331,1.202574594,1.016639952,0.9432312734
0,64,1.4382370782,0.86869840675,0.9753839978,0.6597468733
0,64,1.0358577674,0.4828407842,0.6922877756,0.3302647276
0,64,0.40068936504999997,0.5627568561,0.2721580463,0.3987015382
0,64,0.9007346242500001,0.4775438288,0.6029803763,0.3305682018
0,64,0.91236351705,0.47695006934999995,0.6106275627,0.3309544653
