0,64,0.8926450586499999,1.0475664352,0.6153448045,0.7920766092
0,64,1.0022245332,1.1322408743999999,0.6847572638,0.8147589496
0,64,0.95261487895,1.09339429285,0.6636529631,0.8202200475
0,64,1.07779841385,0.49450390600000005,0.7212690853,0.3425956492
0,64,1.06506067085,0.4654602308,0.7118444471,0.3190959918
0,64,1.06026554805,0.46745879854999994,0.7086527927,0.3202814213
0,64,1.0560732688,0.46635890075,0.7061892528,0.3186930137
0,64,1.06506067085,0.4654602308,0.7118444471,0.3190959918
0,64,1.06026554805,0.46745879854999994,0.7086527927,0.3202814213
0,64,1.06506067085,0.4654602308,0.7118444471,0.3190959918
0,64,1.06026554805,0.46745879854999994,0.7086527927,0.3202814213
0,64,1.0560732688,0.46635890075,0.7061892528,0.3186930137
0,64,1.06506067085,0.4654602308,0.7118444471,0.3190959918
0,64,1.0560732688,0.46635890075,0.7061892528,0.3186930137
0,64,1.0560732688,0.46635890075,0.7061892528,0.3186930137
0,64,1.05626789795,0.50825275945,0.7065447137,0.3518527853
0,64,1.06266700345,0.49926919405,0.7103187129,0.3393458383
0,64,1.06069433475,0.50420907125,0.7098818441,0.3515405621
0,64,1.0758589547000001,0.45860137605,0.7186685922,0.3138567539
0,64,1.061190202,0.7509738203,0.7170867248,0.5333600854
0,64,1.06285854685,0.7493455196000001,0.7158927933,0.5280549032
0,64,1.0570664727999999,0.7437431966500001,0.7201326094,0.5247828933
0,64,1.00973770535,0.5860509111,0.6799521487,0.4064807396
0,64,1.011632104,0.5794176378,0.6800723068,0.401127503
0,64,1.00917578615,0.57800558215,0.6779466377,0.3983809577
0,64,1.0025801411000002,0.55405574105,0.672733896,0.3930083949
0,64,1.0999210462,0.52244774865,0.7390139198,0.3581157913
0,64,1.07020985865,0.4480352139,0.7146680033,0.305187501
0,64,1.0725890518,0.449117679,0.7161348124,0.3054075328
0,64,1.06263518975,0.4510741339,0.7097122691,0.3072180616
0,64,1.0613215712500002,0.45536932435,0.7084824829,0.3071552513
0,64,1.06625496965,0.43787633925,0.7118966127,0.2967916883
0,64,1.05079058105,0.5687703186,0.7045187773,0.402861902
0,64,1.05698771005,0.5708220989,0.7088983385,0.4031971078
0,64,1.0481592295,0.73004572745,0.705130658,0.5133213911
0,64,1.0560461573,0.7240651717,0.7154161024,0.5131579016
0,64,1.035525083,0.5189720950500001,0.6934903768,0.3588529305
0,64,1.0465140285499999,0.5130721741,0.7003728593,0.360374088
0,64,1.03812910275,0.5218782775999999,0.6956149137,0.3568551462
0,64,1.0350693826,0.5255554162,0.6931152092,0.3533382688
0,64,1.0296085232999999,0.51721441145,0.689467241,0.3575911265
0,64,1.0371583813,0.5169544622,0.6948284618,0.3585912428
0,64,1.0371583813,0.5169544622,0.6948284618,0.3585912428
0,64,1.02718688575,0.5169982074,0.6872224201,0.3576270204
0,64,1.06215445785,0.44256047025,0.7090926003,0.3000149909
0,64,1.0592403833000001,0.44210865415,0.70728429,0.2997585265
0,64,1.0615437465,0.44181388255,0.7085990798,0.2996523935
0,64,1.0658854019500001,0.44469706384999996,0.7113793649,0.3006130595
0,64,1.02740468345,0.5106676466,0.6871180073,0.3493845262
0,64,1.02450156565,0.5151418291000001,0.6859200655,0.356408674
0,64,1.0417662222,0.49372889785,0.6972896506,0.3391660259
0,64,1.0476037023,0.4952935394,0.701980883,0.339221393
0,64,1.04188708475,0.49361979600000006,0.6973635641,0.3367921636
0,64,1.0417662222,0.49372889785,0.6972896506,0.3391660259
0,64,1.0476037023,0.4952935394,0.701980883,0.339221393
0,64,1.04188708475,0.49361979600000006,0.6973635641,0.3367921636
0,64,1.0477098704,0.49387273465,0.701598678,0.3382800225
0,64,1.0477098704,0.49387273465,0.701598678,0.3382800225
0,64,0.9602810948,0.93440741065,0.655232256,0.6936872681
0,64,0.92056072015,0.7158880195999999,0.6266978073,0.5211256644
0,64,0.91542167165,0.7193514638,0.6182092115,0.5207276484
0,64,0.39155516450000005,0.6128622754499999,0.2673760016,0.4375395665
0,64,1.03907028805,0.5382532792,0.6959367241,0.3759874662
0,64,1.0349962265,0.5498323710499999,0.6934027974,0.3716611317
0,64,1.0640993539,0.47597069935,0.7116927994,0.3277369083
0,64,1.05699432265,0.47665547480000003,0.7068128891,0.327787052
0,64,0.9733776051,0.6779325995500001,0.6576295236,0.4897756381
0,64,0.924760861,0.7672795477500001,0.6276306168,0.5624964743
0,64,0.9314670090499999,0.75429323175,0.6294309921,0.5501746935
0,64,0.77390992955,0.5471794535000001,0.5220782549,0.3777771016
0,64,0.8215300897,0.5237603657,0.5522717174,0.3621045696
0,64,0.4705084958,0.6373454162000001,0.3192433252,0.4549622982
0,64,0.48156863645000003,0.63823814465,0.3278314031,0.4556378023
0,64,0.09539049865,0.73400440635,0.0758977483,0.5310337551
0,64,0.07209825419999999,0.73280056475,0.0626772162,0.5350455159
0,64,1.0855576461,0.56701293705,0.7282844064,0.4020112865
0,64,0.51327681225,0.6022188738500001,0.3485997865,0.4328247487
0,64,0.5685596615999999,0.8986730058,0.3923737974,0.6664930352
0,64,0.48609374704999997,0.6392167312,0.3317676299,0.459906811
0,64,0.7173427772000001,0.5551355291,0.4823440674,0.3826618076
0,64,0.71724292785,0.5606679904,0.4815454191,0.395364498
0,64,0.66777037365,0.5518989723500001,0.4493261671,0.3906603879
0,64,0.6936112394,0.5043117092,0.4651279424,0.3519555538
0,64,1.076124779,0.480321518,0.7195264596,0.3295278496
0,64,1.07351899595,0.4451730377,0.7165487577,0.3017880424
0,64,1.06932164705,0.44495241825,0.7142270201,0.3021564161
0,64,0.7543697893000001,0.49771193045,0.504716507,0.3407967423
0,64,0.7622739098,0.49815708680000004,0.5111995918,0.3423937684
0,64,1.0498669556,0.47746195345,0.7018054302,0.3258290955
0,64,1.05455671855,0.4772474714,0.7056439383,0.326138707
0,64,1.04954257355,0.46959716535,0.7010958307,0.3220463767
0,64,1.0529428905,0.4640076944,0.7035803838,0.3163729514
0,64,1.05759606405,0.4637050038,0.7066594781,0.317212598
0,64,1.06192588425,0.4450276992,0.7090248585,0.301967463
0,64,1.06386571075,0.444231602,0.7103961531,0.3026155448
0,64,1.0641749573000001,0.44171364160000004,0.7100227648,0.2966216696
0,64,1.0607284259999998,0.46024854579999996,0.7087309676,0.3144378468
0,64,1.0645674485,0.45791999569999997,0.7113067738,0.3131377658
0,64,1.0781009744499999,0.47240383369999994,0.7211903225,0.3252117006
0,64,1.0720255897,0.43082781315,0.7153629082,0.2910780435
0,64,1.07021222835,0.43110662,0.7141161893,0.2909827066
0,64,1.0650931457000001,0.4344648017,0.7105486824,0.2912595534
0,64,1.06495898455,0.43514298274999996,0.7106124567,0.2936610993
0,64,1.0613755002,0.43336314104999996,0.7084081286,0.2930087083
0,64,1.06197004135,0.434106744,0.7086623441,0.2930981574
0,64,1.06401236225,0.43379399855,0.7102271659,0.2933206703
0,64,1.05965359385,0.4373236481,0.7073195569,0.2963494048
0,64,1.0604669367,0.43460637339999997,0.7078541444,0.2927749352
0,64,1.07135469055,0.4382045256,0.7149903883,0.2959121048
0,64,1.07192963435,0.44536695299999995,0.7154836973,0.3017807298
0,64,1.0634977594000001,0.4426005591,0.7096464376,0.2976101804
0,64,1.06321224445,0.4440137248,0.7098404055,0.3015226984
0,64,1.07183353205,0.4722907491,0.7168070877,0.3253127716
0,64,1.0595684389,0.45518011,0.7078113832,0.311080044
0,64,1.0358714333,0.486177302,0.6926918754,0.335234704
0,64,1.0746428835000001,0.4497073033,0.7176637142,0.3062569586
0,64,1.06069426125,0.44733228745000003,0.7082197445,0.3036952023
0,64,1.0595582997,0.45114386500000003,0.7075700988,0.3070399468
0,64,1.05907007355,0.44949878455000003,0.7071429285,0.3021326501
0,64,1.06400068005,0.4477777702,0.7105576461,0.3046198582
0,64,1.0559341849500001,0.44521058020000004,0.7052871549,0.3024980204
0,64,1.09792251515,0.4719169562,0.7341998411,0.325936565
0,64,0.9112424115,0.603592558,0.613953011,0.4357034568
0,64,0.9424830659500001,0.5164504130500001,0.6311667113,0.3609800351
0,64,0.9540806595,0.5164950723,0.6380491938,0.360431675
0,64,0.9339284916499999,0.560944238,0.6273546533,0.3968668516
0,64,1.3433212867,0.8694004845,0.9013815514,0.6109184872
0,64,1.34020940005,0.8491603013,0.9080580327,0.627109661
0,64,1.2449593174,0.7575338142000001,0.8414597462,0.5491632666
0,64,1.21989389665,0.77558623785,0.8223734095,0.5488501935
0,64,0.9249858344,0.8907661766,0.636799423,0.6411180802
0,64,0.2462091389,0.8545600905,0.1769639402,0.5976263466
0,64,0.25963535785,0.8700708960000001,0.1940302543,0.6280686928
0,64,0.34458538465,0.8766245136499999,0.2408076825,0.6457766169
0,64,0.34458538465,0.8766245136499999,0.2408076825,0.6457766169
0,64,0.3102349834,0.8576482400500001,0.2253478492,0.6028112621
0,64,0.3721303764,0.89996250965,0.2596932544,0.6582276745
0,64,0.7754446274,0.52816021815,0.5209332562,0.3691351405
0,64,0.77146784365,0.53518106075,0.5182706053,0.3700639751
0,64,0.75077521055,0.5261561006,0.5042113087,0.3694959404
0,64,0.7439198395,0.5277225703499999,0.4999444546,0.3698495583
0,64,0.63078421245,0.5826630741500001,0.4261137875,0.4151571745
0,64,0.6253442197,0.58002967885,0.4234166044,0.4121223027
0,64,1.09681153425,0.5383923496999999,0.7355651109,0.3758179698
0,64,0.2857205939,0.72306856475,0.2017056542,0.5248818749
0,64,-0.005606261500000001,1.03139259625,0.0201870674,0.7545803177
0,64,1.08091211375,0.5202194206999999,0.7240435617,0.3640226984
0,64,0.7632578563000001,0.7758991792000001,0.5213253066,0.5757903124
0,64,0.90810467155,0.9077222544000001,0.6172002843,0.6709845568
0,64,0.7556814241,0.5199867224,0.5070764504,0.3660694512
0,64,0.51791595255,0.8063686865499999,0.3578380979,0.5961183779
0,64,0.91890075125,0.5636648628,0.6169972057,0.3963582322
0,64,0.93364547465,0.5636504986499999,0.6274827897,0.3980362195
0,64,0.7555668067,0.51991157205,0.5069903404,0.3659327311
0,64,0.8470583291,0.67813252155,0.570837389,0.4873825801
0,64,0.82764074135,0.6734267138,0.5601393219,0.4856390402
0,64,0.8152993101999999,0.6761924548,0.5496214098,0.4818221088
0,64,0.7997754821,0.68247132665,0.538583311,0.4860259567
0,64,0.7932772619,0.68023934235,0.533864012,0.4844692807
0,64,0.99639432685,0.99616694155,0.6747176591,0.6911282395
0,64,1.0025514867,0.9850401228000001,0.6826153874,0.7270807826
0,64,1.08292423725,0.86257577715,0.7318360771,0.6199115851
0,64,1.0409702189,0.692667548,0.701924309,0.5030893248
0,64,1.02497770835,0.703561799,0.6912563657,0.5112241028
0,64,1.1072124778,1.0563637244500002,0.7567258386,0.8133538801
0,64,0.45916144420000005,0.8857438198,0.3212122468,0.6643792936
0,64,0.38632398105,0.7461491170000001,0.2687680155,0.5280413226
0,64,0.6290791313,0.53386746435,0.4242606588,0.3743378153
0,64,0.40700441775,0.7302886765,0.2771943065,0.5137320736
0,64,0.41946450739999996,0.7134683228,0.288639885,0.5126247326
0,64,0.48312956409999996,0.587233076,0.3273513324,0.4082151386
0,64,0.49151809015,0.58563520115,0.3320315439,0.4066819675
0,64,0.4596025744,0.5668587843,0.3102768628,0.4015619516
0,64,0.47726438475,0.56747546095,0.3216248695,0.4019287583
0,64,0.66319067285,0.5423872001,0.4480733105,0.3759134258
0,64,0.6656894062,0.54099969395,0.4485251676,0.3743120905
0,64,0.2726825312,0.7637179707,0.1905525706,0.5536159386
0,64,0.68737953125,0.5325498519,0.4612613677,0.3662185766
0,64,0.6910069993,0.7628373210999999,0.4723880746,0.5572176698
0,64,0.72080268055,0.75171650925,0.4911027489,0.5516094053
0,64,0.1976804573,0.61226418185,0.1374397014,0.4340267305
0,64,0.6459673475000001,0.5145105422,0.4342413384,0.3599930478
0,64,0.72240710405,0.49443874525,0.4842552395,0.3442242763
0,64,0.7247724109,0.49309576774999997,0.4848390536,0.3356743759
0,64,0.6427737828,0.50301404395,0.4314114636,0.3523411645
0,64,0.64886084975,0.5138330793,0.4360837401,0.358540185
0,64,0.71467086875,0.5054288439,0.4802530341,0.3512005248
0,64,0.7070468262,0.4997121305,0.4740232832,0.3471638228
0,64,0.6661184133,0.6163700525,0.4480644938,0.4275717996
0,64,0.65502462215,0.61647197225,0.4423800573,0.4280018083
0,64,0.6405126603,0.61543540705,0.433688089,0.4298103783
0,64,0.55474297185,0.6651590027000001,0.3773924183,0.4610840138
0,64,0.54798414405,0.66322404505,0.3709428371,0.4616288047
0,64,0.5436827578000001,0.5676350581,0.3661333136,0.3939515132
0,64,0.5147869912,0.7979485201000001,0.358085407,0.5744070502
0,64,0.5311609511,0.7879790555499999,0.3655619898,0.5709413861
0,64,0.5640759161,0.80371315475,0.3878887294,0.5833259719
0,64,0.58899161355,0.78911270905,0.4065985545,0.5694980559
0,64,0.6033766881,0.81160674925,0.4166895902,0.5964349103
0,64,0.39473712045,0.6134537170500001,0.2676798847,0.4152090811
0,64,0.3924014966,0.6048467847500001,0.2676450586,0.4314723039
0,64,0.18827693709999999,0.64628079665,0.1315129882,0.4555462639
0,64,0.20423121735,0.60283870625,0.1421568325,0.4248884563
0,64,0.45192034145,0.61186821495,0.3082191861,0.4407619551
0,64,0.5638249332999999,0.65622734395,0.3834036614,0.4547715169
0,64,0.57357902315,0.64721531145,0.3903209699,0.4528138215
0,64,0.6490608424,0.53583860975,0.4362324488,0.3754665719
0,64,0.47839821560000007,0.5678426594,0.324073274,0.4039034294
0,64,1.0720411659,0.46512430689999995,0.7162774964,0.3173134078
0,64,1.07181442905,0.5013378847500001,0.7174768649,0.3483816367
0,64,1.0752960069,0.5155638220000001,0.7200913178,0.3612435074
0,64,1.08600524185,0.4961342959,0.7267796853,0.3449358212
0,64,1.0681450551,0.4968605315,0.714854477,0.3448805848
0,64,1.08396806405,0.49982044885,0.7257950041,0.3473162127
0,64,1.0785843514,0.5066723174,0.7223078424,0.3519951204
0,64,0.9429502789499999,0.8308413154000001,0.6402592529,0.6158810204
0,64,0.90985699565,0.8203953547,0.6194744115,0.6049441994
0,64,1.0761875247,0.55955438145,0.7223445788,0.3965230275
0,64,0.9542329684499999,0.7298715301,0.6463191349,0.5303169868
0,64,0.9710729866500001,0.73036199865,0.6565625529,0.5332686775
0,64,0.72078886765,0.79612179915,0.4917102213,0.5870686071
0,64,0.73428565715,0.8096418065,0.4985411259,0.5916867938
0,64,0.84385073105,0.74415479315,0.5711990217,0.5217907219
0,64,0.8947550642,0.86806754905,0.6073976372,0.6295366605
0,64,0.9171421820500001,0.87257064005,0.6255445797,0.6291196221
0,64,0.8277751229,0.76840168815,0.562806822,0.5425894073
0,64,0.6990317620000001,0.4861256566,0.4689767368,0.3370198998
0,64,0.8919733711,0.5933489153,0.5995077622,0.4232219602
0,64,1.064372305,0.487339096,0.712173164,0.3361135254
0,64,0.8737516252,0.60195300745,0.589300052,0.4349132879
0,64,0.77671497055,0.7015753754,0.5248716873,0.4877957436
0,64,0.9008731938,0.5981491996,0.6055948292,0.4239243644
0,64,0.86205283035,0.6053573237000001,0.5805249419,0.4336527472
0,64,0.77798487285,0.7132635037999999,0.5268254735,0.5210411774
0,64,1.34039655865,0.8541418995500001,0.9081788055,0.6273293337
0,64,1.0170433171,0.693944294,0.6860719844,0.5029902126
0,64,1.0415701235500001,0.8248604985500001,0.7080691255,0.6175169601
0,64,0.63932673725,0.7981185387,0.4398752257,0.5886016476
0,64,0.7043632356,0.4876720166,0.4719397442,0.3361337658
0,64,1.0714658745999999,0.48457100455,0.7172267638,0.3365998153
0,64,1.003194226,0.69468256915,0.6779219508,0.5026244505
0,64,1.0174554256000001,0.83286671795,0.6943927686,0.6164047875
0,64,0.21800799915,0.6096915976999999,0.1491366663,0.4279984132
0,64,0.2207948189,0.73143362535,0.1558482512,0.5358172595
0,64,0.07487364905,0.842449266,0.0686957331,0.6128876738
0,64,0.8275887227000001,0.53587928625,0.5589038048,0.3732389621
0,64,0.2204368599,0.6166165926,0.1522463252,0.4387690024
0,64,0.038557926150000005,0.6721240210999999,0.0331290645,0.4817223436
0,64,1.0557867987,0.5101729123,0.7069014972,0.356519157
0,64,1.06023226485,0.52441667415,0.7095584173,0.3563628495
0,64,1.07134155875,0.5248385868,0.7177428361,0.367733205
0,64,1.025748584,0.60457425865,0.6902609574,0.4293203015
0,64,1.04830668915,0.54295862985,0.7025034209,0.3811813919
0,64,1.01871776015,0.5347369491,0.6836382745,0.3744395392
0,64,0.41396338535,0.8877518548000001,0.2898570339,0.6709600072
0,64,0.80148313475,0.64044446945,0.5420573945,0.4643061411
0,64,1.0656375785,0.47575569495,0.7130955404,0.3291760599
0,64,1.0752021822,0.4682108895,0.7188518332,0.3208461914
0,64,1.0511301718500001,0.4673948783,0.7020418653,0.3196129686
0,64,1.0680765051,0.46015119645,0.7138703836,0.3146244495
0,64,1.07053137525,0.46075102795,0.7153183837,0.3151920923
0,64,1.0581933236999999,0.43969822869999997,0.7065320764,0.298682003
0,64,1.05638574815,0.44024556595,0.7053811999,0.2987445521
0,64,1.05478933315,0.45168036385,0.7046135571,0.3079612075
0,64,1.0571942419,0.45473534554999995,0.7057826548,0.3071722271
0,64,1.04086926735,0.48552543330000003,0.6958980775,0.3350983758
0,64,1.043933961,0.47160688770000003,0.69703808,0.319165723
0,64,1.0426202689,0.47535800544999995,0.6970806942,0.3266716149
0,64,1.095754262,0.48616568019999995,0.7334526236,0.3363430898
0,64,1.067663515,0.47050183180000005,0.7140324644,0.322793179
0,64,0.58609612755,0.53578056575,0.3951172683,0.3708999653
0,64,0.40068936504999997,0.5627568561,0.2721580463,0.3987015382
