1,149,0.7082084297,0.3065315885,0.0025224649999999738,0.01499324099999999,-1,-1,-1,-1
2,149,0.7080694194,0.3062902717,0.0025224649999999738,0.014881462299999981,-1,-1,-1,-1
3,149,0.7074735557,0.3063256596,0.0025224649999999738,0.014881462299999981,-1,-1,-1,-1
4,149,0.7075927284,0.3059726946,0.002601962499999999,0.014473783200000034,-1,-1,-1,-1
5,149,0.7067981946,0.306007952,0.002601962499999999,0.01447378309999997,-1,-1,-1,-1
6,149,0.7065598491,0.3055382461,0.002809155499999938,0.014166913899999967,-1,-1,-1,-1
7,149,0.7056235129,0.3059618563,0.0030304553000000123,0.013963466099999988,-1,-1,-1,-1
8,149,0.7054045642,0.3058183459,0.002962860500000053,0.01410697649999998,-1,-1,-1,-1
9,149,0.7050906888,0.3054980266,0.002821205099999946,0.013720712999999995,-1,-1,-1,-1
10,149,0.7054364514,0.3054770028,0.0026839579999999863,0.013905618000000008,-1,-1,-1,-1
11,149,0.7054364514,0.3054770028,0.0026839579999999863,0.013905618000000008,-1,-1,-1,-1
12,149,0.705784859,0.3053221318,0.0028336954000000025,0.013905618000000008,-1,-1,-1,-1
13,149,0.7060834521,0.3050234892,0.0028336954000000025,0.013562707900000026,-1,-1,-1,-1
14,149,0.7061076981,0.3049903212,0.0027161390000000063,0.013529539899999998,-1,-1,-1,-1
15,149,0.7064064381,0.3048908172,0.0027161391000000146,0.013529539899999998,-1,-1,-1,-1
16,149,0.7071157436,0.3046586412,0.0027161391000000146,0.013529539899999998,-1,-1,-1,-1
17,149,0.7078996974,0.3042936627,0.0028190008999999794,0.013529539899999998,-1,-1,-1,-1
18,149,0.709020744,0.3044725609,0.0023781645999999546,0.013529539899999998,-1,-1,-1,-1
19,149,0.7100797796,0.3044363895,0.0027015914999999335,0.013529539899999998,-1,-1,-1,-1
20,149,0.7108740196,0.3043278753,0.0027422953000000305,0.013024315600000003,-1,-1,-1,-1
21,149,0.7120347414,0.3042917039,0.002742295400000039,0.013024315600000003,-1,-1,-1,-1
22,149,0.7124012233,0.3040022021,0.0027422953000000305,0.013024315600000003,-1,-1,-1,-1
23,149,0.713134334,0.3038935574,0.0029663870999999675,0.013024315499999994,-1,-1,-1,-1
24,149,0.7135009628,0.3037488718,0.0027829992000000248,0.013024315499999994,-1,-1,-1,-1
25,149,0.7140915364,0.3035678842,0.0026404622000000266,0.013024315499999994,-1,-1,-1,-1
26,149,0.7144375929,0.3033868966,0.0025096807000000165,0.013024315499999994,-1,-1,-1,-1
27,149,0.7149311825,0.3031493667,0.002616510099999969,0.012942832000000015,-1,-1,-1,-1
28,149,0.7150795974,0.3031201162,0.002616510099999969,0.012942832000000015,-1,-1,-1,-1
29,149,0.7155742157,0.303002853,0.002715404299999946,0.012942831900000007,-1,-1,-1,-1
30,149,0.7156832492,0.3028090683,0.002715404299999946,0.011790439900000005,-1,-1,-1,-1
31,149,0.7155831793,0.3028447174,0.0027154043999999544,0.011790439799999997,-1,-1,-1,-1
32,149,0.7151698219,0.3027582716,0.002715404299999946,0.011790439900000005,-1,-1,-1,-1
33,149,0.7146032004,0.3026222045,0.002660740599999989,0.011790439900000005,-1,-1,-1,-1
34,149,0.714108729,0.3026728706,0.0023675845999999723,0.011790439799999997,-1,-1,-1,-1
35,149,0.7138330594,0.3024628936,0.002505419400000042,0.011790439900000005,-1,-1,-1,-1
36,149,0.7138728816,0.3023921178,0.002529665399999992,0.01179043989999995,-1,-1,-1,-1
37,149,0.7141119618,0.3020887743,0.002529665399999992,0.011790439900000005,-1,-1,-1,-1
38,149,0.7144875543,0.3020280533,0.002529665399999992,0.011790439900000005,-1,-1,-1,-1
39,149,0.7147884985,0.3019946242,0.002529665399999992,0.011790439900000005,-1,-1,-1,-1
40,149,0.7154469609,0.3015264853,0.002529665399999992,0.011790439900000005,-1,-1,-1,-1
41,149,0.7158822133,0.3014691595,0.002390654900000011,0.011790439900000005,-1,-1,-1,-1
42,149,0.7162369395,0.3014118337,0.0023906550000000193,0.011569885799999957,-1,-1,-1,-1
43,149,0.7165367081,0.3012399869,0.002542449599999941,0.011856384200000014,-1,-1,-1,-1
44,149,0.7168695395,0.301141397,0.0022919076999999843,0.011856384100000006,-1,-1,-1,-1
45,149,0.7169394855,0.3009550555,0.0024811733999999808,0.011856384200000014,-1,-1,-1,-1
46,149,0.7172016361,0.30080815,0.002533486000000029,0.011568579999999995,-1,-1,-1,-1
47,149,0.7170219219,0.3007017252,0.002533485900000021,0.011568579899999987,-1,-1,-1,-1
48,149,0.7172696719,0.3007017252,0.002533632799999963,0.011568579899999987,-1,-1,-1,-1
49,149,0.7172696719,0.3007017252,0.002533632799999963,0.011568579899999987,-1,-1,-1,-1
50,149,0.7172696719,0.3007017252,0.002533632799999963,0.011568579899999987,-1,-1,-1,-1
51,149,0.7170880473,0.3007311063,0.0025336328999999713,0.011568579899999987,-1,-1,-1,-1
52,149,0.7166423619,0.3005843313,0.0025336329000000823,0.011568579999999995,-1,-1,-1,-1
53,149,0.716130698,0.3004083059,0.002533632800000074,0.011568579899999987,-1,-1,-1,-1
54,149,0.7153383683,0.3003202932,0.002533632800000074,0.011568579900000042,-1,-1,-1,-1
55,149,0.7153138284,0.300056255,0.0024096109000000254,0.011568579899999987,-1,-1,-1,-1
56,149,0.7145942367,0.2999216243,0.002614158900000052,0.011568579899999987,-1,-1,-1,-1
57,149,0.7145763093,0.299730843,0.0026141589999999493,0.011568579899999987,-1,-1,-1,-1
58,149,0.7140395177,0.2994447364,0.0026141590000000603,0.011568579899999987,-1,-1,-1,-1
59,149,0.7138606852,0.2993175488,0.002614158899999941,0.011568579999999995,-1,-1,-1,-1
60,149,0.7134186734,0.2992266633,0.0025659608000000445,0.011568579900000042,-1,-1,-1,-1
61,149,0.7135106612,0.2990865481,0.002559495200000095,0.011568579899999987,-1,-1,-1,-1
62,149,0.7134174978,0.2991527535,0.002559495299999992,0.011568579900000042,-1,-1,-1,-1
63,149,0.7137207931,0.2990677442,0.002559495299999992,0.011568579900000042,-1,-1,-1,-1
64,149,0.7137357816,0.2987194802,0.0024895491999999964,0.011568579899999987,-1,-1,-1,-1
65,149,0.7139619306,0.2989071275,0.0023991777999999853,0.011568579900000042,-1,-1,-1,-1
66,149,0.7138412884,0.2988535886,0.0023991777999999853,0.011568579899999987,-1,-1,-1,-1
67,149,0.7137681096,0.298820943,0.0023991777999999853,0.011568579899999987,-1,-1,-1,-1
68,149,0.7136949307,0.298690752,0.0023991777999999853,0.011568579999999995,-1,-1,-1,-1
69,149,0.7133653322,0.298528046,0.0023991777999999853,0.012049907700000029,-1,-1,-1,-1
70,149,0.7130020831,0.2985639563,0.0023138025000000173,0.01204990760000002,-1,-1,-1,-1
71,149,0.7123608133,0.2980392751,0.0023289378999999943,0.01204990760000002,-1,-1,-1,-1
72,149,0.7122977737,0.2980392751,0.0023139494999999677,0.011070929399999985,-1,-1,-1,-1
73,149,0.7121088019,0.2981885311,0.002076779599999967,0.009896338200000021,-1,-1,-1,-1
74,149,0.7122958634,0.2980071518,0.0020767796000000782,0.009896338200000021,-1,-1,-1,-1
75,149,0.7121257006,0.2979165274,0.002076779599999967,0.010693153699999958,-1,-1,-1,-1
76,149,0.7123127622,0.297735148,0.002222255500000103,0.010693153800000021,-1,-1,-1,-1
77,149,0.7123298078,0.297735148,0.0022999897000000047,0.010693153800000021,-1,-1,-1,-1
78,149,0.7128107602,0.2976314654,0.0022520853999999924,0.010693153699999958,-1,-1,-1,-1
79,149,0.7126455935,0.2974846905,0.002323941799999951,0.010693153700000013,-1,-1,-1,-1
80,149,0.7127349363,0.2974846905,0.0022345990000000038,0.010693153700000013,-1,-1,-1,-1
81,149,0.7125756475,0.2974532201,0.0024077005999999512,0.010693153699999958,-1,-1,-1,-1
82,149,0.7125907829,0.2973453588,0.00225605299999998,0.010693153699999958,-1,-1,-1,-1
83,149,0.7123825612,0.29727615,0.00225605299999998,0.010693153699999958,-1,-1,-1,-1
84,149,0.7124494214,0.2971784741,0.002112634199999963,0.010612453600000016,-1,-1,-1,-1
85,149,0.7124901253,0.2968896253,0.0024407632999999818,0.01061245359999996,-1,-1,-1,-1
86,149,0.7128383859,0.2968504505,0.0021364393999999676,0.01049701850000001,-1,-1,-1,-1
87,149,0.7134332209,0.2969186146,0.002255171399999978,0.010274897399999983,-1,-1,-1,-1
88,149,0.7139266637,0.2968894947,0.0019097026000000072,0.010274897400000038,-1,-1,-1,-1
89,149,0.7145187067,0.2967726232,0.002189339800000023,0.010274897400000038,-1,-1,-1,-1
90,149,0.7148440439,0.2965596429,0.0019915511999999413,0.010078501000000017,-1,-1,-1,-1
91,149,0.7153233798,0.2963543669,0.0024708871999999937,0.010162074000000021,-1,-1,-1,-1
92,149,0.7154945712,0.2965301312,0.0021382027999999886,0.009712477800000008,-1,-1,-1,-1
93,149,0.715947457,0.2963864902,0.002174351300000099,0.00971247789999996,-1,-1,-1,-1
94,149,0.715947457,0.2963125804,0.002128210500000005,0.00971247789999996,-1,-1,-1,-1
95,149,0.716044441,0.2963372606,0.002225194400000019,0.009712477800000008,-1,-1,-1,-1
96,149,0.7155869999,0.2962386706,0.0023223253999999915,0.009712477900000016,-1,-1,-1,-1
97,149,0.715295901,0.2962139905,0.0023223253999999915,0.00971247789999996,-1,-1,-1,-1
98,149,0.7146860776,0.2961889187,0.0019618681999999943,0.009786779299999993,-1,-1,-1,-1
99,149,0.7136327728,0.29603235,0.0018964776000000017,0.009968942199999997,-1,-1,-1,-1
100,149,0.7125037912,0.2959192654,0.0018628270000000668,0.010275289199999982,-1,-1,-1,-1
101,149,0.711785522,0.2959187431,0.0018628269999999558,0.010275289199999982,-1,-1,-1,-1
102,149,0.7113477716,0.2957241749,0.0019454104000000694,0.010275289199999982,-1,-1,-1,-1
103,149,0.7115533482,0.2957877687,0.0019454103999999584,0.010275289099999974,-1,-1,-1,-1
104,149,0.71203577,0.2957162094,0.0019201358000000557,0.009930289700000039,-1,-1,-1,-1
105,149,0.7127743177,0.295637468,0.0019201358000000557,0.00972501379999996,-1,-1,-1,-1
106,149,0.713607939,0.2954639237,0.0019201358000000557,0.00972501379999996,-1,-1,-1,-1
107,149,0.7138625955,0.2952254797,0.0019201357000000474,0.009963457799999964,-1,-1,-1,-1
108,149,0.7139288678,0.2951547039,0.0019201358000000557,0.009963457700000011,-1,-1,-1,-1
109,149,0.7136787667,0.2951344636,0.0019201358000000557,0.009963457700000011,-1,-1,-1,-1
110,149,0.7136235153,0.2948154501,0.0019201356999999364,0.00996345780000002,-1,-1,-1,-1
111,149,0.7132327874,0.2951310684,0.0018324093000000596,0.009337575000000042,-1,-1,-1,-1
112,149,0.7133241875,0.2950383547,0.0018366706999999316,0.008919710500000011,-1,-1,-1,-1
113,149,0.712867628,0.2948991536,0.0017583488999999286,0.008873353599999967,-1,-1,-1,-1
114,149,0.7128416187,0.2949455105,0.0018496020000000613,0.008873353599999967,-1,-1,-1,-1
115,149,0.7127111312,0.2949455105,0.0021496645000000925,0.008873353599999967,-1,-1,-1,-1
116,149,0.7127371405,0.2949383284,0.002011829699999912,0.008873353600000022,-1,-1,-1,-1
117,149,0.7125029095,0.2949383284,0.0018903059000000555,0.008873353600000022,-1,-1,-1,-1
118,149,0.7123445024,0.2947975603,0.0021614200999999778,0.008873353600000022,-1,-1,-1,-1
119,149,0.7123738914,0.2947252175,0.002050476400000001,0.008873353599999967,-1,-1,-1,-1
120,149,0.7122516329,0.2945079279,0.0020504762999999926,0.009192758899999987,-1,-1,-1,-1
121,149,0.7121293743,0.2946527441,0.0018332909999999591,0.009023915400000027,-1,-1,-1,-1
122,149,0.7120071157,0.294511976,0.0019768567000000292,0.009237156899999988,-1,-1,-1,-1
123,149,0.7119489253,0.2944498186,0.0019768567000000292,0.009184923899999975,-1,-1,-1,-1
124,149,0.7113204398,0.2943586719,0.0020212341999999994,0.009221878800000027,-1,-1,-1,-1
125,149,0.7109815836,0.2942902466,0.0019368875999999924,0.009108010699999947,-1,-1,-1,-1
126,149,0.7105198811,0.2941990999,0.0019368875999999924,0.009108010700000002,-1,-1,-1,-1
127,149,0.7098143962,0.2940284284,0.0017443890000000684,0.009278682199999999,-1,-1,-1,-1
128,149,0.7088577815,0.293881784,0.0019238094000000316,0.009278682300000007,-1,-1,-1,-1
129,149,0.7083636041,0.2938342519,0.0016844353000000645,0.008680874800000016,-1,-1,-1,-1
130,149,0.7076578253,0.2936917862,0.001655780899999959,0.008538539699999959,-1,-1,-1,-1
131,149,0.7074537181,0.2934273563,0.001756879400000022,0.008538539700000014,-1,-1,-1,-1
132,149,0.7070460915,0.2936514362,0.0016600424000000613,0.00822383539999999,-1,-1,-1,-1
133,149,0.7068569727,0.2934721462,0.0016600423999999503,0.00822383539999999,-1,-1,-1,-1
134,149,0.7062136457,0.2934721462,0.0020055110000000154,0.00822383539999999,-1,-1,-1,-1
135,149,0.7061920447,0.2935105375,0.0020055111000000236,0.00822383539999999,-1,-1,-1,-1
136,149,0.7061680926,0.2935105375,0.0019451164999999548,0.00822383539999999,-1,-1,-1,-1
137,149,0.7063348757,0.2934257893,0.0019451164000000576,0.008223835499999999,-1,-1,-1,-1
138,149,0.7065645514,0.2934257893,0.0019002981000000307,0.00794752249999997,-1,-1,-1,-1
139,149,0.7067783569,0.2933458728,0.001723522799999988,0.0077212226999999745,-1,-1,-1,-1
140,149,0.7070654883,0.2932891999,0.0017655491999999384,0.0077212226999999745,-1,-1,-1,-1
141,149,0.7073818618,0.2931027278,0.00167032850000004,0.00782438299999999,-1,-1,-1,-1
142,149,0.707674577,0.293046969,0.0016703285999999373,0.00782438299999999,-1,-1,-1,-1
143,149,0.7075700988,0.2929354514,0.001616252699999987,0.00782438299999999,-1,-1,-1,-1
144,149,0.7074446075,0.2929035892,0.0016162525999999788,0.007824383099999999,-1,-1,-1,-1
145,149,0.7073280797,0.2927920716,0.001616252699999987,0.008323078300000009,-1,-1,-1,-1
146,149,0.7073774534,0.2927219488,0.001618162899999942,0.0083230782,-1,-1,-1,-1
147,149,0.7073859762,0.2925113189,0.0015548294999999657,0.0083230782,-1,-1,-1,-1
148,149,0.707731151,0.2925773937,0.0015787816000000232,0.008605006299999995,-1,-1,-1,-1
149,149,0.7081525905,0.292598287,0.0015777528999999513,0.008766798099999973,-1,-1,-1,-1
150,149,0.7085491961,0.2924573883,0.0015777529999999595,0.008766798099999973,-1,-1,-1,-1
151,149,0.7087732879,0.2924993053,0.0015777528999999513,0.008766798199999981,-1,-1,-1,-1
152,149,0.7094825934,0.2924167771,0.0016797331000000248,0.008766798099999973,-1,-1,-1,-1
153,149,0.7097722228,0.2925751738,0.0016797331000000248,0.008766798200000037,-1,-1,-1,-1
154,149,0.7099216663,0.2923295478,0.0016797331000000248,0.008766798200000037,-1,-1,-1,-1
155,149,0.7100199728,0.2923514857,0.0016797331000000248,0.008766798199999981,-1,-1,-1,-1
156,149,0.7100399574,0.2922455832,0.0016797330999999138,0.008766798100000028,-1,-1,-1,-1
157,149,0.7100655259,0.2922228618,0.0016797330999999138,0.008766798099999973,-1,-1,-1,-1
158,149,0.7098793461,0.2920670767,0.0016797330000000166,0.008766798100000028,-1,-1,-1,-1
159,149,0.7100171809,0.2920670767,0.0015089823999999696,0.008405345300000033,-1,-1,-1,-1
160,149,0.7099294544,0.291969662,0.0015226484000000484,0.008638957700000005,-1,-1,-1,-1
161,149,0.7099513493,0.2919502052,0.0015226483999999374,0.008638957700000005,-1,-1,-1,-1
162,149,0.7099513493,0.2918333337,0.0014115577000000101,0.008380012300000017,-1,-1,-1,-1
163,149,0.7101531054,0.2914472007,0.0014115576000000019,0.008380012299999962,-1,-1,-1,-1
164,149,0.7104387673,0.2914939493,0.0014115576000000019,0.008380012300000017,-1,-1,-1,-1
165,149,0.7109665952,0.2917173763,0.0015821612999999957,0.008110097900000002,-1,-1,-1,-1
166,149,0.7114296202,0.2917173763,0.0015821612999999957,0.008110097900000002,-1,-1,-1,-1
167,149,0.7117739133,0.2916541743,0.0015105989000000486,0.008110097900000002,-1,-1,-1,-1
168,149,0.71186884,0.2916753287,0.001617428200000104,0.008110097900000002,-1,-1,-1,-1
169,149,0.7121943241,0.2916391573,0.0016412333999999973,0.008110097900000002,-1,-1,-1,-1
170,149,0.7123865287,0.2916391573,0.0015752548999999894,0.008110097900000002,-1,-1,-1,-1
171,149,0.712428849,0.2916203533,0.001536902100000015,0.008110097999999955,-1,-1,-1,-1
172,149,0.7124172403,0.2915374334,0.0015369022000000232,0.008110097900000002,-1,-1,-1,-1
173,149,0.7120370925,0.2913950982,0.0015986191999999289,0.008110097900000002,-1,-1,-1,-1
174,149,0.7118369529,0.291377339,0.0014485878999999091,0.008110097900000002,-1,-1,-1,-1
175,149,0.7110762165,0.2912206398,0.0017011871000000012,0.008110097900000002,-1,-1,-1,-1
176,149,0.7108938572,0.2911990937,0.0017011871000000012,0.008110097900000002,-1,-1,-1,-1
177,149,0.7105397188,0.2911369363,0.001701186999999993,0.008024174500000036,-1,-1,-1,-1
178,149,0.710646842,0.2910733425,0.0018068408000000424,0.008024174499999981,-1,-1,-1,-1
179,149,0.7106074606,0.2909717492,0.001728371999999978,0.008195629599999976,-1,-1,-1,-1
180,149,0.7109992171,0.2908944443,0.0016644506999999864,0.007906650100000023,-1,-1,-1,-1
181,149,0.7111361702,0.2908646714,0.0016394699999999762,0.007626942099999978,-1,-1,-1,-1
182,149,0.7113226439,0.2908611457,0.0016929582000000387,0.0079889172,-1,-1,-1,-1
183,149,0.7113226439,0.290810349,0.0016547524000000147,0.007918010799999986,-1,-1,-1,-1
184,149,0.7112061162,0.2908334622,0.0016510787000000304,0.007918010799999986,-1,-1,-1,-1
185,149,0.7111617387,0.2907940262,0.001495757399999964,0.007918010799999986,-1,-1,-1,-1
186,149,0.7106533076,0.2906263581,0.0018155105999999588,0.007918010800000042,-1,-1,-1,-1
187,149,0.7105886516,0.290420168,0.0015383715000000242,0.008004456500000035,-1,-1,-1,-1
188,149,0.7103159209,0.290503088,0.001517652199999997,0.007860946199999996,-1,-1,-1,-1
189,149,0.7101989523,0.2906264886,0.0016651855000000548,0.007633732399999982,-1,-1,-1,-1
190,149,0.7101989523,0.2905634172,0.0015796633000000337,0.0076337322999999735,-1,-1,-1,-1
191,149,0.7103713193,0.2905636784,0.0016200732000000162,0.0076875323999999745,-1,-1,-1,-1
192,149,0.7103985042,0.2903397291,0.0015727568000000192,0.0076875323999999745,-1,-1,-1,-1
193,149,0.7106077545,0.2902958533,0.0016603361999999455,0.0076875323999999745,-1,-1,-1,-1
194,149,0.7105954111,0.2901964799,0.001633886100000037,0.007808843699999957,-1,-1,-1,-1
195,149,0.7107698353,0.2902198542,0.0017643735999999244,0.0077235732,-1,-1,-1,-1
196,149,0.7107257517,0.290136673,0.0016234528999999887,0.007728796599999976,-1,-1,-1,-1
197,149,0.7109436717,0.2900286812,0.0015915658000000832,0.007664680399999957,-1,-1,-1,-1
198,149,0.7108261154,0.2899764481,0.0014053859000000557,0.007664680400000012,-1,-1,-1,-1
199,149,0.7107150246,0.2899216034,0.0014233133000000064,0.007653711499999993,-1,-1,-1,-1
200,149,0.7102353948,0.2896676201,0.0016910479000000755,0.00795927489999998,-1,-1,-1,-1
201,149,0.7101960134,0.2897374818,0.0016141953999999625,0.007959274900000035,-1,-1,-1,-1
202,149,0.7100048374,0.2897774401,0.0016141954000000736,0.00795927489999998,-1,-1,-1,-1
203,149,0.7100273201,0.2897175027,0.0016141953999999625,0.00795927489999998,-1,-1,-1,-1
204,149,0.7099103515,0.2896985682,0.0016141953999999625,0.00795927489999998,-1,-1,-1,-1
205,149,0.7100377532,0.2897147604,0.0016141954000000736,0.007959274999999988,-1,-1,-1,-1
206,149,0.7101150465,0.2895925351,0.0016350616999999401,0.007959274900000035,-1,-1,-1,-1
207,149,0.710361474,0.2894240834,0.0015671727999999607,0.007959274900000035,-1,-1,-1,-1
208,149,0.710388365,0.2895673326,0.001690166199999954,0.00795927489999998,-1,-1,-1,-1
209,149,0.7105264937,0.2895468311,0.001517505300000055,0.00795927489999998,-1,-1,-1,-1
210,149,0.7104459676,0.2895468311,0.0016670957000000097,0.007668206199999972,-1,-1,-1,-1
211,149,0.7103652945,0.2894854573,0.001614489300000077,0.007508634099999967,-1,-1,-1,-1
212,149,0.7103187129,0.2895019107,0.0017001583999999292,0.007508634100000022,-1,-1,-1,-1
213,149,0.7103066633,0.2894804951,0.0015899494000000125,0.00731119320000001,-1,-1,-1,-1
214,149,0.7104408245,0.2895034777,0.0018093389000000126,0.007214953699999971,-1,-1,-1,-1
215,149,0.7105317837,0.2894255198,0.0015742261999999174,0.007191971200000036,-1,-1,-1,-1
216,149,0.7105317837,0.2893373765,0.0017064770999999368,0.00728011449999999,-1,-1,-1,-1
217,149,0.7104950474,0.2892565458,0.001769663599999971,0.007360945200000024,-1,-1,-1,-1
218,149,0.7105845371,0.2892168487,0.0016601893000000034,0.007235063400000019,-1,-1,-1,-1
219,149,0.7106796108,0.2890856131,0.0015495394000000218,0.007235063499999972,-1,-1,-1,-1
220,149,0.710838018,0.2891418943,0.0015811326000000347,0.007235063400000019,-1,-1,-1,-1
221,149,0.7108264093,0.288955814,0.0013784949000000823,0.007235063400000019,-1,-1,-1,-1
222,149,0.7109801142,0.2889948582,0.001444914200000036,0.007235063400000019,-1,-1,-1,-1
223,149,0.7108712276,0.2889948582,0.0015438086000000295,0.007235063400000019,-1,-1,-1,-1
224,149,0.7109232463,0.2890132703,0.0015056026999999972,0.007235063499999972,-1,-1,-1,-1
225,149,0.7108876855,0.2889658688,0.0015056026999999972,0.007235063499999972,-1,-1,-1,-1
226,149,0.7107699822,0.2889136358,0.0015056028000000055,0.007235063399999964,-1,-1,-1,-1
227,149,0.7106337638,0.2888962683,0.0016175752000000543,0.007235063400000019,-1,-1,-1,-1
228,149,0.7105478008,0.2886424155,0.0017554099000000045,0.007235063499999972,-1,-1,-1,-1
229,149,0.7105001904,0.2888540901,0.0015793694000000302,0.007235063399999964,-1,-1,-1,-1
230,149,0.7105597033,0.2887483181,0.0015436616000000791,0.007235063399999964,-1,-1,-1,-1
231,149,0.7107084121,0.288857224,0.0014926714999999868,0.007235063499999972,-1,-1,-1,-1
232,149,0.7109879023,0.2888057745,0.0014347749999999992,0.006957183500000019,-1,-1,-1,-1
233,149,0.711126031,0.2886924287,0.0018977999999999495,0.006944255800000021,-1,-1,-1,-1
234,149,0.7113702543,0.2886546903,0.0015063373999999463,0.0069442557999999655,-1,-1,-1,-1
