186,133,0.8083884576,0.2299212989,0.0027587443000000045,0.01262978440000001,-1,-1,-1,-1
187,133,0.809057191,0.2300698724,0.0027587444000000128,0.01262978440000001,-1,-1,-1,-1
188,133,0.8104784685,0.2296240221,0.0027587443999999017,0.012629784500000019,-1,-1,-1,-1
189,133,0.8118159354,0.2293267454,0.0027587443000000045,0.01262978449999999,-1,-1,-1,-1
190,133,0.8127355168,0.2293267454,0.0027587444000000128,0.01262978449999999,-1,-1,-1,-1
191,133,0.8144074964,0.2294753189,0.0027587443000000045,0.01262978449999999,-1,-1,-1,-1
192,133,0.8152434131,0.2296238924,0.0027587444000000128,0.01262978440000001,-1,-1,-1,-1
193,133,0.8160793299,0.2294753189,0.002842554999999969,0.013372911399999993,-1,-1,-1,-1
194,133,0.8165808799,0.2291781719,0.002926219800000074,0.014264352300000005,-1,-1,-1,-1
195,133,0.8174169427,0.2293267454,0.0030932570999999687,0.014561629100000001,-1,-1,-1,-1
196,133,0.8180858222,0.2297724659,0.0030932569999999604,0.014561628999999993,-1,-1,-1,-1
197,133,0.8187545556,0.2299210394,0.0030932569999999604,0.014561628999999993,-1,-1,-1,-1
198,133,0.8190052576,0.2299210394,0.0030932570999999687,0.014561628999999993,-1,-1,-1,-1
199,133,0.819924839,0.2299210394,0.0030932570999999687,0.014561628999999993,-1,-1,-1,-1
200,133,0.8213459705,0.2300696128,0.0030932570999999687,0.014561629100000001,-1,-1,-1,-1
201,133,0.8213459705,0.2300696128,0.0030932570999999687,0.014561629100000001,-1,-1,-1,-1
202,133,0.8227671021,0.2297724659,0.0030932569999999604,0.014561628999999993,-1,-1,-1,-1
203,133,0.8236030188,0.2300697426,0.0030932571000000797,0.014561629100000001,-1,-1,-1,-1
204,133,0.8238538669,0.23081261,0.0033442511000000286,0.015453069999999985,-1,-1,-1,-1
205,133,0.8244390816,0.231109757,0.0033442511000000286,0.015453070000000013,-1,-1,-1,-1
206,133,0.8254421817,0.2306640365,0.0033442510999999175,0.015453069999999985,-1,-1,-1,-1
207,133,0.8259437318,0.23081261,0.0033442511000000286,0.015453069999999985,-1,-1,-1,-1
208,133,0.8268633132,0.2309611835,0.0034279158000000143,0.01575021700000001,-1,-1,-1,-1
209,133,0.8282009261,0.23081261,0.0024248156000000742,0.01589879050000001,-1,-1,-1,-1
210,133,0.8290369888,0.23081261,0.003344251200000037,0.01589879050000001,-1,-1,-1,-1
211,133,0.830040089,0.23081261,0.004347497199999939,0.016344640699999996,-1,-1,-1,-1
212,133,0.8315448852,0.23081261,0.0035115803999999917,0.01693893460000001,-1,-1,-1,-1
213,133,0.8335513774,0.231109757,0.0035115805,0.01693893460000001,-1,-1,-1,-1
214,133,0.8347218069,0.2312584603,0.0038458011999999986,0.016493084300000016,-1,-1,-1,-1
215,133,0.8367282992,0.2317043105,0.003761990400000026,0.0161958076,-1,-1,-1,-1
216,133,0.8382329493,0.2317043105,0.003761990499999923,0.0161958076,-1,-1,-1,-1
217,133,0.8398212642,0.2317043105,0.003761990499999923,0.0161958076,-1,-1,-1,-1
218,133,0.8404901436,0.2317043105,0.003761990500000034,0.0161958076,-1,-1,-1,-1
219,133,0.8414935358,0.231852884,0.003176629699999989,0.016641657799999987,-1,-1,-1,-1
220,133,0.8426639653,0.2314071635,0.0036783258000000485,0.017830245799999977,-1,-1,-1,-1
221,133,0.8440014321,0.2321501607,0.0038456551000000117,0.016938675099999995,-1,-1,-1,-1
222,133,0.8449210135,0.2320015872,0.003761990499999923,0.016938675099999995,-1,-1,-1,-1
223,133,0.8462584804,0.2321501607,0.004514534500000056,0.017087248599999993,-1,-1,-1,-1
224,133,0.8489433428,0.2336940274,0.0037453452000000276,0.0157181666,-1,-1,-1,-1
225,133,0.8510754051,0.2334133597,0.0037453451000000193,0.015998834300000014,-1,-1,-1,-1
226,133,0.8525758209,0.2336940274,0.004298145300000056,0.01585843549999999,-1,-1,-1,-1
227,133,0.8552608294,0.233272961,0.004297999299999966,0.016279501899999993,-1,-1,-1,-1
228,133,0.8575510223,0.2342553627,0.0034292298999999415,0.01501643259999999,-1,-1,-1,-1
229,133,0.8586566226,0.2343957614,0.004218861000000018,0.01515670149999998,-1,-1,-1,-1
230,133,0.8613414851,0.233974695,0.0033502376000000833,0.015156701599999989,-1,-1,-1,-1
231,133,0.863394555,0.2342554924,0.0033503837000000702,0.015156701600000017,-1,-1,-1,-1
232,133,0.8650529555,0.2341152235,0.0036662067999999604,0.014875904100000004,-1,-1,-1,-1
233,133,0.8675799793,0.2359397578,0.0031922530000000338,0.013612705099999983,-1,-1,-1,-1
234,133,0.869554203,0.2362205552,0.0031922530000000338,0.013612705100000011,-1,-1,-1,-1
