1,707,0.4978696898,0.3722486007,0.010370916399999985,0.05231278960000002,-1,-1,-1,-1
2,707,0.5058555057,0.3700270053,0.01101935409999999,0.051905477700000036,-1,-1,-1,-1
3,707,0.5138448258,0.3683278177,0.008797056699999972,0.05190547769999998,-1,-1,-1,-1
4,707,0.5215317558,0.3669692462,0.009582161300000003,0.05037977720000003,-1,-1,-1,-1
5,707,0.5297593669,0.3658101135,0.008277693199999936,0.05037977720000003,-1,-1,-1,-1
6,707,0.537284516,0.3641158567,0.008277693099999928,0.050379777199999976,-1,-1,-1,-1
7,707,0.5439067289,0.362778306,0.009883237399999967,0.0494880768,-1,-1,-1,-1
8,707,0.5523851881,0.3616190436,0.009883237399999967,0.049488076699999994,-1,-1,-1,-1
9,707,0.558555933,0.3598357724,0.009883237400000078,0.0494880768,-1,-1,-1,-1
10,707,0.5637232857,0.3579632275,0.009883237400000078,0.05029063310000004,-1,-1,-1,-1
11,707,0.5679374743,0.3564473886,0.010334559400000054,0.04841808819999999,-1,-1,-1,-1
12,707,0.573255219,0.3548422759,0.009531933400000026,0.04841808819999999,-1,-1,-1,-1
13,707,0.5766164075,0.3527022987,0.009531933300000017,0.04797236769999996,-1,-1,-1,-1
14,707,0.5812319822,0.3508297537,0.009531933299999906,0.04734822929999999,-1,-1,-1,-1
15,707,0.5847939367,0.3491356267,0.008679079199999995,0.04592140480000001,-1,-1,-1,-1
16,707,0.5890582073,0.3475306438,0.00837814910000001,0.045475554500000015,-1,-1,-1,-1
17,707,0.5929212378,0.3463715111,0.00812730110000004,0.045475554500000015,-1,-1,-1,-1
18,707,0.5959457234,0.3453906665,0.009868782200000092,0.04504566459999998,-1,-1,-1,-1
19,707,0.6007833818,0.3434416938,0.009223848700000037,0.04504566459999998,-1,-1,-1,-1
20,707,0.6043770208,0.3418695398,0.009223848700000037,0.044306430399999985,-1,-1,-1,-1
21,707,0.6085787984,0.3399042175,0.008823192700000093,0.044306430399999985,-1,-1,-1,-1
22,707,0.6123383067,0.3382337065,0.00771744640000005,0.04332363950000001,-1,-1,-1,-1
23,707,0.6168719688,0.3368580068,0.008601985100000098,0.04293060100000001,-1,-1,-1,-1
24,707,0.6206314771,0.3357771185,0.008989062000000048,0.042242751199999984,-1,-1,-1,-1
25,707,0.6243357929,0.3343031916,0.0084913083,0.042242751199999984,-1,-1,-1,-1
26,707,0.6296038937,0.3328571629,0.008858673599999922,0.042242751099999976,-1,-1,-1,-1
27,707,0.6330077176,0.3314542139,0.00930240300000007,0.04107557349999996,-1,-1,-1,-1
28,707,0.6381382754,0.3301391115,0.008907733499999959,0.041075573399999954,-1,-1,-1,-1
29,707,0.6416408031,0.3286014732,0.008907733499999959,0.041210392500000026,-1,-1,-1,-1
30,707,0.6460313738,0.3269355038,0.008365154200000058,0.04121039249999997,-1,-1,-1,-1
31,707,0.6491393781,0.3257079883,0.0069343858000000536,0.040245767800000054,-1,-1,-1,-1
32,707,0.6522472363,0.3239543022,0.0073292013999999295,0.0402457678,-1,-1,-1,-1
33,707,0.6534312449,0.3224636365,0.0075758150999999385,0.03936911930000003,-1,-1,-1,-1
34,707,0.6553550945,0.321236121,0.0073292014000000405,0.03936911940000004,-1,-1,-1,-1
35,707,0.6568844207,0.3200086056,0.0073292014000000405,0.03936911929999998,-1,-1,-1,-1
36,707,0.6589564722,0.3187810901,0.0073292014000000405,0.038492211399999976,-1,-1,-1,-1
37,707,0.6605845022,0.3175535747,0.009992892199999992,0.038492211399999976,-1,-1,-1,-1
38,707,0.6619164206,0.3164136462,0.007674372999999957,0.03761543319999999,-1,-1,-1,-1
39,707,0.664037678,0.3149231103,0.010584969499999985,0.03761543320000005,-1,-1,-1,-1
40,707,0.6655176522,0.3136955949,0.007477111199999942,0.0369138289,-1,-1,-1,-1
41,707,0.6683295448,0.3121173422,0.008414360100000073,0.0369138289,-1,-1,-1,-1
42,707,0.669858871,0.31080211,0.0069343858000000536,0.036212484200000006,-1,-1,-1,-1
43,707,0.6725722057,0.309837615,0.007526317100000068,0.03568631350000001,-1,-1,-1,-1
44,707,0.6748908709,0.3091361405,0.007526317099999957,0.03568631350000001,-1,-1,-1,-1
45,707,0.6778292096,0.3077331916,0.0073505190999999526,0.03568631350000001,-1,-1,-1,-1
46,707,0.6814304412,0.3072948674,0.009866446100000092,0.035511009699999985,-1,-1,-1,-1
47,707,0.6846863553,0.3060673519,0.007005201500000058,0.03551100979999999,-1,-1,-1,-1
48,707,0.6875617629,0.3051655303,0.0089607357,0.034795261899999985,-1,-1,-1,-1
49,707,0.6907754796,0.3040381884,0.006846340900000025,0.034795261899999985,-1,-1,-1,-1
50,707,0.6932702349,0.3030612367,0.008368658400000006,0.034118700999999974,-1,-1,-1,-1
51,707,0.6966953765,0.302009025,0.006804143400000018,0.03411870100000003,-1,-1,-1,-1
52,707,0.6999512905,0.3005059025,0.007649696999999955,0.03411870100000003,-1,-1,-1,-1
53,707,0.7022346209,0.2998294714,0.007396074700000033,0.03336726950000002,-1,-1,-1,-1
54,707,0.7051100285,0.2988098291,0.00777658119999991,0.03303417940000003,-1,-1,-1,-1
55,707,0.7064171249,0.2979488814,0.0063849440000000035,0.03291817530000002,-1,-1,-1,-1
56,707,0.7092923866,0.2970470598,0.0063849440000000035,0.032811903099999984,-1,-1,-1,-1
57,707,0.7114911762,0.2962203683,0.006215862499999947,0.03209135420000003,-1,-1,-1,-1
58,707,0.7144511246,0.2954688071,0.0071039053999999435,0.03209135409999997,-1,-1,-1,-1
59,707,0.7178337768,0.2945669855,0.0066810555999999854,0.032091354100000025,-1,-1,-1,-1
60,707,0.7200325664,0.2943414652,0.0063005493000000135,0.0315653132,-1,-1,-1,-1
61,707,0.7233730212,0.2938154242,0.007019364699999975,0.031114272599999993,-1,-1,-1,-1
62,707,0.7259946606,0.2929134729,0.006807939800000051,0.031114272599999993,-1,-1,-1,-1
63,707,0.7296310811,0.2919363913,0.007273132899999979,0.031114272599999993,-1,-1,-1,-1
64,707,0.7323372612,0.2910345697,0.0065543175000000176,0.030813751999999972,-1,-1,-1,-1
65,707,0.7349165573,0.2901326184,0.0065543174999999065,0.03081375190000002,-1,-1,-1,-1
66,707,0.7364388748,0.289230667,0.00623718019999997,0.03081375190000002,-1,-1,-1,-1
67,707,0.7395557858,0.2884575659,0.006490948399999974,0.03081375190000002,-1,-1,-1,-1
68,707,0.7420204627,0.2886137951,0.005481277799999962,0.029410024400000012,-1,-1,-1,-1
69,707,0.7447387618,0.2868471331,0.006454591500000051,0.03081375190000002,-1,-1,-1,-1
70,707,0.7468592891,0.2864775808,0.006454591600000059,0.030555402799999964,-1,-1,-1,-1
71,707,0.748397668,0.2859545243,0.006454591600000059,0.029378752600000002,-1,-1,-1,-1
72,707,0.7506845027,0.2855133454,0.006454591500000051,0.029376546700000006,-1,-1,-1,-1
73,707,0.7519318803,0.2847841026,0.005599693299999986,0.029075766500000044,-1,-1,-1,-1
74,707,0.7539277137,0.2840387698,0.00683071759999998,0.028929528600000032,-1,-1,-1,-1
75,707,0.7557988532,0.2834474603,0.007745334600000042,0.028589561399999963,-1,-1,-1,-1
76,707,0.7595409861,0.2826345232,0.007579173300000019,0.02892952870000004,-1,-1,-1,-1
77,707,0.7619110474,0.2820433435,0.006441012399999946,0.028412311299999993,-1,-1,-1,-1
78,707,0.7654018942,0.2815317057,0.006223016999999942,0.028225848299999967,-1,-1,-1,-1
79,707,0.7676560222,0.2809961924,0.0068733530000000265,0.028412311199999984,-1,-1,-1,-1
80,707,0.7713863282,0.2805775914,0.0059615101000000115,0.027993191299999998,-1,-1,-1,-1
81,707,0.7736260011,0.2800895697,0.006873352900000018,0.027370739799999988,-1,-1,-1,-1
82,707,0.7773478383,0.2794621873,0.005547421100000061,0.027509451600000012,-1,-1,-1,-1
83,707,0.7801460058,0.27876227,0.005616484599999971,0.027092407700000043,-1,-1,-1,-1
84,707,0.7835631168,0.2784830297,0.005419952899999969,0.02772069840000002,-1,-1,-1,-1
85,707,0.787058782,0.2780641692,0.005419952899999969,0.02772069850000003,-1,-1,-1,-1
86,707,0.7908292411,0.2773660685,0.00541995290000008,0.027720698399999966,-1,-1,-1,-1
87,707,0.7940892435,0.2766679677,0.005419952899999969,0.027720698499999974,-1,-1,-1,-1
88,707,0.797388523,0.276039677,0.00541995290000008,0.02772069850000003,-1,-1,-1,-1
89,707,0.8009501855,0.2758419251,0.00541995290000008,0.02772069840000002,-1,-1,-1,-1
90,707,0.8041665304,0.2754058067,0.00541995290000008,0.027094094700000015,-1,-1,-1,-1
91,707,0.8065145439,0.2750686942,0.006178921599999998,0.02699521859999998,-1,-1,-1,-1
92,707,0.810334647,0.2749260896,0.005252185599999959,0.026616583299999996,-1,-1,-1,-1
93,707,0.8124724038,0.2744715455,0.006529349500000059,0.02709409469999996,-1,-1,-1,-1
94,707,0.8167238254,0.2742205926,0.005957713799999986,0.025912383900000002,-1,-1,-1,-1
95,707,0.8195624381,0.2743451607,0.005957713800000097,0.02591238400000001,-1,-1,-1,-1
96,707,0.8230319672,0.2738468881,0.005712414299999913,0.025912383900000002,-1,-1,-1,-1
97,707,0.8255553408,0.2727139666,0.005817396599999913,0.02623548259999997,-1,-1,-1,-1
98,707,0.8287153252,0.272102804,0.00546112809999999,0.02634837250000005,-1,-1,-1,-1
99,707,0.8313379866,0.2714799632,0.005607139899999947,0.026348372499999995,-1,-1,-1,-1
100,707,0.8344565037,0.27135812,0.005219332899999984,0.02590304130000004,-1,-1,-1,-1
101,707,0.8374009749,0.2709194065,0.005452367499999999,0.025849840299999982,-1,-1,-1,-1
102,707,0.8398539708,0.2705455722,0.006728801499999992,0.025849970100000008,-1,-1,-1,-1
103,707,0.8437089707,0.2707324245,0.0055722431000000405,0.025849970100000008,-1,-1,-1,-1
104,707,0.8459168131,0.2701761498,0.005852585399999999,0.02578340400000001,-1,-1,-1,-1
105,707,0.8487306038,0.2701761498,0.0056799996999999935,0.02549183660000004,-1,-1,-1,-1
106,707,0.8505954648,0.2697679295,0.005569760799999934,0.025311731800000015,-1,-1,-1,-1
107,707,0.8533260289,0.2694309467,0.005195532900000077,0.02529577150000001,-1,-1,-1,-1
108,707,0.8553516486,0.2688230281,0.0056799996999999935,0.025491836599999984,-1,-1,-1,-1
109,707,0.8575697118,0.2684699552,0.0056799996999999935,0.025491836599999984,-1,-1,-1,-1
110,707,0.8593241879,0.2682175749,0.005265326600000009,0.025007448099999996,-1,-1,-1,-1
111,707,0.862204268,0.2674108663,0.0056799996999999935,0.025491836599999984,-1,-1,-1,-1
112,707,0.8634954491,0.2677443456,0.0056799996999999935,0.024839670400000013,-1,-1,-1,-1
113,707,0.8655667705,0.2673664889,0.006025025300000042,0.02477141740000005,-1,-1,-1,-1
114,707,0.8689434363,0.2670135457,0.005429005599999925,0.024771417500000004,-1,-1,-1,-1
115,707,0.8710952101,0.2666604729,0.006058023899999987,0.024771417399999995,-1,-1,-1,-1
116,707,0.8743298065,0.2661309284,0.005571074899999973,0.024771417399999995,-1,-1,-1,-1
117,707,0.8773518098,0.2657190749,0.005727015499999988,0.024771417399999995,-1,-1,-1,-1
118,707,0.8819532214,0.2657190749,0.005131287800000051,0.024771417399999995,-1,-1,-1,-1
119,707,0.8839183923,0.2649686815,0.005229845699999958,0.024771417399999995,-1,-1,-1,-1
120,707,0.8869384976,0.2646922959,0.005514130400000039,0.02519767410000001,-1,-1,-1,-1
121,707,0.8893736801,0.264568636,0.005514130400000039,0.025197674099999956,-1,-1,-1,-1
122,707,0.8927480096,0.2643213163,0.005514130400000039,0.027148852700000004,-1,-1,-1,-1
123,707,0.8954317039,0.2643261174,0.005514130399999928,0.025985697500000016,-1,-1,-1,-1
124,707,0.8980321716,0.2632290092,0.005514130499999936,0.025985697500000016,-1,-1,-1,-1
125,707,0.9003467485,0.2635454902,0.005514130400000039,0.025985697500000016,-1,-1,-1,-1
126,707,0.9033379434,0.2632923314,0.005514130400000039,0.02598569749999996,-1,-1,-1,-1
127,707,0.9069701295,0.2638619712,0.005514130400000039,0.023652899100000013,-1,-1,-1,-1
128,707,0.9088574763,0.2634189757,0.005514130399999928,0.023652899100000013,-1,-1,-1,-1
129,707,0.9121890244,0.2632589834,0.005514130399999928,0.02365289920000002,-1,-1,-1,-1
130,707,0.9139567876,0.2628054775,0.005095076899999995,0.024249398899999997,-1,-1,-1,-1
131,707,0.9161929562,0.2626758487,0.005009660100000035,0.024442868900000025,-1,-1,-1,-1
132,707,0.9172195642,0.2621574635,0.005514130400000039,0.024249399000000005,-1,-1,-1,-1
133,707,0.9189141755,0.2623157689,0.006407429799999975,0.02444754019999995,-1,-1,-1,-1
134,707,0.921824918,0.2629766289,0.005632107800000008,0.023258822600000006,-1,-1,-1,-1
135,707,0.9245508097,0.2637205344,0.005412944399999953,0.023726342499999997,-1,-1,-1,-1
136,707,0.9262033697,0.2635583363,0.0051930508000000986,0.023401816500000006,-1,-1,-1,-1
137,707,0.929449501,0.2633722626,0.0051930507999999875,0.023401816500000006,-1,-1,-1,-1
138,707,0.9321000507,0.2631098909,0.004741436699999935,0.023292040800000025,-1,-1,-1,-1
