1,491,0.8909269521,0.3029139608,0.006535920100000037,0.032041656600000024,-1,-1,-1,-1
2,491,0.8911424653,0.302658596,0.0061767314000000795,0.03216933900000002,-1,-1,-1,-1
3,491,0.8910706276,0.3027862784,0.00653577400000005,0.034339420200000026,-1,-1,-1,-1
4,491,0.8907832766,0.3027862784,0.006823125000000041,0.03574379649999998,-1,-1,-1,-1
5,491,0.89067552,0.3027862784,0.00682312499999993,0.03574379649999998,-1,-1,-1,-1
6,491,0.8905677634,0.3027862784,0.006823125000000041,0.03574379649999998,-1,-1,-1,-1
7,491,0.8907973668,0.3028542718,0.006823125000000041,0.03574379659999999,-1,-1,-1,-1
8,491,0.8910269701,0.3029222653,0.006823125000000041,0.03574379649999998,-1,-1,-1,-1
9,491,0.8910269701,0.3029222653,0.006823125000000041,0.03574379649999998,-1,-1,-1,-1
10,491,0.8910269701,0.3029222653,0.006823125000000041,0.03574379649999998,-1,-1,-1,-1
11,491,0.8914096667,0.3027861486,0.006823124900000033,0.03574379649999998,-1,-1,-1,-1
12,491,0.8896493501,0.3030021966,0.007738326000000018,0.03729622720000003,-1,-1,-1,-1
13,491,0.8907974398,0.3027302227,0.007508649699999981,0.036888007,-1,-1,-1,-1
14,491,0.8907209297,0.3023221322,0.008427062999999957,0.03700050760000001,-1,-1,-1,-1
15,491,0.8907975858,0.3024581191,0.0076616698999999455,0.03700050770000002,-1,-1,-1,-1
16,491,0.8907975858,0.3024581191,0.0076616698999999455,0.03700050770000002,-1,-1,-1,-1
17,491,0.890261869,0.3021860156,0.008503427199999969,0.03727261119999997,-1,-1,-1,-1
18,491,0.890261869,0.3021860156,0.008503427199999969,0.03727261119999997,-1,-1,-1,-1
19,491,0.8910272621,0.3023220025,0.006513580299999933,0.037408727799999986,-1,-1,-1,-1
20,491,0.8914099587,0.3020500287,0.006513580200000035,0.03740872780000004,-1,-1,-1,-1
21,491,0.891639635,0.3021861453,0.005671531000000063,0.037408468400000006,-1,-1,-1,-1
22,491,0.8905682015,0.3027303525,0.006360268000000002,0.036728274299999975,-1,-1,-1,-1
23,491,0.8908743879,0.3028663394,0.006360268000000002,0.036728274299999975,-1,-1,-1,-1
24,491,0.8911039183,0.3028663394,0.006360268000000002,0.036728274299999975,-1,-1,-1,-1
25,491,0.8917868148,0.3029877934,0.005636634200000046,0.036600591900000035,-1,-1,-1,-1
26,491,0.8915819604,0.3027450152,0.005636634199999935,0.03647913789999996,-1,-1,-1,-1
27,491,0.8911721057,0.302623691,0.006183009799999972,0.036236359800000006,-1,-1,-1,-1
28,491,0.8909672513,0.302502237,0.0061830098999999805,0.036236359800000006,-1,-1,-1,-1
29,491,0.8909672513,0.3030137451,0.0062301717000000645,0.03627022669999996,-1,-1,-1,-1
30,491,0.8909095767,0.3030137451,0.00605758589999994,0.0360655976,-1,-1,-1,-1
31,491,0.8909095767,0.3031159948,0.00605758589999994,0.0360655976,-1,-1,-1,-1
32,491,0.8909671053,0.3031159948,0.00605758589999994,0.0360655976,-1,-1,-1,-1
33,491,0.8909671053,0.3031159948,0.00605758589999994,0.0360655976,-1,-1,-1,-1
34,491,0.8906217877,0.3030683734,0.006575635300000049,0.0360108395,-1,-1,-1,-1
35,491,0.8905642591,0.3029659939,0.006575635299999938,0.0360108395,-1,-1,-1,-1
36,491,0.8906793163,0.3030683734,0.006403049500000035,0.03590871960000003,-1,-1,-1,-1
37,491,0.8901999601,0.3029619714,0.007100109100000029,0.035767672100000036,-1,-1,-1,-1
38,491,0.8901399493,0.302642506,0.007399871000000058,0.036513134700000005,-1,-1,-1,-1
39,491,0.8900202197,0.3025359742,0.007399870999999947,0.036513134700000005,-1,-1,-1,-1
40,491,0.8905700996,0.3030246448,0.0074918583999999955,0.0364185407,-1,-1,-1,-1
41,491,0.8905700996,0.3032789714,0.007560629899999949,0.036164214100000036,-1,-1,-1,-1
42,491,0.8905700996,0.3021793979,0.007354315399999978,0.03653078180000002,-1,-1,-1,-1
43,491,0.8905700996,0.3021793979,0.007354315399999978,0.03653078180000002,-1,-1,-1,-1
44,491,0.891326148,0.3020571654,0.007354315399999978,0.03653078180000002,-1,-1,-1,-1
45,491,0.8916354737,0.3024237332,0.006770122699999992,0.036591833200000035,-1,-1,-1,-1
46,491,0.8919447994,0.3027903009,0.006185930099999903,0.036652884600000046,-1,-1,-1,-1
47,491,0.8917386309,0.3019350626,0.006185784099999925,0.03689734959999996,-1,-1,-1,-1
48,491,0.8902950867,0.3021182816,0.006735736999999964,0.037874755500000024,-1,-1,-1,-1
49,491,0.8888515424,0.3023015006,0.007285689900000003,0.03885216149999998,-1,-1,-1,-1
50,491,0.8895388192,0.3020571654,0.006598267099999999,0.038730058700000014,-1,-1,-1,-1
51,491,0.8898825307,0.3026680684,0.007629401400000013,0.037997052899999995,-1,-1,-1,-1
52,491,0.8897449877,0.3031567389,0.00859191030000006,0.037508382399999984,-1,-1,-1,-1
53,491,0.8896074447,0.3010798243,0.00728583599999999,0.03885216149999998,-1,-1,-1,-1
54,491,0.8894306246,0.3011845394,0.006348149000000025,0.03818663010000001,-1,-1,-1,-1
55,491,0.889548456,0.301812895,0.006407064799999973,0.0379247774,-1,-1,-1,-1
56,491,0.8896662874,0.3024412505,0.006465980500000024,0.0376629248,-1,-1,-1,-1
57,491,0.8896662874,0.3024412505,0.006760631999999989,0.03734877950000004,-1,-1,-1,-1
58,491,0.889548456,0.3024412505,0.006996294799999969,0.036720488800000006,-1,-1,-1,-1
59,491,0.8892621271,0.3017846725,0.010892178000000086,0.0375466612,-1,-1,-1,-1
60,491,0.8944897827,0.3026185007,0.008486781799999954,0.039484734099999974,-1,-1,-1,-1
61,491,0.8944646687,0.3036220529,0.00886451399999999,0.040231883700000026,-1,-1,-1,-1
62,491,0.8977091938,0.3037250812,0.006547016999999933,0.040572889,-1,-1,-1,-1
63,491,0.9001354696,0.3040655675,0.0065470169000000356,0.040572889,-1,-1,-1,-1
64,491,0.9028809269,0.305427383,0.0065470169000000356,0.040572889,-1,-1,-1,-1
65,491,0.9070311624,0.3028172907,0.0065470168999999245,0.04107012360000001,-1,-1,-1,-1
66,491,0.9086273619,0.3042926449,0.0065470168999999245,0.0410701235,-1,-1,-1,-1
67,491,0.9083635918,0.3040479204,0.006375307200000013,0.041108013,-1,-1,-1,-1
68,491,0.9080998217,0.3038031958,0.006203597499999991,0.0411459025,-1,-1,-1,-1
69,491,0.9067040963,0.3049058836,0.007366726399999912,0.03659747769999999,-1,-1,-1,-1
70,491,0.9067705316,0.3049058836,0.007366726400000023,0.03659747769999999,-1,-1,-1,-1
71,491,0.9068369669,0.3049058836,0.007366726399999912,0.03659747769999999,-1,-1,-1,-1
72,491,0.9067040963,0.3041551009,0.007161725999999979,0.03770276060000005,-1,-1,-1,-1
73,491,0.9067040963,0.3043913911,0.008424580899999978,0.03746647040000001,-1,-1,-1,-1
74,491,0.9110394745,0.3046839965,0.008424580899999978,0.03746647040000001,-1,-1,-1,-1
75,491,0.9134071997,0.3047918258,0.008424580800000081,0.03746647039999995,-1,-1,-1,-1
76,491,0.9190531786,0.3051155733,0.008424580899999978,0.03746647040000001,-1,-1,-1,-1
77,491,0.9213814806,0.3054338709,0.008424580899999978,0.03746647040000001,-1,-1,-1,-1
78,491,0.9250529438,0.3049563596,0.008424580899999978,0.03746647040000001,-1,-1,-1,-1
79,491,0.931040152,0.3044484848,0.008424580899999978,0.03746647040000001,-1,-1,-1,-1
80,491,0.9338678139,0.302902023,0.00842458090000009,0.03746647040000001,-1,-1,-1,-1
81,491,0.9361879392,0.302902023,0.009165006000000031,0.03916513899999996,-1,-1,-1,-1
82,491,0.9367163554,0.3026338122,0.00841260789999998,0.03912257809999997,-1,-1,-1,-1
83,491,0.9363389153,0.3026338122,0.008337119899999967,0.03925661869999997,-1,-1,-1,-1
84,491,0.9362831388,0.3026305312,0.008337119899999967,0.03925661870000002,-1,-1,-1,-1
85,491,0.9362273624,0.3026272501,0.008337119899999967,0.03925661869999997,-1,-1,-1,-1
86,491,0.9361715859,0.3026239691,0.008337119899999967,0.03925661870000002,-1,-1,-1,-1
87,491,0.9361158095,0.302620688,0.008337119900000078,0.03925661869999997,-1,-1,-1,-1
88,491,0.936060033,0.302617407,0.008337119900000078,0.03925661869999997,-1,-1,-1,-1
89,491,0.9360042566,0.3026141259,0.008337119900000078,0.03925661870000002,-1,-1,-1,-1
90,491,0.9359484801,0.3026108449,0.008337119899999967,0.03925661869999997,-1,-1,-1,-1
91,491,0.9361431136,0.3026108449,0.008337119899999967,0.03925661869999997,-1,-1,-1,-1
92,491,0.9363377472,0.3026108449,0.008337119900000078,0.03925661869999997,-1,-1,-1,-1
93,491,0.9365323807,0.3026108449,0.008337119899999967,0.03925661869999997,-1,-1,-1,-1
94,491,0.9365323807,0.3026108449,0.008337119899999967,0.03925661869999997,-1,-1,-1,-1
95,491,0.9365323807,0.3026108449,0.008337119899999967,0.03925661869999997,-1,-1,-1,-1
96,491,0.9365323807,0.3026108449,0.008337119899999967,0.03925661869999997,-1,-1,-1,-1
97,491,0.9365323807,0.3026108449,0.008337119899999967,0.03925661869999997,-1,-1,-1,-1
98,491,0.9365323807,0.3026108449,0.008337119899999967,0.03925661869999997,-1,-1,-1,-1
99,491,0.9365323807,0.3026108449,0.008337119899999967,0.03925661869999997,-1,-1,-1,-1
100,491,0.9365323807,0.3026108449,0.008337119899999967,0.03925661869999997,-1,-1,-1,-1
101,491,0.9365323807,0.3026108449,0.008337119899999967,0.03925661869999997,-1,-1,-1,-1
102,491,0.9365323807,0.3026108449,0.008337119899999967,0.03925661869999997,-1,-1,-1,-1
103,491,0.9365323807,0.3026108449,0.008337119899999967,0.03925661869999997,-1,-1,-1,-1
104,491,0.9365323807,0.3026108449,0.008337119899999967,0.03925661869999997,-1,-1,-1,-1
105,491,0.9365323807,0.3026108449,0.008337119899999967,0.03925661869999997,-1,-1,-1,-1
106,491,0.9365323807,0.3026108449,0.008337119899999967,0.03925661869999997,-1,-1,-1,-1
107,491,0.9365265203,0.3026524797,0.008337119899999967,0.03925661870000002,-1,-1,-1,-1
108,491,0.9365206599,0.3026941145,0.008337119899999967,0.03925661870000002,-1,-1,-1,-1
109,491,0.9365147996,0.3027357493,0.008337119900000078,0.03925661869999997,-1,-1,-1,-1
110,491,0.9365089392,0.302777384,0.008337119899999967,0.03925661870000002,-1,-1,-1,-1
111,491,0.9365030788,0.3028190188,0.008337119899999967,0.03925661869999997,-1,-1,-1,-1
112,491,0.9364972184,0.3028606536,0.008337119899999967,0.03925661870000002,-1,-1,-1,-1
113,491,0.9364913581,0.3029022884,0.008337119900000078,0.03925661870000002,-1,-1,-1,-1
114,491,0.9364854977,0.3029439232,0.008337119899999967,0.03925661869999997,-1,-1,-1,-1
115,491,0.9364796373,0.302985558,0.008337119900000078,0.03925661870000002,-1,-1,-1,-1
116,491,0.9364737769,0.3030271928,0.008337119899999967,0.03925661869999997,-1,-1,-1,-1
117,491,0.9364679166,0.3030688275,0.008337119900000078,0.03925661869999997,-1,-1,-1,-1
118,491,0.9364620562,0.3031104623,0.008337119899999967,0.03925661870000002,-1,-1,-1,-1
119,491,0.9364561958,0.3031520971,0.008337119900000078,0.03925661869999997,-1,-1,-1,-1
120,491,0.9364503354,0.3031937319,0.008337119899999967,0.03925661870000002,-1,-1,-1,-1
121,491,0.936444475,0.3032353667,0.008337119899999967,0.03925661869999997,-1,-1,-1,-1
122,491,0.9364386147,0.3032770015,0.008337119899999967,0.03925661870000002,-1,-1,-1,-1
123,491,0.9364327543,0.3033186363,0.008337119900000078,0.03925661870000002,-1,-1,-1,-1
124,491,0.9364268939,0.3033602711,0.008337119899999967,0.03925661869999997,-1,-1,-1,-1
125,491,0.9364210335,0.3034019058,0.008337119899999967,0.03925661870000002,-1,-1,-1,-1
126,491,0.9364151732,0.3034435406,0.008337119899999967,0.03925661869999997,-1,-1,-1,-1
127,491,0.9364093128,0.3034851754,0.008337119900000078,0.03925661870000002,-1,-1,-1,-1
128,491,0.9364034524,0.3035268102,0.008337119899999967,0.03925661870000002,-1,-1,-1,-1
129,491,0.9365854122,0.3035055817,0.008337119899999967,0.03925661869999997,-1,-1,-1,-1
130,491,0.9367673719,0.3034843532,0.008337119899999967,0.03925661870000002,-1,-1,-1,-1
131,491,0.9369493317,0.3034631247,0.008337119899999967,0.03925661870000002,-1,-1,-1,-1
132,491,0.9371312914,0.3034418962,0.008337119900000078,0.03925661869999997,-1,-1,-1,-1
133,491,0.9373132511,0.3034206677,0.008337119900000078,0.03925661870000002,-1,-1,-1,-1
134,491,0.9369879371,0.3034206677,0.008337119900000078,0.03925661870000002,-1,-1,-1,-1
135,491,0.9369879371,0.3034206677,0.008337119900000078,0.03925661870000002,-1,-1,-1,-1
136,491,0.93737443,0.3034206677,0.008337119899999967,0.03925661870000002,-1,-1,-1,-1
137,491,0.93737443,0.3034206677,0.008337119899999967,0.03925661870000002,-1,-1,-1,-1
