1,410,0.7943573209,0.2781141262,0.004859414100000015,0.027512825399999996,-1,-1,-1,-1
2,410,0.7967478238,0.2783927177,0.007664006200000073,0.02696381710000001,-1,-1,-1,-1
3,410,0.8024393584,0.277785967,0.004779545799999951,0.02824479299999999,-1,-1,-1,-1
4,410,0.8063085215,0.2770442674,0.004020869099999991,0.028581905600000013,-1,-1,-1,-1
5,410,0.8099122353,0.2772464311,0.0050449949999999966,0.027705516699999988,-1,-1,-1,-1
6,410,0.8125676034,0.2772464311,0.005651965400000014,0.02763817209999997,-1,-1,-1,-1
7,410,0.8163228773,0.2766396804,0.006676237299999999,0.027503223200000038,-1,-1,-1,-1
8,410,0.8206473047,0.2763700422,0.004665802699999944,0.02757056790000001,-1,-1,-1,-1
9,410,0.8228853715,0.2764375166,0.005576185400000044,0.027368274400000003,-1,-1,-1,-1
10,410,0.8259316128,0.2761969443,0.005959903999999905,0.02722242579999995,-1,-1,-1,-1
11,410,0.8287747519,0.2754148898,0.005012288300000001,0.02734271199999999,-1,-1,-1,-1
12,410,0.8299593445,0.2749336155,0.00457220920000001,0.02710201000000001,-1,-1,-1,-1
13,410,0.8306362546,0.2749336155,0.006433857899999951,0.026921645599999988,-1,-1,-1,-1
14,410,0.8349038834,0.2745125492,0.004772537200000038,0.027041802000000004,-1,-1,-1,-1
15,410,0.83791625,0.2738509106,0.004772537199999927,0.027041802000000004,-1,-1,-1,-1
16,410,0.8390510527,0.2738488345,0.006290474399999968,0.026432845299999952,-1,-1,-1,-1
17,410,0.8427398913,0.2737107714,0.0046595241999999315,0.02663993990000002,-1,-1,-1,-1
18,410,0.844914297,0.2729516842,0.0052032716000000034,0.026777873100000016,-1,-1,-1,-1
19,410,0.8469333463,0.272537495,0.005009222100000099,0.026708971400000003,-1,-1,-1,-1
20,410,0.8491078979,0.2723304004,0.004776187500000084,0.026708971400000003,-1,-1,-1,-1
21,410,0.8504669745,0.2721924672,0.0069894323000000425,0.026018785900000008,-1,-1,-1,-1
22,410,0.8550489665,0.2715713132,0.0052809498000000454,0.02650187679999999,-1,-1,-1,-1
23,410,0.8573398895,0.2711571241,0.0052809498000000454,0.026501876800000046,-1,-1,-1,-1
24,410,0.8604810383,0.2712466574,0.005327673599999971,0.025818957800000042,-1,-1,-1,-1
25,410,0.862817809,0.2712466574,0.005431487799999912,0.025766924700000027,-1,-1,-1,-1
26,410,0.8660420385,0.2706537908,0.005431487799999912,0.02576692469999997,-1,-1,-1,-1
27,410,0.8701188301,0.2701927589,0.0054314879000000316,0.02576692460000002,-1,-1,-1,-1
28,410,0.8737508702,0.2701927589,0.004219883099999988,0.02453499739999998,-1,-1,-1,-1
29,410,0.8762710315,0.2701268415,0.005331615900000086,0.025325486300000033,-1,-1,-1,-1
30,410,0.8794475152,0.2694069414,0.004681133900000023,0.026077436700000012,-1,-1,-1,-1
31,410,0.883138398,0.2690869569,0.003600793599999985,0.025997505500000018,-1,-1,-1,-1
32,410,0.8840490728,0.2684955176,0.005886314099999956,0.026449194899999973,-1,-1,-1,-1
33,410,0.8862523888,0.2685824558,0.005702485399999957,0.025858274700000017,-1,-1,-1,-1
34,410,0.8881949279,0.2680069769,0.005442876699999988,0.025613030999999953,-1,-1,-1,-1
35,410,0.8912789862,0.2677603059,0.00587390320000003,0.02487327789999999,-1,-1,-1,-1
36,410,0.8939394647,0.268124019,0.005355123800000028,0.02475779280000001,-1,-1,-1,-1
37,410,0.8962930267,0.268146597,0.005252769599999985,0.025462770700000026,-1,-1,-1,-1
38,410,0.8993056853,0.2671775605,0.005511502299999971,0.028075717700000002,-1,-1,-1,-1
39,410,0.9017396998,0.2670114696,0.0051872103000000225,0.026634230500000022,-1,-1,-1,-1
40,410,0.9023589352,0.2665089149,0.006333839900000027,0.027496086500000017,-1,-1,-1,-1
41,410,0.9046776004,0.2664084818,0.005994508799999965,0.027697082500000025,-1,-1,-1,-1
42,410,0.9076515659,0.2661836104,0.004855909900000066,0.028191981300000002,-1,-1,-1,-1
43,410,0.9088374727,0.2660711097,0.004492486799999917,0.02841698260000003,-1,-1,-1,-1
44,410,0.9101663248,0.2655087364,0.0050619322999999605,0.028416982599999974,-1,-1,-1,-1
45,410,0.9110521776,0.265621237,0.00468244799999995,0.028416982599999974,-1,-1,-1,-1
46,410,0.9111787697,0.2652837351,0.005378339499999996,0.028192111100000028,-1,-1,-1,-1
47,410,0.9132461488,0.2651730511,0.0055509254000000174,0.026847942800000024,-1,-1,-1,-1
48,410,0.9136195006,0.2651730511,0.0051775736000000405,0.027069180999999998,-1,-1,-1,-1
49,410,0.9146773551,0.2645094661,0.0051775735999999295,0.027069180999999998,-1,-1,-1,-1
50,410,0.9171306431,0.2644146127,0.005222107099999929,0.027667757000000015,-1,-1,-1,-1
51,410,0.918357287,0.2641303118,0.004155491900000086,0.028141634999999998,-1,-1,-1,-1
52,410,0.9189438159,0.2644146127,0.006120370800000052,0.028426065700000003,-1,-1,-1,-1
53,410,0.9212813166,0.264174819,0.006120370799999941,0.028426065599999994,-1,-1,-1,-1
54,410,0.9228097667,0.2646542766,0.006120370799999941,0.028426065700000003,-1,-1,-1,-1
55,410,0.924253676,0.2641959696,0.006346250900000072,0.026054339699999984,-1,-1,-1,-1
56,410,0.9273892764,0.2622725593,0.004746547200000006,0.02566441540000003,-1,-1,-1,-1
57,410,0.9286216149,0.2626866187,0.004803637600000021,0.02506687750000003,-1,-1,-1,-1
58,410,0.9305308634,0.2630149077,0.0055426026999999545,0.0246290723,-1,-1,-1,-1
59,410,0.93311746,0.2638906478,0.0055426027000000655,0.023096624399999988,-1,-1,-1,-1
60,410,0.9344723022,0.2636717452,0.005419660900000012,0.02287759210000001,-1,-1,-1,-1
61,410,0.9350881794,0.2643285828,0.0054196608000000035,0.022877592000000002,-1,-1,-1,-1
