1,420,0.8530008609,0.2785819056,0.005315700599999973,0.027708630999999984,-1,-1,-1,-1
2,420,0.8504961768,0.2778551283,0.006184761999999955,0.02652756900000003,-1,-1,-1,-1
3,420,0.8486559919,0.2776734664,0.005775929300000038,0.02725434630000001,-1,-1,-1,-1
4,420,0.8465091824,0.2773100128,0.005315992600000041,0.0270726845,-1,-1,-1,-1
5,420,0.8442803144,0.2765744118,0.005930847700000075,0.02683924900000001,-1,-1,-1,-1
6,420,0.8416731301,0.2764273954,0.006124897199999979,0.026839119199999983,-1,-1,-1,-1
7,420,0.8414662316,0.2764273954,0.006000787299999977,0.02705983839999998,-1,-1,-1,-1
8,420,0.8415609932,0.2763814349,0.005935549299999954,0.027119683100000014,-1,-1,-1,-1
9,420,0.8416557547,0.2763354745,0.005870311300000042,0.027179527599999975,-1,-1,-1,-1
10,420,0.8417505163,0.276289514,0.005805073300000019,0.02723937230000001,-1,-1,-1,-1
11,420,0.8418452778,0.2762435536,0.005739835299999996,0.02729921679999997,-1,-1,-1,-1
12,420,0.8419400394,0.2761975931,0.005674597300000084,0.027359061499999948,-1,-1,-1,-1
13,420,0.8417677457,0.2762741507,0.005760744099999937,0.027129259100000025,-1,-1,-1,-1
14,420,0.8389244606,0.2764502329,0.006536066000000007,0.026723504400000042,-1,-1,-1,-1
15,420,0.8381059192,0.2765267905,0.004855909800000058,0.027029864099999967,-1,-1,-1,-1
16,420,0.8365809734,0.2767527,0.006071018899999947,0.027219700899999977,-1,-1,-1,-1
17,420,0.8336579659,0.2767527,0.007130041500000073,0.02706905129999998,-1,-1,-1,-1
18,420,0.8336286176,0.2766773103,0.005718984799999993,0.02714444100000002,-1,-1,-1,-1
19,420,0.8336286176,0.2768829776,0.0060218130000000425,0.02700559929999996,-1,-1,-1,-1
20,420,0.8336671647,0.2768829776,0.0066392962999999305,0.027279908799999975,-1,-1,-1,-1
21,420,0.8335899245,0.2768829776,0.0066392962999999305,0.027279908799999975,-1,-1,-1,-1
22,420,0.8335922607,0.2768829776,0.006328291400000019,0.026936956999999984,-1,-1,-1,-1
23,420,0.8335922607,0.2768829776,0.006019622800000013,0.026868444599999985,-1,-1,-1,-1
24,420,0.8335151665,0.2768143353,0.006019476800000034,0.027005599300000016,-1,-1,-1,-1
25,420,0.8334958929,0.2768143353,0.0060194768999999315,0.027005599300000016,-1,-1,-1,-1
26,420,0.8334766194,0.2768143353,0.006019476800000034,0.027005599300000016,-1,-1,-1,-1
27,420,0.833558824,0.2769604434,0.005910844099999979,0.0270284368,-1,-1,-1,-1
28,420,0.8334779335,0.2768885572,0.005542456699999976,0.027087996000000003,-1,-1,-1,-1
29,420,0.8334779335,0.2768885572,0.006189434399999971,0.02687246710000002,-1,-1,-1,-1
30,420,0.8336801597,0.2768885572,0.006108543900000041,0.02687246710000002,-1,-1,-1,-1
31,420,0.8336397145,0.2770323296,0.006593740600000064,0.027087996000000003,-1,-1,-1,-1
32,420,0.832143679,0.276955253,0.007766214300000018,0.026877657499999985,-1,-1,-1,-1
33,420,0.8314564021,0.276955253,0.0064318136999999,0.026949413899999997,-1,-1,-1,-1
34,420,0.830253266,0.2771928409,0.005480839799999915,0.027139510099999986,-1,-1,-1,-1
35,420,0.8277703377,0.2773973403,0.006747782899999999,0.02739292839999996,-1,-1,-1,-1
36,420,0.8256233822,0.2776018397,0.006019330800000056,0.02718842899999996,-1,-1,-1,-1
37,420,0.8235146818,0.2783514545,0.006709381900000033,0.027324675500000006,-1,-1,-1,-1
38,420,0.8214503689,0.2786161619,0.007519016499999975,0.027253048800000013,-1,-1,-1,-1
39,420,0.8200379981,0.2788092425,0.007084485799999984,0.02742108609999999,-1,-1,-1,-1
40,420,0.820074209,0.2797104154,0.006613598199999959,0.027807247300000004,-1,-1,-1,-1
41,420,0.8184807837,0.2802896573,0.007084339800000006,0.02780737710000003,-1,-1,-1,-1
42,420,0.8160905728,0.2804828677,0.008279445300000021,0.028386619099999955,-1,-1,-1,-1
43,420,0.8159095183,0.2808691588,0.007953547299999975,0.028129048499999976,-1,-1,-1,-1
44,420,0.8152937871,0.2810623692,0.007301605200000005,0.02832199940000002,-1,-1,-1,-1
45,420,0.8154932391,0.282055411,0.006514310299999937,0.028117889300000032,-1,-1,-1,-1
46,420,0.8145543841,0.2823303693,0.007301605200000005,0.027940898599999986,-1,-1,-1,-1
47,420,0.8124783903,0.2824071863,0.007301605200000005,0.027940898699999994,-1,-1,-1,-1
48,420,0.8106618592,0.2829452949,0.0075704126000000205,0.027733025500000008,-1,-1,-1,-1
49,420,0.8082151418,0.2832088344,0.007944202500000053,0.02770979870000001,-1,-1,-1,-1
50,420,0.8062874958,0.2830112122,0.006201699299999919,0.028632251900000016,-1,-1,-1,-1
51,420,0.8039520393,0.2834065863,0.005793888699999972,0.028105043200000013,-1,-1,-1,-1
52,420,0.8007638746,0.2842631222,0.0062757273000000335,0.028500417300000025,-1,-1,-1,-1
53,420,0.7977980857,0.2844607444,0.006646596900000024,0.029225248300000006,-1,-1,-1,-1
54,420,0.7959180396,0.2846583666,0.006487736200000094,0.029225248300000006,-1,-1,-1,-1
55,420,0.7933229743,0.2847902013,0.006302301399999988,0.029291165600000002,-1,-1,-1,-1
56,420,0.7920624556,0.2856467371,0.006302301399999988,0.02929116570000001,-1,-1,-1,-1
57,420,0.7901714586,0.2859896889,0.006302301399999988,0.029291165600000002,-1,-1,-1,-1
58,420,0.7881259812,0.2859210466,0.006302301399999988,0.029291165600000002,-1,-1,-1,-1
59,420,0.7875625222,0.2865331175,0.0065081778000000146,0.029680311399999992,-1,-1,-1,-1
60,420,0.7867699709,0.2866113619,0.006672733000000042,0.029669022400000022,-1,-1,-1,-1
61,420,0.7854490034,0.286678447,0.006795382700000019,0.029522135800000016,-1,-1,-1,-1
62,420,0.7847319401,0.2867455322,0.007059517899999923,0.02958922089999999,-1,-1,-1,-1
63,420,0.7852603563,0.286678447,0.006606589699999943,0.02958922089999999,-1,-1,-1,-1
64,420,0.7860529076,0.286678447,0.006606589699999943,0.02958922089999999,-1,-1,-1,-1
65,420,0.7860529076,0.286678447,0.006776401300000012,0.02958922089999999,-1,-1,-1,-1
66,420,0.7860529076,0.286678447,0.006946212799999962,0.02958922089999999,-1,-1,-1,-1
67,420,0.7863548597,0.286678447,0.006946212800000073,0.02958922089999999,-1,-1,-1,-1
68,420,0.7863155096,0.2867482571,0.006946212800000073,0.02958922089999999,-1,-1,-1,-1
69,420,0.7862761594,0.2868180672,0.006946212900000082,0.02958922089999999,-1,-1,-1,-1
70,420,0.7862761594,0.2868180672,0.007060540000000004,0.02958922089999999,-1,-1,-1,-1
71,420,0.7858544778,0.2869783189,0.006265214400000052,0.029589220900000046,-1,-1,-1,-1
72,420,0.784817795,0.2871385707,0.0061300075999999315,0.029452195900000033,-1,-1,-1,-1
73,420,0.7850639706,0.2875031921,0.0061300076000000425,0.029452195899999978,-1,-1,-1,-1
74,420,0.7836689752,0.2877219649,0.0061300076000000425,0.029452195899999978,-1,-1,-1,-1
75,420,0.7823970676,0.2876490406,0.0061300075999999315,0.029452195899999978,-1,-1,-1,-1
76,420,0.781863687,0.2877948892,0.0061300076000000425,0.029452195899999978,-1,-1,-1,-1
77,420,0.7816995699,0.2879407377,0.0061300076000000425,0.029452195999999986,-1,-1,-1,-1
78,420,0.7816995699,0.2879407377,0.0061300076000000425,0.029452195999999986,-1,-1,-1,-1
79,420,0.7832176532,0.2881595106,0.0061300075999999315,0.029452195899999978,-1,-1,-1,-1
80,420,0.783792063,0.2883053591,0.00613000769999994,0.029452195999999986,-1,-1,-1,-1
81,420,0.7821919212,0.2883053591,0.0061300075999999315,0.029452195999999986,-1,-1,-1,-1
82,420,0.7802515723,0.2880451933,0.0061300076000000425,0.029452195999999986,-1,-1,-1,-1
83,420,0.7771397717,0.2882403501,0.0061300075999999315,0.029452195900000033,-1,-1,-1,-1
84,420,0.7761194422,0.2880850292,0.005490914600000063,0.029392377199999986,-1,-1,-1,-1
85,420,0.7751989847,0.287581696,0.005490914599999952,0.029392377199999986,-1,-1,-1,-1
86,420,0.7742785272,0.2874558302,0.005490914499999944,0.029392377299999994,-1,-1,-1,-1
87,420,0.7730517372,0.2870520217,0.005490914600000063,0.029392377299999994,-1,-1,-1,-1
88,420,0.7733893162,0.2865268891,0.005861784100000045,0.029407299499999984,-1,-1,-1,-1
89,420,0.7741068175,0.2860017564,0.005692994700000065,0.02940729950000004,-1,-1,-1,-1
90,420,0.7743601477,0.2853266229,0.005692994700000065,0.030382434700000016,-1,-1,-1,-1
91,420,0.774989604,0.2848963437,0.005692994699999954,0.030382434700000016,-1,-1,-1,-1
92,420,0.7758796911,0.2847587997,0.005692994700000065,0.030382434600000008,-1,-1,-1,-1
93,420,0.7750282971,0.2845524837,0.005692994700000065,0.02911456429999998,-1,-1,-1,-1
94,420,0.7751830694,0.2844837117,0.005692994699999954,0.029114564300000034,-1,-1,-1,-1
95,420,0.7759772269,0.2839927055,0.005692994699999954,0.02911456429999998,-1,-1,-1,-1
96,420,0.7768750526,0.2836605237,0.005745850900000016,0.02736009960000002,-1,-1,-1,-1
97,420,0.7782357352,0.2842742814,0.005904419599999988,0.02724876679999999,-1,-1,-1,-1
98,420,0.7819994779,0.283599148,0.004212436400000019,0.027310272299999994,-1,-1,-1,-1
99,420,0.7832078704,0.2834763964,0.00545572570000008,0.027678397199999982,-1,-1,-1,-1
100,420,0.7846580582,0.2834763964,0.005213930499999964,0.02853765800000002,-1,-1,-1,-1
101,420,0.7846580582,0.2834763964,0.005213930499999964,0.02853765800000002,-1,-1,-1,-1
102,420,0.7846580582,0.2834763964,0.005213930499999964,0.02853765800000002,-1,-1,-1,-1
103,420,0.7845987045,0.283511561,0.005213930499999964,0.028537657999999966,-1,-1,-1,-1
104,420,0.7845393507,0.2835467255,0.005213930499999964,0.02853765800000002,-1,-1,-1,-1
105,420,0.7845393507,0.2835467255,0.005213930499999964,0.02853765800000002,-1,-1,-1,-1
106,420,0.7832830664,0.2837277386,0.00626098009999998,0.02867714840000002,-1,-1,-1,-1
107,420,0.7828545222,0.282966186,0.007071198700000059,0.028754614199999973,-1,-1,-1,-1
108,420,0.7833816243,0.2830383317,0.00743199360000002,0.02896832650000003,-1,-1,-1,-1
109,420,0.7874769594,0.2825296784,0.0058508333000000246,0.028468107399999998,-1,-1,-1,-1
110,420,0.7889068516,0.2825827496,0.005943550700000078,0.028414257599999992,-1,-1,-1,-1
111,420,0.7947062888,0.2825827496,0.0069048914999999544,0.02813865059999998,-1,-1,-1,-1
112,420,0.7963094968,0.282273016,0.008234765800000043,0.028078053400000025,-1,-1,-1,-1
113,420,0.8035586838,0.2819632825,0.0047148626000000915,0.02807805339999997,-1,-1,-1,-1
114,420,0.8091350152,0.2822109915,0.004470877100000048,0.028078183099999987,-1,-1,-1,-1
115,420,0.811748916,0.2827855621,0.007502955300000003,0.028246998999999995,-1,-1,-1,-1
116,420,0.8168372764,0.2832811099,0.0076772931999999905,0.028618627300000032,-1,-1,-1,-1
117,420,0.8226155419,0.2839601361,0.008060135799999979,0.028326151600000016,-1,-1,-1,-1
118,420,0.8282145051,0.284633453,0.008730475399999937,0.029108335900000004,-1,-1,-1,-1
119,420,0.8325806919,0.28533895,0.00873047530000004,0.029108335900000004,-1,-1,-1,-1
120,420,0.8386648518,0.2859043078,0.008611475899999999,0.02964190280000001,-1,-1,-1,-1
121,420,0.8415279945,0.286540384,0.008412607999999988,0.029995364999999996,-1,-1,-1,-1
122,420,0.8477932089,0.2871764601,0.006203451500000012,0.03049013420000002,-1,-1,-1,-1
123,420,0.8527241688,0.2875299223,0.005925007199999999,0.030348697399999958,-1,-1,-1,-1
124,420,0.8579954818,0.2882895286,0.005452659500000068,0.030379839500000005,-1,-1,-1,-1
125,420,0.8618896128,0.2893867665,0.005737528300000072,0.030970759700000017,-1,-1,-1,-1
126,420,0.8643589621,0.2900620298,0.008254623300000041,0.030886286900000004,-1,-1,-1,-1
127,420,0.8696219524,0.2904218501,0.007180561600000024,0.031097403999999995,-1,-1,-1,-1
128,420,0.8729821188,0.291141361,0.007099525100000004,0.031241435900000003,-1,-1,-1,-1
129,420,0.8773950293,0.2919328879,0.007099524999999995,0.031241435900000003,-1,-1,-1,-1
130,420,0.8796287157,0.2930564667,0.007253567399999938,0.0313971462,-1,-1,-1,-1
131,420,0.8812241851,0.2934860972,0.007253567400000049,0.031397146099999995,-1,-1,-1,-1
132,420,0.8839594216,0.293780649,0.007253567400000049,0.031397146099999995,-1,-1,-1,-1
133,420,0.8842494008,0.2940016277,0.00725356729999993,0.031397146099999995,-1,-1,-1,-1
134,420,0.8857826692,0.294738137,0.007253567399999938,0.031397146099999995,-1,-1,-1,-1
135,420,0.8867418198,0.2957933331,0.007253567400000049,0.0313971462,-1,-1,-1,-1
136,420,0.887720536,0.2967674302,0.007253567400000049,0.031397146099999995,-1,-1,-1,-1
137,420,0.88952378,0.2975000467,0.007253567400000049,0.0313971462,-1,-1,-1,-1
138,420,0.8903007081,0.2977400999,0.007253567400000049,0.0313971462,-1,-1,-1,-1
139,420,0.8907905772,0.2974788961,0.007253567400000049,0.031397146099999995,-1,-1,-1,-1
140,420,0.8914274801,0.2973918281,0.007253567400000049,0.0313971462,-1,-1,-1,-1
141,420,0.8912169313,0.2973918281,0.00725356729999993,0.0313971462,-1,-1,-1,-1
142,420,0.8913682967,0.2976899699,0.007253567300000041,0.0313971462,-1,-1,-1,-1
143,420,0.8915196621,0.2979881117,0.007253567400000049,0.031397146099999995,-1,-1,-1,-1
144,420,0.8916710275,0.2982862535,0.007253567399999938,0.031397146099999995,-1,-1,-1,-1
145,420,0.8913865968,0.2987919224,0.007253567400000049,0.031397146099999995,-1,-1,-1,-1
146,420,0.8913865968,0.2977805846,0.007253567400000049,0.031397146099999995,-1,-1,-1,-1
147,420,0.8918133889,0.2979070991,0.007253567400000049,0.0313971462,-1,-1,-1,-1
148,420,0.8918133889,0.2979070991,0.007253567400000049,0.0313971462,-1,-1,-1,-1
149,420,0.8908229918,0.2971737041,0.007253567399999938,0.031397146099999995,-1,-1,-1,-1
150,420,0.8910706276,0.2973204609,0.007253567400000049,0.03139714619999995,-1,-1,-1,-1
151,420,0.8913241038,0.2974707213,0.007253567399999938,0.031397146099999995,-1,-1,-1,-1
152,420,0.8911497659,0.2974707213,0.006854079500000054,0.03168339339999998,-1,-1,-1,-1
153,420,0.8912426293,0.2985435646,0.006854079500000054,0.03168339340000004,-1,-1,-1,-1
154,420,0.8913354927,0.2996164079,0.006854079499999943,0.03168339339999998,-1,-1,-1,-1
155,420,0.8913354927,0.2996164079,0.006854079499999943,0.03168339339999998,-1,-1,-1,-1
156,420,0.8912525581,0.2982910546,0.006854079499999943,0.03168339339999998,-1,-1,-1,-1
157,420,0.8918228797,0.2973900115,0.00649576680000008,0.03179057390000001,-1,-1,-1,-1
158,420,0.8916904471,0.2978607754,0.006495766799999969,0.03179057390000001,-1,-1,-1,-1
159,420,0.8917564444,0.2978216532,0.006495766799999969,0.03179057390000001,-1,-1,-1,-1
160,420,0.8918224416,0.297782531,0.006495766899999977,0.03179057390000001,-1,-1,-1,-1
161,420,0.8918224416,0.297782531,0.006495766899999977,0.03179057390000001,-1,-1,-1,-1
162,420,0.8915867788,0.2978872461,0.006495766799999969,0.03179057390000001,-1,-1,-1,-1
163,420,0.8915867788,0.2978872461,0.006495766799999969,0.03179057390000001,-1,-1,-1,-1
164,420,0.8915867788,0.2978872461,0.006495766799999969,0.03179057390000001,-1,-1,-1,-1
165,420,0.8915867788,0.2978872461,0.006495766799999969,0.03179057390000001,-1,-1,-1,-1
166,420,0.8915867788,0.2978872461,0.006495766799999969,0.03179057390000001,-1,-1,-1,-1
167,420,0.8915867788,0.2978872461,0.006495766799999969,0.03179057390000001,-1,-1,-1,-1
168,420,0.8915867788,0.2978872461,0.006495766799999969,0.03179057390000001,-1,-1,-1,-1
169,420,0.8915867788,0.2978872461,0.006495766799999969,0.03179057390000001,-1,-1,-1,-1
170,420,0.8915867788,0.2978872461,0.006495766799999969,0.03179057390000001,-1,-1,-1,-1
171,420,0.8912924193,0.2982360369,0.006495766799999969,0.031790574000000016,-1,-1,-1,-1
172,420,0.8924971615,0.297577253,0.005049375299999936,0.0318252195,-1,-1,-1,-1
173,420,0.8921165091,0.2974080479,0.005781185800000088,0.03228093129999998,-1,-1,-1,-1
174,420,0.8919255259,0.2975777721,0.005903689500000087,0.03201077409999997,-1,-1,-1,-1
175,420,0.8923553842,0.2978324232,0.005903689499999976,0.03201077400000002,-1,-1,-1,-1
176,420,0.8927852425,0.2980870742,0.005903689599999984,0.03201077409999997,-1,-1,-1,-1
177,420,0.89483218,0.2983781225,0.005903689599999984,0.03201077409999997,-1,-1,-1,-1
178,420,0.8953979752,0.2985217652,0.005903689599999984,0.03201077409999997,-1,-1,-1,-1
179,420,0.8950614183,0.2985217652,0.00630755780000003,0.032088888699999984,-1,-1,-1,-1
180,420,0.89455651,0.2988208585,0.006560012000000004,0.03238798209999999,-1,-1,-1,-1
181,420,0.8943040559,0.2982226718,0.006980671500000035,0.033584355499999996,-1,-1,-1,-1
182,420,0.8916957035,0.2985217652,0.008158693699999997,0.03403306039999998,-1,-1,-1,-1
183,420,0.8911907952,0.2988208585,0.008158839699999976,0.03403306039999998,-1,-1,-1,-1
184,420,0.8900970218,0.3003163253,0.007822282799999969,0.03433202399999996,-1,-1,-1,-1
185,420,0.8893817107,0.3008812938,0.007822282799999969,0.034332024000000017,-1,-1,-1,-1
186,420,0.890124326,0.3012112697,0.00809255040000001,0.034592449299999994,-1,-1,-1,-1
187,420,0.8907035543,0.3017260217,0.008092550300000001,0.034592449299999994,-1,-1,-1,-1
188,420,0.8913230818,0.3033775879,0.007265832299999997,0.03455079679999995,-1,-1,-1,-1
189,420,0.892665367,0.3033775879,0.007265832299999997,0.03455079679999995,-1,-1,-1,-1
190,420,0.8933435911,0.3043214513,0.008064078100000094,0.035949982699999994,-1,-1,-1,-1
191,420,0.8934405429,0.3050103392,0.008064078099999983,0.035949982699999994,-1,-1,-1,-1
192,420,0.8938153548,0.3076750598,0.008064078100000094,0.0359499828,-1,-1,-1,-1
193,420,0.894381296,0.3075314171,0.008064078099999983,0.0359499828,-1,-1,-1,-1
194,420,0.8947856023,0.3069567167,0.008064078099999983,0.0359499828,-1,-1,-1,-1
195,420,0.8956345141,0.3066693665,0.008064078100000094,0.0359499828,-1,-1,-1,-1
196,420,0.8964834259,0.3063820163,0.008064078099999983,0.0359499828,-1,-1,-1,-1
197,420,0.8976087378,0.3066896737,0.008064078100000094,0.0359499828,-1,-1,-1,-1
198,420,0.8981281013,0.3069534728,0.008064078099999983,0.035949982699999994,-1,-1,-1,-1
199,420,0.8981041421,0.3069676637,0.008064078099999983,0.035949982699999994,-1,-1,-1,-1
200,420,0.8980801829,0.3069818545,0.008064078099999983,0.035949982699999994,-1,-1,-1,-1
201,420,0.8980562237,0.3069960454,0.008064078099999983,0.03594998270000005,-1,-1,-1,-1
202,420,0.8980322645,0.3070102362,0.008064078100000094,0.0359499828,-1,-1,-1,-1
203,420,0.8980083053,0.3070244271,0.008064078099999983,0.035949982699999994,-1,-1,-1,-1
204,420,0.8979843462,0.3070386179,0.008064078099999983,0.0359499828,-1,-1,-1,-1
205,420,0.897960387,0.3070528088,0.008064078099999983,0.035949982699999994,-1,-1,-1,-1
206,420,0.8979364278,0.3070669996,0.008064078099999983,0.0359499828,-1,-1,-1,-1
207,420,0.8979124686,0.3070811905,0.008064078100000094,0.0359499828,-1,-1,-1,-1
208,420,0.8978885094,0.3070953813,0.008064078099999983,0.0359499828,-1,-1,-1,-1
209,420,0.8978645502,0.3071095722,0.008064078099999983,0.0359499828,-1,-1,-1,-1
210,420,0.8966046156,0.3072412771,0.008064078099999983,0.0359499828,-1,-1,-1,-1
211,420,0.8965446778,0.3070282137,0.008064078099999983,0.035949982699999994,-1,-1,-1,-1
212,420,0.89648474,0.3068151502,0.008064078099999983,0.0359499828,-1,-1,-1,-1
213,420,0.8959123013,0.3067552666,0.00807415290000002,0.03628021819999999,-1,-1,-1,-1
214,420,0.8953398626,0.3066953831,0.008084227700000057,0.03661045350000003,-1,-1,-1,-1
215,420,0.8953398626,0.3068326676,0.008084227700000057,0.03661045350000003,-1,-1,-1,-1
216,420,0.8953959311,0.3067828403,0.008084227699999946,0.03661045349999997,-1,-1,-1,-1
217,420,0.8954519995,0.3067330131,0.008084227700000057,0.03661045349999997,-1,-1,-1,-1
218,420,0.895508068,0.3066831858,0.008084227699999946,0.03661045350000003,-1,-1,-1,-1
219,420,0.895508068,0.3066831858,0.008084227699999946,0.03661045350000003,-1,-1,-1,-1
220,420,0.895508068,0.3066831858,0.008084227699999946,0.03661045350000003,-1,-1,-1,-1
221,420,0.8954846331,0.3065582067,0.008084227699999946,0.03661045349999997,-1,-1,-1,-1
222,420,0.8954611983,0.3064332277,0.008084227699999946,0.03661045350000003,-1,-1,-1,-1
223,420,0.8954377634,0.3063082486,0.008084227699999946,0.03661045349999997,-1,-1,-1,-1
224,420,0.8954143285,0.3061832695,0.008084227699999946,0.03661045349999997,-1,-1,-1,-1
225,420,0.8953908937,0.3060582905,0.008084227699999946,0.03661045350000003,-1,-1,-1,-1
226,420,0.8953674588,0.3059333114,0.008084227699999946,0.03661045349999997,-1,-1,-1,-1
227,420,0.895407831,0.3059333114,0.008084227700000057,0.03661045349999997,-1,-1,-1,-1
228,420,0.8954482032,0.3059333114,0.008084227700000057,0.03661045349999997,-1,-1,-1,-1
229,420,0.8954482032,0.3059333114,0.008084227700000057,0.03661045349999997,-1,-1,-1,-1
230,420,0.8954482032,0.3059333114,0.008084227700000057,0.03661045349999997,-1,-1,-1,-1
231,420,0.8954482032,0.3059333114,0.008084227700000057,0.03661045349999997,-1,-1,-1,-1
232,420,0.8954482032,0.3059333114,0.008084227700000057,0.03661045349999997,-1,-1,-1,-1
233,420,0.8954482032,0.3059333114,0.008084227700000057,0.03661045349999997,-1,-1,-1,-1
234,420,0.8954482032,0.3059333114,0.008084227700000057,0.03661045349999997,-1,-1,-1,-1
