120,53,0.7518937713,0.234741438,0.0035597642999999346,0.018842102599999994,-1,-1,-1,-1
121,53,0.750150246,0.2358738405,0.0035597642999999346,0.01884210260000002,-1,-1,-1,-1
122,53,0.7486749442,0.2352779894,0.0035597642999999346,0.01884210260000002,-1,-1,-1,-1
123,53,0.7467637975,0.2355163558,0.0035597643000000456,0.018842102599999994,-1,-1,-1,-1
124,53,0.7467637975,0.2355163558,0.0032103584000000573,0.0201120491,-1,-1,-1,-1
125,53,0.7443832234,0.235575915,0.0037466592000000576,0.019694875400000006,-1,-1,-1,-1
126,53,0.7428407562,0.2354567966,0.0037466591999999466,0.019694875500000014,-1,-1,-1,-1
127,53,0.7418348818,0.2356356039,0.003746659299999955,0.019694875400000034,-1,-1,-1,-1
128,53,0.7401919586,0.2367680063,0.003746659300000066,0.019694875499999986,-1,-1,-1,-1
129,53,0.7389848802,0.236648888,0.003746659300000066,0.019694875499999986,-1,-1,-1,-1
130,53,0.7380460252,0.2365891991,0.003746659300000066,0.019694875500000014,-1,-1,-1,-1
131,53,0.7372077723,0.2365891991,0.0037466591999999466,0.019694875500000014,-1,-1,-1,-1
132,53,0.7359336745,0.2367083174,0.0037466591999999466,0.019694875500000014,-1,-1,-1,-1
133,53,0.7339553625,0.2387629136,0.004082048000000005,0.01740191290000001,-1,-1,-1,-1
134,53,0.7323460219,0.2395377016,0.004082048100000013,0.01740191290000001,-1,-1,-1,-1
135,53,0.7313065649,0.2385841063,0.004182504099999984,0.01740191299999999,-1,-1,-1,-1
136,53,0.7305353313,0.2384648583,0.003478435799999957,0.017103987399999993,-1,-1,-1,-1
137,53,0.7291606315,0.2381669328,0.003478435799999957,0.017103987399999965,-1,-1,-1,-1
138,53,0.7282887959,0.2380478145,0.003478435800000068,0.017103987399999965,-1,-1,-1,-1
139,53,0.7262100278,0.2380478145,0.003746659299999955,0.017759397600000004,-1,-1,-1,-1
140,53,0.7247011433,0.2379882553,0.004014882699999944,0.017878515900000003,-1,-1,-1,-1
141,53,0.7230246374,0.2381670625,0.004014882699999944,0.017878515999999983,-1,-1,-1,-1
142,53,0.7209122867,0.2388822914,0.004014882700000055,0.017878515900000003,-1,-1,-1,-1
143,53,0.719738791,0.2385843659,0.004014882699999944,0.017878515899999975,-1,-1,-1,-1
144,53,0.7184311106,0.2389122008,0.004014882600000047,0.017878515800000022,-1,-1,-1,-1
145,53,0.7171234301,0.2392400356,0.004014882699999944,0.017878515900000003,-1,-1,-1,-1
146,53,0.7158996334,0.2392995948,0.004014882700000055,0.017878515800000022,-1,-1,-1,-1
147,53,0.7146758366,0.2393591539,0.004014882699999944,0.017878515900000003,-1,-1,-1,-1
148,53,0.7134687582,0.2387631731,0.004014882700000055,0.017878515900000003,-1,-1,-1,-1
149,53,0.7113899901,0.2395975203,0.0036457651999999285,0.01746121259999997,-1,-1,-1,-1
150,53,0.7091770374,0.2392995947,0.004416998799999905,0.020619664400000015,-1,-1,-1,-1
151,53,0.7081375804,0.240074253,0.003913988600000029,0.019845006100000034,-1,-1,-1,-1
152,53,0.7071987254,0.239418713,0.0035451631000000816,0.0209772788,-1,-1,-1,-1
153,53,0.7056562582,0.2398954458,0.0044841640999999655,0.021096526800000015,-1,-1,-1,-1
154,53,0.7043485777,0.2396570794,0.003813532599999947,0.020858160499999973,-1,-1,-1,-1
155,53,0.7032085187,0.2405511155,0.0033106683999999387,0.02050054599999998,-1,-1,-1,-1
156,53,0.7015990321,0.2406106747,0.004014736700000077,0.020738912400000004,-1,-1,-1,-1
157,53,0.700358371,0.2407299227,0.003947863299999965,0.020560105200000012,-1,-1,-1,-1
158,53,0.6993860794,0.2410875372,0.003578891800000039,0.020262049899999995,-1,-1,-1,-1
159,53,0.6970055052,0.2417430771,0.004987028299999974,0.020381297999999964,-1,-1,-1,-1
160,53,0.6941555036,0.2416833882,0.004987028299999974,0.02038129800000002,-1,-1,-1,-1
161,53,0.6926466191,0.2411469666,0.004987028299999974,0.020381297899999984,-1,-1,-1,-1
162,53,0.692445415,0.2424580465,0.003813532599999947,0.020798601300000025,-1,-1,-1,-1
163,53,0.6907689091,0.2423983576,0.004450581499999995,0.021037097399999982,-1,-1,-1,-1
164,53,0.689427792,0.2426367239,0.00331052239999996,0.020798731099999995,-1,-1,-1,-1
165,53,0.6875836647,0.242755972,0.0036121825000000607,0.02091784940000002,-1,-1,-1,-1
166,53,0.6856053527,0.2422792393,0.003947571300000008,0.02115621569999998,-1,-1,-1,-1
167,53,0.6841634875,0.2422792393,0.0036123285000000394,0.020977408500000017,-1,-1,-1,-1
168,53,0.6818499327,0.2426368537,0.004920009000000003,0.02121577490000004,-1,-1,-1,-1
169,53,0.6810116798,0.242934909,0.0031093183000000524,0.020738912400000004,-1,-1,-1,-1
170,53,0.6783292995,0.2435904489,0.003981153999999987,0.01984500609999998,-1,-1,-1,-1
171,53,0.6761499294,0.2432328345,0.003981153999999987,0.019845006100000007,-1,-1,-1,-1
172,53,0.6754792979,0.2437095673,0.004953445599999995,0.02002381319999999,-1,-1,-1,-1
173,53,0.6735681512,0.2440671817,0.0036792018999999287,0.019964254099999995,-1,-1,-1,-1
174,53,0.6697121292,0.2436500081,0.00612694140000003,0.02097727879999997,-1,-1,-1,-1
175,53,0.6682702641,0.2438288153,0.004920009000000003,0.02050054600000001,-1,-1,-1,-1
176,53,0.6666943602,0.243709697,0.0032435031000001002,0.02032173879999999,-1,-1,-1,-1
177,53,0.6638107759,0.2437692562,0.004517600799999966,0.02050054600000001,-1,-1,-1,-1
178,53,0.6616982792,0.243709697,0.0038806979000000075,0.02050041629999999,-1,-1,-1,-1
179,53,0.6602899967,0.2440673114,0.003109464300000031,0.020142801900000007,-1,-1,-1,-1
180,53,0.6578088205,0.2442461187,0.004417144799999995,0.020142801800000026,-1,-1,-1,-1
181,53,0.6559311105,0.2444249259,0.0039477172999999866,0.020023553700000002,-1,-1,-1,-1
182,53,0.6539863812,0.2446632923,0.004182358100000005,0.0200236835,-1,-1,-1,-1
183,53,0.6525780987,0.2443653667,0.004517746899999953,0.020500286499999992,-1,-1,-1,-1
184,53,0.6500969225,0.2443653667,0.004517746900000064,0.020500286499999992,-1,-1,-1,-1
185,53,0.6497615338,0.2444846148,0.0028748236000000205,0.02050028650000002,-1,-1,-1,-1
186,53,0.6463079199,0.2436497486,0.005020756999999931,0.021275593500000023,-1,-1,-1,-1
187,53,0.6457043077,0.2443648477,0.003109610400000018,0.02020287999999998,-1,-1,-1,-1
188,53,0.6436589763,0.2444245366,0.0037802419999999337,0.020679612799999997,-1,-1,-1,-1
189,53,0.6405406053,0.2449012693,0.004618494799999984,0.020679612800000025,-1,-1,-1,-1
190,53,0.6400711778,0.2449608285,0.0036126204999999967,0.019845265599999995,-1,-1,-1,-1
191,53,0.6390318668,0.2462123493,0.003377833699999999,0.01978570640000002,-1,-1,-1,-1
192,53,0.6370113574,0.2451396357,0.0044594881999999725,0.020798731099999995,-1,-1,-1,-1
193,53,0.6351336474,0.2462719084,0.004560090200000033,0.01996451369999999,-1,-1,-1,-1
194,53,0.6345300352,0.2463314676,0.003721837300000086,0.020083761700000008,-1,-1,-1,-1
195,53,0.6334571415,0.2454971204,0.003554215900000046,0.02091810890000001,-1,-1,-1,-1
196,53,0.6324848498,0.246569834,0.0035540699000000675,0.020381687199999998,-1,-1,-1,-1
197,53,0.6321830437,0.2463910267,0.0035876526000000464,0.0204413762,-1,-1,-1,-1
198,53,0.6320824417,0.2464505859,0.003453613799999977,0.021156475199999997,-1,-1,-1,-1
199,53,0.631009548,0.246510145,0.003453613799999977,0.021156475299999977,-1,-1,-1,-1
200,53,0.6302383144,0.2462717787,0.0029170210000000196,0.0218717041,-1,-1,-1,-1
201,53,0.627991779,0.2458547348,0.0038894586000000064,0.022169499899999973,-1,-1,-1,-1
202,53,0.6263822924,0.2462123493,0.004191264799999983,0.022050251800000004,-1,-1,-1,-1
203,53,0.6235657274,0.2471658148,0.004727857699999949,0.021335152700000026,-1,-1,-1,-1
204,53,0.6233981061,0.2482385283,0.003923041299999985,0.020441246399999974,-1,-1,-1,-1
205,53,0.6194080454,0.2485365836,0.00529774109999992,0.020024072799999987,-1,-1,-1,-1
206,53,0.6182009669,0.24746387,0.004090662799999922,0.020739172,-1,-1,-1,-1
207,53,0.6161221989,0.2485365836,0.004962352399999981,0.020143191099999985,-1,-1,-1,-1
208,53,0.613406236,0.2485961427,0.0044594881999999725,0.01996451369999999,-1,-1,-1,-1
209,53,0.6131044299,0.2489536274,0.003990060699999964,0.020203009800000005,-1,-1,-1,-1
210,53,0.6092485539,0.248596013,0.004794731000000052,0.02008376169999998,-1,-1,-1,-1
211,53,0.6091479519,0.2487748202,0.004090516699999935,0.01990495449999999,-1,-1,-1,-1
212,53,0.6070356011,0.2488343794,0.004090516800000055,0.01990495449999999,-1,-1,-1,-1
213,53,0.6040514148,0.2490131866,0.004090516699999935,0.019904954500000016,-1,-1,-1,-1
214,53,0.6034815313,0.2487152611,0.004157535999999906,0.019845395299999985,-1,-1,-1,-1
215,53,0.6014697826,0.2483577764,0.0041575361000000255,0.019845395300000013,-1,-1,-1,-1
216,53,0.5994580339,0.2487153908,0.004157390100000047,0.019308843899999983,-1,-1,-1,-1
217,53,0.5963732455,0.2486558317,0.005599109199999952,0.0196067694,-1,-1,-1,-1
218,53,0.5947973417,0.2477022364,0.004861458200000057,0.020500805600000005,-1,-1,-1,-1
219,53,0.593925652,0.2496688563,0.004995497000000015,0.018653433700000027,-1,-1,-1,-1
220,53,0.5929197777,0.2485365836,0.0028159809000000147,0.01954721029999998,-1,-1,-1,-1
221,53,0.5913773105,0.2485365836,0.003922603300000049,0.01930884390000001,-1,-1,-1,-1
222,53,0.5885607455,0.2482386581,0.003922603299999938,0.019308843899999983,-1,-1,-1,-1
223,53,0.5876218905,0.2484173355,0.003922603299999938,0.01930884399999999,-1,-1,-1,-1
224,53,0.5866160162,0.24811941,0.003922603299999938,0.01930884390000001,-1,-1,-1,-1
225,53,0.5853658644,0.2483237148,0.00392260319999993,0.01930884390000001,-1,-1,-1,-1
226,53,0.5841157125,0.2485280195,0.003922603299999938,0.01930884400000002,-1,-1,-1,-1
227,53,0.5818739954,0.2488345091,0.003906396100000098,0.01692349339999999,-1,-1,-1,-1
228,53,0.580516525,0.2489793196,0.00390639600000009,0.016923493400000017,-1,-1,-1,-1
229,53,0.5786433414,0.2492205407,0.00390639600000009,0.01692349329999998,-1,-1,-1,-1
230,53,0.5774759782,0.2489310494,0.002504975999999992,0.01592941349999999,-1,-1,-1,-1
231,53,0.5757112812,0.2489310494,0.0025049761000000004,0.01592941349999999,-1,-1,-1,-1
232,53,0.5733765547,0.248786239,0.0025049761000000004,0.01592941340000001,-1,-1,-1,-1
