0,531,0.9132822218000001,1.04277711825,0.6345046292,0.7840344877
0,531,1.2386232823,0.82613638605,0.844300902,0.6213518397
0,531,1.3050011331,0.7486870386,0.8851612436,0.535824117
0,531,1.3058630399,0.7647761847500001,0.8828522152,0.5655741087
0,531,1.33618002535,0.7564373194,0.8978931685,0.5309497388
0,531,1.3388364885000001,0.7777567063999999,0.905261063,0.5769178566
0,531,1.2998987555000001,0.8424914074000001,0.8841671962,0.6287218632
0,531,1.3144035541,0.8885869480499999,0.8888141634,0.6438148533
0,531,1.34424921385,0.86893119475,0.9115578159,0.6615649083
0,531,1.08850613715,0.89393728045,0.7343960257,0.6276708193
0,531,1.0896993445,0.8832078742,0.7484321268,0.6415032056
0,531,1.200947017,0.36507126855,0.8028625002,0.2545807347
0,531,1.20683982875,0.3629659369,0.8075128257,0.255332296
0,531,1.3011965802,0.35543708895,0.8693202924,0.2444468551
0,531,1.297538769,0.354450535,0.86678626,0.2433675238
0,531,1.2825849846,0.35244836135,0.856783293,0.2437632873
0,531,1.2861855592,0.35249390655,0.85949984,0.2437100863
0,531,1.21463896865,0.35043807775,0.8117604509,0.2441103913
0,531,1.3542028288499999,0.36290254985000003,0.9049493281,0.2508996157
0,531,1.36536410635,0.36050584535,0.9127396343,0.2487693703
0,531,1.3497420266,0.384069795,0.9028718742,0.268436218
0,531,1.35856069295,0.38479021425000004,0.9082223255,0.2686897661
0,531,1.3738945457,0.3812467041,0.9186020026,0.2673141962
0,531,1.37753950785,0.3815543615,0.9215355229,0.2674654946
0,531,1.38538624755,0.38283780295000003,0.9255241235,0.2664666137
0,531,1.37240887695,0.38061244455,0.9180334331,0.2665070983
0,531,1.36517655435,0.381002888,0.9134201947,0.2661930828
0,531,1.3880345341,0.38472481594999997,0.9279299576,0.2692305995
0,531,1.38354233925,0.38517410475,0.9250193611,0.2690054685
0,531,0.48572969619999995,0.80409534705,0.3409486202,0.5892511429
0,531,0.5031765566999999,0.7838026741499999,0.3469907288,0.5841454053
0,531,0.069681192,0.64923012495,0.056714558,0.4734442297
0,531,0.1829890792,0.6235339884,0.1291846212,0.4472017838
0,531,0.2118092261,0.6166499754,0.1474411894,0.4427696226
0,531,0.20159355669999998,0.59864150635,0.1399069146,0.4157382013
0,531,0.1389189632,0.6050894659,0.1003435216,0.4383263022
0,531,0.35810024525,0.5999875562,0.2454510067,0.4367314404
0,531,0.43894916575,0.5615819585499999,0.2984767479,0.4045172049
0,531,0.1252591342,0.60495613905,0.0922950668,0.4335684471
0,531,0.11612643325000001,0.6153002923499999,0.0834621643,0.4346364893
0,531,0.59722449355,0.5541453041,0.4062686895,0.4010154122
0,531,0.5944710786,0.5545566385,0.4044892454,0.399570681
0,531,0.0082870744,0.5762950158,0.0114635946,0.403701543
0,531,0.3895257512,0.5886996044499999,0.2681515858,0.4242494509
0,531,0.40151498780000006,0.5933705213,0.2759515288,0.4218369808
0,531,0.25142387395,0.4843429191,0.1700154595,0.33447043
0,531,0.2467368154,0.48297505895000004,0.167231213,0.3328880693
0,531,0.24224546665000002,0.4773218468,0.1639636501,0.3299198196
0,531,0.234518493,0.4810180177,0.1594445162,0.3335621408
0,531,0.18466335844999998,0.48870653355,0.1266667231,0.3400854901
0,531,0.177865895,0.49220196805,0.1216140626,0.3421948443
0,531,0.1765435404,0.47590838739999997,0.121094115,0.3324628268
0,531,0.31631207250000004,0.46763180605,0.214693358,0.3304055057
0,531,0.3175334235,0.46438375615,0.2160803958,0.3292404041
0,531,0.36784360335,0.4520991941,0.2485668955,0.3176432378
0,531,0.3690443303,0.45302670795,0.2500724218,0.3190718789
0,531,0.3168985648,0.6179574220499999,0.2181320056,0.4494968225
0,531,0.2970172154,0.6265039011,0.2083560138,0.4567504526
0,531,0.32214315775,0.61875245245,0.2228604473,0.4452228369
0,531,0.33484985915,0.6115630528,0.2310529427,0.4429541392
0,531,-0.0044917203,0.5713089805,0.0044167798,0.407290793
0,531,0.0027230445000000006,0.54329716875,0.008062618,0.3884671161
0,531,0.0446394154,0.5858881917500001,0.0365362062,0.4224150549
0,531,0.03880526395,0.57829349145,0.0335945823,0.4139352069
0,531,0.26602715265,0.46553672525,0.1794453397,0.3196711037
0,531,0.26701795125,0.4611486171,0.1802724227,0.3170405096
0,531,0.27589706645,0.46042274800000005,0.1858334229,0.3142255286
0,531,0.2804394892,0.4593992129,0.1888928052,0.3140835728
0,531,0.0262214313,0.66175468015,0.0271238564,0.4757923833
0,531,0.00823531325,0.6615323389,0.0159061455,0.479735874
0,531,0.02550152085,0.56952324385,0.0293629453,0.4101895979
0,531,0.0179151564,0.5880258333999999,0.018104497,0.4104601444
0,531,0.26937052764999997,0.45663464305,0.1810333625,0.3099399945
0,531,0.2623594285,0.45806310185,0.1763842644,0.3100693719
0,531,0.26609647165,0.45427368720000005,0.1795584257,0.3130191638
0,531,0.27011281445,0.449587913,0.1821004887,0.3089627832
0,531,0.2733382121,0.43681227990000004,0.1844029466,0.2993227644
0,531,0.2690966828,0.44038349345000005,0.1810549722,0.3012338477
0,531,0.2777871144,0.46312010295000006,0.1881231778,0.3185429833
0,531,0.2567577847,0.44133799705,0.1726866788,0.3019065157
0,531,0.2428511595,0.4648894899,0.1639901512,0.3188777602
0,531,0.23943817335,0.466554551,0.1618857581,0.3200829572
0,531,0.24135716419999997,0.466646475,0.162522488,0.3183162886
0,531,0.22904185105000002,0.43058958115,0.1558681795,0.2980578785
0,531,0.2577744275,0.48142026915,0.174028453,0.3315488079
0,531,0.28180287314999997,0.44125754669999995,0.1893720155,0.3016867048
0,531,0.2831593879,0.44210013365,0.1901849554,0.3022787929
0,531,0.2723586928,0.4372919971,0.1832158718,0.2985011336
0,531,0.9096275417999999,0.88505842505,0.6178165182,0.6617031011
0,531,0.88920875985,0.9091329745000001,0.6066368433,0.675361092
0,531,0.8219473926,0.8177753968499999,0.5595978722,0.6100958085
0,531,0.65301314045,0.9370525927,0.4478973445,0.6983099214
0,531,0.8020246853,0.8929609775,0.550793369,0.664462805
0,531,0.56216643635,0.6933489943,0.3830366279,0.5066472686
0,531,0.5804371677,0.6902953224999999,0.39513165,0.5025802478
0,531,0.0601499058,0.8034682242,0.0559723296,0.5913415524
0,531,0.0906880989,0.81052916295,0.0792549112,0.5929822189
0,531,0.28237425335,0.5756768463,0.1958465377,0.4118091138
0,531,0.28597822265,0.56936714445,0.1981232245,0.4091790387
0,531,0.6253590427,0.52167492535,0.42082284,0.3703604847
0,531,0.56329444945,0.52501672585,0.3800668967,0.3741297097
0,531,0.53003708115,0.5088405118,0.3575332089,0.3535920528
0,531,0.536233159,0.5077764272,0.3603665652,0.3529153622
0,531,0.606031844,0.53170259765,0.4076226556,0.3690632889
0,531,0.5920716689500001,0.5234913498,0.3995984387,0.373709941
0,531,0.72962188235,0.52495262515,0.4902303597,0.3803599345
0,531,0.6961176813,0.53969701905,0.4697538302,0.3889285373
0,531,0.69359379675,0.5303927505,0.4679352549,0.3834305398
0,531,0.70464972685,0.5314936864500001,0.4750958129,0.3839341325
0,531,0.70239567175,0.52713153,0.4731884625,0.3814561344
0,531,0.68605864585,0.5230096213,0.4616449265,0.3764676984
0,531,0.7729701167,0.5200864866,0.5208154226,0.3662618028
0,531,0.7638361381,0.5138231734500001,0.5138148934,0.3677545447
0,531,0.6471346379,0.47712013715,0.4359954958,0.3371285533
0,531,0.6350272049,0.47699771005,0.4273162706,0.3380497089
0,531,0.6365625905000001,0.4835401987,0.4277991312,0.3442590426
0,531,0.63470824245,0.48296705535,0.4265866503,0.3430086897
0,531,0.5908543952499999,0.4313059194,0.3961844597,0.2978439976
0,531,0.59365494635,0.4257527031,0.3987870519,0.2991434382
0,531,0.57424320325,0.42754752279999997,0.3857452391,0.2999757092
0,531,0.133688862,0.5235417608999999,0.0949214516,0.373714742
0,531,0.40825700335000004,0.4583971529,0.2761575513,0.3168646868
0,531,0.3345554266,0.4568764481,0.2265169444,0.3207596478
0,531,0.3299756978,0.45722841805,0.2246399644,0.3225499259
0,531,0.43579321395,0.46640295225000006,0.2963330649,0.3212860509
0,531,0.3836479656,0.4654013653,0.2598456332,0.3199109738
0,531,0.66119541495,0.42891134955,0.4441245491,0.2987016105
0,531,0.6556241939999999,0.43079362639999996,0.4400516998,0.2973835236
0,531,0.64609117595,0.43115774025,0.4340111973,0.2968633727
0,531,0.6571946954,0.4202456224,0.440329998,0.293572127
0,531,0.65612713535,0.43300209775,0.4413092759,0.2943345495
0,531,0.6912216913,0.4202299866,0.4632634658,0.288013143
0,531,0.69338682515,0.4164905411,0.4648703241,0.2888216682
0,531,0.67426353185,0.41245054254999997,0.4516986121,0.2822794391
0,531,0.64788031955,0.4139499994,0.4345537767,0.2834200812
0,531,0.6527073921,0.414607291,0.4375772402,0.2842773956
0,531,0.6390867671,0.42551349335,0.430276219,0.2944969159
0,531,0.6145801697,0.41899066315,0.4122525394,0.2891672151
0,531,0.6143092451,0.42042358625,0.411897001,0.2907775181
0,531,0.59423659115,0.43223373494999995,0.3983136383,0.2999942971
0,531,0.597531264,0.42911059365000004,0.4004083654,0.2973787225
0,531,0.60329549095,0.42821810699999996,0.4044116015,0.2977253456
0,531,1.3932945312,0.5808170348,0.9403221134,0.4254754092
0,531,1.37242019295,0.58229738465,0.9226601047,0.4242560685
0,531,0.9851244049,0.43632043035,0.6632055576,0.3121827405
0,531,1.2716837539,0.42554223480000003,0.8507889302,0.2981396264
0,531,1.2864553158,0.42363316285,0.8612100746,0.2966677757
0,531,1.29338539425,0.41977946499999996,0.8658087119,0.2970656152
0,531,1.1069944989,0.4117608436,0.7430461946,0.290954898
0,531,1.0930290674,0.41621889170000004,0.7310647696,0.2899397972
0,531,1.2105942995999999,0.386529043,0.809783745,0.2724248646
0,531,1.21991634115,0.38764593940000003,0.8169305779,0.2726850304
0,531,1.0333795070999998,0.40663324175,0.6929311958,0.2869101957
0,531,1.15262248625,0.41135684055,0.7715904525,0.2910458587
0,531,1.16252653035,0.41254244404999996,0.7793081909,0.2918002747
0,531,1.2242147785,0.40031251035000004,0.8192404824,0.2829314107
0,531,1.22846795225,0.40222508585,0.8222462785,0.2835754021
0,531,1.25328248815,0.4287243026,0.8395346433,0.3038199346
0,531,1.3732527514,0.4099409158,0.9196692018,0.2924259702
0,531,1.37922506645,0.41488484454999996,0.9235817303,0.2935924991
0,531,1.35296778925,0.5195105535,0.9131270033,0.3779324124
0,531,1.37507709415,0.51387248165,0.9229151871,0.3753373721
0,531,1.25489781525,0.4672220287,0.8417002883,0.3354741324
0,531,1.22569300055,0.49995393575,0.8238570791,0.3617150649
0,531,1.2352604147,0.4918235274,0.828864111,0.3599666988
0,531,1.248785475,0.4983462928,0.839355925,0.362148069
0,531,1.24785435865,0.4790343346,0.8374361637,0.3436810982
0,531,1.25982264255,0.47929261889999997,0.8468667649,0.3481495918
0,531,1.2860348021999999,0.44712970295,0.8604312484,0.3176310405
0,531,1.2215140008,0.452442081,0.8186319058,0.3240523996
0,531,1.2063221991000002,0.45398526645000004,0.8076182826,0.3226588581
0,531,1.20511433595,0.46437990655,0.8074927247,0.3293044183
0,531,1.20661664985,0.44956903304999996,0.8073406779,0.3104621427
0,531,1.2009636624,0.463495624,0.8038185846,0.3205168696
0,531,1.1966506239,0.47409481764999994,0.8036179646,0.3408578127
0,531,1.22047147745,0.47458296915,0.8190369421,0.3401148155
0,531,1.19816637095,0.47143879085,0.8033364541,0.3375731059
0,531,1.21279469535,0.49124383125,0.8113390613,0.3393611781
0,531,1.3407382175,0.4910229823,0.8995188624,0.3554849698
0,531,1.2753346294999999,0.4960240048,0.8554388176,0.3594236594
0,531,1.3062631849000002,0.4866050945,0.8775836764,0.3523798488
0,531,1.2773070281,0.48454031235000006,0.8587411634,0.3480694011
0,531,1.285681892,0.48918547209999996,0.8629613384,0.3516926478
0,531,1.3103015754,0.45331652354999996,0.878843757,0.3228531715
0,531,1.3047886861,0.44625688234999994,0.8738400834,0.3204840407
0,531,1.3011870894,0.45480667015,0.8720682318,0.3239018797
0,531,1.375287716,0.4650235304,0.9207558206,0.3362859016
0,531,1.2975330745,0.461099763,0.8706409678,0.329753599
0,531,1.29808892635,0.48079903724999995,0.8684586483,0.3337234047
0,531,1.3113954218,0.48223599595,0.8799036556,0.3338326873
0,531,1.198754871,0.52467001115,0.8068954884,0.3821518995
0,531,1.21744743,0.5290474791499999,0.8197211528,0.3848092239
0,531,1.3091903537,0.59228470215,0.8812525114,0.4198047031
0,531,1.3266948888,0.58219260475,0.894707048,0.4240343113
0,531,1.2437991037,0.55850149175,0.8370870498,0.4038826859
0,531,1.26463781515,0.5736579338000001,0.8481785337,0.4073801966
0,531,1.29009735765,0.5671502853,0.8671788853,0.4109675002
0,531,1.35080302035,0.58635045645,0.9072030181,0.4234382007
0,531,1.3509875790499999,0.4562199998,0.9048691677,0.326957433
0,531,1.33852854995,0.45794377665,0.8971670525,0.3300084447
0,531,1.30674641045,0.5053557173500001,0.8786321861,0.3643614895
0,531,1.3241170529,0.48032595075,0.8878555968,0.3339941069
0,531,1.32339334605,0.5016158178,0.8887227601,0.3632637326
0,531,1.3239469493,0.43497100675,0.8867867914,0.3097415937
0,531,1.36452636445,0.4344022104,0.9131126941,0.307178474
0,531,1.33774402925,0.4963596252,0.8985018911,0.355247901
0,531,1.3521788152,0.4960175817,0.9079980516,0.35690336
0,531,1.35965884665,0.41067100195,0.9101826781,0.2890528979
0,531,1.36873150035,0.41727013025,0.9158217945,0.2898096495
0,531,1.3920986957,0.41083696314999996,0.931027303,0.2901285959
0,531,1.4004059562,0.40724154965,0.9383435094,0.2905826209
0,531,1.3002520308,0.40099549430000003,0.8708878736,0.2838616494
0,531,1.3090552929000001,0.404220577,0.877478402,0.284728566
0,531,1.4473978385,0.3969759651,0.9677287944,0.2778322908
0,531,1.29083194235,0.42209831445,0.8641316219,0.3007303847
0,531,1.2994907259,0.42553925045,0.8699022948,0.3012826369
0,531,1.31207130975,0.4248024816,0.8784721573,0.3015797838
0,531,1.2990622547,0.4199904524,0.8706211102,0.2995084488
0,531,1.285456231,0.42000122230000003,0.860877314,0.2990319756
0,531,1.33983601145,0.47266364625,0.8974641863,0.3395946137
0,531,1.3474282528,0.46852337675,0.9038663596,0.3392643783
0,531,1.31502132935,0.43738581255,0.8797593961,0.3101814751
0,531,1.3127086506999999,0.43409623985,0.8805060998,0.3093052159
0,531,1.2605401439000001,0.53352739145,0.846554592,0.3859427941
0,531,1.2724336698,0.541508902,0.8536177602,0.3870484664
0,531,1.28374154295,0.5362056070000001,0.8640342321,0.3884191054
0,531,1.29792256065,0.5300651102,0.8712783087,0.3846593528
0,531,1.5048724090499999,0.4833199336,1.0093870897,0.3477338456
0,531,1.5052723129999999,0.48826121075,1.0101744672,0.3474422839
0,531,1.4661795377,0.47392976485,0.9823193018,0.3420762451
0,531,1.3858665529,0.48067439555,0.9294110026,0.3359200691
0,531,1.3848013833,0.48719343260000003,0.9278224638,0.3517972072
0,531,1.4148958251,0.4519432569,0.9482316382,0.3224874472
0,531,1.40757122315,0.45232435755,0.9421027987,0.3183650195
0,531,1.37505117705,0.47371715555,0.9208042965,0.3370235787
0,531,1.4109107653,0.4199142841,0.9446284354,0.2986237554
0,531,1.38333887205,0.39855759145,0.9248080823,0.2807292791
0,531,1.3839290512,0.4046564358,0.924742085,0.2797909954
0,531,1.3677069364499999,0.49699057585,0.9184237223,0.3606060189
0,531,1.41158329505,0.39692146655,0.9440586979,0.2783479511
0,531,1.4021283828,0.48127150095,0.9396238856,0.3433374977
0,531,1.3955672757,0.4822024534,0.934771188,0.347481076
0,531,1.3618904159,0.478390408,0.9128533774,0.3458494926
0,531,1.35750648875,0.47957666025,0.9097338383,0.3432405681
0,531,1.3598405581500002,0.465618538,0.9120278275,0.3366249606
0,531,1.4540226797,0.40058137,0.9730412828,0.2819935162
0,531,1.4329540729499999,0.4834092075,0.9614867959,0.350341213
0,531,1.0252105196499999,0.9668476105999999,0.7003145675,0.7175043184
0,531,0.80246695465,0.6677364174,0.5443799527,0.4913693726
0,531,0.815829796,0.6734520849000001,0.5543291874,0.4960600128
0,531,0.775252644,0.67406636165,0.5247920502,0.4938977171
0,531,0.5621438775,0.54286247775,0.3816309736,0.3928916215
0,531,0.57466890395,0.5411287744,0.3899650273,0.3892617572
0,531,0.6492039882,0.6208337788,0.4395735116,0.438603077
0,531,0.6581923202,0.60767860215,0.4463487448,0.4404827587
0,531,0.71412748975,0.56863874505,0.4846817705,0.4116513275
0,531,0.7189822315000001,0.56387271525,0.484750688,0.4083629875
0,531,0.71722644125,0.5593944896999999,0.4819002483,0.3841721096
0,531,0.7469939849,0.56243544515,0.5066179786,0.4055393127
0,531,0.90767792105,0.4450485712,0.6089525883,0.3155526986
0,531,0.89593872945,0.4353149966,0.6009047175,0.3075318064
0,531,0.91765570095,0.43494609315,0.6148524815,0.3071017867
0,531,0.86440612385,0.4462641489,0.5806600545,0.3155763146
0,531,0.8048903102,0.47178122349999996,0.5393553994,0.3256451852
0,531,0.9851492268500001,0.4399018948,0.6592010417,0.3049006932
0,531,1.0281295847999998,0.42005922435,0.6889373388,0.2966714089
0,531,1.02244367165,0.42724252535,0.6840075471,0.2958108505
0,531,1.02675269475,0.41867547964999996,0.6886707215,0.2950053097
0,531,0.8589727378500001,0.45199032679999995,0.5770851049,0.3190786264
0,531,0.93469577305,0.450027924,0.6259206035,0.3126188588
0,531,0.93544371775,0.44898505489999996,0.6264166051,0.3134098666
0,531,0.94611994455,0.43982819195,0.6341254369,0.3129638867
0,531,0.76677798105,0.47411590345,0.5138762183,0.3262985193
0,531,0.79399659915,0.46227128770000003,0.5326030901,0.3268442836
0,531,0.91619040095,0.44257816390000004,0.6144367863,0.313083005
0,531,0.84614692745,0.4575569666,0.5676422387,0.3260635266
0,531,0.8502909573999999,0.45597897340000004,0.5734504366,0.3253571214
0,531,0.9292465448,0.4200902366,0.6218149016,0.289066782
0,531,0.92793703915,0.41500967219999996,0.6216112153,0.2916635092
0,531,0.9335866684,0.4145067282,0.6252734798,0.2892256064
0,531,0.9447857629,0.41178699,0.6326850318,0.2881392682
0,531,0.797238058,0.46936181135,0.537234288,0.3338094605
0,531,0.7774825341,0.4811760636,0.5246667722,0.3433773336
0,531,0.9013388978,0.4830408879,0.6071132794,0.3458311966
0,531,0.92343907695,0.4910433544,0.6196758307,0.3422407788
0,531,0.90196798895,0.48458527360000003,0.6070252343,0.3479932328
0,531,0.8899423955,0.48601806704999995,0.5979846302,0.3422013323
0,531,0.8920516069000001,0.48533839204999996,0.5981047978,0.3410654263
0,531,0.979404982,0.4632625777,0.657452114,0.3308435704
0,531,0.9893521726000001,0.4768322679,0.6619986252,0.3319585852
0,531,0.9699851855999999,0.4263561451,0.649877613,0.3008745464
0,531,1.01320843395,0.4547668344,0.6793080157,0.324203179
0,531,0.99467137735,0.4925133236,0.6685560089,0.3557464332
0,531,1.3751596637999999,0.615187078,0.931615292,0.4500444034
0,531,1.3334676397,0.6293571608,0.8969030634,0.4467071444
0,531,0.9053475749500001,0.3916825318,0.6065395995,0.2749460724
0,531,1.05882371835,0.3944934254,0.7093667065,0.2780199216
0,531,1.0591161797000002,0.39511918580000005,0.7093696268,0.277121863
0,531,1.05183005175,0.40029693935,0.7033215317,0.2773102723
0,531,0.8961866571999999,0.4156003329,0.6002783274,0.2880243022
0,531,0.9028621643999999,0.4156783826,0.6050479444,0.2880662142
0,531,1.0565590775,0.39369262075,0.7064578622,0.2723446739
0,531,1.05590625935,0.39331346645,0.7064710033,0.2720874925
0,531,1.04274549815,0.39107441855,0.6975126037,0.2713588985
0,531,1.0535778113999998,0.40060790565,0.7039306924,0.2742602987
0,531,1.0832053298,0.39539537680000003,0.7254805536,0.2774126518
0,531,1.0874198104,0.39793494534999996,0.7279227446,0.2794066507
0,531,1.1221554008,0.39273539225,0.7503956916,0.2760181371
0,531,1.16742098725,0.3943536755,0.7825038021,0.2787629188
0,531,1.0539264142,0.386704217,0.7068890346,0.2669620316
0,531,1.16199417175,0.4004268276,0.7782063869,0.2831680902
0,531,0.9720232894,0.4038692559,0.6509941642,0.2845171894
0,531,1.09060812105,0.38433242619999997,0.7304931339,0.266331016
0,531,1.0954890718999999,0.38113297085000003,0.7337344468,0.2596959447
0,531,1.09426673525,0.38359085635,0.7315838411,0.2592918767
0,531,1.0018190133,0.43587166050000004,0.67174943,0.3107212704
0,531,1.0692976459999999,0.42822680855000006,0.715919856,0.3033432019
0,531,1.0760966060000001,0.42762914085,0.7207953314,0.3034714033
0,531,1.1424778879500002,0.44314702520000004,0.7650882611,0.3167120908
0,531,1.1613150716,0.4578935601,0.7767629156,0.3168415898
0,531,0.7602293579999999,0.43887167715,0.5099861756,0.3101550043
0,531,0.7658492739,0.43938876475,0.5130411776,0.3093619203
0,531,0.8014383754500001,0.4319308299,0.5379421525,0.306598194
0,531,0.80675743435,0.43217490565000005,0.5418958563,0.3071024355
0,531,0.8264863841500001,0.43252603215,0.5537073237,0.3048446375
0,531,0.81809867115,0.42887793665,0.5488949253,0.3043599895
0,531,0.7867823089,0.4362233061,0.5275391136,0.3096964378
0,531,0.7798642763,0.43982183374999995,0.5234846618,0.3118048837
0,531,0.7766176997,0.4347537521,0.5207526814,0.3087929812
0,531,0.8127352247999999,0.43090197465,0.5445618832,0.3034224843
0,531,0.7821498699,0.43514780275,0.52421399,0.3075633377
0,531,1.0825810569,0.38575295745,0.7247947368,0.2677704271
0,531,1.0468852938,0.36834552975,0.7001926478,0.2571731799
0,531,1.042755573,0.36899931804999997,0.6973613356,0.2576152671
0,531,0.9884501854500001,0.37514701635000003,0.6616474671,0.2622601025
0,531,0.96303882685,0.37024104195,0.6442514917,0.2592687797
0,531,0.8206857058000001,0.9219376085,0.5604397754,0.6930535342
0,531,0.68157418965,0.9096671902,0.4748911045,0.6696291398
0,531,0.39457125725,0.6006859164,0.2699127785,0.4324086656
0,531,0.8500619381000001,0.46839498074999997,0.5705230488,0.3325131731
0,531,0.8315310870499999,0.46247955009999997,0.5588875255,0.3290063198
0,531,0.9279798936,0.5294790559,0.6222611132,0.3757297618
0,531,0.8399964782,0.54240222435,0.5632960556,0.3754494835
0,531,0.7928696811,0.5362752874,0.5376682346,0.38537549
0,531,0.7375164409,0.4777172209,0.4948612656,0.3287691212
0,531,0.74338413855,0.47660538524999996,0.4991848169,0.3383638543
0,531,0.67397472075,0.92513485805,0.4612238289,0.6552354183
0,531,1.1223387184,0.5349032209,0.7556288956,0.3717918508
0,531,1.13814192565,0.5283012380500001,0.7666535061,0.3836328333
0,531,1.1653731737,0.54985159525,0.7857151826,0.3823369351
0,531,1.220952951,0.4005218757,0.816631692,0.2805727904
0,531,1.20381753335,0.39143871555,0.8042982329,0.2681137681
0,531,1.20387367485,0.39760814855,0.8054343497,0.2797329933
0,531,1.21109285635,0.39550359535,0.8104359791,0.2781740747
0,531,1.2340182935,0.38508418210000006,0.8252357212,0.2680372106
0,531,1.23630936245,0.4662301547,0.8303429171,0.3364460236
0,531,0.93544174665,0.5247870533500001,0.6296205391,0.3780198697
0,531,0.95059447185,0.52235563845,0.6408589107,0.3781779155
0,531,0.9597966379,0.53577111065,0.6453722772,0.3692834891
0,531,0.8170056279,0.53727858005,0.5560249668,0.3873893419
0,531,0.813137998,0.5294355219,0.5485101846,0.383243947
0,531,0.8366802613,0.53527205945,0.5632236338,0.3876251131
0,531,0.74948465185,0.46975582304999997,0.5037719193,0.3363686875
0,531,0.59138899145,0.5049427609,0.3992899161,0.3608996624
0,531,0.894030138,0.446351671,0.599509576,0.3083584978
0,531,0.8553881515499999,0.46118475485,0.5745500505,0.3300590505
0,531,0.9238549181,0.4606962789,0.6207230264,0.3292681724
0,531,0.99716708175,0.44594117995000004,0.6673740445,0.3086316395
0,531,0.9995037793499999,0.44503896909999996,0.6688494923,0.306625573
0,531,0.99361841425,0.43248405525,0.6657939063,0.3052573993
0,531,1.09995089625,0.49804668035,0.7415673885,0.3445652727
0,531,0.79698523875,0.42701700514999996,0.5346944151,0.3025383099
0,531,0.8158323512,0.4335008429,0.5465445756,0.307044693
0,531,0.8403136886,0.42511435615000004,0.5632906532,0.3007201337
0,531,0.5907083581,0.4993859179,0.3979464628,0.3455950362
0,531,1.3666880671000001,0.3841836581,0.9139475888,0.2656161764
0,531,1.33362950775,0.35775814414999996,0.8918687779,0.2502678215
0,531,0.7423401552,0.43372571434999996,0.4986133272,0.3078998015
0,531,0.7573351878999999,0.43871077665,0.5080204206,0.3092126981
0,531,1.3062631849000002,0.4866050945,0.8775836764,0.3523798488
0,531,1.2773070281,0.48454031235000006,0.8587411634,0.3480694011
0,531,1.285681892,0.48918547209999996,0.8629613384,0.3516926478
0,531,0.8315310870499999,0.46247955009999997,0.5588875255,0.3290063198
0,531,1.23630936245,0.4662301547,0.8303429171,0.3364460236
