1,457,0.8641744033,0.3143347852,0.0044672268000000015,0.019283021999999983,-1,-1,-1,-1
2,457,0.8640241573,0.3142012637,0.004805243799999914,0.019550065000000005,-1,-1,-1,-1
3,457,0.8639114363,0.3141345679,0.004805243800000025,0.019550065000000005,-1,-1,-1,-1
4,457,0.8639114363,0.3141345679,0.004562864499999986,0.01950828269999999,-1,-1,-1,-1
5,457,0.8639114363,0.3141345679,0.004562864499999986,0.01950828269999999,-1,-1,-1,-1
6,457,0.8640624124,0.3143493182,0.004562864399999977,0.01950828269999999,-1,-1,-1,-1
7,457,0.864257703,0.3144258757,0.004066059799999966,0.019439899999999954,-1,-1,-1,-1
8,457,0.8644529936,0.3145024332,0.003569255099999946,0.01937151730000003,-1,-1,-1,-1
9,457,0.864395027,0.316211223,0.004200901499999965,0.01753219049999999,-1,-1,-1,-1
10,457,0.8640289757,0.3155467297,0.004566952799999968,0.018043179400000053,-1,-1,-1,-1
11,457,0.8639260375,0.3148295544,0.0045833061000000175,0.018779948300000016,-1,-1,-1,-1
12,457,0.8639260375,0.314644934,0.0045833061000000175,0.018964568700000017,-1,-1,-1,-1
13,457,0.8639260375,0.3144603136,0.0045833061000000175,0.01914918910000002,-1,-1,-1,-1
14,457,0.8639260375,0.3142756932,0.0045833061000000175,0.01933380950000002,-1,-1,-1,-1
15,457,0.8639260375,0.3140910728,0.0045833061000000175,0.019518429900000023,-1,-1,-1,-1
16,457,0.8639260375,0.3139064524,0.0045833061000000175,0.019703050300000025,-1,-1,-1,-1
17,457,0.8639260375,0.3139064524,0.004683689100000055,0.01968799830000001,-1,-1,-1,-1
18,457,0.8639260375,0.3139064524,0.004784072099999981,0.019672946299999994,-1,-1,-1,-1
19,457,0.8639260375,0.3139064524,0.004718147900000025,0.0196918586,-1,-1,-1,-1
20,457,0.8639260375,0.3139064524,0.0046522236000000605,0.019710770900000008,-1,-1,-1,-1
21,457,0.8639260375,0.3139064524,0.004586299299999985,0.019729683200000014,-1,-1,-1,-1
22,457,0.8639260375,0.3139064524,0.004520375100000029,0.01974859550000002,-1,-1,-1,-1
23,457,0.8638596022,0.3139373349,0.004634118100000029,0.019717713000000026,-1,-1,-1,-1
24,457,0.8638596022,0.3139373349,0.004599046099999948,0.019786069800000028,-1,-1,-1,-1
25,457,0.8638596022,0.3139373349,0.004563974099999979,0.01985442660000003,-1,-1,-1,-1
26,457,0.8638596022,0.3139373349,0.00452890210000001,0.019922783300000024,-1,-1,-1,-1
27,457,0.8638596022,0.3139373349,0.004493830099999929,0.019991140100000027,-1,-1,-1,-1
28,457,0.8638596022,0.3139373349,0.00445875809999996,0.02005949690000003,-1,-1,-1,-1
29,457,0.8638596022,0.3139373349,0.00445875809999996,0.02005949690000003,-1,-1,-1,-1
30,457,0.8638984413,0.3139373349,0.00467383329999993,0.0202396017,-1,-1,-1,-1
31,457,0.8638984413,0.3139373349,0.004607252000000006,0.0202396017,-1,-1,-1,-1
32,457,0.8639140645,0.3139373349,0.004470147100000044,0.019727055600000043,-1,-1,-1,-1
33,457,0.8639140645,0.3139373349,0.004674709400000032,0.019727055600000043,-1,-1,-1,-1
34,457,0.8639140645,0.3139373349,0.004674709400000032,0.019727055600000043,-1,-1,-1,-1
35,457,0.8639140645,0.3139899304,0.004674709400000032,0.019674460100000013,-1,-1,-1,-1
36,457,0.8639140645,0.3140425258,0.004674709400000032,0.01962186469999999,-1,-1,-1,-1
37,457,0.8639140645,0.3140951213,0.004674709400000032,0.019569269200000017,-1,-1,-1,-1
38,457,0.8635716672,0.3140951213,0.005017106699999996,0.019488429699999976,-1,-1,-1,-1
39,457,0.8631987534,0.3144819314,0.005019150900000047,0.019049067399999953,-1,-1,-1,-1
40,457,0.8631987534,0.3144819314,0.005019150900000047,0.019049067399999953,-1,-1,-1,-1
41,457,0.8631987534,0.3138827066,0.006095402899999991,0.019833457599999993,-1,-1,-1,-1
42,457,0.8631987534,0.3138827066,0.006356617700000067,0.01981178789999999,-1,-1,-1,-1
43,457,0.8631987534,0.3138827066,0.006356617700000067,0.01981178789999999,-1,-1,-1,-1
44,457,0.8631987534,0.3138827066,0.006356617700000067,0.01981178789999999,-1,-1,-1,-1
45,457,0.8631987534,0.3138827066,0.006356617700000067,0.01981178789999999,-1,-1,-1,-1
46,457,0.8631987534,0.3138827066,0.005841926600000047,0.01981178789999999,-1,-1,-1,-1
47,457,0.8630823821,0.3138827066,0.005337602300000022,0.019684494800000008,-1,-1,-1,-1
48,457,0.8630823821,0.3138827066,0.005337602300000022,0.019684494800000008,-1,-1,-1,-1
49,457,0.8628563561,0.3138827066,0.005337602300000022,0.019684494800000008,-1,-1,-1,-1
50,457,0.8628563561,0.3138827066,0.005234810100000042,0.019684494800000008,-1,-1,-1,-1
51,457,0.8628563561,0.3138827066,0.005132017899999952,0.019684494800000008,-1,-1,-1,-1
52,457,0.8628563561,0.3138827066,0.005132017899999952,0.019684494800000008,-1,-1,-1,-1
53,457,0.8628563561,0.3138827066,0.005132017899999952,0.019684494800000008,-1,-1,-1,-1
54,457,0.8628563561,0.3138827066,0.005132017899999952,0.019684494800000008,-1,-1,-1,-1
55,457,0.8628563561,0.3138827066,0.005132017899999952,0.019684494800000008,-1,-1,-1,-1
56,457,0.8634891706,0.3140782527,0.004572647200000057,0.019737306499999996,-1,-1,-1,-1
57,457,0.8633830201,0.3140782527,0.0045726472999999546,0.019737306499999996,-1,-1,-1,-1
58,457,0.8631448751,0.3140782527,0.004810792299999922,0.019737306499999996,-1,-1,-1,-1
59,457,0.8631448751,0.3140782527,0.004810792299999922,0.019737306499999996,-1,-1,-1,-1
60,457,0.8631448751,0.3140782527,0.004810792299999922,0.019737306499999996,-1,-1,-1,-1
61,457,0.8631448751,0.3140782527,0.004810792299999922,0.019737306499999996,-1,-1,-1,-1
62,457,0.8631448751,0.3140782527,0.004810792299999922,0.019737306499999996,-1,-1,-1,-1
63,457,0.8632342342,0.3142370771,0.004565930699999998,0.019639338800000017,-1,-1,-1,-1
64,457,0.8632342342,0.3142370771,0.004565930699999998,0.019639338800000017,-1,-1,-1,-1
65,457,0.8631619585,0.3143014373,0.004990824599999999,0.020194445700000008,-1,-1,-1,-1
66,457,0.8631619585,0.3142417484,0.005037402300000049,0.020218970000000003,-1,-1,-1,-1
67,457,0.8631619585,0.3141820595,0.005083979999999988,0.020243494400000006,-1,-1,-1,-1
68,457,0.8633593662,0.3142697762,0.005083980099999996,0.02024349449999996,-1,-1,-1,-1
69,457,0.8633593662,0.3142697762,0.005083980099999996,0.02024349449999996,-1,-1,-1,-1
70,457,0.8642228792,0.3140992086,0.005083979999999988,0.020243494599999967,-1,-1,-1,-1
71,457,0.8650863922,0.3139286411,0.005083979999999988,0.02024349449999996,-1,-1,-1,-1
72,457,0.8661252652,0.3136445998,0.005109094000000036,0.020191072000000032,-1,-1,-1,-1
73,457,0.8672574396,0.3138458552,0.0051090940999999335,0.020191071999999977,-1,-1,-1,-1
74,457,0.865785496,0.3125713672,0.005465654600000036,0.02017796639999997,-1,-1,-1,-1
75,457,0.8651912286,0.3119598153,0.005465654500000028,0.020177966400000025,-1,-1,-1,-1
76,457,0.8653937467,0.3117348141,0.005465654599999925,0.020177966400000025,-1,-1,-1,-1
77,457,0.8633967452,0.3115805312,0.005750085299999985,0.02017796639999997,-1,-1,-1,-1
78,457,0.8612042341,0.3114262484,0.005750085299999985,0.020177966400000025,-1,-1,-1,-1
79,457,0.8609427272,0.311168029,0.005750085299999985,0.02017796629999996,-1,-1,-1,-1
80,457,0.8608205155,0.3114577797,0.005750085199999977,0.020177966400000025,-1,-1,-1,-1
81,457,0.8607157521,0.3114888568,0.005750085300000096,0.020177966400000025,-1,-1,-1,-1
82,457,0.8606109887,0.311519934,0.005750085299999985,0.020177966400000025,-1,-1,-1,-1
83,457,0.8605411952,0.3114579094,0.005750085199999977,0.02017796639999997,-1,-1,-1,-1
84,457,0.8604714016,0.3113958849,0.005750085199999977,0.020177966400000025,-1,-1,-1,-1
85,457,0.8602967716,0.3113338603,0.005750085300000096,0.020177966400000025,-1,-1,-1,-1
86,457,0.8604184358,0.3113771023,0.005750085299999985,0.020177966400000025,-1,-1,-1,-1
87,457,0.8605401,0.3114203444,0.0057500853999999935,0.020177966400000025,-1,-1,-1,-1
88,457,0.8606617643,0.3114635864,0.005750085299999985,0.020177966400000025,-1,-1,-1,-1
89,457,0.8607834285,0.3115068284,0.005750085299999985,0.020177966400000025,-1,-1,-1,-1
90,457,0.8607386029,0.3115227562,0.005750085299999985,0.020177966400000025,-1,-1,-1,-1
91,457,0.8606937774,0.3115386841,0.005750085199999977,0.02017796639999997,-1,-1,-1,-1
92,457,0.8606489518,0.311554612,0.005750085199999977,0.02017796639999997,-1,-1,-1,-1
93,457,0.8606041262,0.3115705398,0.005750085199999977,0.020177966400000025,-1,-1,-1,-1
94,457,0.8605382263,0.3115939396,0.005750085199999977,0.020177966400000025,-1,-1,-1,-1
95,457,0.8604723263,0.3116173394,0.005750085299999985,0.02017796639999997,-1,-1,-1,-1
96,457,0.8604064264,0.3116407392,0.005750085299999985,0.02017796639999997,-1,-1,-1,-1
97,457,0.8606436953,0.3116407392,0.005750085300000096,0.02017796639999997,-1,-1,-1,-1
98,457,0.861027998,0.3115126676,0.005242329800000056,0.020007463599999997,-1,-1,-1,-1
99,457,0.8614123007,0.3113845959,0.004734574200000008,0.019836960999999986,-1,-1,-1,-1
100,457,0.8619887548,0.3114577797,0.004322821199999938,0.0197637772,-1,-1,-1,-1
101,457,0.862137492,0.3114577797,0.0041184535999999605,0.01974098299999999,-1,-1,-1,-1
102,457,0.8622862292,0.3114577797,0.003914085899999975,0.019718188700000028,-1,-1,-1,-1
103,457,0.8624349664,0.3114577797,0.003709718299999998,0.01969539450000002,-1,-1,-1,-1
104,457,0.8623202742,0.3114832772,0.003912820599999978,0.01969539459999997,-1,-1,-1,-1
105,457,0.8622055821,0.3115087748,0.004115922700000052,0.01969539450000002,-1,-1,-1,-1
106,457,0.8620334343,0.3114577797,0.00423068790000003,0.01969539450000002,-1,-1,-1,-1
107,457,0.8617752857,0.3114577797,0.0043740714000000125,0.01969539450000002,-1,-1,-1,-1
108,457,0.8619474335,0.311508645,0.004230687899999919,0.01969539450000002,-1,-1,-1,-1
109,457,0.8623203473,0.3114066548,0.003911652400000021,0.01969539459999997,-1,-1,-1,-1
110,457,0.8623203473,0.311577417,0.003610576300000057,0.019524632399999964,-1,-1,-1,-1
111,457,0.8623203473,0.311577417,0.003554799900000072,0.019524632399999964,-1,-1,-1,-1
112,457,0.8622074802,0.3115272005,0.0038650746999999708,0.01952463230000001,-1,-1,-1,-1
113,457,0.8618973515,0.3114771137,0.004175203399999994,0.01952463230000001,-1,-1,-1,-1
114,457,0.8618691712,0.3114270269,0.004203383700000063,0.01952463230000001,-1,-1,-1,-1
115,457,0.8617625827,0.3115217506,0.004321799200000087,0.01952463240000002,-1,-1,-1,-1
116,457,0.862029054,0.3114270269,0.00410862210000007,0.01952463230000001,-1,-1,-1,-1
117,457,0.862029054,0.3114270269,0.00410862210000007,0.01952463230000001,-1,-1,-1,-1
118,457,0.862029054,0.3114270269,0.00410862210000007,0.01952463230000001,-1,-1,-1,-1
119,457,0.8619195452,0.3115567854,0.004219883099999988,0.01952463240000002,-1,-1,-1,-1
120,457,0.8619195452,0.3115567854,0.004219883099999988,0.01952463240000002,-1,-1,-1,-1
121,457,0.8619195452,0.3115567854,0.004219883099999988,0.01952463240000002,-1,-1,-1,-1
122,457,0.8619977344,0.3115567854,0.004219883199999996,0.01952463240000002,-1,-1,-1,-1
123,457,0.8620759237,0.3115567854,0.004219883099999988,0.01952463240000002,-1,-1,-1,-1
124,457,0.8622949412,0.3116679885,0.0041259975999999865,0.01952463230000001,-1,-1,-1,-1
125,457,0.8624513197,0.311501119,0.004470293100000022,0.01952463240000002,-1,-1,-1,-1
126,457,0.8627642227,0.311389916,0.0037506016000000697,0.01952463230000001,-1,-1,-1,-1
127,457,0.8620759237,0.3114455824,0.003437844600000073,0.01952463230000001,-1,-1,-1,-1
128,457,0.8611373608,0.3113343794,0.003437844599999962,0.019524632299999956,-1,-1,-1,-1
129,457,0.8584395033,0.310996618,0.003437844600000073,0.01952463230000001,-1,-1,-1,-1
130,457,0.8569196679,0.3101186719,0.003437844600000073,0.01952463240000002,-1,-1,-1,-1
131,457,0.8521589576,0.30926538,0.004107892099999955,0.018792534900000046,-1,-1,-1,-1
132,457,0.8497418806,0.3086385167,0.004534830200000006,0.018706894200000046,-1,-1,-1,-1
133,457,0.8468698312,0.3081459534,0.004534830200000006,0.01870689419999999,-1,-1,-1,-1
134,457,0.8444545063,0.3074854826,0.004534830200000006,0.01870689419999999,-1,-1,-1,-1
135,457,0.8434014702,0.3070694769,0.004534830200000006,0.01870689419999999,-1,-1,-1,-1
136,457,0.84267331,0.3067772607,0.004534830200000006,0.01870689419999999,-1,-1,-1,-1
137,457,0.8412223921,0.3063247928,0.004534830199999895,0.01870689419999999,-1,-1,-1,-1
138,457,0.8389964443,0.3054769507,0.004096941300000045,0.01852445379999995,-1,-1,-1,-1
139,457,0.8362102498,0.3049865934,0.004662152400000008,0.018389115600000006,-1,-1,-1,-1
140,457,0.8335618903,0.3042511222,0.00405547389999994,0.01804590439999998,-1,-1,-1,-1
141,457,0.8308863726,0.3037608945,0.003862008400000061,0.017898758299999984,-1,-1,-1,-1
142,457,0.8277103269,0.3033576051,0.004956803899999973,0.01811584420000001,-1,-1,-1,-1
143,457,0.8264245482,0.3034663427,0.003977065599999996,0.01785386179999998,-1,-1,-1,-1
144,457,0.8243348293,0.3045448954,0.004567828799999951,0.01650229719999996,-1,-1,-1,-1
145,457,0.8223705344,0.3026186304,0.004105847900000015,0.017869043600000023,-1,-1,-1,-1
146,457,0.81971137,0.3022425903,0.004348081299999973,0.017442008299999978,-1,-1,-1,-1
147,457,0.8172334061,0.3015443598,0.0037437390000000237,0.017549448299999992,-1,-1,-1,-1
148,457,0.812549644,0.3011147294,0.0044992033000000875,0.017495728300000013,-1,-1,-1,-1
149,457,0.8087118734,0.3005105738,0.0048921208000000105,0.01734793339999996,-1,-1,-1,-1
150,457,0.8070499687,0.2997586232,0.0041667347999999604,0.01750909349999996,-1,-1,-1,-1
151,457,0.8042094578,0.2994364329,0.0041667348000000715,0.01750909340000001,-1,-1,-1,-1
152,457,0.8029082019,0.2991008774,0.003612036499999971,0.016845638199999957,-1,-1,-1,-1
153,457,0.8019140085,0.299030159,0.003612036499999971,0.016845638199999957,-1,-1,-1,-1
154,457,0.7973178534,0.2979699023,0.004499787399999899,0.016938156000000038,-1,-1,-1,-1
155,457,0.7946846791,0.2976918298,0.004101467500000067,0.016897671400000036,-1,-1,-1,-1
156,457,0.7919993786,0.2969505194,0.003997069199999981,0.016990189300000014,-1,-1,-1,-1
157,457,0.7891576996,0.2962090794,0.0036841663000000135,0.016990318899999968,-1,-1,-1,-1
158,457,0.7865256934,0.2964749545,0.002377945899999956,0.017205199100000013,-1,-1,-1,-1
159,457,0.7820794923,0.2962757752,0.004845104900000008,0.015247143300000043,-1,-1,-1,-1
160,457,0.778908995,0.2960481788,0.004207180099999985,0.014866431799999968,-1,-1,-1,-1
161,457,0.7759307951,0.2957320871,0.004207180099999985,0.014866431800000024,-1,-1,-1,-1
162,457,0.7739751149,0.2953755107,0.002667779099999934,0.01486526399999999,-1,-1,-1,-1
163,457,0.7712410466,0.2939344128,0.003366882899999979,0.015965616100000024,-1,-1,-1,-1
164,457,0.7685745816,0.2937366608,0.003365422799999962,0.015960036499999997,-1,-1,-1,-1
165,457,0.765237047,0.2935389089,0.004060730400000101,0.01596003639999999,-1,-1,-1,-1
166,457,0.7624477862,0.2934118753,0.004313038499999977,0.015839101500000008,-1,-1,-1,-1
167,457,0.7606696562,0.2934654656,0.0031538518999999487,0.015476815700000035,-1,-1,-1,-1
168,457,0.7581419023,0.2929328069,0.0041953530999999655,0.01584818459999998,-1,-1,-1,-1
169,457,0.7563669845,0.292728048,0.003181010100000048,0.01597106589999997,-1,-1,-1,-1
170,457,0.7549839621,0.2927689219,0.002973527500000017,0.015889188300000023,-1,-1,-1,-1
171,457,0.7522072583,0.2922989366,0.003268324999999961,0.016031014399999988,-1,-1,-1,-1
172,457,0.7495095468,0.2921847491,0.0032026197999999173,0.016080971400000033,-1,-1,-1,-1
173,457,0.7469549268,0.292053693,0.0031577942000000636,0.015781229299999977,-1,-1,-1,-1
174,457,0.7438550992,0.2919535195,0.003346879299999994,0.01577681740000003,-1,-1,-1,-1
175,457,0.7410567857,0.2915242783,0.0037539598000000396,0.01561124559999999,-1,-1,-1,-1
176,457,0.7386413148,0.2912667077,0.0035507116000000893,0.015654195699999984,-1,-1,-1,-1
177,457,0.736428216,0.2911233246,0.0036755515999999933,0.015756964399999962,-1,-1,-1,-1
178,457,0.735964921,0.2909545087,0.002897747400000039,0.015735943600000024,-1,-1,-1,-1
179,457,0.7359843405,0.290817354,0.0026466074000000006,0.015858305800000028,-1,-1,-1,-1
180,457,0.7359843405,0.2910836185,0.00272121940000003,0.015592041300000026,-1,-1,-1,-1
181,457,0.7360392409,0.2909491886,0.0026851545000000643,0.01562876299999999,-1,-1,-1,-1
182,457,0.7348290963,0.2909491886,0.0033470252999999728,0.015729585399999968,-1,-1,-1,-1
183,457,0.7327490141,0.2905458992,0.00289307509999992,0.015662370499999967,-1,-1,-1,-1
184,457,0.7295206963,0.2903709848,0.0032864304999999927,0.01552729180000001,-1,-1,-1,-1
185,457,0.7259764092,0.2901959405,0.004350417500000092,0.015317472399999976,-1,-1,-1,-1
186,457,0.7236015295,0.2896227972,0.003788272600000031,0.015572318099999982,-1,-1,-1,-1
187,457,0.721754774,0.2893204599,0.0034520076999999816,0.015549480599999999,-1,-1,-1,-1
188,457,0.7203454694,0.2892772503,0.0037678309999999993,0.015290352799999962,-1,-1,-1,-1
189,457,0.7197484277,0.2893530293,0.003977065700000004,0.01541777569999997,-1,-1,-1,-1
190,457,0.7189679954,0.2894160919,0.0045822840000000475,0.015334989799999976,-1,-1,-1,-1
191,457,0.719012675,0.2900513896,0.0045599442000000545,0.014620279900000033,-1,-1,-1,-1
192,457,0.719012675,0.2900513896,0.003845071099999986,0.014620279900000033,-1,-1,-1,-1
193,457,0.7190796943,0.2898131529,0.003576993700000086,0.014858516600000038,-1,-1,-1,-1
194,457,0.7189903352,0.2892572675,0.0034206152000000323,0.015454108099999975,-1,-1,-1,-1
195,457,0.7189903352,0.2892572675,0.00366635280000005,0.015414401999999994,-1,-1,-1,-1
196,457,0.7190596907,0.2892572675,0.0037980554,0.015374695899999957,-1,-1,-1,-1
197,457,0.7189543433,0.2892780288,0.003772722300000031,0.015338882600000048,-1,-1,-1,-1
198,457,0.7188489959,0.2892987902,0.00374738930000007,0.015303069200000019,-1,-1,-1,-1
199,457,0.7190848047,0.2892987902,0.003628681899999986,0.015344591900000037,-1,-1,-1,-1
200,457,0.719038081,0.2892987902,0.003885954400000058,0.015303069200000019,-1,-1,-1,-1
201,457,0.719038081,0.2892987902,0.0038165258000000257,0.015303069200000019,-1,-1,-1,-1
202,457,0.719038081,0.2892987902,0.003747097300000002,0.015303069200000019,-1,-1,-1,-1
203,457,0.7191984018,0.2892987902,0.003714974699999929,0.015329280400000034,-1,-1,-1,-1
204,457,0.7190980918,0.2892095164,0.00371497470000004,0.015329280400000034,-1,-1,-1,-1
205,457,0.7190980918,0.2892095164,0.00371497470000004,0.015329280400000034,-1,-1,-1,-1
206,457,0.7190980918,0.2892095164,0.00371497470000004,0.015329280400000034,-1,-1,-1,-1
207,457,0.7190980918,0.2892095164,0.00371497470000004,0.015329280400000034,-1,-1,-1,-1
208,457,0.7190980918,0.2892095164,0.003878945800000033,0.0152026361,-1,-1,-1,-1
209,457,0.7190980918,0.2892095164,0.003878945800000033,0.0152026361,-1,-1,-1,-1
210,457,0.7190532662,0.2890103371,0.003318845100000023,0.015322143600000004,-1,-1,-1,-1
211,457,0.7190532662,0.2890103371,0.003318845100000023,0.015322143600000004,-1,-1,-1,-1
212,457,0.719325432,0.2889620669,0.0029713372999999876,0.015398182199999999,-1,-1,-1,-1
213,457,0.719325432,0.2889620669,0.0029713372999999876,0.015398182199999999,-1,-1,-1,-1
214,457,0.719325432,0.2889620669,0.0029713372999999876,0.015398182199999999,-1,-1,-1,-1
215,457,0.719325432,0.2889620669,0.0029713372999999876,0.015398182199999999,-1,-1,-1,-1
216,457,0.719325432,0.2889620669,0.0029713372999999876,0.015398182199999999,-1,-1,-1,-1
217,457,0.719325432,0.2889620669,0.0029713372999999876,0.015398182199999999,-1,-1,-1,-1
218,457,0.719325432,0.2889620669,0.0029713372999999876,0.015398182199999999,-1,-1,-1,-1
219,457,0.719325432,0.2889620669,0.0029713372999999876,0.015398182199999999,-1,-1,-1,-1
220,457,0.719325432,0.2889620669,0.0029713372999999876,0.015398182199999999,-1,-1,-1,-1
221,457,0.719325432,0.2889620669,0.0029713372999999876,0.015398182199999999,-1,-1,-1,-1
222,457,0.719325432,0.2889620669,0.0029713372999999876,0.015398182199999999,-1,-1,-1,-1
223,457,0.719325432,0.2889620669,0.0029713372999999876,0.015398182199999999,-1,-1,-1,-1
224,457,0.719325432,0.2889620669,0.0029713372999999876,0.015398182199999999,-1,-1,-1,-1
225,457,0.719325432,0.2889620669,0.0029713372999999876,0.015398182199999999,-1,-1,-1,-1
226,457,0.719325432,0.2889620669,0.0029713372999999876,0.015398182199999999,-1,-1,-1,-1
227,457,0.719325432,0.2889620669,0.0029713372999999876,0.015398182199999999,-1,-1,-1,-1
228,457,0.7191787633,0.2890419982,0.0031932020000000616,0.015318250899999997,-1,-1,-1,-1
229,457,0.7190320945,0.2891219294,0.003415066799999922,0.015238319700000003,-1,-1,-1,-1
230,457,0.7190320945,0.2890696367,0.0032383926999999257,0.015290612399999959,-1,-1,-1,-1
231,457,0.7190320945,0.2890696367,0.0032383926999999257,0.015290612399999959,-1,-1,-1,-1
232,457,0.7190320945,0.2890696367,0.0032383926999999257,0.015290612399999959,-1,-1,-1,-1
233,457,0.7190320945,0.2899068386,0.0032383926999999257,0.014453410499999986,-1,-1,-1,-1
234,457,0.7190320945,0.2899068386,0.0032383926999999257,0.014453410499999986,-1,-1,-1,-1
