182,317,0.1636307435,0.2909305034,0.002623172499999993,0.01217147740000002,-1,-1,-1,-1
183,317,0.1658128148,0.2908892402,0.002623172499999993,0.012171477399999964,-1,-1,-1,-1
184,317,0.1677627275,0.2908067138,0.0028553311000000248,0.01196516139999998,-1,-1,-1,-1
185,317,0.1713607956,0.2906417042,0.003234450299999997,0.01166256459999998,-1,-1,-1,-1
186,317,0.1731830698,0.2902910103,0.003613569600000005,0.011359967700000029,-1,-1,-1,-1
187,317,0.175005344,0.2899403163,0.0039926888999999854,0.011057370899999974,-1,-1,-1,-1
188,317,0.1778141704,0.2894452876,0.0030642006999999916,0.01151113640000001,-1,-1,-1,-1
189,317,0.1804837016,0.2889913923,0.0035980924000000025,0.01171758220000002,-1,-1,-1,-1
190,317,0.182967579,0.2888676027,0.0032034229000000025,0.01171758220000002,-1,-1,-1,-1
191,317,0.1849174917,0.2886614165,0.0032034229000000025,0.011717582100000012,-1,-1,-1,-1
