1,479,0.894405972,0.2678556784,0.005080621799999907,0.023003328099999998,-1,-1,-1,-1
2,479,0.8945128525,0.2677606952,0.005348115200000003,0.023573616699999966,-1,-1,-1,-1
3,479,0.8940315981,0.2674756158,0.005454995699999965,0.023858696099999965,-1,-1,-1,-1
4,479,0.8943525317,0.2674756158,0.005134062100000003,0.023953679299999975,-1,-1,-1,-1
5,479,0.8941386246,0.267760825,0.005134062100000003,0.02395367930000003,-1,-1,-1,-1
6,479,0.8940851844,0.2678558082,0.005134061999999995,0.02395367930000003,-1,-1,-1,-1
7,479,0.8941208112,0.2678558082,0.005134062100000003,0.02395367930000003,-1,-1,-1,-1
8,479,0.8941564381,0.2678558082,0.005134061999999995,0.02395367930000003,-1,-1,-1,-1
9,479,0.8941920649,0.2678558082,0.005134062100000003,0.02395367930000003,-1,-1,-1,-1
10,479,0.8941920649,0.2678558082,0.005134062100000003,0.02395367930000003,-1,-1,-1,-1
11,479,0.8941920649,0.2678558082,0.005134062100000003,0.02395367930000003,-1,-1,-1,-1
12,479,0.8945129256,0.2679508563,0.005134061999999995,0.02395367930000003,-1,-1,-1,-1
13,479,0.8948337862,0.2680459044,0.005134061999999995,0.02395367930000003,-1,-1,-1,-1
14,479,0.8945662928,0.267475486,0.005134062100000003,0.02395367940000004,-1,-1,-1,-1
15,479,0.8951011335,0.2671902768,0.005348115200000003,0.02414403509999996,-1,-1,-1,-1
16,479,0.8952616003,0.2667149714,0.006471236899999955,0.024524227499999995,-1,-1,-1,-1
17,479,0.8969194167,0.2667149714,0.005134208099999982,0.02404892209999998,-1,-1,-1,-1
18,479,0.8974008172,0.2664297622,0.0058829558999999865,0.024334131300000006,-1,-1,-1,-1
19,479,0.8984704986,0.2663346493,0.006845464800000034,0.024619340400000023,-1,-1,-1,-1
20,479,0.9007701823,0.266144553,0.00631062409999994,0.02471445350000001,-1,-1,-1,-1
21,479,0.9021607974,0.2657643606,0.0057221969999999844,0.024524357299999966,-1,-1,-1,-1
22,479,0.9028561049,0.2657643606,0.005882663900000029,0.024619340499999975,-1,-1,-1,-1
23,479,0.9041931337,0.266144553,0.005882663900000029,0.024619340499999975,-1,-1,-1,-1
24,479,0.9045675076,0.266144553,0.005615170499999933,0.02290834489999999,-1,-1,-1,-1
25,479,0.9048882952,0.2662395363,0.0054014095000000095,0.02205297669999995,-1,-1,-1,-1
26,479,0.9055298705,0.2657642309,0.005936396099999963,0.022243072899999994,-1,-1,-1,-1
27,479,0.9067598727,0.2654790217,0.00502732760000002,0.021672784300000025,-1,-1,-1,-1
28,479,0.9073480077,0.2648137498,0.005187794399999945,0.021957863799999977,-1,-1,-1,-1
29,479,0.9083502317,0.2648137498,0.005207798000000041,0.02233662889999999,-1,-1,-1,-1
30,479,0.908541069,0.2648984821,0.005637364300000058,0.021827845800000023,-1,-1,-1,-1
31,479,0.9096863845,0.2643895693,0.00563736420000005,0.02182784569999996,-1,-1,-1,-1
32,479,0.9108792998,0.2635414677,0.005494272799999922,0.0226759473,-1,-1,-1,-1
33,479,0.9116905405,0.2635414677,0.005398781300000044,0.022506353000000034,-1,-1,-1,-1
34,479,0.9122631983,0.2633718733,0.006019038699999979,0.022251896599999987,-1,-1,-1,-1
35,479,0.9135516052,0.2632021492,0.006019038699999979,0.022251896599999987,-1,-1,-1,-1
36,479,0.9142197546,0.2624387799,0.005875947299999962,0.02191270790000005,-1,-1,-1,-1
37,479,0.9150787412,0.2625235122,0.005494126800000054,0.023015395600000044,-1,-1,-1,-1
38,479,0.9160808192,0.2626931066,0.005446381000000056,0.021149468299999974,-1,-1,-1,-1
39,479,0.91689206,0.2620145994,0.0057804556999999646,0.0212343304,-1,-1,-1,-1
40,479,0.9182282127,0.2619298671,0.0053032896000000385,0.02123420060000003,-1,-1,-1,-1
41,479,0.9202802606,0.261760143,0.004778231700000024,0.02030136669999999,-1,-1,-1,-1
42,479,0.9209005182,0.261845005,0.00492146910000002,0.02021650469999997,-1,-1,-1,-1
43,479,0.9230479117,0.261760143,0.005016960700000017,0.020216504600000018,-1,-1,-1,-1
44,479,0.9243840644,0.2618448753,0.005016960700000017,0.020216504600000018,-1,-1,-1,-1
45,479,0.9234837565,0.2619297373,0.005058282000000025,0.02055582319999999,-1,-1,-1,-1
46,479,0.92563115,0.2619297373,0.004151549600000082,0.01953799749999996,-1,-1,-1,-1
47,479,0.9272539236,0.2608995846,0.004957533999999986,0.02204350439999997,-1,-1,-1,-1
48,479,0.9285208668,0.2605779132,0.004957533999999986,0.022043504499999977,-1,-1,-1,-1
49,479,0.92978781,0.2602562419,0.004957533999999986,0.02204350439999997,-1,-1,-1,-1
50,479,0.9309341476,0.2604707327,0.004857953999999998,0.021414175700000038,-1,-1,-1,-1
51,479,0.9332266767,0.2604707327,0.004857953999999998,0.021414175700000038,-1,-1,-1,-1
52,479,0.9344333171,0.2603635522,0.004857953999999998,0.021414175599999974,-1,-1,-1,-1
53,479,0.9357605631,0.2602563717,0.004918402799999999,0.021306735600000015,-1,-1,-1,-1
54,479,0.9392598786,0.2599347003,0.004918402799999999,0.021306735600000015,-1,-1,-1,-1
55,479,0.9395012358,0.2601491911,0.004918402900000007,0.021306735600000015,-1,-1,-1,-1
56,479,0.9423367823,0.2603635522,0.004918402900000007,0.02130673559999996,-1,-1,-1,-1
57,479,0.9440261373,0.2619720386,0.004918402799999999,0.021306735600000015,-1,-1,-1,-1
58,479,0.9443881489,0.2609610036,0.004918402799999999,0.02130673559999996,-1,-1,-1,-1
59,479,0.9447501604,0.2599499686,0.004918402799999999,0.02130673559999996,-1,-1,-1,-1
60,479,0.945112172,0.2589389336,0.004918402799999999,0.021306735600000015,-1,-1,-1,-1
61,479,0.9473874717,0.2593984084,0.004918402900000007,0.021306735600000015,-1,-1,-1,-1
62,479,0.9493008086,0.2593984084,0.004918402799999999,0.021306735600000015,-1,-1,-1,-1
63,479,0.9524035564,0.2590306728,0.004918402799999999,0.021306735600000015,-1,-1,-1,-1
64,479,0.9549891309,0.2591226716,0.004918402799999999,0.02130673559999996,-1,-1,-1,-1
65,479,0.9585572179,0.2595822762,0.004918402799999999,0.02130673559999996,-1,-1,-1,-1
66,479,0.9607549854,0.2594903748,0.004918402799999999,0.021306735600000015,-1,-1,-1,-1
67,479,0.962952753,0.2593984733,0.004918402799999999,0.021306735600000015,-1,-1,-1,-1
68,479,0.9651505205,0.2593065718,0.004918402899999896,0.021306735600000015,-1,-1,-1,-1
69,479,0.967348288,0.2592146704,0.004918402900000007,0.02130673559999996,-1,-1,-1,-1
70,479,0.9697110488,0.2593984084,0.003981883999999991,0.0206157716,-1,-1,-1,-1
71,479,0.9718311381,0.2589388038,0.003981883999999991,0.0206157716,-1,-1,-1,-1
72,479,0.9735892645,0.2593064097,0.003981884099999999,0.02061577149999999,-1,-1,-1,-1
73,479,0.9750372622,0.258846805,0.003981883999999991,0.0206157716,-1,-1,-1,-1
