1,717,0.498260125,0.3011796086,0.005688176400000022,0.035189078900000004,-1,-1,-1,-1
2,717,0.4975986922,0.3011796086,0.006349609199999995,0.035189078900000004,-1,-1,-1,-1
3,717,0.4975986922,0.3015714793,0.006173227099999956,0.034797208199999985,-1,-1,-1,-1
4,717,0.4975986922,0.3015714793,0.006173227099999956,0.034797208199999985,-1,-1,-1,-1
5,717,0.4975986922,0.3015714793,0.006173227099999956,0.034797208199999985,-1,-1,-1,-1
6,717,0.4975986922,0.3015714793,0.006173227099999956,0.034797208199999985,-1,-1,-1,-1
7,717,0.4975986922,0.3015714793,0.006173227099999956,0.034797208199999985,-1,-1,-1,-1
8,717,0.4975986922,0.3015714793,0.006173227099999956,0.034797208199999985,-1,-1,-1,-1
9,717,0.4975986922,0.3015714793,0.006173227099999956,0.034797208199999985,-1,-1,-1,-1
10,717,0.4975986922,0.3015714793,0.006173227099999956,0.034797208199999985,-1,-1,-1,-1
11,717,0.4975986922,0.3015714793,0.006173227099999956,0.034797208199999985,-1,-1,-1,-1
12,717,0.4975986922,0.3015714793,0.006173227099999956,0.034797208199999985,-1,-1,-1,-1
13,717,0.4975986922,0.3015714793,0.006173227099999956,0.034797208199999985,-1,-1,-1,-1
14,717,0.4975986922,0.3015714793,0.006173227099999956,0.034797208199999985,-1,-1,-1,-1
15,717,0.4975986922,0.3015714793,0.006173227099999956,0.034797208199999985,-1,-1,-1,-1
16,717,0.4975986922,0.3015714793,0.006173227099999956,0.034797208199999985,-1,-1,-1,-1
17,717,0.4975986922,0.3015714793,0.006173227099999956,0.034797208199999985,-1,-1,-1,-1
18,717,0.4975986922,0.3015714793,0.006173227099999956,0.034797208199999985,-1,-1,-1,-1
19,717,0.4975986922,0.3015714793,0.006173227099999956,0.034797208199999985,-1,-1,-1,-1
20,717,0.4975986922,0.3015714793,0.006173227099999956,0.034797208199999985,-1,-1,-1,-1
21,717,0.4975986922,0.3015714793,0.006173227099999956,0.034797208199999985,-1,-1,-1,-1
22,717,0.4975986922,0.3015714793,0.006173227099999956,0.034797208199999985,-1,-1,-1,-1
23,717,0.4975986922,0.3015714793,0.006173227099999956,0.034797208199999985,-1,-1,-1,-1
24,717,0.4975986922,0.3015714793,0.006173227099999956,0.034797208199999985,-1,-1,-1,-1
25,717,0.4975986922,0.3015714793,0.006173227099999956,0.034797208199999985,-1,-1,-1,-1
26,717,0.4975986922,0.3015714793,0.006173227099999956,0.034797208199999985,-1,-1,-1,-1
27,717,0.4975986922,0.3015714793,0.006173227099999956,0.034797208199999985,-1,-1,-1,-1
28,717,0.4975986922,0.3015714793,0.006173227099999956,0.034797208199999985,-1,-1,-1,-1
29,717,0.4975986922,0.3015714793,0.006173227099999956,0.034797208199999985,-1,-1,-1,-1
30,717,0.4975986922,0.3015714793,0.006173227099999956,0.034797208199999985,-1,-1,-1,-1
31,717,0.4975986922,0.3015714793,0.006173227099999956,0.034797208199999985,-1,-1,-1,-1
32,717,0.4975986922,0.3015714793,0.006173227099999956,0.034797208199999985,-1,-1,-1,-1
33,717,0.4975986922,0.3015714793,0.006173227099999956,0.034797208199999985,-1,-1,-1,-1
34,717,0.4975986922,0.3015714793,0.006173227099999956,0.034797208199999985,-1,-1,-1,-1
35,717,0.4975986922,0.3015714793,0.006173227099999956,0.034797208199999985,-1,-1,-1,-1
36,717,0.4975986922,0.3015714793,0.006173227099999956,0.034797208199999985,-1,-1,-1,-1
37,717,0.4975986922,0.3015714793,0.006173227099999956,0.034797208199999985,-1,-1,-1,-1
38,717,0.4975986922,0.3015714793,0.006173227099999956,0.034797208199999985,-1,-1,-1,-1
39,717,0.4975986922,0.3015714793,0.006173227099999956,0.034797208199999985,-1,-1,-1,-1
40,717,0.4975986922,0.3015714793,0.006173227099999956,0.034797208199999985,-1,-1,-1,-1
41,717,0.4975986922,0.3015714793,0.006173227099999956,0.034797208199999985,-1,-1,-1,-1
42,717,0.4975986922,0.3015714793,0.006173227099999956,0.034797208199999985,-1,-1,-1,-1
43,717,0.4975986922,0.3015714793,0.006173227099999956,0.034797208199999985,-1,-1,-1,-1
44,717,0.4975986922,0.3015714793,0.006173227099999956,0.034797208199999985,-1,-1,-1,-1
45,717,0.4975986922,0.3015714793,0.006173227099999956,0.034797208199999985,-1,-1,-1,-1
46,717,0.4975986922,0.3015714793,0.006173227099999956,0.034797208199999985,-1,-1,-1,-1
47,717,0.4975986922,0.3015714793,0.006173227099999956,0.034797208199999985,-1,-1,-1,-1
48,717,0.4975986922,0.3015714793,0.006173227099999956,0.034797208199999985,-1,-1,-1,-1
49,717,0.4975986922,0.3015714793,0.006173227099999956,0.034797208199999985,-1,-1,-1,-1
50,717,0.4975986922,0.3015714793,0.006173227099999956,0.034797208199999985,-1,-1,-1,-1
51,717,0.4975986922,0.3015714793,0.006173227099999956,0.034797208199999985,-1,-1,-1,-1
52,717,0.4975986922,0.3015714793,0.006173227099999956,0.034797208199999985,-1,-1,-1,-1
53,717,0.4975986922,0.3015714793,0.006173227099999956,0.034797208199999985,-1,-1,-1,-1
54,717,0.4975986922,0.3015714793,0.006173227099999956,0.034797208199999985,-1,-1,-1,-1
55,717,0.4975986922,0.3015714793,0.006173227099999956,0.034797208199999985,-1,-1,-1,-1
56,717,0.4975986922,0.3015714793,0.005449009199999966,0.034797208199999985,-1,-1,-1,-1
57,717,0.4975986922,0.3015714793,0.0050121422999999665,0.034797208199999985,-1,-1,-1,-1
58,717,0.4975986922,0.3026514593,0.005536470199999977,0.033717228200000005,-1,-1,-1,-1
59,717,0.4975986922,0.3019807376,0.005361694299999942,0.03438794989999999,-1,-1,-1,-1
60,717,0.4975986922,0.3023085076,0.005361694299999942,0.03406017989999999,-1,-1,-1,-1
61,717,0.4975986922,0.3024638285,0.006173227099999956,0.03390485900000001,-1,-1,-1,-1
62,717,0.4975986922,0.3024638285,0.006173227099999956,0.03390485900000001,-1,-1,-1,-1
63,717,0.4975986922,0.3107733036,0.006060798099999987,0.02559538389999999,-1,-1,-1,-1
64,717,0.4957074031,0.314345685,0.00755887780000003,0.0220230025,-1,-1,-1,-1
65,717,0.4957074031,0.3158211689,0.00755887780000003,0.02054751859999998,-1,-1,-1,-1
66,717,0.4957074031,0.3158211689,0.007296640799999976,0.02054751859999998,-1,-1,-1,-1
67,717,0.4957074031,0.3158211689,0.007296640799999976,0.02054751859999998,-1,-1,-1,-1
68,717,0.4957074031,0.3158211689,0.007296640799999976,0.02054751859999998,-1,-1,-1,-1
69,717,0.4957074031,0.3158211689,0.007296640799999976,0.02054751859999998,-1,-1,-1,-1
70,717,0.4957074031,0.3158211689,0.007296640799999976,0.02054751859999998,-1,-1,-1,-1
71,717,0.4957074031,0.3158211689,0.007296640799999976,0.02054751859999998,-1,-1,-1,-1
72,717,0.4957074031,0.3158211689,0.007296640799999976,0.02054751859999998,-1,-1,-1,-1
73,717,0.4957074031,0.3158211689,0.007296640799999976,0.02054751859999998,-1,-1,-1,-1
74,717,0.4957074031,0.3158211689,0.007296640799999976,0.02054751859999998,-1,-1,-1,-1
75,717,0.4957074031,0.3158211689,0.007296640799999976,0.02054751859999998,-1,-1,-1,-1
76,717,0.4957074031,0.3158211689,0.007296640799999976,0.02054751859999998,-1,-1,-1,-1
77,717,0.4957074031,0.3158211689,0.007296640799999976,0.02054751859999998,-1,-1,-1,-1
78,717,0.4957074031,0.3158211689,0.007296640799999976,0.02054751859999998,-1,-1,-1,-1
79,717,0.4957074031,0.3158211689,0.007296640799999976,0.02054751859999998,-1,-1,-1,-1
80,717,0.4957074031,0.3158211689,0.007296640799999976,0.02054751859999998,-1,-1,-1,-1
81,717,0.4957074031,0.3158211689,0.007296640799999976,0.02054751859999998,-1,-1,-1,-1
82,717,0.4957074031,0.3158211689,0.007296640799999976,0.02054751859999998,-1,-1,-1,-1
83,717,0.4957074031,0.3158211689,0.007296640799999976,0.02054751859999998,-1,-1,-1,-1
84,717,0.4957074031,0.3158211689,0.007296640799999976,0.02054751859999998,-1,-1,-1,-1
85,717,0.4957074031,0.3158211689,0.007296640799999976,0.02054751859999998,-1,-1,-1,-1
86,717,0.4957074031,0.3158211689,0.007296640799999976,0.02054751859999998,-1,-1,-1,-1
87,717,0.4957074031,0.3158211689,0.007296640799999976,0.02054751859999998,-1,-1,-1,-1
88,717,0.4957074031,0.3158211689,0.007296640799999976,0.02054751859999998,-1,-1,-1,-1
89,717,0.4957074031,0.3158211689,0.007296640799999976,0.02054751859999998,-1,-1,-1,-1
90,717,0.4957074031,0.3158211689,0.007296640799999976,0.02054751859999998,-1,-1,-1,-1
91,717,0.4957074031,0.3158211689,0.007296640799999976,0.02054751859999998,-1,-1,-1,-1
92,717,0.4957074031,0.3158211689,0.007296640799999976,0.02054751859999998,-1,-1,-1,-1
93,717,0.4957074031,0.3158211689,0.007296640799999976,0.02054751859999998,-1,-1,-1,-1
94,717,0.4957074031,0.3158211689,0.007296640799999976,0.02054751859999998,-1,-1,-1,-1
95,717,0.4957074031,0.3158211689,0.007296640799999976,0.02054751859999998,-1,-1,-1,-1
96,717,0.4957074031,0.3158211689,0.007296640799999976,0.02054751859999998,-1,-1,-1,-1
97,717,0.4957074031,0.3158211689,0.007296640799999976,0.02054751859999998,-1,-1,-1,-1
98,717,0.4957074031,0.3158211689,0.007296640799999976,0.02054751859999998,-1,-1,-1,-1
99,717,0.4957074031,0.3158211689,0.007296640799999976,0.02054751859999998,-1,-1,-1,-1
100,717,0.4957074031,0.3158211689,0.007296640799999976,0.02054751859999998,-1,-1,-1,-1
101,717,0.4957074031,0.3158211689,0.007296640799999976,0.02054751859999998,-1,-1,-1,-1
102,717,0.4957074031,0.3158211689,0.007296640799999976,0.02054751859999998,-1,-1,-1,-1
103,717,0.4957074031,0.3158211689,0.007296640799999976,0.02054751859999998,-1,-1,-1,-1
104,717,0.4957074031,0.3158211689,0.007296640799999976,0.02054751859999998,-1,-1,-1,-1
105,717,0.4957074031,0.3158211689,0.007296640799999976,0.02054751859999998,-1,-1,-1,-1
106,717,0.4957074031,0.3158211689,0.007296640799999976,0.02054751859999998,-1,-1,-1,-1
107,717,0.4957074031,0.3158211689,0.007296640799999976,0.02054751859999998,-1,-1,-1,-1
108,717,0.4957074031,0.3158211689,0.007296640799999976,0.02054751859999998,-1,-1,-1,-1
109,717,0.4957074031,0.3158211689,0.007296640799999976,0.02054751859999998,-1,-1,-1,-1
110,717,0.4957074031,0.3158211689,0.007296640799999976,0.02054751859999998,-1,-1,-1,-1
111,717,0.4957074031,0.3158211689,0.007296640799999976,0.02054751859999998,-1,-1,-1,-1
112,717,0.4957074031,0.3158211689,0.007296640799999976,0.02054751859999998,-1,-1,-1,-1
113,717,0.4957074031,0.3158211689,0.007296640799999976,0.02054751859999998,-1,-1,-1,-1
114,717,0.4957074031,0.3158211689,0.007296640799999976,0.02054751859999998,-1,-1,-1,-1
115,717,0.4957074031,0.3158211689,0.007296640799999976,0.02054751859999998,-1,-1,-1,-1
116,717,0.4957074031,0.3158211689,0.007296640799999976,0.02054751859999998,-1,-1,-1,-1
117,717,0.4957074031,0.3158211689,0.007296640799999976,0.02054751859999998,-1,-1,-1,-1
118,717,0.4957074031,0.3158211689,0.007296640799999976,0.02054751859999998,-1,-1,-1,-1
119,717,0.4957074031,0.3158211689,0.007296640799999976,0.02054751859999998,-1,-1,-1,-1
120,717,0.4957074031,0.3158211689,0.007296640799999976,0.02054751859999998,-1,-1,-1,-1
121,717,0.4957074031,0.3158211689,0.007296640799999976,0.02054751859999998,-1,-1,-1,-1
122,717,0.4957074031,0.3158211689,0.007296640799999976,0.02054751859999998,-1,-1,-1,-1
123,717,0.4957074031,0.3158211689,0.007296640799999976,0.02054751859999998,-1,-1,-1,-1
124,717,0.4957074031,0.3170602329,0.007296640799999976,0.01930845459999997,-1,-1,-1,-1
125,717,0.4957074031,0.3171859688,0.007296640799999976,0.01918271869999999,-1,-1,-1,-1
126,717,0.4960798789,0.3197640108,0.0075352237999999905,0.016604676699999987,-1,-1,-1,-1
127,717,0.4960798789,0.3197640108,0.0075352237999999905,0.016604676699999987,-1,-1,-1,-1
128,717,0.4960798789,0.3197640108,0.0075352237999999905,0.016604676699999987,-1,-1,-1,-1
129,717,0.4960798789,0.3197640108,0.0075352237999999905,0.016604676699999987,-1,-1,-1,-1
130,717,0.4960798789,0.3197640108,0.0075352237999999905,0.016604676699999987,-1,-1,-1,-1
131,717,0.4960798789,0.3197640108,0.0075352237999999905,0.016604676699999987,-1,-1,-1,-1
132,717,0.4960798789,0.3197640108,0.0075352237999999905,0.017102560099999997,-1,-1,-1,-1
133,717,0.4960798789,0.3197640108,0.0075352237999999905,0.016913891199999975,-1,-1,-1,-1
134,717,0.4960798789,0.3197640108,0.0075352237999999905,0.01703975699999999,-1,-1,-1,-1
135,717,0.4960798789,0.3191352011,0.0075352237999999905,0.0176685667,-1,-1,-1,-1
136,717,0.4960798789,0.3174375706,0.0075352237999999905,0.01936619719999999,-1,-1,-1,-1
137,717,0.4960798789,0.3174375706,0.0075352237999999905,0.01936619719999999,-1,-1,-1,-1
138,717,0.4960798789,0.3174375706,0.0075352237999999905,0.01936619719999999,-1,-1,-1,-1
139,717,0.4960798789,0.3169344969,0.0075352237999999905,0.019869270900000013,-1,-1,-1,-1
140,717,0.4960798789,0.3169344969,0.0075352237999999905,0.019869270900000013,-1,-1,-1,-1
141,717,0.4960798789,0.3173746377,0.0075352237999999905,0.01917752829999997,-1,-1,-1,-1
142,717,0.4960798789,0.3173746377,0.0075352237999999905,0.01917752829999997,-1,-1,-1,-1
143,717,0.4960798789,0.3180034474,0.0075352237999999905,0.018548718599999958,-1,-1,-1,-1
144,717,0.4960798789,0.3180034474,0.0075352237999999905,0.018548718599999958,-1,-1,-1,-1
145,717,0.4960798789,0.3175003737,0.0075352237999999905,0.01905179229999998,-1,-1,-1,-1
146,717,0.4960798789,0.3175003737,0.0075352237999999905,0.01905179229999998,-1,-1,-1,-1
147,717,0.4960798789,0.3175003737,0.0075352237999999905,0.01905179229999998,-1,-1,-1,-1
148,717,0.4960798789,0.3175003737,0.0075352237999999905,0.01905179229999998,-1,-1,-1,-1
149,717,0.4960798789,0.3175003737,0.0075352237999999905,0.01905179229999998,-1,-1,-1,-1
150,717,0.4960798789,0.3175003737,0.0075352237999999905,0.01905179229999998,-1,-1,-1,-1
151,717,0.4960798789,0.3175003737,0.0075352237999999905,0.01905179229999998,-1,-1,-1,-1
152,717,0.4960798789,0.3175003737,0.0075352237999999905,0.01905179229999998,-1,-1,-1,-1
153,717,0.4960798789,0.3175003737,0.0075352237999999905,0.01905179229999998,-1,-1,-1,-1
154,717,0.4960798789,0.3175003737,0.0075352237999999905,0.01905179229999998,-1,-1,-1,-1
155,717,0.4960798789,0.3175003737,0.0075352237999999905,0.01905179229999998,-1,-1,-1,-1
156,717,0.4960798789,0.3177519754,0.0075352237999999905,0.01880019059999999,-1,-1,-1,-1
157,717,0.4960798789,0.3177519754,0.0075352237999999905,0.01880019059999999,-1,-1,-1,-1
158,717,0.4960798789,0.3177519754,0.0075352237999999905,0.01880019059999999,-1,-1,-1,-1
159,717,0.4960798789,0.3177519754,0.0075352237999999905,0.01880019059999999,-1,-1,-1,-1
160,717,0.4960798789,0.3177519754,0.0075352237999999905,0.01880019059999999,-1,-1,-1,-1
161,717,0.4960798789,0.3177519754,0.0075352237999999905,0.01880019059999999,-1,-1,-1,-1
162,717,0.4960798789,0.3177519754,0.0075352237999999905,0.01880019059999999,-1,-1,-1,-1
163,717,0.4960798789,0.3177519754,0.0075352237999999905,0.01880019059999999,-1,-1,-1,-1
164,717,0.4960798789,0.3177519754,0.0075352237999999905,0.01880019059999999,-1,-1,-1,-1
165,717,0.4960798789,0.3177519754,0.0075352237999999905,0.01880019059999999,-1,-1,-1,-1
166,717,0.4960798789,0.3177519754,0.0075352237999999905,0.01880019059999999,-1,-1,-1,-1
167,717,0.4960798789,0.3177519754,0.0075352237999999905,0.01880019059999999,-1,-1,-1,-1
168,717,0.4960798789,0.3177519754,0.0075352237999999905,0.01880019059999999,-1,-1,-1,-1
169,717,0.4960798789,0.3177519754,0.0075352237999999905,0.01880019059999999,-1,-1,-1,-1
170,717,0.4960798789,0.3177519754,0.0075352237999999905,0.01880019059999999,-1,-1,-1,-1
171,717,0.4960798789,0.3177519754,0.0075352237999999905,0.01880019059999999,-1,-1,-1,-1
172,717,0.4966813009,0.3177519754,0.006933801799999972,0.01880019059999999,-1,-1,-1,-1
173,717,0.4966813009,0.3177519754,0.006933801799999972,0.01880019059999999,-1,-1,-1,-1
174,717,0.4966813009,0.3177519754,0.006933801799999972,0.01880019059999999,-1,-1,-1,-1
175,717,0.4966813009,0.3177519754,0.006933801799999972,0.01880019059999999,-1,-1,-1,-1
176,717,0.4966813009,0.3177519754,0.006933801799999972,0.01880019059999999,-1,-1,-1,-1
177,717,0.4966813009,0.3177519754,0.006933801799999972,0.01880019059999999,-1,-1,-1,-1
178,717,0.4966813009,0.3177519754,0.006933801799999972,0.01880019059999999,-1,-1,-1,-1
179,717,0.4966813009,0.3177519754,0.006933801799999972,0.01880019059999999,-1,-1,-1,-1
180,717,0.4966813009,0.3177519754,0.006933801799999972,0.01880019059999999,-1,-1,-1,-1
181,717,0.4966813009,0.3127217573,0.006933801799999972,0.023830408699999972,-1,-1,-1,-1
182,717,0.4963981843,0.3095778385,0.007924344899999991,0.026974327500000006,-1,-1,-1,-1
183,717,0.4967166358,0.3064968526,0.007924344899999991,0.030181049399999993,-1,-1,-1,-1
184,717,0.4975656936,0.3042961484,0.006721500800000002,0.032759091399999996,-1,-1,-1,-1
185,717,0.4980962999,0.3024727819,0.005730957800000047,0.03458245790000003,-1,-1,-1,-1
186,717,0.4988392073,0.3020954441,0.005907923900000056,0.03502259880000003,-1,-1,-1,-1
187,717,0.499511299,0.3019697081,0.005907923799999937,0.03502259879999997,-1,-1,-1,-1
188,717,0.4990868431,0.3026614507,0.00601407429999995,0.034833929900000005,-1,-1,-1,-1
189,717,0.4990868431,0.3026614507,0.005730957700000039,0.034833929900000005,-1,-1,-1,-1
190,717,0.4988038725,0.302535585,0.0060139283000000265,0.03495979560000001,-1,-1,-1,-1
191,717,0.4988038725,0.302535585,0.0060139283000000265,0.03495979560000001,-1,-1,-1,-1
192,717,0.4988038725,0.302535585,0.0060139283000000265,0.03495979560000001,-1,-1,-1,-1
193,717,0.4991643753,0.3022946234,0.005653425500000031,0.03520075719999999,-1,-1,-1,-1
194,717,0.4989065187,0.3022946234,0.00592924149999996,0.03520075719999999,-1,-1,-1,-1
195,717,0.4989065187,0.3022946234,0.00592924149999996,0.03520075719999999,-1,-1,-1,-1
196,717,0.4989065187,0.3022946234,0.00592924149999996,0.03520075719999999,-1,-1,-1,-1
197,717,0.4989065187,0.3022946234,0.00592924149999996,0.03520075719999999,-1,-1,-1,-1
198,717,0.4989065187,0.3022946234,0.00592924149999996,0.03520075719999999,-1,-1,-1,-1
199,717,0.4989065187,0.3022946234,0.00592924149999996,0.03520075719999999,-1,-1,-1,-1
200,717,0.4989065187,0.3022946234,0.00592924149999996,0.03520075719999999,-1,-1,-1,-1
201,717,0.4989065187,0.3022946234,0.00592924149999996,0.03520075719999999,-1,-1,-1,-1
202,717,0.4989065187,0.3022946234,0.00592924149999996,0.03520075719999999,-1,-1,-1,-1
203,717,0.4989065187,0.3022946234,0.00592924149999996,0.03520075719999999,-1,-1,-1,-1
204,717,0.4989065187,0.3022946234,0.00592924149999996,0.03520075719999999,-1,-1,-1,-1
205,717,0.4989065187,0.3022946234,0.00592924149999996,0.03520075719999999,-1,-1,-1,-1
206,717,0.4989065187,0.3022946234,0.00592924149999996,0.03520075719999999,-1,-1,-1,-1
207,717,0.4989065187,0.3022946234,0.00592924149999996,0.03520075719999999,-1,-1,-1,-1
208,717,0.4989065187,0.3022946234,0.00592924149999996,0.03520075719999999,-1,-1,-1,-1
209,717,0.4989065187,0.3022946234,0.00592924149999996,0.03520075719999999,-1,-1,-1,-1
210,717,0.4989065187,0.3022946234,0.00592924149999996,0.03520075719999999,-1,-1,-1,-1
211,717,0.4989065187,0.3022946234,0.00592924149999996,0.03520075719999999,-1,-1,-1,-1
212,717,0.4989065187,0.3022946234,0.00592924149999996,0.03520075719999999,-1,-1,-1,-1
213,717,0.4989065187,0.3022946234,0.00592924149999996,0.03520075719999999,-1,-1,-1,-1
214,717,0.4989065187,0.3022946234,0.00592924149999996,0.03520075719999999,-1,-1,-1,-1
215,717,0.4989065187,0.3022946234,0.00592924149999996,0.03520075719999999,-1,-1,-1,-1
216,717,0.4989065187,0.3022946234,0.00592924149999996,0.03520075719999999,-1,-1,-1,-1
217,717,0.4989065187,0.3022946234,0.00592924149999996,0.03520075719999999,-1,-1,-1,-1
218,717,0.4989065187,0.3022946234,0.00592924149999996,0.03520075719999999,-1,-1,-1,-1
219,717,0.4989065187,0.3022946234,0.00592924149999996,0.03520075719999999,-1,-1,-1,-1
220,717,0.4989065187,0.3022946234,0.00592924149999996,0.03520075719999999,-1,-1,-1,-1
221,717,0.4989065187,0.3022946234,0.00592924149999996,0.03520075719999999,-1,-1,-1,-1
222,717,0.4989065187,0.3022946234,0.00592924149999996,0.03520075719999999,-1,-1,-1,-1
223,717,0.4989065187,0.3022946234,0.00592924149999996,0.03520075719999999,-1,-1,-1,-1
224,717,0.4980557087,0.3028361057,0.006780051499999995,0.03465927489999998,-1,-1,-1,-1
225,717,0.4972930898,0.3025819088,0.007196768799999975,0.034913471799999984,-1,-1,-1,-1
226,717,0.497007199,0.302920838,0.006958331700000042,0.03457454259999998,-1,-1,-1,-1
227,717,0.4971977442,0.3027513734,0.00763801599999997,0.03474400719999998,-1,-1,-1,-1
228,717,0.4969594531,0.3030055703,0.0070660884000000035,0.03448981029999998,-1,-1,-1,-1
229,717,0.4969118533,0.3024125739,0.007196622900000005,0.0344768345,-1,-1,-1,-1
230,717,0.4969524446,0.30288749,0.007108431799999981,0.0340019184,-1,-1,-1,-1
231,717,0.4971501444,0.3028361057,0.006875397100000014,0.03430749959999996,-1,-1,-1,-1
232,717,0.4969118533,0.3028361057,0.007018342600000005,0.03474400719999998,-1,-1,-1,-1
233,717,0.4969594531,0.302920838,0.007209033800000042,0.03465927489999998,-1,-1,-1,-1
234,717,0.496857099,0.3025488203,0.005929241600000024,0.03520075719999999,-1,-1,-1,-1
