50,526,0.9308114978,0.2650199361,0.005341836599999983,0.02700014949999996,-1,-1,-1,-1
51,526,0.9296429664,0.2647231784,0.005341836699999991,0.027000149500000015,-1,-1,-1,-1
52,526,0.927520979,0.2630818631,0.005037402300000049,0.029396659300000016,-1,-1,-1,-1
53,526,0.9254613384,0.2641911685,0.005037402399999946,0.02939665929999996,-1,-1,-1,-1
54,526,0.9226526581,0.2675190849,0.005224735300000005,0.028065596500000012,-1,-1,-1,-1
55,526,0.9198961039,0.266479849,0.005964138399999985,0.026541972199999986,-1,-1,-1,-1
56,526,0.9173295109,0.2666981028,0.005830391699999993,0.026650969400000002,-1,-1,-1,-1
57,526,0.914199605,0.2670253538,0.005646124900000049,0.028614475000000028,-1,-1,-1,-1
58,526,0.9114234852,0.2672398446,0.006181403699999977,0.02737605980000002,-1,-1,-1,-1
59,526,0.907726762,0.2678969416,0.005487264200000008,0.026724542500000004,-1,-1,-1,-1
60,526,0.9053184456,0.2682348328,0.005313364400000076,0.027416933799999987,-1,-1,-1,-1
61,526,0.9027010405,0.2685196527,0.005313364399999965,0.027416933799999987,-1,-1,-1,-1
62,526,0.9004847295,0.2688912811,0.005313364399999965,0.027416933799999987,-1,-1,-1,-1
63,526,0.8987702606,0.2692629094,0.005561584199999969,0.027533976000000016,-1,-1,-1,-1
64,526,0.8970138863,0.2697088894,0.005728913599999941,0.026716367600000013,-1,-1,-1,-1
65,526,0.8956756894,0.2700062959,0.005854337599999981,0.026864941099999984,-1,-1,-1,-1
66,526,0.8936684671,0.270675201,0.005854337599999981,0.02686494110000004,-1,-1,-1,-1
67,526,0.8919120928,0.2713441061,0.0056033436000000325,0.0268650708,-1,-1,-1,-1
68,526,0.889110275,0.2714184577,0.00635617970000002,0.02664201599999999,-1,-1,-1,-1
69,526,0.8859320392,0.2716415125,0.00648160370000006,0.024858096100000004,-1,-1,-1,-1
70,526,0.8832974047,0.2720131409,0.006398085100000062,0.02515537280000002,-1,-1,-1,-1
71,526,0.880947055,0.2733237018,0.005846306999999995,0.02751970250000002,-1,-1,-1,-1
72,526,0.8774709554,0.2736746985,0.006554025400000052,0.02810322660000003,-1,-1,-1,-1
73,526,0.8753717457,0.2740358165,0.006099783200000042,0.028613566700000037,-1,-1,-1,-1
74,526,0.872358357,0.2748181305,0.0065398624000000405,0.028673774600000035,-1,-1,-1,-1
75,526,0.8703140477,0.2751313675,0.006419694800000042,0.028774726799999983,-1,-1,-1,-1
76,526,0.867776219,0.2762589689,0.006313982300000021,0.028336272800000006,-1,-1,-1,-1
77,526,0.864533592,0.2766975527,0.007618012499999938,0.02871218310000001,-1,-1,-1,-1
78,526,0.8630353664,0.2775852306,0.007066380399999961,0.02802173819999998,-1,-1,-1,-1
79,526,0.8608663631,0.2780524909,0.007800235000000044,0.028028226200000006,-1,-1,-1,-1
80,526,0.8605376909,0.2786950551,0.006715660400000045,0.026626315200000028,-1,-1,-1,-1
81,526,0.8587630651,0.2792207068,0.007471562800000053,0.026626315200000028,-1,-1,-1,-1
82,526,0.8585909174,0.2800025017,0.007272402799999966,0.026540415099999992,-1,-1,-1,-1
83,526,0.8575992062,0.2806636213,0.007433745699999994,0.028213910499999995,-1,-1,-1,-1
84,526,0.8576773224,0.28135744,0.007194724699999933,0.028406082899999963,-1,-1,-1,-1
85,526,0.8565842791,0.282051129,0.007429073399999986,0.02896118980000001,-1,-1,-1,-1
86,526,0.8563166397,0.2827648008,0.0069578938000000035,0.029158163100000023,-1,-1,-1,-1
87,526,0.8541674941,0.2836073227,0.007734821799999958,0.03078520509999999,-1,-1,-1,-1
88,526,0.8540093634,0.2845060301,0.007324090999999977,0.030672964000000025,-1,-1,-1,-1
89,526,0.8523311054,0.2854292619,0.007721534700000032,0.031169160400000007,-1,-1,-1,-1
90,526,0.8520291533,0.2859659431,0.007721534700000032,0.031169160400000007,-1,-1,-1,-1
91,526,0.851349761,0.2871063906,0.007526171099999979,0.03203581750000001,-1,-1,-1,-1
92,526,0.8503395063,0.2878247336,0.007534785799999999,0.032082011600000016,-1,-1,-1,-1
93,526,0.8490775275,0.2884842961,0.007460611900000025,0.032213975900000025,-1,-1,-1,-1
94,526,0.8472217193,0.2889461066,0.007572018800000024,0.03254382210000001,-1,-1,-1,-1
95,526,0.846291479,0.2893750882,0.007239696199999979,0.03254875289999998,-1,-1,-1,-1
96,526,0.8452860427,0.2900184309,0.0065557776000000345,0.03283474059999997,-1,-1,-1,-1
97,526,0.8433956297,0.2907332705,0.007279849499999935,0.03312072830000001,-1,-1,-1,-1
98,526,0.8407009845,0.2913766132,0.007279703400000059,0.03319222519999998,-1,-1,-1,-1
99,526,0.8383280029,0.2922344466,0.00719925109999997,0.03354971000000001,-1,-1,-1,-1
100,526,0.8354723068,0.2930207832,0.0073200026999999945,0.03333521909999998,-1,-1,-1,-1
101,526,0.8337556477,0.2936161152,0.007337378100000014,0.03408236859999997,-1,-1,-1,-1
102,526,0.8313271818,0.2944346318,0.0073373780000000055,0.03326385199999998,-1,-1,-1,-1
103,526,0.8290727617,0.2952078627,0.007539896199999951,0.0336837505,-1,-1,-1,-1
104,526,0.8262142914,0.2958994756,0.007991802299999962,0.03428245619999998,-1,-1,-1,-1
105,526,0.8226140818,0.2964326533,0.009216402200000084,0.03486714799999996,-1,-1,-1,-1
106,526,0.8226641638,0.2970547155,0.007416224400000004,0.035133801799999975,-1,-1,-1,-1
107,526,0.8194926445,0.2978165277,0.008405599399999963,0.0357034416,-1,-1,-1,-1
108,526,0.8176977232,0.2984258736,0.00848619780000004,0.036312917300000025,-1,-1,-1,-1
109,526,0.8164119445,0.2991115176,0.007114710199999985,0.03638908550000003,-1,-1,-1,-1
110,526,0.8150734555,0.3003010138,0.006431813800000019,0.03592156559999998,-1,-1,-1,-1
111,526,0.8122890131,0.3011414596,0.006540592499999942,0.03523034209999998,-1,-1,-1,-1
112,526,0.8098132394,0.3016652947,0.0071214267999999414,0.03569435850000002,-1,-1,-1,-1
113,526,0.8064811073,0.3025828171,0.00869134419999995,0.03641075519999998,-1,-1,-1,-1
114,526,0.8049793773,0.3030832956,0.00859745869999995,0.0368277991,-1,-1,-1,-1
115,526,0.8043931405,0.303753109,0.008068458400000034,0.03720851049999996,-1,-1,-1,-1
116,526,0.8032203748,0.3050037215,0.008660535800000035,0.03705578469999998,-1,-1,-1,-1
117,526,0.8035865721,0.3061971104,0.00875880150000008,0.037700295299999964,-1,-1,-1,-1
118,526,0.8037441187,0.3078773533,0.008742302200000052,0.03765994030000003,-1,-1,-1,-1
119,526,0.8051902182,0.3094378291,0.008626222899999925,0.03710535250000002,-1,-1,-1,-1
120,526,0.8052835196,0.3106803965,0.008993296300000009,0.037949171999999975,-1,-1,-1,-1
121,526,0.8061325774,0.3119883622,0.009013738000000049,0.03825618070000003,-1,-1,-1,-1
122,526,0.8060064233,0.3133340877,0.009013737999999938,0.0392109437,-1,-1,-1,-1
123,526,0.8057811274,0.3142346117,0.009139015899999992,0.0387563997,-1,-1,-1,-1
124,526,0.806540242,0.3147406698,0.009206765300000086,0.040397066300000006,-1,-1,-1,-1
125,526,0.806252161,0.3160723814,0.009383147400000014,0.04110126559999999,-1,-1,-1,-1
126,526,0.8058344216,0.3173715235,0.010617238000000029,0.04080489720000002,-1,-1,-1,-1
127,526,0.8065130838,0.319041775,0.009938575800000016,0.040990581599999965,-1,-1,-1,-1
128,526,0.807505087,0.3207121562,0.009781905300000004,0.040990451799999994,-1,-1,-1,-1
129,526,0.8070874937,0.3224753147,0.010042828100000012,0.04089754479999996,-1,-1,-1,-1
130,526,0.8092583951,0.3239352277,0.009410159600000023,0.043182202700000005,-1,-1,-1,-1
131,526,0.8093756425,0.3258123142,0.010290317899999901,0.043286528599999985,-1,-1,-1,-1
132,526,0.8112920455,0.3275670384,0.009745840400000039,0.0433098851,-1,-1,-1,-1
133,526,0.8112296985,0.3294530783,0.01065359499999996,0.0447228254,-1,-1,-1,-1
134,526,0.8120051665,0.3309463391,0.010063853799999967,0.04553225910000003,-1,-1,-1,-1
135,526,0.8119565446,0.3325864866,0.010338355699999968,0.045637103899999976,-1,-1,-1,-1
136,526,0.8101868832,0.3341591597,0.010910283500000006,0.04651310350000004,-1,-1,-1,-1
137,526,0.8100816088,0.335468942,0.009934049499999986,0.0468609861,-1,-1,-1,-1
138,526,0.8060813273,0.3364045009,0.011355180999999992,0.0474221916,-1,-1,-1,-1
139,526,0.8055910202,0.3381471576,0.010060641500000078,0.04808551699999997,-1,-1,-1,-1
140,526,0.8016614083,0.3399613112,0.010470350299999986,0.04798482450000002,-1,-1,-1,-1
141,526,0.7979868788,0.3415033613,0.010572558500000051,0.04907323880000003,-1,-1,-1,-1
142,526,0.7940785846,0.3432692447,0.009546972599999926,0.04888612710000001,-1,-1,-1,-1
143,526,0.7870558617,0.345179809,0.01099321809999998,0.04955866529999997,-1,-1,-1,-1
144,526,0.7805977659,0.3469981149,0.012200296499999985,0.04886082410000003,-1,-1,-1,-1
145,526,0.7735642381,0.3480208714,0.012072390300000069,0.0494291664,-1,-1,-1,-1
146,526,0.766338851,0.3493846333,0.011688817600000068,0.04999737879999999,-1,-1,-1,-1
147,526,0.7588576515,0.3506347267,0.011369198100000033,0.05090659669999997,-1,-1,-1,-1
148,526,0.7493064446,0.3513821357,0.012695129999999999,0.0512042627,-1,-1,-1,-1
149,526,0.7424583516,0.3522362062,0.010652864900000059,0.051204392399999965,-1,-1,-1,-1
150,526,0.7345573686,0.352988546,0.010076118800000033,0.05105867359999999,-1,-1,-1,-1
151,526,0.7260408003,0.3539810688,0.009361245700000076,0.04990096829999996,-1,-1,-1,-1
152,526,0.7177445637,0.3549222072,0.009361245700000076,0.050909970400000004,-1,-1,-1,-1
153,526,0.7083500273,0.3555142952,0.01183322320000002,0.05064085130000001,-1,-1,-1,-1
154,526,0.69829289,0.3568704014,0.012555542899999939,0.05101546410000002,-1,-1,-1,-1
155,526,0.689378148,0.3575093322,0.014204306500000041,0.05088051530000004,-1,-1,-1,-1
156,526,0.6794678985,0.3583039733,0.014085306999999991,0.051750026999999976,-1,-1,-1,-1
157,526,0.6704581028,0.3591759505,0.015014671300000004,0.051018059199999966,-1,-1,-1,-1
158,526,0.6615062738,0.3599814912,0.01324208969999996,0.05124487719999998,-1,-1,-1,-1
159,526,0.6520869155,0.3607423951,0.01374159559999999,0.051118232799999996,-1,-1,-1,-1
160,526,0.6432021058,0.361945516,0.013134187099999917,0.052513655699999995,-1,-1,-1,-1
161,526,0.6356709703,0.3632991567,0.013642015600000001,0.05221287549999998,-1,-1,-1,-1
162,526,0.6268194513,0.3645958334,0.012280602899999993,0.053088875199999996,-1,-1,-1,-1
163,526,0.6179152221,0.3663286285,0.012638185499999954,0.05247693410000004,-1,-1,-1,-1
164,526,0.6101344067,0.3680122451,0.010149708600000085,0.05361309949999998,-1,-1,-1,-1
165,526,0.6021586656,0.369544693,0.009775042800000078,0.053348002900000024,-1,-1,-1,-1
166,526,0.5916681657,0.3713326354,0.010924738599999984,0.05322019080000001,-1,-1,-1,-1
167,526,0.5854888062,0.3722265417,0.009056519300000065,0.05488058069999996,-1,-1,-1,-1
168,526,0.5759332189,0.3744038894,0.011106815200000009,0.05446911649999997,-1,-1,-1,-1
169,526,0.5682995832,0.3765275171,0.009366940200000062,0.05565744480000001,-1,-1,-1,-1
170,526,0.5595239903,0.3791067269,0.010935689500000012,0.05631337399999997,-1,-1,-1,-1
171,526,0.5524281155,0.381809337,0.010631255199999967,0.057717361099999975,-1,-1,-1,-1
172,526,0.5458317467,0.3843698616,0.011911047300000033,0.05828842820000002,-1,-1,-1,-1
173,526,0.5367826739,0.3875530972,0.012083487099999957,0.058973163800000006,-1,-1,-1,-1
174,526,0.5323063944,0.3906401817,0.012032090999999911,0.05998294460000003,-1,-1,-1,-1
175,526,0.5228644042,0.3938536511,0.013019129899999982,0.061251593400000026,-1,-1,-1,-1
176,526,0.5181610766,0.3972638343,0.012988175399999968,0.06175583499999998,-1,-1,-1,-1
177,526,0.5089364978,0.4005429615,0.014464207299999976,0.06254282029999997,-1,-1,-1,-1
178,526,0.5079082837,0.404197999,0.010724410500000059,0.06354429650000004,-1,-1,-1,-1
179,526,0.5009851407,0.4087058094,0.014083116799999962,0.06512812880000002,-1,-1,-1,-1
180,526,0.5007623269,0.4133267693,0.010798584500000041,0.06553245619999998,-1,-1,-1,-1
181,526,0.494115292,0.4175677962,0.013948932099999978,0.0682380508,-1,-1,-1,-1
182,526,0.4931778971,0.4224146656,0.011477538700000067,0.06808662259999998,-1,-1,-1,-1
183,526,0.4850821345,0.4269585489,0.014119473699999996,0.06884389330000001,-1,-1,-1,-1
184,526,0.4814176798,0.431502562,0.012841287699999981,0.0711158348,-1,-1,-1,-1
185,526,0.4751967069,0.4369552738,0.013523016100000007,0.07187310550000003,-1,-1,-1,-1
186,526,0.4657374874,0.4421049995,0.014801348200000009,0.07369076270000002,-1,-1,-1,-1
187,526,0.4603422105,0.4466488828,0.015594921599999978,0.07429660509999997,-1,-1,-1,-1
188,526,0.4478152859,0.4513443241,0.01746956529999999,0.0776288034,-1,-1,-1,-1
189,526,0.4407420429,0.4560396355,0.017469565399999998,0.07762880350000007,-1,-1,-1,-1
190,526,0.4272777235,0.4608865049,0.01960002150000001,0.07944633090000003,-1,-1,-1,-1
191,526,0.4188944639,0.4648184471,0.017831382299999976,0.07729013380000005,-1,-1,-1,-1
192,526,0.4050388333,0.4673017653,0.017365750999999985,0.08080827609999996,-1,-1,-1,-1
193,526,0.393279054,0.4699920484,0.013989085299999982,0.08018751140000002,-1,-1,-1,-1
194,526,0.3795399406,0.4714406723,0.01410545660000001,0.079566617,-1,-1,-1,-1
195,526,0.3656843099,0.4728892963,0.016201308099999978,0.08039447620000006,-1,-1,-1,-1
196,526,0.3511301595,0.4751656497,0.017249233700000033,0.0774972284,-1,-1,-1,-1
197,526,0.3356446006,0.4768281157,0.01934479309999998,0.07935277489999998,-1,-1,-1,-1
198,526,0.3201838637,0.4774983183,0.020852655599999992,0.07844485469999996,-1,-1,-1,-1
199,526,0.3045346258,0.478336169,0.022549603099999982,0.07827720670000005,-1,-1,-1,-1
200,526,0.2905824814,0.4788388534,0.020946833100000006,0.07760700409999999,-1,-1,-1,-1
201,526,0.2731422644,0.4802076759,0.02415193510000002,0.07841643759999994,-1,-1,-1,-1
202,526,0.2583415003,0.481380563,0.022643780599999996,0.07808127139999999,-1,-1,-1,-1
203,526,0.2420324356,0.4817155995,0.023869256499999963,0.07891912200000006,-1,-1,-1,-1
204,526,0.2287401179,0.4827209684,0.020758185999999984,0.07841643759999994,-1,-1,-1,-1
205,526,0.2172573228,0.4827210981,0.01696903729999999,0.07975684300000002,-1,-1,-1,-1
206,526,0.2016081578,0.4835589488,0.0153664134,0.07925402870000003,-1,-1,-1,-1
207,526,0.1864303186,0.485904723,0.01621488709999999,0.07824878960000003,-1,-1,-1,-1
208,526,0.1702155045,0.4887531817,0.020080034800000007,0.08143228470000002,-1,-1,-1,-1
209,526,0.1565461117,0.4929421755,0.02017428530000001,0.07992423139999999,-1,-1,-1,-1
210,526,0.1420282451,0.4959581524,0.022531059599999986,0.08176732120000002,-1,-1,-1,-1
211,526,0.1280761007,0.4986390928,0.022530986599999997,0.07942154699999998,-1,-1,-1,-1
212,526,0.1120498606,0.5001471461,0.024793510399999996,0.08025926790000004,-1,-1,-1,-1
213,526,0.1009257431,0.5009849968,0.0192314881,0.08009161990000002,-1,-1,-1,-1
214,526,0.0887646508,0.4999797577,0.020457036999999997,0.07774571590000001,-1,-1,-1,-1
215,526,0.0773577087,0.4988068706,0.0196086362,0.07841604829999999,-1,-1,-1,-1
216,526,0.0673649626,0.4956232457,0.0196086362,0.07841604829999999,-1,-1,-1,-1
217,526,0.0547324716,0.499141907,0.0196086362,0.07841604829999999,-1,-1,-1,-1
218,526,0.0422885547,0.499309555,0.020834111999999995,0.07741067939999996,-1,-1,-1,-1
219,526,0.0305046105,0.5008176083,0.024604936199999997,0.07942128749999999,-1,-1,-1,-1
220,526,0.0174007938,0.5019904954,0.0242278612,0.07824840040000003,-1,-1,-1,-1
221,526,0.003542754,0.5024931799,0.0267732824,0.07858343680000002,-1,-1,-1,-1
222,526,-0.0099381378,0.5040011035,0.0267732825,0.0785834367999999,-1,-1,-1,-1
