1,679,0.636455491,0.2455080201,0.004017218800000055,0.01954513419999998,-1,-1,-1,-1
2,679,0.6399784604,0.2447964245,0.003564290600000075,0.019740420699999983,-1,-1,-1,-1
3,679,0.6427044981,0.2447964245,0.0032967972999999873,0.01948868920000002,-1,-1,-1,-1
4,679,0.6454061519,0.2442605219,0.003695555200000089,0.01957368099999998,-1,-1,-1,-1
5,679,0.6479502591,0.2440580986,0.003695555199999978,0.01957368100000001,-1,-1,-1,-1
6,679,0.6508361796,0.243450699,0.0035802059000000774,0.019573681100000018,-1,-1,-1,-1
7,679,0.6532757424,0.2425989642,0.0035802059999999747,0.01957368100000001,-1,-1,-1,-1
8,679,0.6559331547,0.2424441623,0.0035802059999999747,0.019573681100000018,-1,-1,-1,-1
9,679,0.658416229,0.2418355949,0.0033205971999999973,0.01940784969999998,-1,-1,-1,-1
10,679,0.6608740433,0.2415786731,0.004075039499999988,0.019407849700000007,-1,-1,-1,-1
11,679,0.6637655123,0.2424143179,0.004075039499999988,0.018400923600000008,-1,-1,-1,-1
12,679,0.6665607595,0.2418147038,0.003593200999999935,0.018400923699999988,-1,-1,-1,-1
13,679,0.6692596391,0.2422429069,0.003593201000000046,0.018400923700000016,-1,-1,-1,-1
14,679,0.670898182,0.2425855991,0.003593201000000046,0.018400923700000016,-1,-1,-1,-1
15,679,0.6748983175,0.2413006006,0.0031592543000000806,0.018159313400000016,-1,-1,-1,-1
16,679,0.6774524995,0.2409581679,0.00407489350000001,0.01850174610000002,-1,-1,-1,-1
17,679,0.6799722227,0.2416052736,0.003982030099999978,0.017928083699999986,-1,-1,-1,-1
18,679,0.682079025,0.2413116301,0.004395097100000078,0.017928083699999986,-1,-1,-1,-1
19,679,0.6850531366,0.2418989171,0.003403677799999949,0.017414240000000025,-1,-1,-1,-1
20,679,0.6876116989,0.240115646,0.0034036779000000683,0.017414239999999997,-1,-1,-1,-1
21,679,0.6901702613,0.2397589398,0.003403677799999949,0.017414240100000006,-1,-1,-1,-1
22,679,0.6922421668,0.2396566901,0.00340367780000006,0.017414240099999978,-1,-1,-1,-1
23,679,0.6940262833,0.239452061,0.003403677799999949,0.017414240000000025,-1,-1,-1,-1
24,679,0.6967889699,0.2397589398,0.0034036778999999573,0.017414240100000006,-1,-1,-1,-1
25,679,0.7007601951,0.2397589398,0.0034036779000000683,0.017414240100000006,-1,-1,-1,-1
26,679,0.7038105248,0.2393496815,0.004036492400000036,0.0173428729,-1,-1,-1,-1
27,679,0.7061126906,0.2396753754,0.003657154100000004,0.016914799500000022,-1,-1,-1,-1
28,679,0.7094182487,0.2391211768,0.003657154100000004,0.016914799500000022,-1,-1,-1,-1
29,679,0.7122248848,0.239010363,0.003657154100000004,0.016914799599999975,-1,-1,-1,-1
30,679,0.7145325991,0.239010363,0.0036571542000000123,0.016914799599999975,-1,-1,-1,-1
31,679,0.7181430693,0.2383780498,0.0036917190999999905,0.01699540319999998,-1,-1,-1,-1
32,679,0.722893657,0.2390394808,0.0037262840000000796,0.017076006800000015,-1,-1,-1,-1
33,679,0.7231134054,0.2386791501,0.003760848999999955,0.017156610400000022,-1,-1,-1,-1
34,679,0.723869984,0.2377731362,0.003795413899999933,0.01723721410000001,-1,-1,-1,-1
35,679,0.7259546638,0.2380028059,0.0038299788000000223,0.017317817600000007,-1,-1,-1,-1
36,679,0.7265193622,0.2364661595,0.0038645437000000005,0.017398421200000014,-1,-1,-1,-1
37,679,0.7291710636,0.2361450907,0.003899108700000098,0.0181940337,-1,-1,-1,-1
38,679,0.7322392999,0.2360967744,0.003933673599999965,0.017559628500000035,-1,-1,-1,-1
39,679,0.7361846282,0.2363082346,0.0039682386000000625,0.017640232099999986,-1,-1,-1,-1
40,679,0.7401300295,0.2364419694,0.004002803500000041,0.0177208358,-1,-1,-1,-1
41,679,0.7446013648,0.2371990641,0.004037368499999916,0.01780143939999998,-1,-1,-1,-1
42,679,0.7490744321,0.2366312409,0.004037368400000019,0.01780143939999998,-1,-1,-1,-1
43,679,0.7522694593,0.2366312409,0.004037368400000019,0.01780143939999998,-1,-1,-1,-1
44,679,0.7553047497,0.2366312409,0.004037368499999916,0.01780143939999998,-1,-1,-1,-1
45,679,0.7578608299,0.2357793763,0.004037368400000019,0.017801439400000008,-1,-1,-1,-1
46,679,0.7605550371,0.2350427373,0.004037368399999908,0.017801439300000027,-1,-1,-1,-1
47,679,0.7619253565,0.2362605208,0.004037368499999916,0.01780143939999998,-1,-1,-1,-1
48,679,0.7674067803,0.2368693477,0.004037368500000027,0.017801439400000008,-1,-1,-1,-1
49,679,0.7698048759,0.2368693477,0.004037368400000019,0.017801439400000008,-1,-1,-1,-1
50,679,0.7725456608,0.2362603911,0.004037368400000019,0.017801439300000027,-1,-1,-1,-1
51,679,0.779397404,0.236869218,0.004037368500000027,0.0178014393,-1,-1,-1,-1
52,679,0.78693438,0.2362602613,0.004037368499999916,0.017801439400000008,-1,-1,-1,-1
53,679,0.7900175623,0.236869218,0.004037368500000027,0.0178014393,-1,-1,-1,-1
54,679,0.7910453384,0.236869218,0.004037368400000019,0.0178014393,-1,-1,-1,-1
55,679,0.7920731145,0.236869218,0.004037368400000019,0.0178014393,-1,-1,-1,-1
56,679,0.7934434339,0.236869218,0.004037368499999916,0.0178014393,-1,-1,-1,-1
57,679,0.7953795486,0.2375936597,0.004037368399999908,0.017801439400000035,-1,-1,-1,-1
58,679,0.7968060825,0.2394046991,0.004037368500000027,0.017801439400000008,-1,-1,-1,-1
59,679,0.7981536241,0.2383783094,0.004037368500000027,0.0178014393,-1,-1,-1,-1
60,679,0.8048911863,0.2387204825,0.004037368400000019,0.017801439400000008,-1,-1,-1,-1
61,679,0.8075747346,0.2380056429,0.004126581600000012,0.018516278999999997,-1,-1,-1,-1
62,679,0.8110956598,0.2385194866,0.003515084800000068,0.0198226876,-1,-1,-1,-1
63,679,0.8130872589,0.2395521048,0.004186154400000031,0.01889776900000001,-1,-1,-1,-1
64,679,0.8156443611,0.2400214413,0.004490734699999943,0.018965373199999996,-1,-1,-1,-1
65,679,0.8184117202,0.2399577299,0.004681863900000027,0.019441067800000017,-1,-1,-1,-1
66,679,0.8216244148,0.2406710124,0.0048153185999999515,0.01872778530000002,-1,-1,-1,-1
67,679,0.8269392393,0.2406790574,0.003754835900000031,0.0186212536,-1,-1,-1,-1
68,679,0.829264475,0.2411448904,0.0053644685000000525,0.019356465299999986,-1,-1,-1,-1
69,679,0.8335526915,0.2416017701,0.005120483000000009,0.019023504999999996,-1,-1,-1,-1
70,679,0.8370685063,0.2426455475,0.0050008995000000445,0.01969253980000002,-1,-1,-1,-1
71,679,0.8402562329,0.2446381191,0.005285038200000036,0.019493101000000013,-1,-1,-1,-1
72,679,0.8449182393,0.2459393374,0.003865366700000039,0.01927147349999997,-1,-1,-1,-1
73,679,0.8496247792,0.2473646048,0.0038653667999999364,0.019271473500000025,-1,-1,-1,-1
74,679,0.8546493326,0.2476656445,0.0035863384,0.019150927799999995,-1,-1,-1,-1
75,679,0.8584319107,0.2479521513,0.004320192999999972,0.019566803800000004,-1,-1,-1,-1
76,679,0.8631729093,0.248073735,0.004453939799999973,0.019618447700000013,-1,-1,-1,-1
77,679,0.8673292773,0.2485355455,0.005135960200000067,0.019560705199999973,-1,-1,-1,-1
78,679,0.8718719922,0.2486982627,0.0054896004000000165,0.0197414588,-1,-1,-1,-1
79,679,0.8766185393,0.2491167339,0.006518982699999953,0.01971044649999998,-1,-1,-1,-1
80,679,0.881697993,0.2494421682,0.006373555100000039,0.019304951200000003,-1,-1,-1,-1
81,679,0.8869148437,0.2486560912,0.00527510930000008,0.019603006399999984,-1,-1,-1,-1
82,679,0.8926806982,0.2487915591,0.004771807100000025,0.019304951100000023,-1,-1,-1,-1
83,679,0.8985839497,0.2497674728,0.004771807100000025,0.019304951100000023,-1,-1,-1,-1
84,679,0.9038922037,0.2493730069,0.004771807100000025,0.019699417000000025,-1,-1,-1,-1
85,679,0.909017359,0.2500927773,0.004771807199999922,0.019304951199999976,-1,-1,-1,-1
86,679,0.9140968127,0.2503947254,0.004771807200000033,0.01988756679999998,-1,-1,-1,-1
87,679,0.9190390155,0.2505806693,0.00457658949999995,0.019609364600000012,-1,-1,-1,-1
88,679,0.9241641708,0.2509873325,0.004771807200000033,0.019304951100000023,-1,-1,-1,-1
89,679,0.9291063736,0.2509059739,0.004771807099999914,0.019304951099999967,-1,-1,-1,-1
90,679,0.9342315289,0.2513939956,0.003398859499999962,0.01930495120000003,-1,-1,-1,-1
91,679,0.9393109826,0.2512087005,0.003581958099999949,0.01791627560000003,-1,-1,-1,-1
92,679,0.9424227832,0.2513938658,0.00358195810000006,0.017649751699999994,-1,-1,-1,-1
93,679,0.9479061052,0.2522071922,0.004367792799999992,0.01858673780000003,-1,-1,-1,-1
94,679,0.9540458956,0.2522885507,0.00358195810000006,0.017649751699999994,-1,-1,-1,-1
95,679,0.9599247631,0.2530205185,0.00358195810000006,0.017649751599999985,-1,-1,-1,-1
96,679,0.9651423438,0.2526974198,0.004061314400000016,0.017649751699999994,-1,-1,-1,-1
97,679,0.9704086925,0.2529159331,0.00358195810000006,0.017649751699999994,-1,-1,-1,-1
98,679,0.9759552375,0.253032067,0.003581958099999949,0.017649751699999994,-1,-1,-1,-1
