1,653,0.7192042423,0.2583177796,0.006142710599999934,0.024955285199999955,-1,-1,-1,-1
2,653,0.7187989139,0.2578594726,0.006001225300000024,0.02495528520000001,-1,-1,-1,-1
3,653,0.7185410573,0.258121455,0.0068485310000000466,0.02462167609999999,-1,-1,-1,-1
4,653,0.7196831605,0.2583833077,0.0068485309999999355,0.02462167609999999,-1,-1,-1,-1
5,653,0.7237355682,0.2582522516,0.006038166300000092,0.024621676100000045,-1,-1,-1,-1
6,653,0.7276038552,0.2579902692,0.005043534799999971,0.02462167609999999,-1,-1,-1,-1
7,653,0.7298511207,0.2578592131,0.005596188900000021,0.024883918000000005,-1,-1,-1,-1
8,653,0.7327947158,0.257793685,0.006410350000000009,0.024883918100000013,-1,-1,-1,-1
9,653,0.7367367386,0.2575972306,0.0067787375000000205,0.024883918100000013,-1,-1,-1,-1
10,653,0.7410839439,0.2575972306,0.003868286899999962,0.025080372500000003,-1,-1,-1,-1
11,653,0.7432576195,0.257335378,0.0046050617999999766,0.025080372399999995,-1,-1,-1,-1
12,653,0.7453207643,0.2575972306,0.007147124799999904,0.024556537400000022,-1,-1,-1,-1
13,653,0.7494101129,0.2575317026,0.005783959999999921,0.024556667099999985,-1,-1,-1,-1
14,653,0.7533519897,0.2570733956,0.005047331200000005,0.02468759340000004,-1,-1,-1,-1
15,653,0.756372971,0.2568114131,0.00482626949999998,0.024818519799999994,-1,-1,-1,-1
16,653,0.759615014,0.2567460149,0.00482626949999998,0.024687463600000015,-1,-1,-1,-1
17,653,0.7618622795,0.2565495605,0.0062999652000000905,0.024687463600000015,-1,-1,-1,-1
18,653,0.7641832808,0.2562877078,0.006705147600000072,0.024687463700000023,-1,-1,-1,-1
19,653,0.7677937112,0.2560912534,0.005747311100000041,0.024491009299999977,-1,-1,-1,-1
20,653,0.7692888706,0.2556016746,0.006801661300000039,0.024699660999999984,-1,-1,-1,-1
21,653,0.7719592779,0.2554617949,0.005469012900000014,0.024489971300000024,-1,-1,-1,-1
22,653,0.7742412942,0.2552519754,0.00562641340000003,0.024489971300000024,-1,-1,-1,-1
23,653,0.7745953725,0.2552519754,0.006531393699999999,0.024489971300000024,-1,-1,-1,-1
24,653,0.7761690862,0.2549722161,0.00633471590000001,0.0237907027,-1,-1,-1,-1
25,653,0.7784906716,0.2544126974,0.006177023400000037,0.024420161200000012,-1,-1,-1,-1
26,653,0.7789234502,0.2544126974,0.00574424480000002,0.024420161200000012,-1,-1,-1,-1
27,653,0.7803006322,0.2542028779,0.005468866800000027,0.024070462000000015,-1,-1,-1,-1
28,653,0.7828581724,0.2539232484,0.00503594230000004,0.02407046189999995,-1,-1,-1,-1
29,653,0.7854549899,0.253643489,0.0044457631,0.024070462000000015,-1,-1,-1,-1
30,653,0.787422351,0.2537134289,0.00645225539999994,0.024070461900000006,-1,-1,-1,-1
31,653,0.793481543,0.2538533085,0.0038161608000000236,0.024070462000000015,-1,-1,-1,-1
32,653,0.7971403032,0.2537134289,0.004052553700000017,0.024070461900000006,-1,-1,-1,-1
33,653,0.8013895346,0.2535036094,0.00373775250000008,0.024070461900000006,-1,-1,-1,-1
34,653,0.8049700326,0.2537134289,0.003737752499999969,0.023231313700000034,-1,-1,-1,-1
35,653,0.8069372477,0.2540772717,0.0052721891000000465,0.02377655900000003,-1,-1,-1,-1
36,653,0.8100218901,0.2545396013,0.0055177806999999746,0.023776558900000022,-1,-1,-1,-1
37,653,0.8143702634,0.2548037896,0.00674427870000005,0.023776558900000022,-1,-1,-1,-1
38,653,0.8181783935,0.2548037896,0.003976773700000047,0.024423924099999994,-1,-1,-1,-1
39,653,0.8207057094,0.2548037896,0.00464565309999998,0.024159606,-1,-1,-1,-1
40,653,0.8227498727,0.2549186258,0.006169430699999978,0.024308958199999953,-1,-1,-1,-1
41,653,0.8237161779,0.2549186258,0.0062066637000000036,0.02463932329999996,-1,-1,-1,-1
42,653,0.8228985125,0.2551168968,0.005760598199999967,0.024639323300000016,-1,-1,-1,-1
43,653,0.8233816651,0.2551168968,0.004236820399999952,0.024639323300000016,-1,-1,-1,-1
44,653,0.8233816651,0.2551168968,0.004236820399999952,0.02450709940000001,-1,-1,-1,-1
45,653,0.8228985125,0.2551168968,0.004459780299999938,0.02450709940000001,-1,-1,-1,-1
46,653,0.8214861417,0.2551168968,0.005426231399999981,0.02450709940000001,-1,-1,-1,-1
47,653,0.8214861417,0.2551168968,0.005426231399999981,0.024308958200000008,-1,-1,-1,-1
48,653,0.8214861417,0.2551828142,0.005426231399999981,0.024573276099999986,-1,-1,-1,-1
49,653,0.8214861417,0.2554470025,0.005426231399999981,0.024309087799999962,-1,-1,-1,-1
50,653,0.8216347816,0.2554470025,0.005277591499999956,0.024309087799999962,-1,-1,-1,-1
51,653,0.8216347816,0.2554470025,0.005277591499999956,0.024309087799999962,-1,-1,-1,-1
52,653,0.8216347816,0.2554470025,0.005500551399999942,0.024309087799999962,-1,-1,-1,-1
53,653,0.8218578874,0.2554470025,0.005277445599999986,0.024309087799999962,-1,-1,-1,-1
54,653,0.8218578874,0.2554470025,0.005277445599999986,0.024309087799999962,-1,-1,-1,-1
55,653,0.8216347816,0.2554470025,0.005500551399999942,0.024309087799999962,-1,-1,-1,-1
56,653,0.8214490548,0.2554470025,0.005686278200000006,0.024309087799999962,-1,-1,-1,-1
57,653,0.8214490548,0.2554470025,0.005686278200000006,0.024309087799999962,-1,-1,-1,-1
58,653,0.8214490548,0.2554470025,0.005686278200000006,0.024309087799999962,-1,-1,-1,-1
59,653,0.8214490548,0.2554470025,0.005686278200000006,0.024309087799999962,-1,-1,-1,-1
60,653,0.8214490548,0.2554470025,0.005686278200000006,0.024309087799999962,-1,-1,-1,-1
61,653,0.8214490548,0.2554470025,0.005686278200000006,0.024309087799999962,-1,-1,-1,-1
62,653,0.8214490548,0.2554470025,0.005686278200000006,0.024309087799999962,-1,-1,-1,-1
63,653,0.8214490548,0.2554470025,0.005686278200000006,0.024309087799999962,-1,-1,-1,-1
64,653,0.8214490548,0.2554470025,0.005686278200000006,0.024309087799999962,-1,-1,-1,-1
65,653,0.8214490548,0.2554470025,0.005686278200000006,0.024309087799999962,-1,-1,-1,-1
66,653,0.8214490548,0.2554470025,0.005686278200000006,0.024309087799999962,-1,-1,-1,-1
67,653,0.8214490548,0.2554470025,0.005686278200000006,0.024309087799999962,-1,-1,-1,-1
68,653,0.8214490548,0.2554470025,0.005686278200000006,0.024309087799999962,-1,-1,-1,-1
69,653,0.8214490548,0.2554470025,0.005686278200000006,0.024309087799999962,-1,-1,-1,-1
70,653,0.8214490548,0.2554470025,0.005686278200000006,0.024309087799999962,-1,-1,-1,-1
71,653,0.8214490548,0.2554470025,0.005686278200000006,0.024309087799999962,-1,-1,-1,-1
72,653,0.8214490548,0.2554470025,0.005686278200000006,0.024309087799999962,-1,-1,-1,-1
73,653,0.8214490548,0.2554470025,0.005686278200000006,0.024309087799999962,-1,-1,-1,-1
74,653,0.8214490548,0.2554470025,0.005686278200000006,0.024309087799999962,-1,-1,-1,-1
75,653,0.8214490548,0.2554470025,0.005686278200000006,0.024309087799999962,-1,-1,-1,-1
76,653,0.8214490548,0.2554470025,0.005686278200000006,0.024309087799999962,-1,-1,-1,-1
77,653,0.8214490548,0.2554470025,0.005686278200000006,0.024309087799999962,-1,-1,-1,-1
78,653,0.8214490548,0.2554470025,0.005686278200000006,0.024309087799999962,-1,-1,-1,-1
79,653,0.8214490548,0.2554470025,0.005686278200000006,0.024309087799999962,-1,-1,-1,-1
80,653,0.8217834215,0.2554470025,0.004980311799999915,0.024309087799999962,-1,-1,-1,-1
81,653,0.8217834215,0.2549846729,0.0041254134999999525,0.024771417399999995,-1,-1,-1,-1
82,653,0.8210402221,0.2549846729,0.004608566099999933,0.024441182100000014,-1,-1,-1,-1
83,653,0.8196278513,0.2549846729,0.00602093689999994,0.024441182100000014,-1,-1,-1,-1
84,653,0.8196278513,0.2549846729,0.00602093689999994,0.024441182100000014,-1,-1,-1,-1
85,653,0.8196278513,0.2549846729,0.00602093689999994,0.024441182100000014,-1,-1,-1,-1
86,653,0.8196278513,0.2549846729,0.00631821669999999,0.024441182100000014,-1,-1,-1,-1
87,653,0.8196278513,0.2549846729,0.00631821669999999,0.024441182100000014,-1,-1,-1,-1
88,653,0.8196278513,0.2549846729,0.00631821669999999,0.024441182100000014,-1,-1,-1,-1
89,653,0.8196278513,0.2549846729,0.00631821669999999,0.024441182100000014,-1,-1,-1,-1
90,653,0.8207800293,0.2549846729,0.005388998499999964,0.024441182100000014,-1,-1,-1,-1
91,653,0.8207800293,0.25505072,0.005388998499999964,0.024375134999999992,-1,-1,-1,-1
92,653,0.8207800293,0.25505072,0.005388998499999964,0.024375134999999992,-1,-1,-1,-1
93,653,0.8207800293,0.25505072,0.005388998499999964,0.024375134999999992,-1,-1,-1,-1
94,653,0.8207800293,0.25505072,0.005388998499999964,0.024375134999999992,-1,-1,-1,-1
95,653,0.8207800293,0.25505072,0.004980165799999936,0.024375134999999992,-1,-1,-1,-1
96,653,0.8207800293,0.25505072,0.004980165799999936,0.024375134999999992,-1,-1,-1,-1
97,653,0.8207800293,0.25505072,0.004980165799999936,0.024375134999999992,-1,-1,-1,-1
98,653,0.8207800293,0.25505072,0.004980165799999936,0.024375134999999992,-1,-1,-1,-1
99,653,0.8207800293,0.25505072,0.004980165799999936,0.024375134999999992,-1,-1,-1,-1
100,653,0.8207800293,0.25505072,0.004980165799999936,0.024375134999999992,-1,-1,-1,-1
101,653,0.8207800293,0.25505072,0.004980165799999936,0.024375134999999992,-1,-1,-1,-1
102,653,0.8207800293,0.25505072,0.004980165799999936,0.024375134999999992,-1,-1,-1,-1
103,653,0.8207800293,0.25505072,0.004980165799999936,0.024375134999999992,-1,-1,-1,-1
104,653,0.8207800293,0.25505072,0.004980165799999936,0.024375134999999992,-1,-1,-1,-1
105,653,0.8207800293,0.2551828142,0.004980165799999936,0.024243040800000004,-1,-1,-1,-1
106,653,0.8207800293,0.2551828142,0.004980165799999936,0.024243040800000004,-1,-1,-1,-1
107,653,0.8207800293,0.2551828142,0.004980165799999936,0.024243040800000004,-1,-1,-1,-1
108,653,0.8207800293,0.2551828142,0.004980165799999936,0.024243040800000004,-1,-1,-1,-1
109,653,0.8207800293,0.2551828142,0.004980165799999936,0.024243040800000004,-1,-1,-1,-1
110,653,0.8207800293,0.2551828142,0.004980165799999936,0.024243040800000004,-1,-1,-1,-1
111,653,0.8207800293,0.2551828142,0.004980165799999936,0.024243040800000004,-1,-1,-1,-1
112,653,0.8207800293,0.2550976926,0.004980165799999936,0.02432816240000002,-1,-1,-1,-1
113,653,0.8207800293,0.2550976926,0.005142968799999981,0.02432816240000002,-1,-1,-1,-1
114,653,0.8207800293,0.2550976926,0.005142968799999981,0.02432816240000002,-1,-1,-1,-1
115,653,0.8207800293,0.2550976926,0.005142968799999981,0.02432816240000002,-1,-1,-1,-1
116,653,0.8207800293,0.2550976926,0.005142968799999981,0.02432816240000002,-1,-1,-1,-1
117,653,0.8207800293,0.2550976926,0.005142968799999981,0.02432816240000002,-1,-1,-1,-1
118,653,0.8207800293,0.2550976926,0.005142968799999981,0.02432816240000002,-1,-1,-1,-1
119,653,0.8207800293,0.2550976926,0.005142968799999981,0.02432816240000002,-1,-1,-1,-1
120,653,0.8207800293,0.2550976926,0.005142968799999981,0.02432816240000002,-1,-1,-1,-1
121,653,0.8207800293,0.2550976926,0.005142968799999981,0.02432816240000002,-1,-1,-1,-1
122,653,0.8207800293,0.2550976926,0.005142968799999981,0.02432816240000002,-1,-1,-1,-1
123,653,0.8207800293,0.2550976926,0.005142968799999981,0.02432816240000002,-1,-1,-1,-1
124,653,0.8207800293,0.2550976926,0.005142968799999981,0.02432816240000002,-1,-1,-1,-1
125,653,0.8207800293,0.2550976926,0.005413820499999944,0.02432816240000002,-1,-1,-1,-1
126,653,0.8207800293,0.2550976926,0.005413820499999944,0.02432816240000002,-1,-1,-1,-1
127,653,0.8207800293,0.2550976926,0.005413820499999944,0.02432816240000002,-1,-1,-1,-1
128,653,0.8207800293,0.2550976926,0.005413820499999944,0.02432816240000002,-1,-1,-1,-1
129,653,0.8207800293,0.2550976926,0.005413820499999944,0.02432816240000002,-1,-1,-1,-1
130,653,0.8207800293,0.2550976926,0.005413820499999944,0.02432816240000002,-1,-1,-1,-1
131,653,0.8207800293,0.2550976926,0.005413820499999944,0.02432816240000002,-1,-1,-1,-1
132,653,0.8207800293,0.2550976926,0.005413820499999944,0.02432816240000002,-1,-1,-1,-1
133,653,0.8207800293,0.2552352366,0.005413820499999944,0.024190618399999975,-1,-1,-1,-1
134,653,0.8207800293,0.2552352366,0.005413820499999944,0.024190618399999975,-1,-1,-1,-1
135,653,0.8207800293,0.2552352366,0.005413820499999944,0.024190618399999975,-1,-1,-1,-1
136,653,0.8194619821,0.2552352366,0.006731867700000005,0.024190618399999975,-1,-1,-1,-1
137,653,0.8179917906,0.2547538325,0.006731867700000005,0.024411726899999986,-1,-1,-1,-1
138,653,0.8176048597,0.2541348845,0.005106903900000015,0.024205410799999993,-1,-1,-1,-1
139,653,0.8144710114,0.2542036565,0.005919312800000021,0.024205410799999993,-1,-1,-1,-1
140,653,0.8140840805,0.2537910244,0.004217108899999933,0.0237241366,-1,-1,-1,-1
141,653,0.8100217441,0.2535848382,0.00665448149999992,0.024067866800000004,-1,-1,-1,-1
142,653,0.8090158697,0.2533785222,0.006731867700000005,0.024067866800000004,-1,-1,-1,-1
143,653,0.8095961201,0.2539286982,0.006229003499999997,0.024342825099999965,-1,-1,-1,-1
144,653,0.8099744363,0.255466596,0.005850687300000046,0.0228049273,-1,-1,-1,-1
145,653,0.8099744363,0.255466596,0.006011008099999993,0.0228049273,-1,-1,-1,-1
146,653,0.8099363272,0.2539790445,0.0054022854999999925,0.024292478800000017,-1,-1,-1,-1
147,653,0.8099363272,0.2539790445,0.005097997200000037,0.024292478800000017,-1,-1,-1,-1
148,653,0.8099363272,0.2539790445,0.004945853100000064,0.024292478800000017,-1,-1,-1,-1
149,653,0.8092515325,0.2539790445,0.004945853099999953,0.024292478800000017,-1,-1,-1,-1
150,653,0.8094798218,0.2539790445,0.004717563799999991,0.024292478800000017,-1,-1,-1,-1
151,653,0.809708111,0.2539790445,0.004489274600000037,0.024292478800000017,-1,-1,-1,-1
152,653,0.809708111,0.2539790445,0.004831671900000001,0.024292478800000017,-1,-1,-1,-1
153,653,0.809708111,0.2539790445,0.004831671900000001,0.024292478800000017,-1,-1,-1,-1
154,653,0.809708111,0.2539790445,0.004831671900000001,0.024292478800000017,-1,-1,-1,-1
155,653,0.809708111,0.2539790445,0.004831671900000001,0.024292478800000017,-1,-1,-1,-1
156,653,0.809708111,0.2543846696,0.005097997200000037,0.023886853699999988,-1,-1,-1,-1
157,653,0.808756991,0.2553989918,0.005744682899999964,0.022872531500000015,-1,-1,-1,-1
158,653,0.8082624495,0.2556694086,0.005478357599999928,0.02231431030000003,-1,-1,-1,-1
159,653,0.8073874016,0.2560075592,0.0059349360999999545,0.021976159699999998,-1,-1,-1,-1
160,653,0.8083764846,0.2558723509,0.005364322499999963,0.02211136800000002,-1,-1,-1,-1
161,653,0.808719028,0.2543170654,0.005021779100000012,0.023666653500000023,-1,-1,-1,-1
162,653,0.8087951001,0.2543170654,0.004603309700000002,0.023666653500000023,-1,-1,-1,-1
163,653,0.8087951001,0.2543170654,0.004603309700000002,0.023666653500000023,-1,-1,-1,-1
164,653,0.8087951001,0.2543170654,0.004603309700000002,0.023666653500000023,-1,-1,-1,-1
165,653,0.8087951001,0.2539790445,0.004603309700000002,0.024004674400000037,-1,-1,-1,-1
166,653,0.8087951001,0.2541142529,0.00448912850000005,0.023869466000000006,-1,-1,-1,-1
167,653,0.8087951001,0.2541142529,0.00448912850000005,0.023869466000000006,-1,-1,-1,-1
168,653,0.8084145937,0.2539114403,0.004489128499999939,0.023869466100000014,-1,-1,-1,-1
169,653,0.8084145937,0.2539114403,0.004679527800000027,0.023869466100000014,-1,-1,-1,-1
170,653,0.808719028,0.2539114403,0.004641272700000032,0.023869466100000014,-1,-1,-1,-1
171,653,0.808719028,0.2539114403,0.004641272700000032,0.023869466100000014,-1,-1,-1,-1
172,653,0.808719028,0.2539114403,0.0040326961000000106,0.023869466100000014,-1,-1,-1,-1
173,653,0.808719028,0.2539114403,0.0040326961000000106,0.023869466100000014,-1,-1,-1,-1
174,653,0.808719028,0.2539114403,0.004527237600000067,0.023869466100000014,-1,-1,-1,-1
175,653,0.808719028,0.2539114403,0.005021779100000012,0.023869466100000014,-1,-1,-1,-1
176,653,0.808719028,0.2539114403,0.005021779100000012,0.023869466100000014,-1,-1,-1,-1
177,653,0.808719028,0.2539114403,0.005021779100000012,0.023869466100000014,-1,-1,-1,-1
178,653,0.808719028,0.2539114403,0.005021779100000012,0.023869466100000014,-1,-1,-1,-1
179,653,0.808719028,0.2539114403,0.0040326961000000106,0.023869466100000014,-1,-1,-1,-1
180,653,0.808719028,0.2539114403,0.0040326961000000106,0.023869466100000014,-1,-1,-1,-1
181,653,0.808719028,0.2539114403,0.0044891286000000585,0.023869466100000014,-1,-1,-1,-1
182,653,0.808719028,0.2539114403,0.004831525900000022,0.023869466100000014,-1,-1,-1,-1
183,653,0.808719028,0.2539114403,0.004831525900000022,0.023869466100000014,-1,-1,-1,-1
184,653,0.808719028,0.2539114403,0.004831525900000022,0.023869466100000014,-1,-1,-1,-1
185,653,0.808719028,0.2539114403,0.00407065910000004,0.023869466100000014,-1,-1,-1,-1
186,653,0.808719028,0.2539114403,0.00407065910000004,0.023869466100000014,-1,-1,-1,-1
187,653,0.808719028,0.2539114403,0.0044511655000000205,0.023869466100000014,-1,-1,-1,-1
188,653,0.808719028,0.2539114403,0.0044511655000000205,0.023869466100000014,-1,-1,-1,-1
189,653,0.808719028,0.2539114403,0.0044511655000000205,0.023869466100000014,-1,-1,-1,-1
190,653,0.808719028,0.2539114403,0.0044511655000000205,0.023869466100000014,-1,-1,-1,-1
191,653,0.808719028,0.2539114403,0.0044511655000000205,0.023869466100000014,-1,-1,-1,-1
192,653,0.808719028,0.2539114403,0.004869635000000039,0.024139882800000012,-1,-1,-1,-1
193,653,0.808719028,0.2539114403,0.004869635000000039,0.024139882800000012,-1,-1,-1,-1
194,653,0.808719028,0.2539114403,0.0044891286000000585,0.024139882800000012,-1,-1,-1,-1
195,653,0.808719028,0.2539114403,0.004146731200000087,0.024139882800000012,-1,-1,-1,-1
196,653,0.808719028,0.2539114403,0.004146731200000087,0.024139882800000012,-1,-1,-1,-1
197,653,0.808719028,0.2538038705,0.004513512500000094,0.024247452600000052,-1,-1,-1,-1
198,653,0.808719028,0.2538038705,0.0046439008999999976,0.024247452600000052,-1,-1,-1,-1
199,653,0.808719028,0.2536299941,0.0046439008999999976,0.024421329000000047,-1,-1,-1,-1
200,653,0.808719028,0.2536299941,0.0046439008999999976,0.024421329000000047,-1,-1,-1,-1
201,653,0.808719028,0.2536299941,0.0046439008999999976,0.024421329000000047,-1,-1,-1,-1
202,653,0.808719028,0.2536299941,0.0046439008999999976,0.024421329000000047,-1,-1,-1,-1
203,653,0.8078711383,0.2539198746,0.004872263099999996,0.024110946700000024,-1,-1,-1,-1
204,653,0.806514982,0.2539198746,0.006228419399999963,0.024110946700000024,-1,-1,-1,-1
205,653,0.8054063154,0.2537459982,0.007337086000000048,0.02428482310000002,-1,-1,-1,-1
206,653,0.8064497148,0.2537459982,0.006293686599999959,0.02428482310000002,-1,-1,-1,-1
207,653,0.806841026,0.2537459982,0.0061305917000000765,0.02428482310000002,-1,-1,-1,-1
208,653,0.8086020727,0.2537459982,0.004369545000000086,0.02428482310000002,-1,-1,-1,-1
209,653,0.8063193263,0.2537459982,0.00665229140000001,0.02428482310000002,-1,-1,-1,-1
210,653,0.8057649201,0.2536299941,0.007337232000000027,0.02440082720000003,-1,-1,-1,-1
211,653,0.8057649201,0.2536299941,0.007337232000000027,0.02440082720000003,-1,-1,-1,-1
212,653,0.8059280151,0.2536299941,0.007011042000000023,0.02440082720000003,-1,-1,-1,-1
213,653,0.8059280151,0.2536299941,0.007011042000000023,0.02440082720000003,-1,-1,-1,-1
214,653,0.8059280151,0.2536299941,0.007011042000000023,0.02440082720000003,-1,-1,-1,-1
215,653,0.8059280151,0.2536299941,0.007011042000000023,0.02440082720000003,-1,-1,-1,-1
216,653,0.8061562313,0.2536299941,0.006782825800000003,0.02440082720000003,-1,-1,-1,-1
217,653,0.8063518869,0.2539198746,0.006587170199999992,0.024110946700000024,-1,-1,-1,-1
218,653,0.8057976267,0.2539198746,0.007141430400000037,0.024110946700000024,-1,-1,-1,-1
219,653,0.8065475426,0.2539198746,0.006391514500000084,0.024110946700000024,-1,-1,-1,-1
220,653,0.8062214985,0.2538038705,0.0067175586000000065,0.024226950800000036,-1,-1,-1,-1
221,653,0.806678077,0.2538038705,0.00626098009999998,0.024226950800000036,-1,-1,-1,-1
222,653,0.8076889157,0.2538038705,0.005250141400000019,0.024226950800000036,-1,-1,-1,-1
223,653,0.8085368055,0.2538038705,0.004402251600000073,0.024226950800000036,-1,-1,-1,-1
224,653,0.8085368055,0.2538038705,0.004402251600000073,0.024226950800000036,-1,-1,-1,-1
225,653,0.8085368055,0.2538038705,0.00469573500000009,0.024226950800000036,-1,-1,-1,-1
226,653,0.8087324611,0.2538038705,0.004956657899999994,0.024226950800000036,-1,-1,-1,-1
227,653,0.8087324611,0.2538038705,0.005608746000000053,0.024226950800000036,-1,-1,-1,-1
228,653,0.8087324611,0.2538038705,0.006195712800000086,0.024226950800000036,-1,-1,-1,-1
229,653,0.8087324611,0.2538038705,0.005184874100000014,0.024226950800000036,-1,-1,-1,-1
230,653,0.808243322,0.2538038705,0.005184874099999903,0.024226950800000036,-1,-1,-1,-1
231,653,0.806678077,0.2538038705,0.006293540699999989,0.024226950800000036,-1,-1,-1,-1
232,653,0.8074932601,0.2539197449,0.00603276389999996,0.024226950699999972,-1,-1,-1,-1
233,653,0.8087650217,0.2542094956,0.005380529700000025,0.023879327700000008,-1,-1,-1,-1
234,653,0.8087650217,0.2542094956,0.006065324400000072,0.023879327700000008,-1,-1,-1,-1
