1,651,0.6832748605,0.261402788,0.004133444200000058,0.021663182300000028,-1,-1,-1,-1
2,651,0.6840874154,0.2611517053,0.003850911600000062,0.021663182300000028,-1,-1,-1,-1
3,651,0.6854653275,0.2609003631,0.004098109299999986,0.021537835500000047,-1,-1,-1,-1
4,651,0.6862778824,0.2607747569,0.004239448600000029,0.02153783549999999,-1,-1,-1,-1
5,651,0.6868079047,0.2602095288,0.004486646400000072,0.021098343500000005,-1,-1,-1,-1
6,651,0.6880089967,0.2596444306,0.004628131599999974,0.021098343399999997,-1,-1,-1,-1
7,651,0.6896341065,0.2600840524,0.004098109299999986,0.02084713100000002,-1,-1,-1,-1
8,651,0.690905868,0.2595189541,0.004557462000000068,0.02084713100000002,-1,-1,-1,-1
9,651,0.6925663127,0.2590793323,0.004804659699999991,0.020847130999999963,-1,-1,-1,-1
10,651,0.6945799595,0.2586397105,0.004804805800000089,0.02103554029999999,-1,-1,-1,-1
11,651,0.6968056153,0.2587653167,0.005405497700000095,0.020784327899999955,-1,-1,-1,-1
12,651,0.7004616013,0.2588115107,0.005097705099999961,0.02022597709999996,-1,-1,-1,-1
13,651,0.7036281562,0.2586467174,0.003685772400000009,0.020713739299999978,-1,-1,-1,-1
14,651,0.7061718254,0.2586467174,0.004412472399999978,0.020805997600000015,-1,-1,-1,-1
15,651,0.7088452989,0.2586929114,0.004983524000000017,0.020805997600000015,-1,-1,-1,-1
16,651,0.7118042252,0.2589696863,0.005917998699999982,0.020483028700000017,-1,-1,-1,-1
17,651,0.7152303889,0.2589234923,0.005139318499999934,0.020759933299999977,-1,-1,-1,-1
18,651,0.7182412954,0.25878504,0.003763596599999919,0.020759933299999977,-1,-1,-1,-1
19,651,0.7191496339,0.2585083949,0.005113474399999984,0.021175030699999986,-1,-1,-1,-1
20,651,0.7217451372,0.2584622008,0.004672227200000045,0.021175030799999994,-1,-1,-1,-1
21,651,0.7225238174,0.25823162,0.004282814099999976,0.021175030699999986,-1,-1,-1,-1
22,651,0.7227835722,0.25823162,0.004983524000000017,0.021175030699999986,-1,-1,-1,-1
23,651,0.7234584381,0.25823162,0.004308658100000029,0.021175030699999986,-1,-1,-1,-1
24,651,0.7234584381,0.25823162,0.004464306499999959,0.021175030699999986,-1,-1,-1,-1
25,651,0.7234584381,0.25823162,0.004464306499999959,0.021175030699999986,-1,-1,-1,-1
26,651,0.7234584381,0.25823162,0.004464306499999959,0.021175030699999986,-1,-1,-1,-1
27,651,0.7234584381,0.25823162,0.0043346481999999575,0.021175030699999986,-1,-1,-1,-1
28,651,0.7234584381,0.25823162,0.0043346481999999575,0.021175030699999986,-1,-1,-1,-1
29,651,0.7234584381,0.25823162,0.0043346481999999575,0.021175030699999986,-1,-1,-1,-1
30,651,0.7234844281,0.2581855557,0.004334648299999966,0.021175030699999986,-1,-1,-1,-1
31,651,0.7235364083,0.2583238783,0.0050871922999999875,0.021036708100000023,-1,-1,-1,-1
32,651,0.7246263854,0.2583238783,0.0044904425999999775,0.020621351200000027,-1,-1,-1,-1
33,651,0.7247301997,0.2581854259,0.0043346482000000686,0.020759803600000015,-1,-1,-1,-1
34,651,0.7248859941,0.2580009093,0.004568120900000028,0.020944320199999977,-1,-1,-1,-1
35,651,0.7253792215,0.2580009093,0.0044123263999999995,0.020944320199999977,-1,-1,-1,-1
36,651,0.7253792215,0.2580009093,0.004490296599999999,0.020944320199999977,-1,-1,-1,-1
37,651,0.72556086,0.2580009093,0.004308658100000029,0.020944320199999977,-1,-1,-1,-1
38,651,0.7254310556,0.2580009093,0.004438462500000018,0.020944320199999977,-1,-1,-1,-1
39,651,0.7254310556,0.2578163928,0.004438462500000018,0.021128836699999987,-1,-1,-1,-1
40,651,0.7256906644,0.2576779404,0.00417885370000004,0.021267289099999975,-1,-1,-1,-1
41,651,0.7256906644,0.2576779404,0.00417885370000004,0.021267289099999975,-1,-1,-1,-1
42,651,0.7256906644,0.2576779404,0.00417885370000004,0.021267289099999975,-1,-1,-1,-1
43,651,0.7256906644,0.2576779404,0.00417885370000004,0.021267289099999975,-1,-1,-1,-1
44,651,0.7256906644,0.2576779404,0.00417885370000004,0.021267289099999975,-1,-1,-1,-1
45,651,0.7256906644,0.2576779404,0.00417885370000004,0.021267289099999975,-1,-1,-1,-1
46,651,0.7256906644,0.2576779404,0.00417885370000004,0.021267289099999975,-1,-1,-1,-1
47,651,0.7256906644,0.2576779404,0.00417885370000004,0.021267289099999975,-1,-1,-1,-1
48,651,0.7256906644,0.2576779404,0.00417885370000004,0.021267289099999975,-1,-1,-1,-1
49,651,0.7256906644,0.2576779404,0.00417885370000004,0.021267289099999975,-1,-1,-1,-1
50,651,0.7256906644,0.2576779404,0.00417885370000004,0.021267289099999975,-1,-1,-1,-1
51,651,0.7256906644,0.2576779404,0.00417885370000004,0.021267289099999975,-1,-1,-1,-1
52,651,0.7256906644,0.2576779404,0.00417885370000004,0.021267289099999975,-1,-1,-1,-1
53,651,0.7256906644,0.2576779404,0.00417885370000004,0.021267289099999975,-1,-1,-1,-1
54,651,0.7256906644,0.2576779404,0.00417885370000004,0.021267289099999975,-1,-1,-1,-1
55,651,0.7256906644,0.2576779404,0.00417885370000004,0.021267289099999975,-1,-1,-1,-1
56,651,0.7256906644,0.2576779404,0.00417885370000004,0.021267289099999975,-1,-1,-1,-1
57,651,0.7256906644,0.2576779404,0.00417885370000004,0.021267289099999975,-1,-1,-1,-1
58,651,0.7256906644,0.2576779404,0.00417885370000004,0.021267289099999975,-1,-1,-1,-1
59,651,0.7256906644,0.2576779404,0.00417885370000004,0.021267289099999975,-1,-1,-1,-1
60,651,0.7256906644,0.2576779404,0.00417885370000004,0.021267289099999975,-1,-1,-1,-1
61,651,0.7256906644,0.257862457,0.004827729599999997,0.021082772500000013,-1,-1,-1,-1
62,651,0.7258463128,0.257862457,0.004204843799999969,0.021082772500000013,-1,-1,-1,-1
63,651,0.7249378282,0.2576779404,0.004204843900000088,0.021082772499999958,-1,-1,-1,-1
64,651,0.7250934767,0.2573089072,0.004204843799999969,0.021082772500000013,-1,-1,-1,-1
65,651,0.7249143934,0.2571619557,0.0039914478000000475,0.020728531800000005,-1,-1,-1,-1
66,651,0.7247353101,0.2570150042,0.003778051700000007,0.02037429099999999,-1,-1,-1,-1
67,651,0.7253139543,0.2567701499,0.004246457100000045,0.02037429099999999,-1,-1,-1,-1
68,651,0.7263610039,0.2566721823,0.003888290599999955,0.02037429099999999,-1,-1,-1,-1
69,651,0.7267775752,0.2565252956,0.003471719300000009,0.020374291000000044,-1,-1,-1,-1
70,651,0.7276317434,0.2562804413,0.0038573360999999418,0.02037429099999999,-1,-1,-1,-1
71,651,0.7284583154,0.2562315224,0.004573815300000006,0.02037429099999999,-1,-1,-1,-1
72,651,0.7284583154,0.2558902575,0.0038574821000000314,0.020715555900000016,-1,-1,-1,-1
73,651,0.7279072674,0.2558902575,0.004270695099999999,0.020519490799999984,-1,-1,-1,-1
74,651,0.7286510508,0.2554985166,0.003499315499999933,0.020519490799999984,-1,-1,-1,-1
75,651,0.7286510508,0.2554985166,0.00380243569999994,0.020519490799999984,-1,-1,-1,-1
76,651,0.7286510508,0.2554985166,0.00380243569999994,0.02067922350000001,-1,-1,-1,-1
77,651,0.7286510508,0.2557856722,0.00380243569999994,0.020392067900000033,-1,-1,-1,-1
78,651,0.7286510508,0.2557856722,0.0036778878000000015,0.020392067900000033,-1,-1,-1,-1
79,651,0.7280551772,0.2557856722,0.003986994499999952,0.020392067900000033,-1,-1,-1,-1
80,651,0.7287150039,0.2556326869,0.0030404009000000176,0.020545053199999996,-1,-1,-1,-1
81,651,0.7287150039,0.2556326869,0.0030976374000000195,0.020545053199999996,-1,-1,-1,-1
82,651,0.7279117938,0.2556326869,0.003900847499999971,0.020545053199999996,-1,-1,-1,-1
83,651,0.7291451543,0.2556326869,0.0026674869999999684,0.02029020749999999,-1,-1,-1,-1
84,651,0.7279405581,0.2556326869,0.003872083199999987,0.020596048300000003,-1,-1,-1,-1
85,651,0.7285428562,0.2555306967,0.003269785099999978,0.020698038500000016,-1,-1,-1,-1
86,651,0.7276250269,0.2555306967,0.004187614400000039,0.020698038500000016,-1,-1,-1,-1
87,651,0.7286002388,0.2555306967,0.003212402499999989,0.020698038500000016,-1,-1,-1,-1
88,651,0.7283133258,0.2555306967,0.003499315500000044,0.020698038500000016,-1,-1,-1,-1
89,651,0.7285428562,0.2554797016,0.003499315499999933,0.020698038500000016,-1,-1,-1,-1
90,651,0.7285428562,0.2554797016,0.003499315499999933,0.020698038500000016,-1,-1,-1,-1
91,651,0.7285428562,0.2554797016,0.003499315499999933,0.020698038500000016,-1,-1,-1,-1
92,651,0.7285428562,0.2554797016,0.003499315499999933,0.020698038500000016,-1,-1,-1,-1
93,651,0.7285428562,0.2554797016,0.003499315499999933,0.020698038500000016,-1,-1,-1,-1
94,651,0.7285428562,0.2554797016,0.003499315499999933,0.020698038500000016,-1,-1,-1,-1
95,651,0.7285428562,0.2554797016,0.003499315499999933,0.020698038500000016,-1,-1,-1,-1
96,651,0.7285428562,0.2554797016,0.003499315499999933,0.020698038500000016,-1,-1,-1,-1
97,651,0.7285428562,0.2554797016,0.003499315499999933,0.020698038500000016,-1,-1,-1,-1
98,651,0.7285428562,0.2554797016,0.003499315499999933,0.020698038500000016,-1,-1,-1,-1
99,651,0.7285428562,0.2554797016,0.003499315499999933,0.020698038500000016,-1,-1,-1,-1
100,651,0.7285428562,0.2554797016,0.003499315499999933,0.020698038500000016,-1,-1,-1,-1
101,651,0.7285428562,0.2554797016,0.003499315499999933,0.020698038500000016,-1,-1,-1,-1
102,651,0.7285428562,0.2554797016,0.003499315499999933,0.020698038500000016,-1,-1,-1,-1
103,651,0.7285428562,0.2554797016,0.003499315499999933,0.020698038500000016,-1,-1,-1,-1
104,651,0.7285428562,0.2554797016,0.003499315499999933,0.020698038500000016,-1,-1,-1,-1
105,651,0.7285428562,0.2554797016,0.003499315499999933,0.020698038500000016,-1,-1,-1,-1
106,651,0.7285428562,0.2554797016,0.003499315499999933,0.020698038500000016,-1,-1,-1,-1
107,651,0.7285428562,0.2554797016,0.003499315499999933,0.020698038500000016,-1,-1,-1,-1
108,651,0.7285428562,0.2554797016,0.003499315499999933,0.020698038500000016,-1,-1,-1,-1
109,651,0.7285428562,0.2554797016,0.003499315499999933,0.020698038500000016,-1,-1,-1,-1
110,651,0.7285428562,0.2554797016,0.003499315499999933,0.020698038500000016,-1,-1,-1,-1
111,651,0.7285428562,0.2554797016,0.003499315499999933,0.020698038500000016,-1,-1,-1,-1
112,651,0.7285428562,0.2554797016,0.003499315499999933,0.020698038500000016,-1,-1,-1,-1
113,651,0.7286862396,0.2554797016,0.0033559320999999587,0.020698038500000016,-1,-1,-1,-1
114,651,0.7286862396,0.2554797016,0.0033559320999999587,0.020698038500000016,-1,-1,-1,-1
115,651,0.7286862396,0.2554797016,0.0033559320999999587,0.020698038500000016,-1,-1,-1,-1
116,651,0.7286862396,0.2554797016,0.0033559320999999587,0.020698038500000016,-1,-1,-1,-1
117,651,0.7286862396,0.2554797016,0.0033559320999999587,0.020698038500000016,-1,-1,-1,-1
118,651,0.7286862396,0.2554797016,0.0033559320999999587,0.020698038500000016,-1,-1,-1,-1
119,651,0.7286862396,0.2554797016,0.0033559320999999587,0.020698038500000016,-1,-1,-1,-1
120,651,0.7286862396,0.2554797016,0.0033559320999999587,0.020698038500000016,-1,-1,-1,-1
121,651,0.7286862396,0.2554797016,0.0033559320999999587,0.020698038500000016,-1,-1,-1,-1
122,651,0.7286862396,0.2554797016,0.0033559320999999587,0.020698038500000016,-1,-1,-1,-1
123,651,0.7286862396,0.2554797016,0.0033559320999999587,0.020698038500000016,-1,-1,-1,-1
124,651,0.7286862396,0.2554797016,0.0033559320999999587,0.020698038500000016,-1,-1,-1,-1
125,651,0.7286862396,0.255683682,0.0033559320999999587,0.02049405809999999,-1,-1,-1,-1
126,651,0.7286862396,0.255683682,0.003528079800000028,0.02049405809999999,-1,-1,-1,-1
127,651,0.7286862396,0.255683682,0.004359762300000014,0.02049405809999999,-1,-1,-1,-1
128,651,0.729317302,0.255683682,0.003929611899999963,0.02049405809999999,-1,-1,-1,-1
129,651,0.7294894498,0.2555306967,0.004359762200000006,0.02049405809999999,-1,-1,-1,-1
130,651,0.7302638956,0.2553267163,0.0049620603999999124,0.020494058100000045,-1,-1,-1,-1
131,651,0.7306080451,0.2553267163,0.004417144799999995,0.020494058100000045,-1,-1,-1,-1
132,651,0.7315258744,0.255122736,0.004158996199999931,0.02049405809999999,-1,-1,-1,-1
133,651,0.7317267865,0.255122736,0.004388380500000011,0.02034133229999996,-1,-1,-1,-1
134,651,0.7313538727,0.255122736,0.004388380500000011,0.02034133229999996,-1,-1,-1,-1
135,651,0.7318415516,0.255122736,0.005019296900000025,0.02034133229999996,-1,-1,-1,-1
136,651,0.7338207397,0.2550207458,0.0038433190000000117,0.020341332300000015,-1,-1,-1,-1
137,651,0.735226248,0.2548167654,0.003929319799999997,0.020137481800000023,-1,-1,-1,-1
138,651,0.7361440773,0.2545109246,0.005076679500000014,0.020392327499999974,-1,-1,-1,-1
139,651,0.7387543278,0.2550717409,0.005879597599999897,0.020035491500000002,-1,-1,-1,-1
140,651,0.7422822616,0.2550207458,0.004703765699999973,0.020239342100000002,-1,-1,-1,-1
141,651,0.7436016229,0.2550207458,0.004216232800000053,0.020341332300000015,-1,-1,-1,-1
142,651,0.7457529588,0.2550717409,0.005564212399999935,0.020392327399999965,-1,-1,-1,-1
143,651,0.7491948917,0.2557854127,0.004158704199999974,0.02039232740000002,-1,-1,-1,-1
144,651,0.7512310243,0.2558876624,0.003556698100000033,0.020545053099999988,-1,-1,-1,-1
145,651,0.7525217674,0.2557856722,0.00573665219999997,0.020494058100000045,-1,-1,-1,-1
146,651,0.7563079958,0.2560405179,0.003585316400000038,0.02023921240000004,-1,-1,-1,-1
147,651,0.7594057793,0.2561425081,0.0031264017000000033,0.0199332418,-1,-1,-1,-1
148,651,0.7608685241,0.2564993439,0.005621886999999992,0.020239212399999984,-1,-1,-1,-1
149,651,0.7643390753,0.2562953636,0.004273907399999999,0.02059617800000002,-1,-1,-1,-1
150,651,0.765199522,0.2562954933,0.0050483532000000775,0.020698038500000016,-1,-1,-1,-1
151,651,0.768153922,0.2564993439,0.005650651299999976,0.020545053199999996,-1,-1,-1,-1
152,651,0.7699035797,0.2566013341,0.0057654164999999535,0.02069803849999996,-1,-1,-1,-1
153,651,0.771796767,0.2568051847,0.005621886999999992,0.020800028699999973,-1,-1,-1,-1
154,651,0.7752386999,0.2567033243,0.004531909899999964,0.02095288420000002,-1,-1,-1,-1
155,651,0.7767589733,0.2567543194,0.0048760595000000295,0.020799898900000002,-1,-1,-1,-1
156,651,0.7792256943,0.2568563096,0.005449739300000034,0.021054744600000008,-1,-1,-1,-1
157,651,0.7824094786,0.2568053145,0.004703911700000063,0.021054744600000008,-1,-1,-1,-1
158,651,0.7829543941,0.2567034541,0.004990824700000007,0.021156604999999995,-1,-1,-1,-1
159,651,0.7858514115,0.2567034541,0.004990824700000007,0.021156604999999995,-1,-1,-1,-1
160,651,0.7864250913,0.2566014639,0.004990824700000007,0.021156604999999995,-1,-1,-1,-1
161,651,0.7874290675,0.2566523292,0.004990824700000007,0.021105739700000015,-1,-1,-1,-1
162,651,0.7867693868,0.2567033243,0.004990824700000007,0.021105739700000015,-1,-1,-1,-1
163,651,0.7876870701,0.2567033243,0.004359908299999993,0.021105739700000015,-1,-1,-1,-1
164,651,0.7880026013,0.2564993439,0.004359908299999993,0.021411710299999998,-1,-1,-1,-1
165,651,0.7880026013,0.2564993439,0.004359908299999993,0.021411710299999998,-1,-1,-1,-1
166,651,0.7880026013,0.2564993439,0.004359908299999993,0.021411710299999998,-1,-1,-1,-1
167,651,0.7880026013,0.2564993439,0.004359908299999993,0.021411710299999998,-1,-1,-1,-1
168,651,0.7880026013,0.2564993439,0.004359908299999993,0.021411710299999998,-1,-1,-1,-1
169,651,0.7880026013,0.2564993439,0.004359908299999993,0.021411710299999998,-1,-1,-1,-1
170,651,0.7880026013,0.2564993439,0.004359908299999993,0.021411710299999998,-1,-1,-1,-1
171,651,0.7880026013,0.2564993439,0.004359908299999993,0.021411710299999998,-1,-1,-1,-1
172,651,0.7880026013,0.2564993439,0.004359908299999993,0.021411710299999998,-1,-1,-1,-1
173,651,0.7880026013,0.2564993439,0.004359908299999993,0.021411710299999998,-1,-1,-1,-1
174,651,0.7880026013,0.2564993439,0.004359908299999993,0.021411710299999998,-1,-1,-1,-1
175,651,0.7880026013,0.2564993439,0.004359908299999993,0.021411710299999998,-1,-1,-1,-1
176,651,0.7880026013,0.2564993439,0.004359908299999993,0.021411710299999998,-1,-1,-1,-1
177,651,0.7880026013,0.2564993439,0.004359908299999993,0.021411710299999998,-1,-1,-1,-1
178,651,0.7880026013,0.2564993439,0.004359908299999993,0.021411710299999998,-1,-1,-1,-1
179,651,0.7880026013,0.2566797083,0.004359908299999993,0.02123134590000003,-1,-1,-1,-1
180,651,0.7880026013,0.2565569567,0.004509424200000001,0.021354097500000002,-1,-1,-1,-1
181,651,0.7880026013,0.2564447156,0.004509424200000001,0.021466338600000023,-1,-1,-1,-1
182,651,0.7876204888,0.2564447156,0.0049230752000000155,0.021466338600000023,-1,-1,-1,-1
183,651,0.7873680347,0.2564447156,0.004355089799999989,0.021466338600000023,-1,-1,-1,-1
184,651,0.7859479252,0.2568373648,0.00482845970000001,0.021073689399999984,-1,-1,-1,-1
185,651,0.7838019918,0.2568373648,0.005869814900000048,0.021073689399999984,-1,-1,-1,-1
186,651,0.7824449594,0.2567251237,0.0035977273999999726,0.021073689399999984,-1,-1,-1,-1
187,651,0.7795732021,0.2567251237,0.004986298199999961,0.020921742199999982,-1,-1,-1,-1
188,651,0.7765436061,0.2567813092,0.005712122200000058,0.02092174210000003,-1,-1,-1,-1
189,651,0.7737664643,0.256556827,0.005270290900000085,0.02092174210000003,-1,-1,-1,-1
190,651,0.7723149623,0.2565007713,0.005427837599999985,0.02092174210000003,-1,-1,-1,-1
191,651,0.7702005675,0.256556827,0.005143844799999964,0.020697389600000005,-1,-1,-1,-1
192,651,0.7697588822,0.2563885302,0.003912966500000059,0.020753575099999977,-1,-1,-1,-1
193,651,0.7666660632,0.2563885302,0.005585676100000048,0.020753575099999977,-1,-1,-1,-1
194,651,0.7653407153,0.2563885302,0.004070805100000019,0.020753575099999977,-1,-1,-1,-1
195,651,0.7632577129,0.2563324745,0.005585822200000035,0.020753575099999977,-1,-1,-1,-1
196,651,0.7619954421,0.2563324745,0.003786958499999993,0.020753575099999977,-1,-1,-1,-1
197,651,0.7597547471,0.2563324745,0.005396445100000036,0.02058527830000001,-1,-1,-1,-1
198,651,0.7564096199,0.2563324745,0.005680437800000049,0.02058527830000001,-1,-1,-1,-1
199,651,0.7559679347,0.2562202334,0.0036291198000000247,0.02058527830000001,-1,-1,-1,-1
200,651,0.7521492917,0.2561079923,0.006059191900000038,0.020641463800000037,-1,-1,-1,-1
201,651,0.7503188895,0.2558275842,0.00432355129999995,0.020641463699999973,-1,-1,-1,-1
202,651,0.7486780104,0.2559396955,0.00467047509999996,0.02064146379999998,-1,-1,-1,-1
203,651,0.7453328832,0.255603102,0.005554137600000009,0.020641463699999973,-1,-1,-1,-1
204,651,0.7443473045,0.2557782759,0.0037492875000000314,0.02064146379999998,-1,-1,-1,-1
205,651,0.7419532973,0.255603102,0.005256419799999912,0.020641463699999973,-1,-1,-1,-1
206,651,0.7388652966,0.2556614933,0.005190568600000001,0.0203068166,-1,-1,-1,-1
207,651,0.7381096863,0.2557198846,0.004664926600000063,0.0203068166,-1,-1,-1,-1
208,651,0.734988687,0.2555447106,0.0053876843000000285,0.0203068166,-1,-1,-1,-1
209,651,0.7346930134,0.2553111453,0.004402251599999962,0.0203068166,-1,-1,-1,-1
210,651,0.7312436339,0.255252754,0.005551947399999979,0.0203068166,-1,-1,-1,-1
211,651,0.7310136655,0.2553111453,0.004632073999999986,0.0203068166,-1,-1,-1,-1
212,651,0.7288125397,0.2550191887,0.0043036937999999525,0.0203068166,-1,-1,-1,-1
213,651,0.7279912241,0.2550191887,0.0034495255000001057,0.019898077299999983,-1,-1,-1,-1
214,651,0.7255931286,0.2548311686,0.004862188299999959,0.020027706099999987,-1,-1,-1,-1
215,651,0.7230963292,0.2549479513,0.004862188299999959,0.020027706000000034,-1,-1,-1,-1
216,651,0.7224392767,0.254714386,0.004040872700000087,0.02002770599999998,-1,-1,-1,-1
217,651,0.7196798023,0.2546559946,0.005092010700000094,0.020027706099999987,-1,-1,-1,-1
218,651,0.7196798023,0.2546559946,0.004008020100000009,0.020027706099999987,-1,-1,-1,-1
219,651,0.7169860331,0.254539212,0.004730631900000004,0.02002770599999998,-1,-1,-1,-1
220,651,0.716558949,0.2548311686,0.004730631800000107,0.020027706099999987,-1,-1,-1,-1
221,651,0.7145879376,0.2548895599,0.0045333701000001,0.019910923400000002,-1,-1,-1,-1
222,651,0.7143249706,0.2547727773,0.004336400300000043,0.019910923400000002,-1,-1,-1,-1
223,651,0.713766476,0.254714386,0.004336400300000043,0.019910923299999994,-1,-1,-1,-1
224,651,0.7139964443,0.254714386,0.004106432000000049,0.019910923299999994,-1,-1,-1,-1
225,651,0.7139964443,0.254714386,0.004106432000000049,0.019910923299999994,-1,-1,-1,-1
226,651,0.7141607074,0.254714386,0.003942168899999987,0.019910923299999994,-1,-1,-1,-1
227,651,0.7141607074,0.254714386,0.00364664129999992,0.019910923299999994,-1,-1,-1,-1
228,651,0.7141607074,0.254714386,0.0035152307999999355,0.019910923299999994,-1,-1,-1,-1
229,651,0.7141607074,0.254714386,0.0035152307999999355,0.019910923299999994,-1,-1,-1,-1
230,651,0.7141607074,0.254539212,0.0035152307999999355,0.019910923400000002,-1,-1,-1,-1
231,651,0.7141607074,0.254539212,0.0035152307999999355,0.019910923400000002,-1,-1,-1,-1
232,651,0.7141607074,0.254539212,0.0035152307999999355,0.019910923400000002,-1,-1,-1,-1
233,651,0.7141607074,0.254539212,0.0035152307999999355,0.019910923400000002,-1,-1,-1,-1
234,651,0.7141607074,0.254539212,0.0035152307999999355,0.019910923400000002,-1,-1,-1,-1
