1,147,0.9317586754,0.2470146461,0.004834154099999988,0.017489110699999977,-1,-1,-1,-1
2,147,0.9320726005,0.2470146461,0.004834154099999988,0.017489110699999977,-1,-1,-1,-1
3,147,0.9313821114,0.2472378307,0.004834154099999988,0.017489110700000032,-1,-1,-1,-1
4,147,0.9309871498,0.2469030538,0.004538626500000031,0.017266055800000013,-1,-1,-1,-1
5,147,0.9310499348,0.2465682768,0.004538626500000031,0.017266055799999985,-1,-1,-1,-1
6,147,0.9306104397,0.2467914615,0.004161916399999965,0.017265926000000015,-1,-1,-1,-1
7,147,0.9301709446,0.2467914615,0.0035968512999999813,0.016819556799999996,-1,-1,-1,-1
8,147,0.9287268893,0.2471262384,0.0035968512999999813,0.016819556799999996,-1,-1,-1,-1
9,147,0.9269690549,0.2471262384,0.0035968512999999813,0.016819556799999996,-1,-1,-1,-1
10,147,0.9259017096,0.2471262384,0.0035342123000000614,0.018047072199999986,-1,-1,-1,-1
11,147,0.9242692992,0.2470146461,0.0035342122999999503,0.018047072200000014,-1,-1,-1,-1
12,147,0.9240181592,0.2471262384,0.004079565800000018,0.018700016999999985,-1,-1,-1,-1
13,147,0.9228252439,0.2466798692,0.004079565800000018,0.018700017000000013,-1,-1,-1,-1
14,147,0.9215067586,0.2472378307,0.004079565800000018,0.01870001710000002,-1,-1,-1,-1
15,147,0.9208161234,0.2475726077,0.004079565900000026,0.018700017000000013,-1,-1,-1,-1
16,147,0.9216707297,0.2480281898,0.004079565800000018,0.01972575800000001,-1,-1,-1,-1
17,147,0.9204744561,0.2478762426,0.004079565900000026,0.01972575800000001,-1,-1,-1,-1
18,147,0.9205778324,0.2469574226,0.004079565800000018,0.01972575800000001,-1,-1,-1,-1
19,147,0.919233795,0.2472330297,0.004079565900000026,0.019725757999999982,-1,-1,-1,-1
20,147,0.9180446761,0.2476925045,0.004596739100000025,0.019909496100000007,-1,-1,-1,-1
21,147,0.9177862354,0.2475087665,0.00418308810000001,0.01990936629999998,-1,-1,-1,-1
22,147,0.916804015,0.2472331594,0.00418308810000001,0.01990936630000001,-1,-1,-1,-1
23,147,0.9151497028,0.2479682413,0.00454505110000003,0.019266153399999986,-1,-1,-1,-1
24,147,0.9145935444,0.247589606,0.004008458200000065,0.01972459020000003,-1,-1,-1,-1
25,147,0.9136504551,0.2481519794,0.004008458200000065,0.019724590200000003,-1,-1,-1,-1
26,147,0.912409794,0.2484277162,0.0040084581999999536,0.019724590199999975,-1,-1,-1,-1
27,147,0.9121986611,0.24780241,0.0040084581999999536,0.019724590100000022,-1,-1,-1,-1
28,147,0.910932156,0.248302629,0.004008458100000056,0.019107458700000024,-1,-1,-1,-1
29,147,0.9107211691,0.248302629,0.0040084581999999536,0.019107458700000024,-1,-1,-1,-1
30,147,0.9086102785,0.2489279352,0.004008458200000065,0.019107458799999977,-1,-1,-1,-1
31,147,0.9074845286,0.2485526736,0.004008458200000065,0.019107458799999977,-1,-1,-1,-1
32,147,0.9057957577,0.2494280245,0.004008458200000065,0.01910745869999997,-1,-1,-1,-1
33,147,0.9045994842,0.2493029373,0.004008458099999945,0.019107458699999996,-1,-1,-1,-1
34,147,0.903082277,0.2490785849,0.004008458200000065,0.01910745869999997,-1,-1,-1,-1
35,147,0.9021613814,0.249283214,0.0040084581999999536,0.019107458800000005,-1,-1,-1,-1
36,147,0.8992836376,0.2493854637,0.004008458100000056,0.019107458800000005,-1,-1,-1,-1
37,147,0.8990533772,0.2497945923,0.0040084581999999536,0.01910745869999997,-1,-1,-1,-1
38,147,0.8981324816,0.2495899631,0.0040084581999999536,0.019107458800000005,-1,-1,-1,-1
39,147,0.8963864742,0.2491125816,0.0034671929000000823,0.019029733400000026,-1,-1,-1,-1
40,147,0.8955806358,0.2494705853,0.0034671928999999713,0.019029733400000026,-1,-1,-1,-1
41,147,0.8937538839,0.249290221,0.0034671928999999713,0.0190297334,-1,-1,-1,-1
42,147,0.8910241959,0.2498100336,0.0035161067999999185,0.01946299700000001,-1,-1,-1,-1
43,147,0.8898542044,0.2496366762,0.0035161069000000378,0.01946299700000001,-1,-1,-1,-1
44,147,0.8874658917,0.2497232251,0.0046370382999999515,0.020242845600000003,-1,-1,-1,-1
45,147,0.8865641602,0.2497448948,0.004423058199999996,0.020376983399999993,-1,-1,-1,-1
46,147,0.8856624286,0.2497665644,0.004209078200000049,0.0205111214,-1,-1,-1,-1
47,147,0.8847606971,0.2497882341,0.003995098099999983,0.020645259199999988,-1,-1,-1,-1
48,147,0.8838589656,0.2498099038,0.0037811180000000277,0.020779396999999977,-1,-1,-1,-1
49,147,0.881697993,0.2496752145,0.0037811180000000277,0.020779397000000005,-1,-1,-1,-1
50,147,0.8792211972,0.2493083872,0.0048696348999999195,0.02102788460000002,-1,-1,-1,-1
51,147,0.8779571742,0.2497526803,0.0039802778999999955,0.02065262300000001,-1,-1,-1,-1
52,147,0.8765861247,0.2498288485,0.0039802778999999955,0.02065262300000001,-1,-1,-1,-1
53,147,0.8738012443,0.2497526803,0.004537312400000104,0.0208048297,-1,-1,-1,-1
54,147,0.8722159956,0.2499050168,0.004708584100000079,0.020957166199999988,-1,-1,-1,-1
55,147,0.8696453143,0.2501333917,0.005265618599999966,0.020728791299999993,-1,-1,-1,-1
56,147,0.8690454984,0.2497526803,0.003894569099999967,0.02133787759999997,-1,-1,-1,-1
57,147,0.8668604339,0.2498442898,0.0050084919999999755,0.021170229699999987,-1,-1,-1,-1
58,147,0.8653608941,0.2497682513,0.004322967299999925,0.021474643099999996,-1,-1,-1,-1
59,147,0.8640755534,0.2499205878,0.0038516417000000747,0.021474643099999996,-1,-1,-1,-1
60,147,0.8612048182,0.2497683811,0.005394108799999908,0.021626849800000014,-1,-1,-1,-1
61,147,0.8580771023,0.2498445493,0.006293832699999946,0.021626849800000014,-1,-1,-1,-1
62,147,0.8573915776,0.2499968858,0.005437036200000023,0.02185522479999996,-1,-1,-1,-1
63,147,0.8556349113,0.2502253905,0.005265618499999958,0.021322176900000045,-1,-1,-1,-1
64,147,0.8540924441,0.2504538952,0.0046230212000000215,0.021626720099999996,-1,-1,-1,-1
65,147,0.8514360539,0.2504538952,0.00530854599999997,0.021779056600000013,-1,-1,-1,-1
66,147,0.8509953907,0.2503886267,0.00370183369999999,0.022006004199999984,-1,-1,-1,-1
67,147,0.8496366062,0.2506497008,0.0042895305999999245,0.022071402500000004,-1,-1,-1,-1
68,147,0.8482043778,0.2509761732,0.004362828400000018,0.02200600420000004,-1,-1,-1,-1
69,147,0.8477269196,0.2511067103,0.00377527759999996,0.021744930100000004,-1,-1,-1,-1
70,147,0.8465516718,0.2510414418,0.004216086699999955,0.02220180970000002,-1,-1,-1,-1
71,147,0.8448256679,0.2513025159,0.004326179599999924,0.022006004099999976,-1,-1,-1,-1
72,147,0.843687215,0.2516289883,0.0038855163000000026,0.02200587439999996,-1,-1,-1,-1
73,147,0.8411531826,0.2517595253,0.005391334599999964,0.021875337399999972,-1,-1,-1,-1
74,147,0.8408226122,0.2516289883,0.003665330699999969,0.022332216999999988,-1,-1,-1,-1
75,147,0.8393903838,0.2516289883,0.004216086700000066,0.022462754099999982,-1,-1,-1,-1
76,147,0.8378479166,0.2521512662,0.004546657100000018,0.022201550299999984,-1,-1,-1,-1
77,147,0.837039888,0.2519554607,0.004142788900000083,0.022789096699999956,-1,-1,-1,-1
78,147,0.8362686544,0.2518901921,0.004142788899999972,0.022789096799999964,-1,-1,-1,-1
79,147,0.8347629822,0.2524123403,0.004253027700000023,0.022332217099999996,-1,-1,-1,-1
80,147,0.8338448609,0.2526082757,0.0038123644999999984,0.02239735580000002,-1,-1,-1,-1
81,147,0.8326329641,0.2524777386,0.0044365643000000565,0.022788966999999993,-1,-1,-1,-1
82,147,0.8314210673,0.2524777386,0.004106139899999972,0.022788966999999993,-1,-1,-1,-1
83,147,0.8312373846,0.2530651554,0.003996047200000019,0.022854235499999986,-1,-1,-1,-1
84,147,0.8304295021,0.2531956924,0.004583452099999996,0.022919504099999988,-1,-1,-1,-1
85,147,0.8302458194,0.2531956924,0.003959252200000041,0.023376513499999974,-1,-1,-1,-1
86,147,0.8299886929,0.2535220351,0.004069490999999981,0.023572319100000017,-1,-1,-1,-1
87,147,0.8285932594,0.2541748501,0.004289822600000104,0.023115309599999967,-1,-1,-1,-1
88,147,0.8260960219,0.2541095816,0.004583598099999975,0.023311115199999954,-1,-1,-1,-1
89,147,0.8235987845,0.2539136462,0.0047303398000000385,0.02370285620000001,-1,-1,-1,-1
90,147,0.819999743,0.2538483777,0.005611812199999955,0.023441781999999967,-1,-1,-1,-1
91,147,0.8164374965,0.2541747203,0.005979031600000018,0.023245976499999987,-1,-1,-1,-1
92,147,0.8135363908,0.2542399889,0.005979031500000009,0.023245976400000035,-1,-1,-1,-1
93,147,0.8115164654,0.2537831092,0.0042896767000000224,0.02357231909999996,-1,-1,-1,-1
94,147,0.8096067789,0.2539136462,0.004620246999999966,0.023768124700000004,-1,-1,-1,-1
95,147,0.8054201865,0.2539136462,0.006823708999999956,0.02370285620000001,-1,-1,-1,-1
96,147,0.8049059334,0.2540441833,0.004583598099999975,0.02389866169999999,-1,-1,-1,-1
97,147,0.8026290276,0.2543052574,0.004914168500000038,0.02389866169999999,-1,-1,-1,-1
98,147,0.8003154728,0.2545663315,0.004693690899999936,0.023964059999999954,-1,-1,-1,-1
99,147,0.7982956935,0.2550232112,0.0044365643000000565,0.02396406000000001,-1,-1,-1,-1
100,147,0.7948803347,0.2550232112,0.00608927030000006,0.024159865599999997,-1,-1,-1,-1
101,147,0.7938887695,0.2550884797,0.005281241800000003,0.02435567120000004,-1,-1,-1,-1
102,147,0.7926034288,0.2556760262,0.004473359300000035,0.024486078500000008,-1,-1,-1,-1
103,147,0.7896287332,0.2559372301,0.005905587699999937,0.02409433749999995,-1,-1,-1,-1
104,147,0.7884902803,0.2558719616,0.006383045800000042,0.0244860784,-1,-1,-1,-1
105,147,0.7881597099,0.2563288413,0.005244592900000011,0.0244860784,-1,-1,-1,-1
106,147,0.787535364,0.2565246468,0.005244592900000011,0.024225004400000028,-1,-1,-1,-1
107,147,0.7877556956,0.25639398,0.0041429348999999505,0.024355671199999984,-1,-1,-1,-1
108,147,0.7876338489,0.25639398,0.004291647700000012,0.02446084039999996,-1,-1,-1,-1
109,147,0.7875120022,0.25639398,0.004440360600000082,0.024566009700000002,-1,-1,-1,-1
110,147,0.7875120022,0.25639398,0.0046831780000000656,0.024566009700000002,-1,-1,-1,-1
111,147,0.7875120022,0.25639398,0.0046831780000000656,0.024566009700000002,-1,-1,-1,-1
112,147,0.7875120022,0.25639398,0.004925995400000049,0.024566009700000002,-1,-1,-1,-1
113,147,0.7874772514,0.2561474389,0.005064852499999994,0.024566009700000002,-1,-1,-1,-1
114,147,0.7874772514,0.2563588155,0.005342420700000017,0.024354633100000023,-1,-1,-1,-1
115,147,0.7871998292,0.2563588155,0.005238168400000021,0.02447790369999997,-1,-1,-1,-1
116,147,0.7862979152,0.2566053566,0.005723803199999988,0.0241697273,-1,-1,-1,-1
117,147,0.7864018755,0.2569752981,0.006348441099999991,0.024416398199999967,-1,-1,-1,-1
118,147,0.7853958551,0.2572218393,0.006972787000000036,0.02435476290000005,-1,-1,-1,-1
119,147,0.784806114,0.257160204,0.005446527100000043,0.024601433800000017,-1,-1,-1,-1
120,147,0.7844593363,0.2575301455,0.005862660300000044,0.024663069100000046,-1,-1,-1,-1
121,147,0.7845632966,0.2575917808,0.005966766599999951,0.024478033399999988,-1,-1,-1,-1
122,147,0.7828981796,0.2577151811,0.006036122200000049,0.024662939299999964,-1,-1,-1,-1
123,147,0.7816839467,0.2580851226,0.005793450700000036,0.02466293930000002,-1,-1,-1,-1
124,147,0.7798453678,0.2581467579,0.005793450699999925,0.024662939299999964,-1,-1,-1,-1
125,147,0.7770353734,0.257900087,0.006105769600000088,0.02472470430000001,-1,-1,-1,-1
126,147,0.7750580834,0.2583316638,0.005758845999999984,0.024786339599999985,-1,-1,-1,-1
127,147,0.7735316775,0.2584549344,0.005064998600000092,0.02497137519999998,-1,-1,-1,-1
128,147,0.7704442609,0.2587631108,0.006175125200000076,0.024724834100000037,-1,-1,-1,-1
129,147,0.7695423469,0.2589480167,0.005758845999999984,0.024848234400000002,-1,-1,-1,-1
130,147,0.768466971,0.2590712872,0.006001663399999968,0.025033270100000005,-1,-1,-1,-1
131,147,0.7671140269,0.2593795935,0.006209730000000024,0.025033269999999996,-1,-1,-1,-1
132,147,0.7678424791,0.2593795935,0.005967058600000019,0.0251565406,-1,-1,-1,-1
133,147,0.7681200473,0.2592561931,0.006660759999999932,0.025464976600000022,-1,-1,-1,-1
134,147,0.7670099206,0.2596261346,0.005238460400000089,0.024848364199999973,-1,-1,-1,-1
135,147,0.7666977477,0.2597495349,0.0053425666999999954,0.025156540699999952,-1,-1,-1,-1
136,147,0.7644428896,0.2601194764,0.006452693400000098,0.024909999500000002,-1,-1,-1,-1
137,147,0.7631246963,0.2598729353,0.00475282560000001,0.02521817590000003,-1,-1,-1,-1
138,147,0.7611821571,0.2601196062,0.005377171499999944,0.02503314029999998,-1,-1,-1,-1
139,147,0.7591355117,0.2607362186,0.005723949199999967,0.024848104699999984,-1,-1,-1,-1
140,147,0.7576092518,0.2604895477,0.005238168299999901,0.025464717100000034,-1,-1,-1,-1
141,147,0.7559788855,0.260551183,0.005099311299999965,0.025773023299999975,-1,-1,-1,-1
142,147,0.7530995356,0.2609211245,0.005793158699999967,0.025834658600000004,-1,-1,-1,-1
143,147,0.7508792822,0.2618459133,0.0053076699999999866,0.025588117500000007,-1,-1,-1,-1
144,147,0.7493182715,0.261784278,0.0043362544000000725,0.026019694300000007,-1,-1,-1,-1
145,147,0.7457798249,0.2621542195,0.005654593699999988,0.025834788399999975,-1,-1,-1,-1
146,147,0.7442880238,0.2621542195,0.0049608921999999556,0.025896423700000004,-1,-1,-1,-1
147,147,0.7426575115,0.2622774901,0.004232440100000012,0.0262047299,-1,-1,-1,-1
148,147,0.7390497094,0.2629557378,0.0061057696999999855,0.025896423700000004,-1,-1,-1,-1
149,147,0.7383906127,0.2628324672,0.00513450010000005,0.025649752800000036,-1,-1,-1,-1
150,147,0.7389803538,0.2630790084,0.006071018899999947,0.026266365100000022,-1,-1,-1,-1
151,147,0.7417554515,0.2630173731,0.0043366924000000084,0.026513036099999998,-1,-1,-1,-1
152,147,0.7423799434,0.2630173731,0.004926287400000007,0.026389765499999995,-1,-1,-1,-1
153,147,0.7430044353,0.2632024087,0.004510008199999915,0.026328000500000004,-1,-1,-1,-1
154,147,0.7432818574,0.2627090669,0.004475403500000086,0.026513036099999998,-1,-1,-1,-1
155,147,0.743576655,0.2627090669,0.004354067700000019,0.026401054499999965,-1,-1,-1,-1
156,147,0.7434553193,0.2628328565,0.0044754034000000775,0.02638924650000002,-1,-1,-1,-1
157,147,0.7435941764,0.2628328565,0.004301795499999983,0.02638924650000002,-1,-1,-1,-1
158,147,0.7435941764,0.2628328565,0.004275787199999992,0.02638924650000002,-1,-1,-1,-1
159,147,0.7435941764,0.2628328565,0.0042497787999999925,0.02638924650000002,-1,-1,-1,-1
160,147,0.7435941764,0.2628328565,0.004223770500000001,0.02638924650000002,-1,-1,-1,-1
161,147,0.7435941764,0.2628328565,0.00419776220000001,0.02638924650000002,-1,-1,-1,-1
162,147,0.7435941764,0.2628328565,0.004171753900000019,0.02638924650000002,-1,-1,-1,-1
163,147,0.7435941764,0.2628328565,0.004145745599999917,0.02638924650000002,-1,-1,-1,-1
164,147,0.7435941764,0.2628328565,0.004119737199999918,0.02638924650000002,-1,-1,-1,-1
165,147,0.7435941764,0.2628328565,0.004093728899999927,0.02638924650000002,-1,-1,-1,-1
166,147,0.7435595716,0.2628328565,0.0041283336999999865,0.02638924650000002,-1,-1,-1,-1
167,147,0.7435249669,0.2628328565,0.004162938399999927,0.02638924650000002,-1,-1,-1,-1
168,147,0.7434903621,0.2628328565,0.004197543199999987,0.02638924650000002,-1,-1,-1,-1
169,147,0.7434036312,0.2628328565,0.004145490099999982,0.02638924650000002,-1,-1,-1,-1
170,147,0.7433169002,0.2628328565,0.004093437000000089,0.02638924650000002,-1,-1,-1,-1
171,147,0.7432648471,0.2628020388,0.004145490100000093,0.026420064199999982,-1,-1,-1,-1
172,147,0.7432127939,0.2627712212,0.004197543300000106,0.026450881799999992,-1,-1,-1,-1
173,147,0.7431434384,0.2627712212,0.004128187700000008,0.026450881799999992,-1,-1,-1,-1
174,147,0.7429699765,0.2627712212,0.004301649600000013,0.026450881799999992,-1,-1,-1,-1
175,147,0.7429699765,0.2627712212,0.004301649600000013,0.026450881799999992,-1,-1,-1,-1
176,147,0.7431088336,0.2627712212,0.004301503600000034,0.026450881799999992,-1,-1,-1,-1
177,147,0.7431088336,0.2627712212,0.004428679699999938,0.026450881799999992,-1,-1,-1,-1
178,147,0.7431088336,0.2627712212,0.004555855899999961,0.026450881799999992,-1,-1,-1,-1
179,147,0.7431088336,0.2627712212,0.004683031999999976,0.026450881799999992,-1,-1,-1,-1
180,147,0.7431088336,0.2627712212,0.004995351000000037,0.026450881799999992,-1,-1,-1,-1
181,147,0.7431088336,0.2627712212,0.004717782800000014,0.026450881799999992,-1,-1,-1,-1
182,147,0.7431088336,0.2627712212,0.004440214599999992,0.026450881799999992,-1,-1,-1,-1
183,147,0.7431088336,0.2627712212,0.004336254299999953,0.026450881799999992,-1,-1,-1,-1
184,147,0.7428312654,0.2627712212,0.004301503600000034,0.026450881799999992,-1,-1,-1,-1
185,147,0.7427619099,0.2629561271,0.004128041700000029,0.026265975900000016,-1,-1,-1,-1
186,147,0.7401947328,0.2629561271,0.0066952188000000135,0.026635917399999987,-1,-1,-1,-1
187,147,0.7398825599,0.2630178921,0.004717928799999993,0.025957539899999993,-1,-1,-1,-1
188,147,0.7372807781,0.2629562569,0.005932015799999912,0.02620421079999996,-1,-1,-1,-1
189,147,0.7373848844,0.263202798,0.0045444669999999965,0.02632761119999999,-1,-1,-1,-1
190,147,0.7373848844,0.2634494689,0.004232147999999936,0.02682082330000002,-1,-1,-1,-1
191,147,0.7366564322,0.2636343748,0.005411630300000025,0.026635917399999987,-1,-1,-1,-1
192,147,0.7359973356,0.2641275869,0.005099457299999943,0.02645101150000001,-1,-1,-1,-1
193,147,0.7353728437,0.2641275869,0.004301649600000013,0.026759317700000007,-1,-1,-1,-1
194,147,0.7340198996,0.2646209287,0.004301649600000013,0.026944093800000013,-1,-1,-1,-1
195,147,0.7313487623,0.264682564,0.0058280554999999845,0.026944223599999984,-1,-1,-1,-1
196,147,0.7297530008,0.2648674699,0.0056891983999999285,0.026820952900000028,-1,-1,-1,-1
197,147,0.7283307012,0.2651141408,0.004509862200000048,0.02682082320000001,-1,-1,-1,-1
198,147,0.727151219,0.2652374113,0.004440506699999958,0.027067494199999986,-1,-1,-1,-1
199,147,0.7240638024,0.265422447,0.006140228499999956,0.027067494099999978,-1,-1,-1,-1
200,147,0.7236475232,0.2656074826,0.004371005099999992,0.02719076469999998,-1,-1,-1,-1
201,147,0.7216354825,0.2662857303,0.004717928799999993,0.02719076469999998,-1,-1,-1,-1
202,147,0.7189643451,0.2664090009,0.0057587000000000055,0.027067494099999978,-1,-1,-1,-1
203,147,0.7172298726,0.2665322715,0.005515882500000013,0.027067494100000034,-1,-1,-1,-1
204,147,0.7146628416,0.2671488839,0.004787284299999972,0.02712912939999995,-1,-1,-1,-1
205,147,0.7121304153,0.2670872486,0.005550487299999962,0.02725240000000001,-1,-1,-1,-1
206,147,0.7093551716,0.2673339195,0.006626009200000005,0.02719076469999998,-1,-1,-1,-1
207,147,0.7074124865,0.2675188254,0.005862806200000015,0.027499070900000033,-1,-1,-1,-1
208,147,0.7061636487,0.2677037312,0.004405755899999919,0.02768410659999998,-1,-1,-1,-1
209,147,0.7021395673,0.2683819789,0.006938182199999976,0.027252529800000036,-1,-1,-1,-1
210,147,0.7012376533,0.2683203436,0.004648719299999993,0.027807377199999983,-1,-1,-1,-1
211,147,0.699156257,0.2688135557,0.004579217800000035,0.027684106600000036,-1,-1,-1,-1
212,147,0.6945771853,0.2693067678,0.007146394800000011,0.027314165,-1,-1,-1,-1
213,147,0.6934672046,0.2693067678,0.004891390699999998,0.028054047999999998,-1,-1,-1,-1
214,147,0.6906573562,0.2695533089,0.005168812800000033,0.0283008488,-1,-1,-1,-1
215,147,0.6883331425,0.2701699214,0.004960746299999985,0.027869142099999966,-1,-1,-1,-1
216,147,0.6857313607,0.2704165923,0.005238168400000021,0.027684106500000027,-1,-1,-1,-1
217,147,0.6836153597,0.2706631334,0.005203417599999982,0.02836248400000002,-1,-1,-1,-1
218,147,0.6798342417,0.271526287,0.006590966500000017,0.028115942900000024,-1,-1,-1,-1
219,147,0.6778568058,0.2718345932,0.005203417600000093,0.027869271900000048,-1,-1,-1,-1
220,147,0.6758447651,0.2718962285,0.005064706500000016,0.02817757809999999,-1,-1,-1,-1
221,147,0.6724772981,0.2723039297,0.005543332799999967,0.02844124739999998,-1,-1,-1,-1
222,147,0.6704510943,0.272575644,0.005122819099999898,0.028577234399999984,-1,-1,-1,-1
223,147,0.6676984824,0.2727794946,0.0056580979000000475,0.02871309150000001,-1,-1,-1,-1
224,147,0.6658634078,0.2730513387,0.0050082001000000265,0.02918878620000004,-1,-1,-1,-1
225,147,0.6637225849,0.2740705917,0.005199329199999991,0.02891694210000001,-1,-1,-1,-1
226,147,0.6603200751,0.2740025983,0.006805019500000009,0.02912079270000001,-1,-1,-1,-1
227,147,0.6592877726,0.2742064489,0.005275985399999961,0.029664351099999986,-1,-1,-1,-1
228,147,0.6564969057,0.274817871,0.005275985400000072,0.029664351000000033,-1,-1,-1,-1
229,147,0.6516415799,0.2757011371,0.007646338699999977,0.02912092249999998,-1,-1,-1,-1
230,147,0.6502270189,0.2757691306,0.0050468930999999495,0.029460630200000004,-1,-1,-1,-1
231,147,0.6477803015,0.2764486758,0.005352641500000033,0.029936195200000015,-1,-1,-1,-1
232,147,0.6443396827,0.2771280914,0.0056202808999999965,0.0298004677,-1,-1,-1,-1
233,147,0.6427722475,0.2776036563,0.005237876400000063,0.030276162399999973,-1,-1,-1,-1
234,147,0.6399437096,0.27767152,0.006116720500000006,0.030344155900000003,-1,-1,-1,-1
