40,453,0.9348050627,0.281860384,0.006254555599999989,0.023559602799999968,-1,-1,-1,-1
41,453,0.9348050627,0.2809858117,0.006425097200000063,0.029558857400000027,-1,-1,-1,-1
42,453,0.9320330313,0.2811096013,0.008729891300000014,0.028162526199999982,-1,-1,-1,-1
43,453,0.9316798291,0.2811992644,0.008780265299999979,0.029238873,-1,-1,-1,-1
44,453,0.9311752128,0.2810198084,0.009032573499999974,0.029687318399999996,-1,-1,-1,-1
45,453,0.9310743188,0.2817372432,0.009183987499999935,0.030046230300000032,-1,-1,-1,-1
46,453,0.9337488144,0.2815579169,0.0068121741000000124,0.030046100600000014,-1,-1,-1,-1
47,453,0.9337488144,0.2813785907,0.006610385999999968,0.03013576370000004,-1,-1,-1,-1
48,453,0.9332947181,0.2814682538,0.006610386000000079,0.030135763699999984,-1,-1,-1,-1
49,453,0.9332947181,0.2814682538,0.006610386000000079,0.030135763699999984,-1,-1,-1,-1
50,453,0.9337993344,0.2815580467,0.006610386000000079,0.030135763699999984,-1,-1,-1,-1
51,453,0.9343544708,0.2812889276,0.006509345899999963,0.03031508989999998,-1,-1,-1,-1
52,453,0.9345562589,0.2806610262,0.006509345899999963,0.03031508989999998,-1,-1,-1,-1
53,453,0.9344553648,0.2809301453,0.006509345899999963,0.03031508999999999,-1,-1,-1,-1
54,453,0.9344553648,0.2809301453,0.006509345899999963,0.03031508999999999,-1,-1,-1,-1
55,453,0.9345563318,0.2809301453,0.006509345999999971,0.03031508999999999,-1,-1,-1,-1
56,453,0.9346572989,0.2809301453,0.006509345999999971,0.03031508999999999,-1,-1,-1,-1
57,453,0.9339844772,0.2811692902,0.006509345899999963,0.030315090000000045,-1,-1,-1,-1
58,453,0.9333116554,0.2814084352,0.006509345999999971,0.030315089900000036,-1,-1,-1,-1
59,453,0.9326388337,0.2816475801,0.006509345899999963,0.03031508989999998,-1,-1,-1,-1
60,453,0.9326388337,0.2816475801,0.006509345899999963,0.03031508989999998,-1,-1,-1,-1
61,453,0.9343547628,0.2815387127,0.006509345900000074,0.03031508999999999,-1,-1,-1,-1
62,453,0.9343547628,0.2815387127,0.0067942147000000785,0.03019817749999998,-1,-1,-1,-1
63,453,0.9343547628,0.2815387127,0.0069014602000000425,0.030279860499999978,-1,-1,-1,-1
64,453,0.9343547628,0.2815387127,0.007008705800000015,0.030361543499999977,-1,-1,-1,-1
65,453,0.9343547628,0.2815387127,0.007115951399999987,0.030443226499999976,-1,-1,-1,-1
66,453,0.9343547628,0.2815387127,0.007223196900000062,0.030524909499999975,-1,-1,-1,-1
67,453,0.9343854253,0.280885184,0.007223196899999951,0.030524909499999975,-1,-1,-1,-1
68,453,0.9344160877,0.2802316553,0.007223196900000062,0.030524909400000022,-1,-1,-1,-1
69,453,0.9374804344,0.2796870588,0.0044653287000000486,0.02998018330000002,-1,-1,-1,-1
70,453,0.9435270694,0.2775626526,0.00446532860000004,0.029980183299999963,-1,-1,-1,-1
71,453,0.9435790108,0.2777029549,0.004453150100000025,0.029577329900000005,-1,-1,-1,-1
72,453,0.9436302542,0.277841372,0.00444113530000001,0.02917988960000001,-1,-1,-1,-1
73,453,0.943680809,0.2779779291,0.004429282000000034,0.02878778989999997,-1,-1,-1,-1
74,453,0.9437306846,0.2781126512,0.004417587800000011,0.028400959000000003,-1,-1,-1,-1
75,453,0.9437798899,0.278245563,0.004406050900000014,0.02801932610000002,-1,-1,-1,-1
76,453,0.943828434,0.2783766889,0.004394668999999962,0.02764282130000001,-1,-1,-1,-1
77,453,0.9438763259,0.2785060528,0.004383440000000016,0.02727137569999999,-1,-1,-1,-1
78,453,0.9439235742,0.2786336783,0.00437236190000001,0.026904921400000004,-1,-1,-1,-1
79,453,0.9439701876,0.2787595889,0.004361432700000001,0.02654339119999999,-1,-1,-1,-1
80,453,0.9440161746,0.2788838076,0.0043506504000000445,0.026186719000000025,-1,-1,-1,-1
81,453,0.9440615437,0.2790063572,0.004340012900000079,0.025834839499999984,-1,-1,-1,-1
82,453,0.9441063032,0.27912726,0.004329518300000057,0.025487688399999986,-1,-1,-1,-1
83,453,0.9441504612,0.2792465382,0.004319164799999942,0.025145201999999978,-1,-1,-1,-1
84,453,0.9369471383,0.2807694147,0.004307921500000034,0.024773280299999978,-1,-1,-1,-1
85,453,0.9368020713,0.2811140005,0.0042966781000000065,0.024401358799999995,-1,-1,-1,-1
86,453,0.93771262,0.2807756674,0.004020034800000016,0.024351523099999994,-1,-1,-1,-1
87,453,0.9373492169,0.2809764808,0.003992203900000102,0.023999731900000043,-1,-1,-1,-1
88,453,0.9369858138,0.2808347776,0.0045375375999999745,0.0243570937,-1,-1,-1,-1
89,453,0.9366863719,0.2811303821,0.005079650799999946,0.024600505999999966,-1,-1,-1,-1
90,453,0.9343468782,0.2831340935,0.005871274900000056,0.028812356699999986,-1,-1,-1,-1
91,453,0.9356766064,0.2814616361,0.0055434786999999375,0.023514576600000003,-1,-1,-1,-1
92,453,0.9364278364,0.2813622411,0.004670912999999999,0.021349815399999972,-1,-1,-1,-1
93,453,0.9360996021,0.2815058838,0.005620719000000052,0.023059513399999954,-1,-1,-1,-1
94,453,0.9356447758,0.2819676943,0.005620718999999941,0.023059513499999962,-1,-1,-1,-1
95,453,0.9355148254,0.2817367241,0.005620719000000052,0.023059513500000017,-1,-1,-1,-1
96,453,0.9366350269,0.2817367241,0.004843644899999999,0.023153977699999995,-1,-1,-1,-1
97,453,0.9359670236,0.2820336116,0.0052332039000000385,0.026122462999999985,-1,-1,-1,-1
98,453,0.9361340609,0.2820336116,0.005233204000000047,0.026122462999999985,-1,-1,-1,-1
99,453,0.9364125051,0.2818357299,0.005233204000000047,0.026122462899999976,-1,-1,-1,-1
100,453,0.9361340609,0.2817367241,0.005233204000000047,0.026122462999999985,-1,-1,-1,-1
101,453,0.9364125051,0.2817367241,0.005233204000000047,0.026122462999999985,-1,-1,-1,-1
102,453,0.9343655676,0.2819346059,0.00730102119999998,0.028428012000000003,-1,-1,-1,-1
103,453,0.9346723381,0.2819346059,0.00681012999999997,0.028428012000000003,-1,-1,-1,-1
104,453,0.9352858792,0.2818256087,0.006135264000000085,0.028209888000000016,-1,-1,-1,-1
105,453,0.935408675,0.2818256087,0.006135263999999974,0.028209888000000016,-1,-1,-1,-1
106,453,0.9352245543,0.2818256087,0.006135264000000085,0.028209888000000016,-1,-1,-1,-1
107,453,0.9347949879,0.2818256087,0.006503505500000006,0.027882766800000014,-1,-1,-1,-1
108,453,0.9340228783,0.285724722,0.007619764600000023,0.023660165600000005,-1,-1,-1,-1
109,453,0.9340228783,0.2858676726,0.007659966500000004,0.02351721499999998,-1,-1,-1,-1
110,453,0.9340228783,0.2860106233,0.0077001682999999765,0.023374264300000003,-1,-1,-1,-1
111,453,0.9340228783,0.2861535739,0.0077403702000000685,0.023231313699999978,-1,-1,-1,-1
112,453,0.9340228783,0.2854029858,0.007861048900000056,0.023981901799999983,-1,-1,-1,-1
113,453,0.9340228783,0.2846523977,0.007981727500000035,0.024732489899999988,-1,-1,-1,-1
114,453,0.9340228783,0.2846523977,0.007981727500000035,0.024732489899999988,-1,-1,-1,-1
115,453,0.9341219889,0.2844532555,0.007848137300000002,0.024857734600000014,-1,-1,-1,-1
116,453,0.9342210996,0.2842541132,0.0077145469999999605,0.024982979500000002,-1,-1,-1,-1
117,453,0.9343202102,0.284054971,0.007580956800000038,0.02510822420000003,-1,-1,-1,-1
118,453,0.9344193208,0.2838558288,0.007447366499999997,0.0252334689,-1,-1,-1,-1
119,453,0.9345184314,0.2836566866,0.007313776299999963,0.025358713600000027,-1,-1,-1,-1
120,453,0.9346175421,0.2834575443,0.007180185999999922,0.025483958500000015,-1,-1,-1,-1
121,453,0.9347166527,0.2832584021,0.0070465957999999995,0.02560920320000004,-1,-1,-1,-1
122,453,0.9348157633,0.2830592599,0.006913005599999966,0.025734447899999957,-1,-1,-1,-1
123,453,0.934914874,0.2828601176,0.006779415300000036,0.0258596928,-1,-1,-1,-1
124,453,0.9350139846,0.2826609754,0.006645825100000002,0.02598493749999997,-1,-1,-1,-1
125,453,0.9351130952,0.2824618332,0.006512234800000072,0.0261101822,-1,-1,-1,-1
126,453,0.9352122058,0.282262691,0.0063786446000000385,0.02623542689999997,-1,-1,-1,-1
127,453,0.9353113165,0.2820635487,0.006245054299999997,0.026360671800000013,-1,-1,-1,-1
128,453,0.9354104271,0.2818644065,0.006111464099999964,0.026485916499999984,-1,-1,-1,-1
129,453,0.9354707786,0.2816141889,0.006111464099999964,0.026485916499999984,-1,-1,-1,-1
130,453,0.9355311301,0.2813639712,0.006111464099999964,0.026485916499999984,-1,-1,-1,-1
131,453,0.9355914816,0.2811137536,0.006111464099999964,0.026485916499999984,-1,-1,-1,-1
132,453,0.9355914816,0.2811137536,0.006111464099999964,0.026485916499999984,-1,-1,-1,-1
133,453,0.9354708759,0.2820788973,0.006111464199999972,0.026485916599999992,-1,-1,-1,-1
134,453,0.9354708759,0.2866639141,0.006607903799999981,0.02190089980000004,-1,-1,-1,-1
135,453,0.9354708759,0.286540903,0.006638670499999999,0.0220239109,-1,-1,-1,-1
136,453,0.9354708759,0.286417892,0.006669437300000025,0.022146921900000005,-1,-1,-1,-1
137,453,0.9354708759,0.2862948809,0.006700204000000043,0.02226993300000002,-1,-1,-1,-1
138,453,0.9354708759,0.2861718698,0.006730970799999958,0.022392944100000034,-1,-1,-1,-1
139,453,0.9354708759,0.2860488587,0.006761737499999976,0.022515955199999993,-1,-1,-1,-1
140,453,0.9354708759,0.2859258477,0.006792504300000002,0.0226389662,-1,-1,-1,-1
141,453,0.9354708759,0.2858028366,0.00682327100000002,0.022761977300000014,-1,-1,-1,-1
142,453,0.9352689783,0.2847264249,0.006863679700000014,0.023123257399999986,-1,-1,-1,-1
143,453,0.9350670806,0.2836500132,0.006904088500000016,0.02348453760000002,-1,-1,-1,-1
144,453,0.934865183,0.2825736016,0.0069444972000000105,0.023845817599999986,-1,-1,-1,-1
145,453,0.9346632854,0.2814971899,0.006984905900000005,0.024207097700000013,-1,-1,-1,-1
146,453,0.9340174758,0.2821670033,0.007253859399999896,0.02439836179999999,-1,-1,-1,-1
147,453,0.9320257308,0.2822627651,0.009353215000000081,0.02688596200000004,-1,-1,-1,-1
148,453,0.9320257308,0.2822627651,0.009353215000000081,0.02688596200000004,-1,-1,-1,-1
149,453,0.9319181202,0.2825497909,0.00935321499999997,0.02688596200000004,-1,-1,-1,-1
150,453,0.9319181202,0.2825497909,0.00935321499999997,0.02688596200000004,-1,-1,-1,-1
151,453,0.9319181202,0.2825497909,0.00935321499999997,0.02688596200000004,-1,-1,-1,-1
152,453,0.9319181202,0.2825497909,0.00935321499999997,0.02688596200000004,-1,-1,-1,-1
153,453,0.9318196353,0.2824914644,0.009521785500000046,0.027231898199999993,-1,-1,-1,-1
154,453,0.9317211504,0.282433138,0.009690356000000011,0.0275778344,-1,-1,-1,-1
155,453,0.9315241807,0.2826665736,0.009690356000000011,0.027577834299999993,-1,-1,-1,-1
156,453,0.9311958005,0.2825499207,0.009690356000000011,0.027577834299999993,-1,-1,-1,-1
157,453,0.9315897399,0.2818497438,0.0096903559999999,0.027577834299999993,-1,-1,-1,-1
158,453,0.9315240347,0.2812663496,0.009821766499999995,0.029211493899999996,-1,-1,-1,-1
159,453,0.9314584755,0.2812663496,0.009821766399999987,0.029211493899999996,-1,-1,-1,-1
160,453,0.9315241807,0.2814997851,0.009821766499999995,0.029211493899999996,-1,-1,-1,-1
161,453,0.93146563,0.2825410322,0.00947936919999992,0.02890532880000002,-1,-1,-1,-1
162,453,0.9314070793,0.2835822793,0.009136971799999949,0.028599163599999977,-1,-1,-1,-1
163,453,0.9310335815,0.2847994141,0.009659839599999942,0.02875811770000003,-1,-1,-1,-1
164,453,0.9312825314,0.2846887301,0.009659839500000045,0.028758117699999974,-1,-1,-1,-1
165,453,0.9313448054,0.2850759943,0.009659839500000045,0.028758117699999974,-1,-1,-1,-1
166,453,0.9314070793,0.2854632586,0.009659839600000053,0.02875811770000003,-1,-1,-1,-1
167,453,0.9317183762,0.2821436468,0.009659839600000053,0.02875811770000003,-1,-1,-1,-1
168,453,0.9317183762,0.2830288593,0.009659839600000053,0.02875811770000003,-1,-1,-1,-1
169,453,0.9317183762,0.2833607816,0.009659839600000053,0.028758117699999974,-1,-1,-1,-1
170,453,0.9316560292,0.2834714656,0.009659839599999942,0.028758117699999974,-1,-1,-1,-1
171,453,0.9314070793,0.2834714656,0.009659839600000053,0.028758117699999974,-1,-1,-1,-1
172,453,0.9313448784,0.2835821496,0.009659839499999934,0.028758117699999974,-1,-1,-1,-1
173,453,0.9314070793,0.2836928336,0.009659839600000053,0.028758117699999974,-1,-1,-1,-1
174,453,0.9319051251,0.2824756988,0.009659839599999942,0.028758117699999974,-1,-1,-1,-1
175,453,0.9318428512,0.2824203568,0.009659839500000045,0.02875811770000003,-1,-1,-1,-1
176,453,0.9317805772,0.2823650148,0.009659839500000045,0.02875811770000003,-1,-1,-1,-1
177,453,0.9318363536,0.2823650148,0.00960406310000006,0.02875811770000003,-1,-1,-1,-1
178,453,0.9318363536,0.2823650148,0.00960406310000006,0.02875811770000003,-1,-1,-1,-1
179,453,0.9316419391,0.2819618552,0.009604063099999949,0.028758117699999974,-1,-1,-1,-1
180,453,0.9314475246,0.2815586955,0.009604063099999949,0.028758117699999974,-1,-1,-1,-1
181,453,0.9313178662,0.2821345637,0.009604063099999949,0.028758117699999974,-1,-1,-1,-1
182,453,0.9314473786,0.2821345637,0.009604063099999949,0.028758117699999974,-1,-1,-1,-1
183,453,0.9323722164,0.2817267327,0.008526351099999996,0.026875711100000033,-1,-1,-1,-1
184,453,0.9338052479,0.2811203712,0.0073564326000000735,0.027505364199999993,-1,-1,-1,-1
185,453,0.9352382794,0.2805140098,0.006186514099999929,0.028135017299999954,-1,-1,-1,-1
186,453,0.9351700189,0.2813023576,0.006186514200000048,0.02813501730000001,-1,-1,-1,-1
187,453,0.9351017584,0.2820907053,0.006186514200000048,0.028135017399999962,-1,-1,-1,-1
188,453,0.9351017584,0.2818819888,0.005942455700000071,0.028082400300000032,-1,-1,-1,-1
189,453,0.9351017584,0.2816732722,0.005698397199999983,0.02802978319999999,-1,-1,-1,-1
190,453,0.9351017584,0.2814645556,0.005454338700000005,0.027977166200000014,-1,-1,-1,-1
191,453,0.9351017584,0.2812558391,0.005210280200000028,0.027924549099999973,-1,-1,-1,-1
192,453,0.9352695258,0.2814347112,0.005210280200000028,0.027924549099999973,-1,-1,-1,-1
193,453,0.9354372932,0.2816135833,0.005210280200000028,0.027924549099999973,-1,-1,-1,-1
194,453,0.9355522044,0.2816135833,0.005800021300000013,0.027751970299999984,-1,-1,-1,-1
195,453,0.93532209,0.2815113336,0.005800021300000013,0.027751970299999984,-1,-1,-1,-1
196,453,0.9352070329,0.2814090839,0.005800021200000005,0.027751970299999984,-1,-1,-1,-1
197,453,0.9352645615,0.2814090839,0.005800021200000005,0.027751970299999984,-1,-1,-1,-1
198,453,0.9352645615,0.2814090839,0.005800021200000005,0.027751970299999984,-1,-1,-1,-1
199,453,0.9352645615,0.2816894921,0.005886314099999956,0.027471562100000013,-1,-1,-1,-1
200,453,0.9352645615,0.2819699002,0.005972607000000019,0.027191153999999995,-1,-1,-1,-1
201,453,0.9351495043,0.2821743347,0.005972607000000019,0.02719115400000005,-1,-1,-1,-1
202,453,0.9350344471,0.2823787692,0.005972606999999908,0.027191153999999995,-1,-1,-1,-1
203,453,0.9353111392,0.2822368567,0.005656005099999972,0.026966066200000027,-1,-1,-1,-1
204,453,0.9355878313,0.2820949441,0.005339403100000029,0.026740978499999957,-1,-1,-1,-1
205,453,0.9358645234,0.2819530316,0.005022801199999982,0.02651589069999999,-1,-1,-1,-1
206,453,0.935996518,0.2818357299,0.005022801099999974,0.02651589069999999,-1,-1,-1,-1
207,453,0.9361285125,0.2817184282,0.005022801100000085,0.026515890700000044,-1,-1,-1,-1
208,453,0.9354026885,0.2821875052,0.005022801199999982,0.02651589069999999,-1,-1,-1,-1
209,453,0.9356666776,0.2816011265,0.005022801199999982,0.026515890799999997,-1,-1,-1,-1
210,453,0.9354686858,0.2813665231,0.005022801099999974,0.026515890799999997,-1,-1,-1,-1
211,453,0.9352046967,0.2813665231,0.005022801200000093,0.026515890799999997,-1,-1,-1,-1
212,453,0.9349775756,0.281943105,0.005022801199999982,0.026515890799999997,-1,-1,-1,-1
213,453,0.9347504544,0.282519687,0.005022801199999982,0.02651589069999999,-1,-1,-1,-1
214,453,0.9345558208,0.2820583955,0.005022801199999982,0.02651589069999999,-1,-1,-1,-1
215,453,0.9355291346,0.282519687,0.005022801199999982,0.02651589069999999,-1,-1,-1,-1
216,453,0.9355532508,0.2820523185,0.005022801200000093,0.02651589069999999,-1,-1,-1,-1
217,453,0.9355773671,0.28158495,0.005022801200000093,0.02651589069999999,-1,-1,-1,-1
218,453,0.9356014834,0.2811175814,0.005022801199999982,0.026515890799999997,-1,-1,-1,-1
219,453,0.9356255996,0.2806502129,0.005022801199999982,0.026515890800000053,-1,-1,-1,-1
220,453,0.9356497158,0.2801828444,0.0050228012999999905,0.026515890799999997,-1,-1,-1,-1
221,453,0.9356738321,0.2797154759,0.005022801199999982,0.026515890799999997,-1,-1,-1,-1
222,453,0.9360790145,0.2804015091,0.005022801199999982,0.026515890799999997,-1,-1,-1,-1
223,453,0.9355621332,0.2822630246,0.005022801199999982,0.026515890799999997,-1,-1,-1,-1
224,453,0.9353883793,0.2822543308,0.005022801200000093,0.026515890799999997,-1,-1,-1,-1
225,453,0.9357439177,0.2820437328,0.005022801199999982,0.02651589069999999,-1,-1,-1,-1
226,453,0.9362180176,0.2821490967,0.005022801199999982,0.02651589069999999,-1,-1,-1,-1
227,453,0.9363958598,0.2823596947,0.005022801200000093,0.026515890799999997,-1,-1,-1,-1
228,453,0.9361588829,0.2819383689,0.005022801199999982,0.02651589069999999,-1,-1,-1,-1
229,453,0.9362772983,0.2819383689,0.005022801200000093,0.02651589069999999,-1,-1,-1,-1
230,453,0.9362181636,0.2814116791,0.005022801199999982,0.026515890700000044,-1,-1,-1,-1
231,453,0.9359810407,0.2810955874,0.005022801199999982,0.02651589069999999,-1,-1,-1,-1
232,453,0.935684783,0.2822542011,0.005022801199999982,0.02651589069999999,-1,-1,-1,-1
233,453,0.9355663676,0.2821488372,0.005022801099999974,0.02651589069999999,-1,-1,-1,-1
234,453,0.9358034905,0.2820434733,0.005022801199999982,0.02651589069999999,-1,-1,-1,-1
