1,590,0.2575677845,0.5792742711,0.027542471799999968,0.0893187471000001,-1,-1,-1,-1
2,590,0.2744001549,0.5775400487,0.02951757159999996,0.09018579339999999,-1,-1,-1,-1
3,590,0.2953796946,0.5732040385,0.02585822729999998,0.08801804790000001,-1,-1,-1,-1
4,590,0.3137761419,0.5718551989,0.026310279499999978,0.08941801230000002,-1,-1,-1,-1
5,590,0.3330374164,0.5687668167,0.020146689100000004,0.09150920039999999,-1,-1,-1,-1
6,590,0.3509454547,0.5678307389,0.018303145899999984,0.08916874619999993,-1,-1,-1,-1
7,590,0.3696437082,0.5631499603,0.014747761900000045,0.0882326685,-1,-1,-1,-1
8,590,0.3863667159,0.5619797982,0.016459456600000033,0.08519009099999997,-1,-1,-1,-1
9,590,0.4063815565,0.5591714349,0.016459456699999986,0.08519009099999997,-1,-1,-1,-1
10,590,0.421937639,0.5598346306,0.01968514630000001,0.08519009099999997,-1,-1,-1,-1
11,590,0.437112339,0.5585990701,0.024660493700000008,0.08599809720000007,-1,-1,-1,-1
12,590,0.45600508,0.5602419425,0.025755289199999976,0.08599809719999996,-1,-1,-1,-1
13,590,0.4741439628,0.5616794072,0.028421462100000017,0.08472373899999996,-1,-1,-1,-1
14,590,0.4947089754,0.563853511,0.025995332300000007,0.08871004989999998,-1,-1,-1,-1
15,590,0.5132650135,0.5689839027,0.025995332300000062,0.08534359530000002,-1,-1,-1,-1
16,590,0.5303778723,0.5673349316,0.017997689600000033,0.08992420029999992,-1,-1,-1,-1
17,590,0.5417765648,0.5703974918,0.0203683348,0.08992420030000003,-1,-1,-1,-1
18,590,0.5480203155,0.5744950059,0.028227558600000036,0.09447716659999994,-1,-1,-1,-1
19,590,0.5683455769,0.5750663325,0.02061553260000004,0.10242111209999993,-1,-1,-1,-1
20,590,0.5857672504,0.583065555,0.02163191980000001,0.09960340609999996,-1,-1,-1,-1
21,590,0.6085605469,0.5892585391,0.021922336999999903,0.10579639029999999,-1,-1,-1,-1
22,590,0.6300471851,0.5964836224,0.02410010099999993,0.10579639019999998,-1,-1,-1,-1
23,590,0.6544375572,0.6008702384,0.02366440219999999,0.10863485750000001,-1,-1,-1,-1
24,590,0.6750532359,0.6080954514,0.025261331599999992,0.10940886699999997,-1,-1,-1,-1
25,590,0.6916038038,0.6132563364,0.03368182419999999,0.10940886689999996,-1,-1,-1,-1
26,590,0.7213657989,0.6222877878,0.026568136100000084,0.10940886689999996,-1,-1,-1,-1
27,590,0.7477051347,0.6260938642,0.026568136099999973,0.10940886699999997,-1,-1,-1,-1
28,590,0.7740443245,0.6314223971,0.026568135999999964,0.10940886699999997,-1,-1,-1,-1
29,590,0.7995271558,0.6352284736,0.026568136099999973,0.10940886699999997,-1,-1,-1,-1
30,590,0.8258664916,0.6375120935,0.026568136099999973,0.10940886699999997,-1,-1,-1,-1
31,590,0.851349177,0.6397957134,0.026568135999999964,0.10940886700000008,-1,-1,-1,-1
32,590,0.8785450171,0.6447435349,0.026568136099999973,0.10940886699999997,-1,-1,-1,-1
33,590,0.8894662514,0.659587259,0.026568136099999973,0.10940886689999996,-1,-1,-1,-1
