1,682,0.6484049394,0.2407894819,0.0037419869000000494,0.016973839599999985,-1,-1,-1,-1
2,682,0.6508647979,0.2404771532,0.0028374446000000164,0.016973839600000012,-1,-1,-1,-1
3,682,0.6525515246,0.2400399968,0.0034699671000000265,0.016973839599999985,-1,-1,-1,-1
4,682,0.6545653174,0.2395811707,0.0029268037999999885,0.016973839599999985,-1,-1,-1,-1
5,682,0.6556760282,0.2388733381,0.003454197800000003,0.01731510450000001,-1,-1,-1,-1
6,682,0.6574946034,0.2390956144,0.0028320421999999956,0.01684421089999999,-1,-1,-1,-1
7,682,0.6578107187,0.2386404215,0.0034977093000000403,0.016844210900000017,-1,-1,-1,-1
8,682,0.6583751997,0.2384173667,0.0034977093999999376,0.016844210900000017,-1,-1,-1,-1
9,682,0.6579362887,0.2385102738,0.0034977094000000486,0.0160823987,-1,-1,-1,-1
10,682,0.6570105747,0.2374513146,0.0030122205999999485,0.016361120000000035,-1,-1,-1,-1
