65,506,0.9937819474,0.3466228533,0.019881385899999993,0.05782376300000003,-1,-1,-1,-1
66,506,0.9865007838,0.3482749385,0.015220839699999988,0.0545138832,-1,-1,-1,-1
67,506,0.9738859602,0.3452067987,0.01788788880000003,0.05372209680000001,-1,-1,-1,-1
68,506,0.9693711336,0.3433186827,0.014232632799999978,0.05202200080000002,-1,-1,-1,-1
69,506,0.960524287,0.3411074681,0.016444417400000022,0.05275902910000002,-1,-1,-1,-1
70,506,0.958747033,0.3396334115,0.013235227200000033,0.051385794799999995,-1,-1,-1,-1
71,506,0.9532968557,0.337738029,0.01572326589999995,0.050754000700000024,-1,-1,-1,-1
72,506,0.9478465324,0.3328944036,0.014656942699999953,0.05328117729999998,-1,-1,-1,-1
73,506,0.9465430863,0.3301566289,0.012405880900000055,0.04927994409999997,-1,-1,-1,-1
74,506,0.9391619047,0.3286839996,0.016350969999999965,0.049910181200000014,-1,-1,-1,-1
75,506,0.9337115814,0.3255250289,0.016587946899999984,0.04927838699999998,-1,-1,-1,-1
76,506,0.9303940504,0.3244720386,0.016587946899999984,0.04991031089999998,-1,-1,-1,-1
77,506,0.925417681,0.3234190483,0.016350969899999956,0.05096330119999998,-1,-1,-1,-1
78,506,0.9248253116,0.3223660581,0.01220394679999992,0.0478044601,-1,-1,-1,-1
79,506,0.9177162958,0.3198390112,0.016350823999999986,0.04843625429999998,-1,-1,-1,-1
80,506,0.9166499727,0.3183648249,0.012559193099999977,0.047593862099999995,-1,-1,-1,-1
81,506,0.9145171803,0.3174622247,0.012559193100000088,0.047593862099999995,-1,-1,-1,-1
82,506,0.9101501175,0.3165596246,0.011552150700000041,0.047439838700000014,-1,-1,-1,-1
83,506,0.9058845328,0.3174622247,0.011349048499999959,0.04527365029999997,-1,-1,-1,-1
84,506,0.8994205965,0.3160034796,0.012155178900000063,0.0449947993,-1,-1,-1,-1
85,506,0.8941387707,0.3160034796,0.012310681200000007,0.043338172499999994,-1,-1,-1,-1
86,506,0.8932066322,0.3147609122,0.011611577400000073,0.04402848769999995,-1,-1,-1,-1
87,506,0.8908764321,0.3135075748,0.013786421099999946,0.04417732069999997,-1,-1,-1,-1
88,506,0.8911094667,0.3128173893,0.010524228600000018,0.04459138009999997,-1,-1,-1,-1
89,506,0.8914978577,0.3115748219,0.009902803000000016,0.04486763589999998,-1,-1,-1,-1
90,506,0.8902550064,0.3108846364,0.012310681300000015,0.04445331699999999,-1,-1,-1,-1
91,506,0.8902550064,0.3101943211,0.009980481200000058,0.04445344680000002,-1,-1,-1,-1
92,506,0.8899442936,0.3107465733,0.010990297799999937,0.04252069390000002,-1,-1,-1,-1
93,506,0.8902550064,0.3100563879,0.010524228600000018,0.0434870054,-1,-1,-1,-1
94,506,0.8864490665,0.3093660726,0.010912473600000028,0.0421065048,-1,-1,-1,-1
95,506,0.8857501086,0.3075713827,0.01013569159999994,0.041830378700000004,-1,-1,-1,-1
96,506,0.8807014634,0.3070191306,0.009436587699999999,0.04100200029999995,-1,-1,-1,-1
97,506,0.8772062362,0.3068810675,0.01099000579999998,0.039897625699999995,-1,-1,-1,-1
98,506,0.8726789986,0.3062893687,0.010873634500000007,0.040703685599999984,-1,-1,-1,-1
99,506,0.871431475,0.3060430871,0.008427501100000012,0.04057366750000002,-1,-1,-1,-1
100,506,0.8687886639,0.3050538083,0.007977347199999985,0.04005865599999997,-1,-1,-1,-1
101,506,0.8686030831,0.304504281,0.008101165000000021,0.040278337200000014,-1,-1,-1,-1
102,506,0.8678610518,0.3036249076,0.007358987800000105,0.04060818329999999,-1,-1,-1,-1
103,506,0.8678610518,0.3036249076,0.008533943600000038,0.04060818329999999,-1,-1,-1,-1
104,506,0.8678299513,0.3037348131,0.008688716000000096,0.04052773300000001,-1,-1,-1,-1
105,506,0.8678299513,0.3037348131,0.012509549200000025,0.04052773300000001,-1,-1,-1,-1
106,506,0.8668229089,0.3039232224,0.014523634000000007,0.04005670969999997,-1,-1,-1,-1
107,506,0.8695263148,0.3037348131,0.011828258800000047,0.04077232780000001,-1,-1,-1,-1
108,506,0.8722301588,0.3030482608,0.007634657800000055,0.040478035499999954,-1,-1,-1,-1
109,506,0.8728923217,0.3034405208,0.009565808000000064,0.04018387299999998,-1,-1,-1,-1
110,506,0.8727267444,0.3038327807,0.009565808100000073,0.04094763159999998,-1,-1,-1,-1
111,506,0.8730432977,0.3041702826,0.010235563499999989,0.040947761299999996,-1,-1,-1,-1
112,506,0.8737079428,0.3040015316,0.010109044400000045,0.04122901290000003,-1,-1,-1,-1
113,506,0.8743725879,0.3038327807,0.00998252529999999,0.04151026449999995,-1,-1,-1,-1
114,506,0.8745625491,0.3038327807,0.0106787089,0.04173526569999997,-1,-1,-1,-1
115,506,0.8757020241,0.3039452814,0.0106787089,0.041172762500000015,-1,-1,-1,-1
116,506,0.8742459958,0.3039452814,0.00802012860000001,0.04004762649999999,-1,-1,-1,-1
117,506,0.8742459958,0.3035185056,0.00970670930000006,0.04047440229999999,-1,-1,-1,-1
118,506,0.8746413954,0.3039442433,0.012868299800000038,0.04075961149999996,-1,-1,-1,-1
119,506,0.8745095468,0.3039442433,0.012802448600000016,0.04157955539999997,-1,-1,-1,-1
120,506,0.8738882672,0.3041596424,0.008730767299999997,0.0412637233,-1,-1,-1,-1
121,506,0.8732669876,0.3041596424,0.00748806209999997,0.04166311989999999,-1,-1,-1,-1
122,506,0.8728150815,0.3042599457,0.00844823480000001,0.041663249700000016,-1,-1,-1,-1
123,506,0.8723348491,0.3049644046,0.009184863599999926,0.04105364429999997,-1,-1,-1,-1
124,506,0.872708347,0.3061023867,0.009558215400000014,0.039820938500000014,-1,-1,-1,-1
125,506,0.8721748203,0.3070506619,0.009718244300000012,0.03877780979999995,-1,-1,-1,-1
126,506,0.8705208002,0.3077145064,0.014093483699999965,0.03763982770000002,-1,-1,-1,-1
127,506,0.8710543269,0.3065765243,0.012386169300000027,0.039355105400000034,-1,-1,-1,-1
128,506,0.8710543269,0.308188644,0.01222599450000006,0.03774298570000001,-1,-1,-1,-1
129,506,0.8706275348,0.3083782211,0.012439463500000025,0.037648262099999996,-1,-1,-1,-1
130,506,0.8706275348,0.3090420656,0.012439463500000025,0.036984417599999986,-1,-1,-1,-1
131,506,0.8709020367,0.3105594616,0.01237828470000002,0.03613086610000005,-1,-1,-1,-1
132,506,0.8719690899,0.3098007636,0.010564235799999988,0.035751582000000004,-1,-1,-1,-1
133,506,0.8722358532,0.3086627815,0.011044468200000046,0.03594128900000004,-1,-1,-1,-1
134,506,0.871995737,0.3085205013,0.011658082199999975,0.037079335899999954,-1,-1,-1,-1
135,506,0.8717556209,0.3083782211,0.012271696100000007,0.038217382899999985,-1,-1,-1,-1
136,506,0.8717556209,0.3088524885,0.012431724899999996,0.03764839179999996,-1,-1,-1,-1
137,506,0.8720223842,0.3061023867,0.010190883900000003,0.04011393320000001,-1,-1,-1,-1
138,506,0.8722357072,0.3048695512,0.011364817699999974,0.040588200500000005,-1,-1,-1,-1
139,506,0.8722357072,0.3043005601,0.011364817699999974,0.04134689850000001,-1,-1,-1,-1
140,506,0.8725557648,0.3043954136,0.009604209100000038,0.041062338099999984,-1,-1,-1,-1
141,506,0.8726624993,0.3060075333,0.010457793300000073,0.03897608079999998,-1,-1,-1,-1
142,506,0.8723422957,0.3106487354,0.007896894799999998,0.034809016299999995,-1,-1,-1,-1
143,506,0.8720936379,0.3109351124,0.0083670522999999,0.0347275279,-1,-1,-1,-1
144,506,0.8721848952,0.311316862,0.009219906400000033,0.03464188729999995,-1,-1,-1,-1
145,506,0.8721292647,0.3107441079,0.009219906400000033,0.03521464139999997,-1,-1,-1,-1
146,506,0.872045892,0.3113727879,0.008942338299999908,0.034536588199999996,-1,-1,-1,-1
147,506,0.8719625194,0.3109347232,0.008664770099999997,0.03492527980000004,-1,-1,-1,-1
148,506,0.8719625194,0.310825207,0.008387055899999996,0.035034796000000035,-1,-1,-1,-1
149,506,0.8719625194,0.3120297552,0.008387055899999996,0.033830247800000046,-1,-1,-1,-1
150,506,0.8719625194,0.3115916905,0.008387055899999996,0.03426831250000001,-1,-1,-1,-1
151,506,0.8719625194,0.3115916905,0.009113463900000007,0.03426831250000001,-1,-1,-1,-1
152,506,0.8719625194,0.3115916905,0.009839871900000019,0.03426831250000001,-1,-1,-1,-1
153,506,0.8711553669,0.3054254366,0.010967666000000098,0.04024122629999999,-1,-1,-1,-1
154,506,0.8733360511,0.3039434647,0.0077608118999999975,0.04160914040000002,-1,-1,-1,-1
155,506,0.8723098811,0.3033734356,0.0077608118999999975,0.04229322729999996,-1,-1,-1,-1
156,506,0.8720533386,0.3033734356,0.00814555260000005,0.042521213,-1,-1,-1,-1
157,506,0.8723098811,0.3042853784,0.007953255300000017,0.041381284500000004,-1,-1,-1,-1
158,506,0.8721816829,0.3045133641,0.008081453500000002,0.04126722669999999,-1,-1,-1,-1
159,506,0.8723741263,0.3040573927,0.008017208299999967,0.041153298800000016,-1,-1,-1,-1
160,506,0.872245928,0.3041714504,0.00814540659999996,0.04172319820000003,-1,-1,-1,-1
161,506,0.872245928,0.3041714504,0.00814540659999996,0.04172319820000003,-1,-1,-1,-1
162,506,0.8723741263,0.3043994361,0.008017208299999967,0.041381154700000033,-1,-1,-1,-1
163,506,0.8723741263,0.3041714504,0.007889010099999982,0.04160914040000002,-1,-1,-1,-1
164,506,0.8719892395,0.3042853784,0.00833799600000007,0.041381284500000004,-1,-1,-1,-1
165,506,0.8708347253,0.3041714504,0.00936416590000011,0.041381154700000033,-1,-1,-1,-1
166,506,0.8715402537,0.3043994361,0.009364165899999999,0.041381154700000033,-1,-1,-1,-1
167,506,0.8715402537,0.3043994361,0.00872186060000002,0.041381154700000033,-1,-1,-1,-1
168,506,0.870467798,0.3043994361,0.00806656030000008,0.04065567490000005,-1,-1,-1,-1
169,506,0.8687996148,0.3040816575,0.007113396099999947,0.04076168769999999,-1,-1,-1,-1
170,506,0.8641527936,0.3035522428,0.00979431630000005,0.04044390910000001,-1,-1,-1,-1
171,506,0.8603399911,0.3035522428,0.011045344199999918,0.04107933650000001,-1,-1,-1,-1
172,506,0.8573016344,0.3039757746,0.009913461800000078,0.04086757059999996,-1,-1,-1,-1
173,506,0.8535482586,0.3028110623,0.007649696999999955,0.04097332370000001,-1,-1,-1,-1
174,506,0.8469185991,0.3026896083,0.009340657999999946,0.040965667999999955,-1,-1,-1,-1
175,506,0.842134381,0.3023252464,0.009750804800000012,0.04120857589999999,-1,-1,-1,-1
176,506,0.8385835233,0.3017514543,0.009346936600000078,0.0409057196,-1,-1,-1,-1
177,506,0.8337414846,0.3010629557,0.009863379800000072,0.0404467637,-1,-1,-1,-1
178,506,0.832819713,0.3009605763,0.008276963100000034,0.039859995699999984,-1,-1,-1,-1
179,506,0.8313220714,0.2998344022,0.008968036299999982,0.03996224549999999,-1,-1,-1,-1
180,506,0.832243843,0.2984322318,0.007412720000000039,0.03993097369999998,-1,-1,-1,-1
181,506,0.8328773876,0.297817955,0.00919858870000001,0.039316696999999956,-1,-1,-1,-1
182,506,0.8362511331,0.2972736181,0.007711897900000042,0.03889394369999999,-1,-1,-1,-1
183,506,0.8370673382,0.2964998682,0.010051734899999998,0.03928075379999996,-1,-1,-1,-1
184,506,0.8427264582,0.2961130581,0.007494340599999982,0.03868620030000003,-1,-1,-1,-1
185,506,0.8455017019,0.2957261182,0.0082016211,0.038976340399999976,-1,-1,-1,-1
186,506,0.8498548936,0.2950490383,0.0070589338,0.038202720199999984,-1,-1,-1,-1
187,506,0.8518137861,0.2948954043,0.008415528100000014,0.037941905499999984,-1,-1,-1,-1
188,506,0.8585627371,0.2949816937,0.006597975000000034,0.037941905499999984,-1,-1,-1,-1
189,506,0.8633209652,0.2944639572,0.006937744100000032,0.03800380040000001,-1,-1,-1,-1
190,506,0.8652353241,0.2948411652,0.010498238499999979,0.038547099200000046,-1,-1,-1,-1
191,506,0.8700642218,0.2947477391,0.011680640899999983,0.03796824649999997,-1,-1,-1,-1
192,506,0.8771196513,0.2944974349,0.008450716999999996,0.03794943159999997,-1,-1,-1,-1
193,506,0.8823309535,0.2939968266,0.009203553099999984,0.03824631900000003,-1,-1,-1,-1
194,506,0.8867295549,0.2945180665,0.008177237099999957,0.0378120173,-1,-1,-1,-1
195,506,0.8911909412,0.294071308,0.008624178799999993,0.04225767340000003,-1,-1,-1,-1
196,506,0.8920706615,0.2937362716,0.011828842799999961,0.042704302100000036,-1,-1,-1,-1
197,506,0.8981029873,0.294071308,0.008121460699999972,0.04236926570000005,-1,-1,-1,-1
198,506,0.9009811692,0.2938387808,0.00707514109999996,0.04194261970000002,-1,-1,-1,-1
199,506,0.9028781527,0.2939550444,0.00707514109999996,0.04194261970000002,-1,-1,-1,-1
200,506,0.9019623675,0.2934899899,0.0075984469,0.04043119269999995,-1,-1,-1,-1
201,506,0.9022240204,0.2939550444,0.008972124699999973,0.0400824018,-1,-1,-1,-1
202,506,0.9045788965,0.2936062535,0.00956069770000001,0.04054745629999995,-1,-1,-1,-1
203,506,0.9057563346,0.2936062535,0.00746762039999993,0.03857097479999999,-1,-1,-1,-1
204,506,0.9052330288,0.2932574627,0.0075984469,0.03857097479999999,-1,-1,-1,-1
205,506,0.9060834007,0.292559881,0.008187019899999926,0.03880350199999999,-1,-1,-1,-1
206,506,0.9064104668,0.2924436173,0.00838325959999997,0.039733611,-1,-1,-1,-1
207,506,0.9047751362,0.2919785629,0.00733679399999998,0.039384820099999995,-1,-1,-1,-1
208,506,0.9043172436,0.291629772,0.00812175270000004,0.039384820099999995,-1,-1,-1,-1
209,506,0.9049713759,0.2904671358,0.007663860099999975,0.039384820099999995,-1,-1,-1,-1
210,506,0.9023548469,0.2898858177,0.008187165900000015,0.0396173474,-1,-1,-1,-1
211,506,0.902093194,0.2897695541,0.008710471700000055,0.0398498746,-1,-1,-1,-1
212,506,0.9018315411,0.2900020813,0.008056339500000065,0.0398498746,-1,-1,-1,-1
213,506,0.9011239686,0.2887444619,0.00964830459999999,0.0403824035,-1,-1,-1,-1
214,506,0.9007222905,0.2876734352,0.0098591455,0.040657102300000025,-1,-1,-1,-1
215,506,0.9034676018,0.2873163398,0.008118248400000083,0.04018101830000004,-1,-1,-1,-1
216,506,0.9020771327,0.2874353284,0.007969462499999969,0.040091225399999986,-1,-1,-1,-1
217,506,0.9018873175,0.2861987298,0.009297730700000062,0.0418899378,-1,-1,-1,-1
218,506,0.9006222725,0.2865359722,0.010752590799999906,0.042676923099999986,-1,-1,-1,-1
219,506,0.8995470426,0.285186873,0.008475539000000087,0.04189006759999997,-1,-1,-1,-1
220,506,0.8999951524,0.285186873,0.009330145199999973,0.042043442099999995,-1,-1,-1,-1
221,506,0.8999183503,0.2847773552,0.008101019000000043,0.04177030039999996,-1,-1,-1,-1
222,506,0.898249437,0.2842615651,0.00912397669999998,0.04237263940000002,-1,-1,-1,-1
223,506,0.901079289,0.2831008753,0.0078904702,0.04275957930000002,-1,-1,-1,-1
224,506,0.8999909181,0.2824559755,0.00912397669999998,0.043404479100000004,-1,-1,-1,-1
225,506,0.8988299793,0.2825849555,0.009196398599999989,0.043404478999999996,-1,-1,-1,-1
226,506,0.8999183503,0.2825849555,0.00912397669999998,0.043533459,-1,-1,-1,-1
227,506,0.9012969924,0.2825849555,0.008906273399999942,0.04250161939999997,-1,-1,-1,-1
228,506,0.8985397082,0.2820690357,0.012171532099999993,0.03992227979999996,-1,-1,-1,-1
229,506,0.8982287033,0.2817373729,0.00792682719999993,0.03794878279999997,-1,-1,-1,-1
230,506,0.8981770152,0.2817373729,0.008049257899999995,0.03753070089999999,-1,-1,-1,-1
231,506,0.8978581257,0.2814772071,0.007926827200000042,0.03794878279999997,-1,-1,-1,-1
232,506,0.8957364303,0.2809571351,0.008878969099999967,0.0380509027,-1,-1,-1,-1
233,506,0.8944927029,0.2808269873,0.006976729299999929,0.03753083060000001,-1,-1,-1,-1
234,506,0.8917124949,0.2801767674,0.008074152899999909,0.03844121629999997,-1,-1,-1,-1
