2,495,0.8961785536,0.3280575256,0.00951528800000001,0.04499856229999999,-1,-1,-1,-1
3,495,0.8932050261,0.3285105125,0.009940035900000033,0.045300510299999985,-1,-1,-1,-1
4,495,0.8914209096,0.3303630747,0.008380485300000018,0.045561973700000036,-1,-1,-1,-1
5,495,0.8887265564,0.3280333905,0.008380485300000018,0.04556197369999998,-1,-1,-1,-1
6,495,0.8855224765,0.3272567859,0.007652179099999934,0.045300510299999985,-1,-1,-1,-1
7,495,0.8845758828,0.3285511269,0.0068510132000000334,0.04452390570000003,-1,-1,-1,-1
8,495,0.8815900904,0.32958647,0.009181505299999948,0.04400616929999995,-1,-1,-1,-1
9,495,0.8757643711,0.3297158393,0.013987625199999965,0.04335919330000004,-1,-1,-1,-1
10,495,0.8736524584,0.3304924439,0.011147698399999961,0.043359063600000025,-1,-1,-1,-1
11,495,0.8728514384,0.3307513121,0.009836951699999985,0.04387680000000005,-1,-1,-1,-1
12,495,0.868627759,0.331786785,0.010783691400000017,0.04206472250000004,-1,-1,-1,-1
13,495,0.8672441525,0.3325632599,0.01082472060000006,0.042580123199999986,-1,-1,-1,-1
14,495,0.8661394283,0.3332561703,0.010824720599999949,0.042580123299999995,-1,-1,-1,-1
15,495,0.8631504236,0.3338335956,0.011734081199999968,0.04321658880000001,-1,-1,-1,-1
16,495,0.8619808701,0.3351040611,0.009719704400000029,0.042177093399999976,-1,-1,-1,-1
17,495,0.8606813663,0.3346421209,0.009459803599999983,0.04448692449999997,-1,-1,-1,-1
18,495,0.8558730563,0.3362590416,0.010239505799999993,0.043447429100000046,-1,-1,-1,-1
19,495,0.8521693245,0.336951952,0.0104344314,0.044140339500000014,-1,-1,-1,-1
20,495,0.8488936988,0.3358209769,0.010656223200000037,0.045733254899999964,-1,-1,-1,-1
21,495,0.845514843,0.3378997081,0.010071446400000017,0.044578534,-1,-1,-1,-1
22,495,0.8422659375,0.339401014,0.010916269899999942,0.04527144439999997,-1,-1,-1,-1
23,495,0.8387572772,0.3400940542,0.012150652499999914,0.045040344499999996,-1,-1,-1,-1
24,495,0.8372628479,0.3405559944,0.009291744099999999,0.04538679969999998,-1,-1,-1,-1
25,495,0.8332343861,0.3417109749,0.009681449300000033,0.045617769799999985,-1,-1,-1,-1
26,495,0.8310250836,0.3418264599,0.008901746999999904,0.04573325500000003,-1,-1,-1,-1
27,495,0.8280360789,0.3421729151,0.008382091500000022,0.04515582960000003,-1,-1,-1,-1
28,495,0.824982245,0.3433277658,0.008187019900000037,0.04607971019999996,-1,-1,-1,-1
29,495,0.8214735847,0.343674221,0.008966722200000055,0.0466571355,-1,-1,-1,-1
30,495,0.8177048777,0.3443671314,0.00922662299999999,0.0464261654,-1,-1,-1,-1
31,495,0.8134163692,0.345291012,0.010335873499999981,0.0475811458,-1,-1,-1,-1
32,495,0.8111328928,0.3466768328,0.010057429299999976,0.0465395743,-1,-1,-1,-1
33,495,0.8074570492,0.3472708672,0.009723208599999977,0.04683646180000001,-1,-1,-1,-1
34,495,0.8042268332,0.3479637777,0.009667432199999992,0.04822241230000002,-1,-1,-1,-1
35,495,0.8025003913,0.3485576823,0.008609139600000093,0.04752950189999999,-1,-1,-1,-1
36,495,0.7970423294,0.3499579063,0.011282467100000027,0.047020199799999995,-1,-1,-1,-1
37,495,0.7943688558,0.3501557881,0.009166320199999967,0.04801012740000005,-1,-1,-1,-1
38,495,0.7905258289,0.350947834,0.009333503499999951,0.04761410439999997,-1,-1,-1,-1
39,495,0.7836940892,0.3519993969,0.011605152899999971,0.047283869000000034,-1,-1,-1,-1
40,495,0.7834235296,0.3523601255,0.007479009400000014,0.04896683689999998,-1,-1,-1,-1
41,495,0.778959223,0.3533218956,0.008764203999999998,0.048690191699999996,-1,-1,-1,-1
42,495,0.7718569238,0.3546443942,0.01234922829999996,0.047487849400000004,-1,-1,-1,-1
43,495,0.7719246732,0.3542836656,0.008155481399999998,0.048810348099999956,-1,-1,-1,-1
44,495,0.7667840406,0.3550049931,0.009914045799999993,0.04893050450000003,-1,-1,-1,-1
45,495,0.7657402032,0.3552454356,0.0075758150999999385,0.048690191699999996,-1,-1,-1,-1
46,495,0.7626286947,0.3550049931,0.008725802899999913,0.049050790600000005,-1,-1,-1,-1
47,495,0.7620875755,0.3540432231,0.007643564500000033,0.0492912331,-1,-1,-1,-1
48,495,0.7549176728,0.3536824944,0.011837165400000016,0.04772842170000002,-1,-1,-1,-1
49,495,0.749574084,0.3526004383,0.010754927000000025,0.047968864200000016,-1,-1,-1,-1
50,495,0.7467332811,0.3542835358,0.009604939099999932,0.047488109,-1,-1,-1,-1
51,495,0.7457187921,0.3552453059,0.00865790749999995,0.04712738020000001,-1,-1,-1,-1
52,495,0.7446365536,0.3568081173,0.007913832099999962,0.047728551399999986,-1,-1,-1,-1
53,495,0.7422691205,0.3565676748,0.007846228699999958,0.0472476664,-1,-1,-1,-1
54,495,0.7424043273,0.3571688459,0.009875498799999938,0.04832959280000004,-1,-1,-1,-1
55,495,0.7399692908,0.3589722296,0.012783905100000048,0.04929136289999997,-1,-1,-1,-1
56,495,0.7347609088,0.3593329582,0.012107579100000043,0.04917107679999999,-1,-1,-1,-1
57,495,0.7323258723,0.3607756133,0.009401982999999947,0.04893063419999999,-1,-1,-1,-1
58,495,0.7239383784,0.3612564983,0.01420445250000002,0.04917107669999998,-1,-1,-1,-1
59,495,0.7180536704,0.3618576695,0.011972372200000025,0.0492912331,-1,-1,-1,-1
60,495,0.7118307993,0.3623385545,0.011092944099999946,0.04917107669999998,-1,-1,-1,-1
61,495,0.7068253736,0.3628194395,0.011634063200000044,0.04893063419999999,-1,-1,-1,-1
62,495,0.703713865,0.3637812095,0.010890133900000043,0.05037328930000001,-1,-1,-1,-1
63,495,0.6978967604,0.3649835518,0.010957737199999928,0.049050660800000034,-1,-1,-1,-1
64,495,0.6941765293,0.3647429795,0.010754781000000047,0.04917107679999999,-1,-1,-1,-1
65,495,0.686059595,0.3652561744,0.01298700730000002,0.05022082309999998,-1,-1,-1,-1
66,495,0.6790443186,0.365977502,0.011271954299999942,0.04949949549999999,-1,-1,-1,-1
67,495,0.6721407412,0.3656684172,0.01221825590000003,0.050249629399999995,-1,-1,-1,-1
68,495,0.6689017645,0.3671786764,0.011629828899999972,0.05086702039999996,-1,-1,-1,-1
69,495,0.6594261917,0.3677150981,0.013681730799999903,0.0500961251,-1,-1,-1,-1
70,495,0.6534511024,0.3670714959,0.015190615399999996,0.05127601920000002,-1,-1,-1,-1
71,495,0.6507351395,0.3679275127,0.01120727120000009,0.050849113700000004,-1,-1,-1,-1
72,495,0.6419669932,0.3682315369,0.013055486800000016,0.05060802240000001,-1,-1,-1,-1
73,495,0.6371291888,0.3684548513,0.014074356099999963,0.05094643259999998,-1,-1,-1,-1
74,495,0.6317258812,0.3693482386,0.008922334700000034,0.051058154700000025,-1,-1,-1,-1
75,495,0.624186423,0.3695965964,0.013131996899999998,0.05080979690000004,-1,-1,-1,-1
76,495,0.6174009691,0.3711600566,0.015707788599999994,0.051479739999999996,-1,-1,-1,-1
77,495,0.6123746636,0.371383371,0.009927624899999987,0.05125642559999999,-1,-1,-1,-1
78,495,0.6079138613,0.3721649064,0.011309771299999993,0.05036316810000002,-1,-1,-1,-1
79,495,0.5995577599,0.3737283667,0.012754702700000009,0.05058648240000002,-1,-1,-1,-1
80,495,0.5923323728,0.3738400887,0.012315061600000066,0.05080979689999998,-1,-1,-1,-1
81,495,0.5914527985,0.3728351091,0.009550622799999964,0.051479739999999996,-1,-1,-1,-1
82,495,0.5834107682,0.37339346,0.012754848699999988,0.051703054400000004,-1,-1,-1,-1
83,495,0.5777561745,0.3743984396,0.01024169609999992,0.05080979679999997,-1,-1,-1,-1
84,495,0.5742377315,0.3742868473,0.011623842400000028,0.05103298150000002,-1,-1,-1,-1
85,495,0.5672637765,0.3756267336,0.011812343499999933,0.05136814770000003,-1,-1,-1,-1
86,495,0.5635569784,0.3761850844,0.008356685500000016,0.051256555400000015,-1,-1,-1,-1
87,495,0.5574525228,0.3761356464,0.01111747399999996,0.05211970899999996,-1,-1,-1,-1
88,495,0.5488300962,0.3773562847,0.013330280699999975,0.05167204210000004,-1,-1,-1,-1
89,495,0.547075182,0.3774918823,0.007149460999999913,0.05180776949999999,-1,-1,-1,-1
90,495,0.5388342838,0.377898805,0.013330134699999996,0.05167204209999998,-1,-1,-1,-1
91,495,0.5318141891,0.3800686267,0.011804020799999981,0.051265379,-1,-1,-1,-1
92,495,0.5307458217,0.3795262361,0.006310185999999995,0.05289281019999997,-1,-1,-1,-1
93,495,0.5210551737,0.379933029,0.014093191700000007,0.052214692200000024,-1,-1,-1,-1
94,495,0.5135009683,0.3804755493,0.012109331200000018,0.0528926804,-1,-1,-1,-1
95,495,0.5107540509,0.3806112767,0.008522846799999928,0.05275708280000002,-1,-1,-1,-1
96,495,0.5017499498,0.3806112767,0.0134064988,0.05302827809999999,-1,-1,-1,-1
97,495,0.4964085511,0.3811536673,0.00974394230000003,0.0535707983,-1,-1,-1,-1
98,495,0.490609406,0.3818317852,0.011498856399999924,0.05262148510000003,-1,-1,-1,-1
99,495,0.4809186119,0.3823743055,0.014932612699999959,0.052214562500000006,-1,-1,-1,-1
100,495,0.4751958308,0.3826455008,0.011422492399999984,0.052214692200000024,-1,-1,-1,-1
101,495,0.4704416911,0.3830524235,0.0089277371,0.05397772099999998,-1,-1,-1,-1
102,495,0.4604457327,0.3841374641,0.014116407499999983,0.05370639589999998,-1,-1,-1,-1
103,495,0.4520522523,0.3861716881,0.0130480402,0.05397772099999998,-1,-1,-1,-1
104,495,0.4497630815,0.3869854037,0.006256891699999989,0.05397772099999998,-1,-1,-1,-1
105,495,0.4409880726,0.387527924,0.012742729800000019,0.05370652569999995,-1,-1,-1,-1
106,495,0.4312974246,0.3892910826,0.014421425900000007,0.05397772099999998,-1,-1,-1,-1
107,495,0.4279400324,0.3896978755,0.008011805900000002,0.05384212329999999,-1,-1,-1,-1
108,495,0.4218355769,0.3901046684,0.011216615799999996,0.053028407799999955,-1,-1,-1,-1
109,495,0.4117632544,0.3911509112,0.014535899000000019,0.05321967179999998,-1,-1,-1,-1
110,495,0.4088200973,0.3914995723,0.007406733599999993,0.052754876900000025,-1,-1,-1,-1
111,495,0.402017998,0.3911507815,0.010284623400000026,0.05263861320000002,-1,-1,-1,-1
112,495,0.392690189,0.3919686493,0.014179338499999972,0.053151808099999975,-1,-1,-1,-1
113,495,0.3869030167,0.392089714,0.010570660300000034,0.05312481830000004,-1,-1,-1,-1
114,495,0.3826816736,0.391605585,0.0085962906,0.05324588300000005,-1,-1,-1,-1
115,495,0.374937361,0.3928157128,0.012800112399999952,0.05385094690000003,-1,-1,-1,-1
116,495,0.3661543215,0.3935417116,0.013617193600000022,0.053003883500000015,-1,-1,-1,-1
117,495,0.3613882088,0.3941467756,0.008783185500000013,0.0534880123,-1,-1,-1,-1
118,495,0.353490292,0.3948729041,0.010281119200000022,0.053487882700000045,-1,-1,-1,-1
119,495,0.3462051861,0.395477968,0.013957692799999977,0.05239881959999998,-1,-1,-1,-1
120,495,0.3372859177,0.395962097,0.013549152200000025,0.05348788269999999,-1,-1,-1,-1
121,495,0.3344944667,0.3968091605,0.009191580199999994,0.053608947399999995,-1,-1,-1,-1
122,495,0.3262560507,0.3972931598,0.01354915219999997,0.05360894729999999,-1,-1,-1,-1
123,495,0.317745469,0.3980192883,0.013276694400000011,0.05421401130000003,-1,-1,-1,-1
124,495,0.3144092485,0.3988664816,0.009940620000000011,0.053608817600000025,-1,-1,-1,-1
125,495,0.3068516849,0.3994715455,0.013004528700000018,0.053245753299999976,-1,-1,-1,-1
126,495,0.2975240218,0.4000766094,0.013685235100000026,0.05360881759999997,-1,-1,-1,-1
127,495,0.2946643834,0.4012867372,0.007557563699999992,0.053729882299999976,-1,-1,-1,-1
128,495,0.2867664666,0.4018918011,0.012936341299999987,0.053124818399999996,-1,-1,-1,-1
129,495,0.2772343873,0.4028599293,0.014366233399999984,0.05324575330000003,-1,-1,-1,-1
130,495,0.2749195184,0.4034649932,0.00980453710000001,0.054213881500000005,-1,-1,-1,-1
131,495,0.2658641671,0.4047961857,0.007625751100000022,0.05445588110000005,-1,-1,-1,-1
132,495,0.256059922,0.4063692481,0.014842669500000016,0.05530307429999998,-1,-1,-1,-1
133,495,0.2521108906,0.4073373763,0.00823841599999997,0.055182009600000026,-1,-1,-1,-1
134,495,0.2438045792,0.4089105684,0.014093629599999963,0.054940009999999984,-1,-1,-1,-1
135,495,0.2332512942,0.4109678894,0.015727792300000015,0.05615000809999998,-1,-1,-1,-1
136,495,0.2293022628,0.4124201466,0.0093278091,0.05602894340000003,-1,-1,-1,-1
137,495,0.2217446992,0.4132672101,0.012051218499999988,0.0553028149,-1,-1,-1,-1
138,495,0.2117361108,0.4149610776,0.01668102930000001,0.056271202600000014,-1,-1,-1,-1
139,495,0.2049956284,0.4161713352,0.012056110000000009,0.05587128680000003,-1,-1,-1,-1
140,495,0.1983006287,0.4165283008,0.011705097899999989,0.05594408140000001,-1,-1,-1,-1
141,495,0.1888606097,0.4184480779,0.0168603316,0.0569992775,-1,-1,-1,-1
142,495,0.1806256979,0.4195189748,0.013981419800000006,0.05640433480000001,-1,-1,-1,-1
143,495,0.1755374835,0.4201139176,0.012374561399999984,0.0561663577,-1,-1,-1,-1
144,495,0.1664321963,0.4220179939,0.01712804400000001,0.056999147699999975,-1,-1,-1,-1
145,495,0.1606744454,0.422255971,0.0115711322,0.056761170599999966,-1,-1,-1,-1
146,495,0.1550505872,0.4233269977,0.012441507699999993,0.05640420500000004,-1,-1,-1,-1
147,495,0.1440706562,0.4253499327,0.017663687799999994,0.057475102,-1,-1,-1,-1
148,495,0.1398528173,0.4267779251,0.010031293200000013,0.056523063799999995,-1,-1,-1,-1
149,495,0.1326329787,0.4273239489,0.015110454900000014,0.05662648130000003,-1,-1,-1,-1
150,495,0.1216496164,0.4290986559,0.017721873500000013,0.057035999199999965,-1,-1,-1,-1
151,495,0.1165035084,0.4296448095,0.011884619200000016,0.0577185288,-1,-1,-1,-1
152,495,0.1110501918,0.4303273392,0.0144960378,0.057445517,-1,-1,-1,-1
153,495,0.1014853328,0.4312300691,0.016347830800000004,0.05899340619999999,-1,-1,-1,-1
154,495,0.0980148546,0.4328848793,0.017956149199999993,0.05763950599999995,-1,-1,-1,-1
155,495,0.0980148546,0.4339379993,0.013808541999999993,0.05763950600000001,-1,-1,-1,-1
156,495,0.0953908791,0.4351415094,0.0163479037,0.05974574599999999,-1,-1,-1,-1
157,495,0.0864185354,0.4376990495,0.016601818000000004,0.05854223590000002,-1,-1,-1,-1
158,495,0.077022977,0.4381503496,0.021849842199999997,0.05854223590000002,-1,-1,-1,-1
159,495,0.0683046206,0.4401060698,0.022865572299999998,0.05989626589999997,-1,-1,-1,-1
160,495,0.0560311723,0.4401060698,0.022865572299999998,0.05989626589999997,-1,-1,-1,-1
161,495,0.049767418,0.4426636099,0.022865572300000005,0.05989626590000008,-1,-1,-1,-1
162,495,0.0435883505,0.4408582798,0.022865572299999998,0.05989626590000002,-1,-1,-1,-1
163,495,0.037409283,0.4390529498,0.022865572299999998,0.059896265800000015,-1,-1,-1,-1
164,495,0.0330077614,0.4411591898,0.017194479399999997,0.05839184580000001,-1,-1,-1,-1
165,495,0.0220156384,0.4408582798,0.0234464798,0.058843145900000005,-1,-1,-1,-1
166,495,0.0157519571,0.4413097097,0.014220221800000002,0.05899353589999995,-1,-1,-1,-1
167,495,0.0007698465,0.4429646496,0.0174367857,0.05989613610000005,-1,-1,-1,-1
