184,579,0.9306755609,0.2708660757,0.0031744395999999675,0.01894201670000001,-1,-1,-1,-1
185,579,0.9277115242,0.2706771473,0.005276131399999939,0.02072684490000004,-1,-1,-1,-1
186,579,0.9258164388,0.2685179658,0.003915740800000012,0.024958658999999994,-1,-1,-1,-1
187,579,0.9231439874,0.2682590976,0.004936216199999954,0.02504481860000002,-1,-1,-1,-1
188,579,0.9190139015,0.2686909339,0.006102265400000029,0.02547652519999999,-1,-1,-1,-1
189,579,0.9159041451,0.2687772233,0.005956545800000046,0.02314489460000002,-1,-1,-1,-1
190,579,0.9134053015,0.2686503195,0.005956545800000046,0.023144894599999966,-1,-1,-1,-1
191,579,0.909668279,0.26833306,0.005623931199999932,0.02576822219999997,-1,-1,-1,-1
192,579,0.9074906611,0.2689041272,0.0046050617999999766,0.025260606899999982,-1,-1,-1,-1
193,579,0.9048459519,0.270214169,0.004605061800000088,0.02526060699999999,-1,-1,-1,-1
194,579,0.9022446081,0.2696747629,0.004446931200000059,0.02344204160000002,-1,-1,-1,-1
195,579,0.9000335535,0.2693664567,0.005530629699999956,0.02336509480000004,-1,-1,-1,-1
196,579,0.8981259111,0.2692124334,0.005660726100000013,0.023133865099999984,-1,-1,-1,-1
197,579,0.8974322097,0.2704453987,0.005484197999999996,0.023066390599999986,-1,-1,-1,-1
198,579,0.8963917306,0.2712379636,0.006078757499999976,0.023066390699999995,-1,-1,-1,-1
199,579,0.8946293698,0.2716342461,0.005648461200000066,0.023330579000000018,-1,-1,-1,-1
200,579,0.8929108126,0.2714896951,0.005551217399999975,0.024413283900000027,-1,-1,-1,-1
201,579,0.8913750619,0.2719709694,0.00532679749999998,0.023611246600000024,-1,-1,-1,-1
202,579,0.8893440397,0.2722918622,0.005326797399999972,0.02361124659999997,-1,-1,-1,-1
203,579,0.8887121012,0.2725325642,0.004559652199999986,0.023049651800000015,-1,-1,-1,-1
204,579,0.8846502028,0.2729450665,0.004559652200000097,0.023049651800000015,-1,-1,-1,-1
205,579,0.8845222966,0.2727177296,0.004559652199999986,0.02304965179999996,-1,-1,-1,-1
206,579,0.8824384181,0.2734755192,0.006011154099999971,0.025771985299999967,-1,-1,-1,-1
207,579,0.8817136162,0.2742333089,0.005840758499999987,0.025544648300000028,-1,-1,-1,-1
208,579,0.881372533,0.2749153196,0.005670216900000025,0.025696076499999998,-1,-1,-1,-1
209,579,0.8805626063,0.2752942144,0.00622433109999998,0.025999192399999982,-1,-1,-1,-1
210,579,0.8802641585,0.27635512,0.006735956000000098,0.025317181600000016,-1,-1,-1,-1
211,579,0.8799718431,0.276939682,0.006495328800000033,0.024417436199999976,-1,-1,-1,-1
212,579,0.8788755876,0.2770695703,0.007372274800000023,0.024742091999999993,-1,-1,-1,-1
213,579,0.8777061801,0.2774592351,0.008286015899999999,0.02506687750000003,-1,-1,-1,-1
214,579,0.8788754415,0.2776540026,0.005801189400000073,0.024937119000000008,-1,-1,-1,-1
215,579,0.878656132,0.2775241143,0.007372566899999988,0.025326783799999975,-1,-1,-1,-1
216,579,0.8786196291,0.2777190116,0.007957197600000021,0.0255215513,-1,-1,-1,-1
217,579,0.8788298859,0.2779139089,0.00617556330000002,0.0268854429,-1,-1,-1,-1
218,579,0.8791953531,0.2785633502,0.006248569100000045,0.026950452000000014,-1,-1,-1,-1
219,579,0.8786472253,0.2787582475,0.00617556330000002,0.027015331199999992,-1,-1,-1,-1
220,579,0.8787203772,0.2788231267,0.006065908499999995,0.027210358300000015,-1,-1,-1,-1
221,579,0.8767836785,0.278953015,0.007746794699999948,0.027275237499999994,-1,-1,-1,-1
222,579,0.8778434311,0.2792127915,0.006321574900000071,0.027275237499999994,-1,-1,-1,-1
223,579,0.8780260917,0.2792127915,0.00632157489999996,0.027275237499999994,-1,-1,-1,-1
224,579,0.8778434311,0.2792776707,0.006321574900000071,0.027275237600000002,-1,-1,-1,-1
225,579,0.8765881689,0.2794128791,0.00632157489999996,0.027275237499999994,-1,-1,-1,-1
226,579,0.8766261319,0.2796156916,0.00632157489999996,0.027275237600000002,-1,-1,-1,-1
227,579,0.8760174093,0.2796156916,0.00632157489999996,0.027987092699999994,-1,-1,-1,-1
228,579,0.8740773523,0.2799537125,0.00632157489999996,0.027987092699999994,-1,-1,-1,-1
229,579,0.8730781945,0.2800213167,0.005799145200000022,0.02683769189999996,-1,-1,-1,-1
230,579,0.8732303387,0.2803593376,0.005799145100000014,0.026837691900000016,-1,-1,-1,-1
231,579,0.8730019764,0.2806297544,0.005799145200000022,0.026837691800000008,-1,-1,-1,-1
232,579,0.8728498323,0.2810355092,0.005799145200000022,0.026837691800000008,-1,-1,-1,-1
233,579,0.8724313628,0.2819820975,0.005799145200000022,0.026837691800000008,-1,-1,-1,-1
234,579,0.8699206923,0.2820498314,0.005363738399999929,0.026702353700000014,-1,-1,-1,-1
