1,672,0.5528427887,0.2788794419,0.004261350299999966,0.027412651799999965,-1,-1,-1,-1
2,672,0.5529676286,0.2788794419,0.00413651039999996,0.026991325899999974,-1,-1,-1,-1
3,672,0.5530165425,0.2787950989,0.004419481000000003,0.029381996500000007,-1,-1,-1,-1
4,672,0.5524808257,0.2793867976,0.004419481000000003,0.02938199659999996,-1,-1,-1,-1
5,672,0.551094299,0.2790969171,0.004419481000000003,0.029381996600000015,-1,-1,-1,-1
6,672,0.5498710133,0.2793869274,0.004419481000000003,0.029381996600000015,-1,-1,-1,-1
7,672,0.5490146549,0.2795318677,0.004419481000000003,0.029381996500000007,-1,-1,-1,-1
8,672,0.5465720258,0.2796768079,0.004333772100000077,0.029381996600000015,-1,-1,-1,-1
9,672,0.544859309,0.2801117584,0.004333772099999966,0.028359499600000004,-1,-1,-1,-1
10,672,0.5442069289,0.2798942832,0.004333772099999966,0.028359499499999996,-1,-1,-1,-1
11,672,0.5436360233,0.2800392234,0.004333772099999966,0.028359499600000004,-1,-1,-1,-1
12,672,0.5431465922,0.2801841636,0.004648719300000104,0.028359499600000004,-1,-1,-1,-1
13,672,0.5432282127,0.2801117584,0.005097267200000033,0.028359499600000004,-1,-1,-1,-1
14,672,0.5436767606,0.2800392234,0.005138004299999999,0.028359499600000004,-1,-1,-1,-1
15,672,0.5431874755,0.2803291039,0.005138004400000007,0.028359499600000004,-1,-1,-1,-1
16,672,0.5382722849,0.2794592029,0.005138004400000007,0.028359499600000004,-1,-1,-1,-1
17,672,0.5357492034,0.2794143064,0.005138004299999999,0.028359499600000004,-1,-1,-1,-1
18,672,0.5309059965,0.278929918,0.004730193799999949,0.028359499499999996,-1,-1,-1,-1
19,672,0.5275617454,0.2798944129,0.004526361499999965,0.028359499600000004,-1,-1,-1,-1
20,672,0.5253076174,0.2801170785,0.004526361499999965,0.028359499600000004,-1,-1,-1,-1
21,672,0.5226872921,0.2799686348,0.004526361500000076,0.028359499499999996,-1,-1,-1,-1
22,672,0.5227354759,0.2801863695,0.004526361599999973,0.028138001800000034,-1,-1,-1,-1
23,672,0.5238237008,0.2807233102,0.004526361600000084,0.028383375200000005,-1,-1,-1,-1
24,672,0.5230127521,0.2813750872,0.004526361500000076,0.028321350600000017,-1,-1,-1,-1
25,672,0.5220549156,0.2806699795,0.0044999334000001,0.030168203299999974,-1,-1,-1,-1
