1,706,0.4756210168,0.3670458037,0.008748726799999995,0.037763617400000005,-1,-1,-1,-1
2,706,0.4803995405,0.3690442144,0.008150517000000024,0.038806875799999974,-1,-1,-1,-1
3,706,0.4852319424,0.3695956881,0.010433701399999995,0.039081315000000005,-1,-1,-1,-1
4,706,0.4941763249,0.3681395381,0.010433701299999931,0.039081315000000005,-1,-1,-1,-1
5,706,0.5048732852,0.3686919201,0.010433701399999995,0.038086715999999965,-1,-1,-1,-1
6,706,0.5135801067,0.3692908853,0.01287457830000005,0.039130104200000015,-1,-1,-1,-1
7,706,0.5235278812,0.3692908853,0.013363863399999953,0.03927504450000002,-1,-1,-1,-1
8,706,0.5340249516,0.3686699909,0.012602558600000036,0.038839834399999995,-1,-1,-1,-1
9,706,0.5457752402,0.3675746994,0.010588619700000024,0.03924286430000001,-1,-1,-1,-1
10,706,0.5567481626,0.3659861958,0.008336243799999976,0.03924286429999996,-1,-1,-1,-1
11,706,0.56405298,0.3642356238,0.0071515051999999635,0.0386449371,-1,-1,-1,-1
12,706,0.5687571838,0.3628235918,0.0063833378,0.038335592799999985,-1,-1,-1,-1
13,706,0.5709708666,0.361068089,0.007495216600000076,0.03925532110000002,-1,-1,-1,-1
14,706,0.5744269626,0.358809772,0.008765810200000002,0.03835194239999995,-1,-1,-1,-1
15,706,0.5791318964,0.3567191029,0.00832281080000008,0.038351942500000014,-1,-1,-1,-1
16,706,0.5846077718,0.3553157647,0.008157671600000027,0.0366519763,-1,-1,-1,-1
17,706,0.5867567714,0.3534525624,0.008373330799999912,0.03645305649999997,-1,-1,-1,-1
18,706,0.5932028943,0.3514083469,0.007225679100000049,0.03623713829999997,-1,-1,-1,-1
19,706,0.5956223075,0.350406741,0.008020712700000043,0.035940640199999985,-1,-1,-1,-1
20,706,0.602013092,0.3485405542,0.0071534033000000274,0.03569734299999999,-1,-1,-1,-1
21,706,0.6040903999,0.3467649388,0.0069024092999999676,0.035373465800000004,-1,-1,-1,-1
22,706,0.6092571686,0.3447106022,0.005767022599999949,0.035185315900000014,-1,-1,-1,-1
23,706,0.6119375047,0.3432445906,0.00693789010000001,0.0345552086,-1,-1,-1,-1
24,706,0.616849337,0.341614175,0.005411776199999996,0.034115586799999986,-1,-1,-1,-1
25,706,0.6209789848,0.3404900771,0.005969686799999985,0.03371891509999997,-1,-1,-1,-1
26,706,0.6255709056,0.3391795162,0.005278759600000016,0.03324412870000004,-1,-1,-1,-1
27,706,0.6286282438,0.3380991469,0.006388156199999995,0.03338751180000005,-1,-1,-1,-1
28,706,0.6326042874,0.3364506949,0.007256779600000041,0.03375109509999996,-1,-1,-1,-1
29,706,0.6359478084,0.3352460169,0.007782129600000021,0.03286782910000002,-1,-1,-1,-1
30,706,0.6407454596,0.3341617549,0.00713997030000002,0.03278166939999999,-1,-1,-1,-1
31,706,0.644931614,0.3330748976,0.00713997030000002,0.03228015280000002,-1,-1,-1,-1
32,706,0.6482611179,0.3319410678,0.0051648705000000295,0.03210861209999999,-1,-1,-1,-1
33,706,0.6484569196,0.329852475,0.00599728300000002,0.0318475379,-1,-1,-1,-1
34,706,0.6503175462,0.3283729685,0.006291058399999994,0.031412457600000054,-1,-1,-1,-1
35,706,0.6517864235,0.3272416041,0.006144170699999951,0.03054229709999995,-1,-1,-1,-1
36,706,0.6550179536,0.3255880915,0.004773267199999931,0.030542297100000004,-1,-1,-1,-1
37,706,0.6570254679,0.3240216468,0.0054586459999999,0.030368161199999966,-1,-1,-1,-1
38,706,0.6589839224,0.3226293381,0.00545879199999999,0.030194025299999983,-1,-1,-1,-1
39,706,0.6610403506,0.3209758255,0.005165016600000016,0.030194025300000038,-1,-1,-1,-1
40,706,0.6622154525,0.319496319,0.0053119041999999395,0.029846013000000005,-1,-1,-1,-1
41,706,0.6647125439,0.3179298744,0.004871241100000034,0.029758945000000037,-1,-1,-1,-1
42,706,0.6661815673,0.3166245038,0.0051648705000000295,0.029497741199999983,-1,-1,-1,-1
43,706,0.6693641835,0.3154931394,0.004773121199999952,0.029236667100000002,-1,-1,-1,-1
44,706,0.6708330608,0.3145359109,0.006338366199999945,0.028627450900000018,-1,-1,-1,-1
45,706,0.6737219015,0.3134916145,0.005066896700000045,0.028279308799999958,-1,-1,-1,-1
46,706,0.6754354944,0.3122219275,0.006077881400000096,0.028417631399999976,-1,-1,-1,-1
47,706,0.6782678286,0.3113268534,0.005302121499999979,0.027820742200000026,-1,-1,-1,-1
48,706,0.6805977367,0.3102079458,0.006707337699999982,0.027820742200000026,-1,-1,-1,-1
49,706,0.6841650936,0.3090144271,0.005238460399999978,0.027820742200000026,-1,-1,-1,-1
50,706,0.6864313406,0.3082685752,0.007255465600000011,0.02744768660000002,-1,-1,-1,-1
51,706,0.6899986976,0.3071496676,0.005742054599999991,0.02722385319999998,-1,-1,-1,-1
52,706,0.6923909527,0.3064782971,0.006959061800000055,0.026850927199999985,-1,-1,-1,-1
53,706,0.6952028452,0.305583223,0.006245502900000033,0.02640326030000001,-1,-1,-1,-1
54,706,0.6992961362,0.3047200694,0.004119719000000077,0.02640326030000001,-1,-1,-1,-1
55,706,0.7015388753,0.3034518098,0.006209437999999956,0.026403260299999953,-1,-1,-1,-1
56,706,0.7043455115,0.3027695396,0.006099199100000008,0.02625403799999998,-1,-1,-1,-1
57,706,0.7075811299,0.301799465,0.005319496899999998,0.0261155857,-1,-1,-1,-1
58,706,0.7101150163,0.3011759754,0.006138038300000037,0.025838421599999994,-1,-1,-1,-1
59,706,0.7129997687,0.300552356,0.006410934099999932,0.0254228051,-1,-1,-1,-1
60,706,0.7167420476,0.2996515725,0.005592392700000004,0.025284352799999965,-1,-1,-1,-1
61,706,0.7200556363,0.2990280829,0.004812690399999986,0.02500705879999998,-1,-1,-1,-1
62,706,0.7218879366,0.2981272993,0.005787026300000053,0.024799185800000012,-1,-1,-1,-1
63,706,0.7249676146,0.2970880635,0.005787026199999934,0.024799185700000004,-1,-1,-1,-1
64,706,0.7278133819,0.296325862,0.005514130400000039,0.024799185800000012,-1,-1,-1,-1
65,706,0.7316727622,0.2955636606,0.004227621600000009,0.024799185700000004,-1,-1,-1,-1
66,706,0.7332710058,0.2945244247,0.004461532399999912,0.024591182900000008,-1,-1,-1,-1
67,706,0.7347522941,0.2939700964,0.006059922100000059,0.024383439499999993,-1,-1,-1,-1
68,706,0.7365066243,0.2931386039,0.006371656899999967,0.024383439499999993,-1,-1,-1,-1
69,706,0.7396642725,0.2919606562,0.0061377461999999605,0.024383439499999993,-1,-1,-1,-1
70,706,0.7423929384,0.2916836218,0.005826011300000045,0.023901646100000007,-1,-1,-1,-1
71,706,0.745229507,0.2910703831,0.005826011299999934,0.02417543659999999,-1,-1,-1,-1
72,706,0.746494552,0.2907932189,0.005152459599999992,0.0237031157,-1,-1,-1,-1
73,706,0.7486028144,0.2900437338,0.004462554399999985,0.02329437640000004,-1,-1,-1,-1
74,706,0.7486028144,0.2892261255,0.006072478999999964,0.022953760300000015,-1,-1,-1,-1
75,706,0.7506344207,0.2883405237,0.005957567800000008,0.022885637099999967,-1,-1,-1,-1
76,706,0.7534711352,0.2875229154,0.007145810799999985,0.022953111499999956,-1,-1,-1,-1
77,706,0.7575343478,0.2869777999,0.0055741411999999935,0.022885637100000022,-1,-1,-1,-1
78,706,0.7600260368,0.2862965677,0.006839186300000022,0.02289225480000001,-1,-1,-1,-1
79,706,0.7633226881,0.2858195755,0.005344172899999999,0.022551638700000043,-1,-1,-1,-1
80,706,0.7659294343,0.2852064665,0.006373847099999996,0.022551509000000025,-1,-1,-1,-1
81,706,0.769844445,0.2847975975,0.005645686900000002,0.0215977839,-1,-1,-1,-1
82,706,0.7724405324,0.2843595328,0.006055833699999957,0.022203756100000027,-1,-1,-1,-1
83,706,0.7770752346,0.2837160604,0.004804367699999923,0.02220375609999997,-1,-1,-1,-1
84,706,0.7800614651,0.2831448634,0.004804367700000034,0.02220375619999998,-1,-1,-1,-1
85,706,0.7827755298,0.2827430013,0.004804367800000042,0.02220375619999998,-1,-1,-1,-1
86,706,0.7873563537,0.2821719342,0.004804367800000042,0.022203756100000027,-1,-1,-1,-1
87,706,0.7923004546,0.2815442923,0.003856167999999993,0.021904662799999974,-1,-1,-1,-1
88,706,0.7958085308,0.2813384953,0.004052261699999948,0.021754662000000036,-1,-1,-1,-1
89,706,0.7985480016,0.2807360266,0.004982940000000102,0.021671227199999976,-1,-1,-1,-1
90,706,0.8016348342,0.2801188951,0.00385865019999998,0.02167122730000004,-1,-1,-1,-1
91,706,0.8037956608,0.2798445856,0.005646124900000049,0.02119112080000002,-1,-1,-1,-1
92,706,0.8075769248,0.2795016339,0.004622729200000064,0.021396917800000026,-1,-1,-1,-1
93,706,0.8105203739,0.2789138279,0.00535512370000002,0.02139691779999997,-1,-1,-1,-1
94,706,0.8131545703,0.2786536621,0.005478211499999941,0.021212790400000014,-1,-1,-1,-1
95,706,0.8184962609,0.2780684512,0.0041245374999999695,0.020546480599999972,-1,-1,-1,-1
96,706,0.8200525992,0.2778596698,0.004584182200000009,0.02106914780000002,-1,-1,-1,-1
97,706,0.8229960483,0.2770712571,0.0048775196000000465,0.021069147799999965,-1,-1,-1,-1
98,706,0.8261409935,0.2767619129,0.004202799699999926,0.020948472299999965,-1,-1,-1,-1
99,706,0.828625674,0.2762353529,0.0055484432000000306,0.020744621699999966,-1,-1,-1,-1
100,706,0.8322017916,0.2761525669,0.0046225832000000855,0.02059747569999998,-1,-1,-1,-1
101,706,0.8348634382,0.2755519148,0.005274525300000055,0.02059747559999997,-1,-1,-1,-1
102,706,0.8372294112,0.2752515239,0.005274525299999944,0.02059747559999997,-1,-1,-1,-1
103,706,0.8406615613,0.274825916,0.005274525299999944,0.02059747559999997,-1,-1,-1,-1
104,706,0.8431812846,0.274485819,0.005274525300000055,0.02059747559999997,-1,-1,-1,-1
105,706,0.8469768577,0.2740888877,0.004843498900000021,0.02059747559999997,-1,-1,-1,-1
106,706,0.8481389646,0.2738135401,0.004843498799999901,0.020597475700000034,-1,-1,-1,-1
107,706,0.8515054094,0.2736464112,0.004319609100000066,0.02024427299999998,-1,-1,-1,-1
108,706,0.8542810911,0.2734791525,0.004246311200000075,0.02019133150000002,-1,-1,-1,-1
109,706,0.8565391615,0.2726429887,0.004246311200000075,0.02019133150000002,-1,-1,-1,-1
110,706,0.859062389,0.2720285822,0.004246311199999964,0.02019133150000002,-1,-1,-1,-1
111,706,0.8604039442,0.271918547,0.004485478200000004,0.02006442759999999,-1,-1,-1,-1
112,706,0.8624399308,0.2716816079,0.004004807900000018,0.019590549700000015,-1,-1,-1,-1
113,706,0.8641732352,0.2710974351,0.0034452912000000335,0.01993298240000002,-1,-1,-1,-1
114,706,0.8665437346,0.2709716992,0.0034452912000000335,0.019932982299999957,-1,-1,-1,-1
115,706,0.8682066614,0.2707150368,0.0041575361000000255,0.01968657100000004,-1,-1,-1,-1
116,706,0.8711108334,0.270354957,0.005087776300000013,0.01974003139999997,-1,-1,-1,-1
117,706,0.8745553945,0.2699279217,0.0037122004999999847,0.019806857099999964,-1,-1,-1,-1
118,706,0.8782893507,0.2696964326,0.0037122004999999847,0.01980685700000001,-1,-1,-1,-1
119,706,0.8837599697,0.2698508452,0.0037122004999999847,0.019806857099999964,-1,-1,-1,-1
120,706,0.8874939259,0.2703138235,0.0037122004999999847,0.01980685710000002,-1,-1,-1,-1
121,706,0.8909238859,0.2702366172,0.0037122004999999847,0.01980685710000002,-1,-1,-1,-1
122,706,0.8905464457,0.2684364775,0.0037122004999999847,0.01980685710000002,-1,-1,-1,-1
123,706,0.8923543621,0.268356157,0.0037122004999999847,0.01980685710000002,-1,-1,-1,-1
124,706,0.8963669086,0.268356157,0.004174181400000032,0.02122057599999999,-1,-1,-1,-1
125,706,0.8968288895,0.2679798573,0.0037122005000000957,0.019806857099999964,-1,-1,-1,-1
126,706,0.9005045871,0.2692547346,0.0043423867999999866,0.017943654700000033,-1,-1,-1,-1
127,706,0.9031288547,0.2694809037,0.003170716299999987,0.018788218199999984,-1,-1,-1,-1
128,706,0.9054963243,0.2688451649,0.003300739599999991,0.019325907199999992,-1,-1,-1,-1
129,706,0.9080884815,0.2695940531,0.003163585999999996,0.01870513819999997,-1,-1,-1,-1
130,706,0.9114602315,0.2682911912,0.003026432400000001,0.019005273900000008,-1,-1,-1,-1
131,706,0.9124013253,0.2669962879,0.002889278800000006,0.018844957199999957,-1,-1,-1,-1
132,706,0.9144549793,0.2668082678,0.0034165269000000498,0.018845086999999983,-1,-1,-1,-1
133,706,0.9172962203,0.2663939489,0.003410540399999995,0.01866731789999998,-1,-1,-1,-1
134,706,0.9192054688,0.2660734454,0.0036048818999999677,0.01866731789999998,-1,-1,-1,-1
