1,451,0.8411023705,0.3108418161,0.011247862399999975,0.0344682704,-1,-1,-1,-1
2,451,0.843837899,0.3106392631,0.009991724100000043,0.03348716629999998,-1,-1,-1,-1
3,451,0.8473975173,0.309795703,0.00856387599999997,0.033713205700000026,-1,-1,-1,-1
4,451,0.850423171,0.3088466493,0.008801291000000044,0.033818699399999985,-1,-1,-1,-1
5,451,0.8546083033,0.3077364356,0.00693029749999996,0.033419562099999967,-1,-1,-1,-1
6,451,0.8574193198,0.3064040752,0.008242066300000017,0.03353063549999996,-1,-1,-1,-1
7,451,0.8590434075,0.3052937317,0.007055137500000086,0.032975658399999996,-1,-1,-1,-1
8,451,0.8601676973,0.3044373256,0.008371286599999972,0.03240251500000002,-1,-1,-1,-1
9,451,0.8596858588,0.3033905638,0.008156649499999946,0.033023798699999996,-1,-1,-1,-1
10,451,0.8592089847,0.3026200578,0.008413046000000035,0.033214933,-1,-1,-1,-1
11,451,0.8543567252,0.3014642988,0.007109599800000033,0.033214933,-1,-1,-1,-1
12,451,0.8520139681,0.3002523543,0.007187570000000032,0.03210692519999997,-1,-1,-1,-1
13,451,0.8491952129,0.2995366064,0.00718757010000004,0.03210692519999997,-1,-1,-1,-1
14,451,0.8489576519,0.2986216792,0.008296528699999972,0.032386684499999985,-1,-1,-1,-1
15,451,0.848557142,0.2974650119,0.006171474900000029,0.03183404299999998,-1,-1,-1,-1
16,451,0.8487573239,0.2965753876,0.007373004899999924,0.03147798569999999,-1,-1,-1,-1
17,451,0.8507096459,0.295596749,0.00682224890000005,0.03121094270000002,-1,-1,-1,-1
18,451,0.8528622958,0.2947958795,0.0074229409000000635,0.031566999999999956,-1,-1,-1,-1
19,451,0.855806913,0.2939994218,0.0062615641000000055,0.03206202870000002,-1,-1,-1,-1
20,451,0.8572178237,0.293079953,0.005855797699999998,0.03195848149999997,-1,-1,-1,-1
21,451,0.8588638132,0.2927455654,0.006890436299999969,0.03220930459999999,-1,-1,-1,-1
22,451,0.8638489433,0.2926620009,0.005385640200000097,0.031958481400000016,-1,-1,-1,-1
23,451,0.8671301174,0.2921882526,0.0053411065999999785,0.03182859320000003,-1,-1,-1,-1
24,451,0.8708796969,0.2918899378,0.007964060099999948,0.03096323369999998,-1,-1,-1,-1
25,451,0.8744448637,0.2912432214,0.00891328190000007,0.029217462800000038,-1,-1,-1,-1
26,451,0.8794654747,0.2904672656,0.008221770699999964,0.028958854099999987,-1,-1,-1,-1
27,451,0.8838310774,0.289432701,0.006875689100000026,0.029670060499999984,-1,-1,-1,-1
28,451,0.8844859397,0.2892294992,0.009713425800000008,0.028386100099999978,-1,-1,-1,-1
29,451,0.8920109427,0.289452035,0.008907879499999938,0.028680522099999994,-1,-1,-1,-1
30,451,0.8988705706,0.2897399691,0.0068199127000000415,0.02764245409999999,-1,-1,-1,-1
31,451,0.9033151656,0.2883411725,0.0068199126999999304,0.02764245409999999,-1,-1,-1,-1
32,451,0.907063577,0.2882080403,0.0068199127000000415,0.027642453999999983,-1,-1,-1,-1
33,451,0.9102037038,0.2875928552,0.0068199126999999304,0.02764245409999999,-1,-1,-1,-1
34,451,0.9120548396,0.287555874,0.007001113199999964,0.02979190370000001,-1,-1,-1,-1
35,451,0.9124495092,0.2868543995,0.007001113199999964,0.02935344969999998,-1,-1,-1,-1
36,451,0.9130909384,0.2861529251,0.006162422199999962,0.030668681899999994,-1,-1,-1,-1
37,451,0.9147944565,0.2855731641,0.006162422199999962,0.030668681899999994,-1,-1,-1,-1
38,451,0.9156677522,0.285240593,0.004516870800000072,0.03109130539999999,-1,-1,-1,-1
39,451,0.9156677522,0.285240593,0.006062842299999982,0.030883302499999987,-1,-1,-1,-1
40,451,0.9162558872,0.285240593,0.006062842200000085,0.030883302499999987,-1,-1,-1,-1
41,451,0.9162558872,0.285240593,0.007162310100000013,0.030947792500000015,-1,-1,-1,-1
42,451,0.9166565432,0.2855966504,0.007162310100000013,0.030947792400000007,-1,-1,-1,-1
43,451,0.9168110235,0.2856515815,0.007162310100000013,0.030947792400000007,-1,-1,-1,-1
44,451,0.9169655039,0.2857065126,0.007162310100000013,0.030947792400000007,-1,-1,-1,-1
45,451,0.9171199842,0.2857614437,0.007162310100000013,0.030947792400000007,-1,-1,-1,-1
46,451,0.9171623276,0.2859872235,0.007162310099999902,0.030947792400000007,-1,-1,-1,-1
47,451,0.9175258966,0.2857211536,0.0065311017000000415,0.030947792500000015,-1,-1,-1,-1
48,451,0.9178894657,0.2854550838,0.0058998932000000615,0.030947792500000015,-1,-1,-1,-1
49,451,0.918356995,0.2854550838,0.005261238200000018,0.030947792500000015,-1,-1,-1,-1
50,451,0.9188150336,0.2853533532,0.004834154099999988,0.030947792400000007,-1,-1,-1,-1
51,451,0.9187274631,0.2853533532,0.004921724600000066,0.030947792400000007,-1,-1,-1,-1
52,451,0.9186398926,0.2853533532,0.005009295100000033,0.030947792400000007,-1,-1,-1,-1
53,451,0.9185523221,0.2853533532,0.0050968656,0.030947792400000007,-1,-1,-1,-1
54,451,0.9184647516,0.2853533532,0.005184436100000078,0.030947792400000007,-1,-1,-1,-1
55,451,0.9183771811,0.2853533532,0.005272006600000045,0.030947792400000007,-1,-1,-1,-1
56,451,0.9182896106,0.2853533532,0.0053595771000000125,0.030947792400000007,-1,-1,-1,-1
57,451,0.9182020402,0.2853533532,0.005447147500000082,0.030947792400000007,-1,-1,-1,-1
58,451,0.9181144697,0.2853533532,0.0055347180000000495,0.030947792400000007,-1,-1,-1,-1
59,451,0.9180268992,0.2853533532,0.005622288500000017,0.030947792400000007,-1,-1,-1,-1
60,451,0.9179393287,0.2853533532,0.005709859000000095,0.030947792400000007,-1,-1,-1,-1
61,451,0.9178517582,0.2853533532,0.005797429500000062,0.030947792400000007,-1,-1,-1,-1
62,451,0.9177641877,0.2853533532,0.005885000000000029,0.030947792400000007,-1,-1,-1,-1
63,451,0.9178650817,0.2853174966,0.005885000099999926,0.030947792400000007,-1,-1,-1,-1
64,451,0.9179659758,0.28528164,0.005885000000000029,0.030947792400000007,-1,-1,-1,-1
65,451,0.9180668698,0.2852457834,0.005885000100000037,0.030947792400000007,-1,-1,-1,-1
66,451,0.9181815515,0.2849910118,0.0057926164999999585,0.030926474999999953,-1,-1,-1,-1
67,451,0.9182962333,0.2847362403,0.005700232699999974,0.030905157500000002,-1,-1,-1,-1
68,451,0.918410915,0.2844814687,0.005607849099999895,0.030883840100000004,-1,-1,-1,-1
69,451,0.9185255968,0.2842266972,0.00551546540000003,0.03086252249999999,-1,-1,-1,-1
70,451,0.9186402785,0.2839719256,0.0054230818000000625,0.03084120509999999,-1,-1,-1,-1
71,451,0.9187549603,0.2837171541,0.005330697999999967,0.03081988760000004,-1,-1,-1,-1
72,451,0.918869642,0.2834623825,0.005238314399999999,0.030798570199999986,-1,-1,-1,-1
73,451,0.9190229542,0.2847563343,0.005238314399999999,0.030798570199999986,-1,-1,-1,-1
74,451,0.9187007551,0.2849057296,0.005257879999999937,0.030822402500000012,-1,-1,-1,-1
75,451,0.9183785561,0.2850551249,0.005277445500000089,0.030846234799999983,-1,-1,-1,-1
76,451,0.918056357,0.2852045202,0.005297011100000026,0.03087006710000001,-1,-1,-1,-1
77,451,0.9178570511,0.2852045202,0.005089528499999996,0.030941174700000018,-1,-1,-1,-1
78,451,0.9183142136,0.2853061211,0.005089528499999996,0.030941174700000018,-1,-1,-1,-1
79,451,0.918782181,0.2844742393,0.00474099859999999,0.030941174800000026,-1,-1,-1,-1
80,451,0.918782181,0.2848531341,0.00474099859999999,0.03094117479999997,-1,-1,-1,-1
81,451,0.918206457,0.2850105312,0.004740998699999999,0.030941174800000026,-1,-1,-1,-1
82,451,0.918206457,0.2850105312,0.005018201800000011,0.030941174800000026,-1,-1,-1,-1
83,451,0.918206457,0.2850105312,0.0052954049000000225,0.030941174800000026,-1,-1,-1,-1
84,451,0.9181924399,0.2851102722,0.005216315199999988,0.03094117479999997,-1,-1,-1,-1
85,451,0.9181784227,0.2852100133,0.00513722569999997,0.03094117479999997,-1,-1,-1,-1
86,451,0.9181644056,0.2853097543,0.005058135999999935,0.030941174800000026,-1,-1,-1,-1
87,451,0.9187496204,0.2849315083,0.005179033600000049,0.030941174699999963,-1,-1,-1,-1
88,451,0.9187496204,0.2849315083,0.004434812200000082,0.030941174699999963,-1,-1,-1,-1
89,451,0.9187496204,0.2849315083,0.004567262999999988,0.03074579079999995,-1,-1,-1,-1
90,451,0.9187496204,0.2849315083,0.004699713800000005,0.030550407,-1,-1,-1,-1
91,451,0.9187496204,0.2849315083,0.00483216470000003,0.03035502309999999,-1,-1,-1,-1
92,451,0.9187496204,0.2849315083,0.004964615500000047,0.030159639299999985,-1,-1,-1,-1
93,451,0.9187496204,0.2849315083,0.005097066300000064,0.029964255399999973,-1,-1,-1,-1
94,451,0.9187496204,0.2849315083,0.005229517199999978,0.02976887149999996,-1,-1,-1,-1
95,451,0.9187496204,0.2849315083,0.005361967999999995,0.029573487699999956,-1,-1,-1,-1
96,451,0.9187496204,0.2849315083,0.005494418800000012,0.0293781038,-1,-1,-1,-1
97,451,0.9187112193,0.2844193515,0.005494418800000012,0.029378103800000055,-1,-1,-1,-1
98,451,0.9186728183,0.2839071946,0.005494418800000012,0.029378103899999952,-1,-1,-1,-1
99,451,0.9186344172,0.2833950378,0.005494418799999901,0.029378103899999952,-1,-1,-1,-1
100,451,0.9185143956,0.2849590171,0.005087484299999945,0.0293781038,-1,-1,-1,-1
101,451,0.9185143956,0.2849590171,0.005087484299999945,0.0293781038,-1,-1,-1,-1
102,451,0.9185143956,0.2849590171,0.005087484299999945,0.0293781038,-1,-1,-1,-1
103,451,0.9185143956,0.2849590171,0.005087484299999945,0.0293781038,-1,-1,-1,-1
104,451,0.9191666297,0.2851245889,0.005087484300000056,0.0293781038,-1,-1,-1,-1
105,451,0.9188917628,0.2852874359,0.0050874842000000475,0.0293781038,-1,-1,-1,-1
106,451,0.9186168958,0.2854502828,0.005087484299999945,0.0293781038,-1,-1,-1,-1
107,451,0.9185374654,0.2857326373,0.005087484399999953,0.0293781038,-1,-1,-1,-1
108,451,0.9184580351,0.2860149918,0.005087484299999945,0.0293781038,-1,-1,-1,-1
109,451,0.9183786047,0.2862973463,0.005087484400000064,0.0293781038,-1,-1,-1,-1
110,451,0.9183911033,0.286119629,0.005087484400000064,0.029378103900000008,-1,-1,-1,-1
111,451,0.9184036019,0.2859419118,0.005087484399999953,0.0293781038,-1,-1,-1,-1
112,451,0.9184161005,0.2857641945,0.005087484399999953,0.029378103900000008,-1,-1,-1,-1
113,451,0.9184285991,0.2855864773,0.005087484400000064,0.0293781038,-1,-1,-1,-1
114,451,0.9184410977,0.28540876,0.005087484399999953,0.029378103900000008,-1,-1,-1,-1
115,451,0.9184971662,0.28540876,0.005087484399999953,0.029378103900000008,-1,-1,-1,-1
116,451,0.9185532347,0.28540876,0.005087484399999953,0.029378103900000008,-1,-1,-1,-1
117,451,0.9186093031,0.28540876,0.005087484399999953,0.029378103900000008,-1,-1,-1,-1
118,451,0.9186653716,0.28540876,0.005087484400000064,0.029378103900000008,-1,-1,-1,-1
119,451,0.9187214401,0.28540876,0.005087484399999953,0.029378103900000008,-1,-1,-1,-1
120,451,0.9187775086,0.28540876,0.005087484400000064,0.029378103900000008,-1,-1,-1,-1
121,451,0.9188335771,0.28540876,0.005087484399999953,0.029378103900000008,-1,-1,-1,-1
122,451,0.9188896455,0.28540876,0.005087484400000064,0.029378103900000008,-1,-1,-1,-1
123,451,0.918945714,0.28540876,0.005087484399999953,0.029378103900000008,-1,-1,-1,-1
124,451,0.9190017825,0.28540876,0.005087484400000064,0.029378103900000008,-1,-1,-1,-1
125,451,0.9189859585,0.2853806511,0.005029536000000001,0.029378103900000008,-1,-1,-1,-1
126,451,0.9189701345,0.2853525422,0.004971587600000049,0.0293781038,-1,-1,-1,-1
127,451,0.9189543105,0.2853244332,0.004913639199999986,0.029378103900000008,-1,-1,-1,-1
128,451,0.9189384864,0.2852963243,0.0048556909000000426,0.0293781038,-1,-1,-1,-1
129,451,0.9189226624,0.2852682154,0.00479774249999998,0.0293781038,-1,-1,-1,-1
130,451,0.9189068384,0.2852401064,0.004739794100000028,0.029378103899999952,-1,-1,-1,-1
131,451,0.9188910144,0.2852119975,0.004681845699999965,0.0293781038,-1,-1,-1,-1
132,451,0.9188751904,0.2851838886,0.004623897300000013,0.0293781038,-1,-1,-1,-1
133,451,0.9189015455,0.2851745298,0.004592267499999969,0.0293781038,-1,-1,-1,-1
134,451,0.9189279006,0.2851651709,0.004560637800000045,0.0293781038,-1,-1,-1,-1
135,451,0.9189542557,0.2851558121,0.004529008000000001,0.0293781038,-1,-1,-1,-1
136,451,0.9189806108,0.2851464532,0.004497378199999957,0.029378103900000008,-1,-1,-1,-1
137,451,0.9190069659,0.2851370944,0.004465748400000025,0.0293781038,-1,-1,-1,-1
138,451,0.919033321,0.2851277356,0.004434118599999981,0.0293781038,-1,-1,-1,-1
139,451,0.9190596761,0.2851183767,0.004402488900000057,0.0293781038,-1,-1,-1,-1
140,451,0.9190860312,0.2851090179,0.004370859100000013,0.0293781038,-1,-1,-1,-1
141,451,0.9191282286,0.2844345332,0.004370859100000013,0.0293781038,-1,-1,-1,-1
142,451,0.9190649326,0.2848092758,0.004370859000000005,0.0293781038,-1,-1,-1,-1
143,451,0.9190016365,0.2851840183,0.004370859100000013,0.0293781038,-1,-1,-1,-1
144,451,0.9192035706,0.2851683954,0.004370859100000013,0.0293781038,-1,-1,-1,-1
145,451,0.9194055047,0.2851527725,0.00437085919999991,0.0293781038,-1,-1,-1,-1
146,451,0.9196074389,0.2851371495,0.004370859100000013,0.0293781038,-1,-1,-1,-1
147,451,0.919809373,0.2851215266,0.004370859200000021,0.0293781038,-1,-1,-1,-1
148,451,0.9200113071,0.2851059037,0.004370859200000021,0.0293781038,-1,-1,-1,-1
149,451,0.9203186617,0.2852618734,0.00467938170000004,0.0293781038,-1,-1,-1,-1
150,451,0.9203186617,0.2852618734,0.004986590300000038,0.0293781038,-1,-1,-1,-1
151,451,0.9202770275,0.2852495463,0.004986590300000038,0.0293781038,-1,-1,-1,-1
152,451,0.9202353933,0.2852372193,0.004986590299999927,0.0293781038,-1,-1,-1,-1
153,451,0.9201937591,0.2852248922,0.004986590300000038,0.0293781038,-1,-1,-1,-1
154,451,0.920152125,0.2852125652,0.004986590300000038,0.0293781038,-1,-1,-1,-1
155,451,0.9201104908,0.2852002381,0.004986590300000038,0.0293781038,-1,-1,-1,-1
156,451,0.9200688566,0.2851879111,0.004986590299999927,0.0293781038,-1,-1,-1,-1
157,451,0.9200272224,0.285175584,0.004986590300000038,0.0293781038,-1,-1,-1,-1
158,451,0.9199301247,0.2850892946,0.0049865902000000295,0.0293781038,-1,-1,-1,-1
159,451,0.9194444899,0.2850892946,0.0050157925999999575,0.0293781038,-1,-1,-1,-1
160,451,0.9196386854,0.2850892946,0.0050157925999999575,0.0293781038,-1,-1,-1,-1
161,451,0.9195577463,0.2850988823,0.0050157926000000685,0.0293781038,-1,-1,-1,-1
162,451,0.9194768071,0.28510847,0.0050157925999999575,0.0293781038,-1,-1,-1,-1
163,451,0.919395868,0.2851180577,0.0050157926000000685,0.0293781038,-1,-1,-1,-1
164,451,0.9193149289,0.2851276454,0.0050157925999999575,0.0293781038,-1,-1,-1,-1
165,451,0.9192339897,0.2851372332,0.0050157925999999575,0.0293781038,-1,-1,-1,-1
166,451,0.9191530506,0.2851468209,0.0050157926000000685,0.0293781038,-1,-1,-1,-1
167,451,0.9190721115,0.2851564086,0.0050157925999999575,0.0293781038,-1,-1,-1,-1
168,451,0.9189911723,0.2851659963,0.0050157925999999575,0.0293781038,-1,-1,-1,-1
169,451,0.9189102332,0.285175584,0.0050157926000000685,0.0293781038,-1,-1,-1,-1
170,451,0.9194301807,0.2850599692,0.0050157925999999575,0.0293781038,-1,-1,-1,-1
171,451,0.9194725728,0.2850599692,0.0050157925999999575,0.0293781038,-1,-1,-1,-1
172,451,0.9195149648,0.2850599692,0.0050157926000000685,0.0293781038,-1,-1,-1,-1
173,451,0.9195573568,0.2850599692,0.005015792700000077,0.0293781038,-1,-1,-1,-1
174,451,0.9195997489,0.2850599692,0.005015792700000077,0.0293781038,-1,-1,-1,-1
175,451,0.919642141,0.2850599692,0.0050157926000000685,0.0293781038,-1,-1,-1,-1
176,451,0.919684533,0.2850599692,0.005015792700000077,0.0293781038,-1,-1,-1,-1
177,451,0.919684533,0.2850599692,0.004910226300000042,0.0293781038,-1,-1,-1,-1
178,451,0.919684533,0.2850599692,0.0048046598,0.0293781038,-1,-1,-1,-1
179,451,0.919684533,0.2850599692,0.004699093400000076,0.0293781038,-1,-1,-1,-1
180,451,0.919684533,0.2850599692,0.004593526900000033,0.0293781038,-1,-1,-1,-1
181,451,0.919684533,0.2850599692,0.004487960499999999,0.0293781038,-1,-1,-1,-1
182,451,0.9196701427,0.2851196437,0.004487960499999999,0.0293781038,-1,-1,-1,-1
183,451,0.9196557525,0.2851793182,0.004487960499999999,0.0293781038,-1,-1,-1,-1
184,451,0.9196413622,0.2852389927,0.004487960499999999,0.0293781038,-1,-1,-1,-1
185,451,0.919626972,0.2852986672,0.004487960499999999,0.0293781038,-1,-1,-1,-1
186,451,0.9196125817,0.2853583416,0.004487960499999999,0.029378103900000008,-1,-1,-1,-1
187,451,0.9195981915,0.2854180161,0.004487960499999999,0.029378103900000008,-1,-1,-1,-1
188,451,0.9195838012,0.2854776906,0.004487960499999999,0.029378103900000008,-1,-1,-1,-1
189,451,0.919569411,0.2855373651,0.004487960499999999,0.029378103900000008,-1,-1,-1,-1
190,451,0.9195550207,0.2855970396,0.004487960499999999,0.029378103900000008,-1,-1,-1,-1
191,451,0.9195550207,0.2855970396,0.004487960499999999,0.029378103900000008,-1,-1,-1,-1
192,451,0.9191857572,0.2857428882,0.004487960499999999,0.0293781038,-1,-1,-1,-1
193,451,0.9191857572,0.2857428882,0.004934026100000044,0.0293781038,-1,-1,-1,-1
194,451,0.9191857572,0.2857428882,0.00430953420000002,0.0293781038,-1,-1,-1,-1
195,451,0.9191857572,0.2857428882,0.004703035600000072,0.0293781038,-1,-1,-1,-1
196,451,0.9189127154,0.2863902534,0.004703035600000072,0.023465787299999985,-1,-1,-1,-1
197,451,0.9188354752,0.2863902534,0.004780275800000067,0.023465787299999985,-1,-1,-1,-1
198,451,0.918758235,0.2863902534,0.004857516000000062,0.023465787299999985,-1,-1,-1,-1
199,451,0.9186809949,0.2863902534,0.004934756100000048,0.023465787299999985,-1,-1,-1,-1
200,451,0.9186037547,0.2863902534,0.005011996300000043,0.023465787299999985,-1,-1,-1,-1
201,451,0.9186037547,0.2854247203,0.005011996300000043,0.02443132040000001,-1,-1,-1,-1
202,451,0.9192819789,0.2852740707,0.004371151100000081,0.02443132040000001,-1,-1,-1,-1
203,451,0.9187214401,0.2855230773,0.00475486979999995,0.02443132040000001,-1,-1,-1,-1
204,451,0.9188118214,0.2854427568,0.005019442900000004,0.02443132040000001,-1,-1,-1,-1
205,451,0.9189022026,0.2853624363,0.005284016000000058,0.024431320300000003,-1,-1,-1,-1
206,451,0.9189022026,0.2853624363,0.005284016000000058,0.024431320300000003,-1,-1,-1,-1
207,451,0.9189022026,0.2853624363,0.005284016000000058,0.024431320300000003,-1,-1,-1,-1
208,451,0.9189022026,0.2853624363,0.005284016000000058,0.024431320300000003,-1,-1,-1,-1
209,451,0.9189022026,0.2853624363,0.005284016000000058,0.024431320300000003,-1,-1,-1,-1
210,451,0.9190370808,0.2855803982,0.005126067999999928,0.02440981280000004,-1,-1,-1,-1
211,451,0.9191719591,0.28579836,0.004968119800000004,0.024388305400000032,-1,-1,-1,-1
212,451,0.9193068374,0.2860163219,0.004810171600000079,0.024366797800000006,-1,-1,-1,-1
213,451,0.9194417156,0.2862342837,0.0046522236000000605,0.024345290399999997,-1,-1,-1,-1
214,451,0.9194417156,0.2860050653,0.0046522236000000605,0.02457450879999995,-1,-1,-1,-1
215,451,0.9194417156,0.2857758469,0.0046522236000000605,0.02480372719999996,-1,-1,-1,-1
216,451,0.9194417156,0.2855466285,0.0046522236000000605,0.025032945599999967,-1,-1,-1,-1
217,451,0.9194417156,0.2853174101,0.0046522236000000605,0.025262163999999976,-1,-1,-1,-1
218,451,0.9197262924,0.2849561624,0.003958814199999994,0.025262164099999984,-1,-1,-1,-1
219,451,0.9197262924,0.2843485033,0.003958814199999994,0.025869823199999975,-1,-1,-1,-1
220,451,0.9197262924,0.2834292941,0.003824775499999933,0.026789032399999968,-1,-1,-1,-1
221,451,0.9197262924,0.2827069285,0.003824775499999933,0.027511397999999965,-1,-1,-1,-1
222,451,0.9197262924,0.2845541705,0.0036298498999999262,0.025664155999999994,-1,-1,-1,-1
223,451,0.9194672677,0.2845541705,0.0038888745999999808,0.025664155999999994,-1,-1,-1,-1
224,451,0.9191349451,0.2849479876,0.004054889899999914,0.025664155899999985,-1,-1,-1,-1
225,451,0.919558671,0.2850233773,0.004054889900000025,0.025664155899999985,-1,-1,-1,-1
226,451,0.9196858471,0.2850233773,0.003933554199999967,0.025664155899999985,-1,-1,-1,-1
227,451,0.9196858471,0.2850233773,0.003933554199999967,0.025664155899999985,-1,-1,-1,-1
228,451,0.9196858471,0.2850233773,0.003933554199999967,0.025664155899999985,-1,-1,-1,-1
229,451,0.9196858471,0.2850233773,0.003933554199999967,0.025664155899999985,-1,-1,-1,-1
230,451,0.9196858471,0.2850233773,0.003933554199999967,0.025664155899999985,-1,-1,-1,-1
231,451,0.9196858471,0.2850233773,0.003933554199999967,0.025664155899999985,-1,-1,-1,-1
232,451,0.9196858471,0.2850233773,0.003933554199999967,0.025664155899999985,-1,-1,-1,-1
233,451,0.9196858471,0.2850233773,0.003933554199999967,0.025664155899999985,-1,-1,-1,-1
234,451,0.9196858471,0.2850233773,0.003933554199999967,0.025664155899999985,-1,-1,-1,-1
