6,257,0.1614470661,0.3056291575,0.0026051400999999863,0.013029959599999974,-1,-1,-1,-1
7,257,0.1614907601,0.3057622897,0.002587448300000017,0.012961814799999971,-1,-1,-1,-1
8,257,0.1614186934,0.3057501868,0.0025697566000000005,0.012893670000000024,-1,-1,-1,-1
9,257,0.1613915691,0.3056049516,0.0025520648000000035,0.012825525199999965,-1,-1,-1,-1
10,257,0.1614060581,0.3056076412,0.002534373099999987,0.01275738030000001,-1,-1,-1,-1
11,257,0.1614205471,0.3056103307,0.00251668129999999,0.012689235500000007,-1,-1,-1,-1
12,257,0.1614350361,0.3056130202,0.002498989499999993,0.012621090700000004,-1,-1,-1,-1
13,257,0.1614495251,0.3056157098,0.002481297800000004,0.012552945799999993,-1,-1,-1,-1
14,257,0.1614640141,0.3056183993,0.0024636061000000153,0.01248480099999999,-1,-1,-1,-1
15,257,0.1614785031,0.3056210889,0.0024459142999999905,0.012416656099999979,-1,-1,-1,-1
16,257,0.1614929921,0.3056237784,0.002428222600000002,0.012348511300000031,-1,-1,-1,-1
17,257,0.1615074811,0.3056264679,0.002410530900000013,0.012280366500000028,-1,-1,-1,-1
18,257,0.1615219701,0.3056291575,0.002392839100000016,0.012212221599999962,-1,-1,-1,-1
19,257,0.1615973121,0.3055845205,0.0023928390999999882,0.012212221599999962,-1,-1,-1,-1
20,257,0.161483934,0.3055845205,0.002481103200000001,0.012355864299999963,-1,-1,-1,-1
21,257,0.1615090481,0.3055845205,0.002481103099999993,0.012355864299999963,-1,-1,-1,-1
22,257,0.161257908,0.3055845205,0.0026317871999999853,0.012623685800000006,-1,-1,-1,-1
23,257,0.16145882,0.3054506098,0.0025815592,0.013025418100000019,-1,-1,-1,-1
24,257,0.1608560839,0.3054506098,0.0031340672999999875,0.013427150400000032,-1,-1,-1,-1
25,257,0.1608058559,0.3055398836,0.003134067300000015,0.013427150499999985,-1,-1,-1,-1
26,257,0.1607807419,0.3054952467,0.003134067300000015,0.013427150399999976,-1,-1,-1,-1
27,257,0.1607807419,0.3055398836,0.003134067300000015,0.013427150499999985,-1,-1,-1,-1
28,257,0.1607305139,0.3056291575,0.0031340672999999875,0.013427150399999976,-1,-1,-1,-1
29,257,0.1607053999,0.3056291575,0.003134067300000015,0.013427150399999976,-1,-1,-1,-1
30,257,0.1607053999,0.3055981452,0.003134067300000015,0.013427150399999976,-1,-1,-1,-1
31,257,0.1607925688,0.3055981452,0.0031340672999999875,0.013427150399999976,-1,-1,-1,-1
32,257,0.1607402236,0.3055671329,0.0031340673999999957,0.01342715050000004,-1,-1,-1,-1
33,257,0.1606878785,0.3056290277,0.003134067300000015,0.013427150499999985,-1,-1,-1,-1
34,257,0.1607227022,0.3056290277,0.0031340673999999957,0.013427150499999985,-1,-1,-1,-1
35,257,0.1614026786,0.3055980154,0.002636386500000004,0.013269234399999996,-1,-1,-1,-1
36,257,0.1614026786,0.3055980154,0.0026325902000000068,0.013269234399999996,-1,-1,-1,-1
37,257,0.1614026786,0.3055980154,0.0026287939000000093,0.013269234399999996,-1,-1,-1,-1
38,257,0.1614026786,0.3055980154,0.002624997600000012,0.013269234399999996,-1,-1,-1,-1
39,257,0.1614026786,0.3055980154,0.0026212013000000145,0.013269234399999996,-1,-1,-1,-1
40,257,0.1614026786,0.3055980154,0.002617405000000017,0.013269234399999996,-1,-1,-1,-1
41,257,0.1614026786,0.3055980154,0.002617405000000017,0.013269234399999996,-1,-1,-1,-1
42,257,0.1614026786,0.3055980154,0.002617405000000017,0.013269234399999996,-1,-1,-1,-1
43,257,0.1614026786,0.3055980154,0.002617405000000017,0.013269234399999996,-1,-1,-1,-1
44,257,0.1614026786,0.3055980154,0.002617405000000017,0.013269234399999996,-1,-1,-1,-1
45,257,0.1614026786,0.3055980154,0.002617405000000017,0.013269234399999996,-1,-1,-1,-1
46,257,0.1614026786,0.3055980154,0.002617405000000017,0.013269234399999996,-1,-1,-1,-1
47,257,0.1614026786,0.3055980154,0.002617405000000017,0.013269234399999996,-1,-1,-1,-1
48,257,0.1614026786,0.3055980154,0.002617405000000017,0.013269234399999996,-1,-1,-1,-1
49,257,0.1614026786,0.3055980154,0.002617405000000017,0.013269234399999996,-1,-1,-1,-1
50,257,0.1614026786,0.3055980154,0.002617405000000017,0.013269234399999996,-1,-1,-1,-1
51,257,0.1614026786,0.3055980154,0.002617405000000017,0.013269234399999996,-1,-1,-1,-1
52,257,0.1614026786,0.3055980154,0.002617405000000017,0.013269234399999996,-1,-1,-1,-1
53,257,0.1614026786,0.3055980154,0.002617405000000017,0.013269234399999996,-1,-1,-1,-1
54,257,0.1614026786,0.3055980154,0.002617405000000017,0.013269234399999996,-1,-1,-1,-1
55,257,0.1614026786,0.3055980154,0.002617405000000017,0.013269234399999996,-1,-1,-1,-1
56,257,0.1614026786,0.3055980154,0.002617405000000017,0.013269234399999996,-1,-1,-1,-1
57,257,0.1614026786,0.3055980154,0.002617405000000017,0.013269234399999996,-1,-1,-1,-1
58,257,0.1614026786,0.3055980154,0.002617405000000017,0.013269234399999996,-1,-1,-1,-1
59,257,0.1614026786,0.3055980154,0.002617405000000017,0.013269234399999996,-1,-1,-1,-1
60,257,0.1614026786,0.3055980154,0.002617405000000017,0.013269234399999996,-1,-1,-1,-1
61,257,0.1614026786,0.3055980154,0.002617405000000017,0.013269234399999996,-1,-1,-1,-1
62,257,0.1614026786,0.3055980154,0.002617405000000017,0.013269234399999996,-1,-1,-1,-1
63,257,0.1614026786,0.3055980154,0.002617405000000017,0.013269234399999996,-1,-1,-1,-1
64,257,0.1614026786,0.3055980154,0.002617405000000017,0.013269234399999996,-1,-1,-1,-1
65,257,0.1614026786,0.3055980154,0.002617405000000017,0.013269234399999996,-1,-1,-1,-1
66,257,0.1614026786,0.3055980154,0.002617405000000017,0.013269234399999996,-1,-1,-1,-1
67,257,0.1614026786,0.3055980154,0.002617405000000017,0.013269234399999996,-1,-1,-1,-1
68,257,0.1614026786,0.3055980154,0.002617405000000017,0.013269234399999996,-1,-1,-1,-1
69,257,0.1614026786,0.3055980154,0.002617405000000017,0.013269234399999996,-1,-1,-1,-1
70,257,0.1614026786,0.3055980154,0.002617405000000017,0.013269234399999996,-1,-1,-1,-1
71,257,0.1614026786,0.3055980154,0.002617405000000017,0.013269234399999996,-1,-1,-1,-1
72,257,0.1614026786,0.3055980154,0.002617405000000017,0.013269234399999996,-1,-1,-1,-1
73,257,0.1614026786,0.3055980154,0.002617405000000017,0.013269234399999996,-1,-1,-1,-1
74,257,0.1614026786,0.3055980154,0.002617405000000017,0.013269234399999996,-1,-1,-1,-1
75,257,0.1614026786,0.3055980154,0.002617405000000017,0.013269234399999996,-1,-1,-1,-1
76,257,0.1614026786,0.3055980154,0.002617405000000017,0.013269234399999996,-1,-1,-1,-1
77,257,0.1614026786,0.3055980154,0.002617405000000017,0.013269234399999996,-1,-1,-1,-1
78,257,0.1614026786,0.3055980154,0.002617405000000017,0.013269234399999996,-1,-1,-1,-1
79,257,0.1614026786,0.3055980154,0.002617405000000017,0.013269234399999996,-1,-1,-1,-1
80,257,0.1614026786,0.3055980154,0.002617405000000017,0.013269234399999996,-1,-1,-1,-1
81,257,0.1614026786,0.3055980154,0.002617405000000017,0.013269234399999996,-1,-1,-1,-1
82,257,0.1614026786,0.3055980154,0.002617405000000017,0.013269234399999996,-1,-1,-1,-1
83,257,0.1614026786,0.3055980154,0.002617405000000017,0.013269234399999996,-1,-1,-1,-1
84,257,0.1614026786,0.3055980154,0.002617405000000017,0.013269234399999996,-1,-1,-1,-1
85,257,0.1614026786,0.3055980154,0.002617405000000017,0.013269234399999996,-1,-1,-1,-1
86,257,0.1614026786,0.3055980154,0.002617405000000017,0.013269234399999996,-1,-1,-1,-1
87,257,0.1614026786,0.3055980154,0.002617405000000017,0.013269234399999996,-1,-1,-1,-1
88,257,0.1614026786,0.3055980154,0.002617405000000017,0.013269234399999996,-1,-1,-1,-1
89,257,0.1614026786,0.3055980154,0.002617405000000017,0.013269234399999996,-1,-1,-1,-1
90,257,0.1614026786,0.3055980154,0.002617405000000017,0.013269234399999996,-1,-1,-1,-1
91,257,0.1614026786,0.3055980154,0.002617405000000017,0.013269234399999996,-1,-1,-1,-1
92,257,0.1614026786,0.3055980154,0.002617405000000017,0.013269234399999996,-1,-1,-1,-1
93,257,0.1614026786,0.3055980154,0.002617405000000017,0.013269234399999996,-1,-1,-1,-1
94,257,0.1614026786,0.3055980154,0.002617405000000017,0.013269234399999996,-1,-1,-1,-1
95,257,0.1614026786,0.3055980154,0.002617405000000017,0.013269234399999996,-1,-1,-1,-1
96,257,0.1614026786,0.3055980154,0.002617405000000017,0.013269234399999996,-1,-1,-1,-1
97,257,0.1614026786,0.3055980154,0.002617405000000017,0.013269234399999996,-1,-1,-1,-1
98,257,0.1614026786,0.3055980154,0.002617405000000017,0.013269234399999996,-1,-1,-1,-1
99,257,0.1614026786,0.3055980154,0.002617405000000017,0.013269234399999996,-1,-1,-1,-1
100,257,0.1614026786,0.3055980154,0.002617405000000017,0.013269234399999996,-1,-1,-1,-1
101,257,0.1614026786,0.3055980154,0.002617405000000017,0.013269234399999996,-1,-1,-1,-1
102,257,0.1614026786,0.3055980154,0.002617405000000017,0.013269234399999996,-1,-1,-1,-1
103,257,0.1614026786,0.3055980154,0.002617405000000017,0.013269234399999996,-1,-1,-1,-1
104,257,0.1614026786,0.3055980154,0.002617405000000017,0.013269234399999996,-1,-1,-1,-1
105,257,0.1614026786,0.3055980154,0.002617405000000017,0.013269234399999996,-1,-1,-1,-1
106,257,0.1614026786,0.3055980154,0.002617405000000017,0.013269234399999996,-1,-1,-1,-1
107,257,0.1614026786,0.3055980154,0.002617405000000017,0.013269234399999996,-1,-1,-1,-1
108,257,0.1614026786,0.3055980154,0.002617405000000017,0.013269234399999996,-1,-1,-1,-1
109,257,0.1614026786,0.3055980154,0.002617405000000017,0.013269234399999996,-1,-1,-1,-1
110,257,0.1614026786,0.3055980154,0.002617405000000017,0.013269234399999996,-1,-1,-1,-1
111,257,0.1613943559,0.3055980154,0.0026257276999999968,0.013269234399999996,-1,-1,-1,-1
112,257,0.1613860332,0.3055980154,0.0026340504000000042,0.013269234399999996,-1,-1,-1,-1
113,257,0.1613777106,0.3055980154,0.0026423730000000034,0.013269234399999996,-1,-1,-1,-1
114,257,0.1613693879,0.3055980154,0.002650695700000011,0.013269234399999996,-1,-1,-1,-1
115,257,0.1613100342,0.3056683445,0.002650695699999983,0.013269234399999996,-1,-1,-1,-1
116,257,0.1611516845,0.3056683445,0.0028090453999999876,0.013269234399999996,-1,-1,-1,-1
117,257,0.1611516845,0.3056683445,0.0028090453999999876,0.013269234399999996,-1,-1,-1,-1
118,257,0.1611516845,0.3056683445,0.0028090453999999876,0.013269234399999996,-1,-1,-1,-1
119,257,0.1611516845,0.3056683445,0.0028090453999999876,0.013269234399999996,-1,-1,-1,-1
120,257,0.1611516845,0.3056683445,0.0028090453999999876,0.013269234399999996,-1,-1,-1,-1
121,257,0.1611516845,0.3056683445,0.0028090453999999876,0.013269234399999996,-1,-1,-1,-1
122,257,0.1611516845,0.3056683445,0.0028090453999999876,0.013269234399999996,-1,-1,-1,-1
123,257,0.1611516845,0.3056683445,0.0028090453999999876,0.013269234399999996,-1,-1,-1,-1
124,257,0.1611516845,0.3056683445,0.0028090453999999876,0.013269234399999996,-1,-1,-1,-1
125,257,0.1611516845,0.3056683445,0.0028090453999999876,0.013269234399999996,-1,-1,-1,-1
126,257,0.1611516845,0.3056683445,0.0028090453999999876,0.013269234399999996,-1,-1,-1,-1
127,257,0.1611516845,0.3056683445,0.0028090453999999876,0.013269234399999996,-1,-1,-1,-1
128,257,0.1611516845,0.3056683445,0.0028090453999999876,0.013269234399999996,-1,-1,-1,-1
129,257,0.1611516845,0.3056683445,0.0028090453999999876,0.013269234399999996,-1,-1,-1,-1
130,257,0.1611516845,0.3056683445,0.0028090453999999876,0.013269234399999996,-1,-1,-1,-1
131,257,0.1611516845,0.3056683445,0.0028090453999999876,0.013269234399999996,-1,-1,-1,-1
132,257,0.1611276291,0.3057751358,0.0028090453999999876,0.013269234399999996,-1,-1,-1,-1
133,257,0.1611035737,0.305881927,0.002809045300000007,0.013269234399999996,-1,-1,-1,-1
134,257,0.1610555358,0.3061382001,0.0028090453999999876,0.013269234300000043,-1,-1,-1,-1
135,257,0.1610555358,0.3060812361,0.0028090453999999876,0.013269234299999988,-1,-1,-1,-1
136,257,0.1610555358,0.3060242721,0.0028090453999999876,0.013269234399999996,-1,-1,-1,-1
137,257,0.1610555358,0.3059673081,0.0028090453999999876,0.013269234399999996,-1,-1,-1,-1
138,257,0.1610315169,0.3056682148,0.0028090453999999876,0.013269234299999988,-1,-1,-1,-1
139,257,0.161007498,0.3056682148,0.0028090453999999876,0.013269234299999988,-1,-1,-1,-1
140,257,0.1611036467,0.3056682148,0.002809045300000007,0.013269234299999988,-1,-1,-1,-1
141,257,0.1612238143,0.3055827039,0.002809045300000007,0.013269234400000052,-1,-1,-1,-1
142,257,0.1611516845,0.305668085,0.0028090453999999876,0.013269234399999996,-1,-1,-1,-1
143,257,0.1611036467,0.3059243581,0.002809045300000007,0.013269234299999988,-1,-1,-1,-1
144,257,0.1611276656,0.3059243581,0.0028090454000000153,0.013269234299999988,-1,-1,-1,-1
145,257,0.1611516845,0.3057535959,0.0028090453999999876,0.013269234299999988,-1,-1,-1,-1
146,257,0.1611516845,0.3056255242,0.0028090453999999876,0.013269234399999996,-1,-1,-1,-1
147,257,0.1611516845,0.3056255242,0.0028090453999999876,0.013269234399999996,-1,-1,-1,-1
148,257,0.1611516845,0.3056255242,0.0028090453999999876,0.013269234399999996,-1,-1,-1,-1
