199,102,0.925142595,0.6430050305,0.02268407980000009,0.10331527779999994,-1,-1,-1,-1
200,102,0.9054965798,0.6264457692,0.02329163440000004,0.11375486860000006,-1,-1,-1,-1
201,102,0.8844326454,0.6142064281,0.02126630659999995,0.11483471879999996,-1,-1,-1,-1
202,102,0.8637738933,0.5983670671,0.021468824800000008,0.11303483859999996,-1,-1,-1,-1
203,102,0.8514191165,0.5886475064,0.019240978899999983,0.10511515800000004,-1,-1,-1,-1
204,102,0.838254121,0.5774880155,0.02065875210000001,0.10727511810000001,-1,-1,-1,-1
205,102,0.8252916437,0.568488355,0.019646161200000067,0.11195498830000006,-1,-1,-1,-1
206,102,0.8153021098,0.558624373,0.018417181000000005,0.10577147659999997,-1,-1,-1,-1
207,102,0.8054974267,0.5530347659,0.020452145499999963,0.108401941,-1,-1,-1,-1
208,102,0.7949527565,0.5454724403,0.018417326999999983,0.10346982030000007,-1,-1,-1,-1
209,102,0.7838532419,0.5365947528,0.021007135899999918,0.1008394856,-1,-1,-1,-1
210,102,0.7764535169,0.5352796503,0.021192132699999977,0.09722259710000003,-1,-1,-1,-1
211,102,0.7672038241,0.5306764674,0.021192132699999977,0.09722259710000003,-1,-1,-1,-1
212,102,0.7609140797,0.5287037489,0.0241520811,0.0962360431999999,-1,-1,-1,-1
213,102,0.7440796651,0.524100566,0.028037013399999977,0.0942631948,-1,-1,-1,-1
214,102,0.7331651474,0.5175245347,0.028777000399999975,0.09426319490000001,-1,-1,-1,-1
215,102,0.7265054094,0.5109485035,0.021007281900000008,0.08900239590000003,-1,-1,-1,-1
216,102,0.7226204771,0.5020709457,0.021007281900000008,0.08900239590000003,-1,-1,-1,-1
217,102,0.7187356909,0.4958237226,0.020267294699999994,0.0896600119,-1,-1,-1,-1
218,102,0.7187356909,0.4928645799,0.018787320499999982,0.08768716360000006,-1,-1,-1,-1
219,102,0.7157757424,0.488919013,0.018047479500000074,0.0867006098,-1,-1,-1,-1
220,102,0.7137407779,0.4859597406,0.016012515000000005,0.08341278880000003,-1,-1,-1,-1
221,102,0.7122609497,0.4803701335,0.01712234960000003,0.07913828420000002,-1,-1,-1,-1
222,102,0.7089990492,0.4751936775,0.019919786999999967,0.08048232279999995,-1,-1,-1,-1
223,102,0.708183574,0.4706385053,0.017939430900000053,0.0786187311,-1,-1,-1,-1
224,102,0.7062030719,0.4638055522,0.020851925400000026,0.07634108010000001,-1,-1,-1,-1
225,102,0.7031742059,0.4573867883,0.020851925500000035,0.07634108009999996,-1,-1,-1,-1
226,102,0.7030576886,0.4524174269,0.0198034158,0.07716919880000006,-1,-1,-1,-1
227,102,0.7023587308,0.4478621248,0.018638388700000008,0.07282099139999998,-1,-1,-1,-1
228,102,0.7002617113,0.4418574203,0.016308480600000008,0.07116462409999996,-1,-1,-1,-1
229,102,0.6994462362,0.4362667752,0.014561013000000012,0.06971522159999999,-1,-1,-1,-1
230,102,0.6965338876,0.4310903192,0.014327978399999997,0.06930116219999999,-1,-1,-1,-1
231,102,0.6919905887,0.4273632657,0.015143453500000015,0.06826581910000001,-1,-1,-1,-1
232,102,0.687913213,0.4236362122,0.01642485189999998,0.06578120330000004,-1,-1,-1,-1
233,102,0.6847678298,0.418045567,0.014560867000000033,0.0643318008,-1,-1,-1,-1
234,102,0.6820885158,0.4145254783,0.014327832400000018,0.062468468699999946,-1,-1,-1,-1
