1,327,0.1774901705,0.5789000475,0.031069164600000004,0.08950404229999998,-1,-1,-1,-1
2,327,0.1997814059,0.577873528,0.030607183700000012,0.09196750749999993,-1,-1,-1,-1
3,327,0.2145652328,0.5743836731,0.024139305,0.09237806329999998,-1,-1,-1,-1
4,327,0.2381269887,0.5717150597,0.021020788000000012,0.09258334130000001,-1,-1,-1,-1
5,327,0.2579927514,0.5663777031,0.018133407300000015,0.0934044531,-1,-1,-1,-1
6,327,0.2771655428,0.5645302016,0.017093804300000015,0.09032502419999999,-1,-1,-1,-1
7,327,0.2966848198,0.5589874373,0.017440436000000004,0.09114626589999997,-1,-1,-1,-1
8,327,0.3141251828,0.5579610475,0.0195193501,0.08909348640000003,-1,-1,-1,-1
9,327,0.3312190601,0.5550870264,0.023330692499999972,0.0897093202,-1,-1,-1,-1
10,327,0.3481974422,0.5557028603,0.025063120900000013,0.0880670966,-1,-1,-1,-1
11,327,0.3662152813,0.5540605069,0.0266057341,0.08991472789999999,-1,-1,-1,-1
12,327,0.3815050386,0.5540605069,0.02389575760000001,0.08509069600000008,-1,-1,-1,-1
13,327,0.4043837519,0.5554734473,0.01965353480000004,0.08419224809999992,-1,-1,-1,-1
14,327,0.4157337495,0.5568863876,0.028002262599999994,0.09062956750000006,-1,-1,-1,-1
15,327,0.438902734,0.5601162065,0.02589502229999996,0.09011935709999996,-1,-1,-1,-1
16,327,0.4550070903,0.5604128345,0.02388400369999999,0.09164518730000004,-1,-1,-1,-1
17,327,0.4779042012,0.5618837769,0.02113416600000001,0.09141071369999998,-1,-1,-1,-1
18,327,0.49554314,0.5617036721,0.01827934600000003,0.08933535609999999,-1,-1,-1,-1
19,327,0.509527991,0.5645854787,0.019963882600000038,0.09239739730000007,-1,-1,-1,-1
20,327,0.5239181704,0.5633246153,0.026404603000000026,0.09401860009999996,-1,-1,-1,-1
21,327,0.5410444623,0.5671070757,0.025233589499999987,0.09293784150000006,-1,-1,-1,-1
22,327,0.5588295588,0.5668458718,0.026474688600000018,0.09438166439999995,-1,-1,-1,-1
23,327,0.5722949003,0.5657579765,0.019808818200000022,0.09714539079999995,-1,-1,-1,-1
24,327,0.5858903382,0.5714524285,0.02074650509999998,0.10390866350000005,-1,-1,-1,-1
25,327,0.5998759193,0.5761669442,0.027122980400000052,0.1037385501,-1,-1,-1,-1
26,327,0.6185757789,0.5853355503,0.02623552149999997,0.11088967100000002,-1,-1,-1,-1
27,327,0.6368887076,0.5917536654,0.030233320799999963,0.10813892050000007,-1,-1,-1,-1
28,327,0.6603989214,0.6001738245,0.03336935929999996,0.10143351999999994,-1,-1,-1,-1
29,327,0.6914427529,0.6069966564,0.022091856500000007,0.10010012160000004,-1,-1,-1,-1
30,327,0.7132945663,0.6149840708,0.022091856500000007,0.10010012170000004,-1,-1,-1,-1
31,327,0.738982106,0.6261129387,0.022091856500000007,0.10010012160000004,-1,-1,-1,-1
32,327,0.7615340452,0.6354830598,0.022091856600000015,0.10010012160000004,-1,-1,-1,-1
33,327,0.7735840957,0.6485342998,0.022473385000000068,0.10202028799999996,-1,-1,-1,-1
34,327,0.8029560937,0.6657925701,0.022150261199999965,0.10413561119999992,-1,-1,-1,-1
35,327,0.8446622809,0.6727995293,0.022150261200000076,0.10413561120000003,-1,-1,-1,-1
