59,143,0.8443322945,0.2333102017,0.0022402568999999595,0.00880839650000001,-1,-1,-1,-1
60,143,0.8446717716,0.2333102017,0.0022402570000000788,0.00880839650000001,-1,-1,-1,-1
61,143,0.8458259938,0.2331895263,0.0022402568999999595,0.008808396499999982,-1,-1,-1,-1
62,143,0.8469121746,0.2327068247,0.0022402568999999595,0.008808396499999982,-1,-1,-1,-1
63,143,0.8474551919,0.2328275001,0.0022402570000000788,0.00880839650000001,-1,-1,-1,-1
64,143,0.8482020416,0.2327068247,0.0022402568999999595,0.008808396499999982,-1,-1,-1,-1
65,143,0.848745059,0.2329481755,0.0022402569000000705,0.00880839650000001,-1,-1,-1,-1
66,143,0.8493561178,0.2333102017,0.0022402569000000705,0.00880839650000001,-1,-1,-1,-1
67,143,0.8507138802,0.2335514228,0.0022402569999999677,0.00880839650000001,-1,-1,-1,-1
68,143,0.8512570436,0.2336720982,0.0022402568999999595,0.008808396499999982,-1,-1,-1,-1
69,143,0.852614806,0.2340341244,0.0022402570000000788,0.00880839650000001,-1,-1,-1,-1
70,143,0.8532258649,0.2340341244,0.0022402569000000705,0.00880839650000001,-1,-1,-1,-1
71,143,0.8548230865,0.2341400073,0.0022402568999999595,0.008808396499999982,-1,-1,-1,-1
72,143,0.8560609734,0.2340870658,0.0025119846000000168,0.008989409700000006,-1,-1,-1,-1
73,143,0.8572988602,0.2340341244,0.002783712299999963,0.009170422800000022,-1,-1,-1,-1
74,143,0.8581813547,0.2337927736,0.002783712299999963,0.009170422699999986,-1,-1,-1,-1
75,143,0.8595391171,0.2336720982,0.002783712300000074,0.009170422699999986,-1,-1,-1,-1
76,143,0.8602859668,0.2337926438,0.002783712299999963,0.009170422799999994,-1,-1,-1,-1
77,143,0.8619959094,0.2348325284,0.002783712299999963,0.009170422800000022,-1,-1,-1,-1
78,143,0.8622210594,0.2349923909,0.002783712299999963,0.009170422800000022,-1,-1,-1,-1
79,143,0.8635261116,0.2352323144,0.002783712299999963,0.009170422799999994,-1,-1,-1,-1
80,143,0.8648364203,0.2350867254,0.002783712300000074,0.009170422799999994,-1,-1,-1,-1
81,143,0.8692586755,0.2363238429,0.002783712299999963,0.009170422799999994,-1,-1,-1,-1
82,143,0.8696854676,0.236424035,0.002783712299999963,0.009170422799999994,-1,-1,-1,-1
83,143,0.8701122597,0.2365242271,0.002783712300000074,0.009170422799999994,-1,-1,-1,-1
84,143,0.8705390518,0.2366244192,0.002783712299999963,0.009170422800000022,-1,-1,-1,-1
85,143,0.8709658438,0.2367246113,0.002783712300000074,0.009170422799999994,-1,-1,-1,-1
86,143,0.8713926359,0.2368248034,0.002783712299999963,0.009170422799999994,-1,-1,-1,-1
87,143,0.871819428,0.2369249955,0.002783712299999963,0.009170422799999994,-1,-1,-1,-1
88,143,0.8722462201,0.2370251876,0.002783712300000074,0.009170422799999994,-1,-1,-1,-1
89,143,0.8730786197,0.2369857924,0.002783712299999963,0.009295205799999984,-1,-1,-1,-1
90,143,0.8739223459,0.2369458611,0.002783712300000074,0.009421686700000015,-1,-1,-1,-1
91,143,0.8747775528,0.2369053865,0.002783712299999963,0.009549888699999981,-1,-1,-1,-1
92,143,0.8756443966,0.2368643612,0.002783712299999963,0.009679834999999998,-1,-1,-1,-1
93,143,0.8765230356,0.2368227776,0.002783712299999963,0.009811549599999997,-1,-1,-1,-1
94,143,0.8774136303,0.2367806281,0.002783712300000074,0.009945056600000002,-1,-1,-1,-1
95,143,0.8783163435,0.2367379052,0.002783712299999963,0.01008038,-1,-1,-1,-1
96,143,0.87923134,0.2366946009,0.002783712299999963,0.010217544900000014,-1,-1,-1,-1
97,143,0.8801587869,0.2366507073,0.002783712299999963,0.010356576199999995,-1,-1,-1,-1
98,143,0.8810988538,0.2366062165,0.002783712300000074,0.010497499300000018,-1,-1,-1,-1
99,143,0.8820517122,0.2365611203,0.002783712299999963,0.010640339999999998,-1,-1,-1,-1
100,143,0.8830175363,0.2365154105,0.002783712299999963,0.010785124300000004,-1,-1,-1,-1
101,143,0.8839965024,0.2364690787,0.002783712299999963,0.010931878700000008,-1,-1,-1,-1
102,143,0.8849887895,0.2364221165,0.002783712299999963,0.0110806299,-1,-1,-1,-1
103,143,0.8859945787,0.2363745152,0.002783712300000074,0.011231405299999997,-1,-1,-1,-1
104,143,0.8870140538,0.2363262662,0.002783712300000074,0.011384232299999991,-1,-1,-1,-1
105,143,0.888047401,0.2362773607,0.002783712299999963,0.011539138899999996,-1,-1,-1,-1
106,143,0.8890948091,0.2362277897,0.002783712299999963,0.011696153200000003,-1,-1,-1,-1
107,143,0.8901564694,0.2361775442,0.002783712299999963,0.011855304099999991,-1,-1,-1,-1
108,143,0.8912325758,0.2361266151,0.002783712299999963,0.01201662050000002,-1,-1,-1,-1
109,143,0.8923233249,0.2360749929,0.002783712299999963,0.01218013200000001,-1,-1,-1,-1
110,143,0.893428916,0.2360226683,0.002783712300000074,0.012345868400000015,-1,-1,-1,-1
111,143,0.894549551,0.2359696317,0.002783712299999963,0.012513860100000024,-1,-1,-1,-1
112,143,0.8956854345,0.2359158734,0.002783712299999963,0.012684137600000006,-1,-1,-1,-1
113,143,0.8968367742,0.2358613836,0.002783712300000074,0.01285673209999999,-1,-1,-1,-1
114,143,0.8986554955,0.2358613836,0.002783712299999963,0.01285673209999999,-1,-1,-1,-1
115,143,0.9004015029,0.2358613836,0.002783712299999963,0.01285673209999999,-1,-1,-1,-1
116,143,0.9018366515,0.236378601,0.0034582861999999936,0.012339514699999998,-1,-1,-1,-1
117,143,0.903582805,0.2359906231,0.0034582861999999936,0.012339514699999998,-1,-1,-1,-1
118,143,0.9047468099,0.236378601,0.004185862399999962,0.012468884000000013,-1,-1,-1,-1
119,143,0.9064929634,0.2369510956,0.004185862300000065,0.011767149899999996,-1,-1,-1,-1
120,143,0.9080509078,0.2372477235,0.004185862400000073,0.011767149899999996,-1,-1,-1,-1
121,143,0.9095532218,0.2372477235,0.004185862400000073,0.011767149899999996,-1,-1,-1,-1
122,143,0.9119457689,0.2375443515,0.00329854949999997,0.011767149899999996,-1,-1,-1,-1
123,143,0.9127247412,0.2372475938,0.00379936940000003,0.011767149900000023,-1,-1,-1,-1
124,143,0.914338462,0.2377421034,0.0037993694999999272,0.011767149900000023,-1,-1,-1,-1
125,143,0.915126341,0.2372753621,0.00379936940000003,0.011767149899999996,-1,-1,-1,-1
126,143,0.917555683,0.2370419265,0.0037993695000000383,0.011767150000000004,-1,-1,-1,-1
127,143,0.9186532527,0.2373861758,0.00379936940000003,0.011767150000000004,-1,-1,-1,-1
128,143,0.9203318027,0.2375008824,0.0037993694999999272,0.011767149899999996,-1,-1,-1,-1
129,143,0.9214228019,0.2377539114,0.003799369399999919,0.011767150000000004,-1,-1,-1,-1
130,143,0.9223714397,0.2393557802,0.003351843699999968,0.011767149899999968,-1,-1,-1,-1
131,143,0.9237944693,0.2394401232,0.003351843700000079,0.011767149900000023,-1,-1,-1,-1
132,143,0.9271147745,0.2387656385,0.003351843699999968,0.011767149899999996,-1,-1,-1,-1
133,143,0.9273993512,0.2389341948,0.003351843799999976,0.011767149899999996,-1,-1,-1,-1
134,143,0.9282278944,0.2394539425,0.003351843799999976,0.011767149900000023,-1,-1,-1,-1
135,143,0.9290564376,0.2399736902,0.003351843699999968,0.011767149899999968,-1,-1,-1,-1
136,143,0.9313472146,0.2401469178,0.003351843699999968,0.011767149900000023,-1,-1,-1,-1
137,143,0.9318833694,0.2406666006,0.003351843699999968,0.011767149899999996,-1,-1,-1,-1
138,143,0.9341255245,0.2406666006,0.003869309000000043,0.011976709899999993,-1,-1,-1,-1
139,143,0.9362701438,0.2403201454,0.003869309000000043,0.011976709900000021,-1,-1,-1,-1
140,143,0.9380247659,0.2402334667,0.0038693091000000512,0.011976709899999993,-1,-1,-1,-1
141,143,0.9399256917,0.240493373,0.0038693091000000512,0.011976709899999993,-1,-1,-1,-1
142,143,0.9412416949,0.2405799219,0.003869309000000043,0.011976709899999993,-1,-1,-1,-1
143,143,0.9434837039,0.2413596407,0.00323576449999996,0.012496522499999996,-1,-1,-1,-1
144,143,0.9454820195,0.2420526809,0.00323576449999996,0.012496522499999968,-1,-1,-1,-1
145,143,0.9477130777,0.2420526809,0.00323576449999996,0.012496522499999968,-1,-1,-1,-1
146,143,0.9492983264,0.2421571365,0.0033213272000000016,0.013339303999999969,-1,-1,-1,-1
147,143,0.9519404074,0.242783351,0.00332132730000001,0.013339303999999969,-1,-1,-1,-1
148,143,0.9535843527,0.2426788955,0.00332132730000001,0.013339303899999988,-1,-1,-1,-1
149,143,0.9559328043,0.2426788955,0.0033213272000000016,0.013339303899999988,-1,-1,-1,-1
150,143,0.9571993094,0.2432006544,0.00422718369999997,0.01302632640000001,-1,-1,-1,-1
151,143,0.9589019514,0.2432006544,0.00422718369999997,0.01302632640000001,-1,-1,-1,-1
152,143,0.9602522673,0.2438267392,0.004227183599999962,0.013026326399999982,-1,-1,-1,-1
153,143,0.9620723026,0.2435136319,0.004579655799999971,0.014696058900000003,-1,-1,-1,-1
154,143,0.9641272708,0.2430961988,0.004579655799999971,0.01469605890000003,-1,-1,-1,-1
155,143,0.9658887555,0.2427830915,0.004344577000000016,0.01542659930000001,-1,-1,-1,-1
156,143,0.9701159391,0.2441219398,0.003992396899999973,0.014400858300000013,-1,-1,-1,-1
157,143,0.9705268159,0.2436001808,0.003992396899999973,0.014400858299999986,-1,-1,-1,-1
158,143,0.9740494933,0.2445392431,0.003992396899999973,0.014400858300000013,-1,-1,-1,-1
159,143,0.9746953029,0.2445392431,0.003992396800000075,0.014400858300000013,-1,-1,-1,-1
160,143,0.9775723167,0.2443305914,0.003992396799999964,0.014400858300000013,-1,-1,-1,-1
161,143,0.9816235562,0.2443305914,0.003992396900000084,0.014400858300000013,-1,-1,-1,-1
162,143,0.9840894012,0.2441219398,0.003992396899999973,0.014400858300000013,-1,-1,-1,-1
