9,1346,0.2587701533,0.3893694196,0.0017354764999999994,0.009870428200000003,-1,-1,-1,-1
10,1346,0.2566764058,0.3892621473,0.002110341299999985,0.010862765999999968,-1,-1,-1,-1
11,1346,0.2546833014,0.3887969804,0.0021909175000000003,0.010898569100000033,-1,-1,-1,-1
12,1346,0.2533344982,0.3887969804,0.0021909176000000086,0.010898569100000033,-1,-1,-1,-1
13,1346,0.2521668373,0.3885822985,0.002170696299999997,0.010898569200000041,-1,-1,-1,-1
14,1346,0.2511602516,0.3884032826,0.0024122706999999965,0.011005978699999974,-1,-1,-1,-1
15,1346,0.2504556726,0.3881886007,0.002150552199999989,0.01097017560000002,-1,-1,-1,-1
16,1346,0.2498682532,0.3878665093,0.001972960299999993,0.010970312699999984,-1,-1,-1,-1
17,1346,0.2490830979,0.3879737816,0.002073603500000021,0.010898843599999986,-1,-1,-1,-1
18,1346,0.2485999491,0.3876874934,0.0022950338000000126,0.010863040399999968,-1,-1,-1,-1
19,1346,0.2480765122,0.3876516902,0.0022950338000000126,0.010505282999999976,-1,-1,-1,-1
20,1346,0.2473517891,0.3874726744,0.002234601599999997,0.010398010600000007,-1,-1,-1,-1
21,1346,0.2467880641,0.387365402,0.0020131712999999773,0.010254797900000001,-1,-1,-1,-1
22,1346,0.2462444832,0.3872581297,0.0021340356000000005,0.010183191499999966,-1,-1,-1,-1
23,1346,0.2457210463,0.3869003722,0.0021340356000000005,0.010183191599999974,-1,-1,-1,-1
24,1346,0.245499616,0.3867930999,0.0022145346999999926,0.010254660700000029,-1,-1,-1,-1
25,1346,0.2453587619,0.3866500244,0.0022145346999999926,0.010254660699999973,-1,-1,-1,-1
26,1346,0.2452983297,0.3865426148,0.0020735262999999893,0.010218857599999964,-1,-1,-1,-1
27,1346,0.2449761791,0.386363599,0.0017916638000000096,0.009968509600000008,-1,-1,-1,-1
28,1346,0.2449158241,0.3862563266,0.0017916637000000013,0.009968509700000017,-1,-1,-1,-1
29,1346,0.2441508128,0.3861132511,0.0019527390999999894,0.010039841599999988,-1,-1,-1,-1
30,1346,0.2437883741,0.3860058415,0.0020736033999999848,0.010147251199999985,-1,-1,-1,-1
31,1346,0.2434863675,0.3858985692,0.0019528162999999932,0.009932569300000027,-1,-1,-1,-1
32,1346,0.2436272987,0.3859701755,0.0020535366000000166,0.009646281099999987,-1,-1,-1,-1
33,1346,0.2436877309,0.3856840245,0.002254822899999981,0.009610340699999997,-1,-1,-1,-1
34,1346,0.2445533853,0.3856124181,0.0021138916000000008,0.009395658899999992,-1,-1,-1,-1
35,1346,0.24501639,0.3854693426,0.001972960400000001,0.00939565880000004,-1,-1,-1,-1
36,1346,0.2452176763,0.3853620703,0.0018119622000000168,0.009252446099999978,-1,-1,-1,-1
37,1346,0.2449358138,0.3852189947,0.0019931814999999964,0.009359718500000003,-1,-1,-1,-1
38,1346,0.2448150266,0.385040116,0.001993181599999977,0.009359718500000003,-1,-1,-1,-1
39,1346,0.2446136631,0.3848969033,0.0019126826000000208,0.009502931200000009,-1,-1,-1,-1
40,1346,0.2442915897,0.3847180246,0.002053536599999989,0.009431324900000038,-1,-1,-1,-1
41,1346,0.2441103703,0.3845748119,0.0019328266000000205,0.009431462000000002,-1,-1,-1,-1
42,1346,0.2439895831,0.3844317364,0.0019328266000000205,0.009431462000000002,-1,-1,-1,-1
43,1346,0.2443318006,0.3842169173,0.0018321835000000009,0.009359992900000003,-1,-1,-1,-1
44,1346,0.2443720888,0.3840379014,0.0018522502999999968,0.009288523699999995,-1,-1,-1,-1
45,1346,0.2444122997,0.3840379014,0.0018321835000000009,0.009288523699999995,-1,-1,-1,-1
46,1346,0.2438687959,0.3838232196,0.0018120394000000206,0.009359992799999994,-1,-1,-1,-1
47,1346,0.2436272216,0.3836443408,0.0018120393000000123,0.009359992900000003,-1,-1,-1,-1
48,1346,0.2430434297,0.3835370685,0.001912605299999981,0.00961047789999997,-1,-1,-1,-1
49,1346,0.2429829975,0.3835370685,0.0019126053000000087,0.00961047789999997,-1,-1,-1,-1
50,1346,0.2429225653,0.383429659,0.0020133256000000044,0.009682084199999996,-1,-1,-1,-1
51,1346,0.2429831518,0.3832359652,0.0019325951000000174,0.00976850570000004,-1,-1,-1,-1
52,1346,0.2430435069,0.3832359652,0.0019325949999999814,0.00976850570000004,-1,-1,-1,-1
53,1346,0.2432447931,0.3831285556,0.0019327494000000167,0.009804308900000003,-1,-1,-1,-1
54,1346,0.2433857244,0.3829138737,0.001932749399999989,0.009804308900000003,-1,-1,-1,-1
55,1346,0.2432850812,0.3827707982,0.0019125281999999855,0.0094822175,-1,-1,-1,-1
56,1346,0.2434864447,0.3826635259,0.001912528100000005,0.009482217399999993,-1,-1,-1,-1
57,1346,0.2432851584,0.3825203132,0.0019527390999999894,0.009339004699999987,-1,-1,-1,-1
58,1346,0.2434059456,0.3825203132,0.0018923841000000052,0.009339004699999987,-1,-1,-1,-1
59,1346,0.2433053025,0.3823772376,0.0018319519000000173,0.009267398500000024,-1,-1,-1,-1
60,1346,0.2433053025,0.3823772376,0.0018319519000000173,0.009267398500000024,-1,-1,-1,-1
61,1346,0.2432650915,0.3821625557,0.0016909434999999862,0.008873837899999959,-1,-1,-1,-1
62,1346,0.2431644484,0.3820552834,0.0018922296999999977,0.009088382499999992,-1,-1,-1,-1
63,1346,0.2433859559,0.3821268897,0.00173115439999999,0.008336927399999972,-1,-1,-1,-1
64,1346,0.2435268872,0.3818406015,0.0017714425000000256,0.008515943299999995,-1,-1,-1,-1
65,1346,0.2437886056,0.3816259196,0.0018116534999999823,0.008623215600000012,-1,-1,-1,-1
66,1346,0.2438489606,0.3816259196,0.001690943500000014,0.008659018800000029,-1,-1,-1,-1
67,1346,0.2440703909,0.3815901165,0.0016305112999999982,0.00844433689999996,-1,-1,-1,-1
68,1346,0.2440703909,0.3813141165,0.0017412651000000001,0.008499893499999966,-1,-1,-1,-1
69,1346,0.2444500409,0.3811607527,0.001672265799999989,0.00843857549999999,-1,-1,-1,-1
70,1346,0.2442774657,0.3810994346,0.001672265799999989,0.00843857549999999,-1,-1,-1,-1
71,1346,0.2444154641,0.3810994346,0.001672265799999989,0.00843857549999999,-1,-1,-1,-1
72,1346,0.2442428889,0.3808232975,0.0017931301999999927,0.00831593930000002,-1,-1,-1,-1
73,1346,0.2443118881,0.3807925698,0.0017413421999999956,0.007794667000000033,-1,-1,-1,-1
74,1346,0.2443118881,0.3806699337,0.0016895541999999986,0.007855985099999963,-1,-1,-1,-1
75,1346,0.2445189629,0.3805472975,0.0016895541999999986,0.007855985100000018,-1,-1,-1,-1
76,1346,0.2444499637,0.3804552518,0.0016723429999999928,0.00797862119999998,-1,-1,-1,-1
77,1346,0.2443118881,0.3802099795,0.0016895541999999986,0.00813184779999998,-1,-1,-1,-1
78,1346,0.2436906638,0.380179389,0.0017758417999999832,0.008254484000000006,-1,-1,-1,-1
79,1346,0.2432248034,0.3802101166,0.0017585534000000014,0.008223756400000004,-1,-1,-1,-1
80,1346,0.2423792159,0.380179389,0.0016378434000000053,0.007886438400000029,-1,-1,-1,-1
81,1346,0.2413266308,0.3801180709,0.0016378434000000053,0.007886438400000029,-1,-1,-1,-1
