1,76,0.1824192972,0.4694913041,0.005803882300000007,0.028049113700000017,-1,-1,-1,-1
2,76,0.1838155662,0.4687613857,0.005803882399999988,0.028049113700000017,-1,-1,-1,-1
3,76,0.1852577575,0.4677104733,0.0052651638,0.02661835840000004,-1,-1,-1,-1
4,76,0.1878860559,0.4661776584,0.005215459700000008,0.027932239000000025,-1,-1,-1,-1
5,76,0.1905109584,0.4648906645,0.005583841299999975,0.026623022499999982,-1,-1,-1,-1
6,76,0.1930001006,0.4636840563,0.006760532399999991,0.026301205400000027,-1,-1,-1,-1
7,76,0.1949461251,0.4624774481,0.005810133899999986,0.026220819699999953,-1,-1,-1,-1
8,76,0.1975882387,0.4613494423,0.005973987799999997,0.026785714299999985,-1,-1,-1,-1
9,76,0.1984934094,0.4600624484,0.005521402400000014,0.025177040600000034,-1,-1,-1,-1
10,76,0.1999416208,0.459258043,0.005521402400000014,0.02517704049999997,-1,-1,-1,-1
11,76,0.2001226858,0.4583731146,0.005521402399999986,0.025177040599999978,-1,-1,-1,-1
12,76,0.200575194,0.4574079378,0.005521402399999986,0.025177040599999978,-1,-1,-1,-1
13,76,0.200575194,0.456683918,0.005521402399999986,0.025177040599999978,-1,-1,-1,-1
14,76,0.1998510883,0.4555578327,0.0058382275999999955,0.025257563400000016,-1,-1,-1,-1
15,76,0.2001679135,0.4546730416,0.004887752000000023,0.024131340800000012,-1,-1,-1,-1
16,76,0.1994438078,0.4536273419,0.006245508099999991,0.025016269199999996,-1,-1,-1,-1
17,76,0.2001226858,0.4528514692,0.004890993600000004,0.024585533699999995,-1,-1,-1,-1
18,76,0.1996239466,0.4516104296,0.005589243900000013,0.024584436300000012,-1,-1,-1,-1
19,76,0.1998566453,0.4506057458,0.005589243900000013,0.024584436300000012,-1,-1,-1,-1
20,76,0.1999230975,0.4497193086,0.0049576003000000035,0.024170710600000034,-1,-1,-1,-1
21,76,0.2006878001,0.4489509807,0.005423151799999998,0.02387536870000001,-1,-1,-1,-1
22,76,0.2020129861,0.4482671537,0.005423151799999998,0.02387536870000001,-1,-1,-1,-1
23,76,0.2042360106,0.4478113148,0.005423151900000006,0.023875368699999955,-1,-1,-1,-1
24,76,0.2061048547,0.4472903168,0.004472753499999982,0.020944035200000044,-1,-1,-1,-1
25,76,0.2080469429,0.44631348,0.004289527500000001,0.021009056999999998,-1,-1,-1,-1
26,76,0.2092195434,0.445401665,0.004436092899999994,0.022376848000000005,-1,-1,-1,-1
27,76,0.2101722572,0.4446201681,0.004436092800000013,0.022376848000000005,-1,-1,-1,-1
28,76,0.2117478933,0.443643194,0.004436092800000013,0.02100919419999997,-1,-1,-1,-1
29,76,0.2121510061,0.4433826951,0.0048757891,0.021204534100000005,-1,-1,-1,-1
30,76,0.214202999,0.4422755401,0.0048757891,0.021204534100000005,-1,-1,-1,-1
31,76,0.2152290341,0.4420802002,0.0048757891,0.021204534100000005,-1,-1,-1,-1
32,76,0.2174033579,0.440656441,0.0048757891,0.021204533999999997,-1,-1,-1,-1
33,76,0.2188910084,0.4403852422,0.004717800999999994,0.020711245899999953,-1,-1,-1,-1
34,76,0.2206074986,0.4395716459,0.00426012169999998,0.020643480400000025,-1,-1,-1,-1
35,76,0.2211293919,0.4394014093,0.004462951599999987,0.020678049099999984,-1,-1,-1,-1
36,76,0.2218159879,0.4388590118,0.004615537099999983,0.020135788600000037,-1,-1,-1,-1
37,76,0.2225407883,0.4380454154,0.004615537000000003,0.02013578869999999,-1,-1,-1,-1
38,76,0.2230747988,0.4367573242,0.004653664199999991,0.020135788599999982,-1,-1,-1,-1
39,76,0.2239903117,0.43641836,0.004653664199999991,0.02013578869999999,-1,-1,-1,-1
40,76,0.2241428972,0.4355369983,0.00465366410000001,0.020135788700000046,-1,-1,-1,-1
41,76,0.2247150348,0.4346556365,0.004653664200000018,0.02013578869999999,-1,-1,-1,-1
42,76,0.2245243223,0.4337063723,0.00465366410000001,0.020135788600000037,-1,-1,-1,-1
43,76,0.2242954827,0.4328250105,0.00465366410000001,0.02013578869999999,-1,-1,-1,-1
44,76,0.224715112,0.4326894797,0.004653664200000018,0.02013578869999999,-1,-1,-1,-1
45,76,0.2260883042,0.4321664241,0.004653664099999982,0.02013578869999999,-1,-1,-1,-1
46,76,0.2274942207,0.4318758834,0.004653664199999991,0.02013578869999999,-1,-1,-1,-1
47,76,0.228466847,0.4311869809,0.0043349095000000115,0.0191976358,-1,-1,-1,-1
48,76,0.2294803789,0.4307220883,0.004334909499999984,0.0191976358,-1,-1,-1,-1
49,76,0.2299054881,0.4301990327,0.0041387170999999945,0.019235085099999993,-1,-1,-1,-1
50,76,0.2305920841,0.4297923032,0.0041387170999999945,0.019235084999999985,-1,-1,-1,-1
51,76,0.2311479368,0.4290948957,0.0041387170999999945,0.01923508500000004,-1,-1,-1,-1
52,76,0.2325211289,0.428804355,0.004007973599999992,0.01766605539999999,-1,-1,-1,-1
53,76,0.2331657389,0.4282564704,0.003664212499999986,0.0168265326,-1,-1,-1,-1
54,76,0.2337543159,0.4278579714,0.003832311300000002,0.01797209710000003,-1,-1,-1,-1
55,76,0.2342236494,0.4274594725,0.0036992523999999916,0.018121619899999997,-1,-1,-1,-1
56,76,0.2343076988,0.4268617926,0.004399972400000007,0.018121482799999977,-1,-1,-1,-1
57,76,0.2354286656,0.4262143175,0.004007664999999994,0.017125304000000008,-1,-1,-1,-1
58,76,0.2364935996,0.4256662957,0.0038394890000000015,0.016826532700000008,-1,-1,-1,-1
59,76,0.2376426601,0.4251682063,0.003951554799999979,0.016328443299999995,-1,-1,-1,-1
60,76,0.2380070283,0.4247697074,0.003951554899999987,0.016328443200000042,-1,-1,-1,-1
61,76,0.23887577,0.424271618,0.004287829400000026,0.01647782889999999,-1,-1,-1,-1
62,76,0.2396885558,0.423873119,0.003643219499999989,0.016129125199999983,-1,-1,-1,-1
63,76,0.2404732481,0.4236240057,0.004063620599999984,0.01647796610000002,-1,-1,-1,-1
64,76,0.2412859568,0.4234246877,0.0034190105999999942,0.015581377699999954,-1,-1,-1,-1
65,76,0.2408375391,0.4227272802,0.004175763700000001,0.015830491000000002,-1,-1,-1,-1
66,76,0.2410337315,0.422278986,0.0035591701000000087,0.01593008149999997,-1,-1,-1,-1
67,76,0.2406895845,0.4218555209,0.0038457406000000083,0.016224325900000003,-1,-1,-1,-1
68,76,0.2408748944,0.4209615389,0.0035280664999999822,0.015847912500000005,-1,-1,-1,-1
69,76,0.2406895845,0.4207262805,0.0039516320000000105,0.015753809100000016,-1,-1,-1,-1
70,76,0.2412719871,0.4202087119,0.0034486479999999986,0.01551855080000003,-1,-1,-1,-1
71,76,0.2413514057,0.4198322985,0.003448647900000018,0.015518550700000022,-1,-1,-1,-1
72,76,0.2423044282,0.4193617816,0.0033162837000000056,0.014812775500000042,-1,-1,-1,-1
73,76,0.2426485752,0.4190794715,0.003448647900000018,0.01617727429999999,-1,-1,-1,-1
74,76,0.242860358,0.4189383165,0.004163414800000015,0.016036119199999976,-1,-1,-1,-1
75,76,0.2436810162,0.4184677996,0.0031574466000000023,0.015424447399999985,-1,-1,-1,-1
76,76,0.2435751248,0.4180913862,0.003978104900000001,0.015283292299999973,-1,-1,-1,-1
77,76,0.2436280705,0.4177151099,0.003978104900000001,0.015283292300000029,-1,-1,-1,-1
78,76,0.2443428374,0.4171504897,0.003819267799999998,0.015941878699999967,-1,-1,-1,-1
79,76,0.2456135341,0.4164447144,0.0032103923000000034,0.015236103399999978,-1,-1,-1,-1
80,76,0.246328301,0.4161624043,0.0032103923000000034,0.015236103399999978,-1,-1,-1,-1
81,76,0.2471489592,0.4158330425,0.003501516499999996,0.015236103399999978,-1,-1,-1,-1
82,76,0.247678339,0.4154095774,0.0035015163999999876,0.015236103399999978,-1,-1,-1,-1
83,76,0.2486313615,0.4150331639,0.0035015163999999876,0.015236103399999978,-1,-1,-1,-1
84,76,0.2491872913,0.4148449572,0.0035015164000000154,0.015236103400000034,-1,-1,-1,-1
85,76,0.2504315151,0.4146567504,0.00302508239999999,0.014107000199999997,-1,-1,-1,-1
86,76,0.2513618466,0.4142534503,0.002815229099999983,0.013843894800000034,-1,-1,-1,-1
87,76,0.2517022118,0.4139711402,0.0031329032999999895,0.013843894800000034,-1,-1,-1,-1
88,76,0.2525691011,0.4133192754,0.0028872382999999835,0.013108489399999979,-1,-1,-1,-1
89,76,0.252893104,0.4128515021,0.0028872384000000473,0.013108489400000034,-1,-1,-1,-1
90,76,0.2536422161,0.412563705,0.0030940816000000204,0.01329861659999998,-1,-1,-1,-1
91,76,0.2541888071,0.4120959317,0.0030334179000000017,0.013190658300000047,-1,-1,-1,-1
92,76,0.2551606616,0.4118081345,0.0032966026999999842,0.013226461500000009,-1,-1,-1,-1
93,76,0.2558894753,0.411592218,0.003074014700000016,0.012974604700000003,-1,-1,-1,-1
94,76,0.2566994055,0.4114122419,0.003074014700000016,0.012974604700000003,-1,-1,-1,-1
95,76,0.2574688161,0.4111603851,0.0028308967000000296,0.012686807499999952,-1,-1,-1,-1
96,76,0.2578940024,0.4108004328,0.0031751208999999947,0.012758825400000007,-1,-1,-1,-1
97,76,0.2587848176,0.410296582,0.0031751208999999947,0.012758825400000007,-1,-1,-1,-1
98,76,0.2597363737,0.409864749,0.003195419300000002,0.013298616600000035,-1,-1,-1,-1
99,76,0.2608094887,0.4094329161,0.0031954194000000102,0.013298616600000035,-1,-1,-1,-1
100,76,0.2612751947,0.4091090414,0.0029523786000000274,0.013082837300000039,-1,-1,-1,-1
101,76,0.2624494932,0.4085333098,0.003013119399999986,0.013514533100000004,-1,-1,-1,-1
102,76,0.2631949778,0.4077776022,0.002773783299999999,0.013442652400000032,-1,-1,-1,-1
103,76,0.2642477945,0.4071659303,0.002773783299999999,0.013442652400000032,-1,-1,-1,-1
104,76,0.2650171279,0.4066620795,0.0027737831999999907,0.013442652300000024,-1,-1,-1,-1
105,76,0.2656649794,0.4063021272,0.002773783299999999,0.013442652400000032,-1,-1,-1,-1
