1,708,0.5056780013,0.4005673089,0.0018890652999999924,0.009952185600000052,-1,-1,-1,-1
2,708,0.5057266249,0.4005673089,0.0018890652999999924,0.009952185600000052,-1,-1,-1,-1
3,708,0.5056619478,0.4005961161,0.0018890652999999924,0.009952185599999996,-1,-1,-1,-1
4,708,0.5054677621,0.4006535932,0.0018890652999999924,0.009952185599999996,-1,-1,-1,-1
5,708,0.5055162314,0.4007398775,0.0018890652999999924,0.009952185599999996,-1,-1,-1,-1
6,708,0.5054029307,0.4007398775,0.0018890652999999924,0.009952185599999996,-1,-1,-1,-1
7,708,0.50548397,0.4007398775,0.0018890652999999924,0.009952185599999996,-1,-1,-1,-1
8,708,0.5055810628,0.4007398775,0.0018890652999999924,0.009952185599999996,-1,-1,-1,-1
9,708,0.50548397,0.4007686846,0.0018890652999999924,0.009952185599999996,-1,-1,-1,-1
10,708,0.5054353464,0.4007686846,0.0018890652999999924,0.009952185599999996,-1,-1,-1,-1
11,708,0.5054515543,0.4007110703,0.0018890652999999924,0.009952185599999996,-1,-1,-1,-1
12,708,0.5055162314,0.4007110703,0.0018890652999999924,0.009952185599999996,-1,-1,-1,-1
13,708,0.5054838156,0.4007110703,0.0018890652999999924,0.009952185599999996,-1,-1,-1,-1
14,708,0.505435192,0.4007110703,0.0018890652999999924,0.009952185599999996,-1,-1,-1,-1
15,708,0.505435192,0.4007110703,0.0018890652999999924,0.009952185599999996,-1,-1,-1,-1
16,708,0.505435192,0.4007110703,0.0018890652999999924,0.009952185599999996,-1,-1,-1,-1
17,708,0.505435192,0.4007110703,0.0018890652999999924,0.009952185599999996,-1,-1,-1,-1
18,708,0.5054513999,0.4002795117,0.0018890652999999924,0.01061145790000001,-1,-1,-1,-1
19,708,0.5054838156,0.4002507046,0.0018890652999999924,0.010611457800000001,-1,-1,-1,-1
20,708,0.5056133242,0.4002793745,0.0018890652999999924,0.01061145790000001,-1,-1,-1,-1
21,708,0.5055647006,0.4003656588,0.0018890652999999924,0.010755493699999952,-1,-1,-1,-1
22,708,0.505516077,0.4002217602,0.0018890652999999924,0.010755493700000007,-1,-1,-1,-1
23,708,0.5055809085,0.4001066688,0.0018890652999999924,0.010870585099999996,-1,-1,-1,-1
24,708,0.5057266249,0.4001066688,0.0018890652999999924,0.010870585099999996,-1,-1,-1,-1
25,708,0.5057752485,0.4001066688,0.0018890652999999924,0.010870585099999996,-1,-1,-1,-1
26,708,0.5056943635,0.4001066688,0.0018890652999999924,0.010870585099999996,-1,-1,-1,-1
27,708,0.5057590406,0.4001066688,0.0018890652999999924,0.010870585099999996,-1,-1,-1,-1
28,708,0.5056781557,0.4001066688,0.0018890652999999924,0.010870585099999996,-1,-1,-1,-1
29,708,0.5056781557,0.4001066688,0.0018890652999999924,0.011043153599999966,-1,-1,-1,-1
30,708,0.5055486471,0.4000778616,0.0018890652999999924,0.01104315370000003,-1,-1,-1,-1
31,708,0.50548397,0.4000490545,0.0018890652999999924,0.011043153600000022,-1,-1,-1,-1
32,708,0.5055325936,0.4000490545,0.0018890652999999924,0.011043153600000022,-1,-1,-1,-1
33,708,0.5054677621,0.4000490545,0.0018890652999999924,0.011043153600000022,-1,-1,-1,-1
34,708,0.5055810628,0.4000490545,0.0018890652999999924,0.011043153600000022,-1,-1,-1,-1
35,708,0.505564855,0.4000490545,0.0018890652999999924,0.011043153600000022,-1,-1,-1,-1
36,708,0.5056296864,0.4000490545,0.0018890653000001034,0.011043153600000022,-1,-1,-1,-1
37,708,0.5056296864,0.4001353388,0.0018890653000001034,0.01087072219999996,-1,-1,-1,-1
38,708,0.5056296864,0.4001353388,0.0018890653000001034,0.01087072219999996,-1,-1,-1,-1
39,708,0.5056296864,0.4001353388,0.0018890653000001034,0.01087072219999996,-1,-1,-1,-1
40,708,0.5056296864,0.4001353388,0.0018890653000001034,0.01087072219999996,-1,-1,-1,-1
41,708,0.5056296864,0.4001353388,0.0018890653000001034,0.01087072219999996,-1,-1,-1,-1
42,708,0.5051026992,0.3999339631,0.002189451100000017,0.011589940799999976,-1,-1,-1,-1
43,708,0.5047950585,0.3998188716,0.001991406400000062,0.011676362299999965,-1,-1,-1,-1
44,708,0.5044227407,0.3996751102,0.001845690000000011,0.01176250940000001,-1,-1,-1,-1
45,708,0.5036943129,0.3997902016,0.0020074598999999527,0.011762509500000018,-1,-1,-1,-1
46,708,0.5035325429,0.3997902016,0.002007459999999961,0.011762509500000018,-1,-1,-1,-1
47,708,0.5034192422,0.3997902016,0.0017320805999999633,0.011676225200000001,-1,-1,-1,-1
48,708,0.5030629779,0.3999341002,0.002557909900000044,0.011359620800000025,-1,-1,-1,-1
49,708,0.5027553372,0.3999052931,0.002687418499999983,0.011330950800000017,-1,-1,-1,-1
50,708,0.5027553372,0.3999052931,0.002493078400000015,0.011388427899999998,-1,-1,-1,-1
51,708,0.5026905057,0.3999052931,0.002655157100000083,0.011388427899999998,-1,-1,-1,-1
52,708,0.5026258286,0.3999915774,0.0027360421000000024,0.011330950799999961,-1,-1,-1,-1
53,708,0.5027067136,0.3999915774,0.0027360421000000024,0.011330950799999961,-1,-1,-1,-1
54,708,0.5027229214,0.3999051559,0.0027198343000000014,0.011359895200000025,-1,-1,-1,-1
55,708,0.5026258286,0.3999051559,0.002719834199999993,0.011359895200000025,-1,-1,-1,-1
56,708,0.5026096207,0.3999051559,0.0027198343000000014,0.011359895200000025,-1,-1,-1,-1
57,708,0.5026096207,0.3999051559,0.0027198343000000014,0.011359895200000025,-1,-1,-1,-1
58,708,0.5026096207,0.3999051559,0.0027198343000000014,0.011359895200000025,-1,-1,-1,-1
59,708,0.5026096207,0.3999051559,0.0027198343000000014,0.011359895200000025,-1,-1,-1,-1
60,708,0.5026096207,0.3999051559,0.0027198343000000014,0.011359895200000025,-1,-1,-1,-1
61,708,0.5026096207,0.3999051559,0.0027198343000000014,0.011359895200000025,-1,-1,-1,-1
62,708,0.5026096207,0.3999051559,0.0027198343000000014,0.011359895200000025,-1,-1,-1,-1
63,708,0.5026096207,0.3999051559,0.0027198343000000014,0.011359895200000025,-1,-1,-1,-1
64,708,0.5026096207,0.3999051559,0.0027198343000000014,0.011359895200000025,-1,-1,-1,-1
65,708,0.5026096207,0.3999051559,0.0027198343000000014,0.011359895200000025,-1,-1,-1,-1
66,708,0.5026096207,0.3999051559,0.0027198343000000014,0.011359895200000025,-1,-1,-1,-1
67,708,0.5026096207,0.3999051559,0.0027198343000000014,0.011359895200000025,-1,-1,-1,-1
68,708,0.5026096207,0.3999051559,0.0027198343000000014,0.011359895200000025,-1,-1,-1,-1
69,708,0.5026096207,0.3999567344,0.0027198343000000014,0.011308316699999987,-1,-1,-1,-1
70,708,0.5026096207,0.3999567344,0.0027198343000000014,0.011308316699999987,-1,-1,-1,-1
71,708,0.5026096207,0.3999567344,0.0027198343000000014,0.011308316699999987,-1,-1,-1,-1
72,708,0.5026096207,0.3999567344,0.0027198343000000014,0.011308316699999987,-1,-1,-1,-1
73,708,0.5026096207,0.3999567344,0.0027198343000000014,0.011308316699999987,-1,-1,-1,-1
74,708,0.5026096207,0.3999567344,0.0027198343000000014,0.011308316699999987,-1,-1,-1,-1
75,708,0.5026096207,0.3999567344,0.0027198343000000014,0.011308316699999987,-1,-1,-1,-1
76,708,0.5026096207,0.3999567344,0.0027198343000000014,0.011308316699999987,-1,-1,-1,-1
77,708,0.5025934129,0.3999567344,0.0027360421000000024,0.011308316699999987,-1,-1,-1,-1
78,708,0.5025934129,0.3999567344,0.0027360421000000024,0.011308316699999987,-1,-1,-1,-1
79,708,0.5025934129,0.3999567344,0.0027360421000000024,0.011308316699999987,-1,-1,-1,-1
80,708,0.5025934129,0.3999567344,0.0027360421000000024,0.011308316699999987,-1,-1,-1,-1
81,708,0.5025934129,0.3999567344,0.0027360421000000024,0.011308316699999987,-1,-1,-1,-1
82,708,0.5025934129,0.3999567344,0.0027360421000000024,0.011308316699999987,-1,-1,-1,-1
83,708,0.5025934129,0.3999567344,0.0027360421000000024,0.011308316699999987,-1,-1,-1,-1
84,708,0.5025934129,0.3999567344,0.0027360421000000024,0.011308316699999987,-1,-1,-1,-1
85,708,0.5034999728,0.3999567344,0.00182948220000001,0.011308316699999987,-1,-1,-1,-1
86,708,0.5034999728,0.3999567344,0.00182948220000001,0.011308316699999987,-1,-1,-1,-1
87,708,0.5038560828,0.400100633,0.0013762792999999496,0.011365793800000024,-1,-1,-1,-1
88,708,0.5039371221,0.4002445316,0.001748442800000083,0.011509555199999966,-1,-1,-1,-1
89,708,0.5038076136,0.4002733387,0.002104552699999984,0.01102038230000002,-1,-1,-1,-1
90,708,0.5036294814,0.4002733387,0.0021371229000000103,0.010934098000000003,-1,-1,-1,-1
91,708,0.5037914057,0.4003021459,0.0015380493000000106,0.010934098000000003,-1,-1,-1,-1
92,708,0.503678105,0.4003021459,0.0014732177999999818,0.010991575099999984,-1,-1,-1,-1
93,708,0.5037751978,0.4001582473,0.0013275013999999308,0.011221895199999998,-1,-1,-1,-1
94,708,0.504034215,0.4001294401,0.0013437092000000428,0.011308179500000015,-1,-1,-1,-1
95,708,0.5036132735,0.4001294401,0.002120915000000001,0.011567169499999974,-1,-1,-1,-1
96,708,0.5039693835,0.4001869173,0.0019589907000000517,0.011595976600000002,-1,-1,-1,-1
97,708,0.5041313078,0.4001581101,0.0020400299999999705,0.011509692399999993,-1,-1,-1,-1
98,708,0.5039047064,0.4001581101,0.0023475164000000825,0.011480885199999957,-1,-1,-1,-1
99,708,0.5041961393,0.4000142115,0.002315100600000064,0.011624783799999983,-1,-1,-1,-1
100,708,0.5044065328,0.3999565972,0.002363724299999981,0.011538636699999993,-1,-1,-1,-1
101,708,0.504228555,0.3999565972,0.002557909900000044,0.011509829600000021,-1,-1,-1,-1
102,708,0.5043580636,0.3999852672,0.0024932328000000226,0.011366068100000015,-1,-1,-1,-1
103,708,0.5045361957,0.4000715515,0.002185437800000023,0.01119349959999999,-1,-1,-1,-1
104,708,0.5044715186,0.4002729272,0.0023149463000000647,0.010963316700000003,-1,-1,-1,-1
105,708,0.5043582179,0.4001866429,0.002379623399999975,0.010991986700000012,-1,-1,-1,-1
106,708,0.5042449172,0.4002153129,0.0024767163000000147,0.011308590999999979,-1,-1,-1,-1
107,708,0.5040829929,0.4003880186,0.0024444549000000038,0.011279783900000007,-1,-1,-1,-1
108,708,0.5042125015,0.4003304043,0.0022825306000000545,0.011452489600000004,-1,-1,-1,-1
109,708,0.5045202966,0.4000426072,0.002071828300000078,0.011740286699999991,-1,-1,-1,-1
110,708,0.5044232037,0.3999275157,0.001748134099999965,0.011654002499999983,-1,-1,-1,-1
111,708,0.5043097487,0.4000426072,0.0017805497999999753,0.011711479599999963,-1,-1,-1,-1
112,708,0.5039374308,0.4001288914,0.0015862098000000158,0.01176909399999998,-1,-1,-1,-1
113,708,0.5034680202,0.4000426072,0.0017157182999999465,0.01125111379999999,-1,-1,-1,-1
114,708,0.5035326973,0.4000138,0.0018291733999999948,0.011279921000000026,-1,-1,-1,-1
115,708,0.5040669394,0.3998987086,0.0017643419999999743,0.01125111379999999,-1,-1,-1,-1
116,708,0.5043583723,0.3999273785,0.0018452268999999966,0.011481434000000013,-1,-1,-1,-1
117,708,0.5048279373,0.3995244899,0.0017157184000000658,0.012057028299999994,-1,-1,-1,-1
118,708,0.5040833016,0.3998410943,0.0020880361999999764,0.011740423900000019,-1,-1,-1,-1
119,708,0.5036947759,0.3999273785,0.0027517868999999973,0.011078682499999992,-1,-1,-1,-1
120,708,0.5033547195,0.4000136628,0.001926111900000027,0.011711754000000019,-1,-1,-1,-1
121,708,0.5029015167,0.40030146,0.0020232046999999476,0.011567855399999993,-1,-1,-1,-1
122,708,0.5029015167,0.3999849928,0.0021527132999999976,0.011826708299999988,-1,-1,-1,-1
123,708,0.5032900424,0.3999563229,0.0021365053999999883,0.011826571000000008,-1,-1,-1,-1
124,708,0.5040833016,0.4000714143,0.0016833026999999445,0.011711479600000019,-1,-1,-1,-1
125,708,0.5045042431,0.4001576986,0.0017803954000000788,0.011654002499999983,-1,-1,-1,-1
126,708,0.5048442995,0.4002151757,0.0015050160999999784,0.011596525400000002,-1,-1,-1,-1
127,708,0.5049253389,0.40004247,0.00160210890000001,0.011798038200000027,-1,-1,-1,-1
128,708,0.5050062238,0.4000136628,0.001990634699999938,0.011682946799999983,-1,-1,-1,-1
129,708,0.5053947495,0.4001863686,0.001958373300000038,0.011654139600000002,-1,-1,-1,-1
130,708,0.5053785417,0.4001288914,0.0020392582000000603,0.011682809699999963,-1,-1,-1,-1
131,708,0.5055242581,0.4001288914,0.001974581100000039,0.011452626799999976,-1,-1,-1,-1
132,708,0.5054271652,0.4001576986,0.001958373300000038,0.011538910999999985,-1,-1,-1,-1
133,708,0.505459581,0.4001865057,0.0019906346000000408,0.011308728200000007,-1,-1,-1,-1
134,708,0.5053461259,0.4002153129,0.002104089699999978,0.011567580999999993,-1,-1,-1,-1
135,708,0.505410803,0.4002153129,0.0020232047000000586,0.011654002499999983,-1,-1,-1,-1
136,708,0.5054592723,0.4002729272,0.0020232047000000586,0.011654002499999983,-1,-1,-1,-1
137,708,0.5054915336,0.4003017344,0.002023204800000067,0.01165400240000003,-1,-1,-1,-1
138,708,0.5055400029,0.4004168258,0.001942628400000035,0.011481159600000013,-1,-1,-1,-1
139,708,0.5054267022,0.4004456329,0.001991097700000055,0.011423682499999976,-1,-1,-1,-1
140,708,0.5053942864,0.4004456329,0.001991097700000055,0.011423682499999976,-1,-1,-1,-1
141,708,0.5054104943,0.4004456329,0.001991097700000055,0.011423682499999976,-1,-1,-1,-1
142,708,0.50544291,0.4004456329,0.001991097700000055,0.011423682499999976,-1,-1,-1,-1
143,708,0.5054104943,0.400416963,0.001991097700000055,0.011423682399999968,-1,-1,-1,-1
144,708,0.50544291,0.400416963,0.001991097700000055,0.011423682399999968,-1,-1,-1,-1
145,708,0.5054913793,0.400416963,0.001991097700000055,0.011423682399999968,-1,-1,-1,-1
146,708,0.5054913793,0.400416963,0.001991097700000055,0.011423682399999968,-1,-1,-1,-1
147,708,0.5054913793,0.400416963,0.001991097700000055,0.011423682399999968,-1,-1,-1,-1
148,708,0.5054751714,0.4001867801,0.001991097700000055,0.011538636700000049,-1,-1,-1,-1
149,708,0.5055074328,0.4000140744,0.001991097700000055,0.011567443800000021,-1,-1,-1,-1
150,708,0.5055074328,0.4000140744,0.001991097700000055,0.011567443800000021,-1,-1,-1,-1
151,708,0.5053779242,0.3999852672,0.0013276557999999383,0.011509966699999985,-1,-1,-1,-1
152,708,0.5046493421,0.3998415058,0.0015866728000000219,0.01159611380000003,-1,-1,-1,-1
153,708,0.504455002,0.3998415058,0.0016352964999999386,0.01159611380000003,-1,-1,-1,-1
154,708,0.5035646499,0.3998128358,0.0018781057999999184,0.011653591000000019,-1,-1,-1,-1
155,708,0.5029817842,0.3999567344,0.0018943136000000305,0.011624783799999983,-1,-1,-1,-1
156,708,0.5025123735,0.3998991201,0.001958990799999949,0.011509692399999993,-1,-1,-1,-1
157,708,0.5019943393,0.3997264143,0.0020722913999999815,0.011394738199999976,-1,-1,-1,-1
158,708,0.5016866986,0.3996976072,0.0024285557000000013,0.011567443899999974,-1,-1,-1,-1
159,708,0.5018486229,0.3999277901,0.0022504235000000428,0.011653728099999983,-1,-1,-1,-1
160,708,0.5018810386,0.3999277901,0.002250423600000051,0.011653728099999983,-1,-1,-1,-1
161,708,0.5017999993,0.4000140744,0.0022504235000000428,0.011653728100000038,-1,-1,-1,-1
162,708,0.5018486229,0.39995646,0.0022504235000000428,0.011653728199999991,-1,-1,-1,-1
163,708,0.5018162071,0.39995646,0.002250423600000051,0.011653728199999991,-1,-1,-1,-1
164,708,0.5016382293,0.39995646,0.0024608171000000123,0.011653728199999991,-1,-1,-1,-1
165,708,0.5016382293,0.39995646,0.0024608171000000123,0.011538773899999966,-1,-1,-1,-1
166,708,0.5015573444,0.3999276529,0.002590325600000054,0.011682672499999991,-1,-1,-1,-1
167,708,0.5015249286,0.39995646,0.0025903257000000623,0.011682672499999991,-1,-1,-1,-1
168,708,0.5015249286,0.39995646,0.0025903257000000623,0.01159625110000001,-1,-1,-1,-1
169,708,0.5015249286,0.39995646,0.0025903257000000623,0.01159625110000001,-1,-1,-1,-1
170,708,0.5015249286,0.39995646,0.0025903257000000623,0.01159625110000001,-1,-1,-1,-1
171,708,0.5015249286,0.39995646,0.0025903257000000623,0.01159625110000001,-1,-1,-1,-1
172,708,0.5015249286,0.39995646,0.0025903257000000623,0.01159625110000001,-1,-1,-1,-1
173,708,0.5015249286,0.39995646,0.0025903257000000623,0.01159625110000001,-1,-1,-1,-1
174,708,0.5015249286,0.39995646,0.0025903257000000623,0.01159625110000001,-1,-1,-1,-1
175,708,0.5015249286,0.39995646,0.0025903257000000623,0.01159625110000001,-1,-1,-1,-1
176,708,0.5015249286,0.39995646,0.0025903257000000623,0.01159625110000001,-1,-1,-1,-1
177,708,0.5015249286,0.39995646,0.0025903257000000623,0.01159625110000001,-1,-1,-1,-1
178,708,0.5015249286,0.39995646,0.0025903257000000623,0.01159625110000001,-1,-1,-1,-1
179,708,0.5015249286,0.39995646,0.0025903257000000623,0.01159625110000001,-1,-1,-1,-1
180,708,0.5015249286,0.39995646,0.0025903257000000623,0.01159625110000001,-1,-1,-1,-1
181,708,0.5015249286,0.39995646,0.0025903257000000623,0.01159625110000001,-1,-1,-1,-1
182,708,0.5015249286,0.39995646,0.0025903257000000623,0.01159625110000001,-1,-1,-1,-1
183,708,0.5015249286,0.39995646,0.0026387949000000743,0.01159625110000001,-1,-1,-1,-1
184,708,0.5016382293,0.39995646,0.0021207607000000017,0.01159625110000001,-1,-1,-1,-1
185,708,0.5017839458,0.39995646,0.0019750442000000534,0.01159625110000001,-1,-1,-1,-1
186,708,0.5017839458,0.39995646,0.0019750442000000534,0.01159625110000001,-1,-1,-1,-1
187,708,0.5017839458,0.39995646,0.0019750442000000534,0.01159625110000001,-1,-1,-1,-1
188,708,0.5015573444,0.39995646,0.002833134900000034,0.01159625110000001,-1,-1,-1,-1
189,708,0.5015573444,0.39995646,0.0029302276999999544,0.01159625110000001,-1,-1,-1,-1
190,708,0.5015573444,0.39995646,0.0029302276999999544,0.01159625110000001,-1,-1,-1,-1
191,708,0.5015573444,0.39995646,0.0029302276999999544,0.01159625110000001,-1,-1,-1,-1
192,708,0.5015573444,0.39995646,0.0029302276999999544,0.01159625110000001,-1,-1,-1,-1
193,708,0.5015573444,0.39995646,0.0029302276999999544,0.01159625110000001,-1,-1,-1,-1
194,708,0.5015573444,0.39995646,0.0029302276999999544,0.01159625110000001,-1,-1,-1,-1
195,708,0.5015573444,0.39995646,0.0029302276999999544,0.01159625110000001,-1,-1,-1,-1
196,708,0.5015573444,0.39995646,0.0029302276999999544,0.01159625110000001,-1,-1,-1,-1
197,708,0.5015573444,0.39995646,0.0029302276999999544,0.01159625110000001,-1,-1,-1,-1
198,708,0.5015573444,0.39995646,0.0029302276999999544,0.01159625110000001,-1,-1,-1,-1
199,708,0.5015573444,0.39995646,0.0029302276999999544,0.01159625110000001,-1,-1,-1,-1
200,708,0.5015573444,0.39995646,0.0029302276999999544,0.01159625110000001,-1,-1,-1,-1
201,708,0.5015573444,0.39995646,0.0029302276999999544,0.01159625110000001,-1,-1,-1,-1
202,708,0.5015573444,0.39995646,0.0029302276999999544,0.01159625110000001,-1,-1,-1,-1
203,708,0.5015573444,0.39995646,0.0029302276999999544,0.01159625110000001,-1,-1,-1,-1
204,708,0.5015573444,0.39995646,0.0029302276999999544,0.01159625110000001,-1,-1,-1,-1
205,708,0.5015573444,0.39995646,0.0029302276999999544,0.01159625110000001,-1,-1,-1,-1
206,708,0.5015573444,0.39995646,0.0029302276999999544,0.01159625110000001,-1,-1,-1,-1
207,708,0.5015573444,0.39995646,0.0029302276999999544,0.01159625110000001,-1,-1,-1,-1
208,708,0.5015087208,0.39995646,0.002978851299999974,0.01159625110000001,-1,-1,-1,-1
209,708,0.5015087208,0.39995646,0.002978851299999974,0.01159625110000001,-1,-1,-1,-1
210,708,0.5015087208,0.39995646,0.002978851299999974,0.01159625110000001,-1,-1,-1,-1
211,708,0.5015087208,0.39995646,0.002978851299999974,0.01159625110000001,-1,-1,-1,-1
212,708,0.5015087208,0.39995646,0.002978851299999974,0.01159625110000001,-1,-1,-1,-1
213,708,0.5015087208,0.39995646,0.002978851299999974,0.01159625110000001,-1,-1,-1,-1
214,708,0.5015087208,0.39995646,0.002978851299999974,0.01159625110000001,-1,-1,-1,-1
215,708,0.5015087208,0.39995646,0.002978851299999974,0.01159625110000001,-1,-1,-1,-1
216,708,0.5015087208,0.39995646,0.002978851299999974,0.01159625110000001,-1,-1,-1,-1
217,708,0.5015087208,0.39995646,0.002865550600000044,0.01159625110000001,-1,-1,-1,-1
218,708,0.5015087208,0.39995646,0.002865550600000044,0.01159625110000001,-1,-1,-1,-1
219,708,0.5015087208,0.39995646,0.002865550600000044,0.01159625110000001,-1,-1,-1,-1
220,708,0.5015087208,0.39995646,0.002865550600000044,0.01159625110000001,-1,-1,-1,-1
221,708,0.5015087208,0.39995646,0.002865550600000044,0.01159625110000001,-1,-1,-1,-1
222,708,0.5015087208,0.39995646,0.002865550600000044,0.01159625110000001,-1,-1,-1,-1
223,708,0.5015087208,0.39995646,0.002865550600000044,0.01159625110000001,-1,-1,-1,-1
224,708,0.5015087208,0.39995646,0.0030436828000000027,0.01159625110000001,-1,-1,-1,-1
225,708,0.5015087208,0.39995646,0.0030436828000000027,0.01159625110000001,-1,-1,-1,-1
226,708,0.5015087208,0.39995646,0.0030436828000000027,0.01159625110000001,-1,-1,-1,-1
227,708,0.5015087208,0.39995646,0.0030436828000000027,0.01159625110000001,-1,-1,-1,-1
228,708,0.5015087208,0.400129303,0.0029464356000000747,0.011423408100000032,-1,-1,-1,-1
229,708,0.5015087208,0.4001004958,0.002833134900000034,0.011452215300000013,-1,-1,-1,-1
230,708,0.5015087208,0.4001004958,0.002833134900000034,0.011452215300000013,-1,-1,-1,-1
231,708,0.5015087208,0.4001004958,0.002833134900000034,0.011452215300000013,-1,-1,-1,-1
232,708,0.5015087208,0.4001004958,0.0027684578000000126,0.011452215300000013,-1,-1,-1,-1
233,708,0.5015087208,0.4001004958,0.0027684578000000126,0.011452215300000013,-1,-1,-1,-1
234,708,0.5015087208,0.4001004958,0.0027684578000000126,0.011452215300000013,-1,-1,-1,-1
