65,1634,0.3815259042,0.3766270555,0.001268844300000016,0.006936213800000035,-1,-1,-1,-1
66,1634,0.3820385358,0.3765511967,0.0011328526999999644,0.006784907600000001,-1,-1,-1,-1
67,1634,0.3821240516,0.3766018149,0.0013177766999999951,0.0067089116999999865,-1,-1,-1,-1
68,1634,0.3822949288,0.3766524332,0.0013177766999999951,0.0067089116999999865,-1,-1,-1,-1
69,1634,0.3827506014,0.376677811,0.001417493599999986,0.006607675000000035,-1,-1,-1,-1
70,1634,0.383206274,0.3766018149,0.0013319777999999949,0.006658293400000015,-1,-1,-1,-1
71,1634,0.3834768682,0.3764753378,0.0013319777999999949,0.006658293400000015,-1,-1,-1,-1
72,1634,0.3837758647,0.3765789064,0.001417493599999986,0.006504106499999995,-1,-1,-1,-1
73,1634,0.3843738577,0.3765789064,0.0014174936999999943,0.006504106499999995,-1,-1,-1,-1
74,1634,0.3851569292,0.3764776698,0.0013463334000000104,0.006807816199999983,-1,-1,-1,-1
75,1634,0.385783479,0.3765535286,0.0013463333000000022,0.006807816299999991,-1,-1,-1,-1
76,1634,0.3865237925,0.3765535286,0.0012467707999999633,0.006554724799999967,-1,-1,-1,-1
77,1634,0.3871217856,0.3765787692,0.0012467708000000188,0.0065547248000000224,-1,-1,-1,-1
78,1634,0.3877767377,0.3765029103,0.001118651500000012,0.0064282477000000005,-1,-1,-1,-1
79,1634,0.3884318442,0.3764775326,0.001118651500000012,0.0064282477000000005,-1,-1,-1,-1
80,1634,0.3890725952,0.3765027732,0.0012040128999999955,0.006479003100000047,-1,-1,-1,-1
81,1634,0.3898842234,0.3765027732,0.0012040127999999872,0.006479003100000047,-1,-1,-1,-1
82,1634,0.3904110562,0.3764521549,0.0011042958999999963,0.0064790030999999915,-1,-1,-1,-1
83,1634,0.3909806469,0.376376296,0.0011042958999999963,0.0064790032,-1,-1,-1,-1
