102,812,0.5485394706,0.4125032099,0.002160585699999995,0.015226912599999975,-1,-1,-1,-1
103,812,0.5437911834,0.4125032099,0.0021855921000000222,0.015628841000000004,-1,-1,-1,-1
104,812,0.5386407868,0.412815699,0.0030649845999999314,0.01549495620000002,-1,-1,-1,-1
105,812,0.5330884351,0.413039023,0.0034417787999999616,0.014512495199999975,-1,-1,-1,-1
106,812,0.5280133664,0.4131730448,0.003441778900000081,0.014512495199999975,-1,-1,-1,-1
107,812,0.5241443173,0.4132176273,0.002738357499999955,0.014601934599999977,-1,-1,-1,-1
108,812,0.5200491299,0.4127711165,0.0021855921000000222,0.014467912600000021,-1,-1,-1,-1
109,812,0.5159289361,0.4124139078,0.003240647000000041,0.014646517000000026,-1,-1,-1,-1
110,812,0.5119593982,0.4123246056,0.002587392799999977,0.015986049599999996,-1,-1,-1,-1
111,812,0.507914378,0.4119673969,0.002487058399999964,0.01607535179999997,-1,-1,-1,-1
112,812,0.5028644701,0.4118779575,0.0035422676999999902,0.015807582499999973,-1,-1,-1,-1
113,812,0.4996233601,0.4115207488,0.003693077900000008,0.015852164999999974,-1,-1,-1,-1
114,812,0.4950508896,0.4115207488,0.003919216300000028,0.015227049800000003,-1,-1,-1,-1
115,812,0.491131519,0.411610051,0.004723280800000007,0.015003725700000026,-1,-1,-1,-1
116,812,0.4876142577,0.4105382877,0.003567428500000025,0.015584395699999976,-1,-1,-1,-1
117,812,0.4840718357,0.4103596834,0.0023865697000000075,0.015852302099999993,-1,-1,-1,-1
118,812,0.4802531082,0.4105382877,0.002260920100000008,0.015361071599999998,-1,-1,-1,-1
119,812,0.4802531082,0.4105382877,0.002260920100000008,0.015361071599999998,-1,-1,-1,-1
120,812,0.4760198645,0.4103954179,0.002345490399999983,0.015112558499999984,-1,-1,-1,-1
121,812,0.4717866208,0.4102525482,0.0024300608000000223,0.014864045299999962,-1,-1,-1,-1
122,812,0.4675533771,0.4101096784,0.0025146310999999977,0.014615532200000003,-1,-1,-1,-1
123,812,0.4633201334,0.4099668087,0.0025992014999999813,0.014367018999999981,-1,-1,-1,-1
124,812,0.4590868898,0.4098239389,0.002683771700000004,0.014118505899999967,-1,-1,-1,-1
125,812,0.4548536461,0.4096810691,0.002768341999999979,0.013869992800000008,-1,-1,-1,-1
126,812,0.4506204024,0.4095381994,0.0028529124000000183,0.013621479599999986,-1,-1,-1,-1
127,812,0.4463871587,0.4093953296,0.0029374826999999937,0.013372966499999972,-1,-1,-1,-1
128,812,0.4432187525,0.409141278,0.00243719990000002,0.014600837099999986,-1,-1,-1,-1
129,812,0.4392714425,0.4089718645,0.0027872898999999896,0.015024302200000006,-1,-1,-1,-1
130,812,0.4351501682,0.4088448386,0.003335115700000002,0.015151328100000028,-1,-1,-1,-1
131,812,0.4309574249,0.4088448386,0.004502390700000025,0.014982051800000007,-1,-1,-1,-1
132,812,0.4282178325,0.4087178128,0.0039306390000000135,0.0146856125,-1,-1,-1,-1
133,812,0.4255020116,0.4083367353,0.003620991600000012,0.014516199000000007,-1,-1,-1,-1
134,812,0.4228338882,0.407828632,0.0029300734000000106,0.014008095599999992,-1,-1,-1,-1
135,812,0.4197607225,0.4075321927,0.002548956999999963,0.014897413599999965,-1,-1,-1,-1
136,812,0.4159490956,0.4075745803,0.0031682518000000215,0.014558586699999987,-1,-1,-1,-1
137,812,0.4132809722,0.4075321927,0.003573294100000013,0.014135258599999978,-1,-1,-1,-1
138,812,0.41008864,0.4072357534,0.0037162320999999943,0.014219896799999965,-1,-1,-1,-1
139,812,0.4081589779,0.4069817017,0.0029539993000000098,0.013923594600000033,-1,-1,-1,-1
140,812,0.4061816182,0.4063889602,0.002310933000000015,0.013669543000000006,-1,-1,-1,-1
141,812,0.4034895689,0.4060925209,0.002549111400000026,0.01379656880000002,-1,-1,-1,-1
142,812,0.4009642291,0.4059232446,0.0025491113999999704,0.013796568799999964,-1,-1,-1,-1
143,812,0.3982010195,0.4056691929,0.0031446347000000374,0.0133731037,-1,-1,-1,-1
144,812,0.3964142953,0.4054999166,0.00321610360000002,0.013118914799999992,-1,-1,-1,-1
145,812,0.3946036451,0.4048649246,0.0024777967999999873,0.013499855199999966,-1,-1,-1,-1
146,812,0.3926741373,0.4045262348,0.0030970915999999904,0.01316102819999998,-1,-1,-1,-1
147,812,0.3908636415,0.4037218293,0.002596654499999962,0.013542105699999973,-1,-1,-1,-1
148,812,0.3889102078,0.4033407519,0.0029539992999999543,0.013499717899999986,-1,-1,-1,-1
149,812,0.3868615336,0.4032983642,0.0029777708000000014,0.013203415800000007,-1,-1,-1,-1
150,812,0.3848843283,0.4031713384,0.002739437999999983,0.011848519299999971,-1,-1,-1,-1
151,812,0.3828356541,0.4029172867,0.0027394380000000385,0.011848519400000035,-1,-1,-1,-1
152,812,0.379381372,0.4027478732,0.003406430299999985,0.012653061999999993,-1,-1,-1,-1
153,812,0.3772373029,0.4022821576,0.002858450099999965,0.013118777599999965,-1,-1,-1,-1
154,812,0.3748075123,0.4017318038,0.0021198345000000285,0.011890769799999978,-1,-1,-1,-1
155,812,0.3719487535,0.4013931139,0.002643888799999994,0.0124411237,-1,-1,-1,-1
156,812,0.3693281732,0.4011390623,0.0021675319000000193,0.011086227199999965,-1,-1,-1,-1
157,812,0.3665171118,0.4010120365,0.001953125,0.010281684499999999,-1,-1,-1,-1
158,812,0.3634916435,0.4008850106,0.001953125,0.010281684600000007,-1,-1,-1,-1
159,812,0.3605614158,0.4008850106,0.001953125,0.010281684600000007,-1,-1,-1,-1
160,812,0.357369238,0.4006733466,0.001953125,0.010281684600000007,-1,-1,-1,-1
161,812,0.3544629362,0.3994878637,0.002381938799999983,0.011509555200000021,-1,-1,-1,-1
162,812,0.3518662817,0.3997419153,0.002119834499999973,0.010154521600000022,-1,-1,-1,-1
163,812,0.3488733835,0.399648635,0.002119834499999973,0.010154521600000022,-1,-1,-1,-1
164,812,0.3458104056,0.3995863567,0.002459890999999992,0.010260285000000036,-1,-1,-1,-1
165,812,0.342292527,0.3992130983,0.002582298900000002,0.012126851399999972,-1,-1,-1,-1
166,812,0.3388620164,0.3993686569,0.002879906200000004,0.011971292799999977,-1,-1,-1,-1
167,812,0.3360616059,0.399119818,0.0030725482999999776,0.01222013169999997,-1,-1,-1,-1
168,812,0.333663768,0.3988087007,0.0020222784999999743,0.011629036300000006,-1,-1,-1,-1
169,812,0.3304433422,0.398622003,0.0023024430999999956,0.012188992399999987,-1,-1,-1,-1
170,812,0.3276079434,0.398595345,0.002311601800000007,0.011955334400000017,-1,-1,-1,-1
171,812,0.3247725445,0.3985686869,0.0023207605000000187,0.011721676399999992,-1,-1,-1,-1
172,812,0.3219371456,0.3985420288,0.0023299193000000384,0.011488018400000022,-1,-1,-1,-1
173,812,0.3197768686,0.3981421581,0.0016323636000000197,0.011407907100000003,-1,-1,-1,-1
