1,25,0.2282749768,0.4497784318,0.004886439999999992,0.023900334999999995,-1,-1,-1,-1
2,25,0.2280476808,0.4505862667,0.004886439899999984,0.023900334999999995,-1,-1,-1,-1
3,25,0.2274794793,0.4511248233,0.004886439999999992,0.023900334900000042,-1,-1,-1,-1
4,25,0.2271006783,0.4520673659,0.004886439999999992,0.023900334999999995,-1,-1,-1,-1
5,25,0.2261537531,0.4530772624,0.004886439900000011,0.023900334999999995,-1,-1,-1,-1
6,25,0.2255855516,0.4538178806,0.00488644000000002,0.023900334999999995,-1,-1,-1,-1
7,25,0.225093064,0.4540871589,0.004886439999999992,0.023900334999999995,-1,-1,-1,-1
8,25,0.2239187656,0.4555009043,0.004886439899999984,0.023900334899999987,-1,-1,-1,-1
9,25,0.223426278,0.4565106636,0.004886439999999992,0.023900334900000042,-1,-1,-1,-1
10,25,0.2223277706,0.4579919,0.004886439999999992,0.023900334899999987,-1,-1,-1,-1
11,25,0.2207746712,0.4589344426,0.004886439900000011,0.023900334899999987,-1,-1,-1,-1
12,25,0.2199034598,0.4606176034,0.004886439999999992,0.023900334999999995,-1,-1,-1,-1
13,25,0.2187291613,0.461560146,0.004583661600000011,0.02491036860000001,-1,-1,-1,-1
14,25,0.2193351811,0.4627046131,0.004583661600000011,0.02491036860000001,-1,-1,-1,-1
15,25,0.2185775792,0.4636471557,0.006250370399999983,0.025112430200000035,-1,-1,-1,-1
16,25,0.2175548629,0.4645223445,0.0046594526000000025,0.023900609299999986,-1,-1,-1,-1
17,25,0.2159639451,0.4667440619,0.006704885299999991,0.02767091690000001,-1,-1,-1,-1
18,25,0.2148655148,0.4676193878,0.005151785900000011,0.027064869300000016,-1,-1,-1,-1
19,25,0.2139943035,0.4693699025,0.005151785899999983,0.027064869300000016,-1,-1,-1,-1
20,25,0.2117972887,0.4704471529,0.005151785900000011,0.027064869300000016,-1,-1,-1,-1
21,25,0.2106229902,0.4716589738,0.005151785900000011,0.027064869300000016,-1,-1,-1,-1
22,25,0.2094108734,0.4732747807,0.006060892799999995,0.024775660899999996,-1,-1,-1,-1
23,25,0.2103578758,0.4741499695,0.006060892799999995,0.024775660899999996,-1,-1,-1,-1
24,25,0.20952456,0.4752945737,0.006060892799999995,0.024775660899999996,-1,-1,-1,-1
25,25,0.2067594209,0.4771123051,0.006060892800000023,0.02477566089999994,-1,-1,-1,-1
26,25,0.2027820879,0.4783914799,0.006060892800000023,0.024775660899999996,-1,-1,-1,-1
27,25,0.2003199587,0.4798053624,0.006060892799999995,0.024775660899999996,-1,-1,-1,-1
28,25,0.197213837,0.4812864616,0.0065153304999999995,0.02793992089999997,-1,-1,-1,-1
29,25,0.1968729316,0.4825656364,0.006515330399999991,0.027939920900000026,-1,-1,-1,-1
30,25,0.1939562104,0.4837102406,0.007348723500000015,0.029017034100000005,-1,-1,-1,-1
31,25,0.1934259044,0.4855953259,0.006212320600000015,0.029421020100000028,-1,-1,-1,-1
32,25,0.1906607654,0.4868071468,0.006666835400000015,0.03096961040000007,-1,-1,-1,-1
33,25,0.1891455615,0.4885576615,0.006666835399999987,0.030969610400000014,-1,-1,-1,-1
34,25,0.1873273476,0.4901061146,0.006666835499999996,0.030969610400000014,-1,-1,-1,-1
35,25,0.1862289174,0.4918566293,0.006666835499999996,0.03096961029999995,-1,-1,-1,-1
36,25,0.1846001041,0.4934050824,0.006666835400000015,0.03096961030000006,-1,-1,-1,-1
37,25,0.1837288927,0.4953573843,0.006666835499999996,0.030969610400000014,-1,-1,-1,-1
38,25,0.1827440719,0.4969731912,0.007803161199999992,0.032787341800000036,-1,-1,-1,-1
39,25,0.1844107808,0.4988582765,0.007803161199999992,0.03278734170000003,-1,-1,-1,-1
40,25,0.1846001813,0.5001374513,0.007803161199999992,0.03278734169999997,-1,-1,-1,-1
41,25,0.186115308,0.5020225365,0.007803161199999992,0.03278734180000009,-1,-1,-1,-1
42,25,0.1860774125,0.5035709896,0.007803161199999992,0.03278734179999998,-1,-1,-1,-1
43,25,0.18687291,0.5055234287,0.007803161099999983,0.03278734179999998,-1,-1,-1,-1
44,25,0.18687291,0.5076777923,0.007803161099999983,0.03278734169999997,-1,-1,-1,-1
45,25,0.1877441213,0.5092262453,0.007803161199999992,0.03278734179999998,-1,-1,-1,-1
46,25,0.1891456386,0.5160934592,0.007803161199999992,0.03278734169999997,-1,-1,-1,-1
47,25,0.1885396188,0.518517101,0.007803161199999992,0.03278734179999998,-1,-1,-1,-1
48,25,0.1922138648,0.5194596436,0.007803161199999992,0.03278734179999998,-1,-1,-1,-1
49,25,0.1935556446,0.5196027192,0.008396060300000008,0.035280669399999964,-1,-1,-1,-1
50,25,0.1948974243,0.5197457947,0.008988959499999977,0.037773997199999965,-1,-1,-1,-1
51,25,0.1982250535,0.5215581762,0.008720603500000007,0.037964947400000004,-1,-1,-1,-1
52,25,0.1981714132,0.5225121045,0.00872060349999998,0.037964947400000004,-1,-1,-1,-1
53,25,0.2018210386,0.5244199611,0.007861895399999985,0.03786960949999996,-1,-1,-1,-1
54,25,0.2041826018,0.5259461915,0.007861895399999985,0.03786960949999996,-1,-1,-1,-1
55,25,0.2041289615,0.5271862709,0.007861895399999985,0.03786960949999996,-1,-1,-1,-1
56,25,0.2050413872,0.5285218254,0.007861895399999985,0.03786960949999996,-1,-1,-1,-1
57,25,0.2049906797,0.5289724516,0.008575890499999989,0.03822654380000001,-1,-1,-1,-1
58,25,0.2050920946,0.5291527021,0.008575890500000016,0.03822654380000001,-1,-1,-1,-1
59,25,0.2059539672,0.5290625768,0.008575890499999989,0.03822654390000002,-1,-1,-1,-1
60,25,0.2063595497,0.529513203,0.008575890499999989,0.0382265437999999,-1,-1,-1,-1
61,25,0.2063088423,0.5296033282,0.008575890400000008,0.03822654390000002,-1,-1,-1,-1
62,25,0.2070946537,0.5296033282,0.008575890400000008,0.03822654390000002,-1,-1,-1,-1
63,25,0.207880465,0.5296033282,0.008575890500000016,0.03822654390000002,-1,-1,-1,-1
64,25,0.2082860475,0.5296033282,0.009184302900000024,0.03894727139999998,-1,-1,-1,-1
65,25,0.2082860475,0.5293330897,0.009184302900000024,0.03894727139999998,-1,-1,-1,-1
66,25,0.2082860475,0.5293330897,0.009184302900000024,0.03894727139999998,-1,-1,-1,-1
67,25,0.207424175,0.5292429645,0.009184302900000024,0.04092961500000003,-1,-1,-1,-1
68,25,0.2068665472,0.5291528392,0.009184302899999996,0.04092961510000004,-1,-1,-1,-1
69,25,0.2066637945,0.5289725888,0.009184302899999996,0.04092961500000003,-1,-1,-1,-1
70,25,0.2064103344,0.5289725888,0.009184302899999996,0.04092961500000003,-1,-1,-1,-1
71,25,0.2063089195,0.529062714,0.009539100699999997,0.04047912609999993,-1,-1,-1,-1
72,25,0.2065117493,0.529062714,0.009539100800000005,0.04047912609999993,-1,-1,-1,-1
73,25,0.2067145792,0.529062714,0.009539100800000005,0.04047912609999993,-1,-1,-1,-1
74,25,0.2055991693,0.5292429645,0.012631638700000003,0.040749364600000004,-1,-1,-1,-1
75,25,0.2058527066,0.5295133402,0.012631638800000011,0.040749364600000004,-1,-1,-1,-1
76,25,0.2058527066,0.5295133402,0.012631638800000011,0.040749364600000004,-1,-1,-1,-1
77,25,0.2055992465,0.5295133402,0.012631638700000003,0.040749364600000004,-1,-1,-1,-1
78,25,0.2047450148,0.5295133402,0.012928088299999974,0.040749364600000004,-1,-1,-1,-1
79,25,0.2048717834,0.5295133402,0.012192945900000002,0.04052412010000006,-1,-1,-1,-1
80,25,0.2049985521,0.5295133402,0.011457803399999994,0.040298875600000006,-1,-1,-1,-1
81,25,0.2047450148,0.5296034654,0.011964877999999984,0.04192071829999999,-1,-1,-1,-1
82,25,0.2047450148,0.5296034654,0.011964877999999984,0.04192071829999999,-1,-1,-1,-1
83,25,0.2047450148,0.5296034654,0.012370460499999986,0.04165047979999992,-1,-1,-1,-1
84,25,0.2047450148,0.5296034654,0.013080210699999983,0.04192071829999999,-1,-1,-1,-1
85,25,0.2047788198,0.5294533024,0.013080210699999983,0.04192071829999999,-1,-1,-1,-1
86,25,0.2048126247,0.5293031394,0.013080210700000011,0.04192071829999999,-1,-1,-1,-1
87,25,0.2048464297,0.5291529764,0.013080210700000011,0.04192071829999999,-1,-1,-1,-1
88,25,0.2048464297,0.5291529764,0.013333709500000013,0.04192071829999999,-1,-1,-1,-1
89,25,0.2048464297,0.5291529764,0.013587208200000006,0.04192071829999999,-1,-1,-1,-1
90,25,0.2050998898,0.5292431016,0.013587208200000006,0.042281082100000034,-1,-1,-1,-1
91,25,0.2047957222,0.5293331811,0.013367501599999998,0.042251086099999946,-1,-1,-1,-1
92,25,0.2044915546,0.5294232607,0.01314779490000001,0.04222108999999996,-1,-1,-1,-1
93,25,0.204187387,0.5295133402,0.012928088300000001,0.042191093999999985,-1,-1,-1,-1
94,25,0.2031733921,0.5302342049,0.012573213200000016,0.0417406050000001,-1,-1,-1,-1
95,25,0.2034268522,0.5303243301,0.011964877999999984,0.04156035459999996,-1,-1,-1,-1
96,25,0.2038325119,0.5305045806,0.012674550999999978,0.04165047979999992,-1,-1,-1,-1
97,25,0.2042127408,0.530459518,0.012852027000000016,0.04165047980000003,-1,-1,-1,-1
98,25,0.2045929696,0.5304144554,0.013029503199999987,0.04165047980000003,-1,-1,-1,-1
99,25,0.2044915546,0.5300540916,0.012421090900000015,0.042191093999999985,-1,-1,-1,-1
100,25,0.2047450919,0.5296036026,0.01221826099999998,0.042641583000000094,-1,-1,-1,-1
101,25,0.2044916318,0.5297838531,0.01257313610000002,0.042641445800000066,-1,-1,-1,-1
102,25,0.2042634868,0.5297838531,0.01262384359999999,0.04273157110000003,-1,-1,-1,-1
103,25,0.2040353418,0.5297838531,0.012674551000000006,0.04282169629999999,-1,-1,-1,-1
104,25,0.204009988,0.5298289157,0.012674551000000006,0.04282169629999999,-1,-1,-1,-1
105,25,0.2039846343,0.5298739783,0.012674551000000006,0.04282169629999999,-1,-1,-1,-1
106,25,0.2040860493,0.5298739783,0.012674551000000006,0.042641445899999963,-1,-1,-1,-1
107,25,0.2040860493,0.5298739783,0.012674551000000006,0.042641445899999963,-1,-1,-1,-1
108,25,0.2040860493,0.5297134813,0.012674551000000006,0.042801942900000056,-1,-1,-1,-1
109,25,0.2036804667,0.5313354612,0.012066138599999998,0.04099971250000001,-1,-1,-1,-1
110,25,0.2034269294,0.5331376916,0.012826673399999988,0.0417205772,-1,-1,-1,-1
111,25,0.2026663946,0.5387244961,0.010950882999999995,0.042982056100000054,-1,-1,-1,-1
112,25,0.201905937,0.543680561,0.011407095899999997,0.04181056530000005,-1,-1,-1,-1
113,25,0.1990668591,0.5468343956,0.013333670900000011,0.044694161299999924,-1,-1,-1,-1
114,25,0.1944025441,0.5507089578,0.011812755600000002,0.0466766421,-1,-1,-1,-1
115,25,0.1935551043,0.5547637704,0.015036268500000005,0.04783633580000002,-1,-1,-1,-1
116,25,0.1900351417,0.5586366864,0.010454845200000007,0.05012033160000007,-1,-1,-1,-1
117,25,0.1855095197,0.5630060457,0.010454845200000007,0.05012033159999996,-1,-1,-1,-1
118,25,0.1832746094,0.5672760889,0.01045484519999998,0.05012033159999996,-1,-1,-1,-1
119,25,0.1823247513,0.5719433964,0.010454845200000007,0.05012033159999996,-1,-1,-1,-1
120,25,0.1771789855,0.576305211,0.010454845200000007,0.05012033160000007,-1,-1,-1,-1
121,25,0.1778900992,0.5803962612,0.01045484519999998,0.05012033160000007,-1,-1,-1,-1
122,25,0.1786012128,0.5844873113,0.010454845200000007,0.05012033160000007,-1,-1,-1,-1
123,25,0.1793123265,0.5885783615,0.01045484519999998,0.05012033160000007,-1,-1,-1,-1
124,25,0.1800234402,0.5926694117,0.010454845200000007,0.05012033160000007,-1,-1,-1,-1
125,25,0.1807345538,0.5967604618,0.010454845200000007,0.05012033160000007,-1,-1,-1,-1
126,25,0.1814456675,0.600851512,0.010454845200000007,0.05012033160000007,-1,-1,-1,-1
127,25,0.1829561634,0.6066388691,0.012200509499999984,0.057234601100000004,-1,-1,-1,-1
128,25,0.175770136,0.608634519,0.012200509500000012,0.057234600999999996,-1,-1,-1,-1
129,25,0.1701560401,0.6160183411,0.012200509500000012,0.057234601100000004,-1,-1,-1,-1
130,25,0.1620717882,0.6214065134,0.014372054799999978,0.059828890999999995,-1,-1,-1,-1
131,25,0.1501700437,0.6273934629,0.01751584049999999,0.0636205983,-1,-1,-1,-1
132,25,0.1374822948,0.6345778298,0.01695443090000001,0.06521706329999999,-1,-1,-1,-1
133,25,0.1207523815,0.6433586617,0.020547483199999994,0.06441869359999997,-1,-1,-1,-1
134,25,0.1082891502,0.6493456112,0.01762821499999999,0.06581556619999995,-1,-1,-1,-1
135,25,0.0944785822,0.6587250832,0.01628087830000001,0.06681339109999995,-1,-1,-1,-1
136,25,0.0803311992,0.6667075454,0.0195370386,0.06860958569999998,-1,-1,-1,-1
137,25,0.0671943382,0.6768852499,0.016505395800000003,0.06900877049999998,-1,-1,-1,-1
138,25,0.0527101404,0.6862647218,0.018414142099999996,0.07000659549999999,-1,-1,-1,-1
139,25,0.036653934,0.6968416111,0.018414142100000003,0.07000659549999999,-1,-1,-1,-1
140,25,0.0183521664,0.7076180929,0.018414142099999996,0.07000659539999998,-1,-1,-1,-1
141,25,-0.0010724204,0.7209888645,0.0184141421,0.07000659549999999,-1,-1,-1,-1
