47,108,0.2297874022,0.3919409382,0.00407187890000002,0.012539753900000006,-1,-1,-1,-1
48,108,0.2336981287,0.3924425942,0.0030236158999999985,0.013757884900000017,-1,-1,-1,-1
49,108,0.2358899724,0.3932323217,0.003625467999999993,0.01381097240000001,-1,-1,-1,-1
50,108,0.2392666882,0.3943905065,0.0028256485,0.013442377999999977,-1,-1,-1,-1
51,108,0.2426434041,0.3948116396,0.003951169000000004,0.01338983930000004,-1,-1,-1,-1
52,108,0.2459312083,0.3950222062,0.0031514264999999986,0.013389839299999984,-1,-1,-1,-1
53,108,0.2483600727,0.3950748821,0.0031514264999999986,0.013389839299999984,-1,-1,-1,-1
54,108,0.2510258807,0.3948116396,0.0033290955999999983,0.01333716330000001,-1,-1,-1,-1
55,108,0.2524476193,0.3946010731,0.0034180073000000255,0.013284487300000036,-1,-1,-1,-1
56,108,0.2540471041,0.3942326158,0.0030033175000000467,0.01260011179999998,-1,-1,-1,-1
57,108,0.2542840476,0.3941800771,0.003210623899999987,0.0125999745,-1,-1,-1,-1
58,108,0.2549653183,0.3938641586,0.0032106237999999787,0.013284350199999961,-1,-1,-1,-1
59,108,0.2553208108,0.3936009161,0.0032106237999999787,0.013284350200000017,-1,-1,-1,-1
60,108,0.2563279367,0.3932851349,0.0032106238000000342,0.013284350100000009,-1,-1,-1,-1
61,108,0.2570684046,0.3929165405,0.0032106237999999787,0.013284350199999961,-1,-1,-1,-1
62,108,0.2582870046,0.3927135186,0.0032106238000000342,0.013284350200000017,-1,-1,-1,-1
