18,1246,0.4155375701,0.3881444297,0.0011246716000000156,0.0035206456999999913,-1,-1,-1,-1
19,1246,0.4152018358,0.3881444297,0.0011246715000000074,0.0035206456999999913,-1,-1,-1,-1
20,1246,0.414899752,0.3880548532,0.001091020900000017,0.003371534399999987,-1,-1,-1,-1
21,1246,0.4146311645,0.3880846206,0.0010240284000000432,0.003073174600000006,-1,-1,-1,-1
22,1246,0.414379248,0.3879951812,0.0010240284000000432,0.003073174600000006,-1,-1,-1,-1
23,1246,0.4141413783,0.3879507359,0.0010240284000000432,0.003073174600000006,-1,-1,-1,-1
24,1246,0.4138911597,0.3878617081,0.0010799068999999828,0.0030851090000000303,-1,-1,-1,-1
25,1246,0.413690954,0.3878617081,0.0011674293999999752,0.0030627491000000395,-1,-1,-1,-1
26,1246,0.4134282322,0.387728235,0.00112991979999999,0.003129554200000051,-1,-1,-1,-1
27,1246,0.4132530329,0.3876837896,0.00112991979999999,0.0031295543000000037,-1,-1,-1,-1
28,1246,0.41320302,0.3876171217,0.0011299198000000454,0.0031295541999999954,-1,-1,-1,-1
29,1246,0.4130153175,0.3875503165,0.0011299198000000454,0.0031295543000000037,-1,-1,-1,-1
30,1246,0.4128401182,0.3874168434,0.0011674294000000307,0.003085108900000022,-1,-1,-1,-1
31,1246,0.4127524414,0.3874168434,0.0011674293999999752,0.003085108900000022,-1,-1,-1,-1
32,1246,0.4126649189,0.387372398,0.0011674293999999752,0.003085108999999975,-1,-1,-1,-1
33,1246,0.4125272292,0.3872611475,0.0011674293999999752,0.003085108999999975,-1,-1,-1,-1
34,1246,0.4122645074,0.3872547002,0.0009545660999999983,0.0029136377999999796,-1,-1,-1,-1
35,1246,0.4122645074,0.3872547002,0.0009545660999999983,0.0029136377999999796,-1,-1,-1,-1
36,1246,0.4120163213,0.3871879751,0.0009608177000000051,0.0029136377999999796,-1,-1,-1,-1
37,1246,0.4117681351,0.3871212499,0.0009670693000000119,0.0029136377999999796,-1,-1,-1,-1
38,1246,0.4115199489,0.3870545248,0.000973321000000027,0.0029136377999999796,-1,-1,-1,-1
39,1246,0.4112717628,0.3869877997,0.0009795725000000255,0.0029136377999999796,-1,-1,-1,-1
40,1246,0.4110235766,0.3869210745,0.000985824199999985,0.0029136377999999796,-1,-1,-1,-1
41,1246,0.4107753905,0.3868543494,0.0009920756999999836,0.0029136377999999796,-1,-1,-1,-1
42,1246,0.4105272043,0.3867876242,0.0009983273999999986,0.0029136377999999796,-1,-1,-1,-1
43,1246,0.4102790182,0.3867208991,0.0010045788999999972,0.0029136377999999796,-1,-1,-1,-1
44,1246,0.410030832,0.386654174,0.0010108306000000122,0.0029136377999999796,-1,-1,-1,-1
45,1246,0.4097826458,0.3865874488,0.0010170821999999635,0.0029136377999999796,-1,-1,-1,-1
46,1246,0.4095344597,0.3865207237,0.001023333699999962,0.0029136377999999796,-1,-1,-1,-1
47,1246,0.4092862735,0.3864539985,0.0010295853999999771,0.0029136377999999796,-1,-1,-1,-1
48,1246,0.4090485581,0.3863651079,0.0010295853999999771,0.0029136377999999796,-1,-1,-1,-1
49,1246,0.4087731788,0.3862762173,0.0009170564999999575,0.0029135006000000074,-1,-1,-1,-1
50,1246,0.4085729731,0.3860316308,0.0009170564000000048,0.002913500599999952,-1,-1,-1,-1
