1,1037,0.3977288304,0.4241175683,0.0035793142000000167,0.018106118999999976,-1,-1,-1,-1
2,1037,0.3981958893,0.4239231805,0.004127485099999995,0.01788911320000003,-1,-1,-1,-1
3,1037,0.3988690004,0.4237214624,0.0035533192000000158,0.018149405799999963,-1,-1,-1,-1
4,1037,0.3976150734,0.4231013546,0.004807246200000004,0.018417654800000016,-1,-1,-1,-1
5,1037,0.3985532879,0.4227369054,0.0033741514999999778,0.018312959000000018,-1,-1,-1,-1
6,1037,0.3976944359,0.422376962,0.0039029805000000417,0.01849690439999996,-1,-1,-1,-1
7,1037,0.3973469549,0.4220804743,0.0035246577999999973,0.018148386199999977,-1,-1,-1,-1
8,1037,0.3961475717,0.4217252749,0.003470169600000017,0.01803444049999997,-1,-1,-1,-1
9,1037,0.3956608715,0.4215519446,0.0036598800000000042,0.018149059099999976,-1,-1,-1,-1
10,1037,0.3949944955,0.4212482963,0.0034683195999999916,0.018159423100000016,-1,-1,-1,-1
11,1037,0.3940354132,0.4207100755,0.004427401899999961,0.018052638100000018,-1,-1,-1,-1
12,1037,0.3938163798,0.4203226512,0.003293618800000009,0.01808820360000002,-1,-1,-1,-1
13,1037,0.3928437579,0.420072061,0.00344133750000003,0.01798679780000001,-1,-1,-1,-1
14,1037,0.3923330755,0.4200560433,0.004117031399999971,0.01770966839999999,-1,-1,-1,-1
15,1037,0.3921029051,0.4196882353,0.0031922756000000163,0.01766690590000003,-1,-1,-1,-1
16,1037,0.3914878106,0.4193985268,0.004071326799999997,0.017252896799999973,-1,-1,-1,-1
17,1037,0.3907902104,0.4191088183,0.0035150555999999833,0.017132034699999965,-1,-1,-1,-1
18,1037,0.3899277531,0.4187605352,0.003031488299999996,0.017212137000000016,-1,-1,-1,-1
19,1037,0.3871004595,0.4184429273,0.004664184999999987,0.017152919900000008,-1,-1,-1,-1
20,1037,0.3872646748,0.4183664078,0.0026851518000000074,0.016408298300000013,-1,-1,-1,-1
21,1037,0.384612744,0.4179898421,0.004545212600000015,0.016315718899999998,-1,-1,-1,-1
22,1037,0.3846231384,0.4176828422,0.0032809468000000175,0.015743003199999994,-1,-1,-1,-1
23,1037,0.383647591,0.4175009477,0.0029704438,0.015924897699999996,-1,-1,-1,-1
24,1037,0.3825074393,0.4173190532,0.003977763100000031,0.015872219699999968,-1,-1,-1,-1
25,1037,0.3815688164,0.4171958704,0.0031227985999999763,0.015760830000000003,-1,-1,-1,-1
26,1037,0.3800653568,0.4169503715,0.003137713200000003,0.015783667899999965,-1,-1,-1,-1
27,1037,0.3790449056,0.4167689217,0.0031526278000000296,0.01580650579999998,-1,-1,-1,-1
28,1037,0.3775723939,0.4165287603,0.0031675424000000008,0.01582934359999999,-1,-1,-1,-1
29,1037,0.3762209866,0.4163538341,0.0031824570000000274,0.015852181500000007,-1,-1,-1,-1
30,1037,0.3749808927,0.4161203333,0.0031973715999999985,0.015875019400000023,-1,-1,-1,-1
31,1037,0.3732459186,0.4158950632,0.0032122861999999697,0.015897857299999985,-1,-1,-1,-1
32,1037,0.3715934245,0.41573829,0.0032272007999999963,0.0159206952,-1,-1,-1,-1
33,1037,0.3704687203,0.4156988032,0.003242115400000023,0.015943532999999954,-1,-1,-1,-1
34,1037,0.3692287087,0.4155127084,0.003233139499999982,0.0148049824,-1,-1,-1,-1
35,1037,0.3683184628,0.4154439,0.003256017599999994,0.015214949800000044,-1,-1,-1,-1
36,1037,0.3671114587,0.4153164484,0.0032788957000000063,0.015624917200000032,-1,-1,-1,-1
37,1037,0.3662011356,0.4149544243,0.0033241560999999753,0.015245980200000009,-1,-1,-1,-1
38,1037,0.3662716784,0.4149544243,0.0031545137999999806,0.015890986100000004,-1,-1,-1,-1
39,1037,0.3662667168,0.4149544243,0.0031639077000000237,0.01590603639999999,-1,-1,-1,-1
40,1037,0.3662617553,0.4149544243,0.0031733016000000114,0.015921086599999967,-1,-1,-1,-1
41,1037,0.3662567937,0.4149544243,0.003182695499999999,0.01593613690000001,-1,-1,-1,-1
42,1037,0.3660537874,0.4149544243,0.003192089499999995,0.015951187199999994,-1,-1,-1,-1
43,1037,0.3661148407,0.4149544243,0.0032014833999999825,0.015966237399999972,-1,-1,-1,-1
44,1037,0.3661596126,0.4153062831,0.0030623015999999836,0.015832411499999977,-1,-1,-1,-1
45,1037,0.3660720902,0.4149544243,0.0032202713000000216,0.015996338,-1,-1,-1,-1
46,1037,0.3661926458,0.4154235694,0.003005345200000009,0.015715125199999957,-1,-1,-1,-1
47,1037,0.3662010276,0.4152593686,0.0030015689999999817,0.01571516639999998,-1,-1,-1,-1
48,1037,0.366191109,0.4152840605,0.00299779280000001,0.015715207499999995,-1,-1,-1,-1
49,1037,0.3659615679,0.4154774285,0.003184793000000019,0.01566126609999996,-1,-1,-1,-1
50,1037,0.3660394759,0.4152268528,0.0031537630999999844,0.015669019100000015,-1,-1,-1,-1
51,1037,0.3654007758,0.4150054501,0.0030639619999999756,0.01554681320000001,-1,-1,-1,-1
52,1037,0.3646519106,0.415288392,0.003044686299999988,0.015580557900000014,-1,-1,-1,-1
53,1037,0.3637051552,0.4151463255,0.0030254103999999837,0.015614302699999971,-1,-1,-1,-1
54,1037,0.3626949883,0.415316931,0.0027724532999999774,0.01546990479999999,-1,-1,-1,-1
55,1037,0.3606909244,0.4151356777,0.0042478499999999975,0.01535787390000004,-1,-1,-1,-1
56,1037,0.3615244717,0.4149544243,0.002967582999999996,0.015715536799999985,-1,-1,-1,-1
57,1037,0.3611066278,0.4149667977,0.003370145199999952,0.015644040199999987,-1,-1,-1,-1
58,1037,0.3611483927,0.4149791711,0.003341390700000002,0.01564914700000003,-1,-1,-1,-1
59,1037,0.3612891027,0.4149915444,0.0033126363000000048,0.01565425399999998,-1,-1,-1,-1
60,1037,0.3613226221,0.4150039178,0.0032838819000000075,0.015659360799999966,-1,-1,-1,-1
61,1037,0.3614082382,0.4150162911,0.003203030699999998,0.015594546799999998,-1,-1,-1,-1
62,1037,0.3613706359,0.4150873762,0.003179486000000009,0.015606645699999977,-1,-1,-1,-1
63,1037,0.3614062692,0.415093226,0.0031559411999999565,0.015618744800000028,-1,-1,-1,-1
64,1037,0.3614419025,0.4150990759,0.0031323963999999593,0.015630843700000008,-1,-1,-1,-1
65,1037,0.3614775358,0.4151049257,0.0031088516999999705,0.015642942800000004,-1,-1,-1,-1
66,1037,0.3615131691,0.4151107755,0.003085306900000029,0.015655041800000047,-1,-1,-1,-1
67,1037,0.3615488024,0.4151166254,0.0030617621000000317,0.015667140700000026,-1,-1,-1,-1
68,1037,0.3615844357,0.4151224752,0.0030382173000000345,0.015679239799999967,-1,-1,-1,-1
69,1037,0.361620069,0.415128325,0.0030146725000000374,0.015691338799999954,-1,-1,-1,-1
70,1037,0.3615071833,0.4151341749,0.0031396468000000066,0.01570343769999999,-1,-1,-1,-1
71,1037,0.3616913356,0.4151400247,0.002967582999999996,0.015715536799999985,-1,-1,-1,-1
72,1037,0.3616391617,0.4151254678,0.0030156618000000135,0.01571553680000004,-1,-1,-1,-1
73,1037,0.3615730953,0.4151109109,0.0030776331000000323,0.015715536799999985,-1,-1,-1,-1
74,1037,0.3614150936,0.4152136403,0.0031936577999999716,0.01569048179999999,-1,-1,-1,-1
75,1037,0.3614440317,0.4151403717,0.0030988076999999836,0.015715536799999985,-1,-1,-1,-1
76,1037,0.3614069034,0.4151258148,0.003135936000000006,0.015719595600000025,-1,-1,-1,-1
77,1037,0.3614248047,0.4151063767,0.0031219066000000018,0.01571925740000002,-1,-1,-1,-1
78,1037,0.361442706,0.4150869386,0.0031078771999999977,0.015718919100000006,-1,-1,-1,-1
79,1037,0.3614606073,0.4150675005,0.0031811773000000043,0.0157185809,-1,-1,-1,-1
80,1037,0.3614785086,0.4150480624,0.003157444599999948,0.015718242600000043,-1,-1,-1,-1
81,1037,0.3614964099,0.4150286243,0.0031337119000000024,0.015717904400000038,-1,-1,-1,-1
82,1037,0.3615143112,0.4152456509,0.0031099792000000015,0.015481101500000038,-1,-1,-1,-1
83,1037,0.3615322125,0.415186802,0.0030862465000000006,0.015520173999999998,-1,-1,-1,-1
84,1037,0.3615501138,0.4151279531,0.0030625136999999913,0.01555924660000002,-1,-1,-1,-1
85,1037,0.3615680151,0.4150691042,0.003038781000000046,0.015598319100000035,-1,-1,-1,-1
86,1037,0.3615859164,0.4150102553,0.0030150482999999895,0.015637391700000003,-1,-1,-1,-1
87,1037,0.3616038177,0.4149514064,0.0030709999999999904,0.015676464300000026,-1,-1,-1,-1
88,1037,0.3616217189,0.4150697901,0.002967582999999996,0.01553830420000002,-1,-1,-1,-1
89,1037,0.3616338142,0.4149341711,0.003043351999999999,0.015445268899999975,-1,-1,-1,-1
90,1037,0.3613972226,0.4149295139,0.0031191210000000025,0.015352233500000034,-1,-1,-1,-1
91,1037,0.3615730953,0.4149296007,0.0028815253000000207,0.01527080380000001,-1,-1,-1,-1
92,1037,0.3613979521,0.4148177387,0.002985782000000048,0.015176713399999986,-1,-1,-1,-1
93,1037,0.3616061285,0.4147234764,0.0027959241999999662,0.015007782999999997,-1,-1,-1,-1
94,1037,0.3615314179,0.4148247675,0.0029328604000000147,0.014922008200000003,-1,-1,-1,-1
95,1037,0.3616721948,0.4147501978,0.002656302999999971,0.015391494999999977,-1,-1,-1,-1
96,1037,0.3615902293,0.4149351864,0.0028523095999999915,0.015226397000000003,-1,-1,-1,-1
97,1037,0.3613158019,0.4148171283,0.0030483161000000036,0.01506129909999998,-1,-1,-1,-1
98,1037,0.3612432267,0.4148048611,0.003134601200000031,0.01563011590000002,-1,-1,-1,-1
99,1037,0.3614082382,0.4150124199,0.0029176858999999666,0.015422557100000012,-1,-1,-1,-1
100,1037,0.3612432267,0.4152786904,0.002997760500000002,0.015508145400000006,-1,-1,-1,-1
101,1037,0.3603522571,0.4158674638,0.0031273848999999743,0.015505803400000018,-1,-1,-1,-1
102,1037,0.3584261453,0.4156350962,0.003905941199999985,0.012923163399999993,-1,-1,-1,-1
103,1037,0.3572837222,0.4164016658,0.0038605593000000105,0.011687448699999992,-1,-1,-1,-1
104,1037,0.3567405118,0.4194554548,0.003908735200000013,0.008750945999999982,-1,-1,-1,-1
105,1037,0.3564538486,0.4190752786,0.003872527399999992,0.009015573499999985,-1,-1,-1,-1
106,1037,0.3564588191,0.4173569409,0.003893438000000027,0.010816205900000042,-1,-1,-1,-1
107,1037,0.3565548093,0.4173940375,0.0038490703999999876,0.010861404000000019,-1,-1,-1,-1
108,1037,0.3568217209,0.4174155155,0.0037616141000000325,0.010790885299999997,-1,-1,-1,-1
109,1037,0.3568835269,0.4175915135,0.003798753199999949,0.010723449100000004,-1,-1,-1,-1
110,1037,0.3569453329,0.4175977893,0.0035060236999999717,0.010825735099999956,-1,-1,-1,-1
111,1037,0.3570071389,0.4176040652,0.003531637300000001,0.01092802100000001,-1,-1,-1,-1
112,1037,0.3570689449,0.417610341,0.003580302099999988,0.010830632300000032,-1,-1,-1,-1
113,1037,0.3571307509,0.4176166168,0.003320605699999979,0.010531209400000019,-1,-1,-1,-1
114,1037,0.3571307509,0.4178847977,0.0033305322999999665,0.010305648400000034,-1,-1,-1,-1
115,1037,0.3571307509,0.417650088,0.0033404589000000096,0.010582977900000012,-1,-1,-1,-1
116,1037,0.3571307509,0.4176470452,0.003350385499999997,0.010628640500000008,-1,-1,-1,-1
117,1037,0.3571307509,0.4176440023,0.0033603119999999764,0.010674303200000013,-1,-1,-1,-1
118,1037,0.3571307509,0.4175328017,0.003370238599999964,0.010828123599999961,-1,-1,-1,-1
119,1037,0.3571307509,0.4175432786,0.003380165200000007,0.010860266499999993,-1,-1,-1,-1
120,1037,0.3571307509,0.4175537555,0.0035515291999999588,0.011004504099999979,-1,-1,-1,-1
121,1037,0.356920666,0.4175642324,0.0035966025999999984,0.011111313499999997,-1,-1,-1,-1
122,1037,0.356962683,0.4175747093,0.003567212300000011,0.011106104100000014,-1,-1,-1,-1
123,1037,0.3570047,0.4175851862,0.0035378219999999683,0.011100894799999983,-1,-1,-1,-1
124,1037,0.357046717,0.4175956631,0.003508431699999981,0.011095685500000008,-1,-1,-1,-1
125,1037,0.3570887339,0.41760614,0.003479041500000002,0.011090476199999977,-1,-1,-1,-1
126,1037,0.3571307509,0.4176166168,0.003449651199999959,0.01108526700000001,-1,-1,-1,-1
127,1037,0.3571307509,0.4176237043,0.003449651199999959,0.011078179500000007,-1,-1,-1,-1
128,1037,0.3571307509,0.4176307918,0.003449651199999959,0.011071092000000005,-1,-1,-1,-1
129,1037,0.3571307509,0.4176378793,0.003449651199999959,0.011064004500000002,-1,-1,-1,-1
130,1037,0.3571307509,0.4176449667,0.003449651199999959,0.011056917100000008,-1,-1,-1,-1
131,1037,0.3571307509,0.4176520542,0.003449651199999959,0.011049829600000005,-1,-1,-1,-1
132,1037,0.3571307509,0.4176591417,0.003449651199999959,0.011042742100000003,-1,-1,-1,-1
133,1037,0.3571307509,0.4176662292,0.003449651199999959,0.0110356546,-1,-1,-1,-1
134,1037,0.3571307509,0.4176733166,0.003449651199999959,0.011028567200000006,-1,-1,-1,-1
135,1037,0.3571307509,0.4176804041,0.003449651199999959,0.011021479700000003,-1,-1,-1,-1
136,1037,0.3571307509,0.4176874916,0.003449651199999959,0.0110143922,-1,-1,-1,-1
137,1037,0.3570324231,0.4176945791,0.003547978999999979,0.011007304699999998,-1,-1,-1,-1
138,1037,0.3570570051,0.4177016665,0.0035233969999999837,0.011000217300000004,-1,-1,-1,-1
139,1037,0.357081587,0.417708754,0.0034988150999999967,0.010993129800000001,-1,-1,-1,-1
140,1037,0.357106169,0.4177158415,0.0034742331000000015,0.010986042299999998,-1,-1,-1,-1
141,1037,0.3571307509,0.417722929,0.003449651199999959,0.010978954799999996,-1,-1,-1,-1
142,1037,0.3571358227,0.417722929,0.0034420434999999916,0.010981208399999998,-1,-1,-1,-1
143,1037,0.3571408946,0.417722929,0.003434435700000016,0.010983462099999952,-1,-1,-1,-1
144,1037,0.3571459664,0.417722929,0.003426827999999993,0.010985715699999954,-1,-1,-1,-1
145,1037,0.3571510383,0.417722929,0.003419220100000009,0.010987969299999956,-1,-1,-1,-1
146,1037,0.3569987725,0.4178057838,0.003507690899999971,0.010907368099999981,-1,-1,-1,-1
147,1037,0.357013678,0.4178006054,0.0034940781999999726,0.010914800099999955,-1,-1,-1,-1
148,1037,0.3569482966,0.4177160701,0.003560752300000025,0.011001589099999987,-1,-1,-1,-1
149,1037,0.3569689368,0.41771656,0.003541404899999989,0.011003352799999977,-1,-1,-1,-1
150,1037,0.356989577,0.4177170499,0.0035220575000000087,0.011005116499999967,-1,-1,-1,-1
151,1037,0.3569229815,0.4176712133,0.0035899456999999857,0.011053206699999985,-1,-1,-1,-1
152,1037,0.3569515522,0.4176759147,0.0035626677999999745,0.011050759000000021,-1,-1,-1,-1
153,1037,0.356980123,0.4178954975,0.0034758645000000365,0.010833429800000016,-1,-1,-1,-1
154,1037,0.3570086937,0.4180300681,0.003422132999999994,0.010701112800000023,-1,-1,-1,-1
155,1037,0.3570372645,0.4179916757,0.003405602299999977,0.0107417588,-1,-1,-1,-1
156,1037,0.3570658352,0.4179532833,0.003389071699999968,0.010782404800000034,-1,-1,-1,-1
157,1037,0.357094406,0.4179148909,0.003372541100000015,0.01082305090000002,-1,-1,-1,-1
158,1037,0.3571229767,0.4178764985,0.0033560105000000062,0.010863696899999997,-1,-1,-1,-1
159,1037,0.3571515475,0.4178381061,0.0033394797999999892,0.01090434290000003,-1,-1,-1,-1
160,1037,0.3571801182,0.4177997137,0.0033229492999999888,0.010944988900000008,-1,-1,-1,-1
161,1037,0.357208689,0.4177613213,0.003306418599999972,0.010985634899999985,-1,-1,-1,-1
162,1037,0.3572372597,0.417722929,0.0032898880000000186,0.011026280899999963,-1,-1,-1,-1
163,1037,0.3571999868,0.417722929,0.0033555633000000307,0.011035746099999966,-1,-1,-1,-1
164,1037,0.3571627138,0.417722929,0.0034212386000000428,0.011045211299999969,-1,-1,-1,-1
165,1037,0.3571254409,0.417722929,0.0034869138999999993,0.011054676499999971,-1,-1,-1,-1
166,1037,0.3570881679,0.417722929,0.0035525892000000114,0.011064141699999974,-1,-1,-1,-1
167,1037,0.3568473448,0.417722929,0.0038218146999999814,0.0107129688,-1,-1,-1,-1
168,1037,0.3568304268,0.417722929,0.0038671350000000215,0.010758497799999989,-1,-1,-1,-1
169,1037,0.3568135089,0.4178954975,0.003912455300000006,0.010631458300000007,-1,-1,-1,-1
170,1037,0.356796591,0.4178739265,0.003957775599999991,0.010698558299999994,-1,-1,-1,-1
171,1037,0.3567796731,0.4178523554,0.004003095799999967,0.010765658499999997,-1,-1,-1,-1
172,1037,0.3567627551,0.4178307843,0.004048416200000016,0.010832758600000048,-1,-1,-1,-1
173,1037,0.3567458372,0.4178092132,0.004093736399999992,0.010899858700000042,-1,-1,-1,-1
174,1037,0.3567289193,0.4177876422,0.004139056699999977,0.010966958700000029,-1,-1,-1,-1
175,1037,0.3567120014,0.4177660711,0.003996365700000004,0.010938967799999977,-1,-1,-1,-1
176,1037,0.3566950835,0.4177445,0.004013283599999973,0.01113996629999997,-1,-1,-1,-1
177,1037,0.3565444892,0.4176712133,0.00440869380000003,0.011219974699999968,-1,-1,-1,-1
178,1037,0.35656965,0.4175814996,0.004567685299999957,0.010809541300000003,-1,-1,-1,-1
179,1037,0.3565843914,0.4173572153,0.003972547900000012,0.01104226890000004,-1,-1,-1,-1
180,1037,0.3565991329,0.4175366427,0.003961844200000009,0.010871284699999983,-1,-1,-1,-1
181,1037,0.3566138743,0.4179403544,0.003943064999999968,0.010476016199999993,-1,-1,-1,-1
182,1037,0.3567968688,0.4180300681,0.003764583300000013,0.010394745799999994,-1,-1,-1,-1
183,1037,0.3568010944,0.4181197818,0.0037648704999999616,0.010313475300000041,-1,-1,-1,-1
184,1037,0.3569987725,0.4180300681,0.003571705099999989,0.010411632300000029,-1,-1,-1,-1
185,1037,0.3569891801,0.417760927,0.00334069469999998,0.010689216599999996,-1,-1,-1,-1
186,1037,0.3569795877,0.4174917858,0.003451238999999995,0.01096680099999997,-1,-1,-1,-1
187,1037,0.3569699953,0.4175110478,0.003477733900000002,0.0109559823,-1,-1,-1,-1
188,1037,0.3569604029,0.417760927,0.003445108600000024,0.010714546300000016,-1,-1,-1,-1
189,1037,0.3568220296,0.417446929,0.0035834819000000184,0.011036987599999992,-1,-1,-1,-1
190,1037,0.3568267462,0.4174775957,0.0036041148000000023,0.011014764100000018,-1,-1,-1,-1
191,1037,0.3568314628,0.4181646386,0.003675000599999978,0.010336164399999959,-1,-1,-1,-1
192,1037,0.3568361793,0.4180300681,0.0036702840999999764,0.010479178199999994,-1,-1,-1,-1
193,1037,0.3568408959,0.4175814996,0.0035394549000000164,0.010936189900000004,-1,-1,-1,-1
194,1037,0.3568456125,0.4178057838,0.0036356900999999775,0.010720349000000018,-1,-1,-1,-1
195,1037,0.3568503291,0.4175366427,0.003555182400000023,0.010997933299999985,-1,-1,-1,-1
196,1037,0.3568550457,0.4175814996,0.0036767328000000266,0.01096151959999997,-1,-1,-1,-1
197,1037,0.3568597622,0.4176263564,0.003672016300000025,0.01092510609999997,-1,-1,-1,-1
198,1037,0.3568978207,0.4178057838,0.0036086426999999976,0.010754121900000024,-1,-1,-1,-1
199,1037,0.3569036955,0.4178064778,0.0036055554999999684,0.010739508499999995,-1,-1,-1,-1
200,1037,0.3569095702,0.4178071717,0.0036024682999999946,0.010724895200000029,-1,-1,-1,-1
201,1037,0.356915445,0.4178078657,0.003599381100000021,0.01071028169999999,-1,-1,-1,-1
202,1037,0.3569213198,0.4178085596,0.0035962938999999916,0.010695668399999969,-1,-1,-1,-1
203,1037,0.3569271946,0.4178092536,0.0035932066000000096,0.010681054999999995,-1,-1,-1,-1
204,1037,0.3569330694,0.417760927,0.0035482331999999728,0.01071546219999997,-1,-1,-1,-1
205,1037,0.3569389442,0.4177660773,0.0035489537999999765,0.01069639250000004,-1,-1,-1,-1
206,1037,0.356944819,0.4177712277,0.0035496743999999802,0.010677322599999983,-1,-1,-1,-1
207,1037,0.3568473448,0.4178506407,0.003653743999999959,0.010583990200000004,-1,-1,-1,-1
208,1037,0.3568661382,0.4178057838,0.0035646884999999684,0.010614927699999999,-1,-1,-1,-1
209,1037,0.3568849316,0.4178074691,0.0035634700999999658,0.010599322999999994,-1,-1,-1,-1
210,1037,0.356903725,0.4178091545,0.0035622517999999714,0.010583718099999972,-1,-1,-1,-1
211,1037,0.3569225184,0.4178108398,0.003561033499999977,0.010568113400000023,-1,-1,-1,-1
212,1037,0.3569413118,0.4178125251,0.00355981510000003,0.010552508700000018,-1,-1,-1,-1
213,1037,0.3569601052,0.4178142104,0.0035585968000000356,0.010536904000000014,-1,-1,-1,-1
214,1037,0.3569788986,0.4178158957,0.003557378400000033,0.0105212992,-1,-1,-1,-1
215,1037,0.3569725313,0.417817581,0.003556159999999975,0.010505694499999996,-1,-1,-1,-1
216,1037,0.3569822641,0.4178200719,0.0035491488000000126,0.010508185300000028,-1,-1,-1,-1
217,1037,0.3569919969,0.4178225627,0.003542137700000003,0.010510676200000013,-1,-1,-1,-1
218,1037,0.3569764146,0.4181390515,0.003535126399999977,0.010513167099999998,-1,-1,-1,-1
219,1037,0.3569877297,0.4181219175,0.003528115200000015,0.01051565790000003,-1,-1,-1,-1
220,1037,0.3569990447,0.4181047835,0.003521103999999997,0.010518148699999952,-1,-1,-1,-1
221,1037,0.3570103598,0.4178185083,0.0035970553999999932,0.010796816900000006,-1,-1,-1,-1
222,1037,0.3570216748,0.4178220775,0.0035836624999999733,0.010778063299999974,-1,-1,-1,-1
223,1037,0.3570329898,0.4178256466,0.003570269600000009,0.010759309699999997,-1,-1,-1,-1
224,1037,0.3568424012,0.4178740726,0.003556876500000028,0.01074055610000002,-1,-1,-1,-1
225,1037,0.3568739066,0.417873156,0.003543483600000008,0.010721802599999997,-1,-1,-1,-1
226,1037,0.356905412,0.4178722395,0.0035300906000000354,0.010703048999999965,-1,-1,-1,-1
227,1037,0.3569369174,0.4178713229,0.0035166977000000155,0.010684295499999996,-1,-1,-1,-1
228,1037,0.3569179469,0.4179601201,0.0035033046999999873,0.01066554190000002,-1,-1,-1,-1
229,1037,0.356957865,0.4179442513,0.0034899117000000146,0.010646788299999987,-1,-1,-1,-1
230,1037,0.356997783,0.4179283824,0.0034765187999999947,0.010628034799999964,-1,-1,-1,-1
231,1037,0.3569367492,0.4180022273,0.0034631257999999665,0.010609281200000042,-1,-1,-1,-1
232,1037,0.3570103179,0.4179564539,0.003449732799999994,0.010590527599999955,-1,-1,-1,-1
233,1037,0.3570838866,0.4179852112,0.0034363397999999656,0.010497243400000023,-1,-1,-1,-1
234,1037,0.3571574553,0.4178649071,0.003422946799999993,0.01055302050000001,-1,-1,-1,-1
