198,2377,0.9257789346,0.6159247864,0.01094154419999993,0.053181846099999985,-1,-1,-1,-1
199,2377,0.922487503,0.6120247094,0.01094154419999993,0.053181846099999985,-1,-1,-1,-1
200,2377,0.9169050509,0.6080559067,0.01094154430000005,0.053181846099999985,-1,-1,-1,-1
201,2377,0.9118193314,0.6051399369,0.011408948199999935,0.05315317620000004,-1,-1,-1,-1
202,2377,0.9057492541,0.6019324662,0.011408948300000055,0.05315317610000003,-1,-1,-1,-1
203,2377,0.8962340021,0.5981418563,0.013377663599999923,0.054027953399999995,-1,-1,-1,-1
204,2377,0.8903280102,0.5955176618,0.013377663600000034,0.05286153800000004,-1,-1,-1,-1
205,2377,0.8842579329,0.5931849683,0.013705834300000053,0.05315317610000003,-1,-1,-1,-1
206,2377,0.877695754,0.5902691356,0.012065289599999973,0.0516952598999999,-1,-1,-1,-1
207,2377,0.8729382051,0.5864785258,0.012721476600000003,0.05227839889999997,-1,-1,-1,-1
208,2377,0.8688368433,0.5856037486,0.012065135199999966,0.05082048260000005,-1,-1,-1,-1
209,2377,0.8660645264,0.5823903792,0.009539332400000045,0.049073122999999996,-1,-1,-1,-1
210,2377,0.864738723,0.5793912802,0.010141956200000024,0.049287256100000065,-1,-1,-1,-1
211,2377,0.8624486288,0.5785343359,0.009659888000000061,0.04885885270000001,-1,-1,-1,-1
212,2377,0.8608988481,0.5763308631,0.009013888800000092,0.04897723629999995,-1,-1,-1,-1
213,2377,0.8604856247,0.5744946128,0.009633800999999997,0.04897723629999995,-1,-1,-1,-1
214,2377,0.8595559107,0.573209265,0.009943602799999951,0.04842633379999994,-1,-1,-1,-1
215,2377,0.8588327311,0.57210746,0.00953037940000001,0.04897737349999998,-1,-1,-1,-1
216,2377,0.85800613,0.5710057922,0.010047024399999938,0.04787556839999996,-1,-1,-1,-1
217,2377,0.8573863721,0.5699041243,0.010666782299999955,0.04805911119999995,-1,-1,-1,-1
218,2377,0.8566780111,0.5695894404,0.010666782400000074,0.04805911119999995,-1,-1,-1,-1
219,2377,0.8566780111,0.5695894404,0.010666782400000074,0.04805911119999995,-1,-1,-1,-1
220,2377,0.8566780111,0.5695894404,0.010394027200000044,0.04805911119999995,-1,-1,-1,-1
221,2377,0.8566780111,0.5695894404,0.010394027200000044,0.04805911119999995,-1,-1,-1,-1
222,2377,0.8566780111,0.5695894404,0.011633697300000079,0.04805911119999995,-1,-1,-1,-1
223,2377,0.8596002122,0.5695894404,0.010394027099999925,0.04837063999999991,-1,-1,-1,-1
224,2377,0.8599543154,0.5702189453,0.008888702300000051,0.0477411351,-1,-1,-1,-1
225,2377,0.8565892538,0.5700616034,0.010748439100000007,0.04789847699999994,-1,-1,-1,-1
226,2377,0.8534013981,0.5686451145,0.010216975500000003,0.04821316090000005,-1,-1,-1,-1
227,2377,0.8487080633,0.5684876354,0.012253763899999992,0.04789847699999994,-1,-1,-1,-1
228,2377,0.8455200533,0.5675431723,0.010837042100000027,0.046954288300000036,-1,-1,-1,-1
229,2377,0.8426863009,0.5675431723,0.011722608999999995,0.046324783400000014,-1,-1,-1,-1
230,2377,0.8421549917,0.5665988464,0.010394335800000043,0.046954288299999924,-1,-1,-1,-1
231,2377,0.8421549917,0.5664413673,0.00897745960000007,0.04711176739999989,-1,-1,-1,-1
232,2377,0.8406495125,0.5665987092,0.01030588720000003,0.047583930299999966,-1,-1,-1,-1
233,2377,0.8401118744,0.5669810213,0.009678874300000029,0.04718076739999999,-1,-1,-1,-1
234,2377,0.8401118744,0.5668172321,0.009310106799999995,0.04767227220000003,-1,-1,-1,-1
