1,2309,0.6776883755,0.5099008814,0.0065359376999999386,0.03570043089999997,-1,-1,-1,-1
2,2309,0.6807703398,0.5099008814,0.007386155900000024,0.03626710869999994,-1,-1,-1,-1
3,2309,0.6807172397,0.5101841518,0.005898273899999973,0.03626710870000005,-1,-1,-1,-1
4,2309,0.6804515851,0.5102786667,0.006057728399999962,0.03607821610000006,-1,-1,-1,-1
5,2309,0.6801328304,0.5102786667,0.006482683199999895,0.03607821610000006,-1,-1,-1,-1
6,2309,0.6801328304,0.5102786667,0.006376483099999941,0.03607821610000006,-1,-1,-1,-1
7,2309,0.6801328304,0.5102786667,0.006376483099999941,0.03607821610000006,-1,-1,-1,-1
8,2309,0.6801328304,0.5102786667,0.006376483099999941,0.03607821610000006,-1,-1,-1,-1
9,2309,0.6801328304,0.5102786667,0.006376483099999941,0.03607821610000006,-1,-1,-1,-1
10,2309,0.6801328304,0.5102786667,0.006376483099999941,0.03607821610000006,-1,-1,-1,-1
11,2309,0.6801328304,0.5102786667,0.006376483099999941,0.03607821610000006,-1,-1,-1,-1
12,2309,0.6807172397,0.5102786667,0.00563261930000003,0.03607821610000006,-1,-1,-1,-1
13,2309,0.6807172397,0.5102786667,0.00563261930000003,0.03607821610000006,-1,-1,-1,-1
14,2309,0.6807172397,0.5102786667,0.00563261930000003,0.03607821610000006,-1,-1,-1,-1
15,2309,0.6807172397,0.5104675593,0.00563261930000003,0.03588932350000007,-1,-1,-1,-1
16,2309,0.6807172397,0.5106564519,0.00563261930000003,0.03570043090000008,-1,-1,-1,-1
17,2309,0.6807172397,0.5106564519,0.00563261930000003,0.03570043090000008,-1,-1,-1,-1
18,2309,0.6807172397,0.5106564519,0.004835501000000075,0.03570043090000008,-1,-1,-1,-1
19,2309,0.6807172397,0.5108453445,0.004835501000000075,0.03551153830000009,-1,-1,-1,-1
20,2309,0.6807172397,0.5108453445,0.004835501000000075,0.03551153830000009,-1,-1,-1,-1
21,2309,0.6807172397,0.5108453445,0.004835501000000075,0.03551153830000009,-1,-1,-1,-1
22,2309,0.6807172397,0.5112231298,0.004782400900000039,0.0351337530000001,-1,-1,-1,-1
23,2309,0.6802921306,0.511600915,0.00552626469999995,0.03466158999999991,-1,-1,-1,-1
24,2309,0.6806641397,0.5111287521,0.005685719300000058,0.03522813070000008,-1,-1,-1,-1
25,2309,0.6806641397,0.5111287521,0.006323383000000016,0.03522813070000008,-1,-1,-1,-1
26,2309,0.6806641397,0.5109398594,0.006535937600000041,0.03541702340000008,-1,-1,-1,-1
27,2309,0.6806641397,0.5105620742,0.006801592200000095,0.03579480860000006,-1,-1,-1,-1
28,2309,0.6801859305,0.5104675593,0.006801592199999984,0.03579480860000006,-1,-1,-1,-1
29,2309,0.6799732215,0.5104675593,0.007014301200000017,0.03579480860000006,-1,-1,-1,-1
30,2309,0.6799732215,0.5104675593,0.007014301200000017,0.03579480860000006,-1,-1,-1,-1
31,2309,0.6799732215,0.5104675593,0.007014301200000017,0.03579480860000006,-1,-1,-1,-1
32,2309,0.679866867,0.5104675593,0.007014301300000025,0.03579480860000006,-1,-1,-1,-1
33,2309,0.6799199671,0.5106564519,0.007014301200000017,0.03579480860000006,-1,-1,-1,-1
34,2309,0.6799199671,0.5106564519,0.007014301200000017,0.03579480860000006,-1,-1,-1,-1
35,2309,0.6799199671,0.5106564519,0.007014301200000017,0.03579480860000006,-1,-1,-1,-1
36,2309,0.6799199671,0.5104675593,0.006855001000000027,0.03579480860000006,-1,-1,-1,-1
37,2309,0.6797074125,0.5104675593,0.0068550011000000355,0.03579480860000006,-1,-1,-1,-1
38,2309,0.6794417579,0.5106564519,0.006855000999999916,0.03579480860000006,-1,-1,-1,-1
39,2309,0.6793354034,0.5106564519,0.006855001000000027,0.03579480860000006,-1,-1,-1,-1
40,2309,0.6793354034,0.5106564519,0.006695546500000038,0.03579480860000006,-1,-1,-1,-1
41,2309,0.6793354034,0.5106564519,0.006695546500000038,0.03579480860000006,-1,-1,-1,-1
42,2309,0.6792293577,0.5106564519,0.006801592199999984,0.03579480860000006,-1,-1,-1,-1
43,2309,0.6793888122,0.5109398594,0.006642137699999995,0.03551140110000006,-1,-1,-1,-1
44,2309,0.6793888122,0.5109398594,0.00653593759999993,0.03551140110000006,-1,-1,-1,-1
45,2309,0.6793888122,0.5109398594,0.006482837600000013,0.03551153829999998,-1,-1,-1,-1
46,2309,0.6793888122,0.5109398594,0.006482837600000013,0.03551153829999998,-1,-1,-1,-1
47,2309,0.6793888122,0.5105620742,0.006482837600000013,0.03588932349999996,-1,-1,-1,-1
48,2309,0.6801328304,0.5096176111,0.006589037699999967,0.03664489389999992,-1,-1,-1,-1
49,2309,0.6805048395,0.5102786667,0.006907792400000057,0.03607821610000006,-1,-1,-1,-1
50,2309,0.6796015211,0.5099008814,0.00759855619999994,0.03626724589999997,-1,-1,-1,-1
51,2309,0.6777948844,0.5094285813,0.007970410899999947,0.03626724589999997,-1,-1,-1,-1
52,2309,0.6777948844,0.5094285813,0.007439101599999942,0.03626724589999997,-1,-1,-1,-1
53,2309,0.6777948844,0.5097119888,0.007810956399999958,0.03598383839999997,-1,-1,-1,-1
54,2309,0.6781137934,0.5097119888,0.008289165600000037,0.03598383839999997,-1,-1,-1,-1
55,2309,0.6781137934,0.5097119888,0.007864056499999994,0.03598383839999997,-1,-1,-1,-1
56,2309,0.6781137934,0.5097119888,0.00658872899999996,0.03598383839999997,-1,-1,-1,-1
57,2309,0.6781137934,0.5097119888,0.00616361980000002,0.03598383839999997,-1,-1,-1,-1
58,2309,0.6781137934,0.5097119888,0.007066938200000039,0.03598383839999997,-1,-1,-1,-1
59,2309,0.6781137934,0.5097119888,0.007066938200000039,0.03598383839999997,-1,-1,-1,-1
60,2309,0.6781137934,0.5097119888,0.007066938200000039,0.03598383839999997,-1,-1,-1,-1
61,2309,0.6781137934,0.5097119888,0.007066938200000039,0.03598383839999997,-1,-1,-1,-1
62,2309,0.6781137934,0.5099953963,0.0068543836000000136,0.03570043089999997,-1,-1,-1,-1
63,2309,0.6781137934,0.5102786667,0.0068543836000000136,0.0350393752,-1,-1,-1,-1
64,2309,0.6781137934,0.5102786667,0.0068543836000000136,0.0350393752,-1,-1,-1,-1
65,2309,0.6786451027,0.5104675593,0.0068543836000000136,0.03503937530000001,-1,-1,-1,-1
66,2309,0.6796016755,0.5104675593,0.006960738100000086,0.03503937530000001,-1,-1,-1,-1
67,2309,0.6814083123,0.5108453445,0.005897965100000069,0.03503937530000001,-1,-1,-1,-1
68,2309,0.6816091354,0.5106668774,0.005897965199999966,0.0350393752,-1,-1,-1,-1
69,2309,0.6808561643,0.509953283,0.006779981800000057,0.03506173509999999,-1,-1,-1,-1
70,2309,0.6807558299,0.5094187046,0.006679492999999925,0.03559631349999992,-1,-1,-1,-1
71,2309,0.6807558299,0.5102216011,0.0062780009999999775,0.03559631349999992,-1,-1,-1,-1
72,2309,0.6807558299,0.5102216011,0.006227679399999908,0.03559631349999992,-1,-1,-1,-1
73,2309,0.6813079779,0.5095970346,0.006227679400000019,0.03559631349999992,-1,-1,-1,-1
74,2309,0.6813079779,0.5095970346,0.006227679400000019,0.03559631349999992,-1,-1,-1,-1
75,2309,0.6801535147,0.5095077324,0.006378335499999999,0.03631018219999993,-1,-1,-1,-1
76,2309,0.6797017012,0.5096861996,0.006428502600000052,0.035864082900000094,-1,-1,-1,-1
77,2309,0.6797017012,0.5098648039,0.006428502600000052,0.03568547860000004,-1,-1,-1,-1
78,2309,0.6797017012,0.5101324361,0.006428502600000052,0.03541784640000001,-1,-1,-1,-1
79,2309,0.6797017012,0.5101324361,0.006428502600000052,0.03541784640000001,-1,-1,-1,-1
80,2309,0.6797017012,0.5101324361,0.006378335400000101,0.03541784640000001,-1,-1,-1,-1
81,2309,0.6797017012,0.5101324361,0.006378335400000101,0.03541784640000001,-1,-1,-1,-1
82,2309,0.6797017012,0.5101324361,0.006378335400000101,0.03541784640000001,-1,-1,-1,-1
83,2309,0.6797017012,0.5101324361,0.006378335400000101,0.03541784640000001,-1,-1,-1,-1
84,2309,0.679651534,0.5104892333,0.00637833539999999,0.03506104920000008,-1,-1,-1,-1
85,2309,0.679651534,0.5104892333,0.00637833539999999,0.03506104920000008,-1,-1,-1,-1
86,2309,0.679651534,0.5104892333,0.00637833539999999,0.03506104920000008,-1,-1,-1,-1
87,2309,0.679651534,0.5104892333,0.00637833539999999,0.03506104920000008,-1,-1,-1,-1
88,2309,0.679651534,0.5104892333,0.00637833539999999,0.03506104920000008,-1,-1,-1,-1
89,2309,0.679651534,0.5104892333,0.00637833539999999,0.03506104920000008,-1,-1,-1,-1
90,2309,0.679651534,0.5104892333,0.00637833539999999,0.03506104920000008,-1,-1,-1,-1
91,2309,0.679651534,0.5104892333,0.00637833539999999,0.03506104920000008,-1,-1,-1,-1
92,2309,0.679651534,0.5104892333,0.00637833539999999,0.03506104920000008,-1,-1,-1,-1
93,2309,0.6796013668,0.5104892333,0.00637833539999999,0.03506104920000008,-1,-1,-1,-1
94,2309,0.6796013668,0.5104892333,0.00637833539999999,0.03506104920000008,-1,-1,-1,-1
95,2309,0.6796013668,0.5104892333,0.00637833539999999,0.03506104920000008,-1,-1,-1,-1
96,2309,0.679500878,0.5104892333,0.00637833539999999,0.03506104920000008,-1,-1,-1,-1
97,2309,0.679500878,0.5104892333,0.00637833539999999,0.03506104920000008,-1,-1,-1,-1
98,2309,0.679500878,0.5104892333,0.00637833539999999,0.03506104920000008,-1,-1,-1,-1
99,2309,0.679500878,0.5104892333,0.00637833539999999,0.03506104920000008,-1,-1,-1,-1
100,2309,0.679500878,0.5104892333,0.00637833539999999,0.03506104920000008,-1,-1,-1,-1
101,2309,0.679500878,0.5104892333,0.00637833539999999,0.03506104920000008,-1,-1,-1,-1
102,2309,0.679500878,0.5104892333,0.00637833539999999,0.03506104920000008,-1,-1,-1,-1
103,2309,0.679500878,0.5104892333,0.0062780009999999775,0.03506104920000008,-1,-1,-1,-1
104,2309,0.679500878,0.5104892333,0.0062780009999999775,0.03506104920000008,-1,-1,-1,-1
105,2309,0.679500878,0.5104892333,0.0062780009999999775,0.03506104920000008,-1,-1,-1,-1
106,2309,0.679500878,0.5104892333,0.0062780009999999775,0.03506104920000008,-1,-1,-1,-1
107,2309,0.679500878,0.5104892333,0.0062780009999999775,0.03506104920000008,-1,-1,-1,-1
108,2309,0.6807558299,0.5096863367,0.006328168199999928,0.03550714860000004,-1,-1,-1,-1
109,2309,0.6826130969,0.5096863367,0.0064285026999999495,0.03577478080000007,-1,-1,-1,-1
110,2309,0.6824625953,0.5098648039,0.006679338700000037,0.035863945699999955,-1,-1,-1,-1
111,2309,0.6818602802,0.5098648039,0.0068298401999999925,0.035863945699999955,-1,-1,-1,-1
112,2309,0.6815591226,0.5100432711,0.0068298401999999925,0.035863945699999955,-1,-1,-1,-1
113,2309,0.6815591226,0.5100432711,0.0068298401999999925,0.035863945699999955,-1,-1,-1,-1
114,2309,0.6804548267,0.5097756389,0.006378180999999983,0.03586394579999996,-1,-1,-1,-1
115,2309,0.679400698,0.5100432711,0.006779827399999938,0.03497174699999994,-1,-1,-1,-1
116,2309,0.6796516883,0.5103109033,0.006779827400000049,0.03497174700000005,-1,-1,-1,-1
117,2309,0.6798525115,0.5102216011,0.00622752510000002,0.03488271919999997,-1,-1,-1,-1
118,2309,0.6794508652,0.5103107661,0.006579004200000016,0.034704251999999935,-1,-1,-1,-1
119,2309,0.6800531803,0.5104890961,0.006679338700000037,0.03452592199999993,-1,-1,-1,-1
120,2309,0.6809568074,0.5104890961,0.007632978600000007,0.03452592199999993,-1,-1,-1,-1
121,2309,0.683818036,0.5110243604,0.0056250555999999285,0.03452592210000005,-1,-1,-1,-1
122,2309,0.6859262934,0.5123626585,0.008335473799999993,0.03497188420000008,-1,-1,-1,-1
123,2309,0.6900923324,0.5127194556,0.0073819882000000225,0.03497188429999998,-1,-1,-1,-1
124,2309,0.6927525834,0.5134331872,0.0076831457999999575,0.0349720214,-1,-1,-1,-1
125,2309,0.6961658055,0.5148606502,0.0076831458000000685,0.0349720214,-1,-1,-1,-1
126,2309,0.7003319988,0.5165557454,0.006679338700000037,0.0349720214,-1,-1,-1,-1
127,2309,0.7066564624,0.5187859678,0.007733467400000027,0.034793554200000076,-1,-1,-1,-1
128,2309,0.7125292668,0.5203917608,0.00878744170000001,0.03639948449999997,-1,-1,-1,-1
129,2309,0.7167457816,0.5217300589,0.009038277799999994,0.03773764530000001,-1,-1,-1,-1
130,2309,0.7241808699,0.523361504,0.008074604300000066,0.037836961399999924,-1,-1,-1,-1
131,2309,0.7307898201,0.5251593447,0.006186465199999991,0.036518553999999925,-1,-1,-1,-1
132,2309,0.7387475735,0.5263579966,0.006186465099999983,0.036518553999999925,-1,-1,-1,-1
133,2309,0.7470424504,0.5271969707,0.006186465200000102,0.036518553999999925,-1,-1,-1,-1
134,2309,0.754528169,0.528875056,0.006186465099999983,0.036518554000000036,-1,-1,-1,-1
135,2309,0.7630372059,0.5269386391,0.0064427036999999965,0.03764524299999994,-1,-1,-1,-1
136,2309,0.769373424,0.5294004573,0.006698942400000019,0.03877193180000005,-1,-1,-1,-1
137,2309,0.7757096421,0.5318622755,0.00695518109999993,0.039898620700000054,-1,-1,-1,-1
138,2309,0.7820458603,0.5343240936,0.007211419600000046,0.04102530969999996,-1,-1,-1,-1
139,2309,0.7883820784,0.5372156871,0.0074676583000000685,0.04172222329999997,-1,-1,-1,-1
140,2309,0.794586295,0.540861301,0.007939693199999986,0.04203210590000006,-1,-1,-1,-1
141,2309,0.8011277896,0.5438579308,0.00976053110000008,0.04287107999999995,-1,-1,-1,-1
142,2309,0.8065228478,0.5470942087,0.010906967499999976,0.04311072809999994,-1,-1,-1,-1
143,2309,0.8145479024,0.5500907014,0.009423407500000036,0.042990972599999955,-1,-1,-1,-1
144,2309,0.8193360147,0.5523679754,0.009962897900000045,0.04418962459999998,-1,-1,-1,-1
145,2309,0.8247310729,0.5550049274,0.01063729949999992,0.043830083900000094,-1,-1,-1,-1
146,2309,0.8305307104,0.5583610979,0.009018828199999995,0.04502859869999998,-1,-1,-1,-1
147,2309,0.8384210081,0.561237698,0.009018828300000004,0.04502859859999997,-1,-1,-1,-1
148,2309,0.8446928347,0.5636350018,0.010974423099999964,0.04574781729999999,-1,-1,-1,-1
149,2309,0.8509645069,0.5648336538,0.010839666299999995,0.04694633200000009,-1,-1,-1,-1
150,2309,0.8572361792,0.5663918464,0.010367631400000077,0.04790533590000001,-1,-1,-1,-1
151,2309,0.8622265038,0.5690287984,0.009760839899999985,0.04934363580000001,-1,-1,-1,-1
152,2309,0.8651264769,0.5713062096,0.011514067799999972,0.049343635900000016,-1,-1,-1,-1
153,2309,0.8664907161,0.5731246269,0.013388005800000102,0.0496683336,-1,-1,-1,-1
154,2309,0.8697307457,0.5743369965,0.010574165900000043,0.049668196499999984,-1,-1,-1,-1
155,2309,0.8724590697,0.5770646224,0.013558420000000071,0.04936517259999995,-1,-1,-1,-1
156,2309,0.8785978375,0.5800954093,0.011853198100000073,0.04936517259999995,-1,-1,-1,-1
157,2309,0.8859302759,0.5817623832,0.010147976300000083,0.04936517270000007,-1,-1,-1,-1
158,2309,0.8929215774,0.5846415896,0.011682784000000002,0.04921359219999999,-1,-1,-1,-1
159,2309,0.8984635869,0.5878238198,0.01168278399999989,0.04921359219999999,-1,-1,-1,-1
160,2309,0.903493891,0.5910060501,0.011682784000000002,0.04921359210000009,-1,-1,-1,-1
161,2309,0.9060152175,0.5915905609,0.01202392089999993,0.049717031500000064,-1,-1,-1,-1
162,2309,0.9048093523,0.5915905609,0.01202392089999993,0.049717031500000064,-1,-1,-1,-1
163,2309,0.9037882567,0.592369863,0.009975555500000066,0.05147056399999994,-1,-1,-1,-1
164,2309,0.8949088161,0.5929543739,0.009975555400000058,0.05147056399999994,-1,-1,-1,-1
165,2309,0.8857007417,0.5935388847,0.013812343100000013,0.05224986609999993,-1,-1,-1,-1
166,2309,0.8763829168,0.5939286044,0.016443265699999987,0.05380860740000004,-1,-1,-1,-1
167,2309,0.8726558795,0.5956821369,0.01710099629999995,0.05751046389999992,-1,-1,-1,-1
168,2309,0.8702441491,0.5966562302,0.013264363000000001,0.05514141849999998,-1,-1,-1,-1
169,2309,0.8599084703,0.5968233117,0.013264363000000001,0.05514141849999998,-1,-1,-1,-1
170,2309,0.850982104,0.5976583077,0.013264363000000001,0.055141418400000086,-1,-1,-1,-1
171,2309,0.8409364689,0.5976583077,0.012410439900000014,0.05480725540000009,-1,-1,-1,-1
172,2309,0.8322921195,0.5983263593,0.012410439900000014,0.05480725539999998,-1,-1,-1,-1
173,2309,0.8197953919,0.599495381,0.012410440000000023,0.05480725539999998,-1,-1,-1,-1
174,2309,0.8074865212,0.6006644027,0.015315507000000061,0.054473229600000006,-1,-1,-1,-1
175,2309,0.7976207162,0.6013324543,0.012026853800000015,0.05413920389999993,-1,-1,-1,-1
176,2309,0.7847479661,0.6016664801,0.01710084200000006,0.054640173999999986,-1,-1,-1,-1
177,2309,0.7765734905,0.6014995358,0.011744991299999952,0.054640173999999986,-1,-1,-1,-1
178,2309,0.7639827573,0.6014995358,0.01428190819999997,0.05480711829999996,-1,-1,-1,-1
179,2309,0.753928941,0.6004975956,0.011556980100000058,0.05530808840000001,-1,-1,-1,-1
180,2309,0.7434992566,0.5998296811,0.0100536618999999,0.05547489559999996,-1,-1,-1,-1
181,2309,0.7323181447,0.6006646771,0.012214556300000012,0.056310028600000006,-1,-1,-1,-1
182,2309,0.720572999,0.6030027205,0.012872286899999974,0.05998403809999997,-1,-1,-1,-1
183,2309,0.7148412802,0.6036707721,0.014657621999999981,0.0596500123,-1,-1,-1,-1
184,2309,0.7082641283,0.6040046607,0.013624023200000002,0.05781307619999998,-1,-1,-1,-1
185,2309,0.7052573377,0.6045056308,0.009583633800000046,0.05781307619999998,-1,-1,-1,-1
186,2309,0.695861252,0.605006601,0.009583633799999935,0.05781307609999997,-1,-1,-1,-1
187,2309,0.6821430688,0.6055075711,0.016066934500000074,0.05714516170000006,-1,-1,-1,-1
188,2309,0.6737804276,0.6075115887,0.013154303800000045,0.059149179399999974,-1,-1,-1,-1
189,2309,0.6639144682,0.609348662,0.015127495700000049,0.05831418349999995,-1,-1,-1,-1
190,2309,0.6568674425,0.6105176838,0.01259042450000003,0.05948306789999991,-1,-1,-1,-1
191,2309,0.6496324056,0.611519624,0.010617386900000025,0.05948306799999992,-1,-1,-1,-1
192,2309,0.6405183368,0.6118535126,0.011744836999999952,0.05914931649999999,-1,-1,-1,-1
193,2309,0.6346927668,0.61285559,0.011744836900000055,0.05914931649999999,-1,-1,-1,-1
194,2309,0.6235959357,0.6139949815,0.012872750099999997,0.05877605809999997,-1,-1,-1,-1
195,2309,0.6144667396,0.6156175101,0.014409873199999979,0.058854934900000044,-1,-1,-1,-1
196,2309,0.6065438718,0.6152699038,0.012363668699999941,0.059025171399999965,-1,-1,-1,-1
197,2309,0.5979362602,0.6147483572,0.009722867100000032,0.06128516120000005,-1,-1,-1,-1
198,2309,0.586687847,0.6150959635,0.00952713780000003,0.061980648200000044,-1,-1,-1,-1
199,2309,0.5732874923,0.6157914505,0.01676526200000006,0.06111122080000009,-1,-1,-1,-1
200,2309,0.560865321,0.6175300308,0.01715641170000004,0.06111122079999998,-1,-1,-1,-1
201,2309,0.5481495557,0.6178777743,0.018330324300000034,0.06076347729999998,-1,-1,-1,-1
202,2309,0.5409112772,0.617272824,0.01236382310000006,0.0636282802,-1,-1,-1,-1
203,2309,0.5317169409,0.617272824,0.012363823000000052,0.06345461419999998,-1,-1,-1,-1
204,2309,0.5183165862,0.6177943707,0.014809204099999973,0.06258532400000005,-1,-1,-1,-1
205,2309,0.5040359129,0.6184898577,0.018623918299999986,0.06275912719999999,-1,-1,-1,-1
206,2309,0.4891683605,0.6193590107,0.020873570000000008,0.061368427500000045,-1,-1,-1,-1
207,2309,0.4767460348,0.6186636608,0.01881964749999998,0.06171603390000002,-1,-1,-1,-1
208,2309,0.4693123358,0.6169250806,0.011092354500000012,0.06380235760000008,-1,-1,-1,-1
209,2309,0.4592376808,0.6165774742,0.01109235460000002,0.062237443400000036,-1,-1,-1,-1
210,2309,0.4467176448,0.6176205675,0.013244141700000045,0.062237443399999925,-1,-1,-1,-1
211,2309,0.4313610779,0.6169250806,0.01392873109999998,0.06154209350000006,-1,-1,-1,-1
212,2309,0.4180585879,0.6158819872,0.016960991199999997,0.06154209360000007,-1,-1,-1,-1
213,2309,0.4066144454,0.6155342437,0.01696099129999995,0.06154209360000007,-1,-1,-1,-1
214,2309,0.3989851715,0.6129266477,0.012265958399999999,0.06414955239999998,-1,-1,-1,-1
215,2309,0.3872475895,0.6137958006,0.012265958399999999,0.06414955249999998,-1,-1,-1,-1
216,2309,0.3733582204,0.6141434069,0.015591503700000009,0.06345475140000001,-1,-1,-1,-1
217,2309,0.358490668,0.6160557904,0.019797367700000013,0.06345475140000001,-1,-1,-1,-1
218,2309,0.3432319657,0.6167511402,0.0211667009,0.06345475140000001,-1,-1,-1,-1
219,2309,0.3323748568,0.6188373268,0.01637380329999999,0.06345475140000001,-1,-1,-1,-1
220,2309,0.3243542786,0.619706617,0.009428964500000026,0.0634547513,-1,-1,-1,-1
221,2309,0.311736378,0.6195328138,0.011385330999999999,0.06432404149999993,-1,-1,-1,-1
222,2309,0.295792932,0.6214451973,0.01803657609999998,0.06432404149999993,-1,-1,-1,-1
223,2309,0.2792626069,0.6221405471,0.022438015000000033,0.06432404150000004,-1,-1,-1,-1
224,2309,0.2650098729,0.6241243997,0.021481210600000022,0.06621447670000002,-1,-1,-1,-1
225,2309,0.256602004,0.6256834154,0.0137559243,0.06503859609999996,-1,-1,-1,-1
226,2309,0.2462537448,0.6260665506,0.010306581799999992,0.06503859609999996,-1,-1,-1,-1
227,2309,0.2317016283,0.6283656358,0.016774137699999997,0.06657127379999994,-1,-1,-1,-1
228,2309,0.2184429767,0.6297068145,0.019469042699999994,0.06533146879999996,-1,-1,-1,-1
229,2309,0.2051843251,0.6310478561,0.019469042699999994,0.06667264760000002,-1,-1,-1,-1
230,2309,0.2004413633,0.6314309912,0.011492380199999985,0.06667264760000002,-1,-1,-1,-1
231,2309,0.1900931813,0.6316226274,0.01634308570000001,0.0674389178,-1,-1,-1,-1
232,2309,0.1761878359,0.6335385774,0.021085970199999998,0.06801355200000003,-1,-1,-1,-1
233,2309,0.1649773182,0.6337302136,0.017528729599999987,0.06801355199999992,-1,-1,-1,-1
234,2309,0.1571083994,0.6335387146,0.0120312531,0.06858832329999998,-1,-1,-1,-1
