50,1508,0.2621127555,0.4298913449,0.003736376099999994,0.02015567929999995,-1,-1,-1,-1
51,1508,0.2597139142,0.4313584521,0.003607716499999969,0.020312335399999992,-1,-1,-1,-1
52,1508,0.2570570591,0.4328255592,0.003659350200000022,0.01994566149999999,-1,-1,-1,-1
53,1508,0.2550451227,0.4322295255,0.003607716499999969,0.0199914786,-1,-1,-1,-1
54,1508,0.2531879328,0.4318627144,0.0036076393999999734,0.01916622219999997,-1,-1,-1,-1
55,1508,0.2525947249,0.4314500863,0.0038655759999999817,0.019487216200000046,-1,-1,-1,-1
56,1508,0.2518466933,0.4310374581,0.003865576000000037,0.01948721619999999,-1,-1,-1,-1
57,1508,0.2519498834,0.4305330585,0.0038655759999999817,0.01948721619999999,-1,-1,-1,-1
58,1508,0.2520014399,0.4300287962,0.0038655759999999817,0.01948721619999999,-1,-1,-1,-1
59,1508,0.2516403132,0.4295703509,0.004149290799999983,0.019762393099999997,-1,-1,-1,-1
60,1508,0.2508922816,0.4291117685,0.00412351259999999,0.01980834730000003,-1,-1,-1,-1
61,1508,0.2506519697,0.4286732824,0.003934238899999998,0.0191926288,-1,-1,-1,-1
62,1508,0.2500295796,0.4280651086,0.003929265800000026,0.0191169229,-1,-1,-1,-1
63,1508,0.2504951103,0.4277539341,0.003924292800000007,0.019041217100000007,-1,-1,-1,-1
64,1508,0.2505292732,0.4270928214,0.003919319799999987,0.018965511300000015,-1,-1,-1,-1
65,1508,0.2512225406,0.4267374897,0.003914346700000015,0.018889805500000023,-1,-1,-1,-1
66,1508,0.2515195728,0.4263192091,0.003909373699999996,0.018814099600000023,-1,-1,-1,-1
67,1508,0.2517449721,0.4259009285,0.0039044005999999687,0.018738393799999975,-1,-1,-1,-1
68,1508,0.2523573183,0.4255393019,0.0035761543999999756,0.018478110800000003,-1,-1,-1,-1
69,1508,0.2526774494,0.4249417539,0.00362506020000003,0.018433167799999983,-1,-1,-1,-1
70,1508,0.2526154144,0.4244913419,0.0036739660999999812,0.01838822480000002,-1,-1,-1,-1
71,1508,0.2528877246,0.4241117474,0.0039273742,0.01769862579999998,-1,-1,-1,-1
72,1508,0.2530327387,0.423732153,0.0037504845999999925,0.017851741099999985,-1,-1,-1,-1
73,1508,0.2531777527,0.4233525585,0.0038100370999999966,0.01743913890000004,-1,-1,-1,-1
74,1508,0.2533227668,0.4229729641,0.0038695894000000397,0.018208452900000005,-1,-1,-1,-1
75,1508,0.2537550063,0.4227887988,0.0038538742000000514,0.018208442400000024,-1,-1,-1,-1
76,1508,0.2538900629,0.4224348085,0.003838159200000024,0.018208431800000036,-1,-1,-1,-1
77,1508,0.2541032681,0.4219265689,0.003667091399999989,0.018072794599999997,-1,-1,-1,-1
78,1508,0.2544215775,0.4217917936,0.003666911599999989,0.018086346699999978,-1,-1,-1,-1
79,1508,0.2544533164,0.4217195785,0.003348841399999969,0.017754479699999992,-1,-1,-1,-1
80,1508,0.2545208765,0.4216901541,0.0033883980000000147,0.01781120920000001,-1,-1,-1,-1
81,1508,0.2545862086,0.4217577333,0.0033118981000000436,0.017788809200000033,-1,-1,-1,-1
82,1508,0.2546859898,0.4216177639,0.003370797400000014,0.01785872690000001,-1,-1,-1,-1
83,1508,0.254696597,0.421466491,0.0032329083999999564,0.017683884500000024,-1,-1,-1,-1
84,1508,0.2549937939,0.4213577431,0.0033410046000000304,0.0178149923,-1,-1,-1,-1
85,1508,0.25598088,0.4210981005,0.003449100699999985,0.017946100099999973,-1,-1,-1,-1
86,1508,0.2560923554,0.4210082829,0.003524774699999955,0.017463066900000046,-1,-1,-1,-1
87,1508,0.2572863618,0.4205788153,0.003665293100000022,0.018208315699999977,-1,-1,-1,-1
88,1508,0.2586618693,0.4206558401,0.003270532299999962,0.0175890306,-1,-1,-1,-1
89,1508,0.2592687916,0.4203672357,0.0038190599999999852,0.017594776199999995,-1,-1,-1,-1
90,1508,0.2602233404,0.4202484563,0.0034376521999999743,0.01720421769999997,-1,-1,-1,-1
91,1508,0.2600229138,0.4200577214,0.003351508300000028,0.016942131500000013,-1,-1,-1,-1
92,1508,0.2601377149,0.4197423475,0.003342166400000013,0.01684602959999998,-1,-1,-1,-1
93,1508,0.2603480651,0.4194834906,0.0033328245999999506,0.016749927499999984,-1,-1,-1,-1
94,1508,0.2611455318,0.4193308771,0.0031383406000000114,0.016593646000000017,-1,-1,-1,-1
95,1508,0.2614994036,0.4189275238,0.003155447599999972,0.01650614100000003,-1,-1,-1,-1
96,1508,0.261858575,0.418703438,0.0031725546999999965,0.016418636000000042,-1,-1,-1,-1
97,1508,0.2619939544,0.4183435469,0.0031896617000000127,0.016331131100000007,-1,-1,-1,-1
98,1508,0.2614606436,0.4179836559,0.003206768700000029,0.01624362610000002,-1,-1,-1,-1
99,1508,0.2618553231,0.4176237648,0.003223875700000045,0.016156121199999984,-1,-1,-1,-1
100,1508,0.2612402141,0.4172638738,0.0032409827000000058,0.016068616199999997,-1,-1,-1,-1
101,1508,0.2611709241,0.4169039827,0.0032580898000000302,0.015981111300000017,-1,-1,-1,-1
102,1508,0.2604223854,0.4164442441,0.003331841000000002,0.016471851899999945,-1,-1,-1,-1
103,1508,0.2598585866,0.4161412459,0.003316526200000003,0.016331314900000005,-1,-1,-1,-1
104,1508,0.2591992707,0.4157412636,0.003301211500000012,0.016190777899999953,-1,-1,-1,-1
105,1508,0.2589790617,0.415786595,0.0032858967000000128,0.01605024100000002,-1,-1,-1,-1
106,1508,0.2584559431,0.4153130548,0.0032513842000000404,0.015905202499999993,-1,-1,-1,-1
107,1508,0.2587061027,0.4151466231,0.003238202500000009,0.015765165699999972,-1,-1,-1,-1
108,1508,0.2584479527,0.4148164537,0.003232052799999996,0.015577095900000004,-1,-1,-1,-1
109,1508,0.2582131663,0.4143893002,0.0032178664999999995,0.015443920900000019,-1,-1,-1,-1
110,1508,0.2585060746,0.4140267341,0.003203680200000003,0.015310745899999978,-1,-1,-1,-1
111,1508,0.2587826052,0.4136253195,0.0031894939999999594,0.015177571,-1,-1,-1,-1
112,1508,0.2587384323,0.4133453066,0.0031753077000000185,0.015044395900000007,-1,-1,-1,-1
113,1508,0.2589308171,0.4129681723,0.003161121400000022,0.014911220900000022,-1,-1,-1,-1
114,1508,0.2594507165,0.4126397359,0.0031469351999999784,0.01477804589999998,-1,-1,-1,-1
115,1508,0.2596429855,0.412456707,0.0031327489000000375,0.014644870899999995,-1,-1,-1,-1
116,1508,0.2591233476,0.4119411656,0.0031014222999999896,0.014595380500000033,-1,-1,-1,-1
117,1508,0.2596646496,0.4116014851,0.003070095599999989,0.014545890100000014,-1,-1,-1,-1
118,1508,0.2601357946,0.4113726435,0.0030387690999999495,0.014496399699999996,-1,-1,-1,-1
119,1508,0.2602703692,0.4111922253,0.0030074424000000044,0.014446909399999985,-1,-1,-1,-1
120,1508,0.2609507784,0.410856715,0.0029761157999999566,0.014397419000000022,-1,-1,-1,-1
121,1508,0.2614128252,0.4105454506,0.0029447892000000198,0.014347928600000004,-1,-1,-1,-1
122,1508,0.2617475503,0.4105574666,0.0030438250999999528,0.01464571990000002,-1,-1,-1,-1
123,1508,0.2622460133,0.4102299696,0.0029820483999999925,0.0147306881,-1,-1,-1,-1
124,1508,0.2624442449,0.410096578,0.002850809299999979,0.014199457500000012,-1,-1,-1,-1
125,1508,0.2629147141,0.409501387,0.002859166699999971,0.01463456299999999,-1,-1,-1,-1
126,1508,0.2627301668,0.4091568181,0.0028212160000000153,0.014506168799999997,-1,-1,-1,-1
127,1508,0.2626984519,0.4089191376,0.0028025192999999726,0.014537649500000027,-1,-1,-1,-1
128,1508,0.2624620741,0.4084994232,0.0027597551999999914,0.014369286400000014,-1,-1,-1,-1
129,1508,0.2625168463,0.4077563372,0.0025474387000000154,0.014245277100000009,-1,-1,-1,-1
130,1508,0.2620803271,0.4070132511,0.0029020696000000012,0.013969550200000014,-1,-1,-1,-1
131,1508,0.2622987601,0.406270165,0.0026314627000000312,0.013864197099999975,-1,-1,-1,-1
132,1508,0.2618671334,0.4055710809,0.0027604653999999673,0.01376244230000001,-1,-1,-1,-1
133,1508,0.2616538499,0.4047264521,0.0028099722999999632,0.013685379399999975,-1,-1,-1,-1
134,1508,0.2613001644,0.4042421283,0.0027710526000000457,0.013655250499999994,-1,-1,-1,-1
135,1508,0.2610921439,0.4032889795,0.002771292599999975,0.013861647300000002,-1,-1,-1,-1
136,1508,0.2607476377,0.4026268653,0.0027882456000000166,0.01389315919999995,-1,-1,-1,-1
137,1508,0.2604099233,0.4021102958,0.002725567799999995,0.013788488799999998,-1,-1,-1,-1
138,1508,0.2600970373,0.4013025454,0.0026107397999999837,0.013907713900000007,-1,-1,-1,-1
139,1508,0.2592782313,0.4006889003,0.0026332957999999906,0.013745212000000007,-1,-1,-1,-1
140,1508,0.2584141205,0.3999784084,0.0025375343999999855,0.013474477400000018,-1,-1,-1,-1
141,1508,0.2573496014,0.3994188637,0.0025585080999999676,0.013461411300000004,-1,-1,-1,-1
142,1508,0.2566788122,0.3987553585,0.0025794818000000053,0.01344834519999999,-1,-1,-1,-1
143,1508,0.2561764561,0.3987173409,0.0027469773000000086,0.013561726900000015,-1,-1,-1,-1
144,1508,0.2558051058,0.3981837227,0.0027362079000000095,0.01354016159999999,-1,-1,-1,-1
145,1508,0.2556383799,0.3983865731,0.0027284870000000017,0.013497608300000019,-1,-1,-1,-1
146,1508,0.255580787,0.3979896174,0.002878638400000022,0.013388467399999993,-1,-1,-1,-1
147,1508,0.2553868164,0.398007176,0.0030453643000000197,0.013273924800000003,-1,-1,-1,-1
148,1508,0.2551382022,0.3978307665,0.0027053242999999783,0.013369948600000015,-1,-1,-1,-1
149,1508,0.2551179809,0.3976319057,0.002713736999999994,0.013212560900000003,-1,-1,-1,-1
150,1508,0.2548546066,0.3974330449,0.0027154068999999947,0.013088033400000032,-1,-1,-1,-1
151,1508,0.2551043502,0.3969430946,0.0027819342000000025,0.013173785599999988,-1,-1,-1,-1
152,1508,0.254417039,0.3967281536,0.002868859700000004,0.013097637199999956,-1,-1,-1,-1
153,1508,0.2544495307,0.3964707049,0.0026452695999999998,0.013112557099999977,-1,-1,-1,-1
154,1508,0.2540454023,0.3963240952,0.002558145299999981,0.013065198599999994,-1,-1,-1,-1
155,1508,0.2537504069,0.3960803642,0.002552909300000017,0.012969279599999994,-1,-1,-1,-1
156,1508,0.2531334307,0.3958560575,0.0025967445000000255,0.012902633999999968,-1,-1,-1,-1
157,1508,0.2528371194,0.3957531523,0.0026474680000000417,0.012859994499999972,-1,-1,-1,-1
158,1508,0.2524316237,0.3956502471,0.002534389199999987,0.01286577849999998,-1,-1,-1,-1
159,1508,0.2520806944,0.3954987813,0.0026332475999999994,0.012354268200000018,-1,-1,-1,-1
160,1508,0.2516206322,0.3954444368,0.002732105899999948,0.0118427579,-1,-1,-1,-1
161,1508,0.2511410029,0.3953020883,0.002951637600000001,0.012292382699999993,-1,-1,-1,-1
162,1508,0.2511375332,0.3949602388,0.003091561999999992,0.01263423220000004,-1,-1,-1,-1
163,1508,0.2510214864,0.3946851431,0.0030711541000000286,0.01261823849999999,-1,-1,-1,-1
164,1508,0.2511432431,0.3943754787,0.002812942599999979,0.01278235820000001,-1,-1,-1,-1
165,1508,0.2511512875,0.3942354565,0.00264112150000001,0.012873819699999955,-1,-1,-1,-1
166,1508,0.2514595788,0.3940468737,0.0026603062999999705,0.012722889699999962,-1,-1,-1,-1
167,1508,0.2517455071,0.3938687849,0.002478417100000019,0.012733348300000003,-1,-1,-1,-1
168,1508,0.2521348313,0.3937576385,0.0027372531000000033,0.012493870399999996,-1,-1,-1,-1
169,1508,0.252369216,0.3935463529,0.0026718933000000056,0.012504877699999972,-1,-1,-1,-1
170,1508,0.2528289672,0.3935353456,0.0026246709000000146,0.012224658400000032,-1,-1,-1,-1
171,1508,0.2529585389,0.3931473095,0.00264621820000005,0.012403088200000023,-1,-1,-1,-1
172,1508,0.2534770222,0.3932100504,0.002465861899999977,0.012190138600000011,-1,-1,-1,-1
173,1508,0.2537601742,0.3933840571,0.0024826325999999788,0.012008038399999976,-1,-1,-1,-1
174,1508,0.2539135667,0.393343382,0.0025224996000000055,0.012091649900000001,-1,-1,-1,-1
175,1508,0.2542118267,0.3937626022,0.0024174219000000496,0.01175830250000004,-1,-1,-1,-1
176,1508,0.2541156053,0.3941891386,0.002392933300000011,0.011503511600000016,-1,-1,-1,-1
177,1508,0.2541643285,0.394306533,0.002392525000000034,0.011557862699999977,-1,-1,-1,-1
178,1508,0.2540318709,0.3947244821,0.0023800379999999732,0.011182850000000022,-1,-1,-1,-1
179,1508,0.2538994133,0.3947416917,0.002367550900000015,0.01129444949999997,-1,-1,-1,-1
180,1508,0.2537669557,0.3950165195,0.0023792212999999562,0.011577657399999997,-1,-1,-1,-1
181,1508,0.2536344981,0.3947761108,0.002544171900000003,0.011842895099999973,-1,-1,-1,-1
182,1508,0.2533348731,0.3949602022,0.002207445199999991,0.011462229200000007,-1,-1,-1,-1
183,1508,0.2534820835,0.3951442937,0.002236720400000003,0.011334768900000014,-1,-1,-1,-1
184,1508,0.252701741,0.3962728482,0.0022608759000000145,0.010965237199999978,-1,-1,-1,-1
185,1508,0.2525977295,0.3962208238,0.0022914311000000187,0.010898294899999994,-1,-1,-1,-1
186,1508,0.2521234068,0.3963834814,0.002452768300000019,0.010897540300000008,-1,-1,-1,-1
187,1508,0.2516490842,0.396438798,0.0023715470000000294,0.010627679000000001,-1,-1,-1,-1
188,1508,0.2510298169,0.3960647508,0.002383096500000015,0.010697467800000027,-1,-1,-1,-1
189,1508,0.2503107794,0.3958892405,0.0023331093999999775,0.010790809099999965,-1,-1,-1,-1
190,1508,0.2497608439,0.395676161,0.0024482882000000095,0.010875079499999996,-1,-1,-1,-1
191,1508,0.2493074611,0.3955182853,0.0022494973999999945,0.010904146100000012,-1,-1,-1,-1
192,1508,0.2485884364,0.3952816929,0.002219718699999984,0.011054865700000027,-1,-1,-1,-1
193,1508,0.2480480996,0.3954143534,0.0021803541000000315,0.010922205200000035,-1,-1,-1,-1
194,1508,0.2471515371,0.3951069161,0.0022108955999999846,0.010889889600000036,-1,-1,-1,-1
195,1508,0.2464804439,0.3951572818,0.002241437299999982,0.010857574100000045,-1,-1,-1,-1
196,1508,0.2454469893,0.3948856247,0.0022719787000000102,0.010825258599999998,-1,-1,-1,-1
197,1508,0.2445584792,0.3948715859,0.0023025202999999994,0.010792943,-1,-1,-1,-1
198,1508,0.2437998739,0.3948238484,0.002175018400000006,0.010745205400000013,-1,-1,-1,-1
199,1508,0.2428868308,0.3944898226,0.0021213780999999876,0.010697467800000027,-1,-1,-1,-1
200,1508,0.2425378214,0.394544419,0.002148159700000013,0.010547396300000011,-1,-1,-1,-1
201,1508,0.2422961699,0.394442085,0.0020407246000000157,0.010601992700000007,-1,-1,-1,-1
202,1508,0.241463703,0.3942035343,0.0023898112000000082,0.010601992700000007,-1,-1,-1,-1
203,1508,0.2418127896,0.3944422222,0.00217509560000001,0.01060185549999998,-1,-1,-1,-1
204,1508,0.2417322133,0.3944422222,0.00217509560000001,0.01060185549999998,-1,-1,-1,-1
205,1508,0.2417859308,0.394346747,0.00217509560000001,0.010601855599999988,-1,-1,-1,-1
206,1508,0.2420008008,0.394346747,0.001960225600000004,0.010363304899999981,-1,-1,-1,-1
207,1508,0.2420008008,0.3944013435,0.0017990730999999927,0.010308708399999977,-1,-1,-1,-1
208,1508,0.2418397255,0.394346747,0.001960225600000004,0.010363304899999981,-1,-1,-1,-1
209,1508,0.2418397255,0.394346747,0.001960225600000004,0.010363304899999981,-1,-1,-1,-1
210,1508,0.2418397255,0.3944966814,0.001960225600000004,0.010213370499999985,-1,-1,-1,-1
211,1508,0.2418397255,0.394346747,0.001960225600000004,0.010363304899999981,-1,-1,-1,-1
212,1508,0.2418397255,0.394346747,0.001960225600000004,0.010363304899999981,-1,-1,-1,-1
213,1508,0.2419739421,0.394346747,0.0018260089999999896,0.010363304899999981,-1,-1,-1,-1
214,1508,0.2419739421,0.394346747,0.0018260089999999896,0.010363304899999981,-1,-1,-1,-1
215,1508,0.2419739421,0.394346747,0.0018260089999999896,0.010363304899999981,-1,-1,-1,-1
