4,1331,0.36191238,0.3788373872,0.0013684069000000076,0.005906975400000014,-1,-1,-1,-1
5,1331,0.3610647858,0.3787460274,0.0012404420000000083,0.006439770499999997,-1,-1,-1,-1
6,1331,0.3600117376,0.3787004846,0.0010477999000000349,0.006462404799999988,-1,-1,-1,-1
7,1331,0.3590485273,0.3787004846,0.0010477999000000349,0.006462404799999988,-1,-1,-1,-1
8,1331,0.3578266086,0.3786491119,0.0010789807000000096,0.0064553057999999774,-1,-1,-1,-1
9,1331,0.3566046898,0.3785977391,0.0011101617000000008,0.006448206899999975,-1,-1,-1,-1
10,1331,0.3553827711,0.3785463663,0.001141342500000031,0.0064411080999999815,-1,-1,-1,-1
11,1331,0.3541608524,0.3784949936,0.0011725233000000057,0.006434009100000027,-1,-1,-1,-1
12,1331,0.3536219795,0.3785202341,0.0010036527999999767,0.006261440600000001,-1,-1,-1,-1
13,1331,0.3526028906,0.3784196835,0.001160637600000014,0.006236200000000025,-1,-1,-1,-1
14,1331,0.3518668992,0.3784952679,0.0011606374999999503,0.006236200000000025,-1,-1,-1,-1
15,1331,0.350762912,0.3783191328,0.0011606375000000058,0.0062361999999999695,-1,-1,-1,-1
16,1331,0.35012602,0.3783191328,0.001160637600000014,0.0062361999999999695,-1,-1,-1,-1
17,1331,0.3493758274,0.3782436855,0.0011606375000000058,0.006236200000000025,-1,-1,-1,-1
18,1331,0.3485831856,0.3783442362,0.0011606375000000058,0.0062361999999999695,-1,-1,-1,-1
19,1331,0.3479320924,0.3782938922,0.001160637600000014,0.006236200000000025,-1,-1,-1,-1
20,1331,0.3471254038,0.3783442362,0.0012313346999999752,0.00608530530000001,-1,-1,-1,-1
