82,1417,0.3147414706,0.4285991383,0.004014919899999969,0.019772406999999992,-1,-1,-1,-1
83,1417,0.3179199103,0.428822188,0.004140415100000017,0.019846756899999984,-1,-1,-1,-1
84,1417,0.320389526,0.4310469233,0.004209105500000032,0.019109019399999982,-1,-1,-1,-1
85,1417,0.3223903484,0.4322324063,0.003950551499999955,0.018412160600000005,-1,-1,-1,-1
86,1417,0.3230862061,0.4319230723,0.00395055150000001,0.018412160700000013,-1,-1,-1,-1
87,1417,0.3240500338,0.4320776707,0.0034507317999999954,0.0180513853,-1,-1,-1,-1
88,1417,0.3251810341,0.4327992213,0.0038857200999999897,0.018618337600000034,-1,-1,-1,-1
89,1417,0.3263410542,0.433005261,0.0038567003000000155,0.018257699500000002,-1,-1,-1,-1
90,1417,0.3280229676,0.4325414659,0.003653716000000029,0.01820612090000001,-1,-1,-1,-1
91,1417,0.3302848139,0.432025955,0.003885720000000037,0.018824651699999972,-1,-1,-1,-1
92,1417,0.3337339319,0.4316101219,0.003679255699999995,0.019009204500000043,-1,-1,-1,-1
93,1417,0.3368421599,0.4316976732,0.003460504199999992,0.0191271442,-1,-1,-1,-1
94,1417,0.3393948269,0.4320363192,0.0034794852999999737,0.018839802399999994,-1,-1,-1,-1
95,1417,0.3414525751,0.43233659,0.004686927399999985,0.01895037639999997,-1,-1,-1,-1
96,1417,0.3452441019,0.4324899443,0.005287423499999999,0.019002513200000015,-1,-1,-1,-1
97,1417,0.3497966265,0.4324037191,0.00570484800000004,0.01914004250000001,-1,-1,-1,-1
98,1417,0.3547939568,0.4324715436,0.004983924400000006,0.019277709099999984,-1,-1,-1,-1
99,1417,0.3595963295,0.4324495515,0.0044869783,0.018580619700000023,-1,-1,-1,-1
100,1417,0.3644373439,0.4323418696,0.0035179458999999857,0.018842488500000032,-1,-1,-1,-1
101,1417,0.3682380448,0.4321572314,0.003707467100000028,0.018961007400000007,-1,-1,-1,-1
102,1417,0.3720387458,0.4319725932,0.0038625659000000034,0.01905757800000002,-1,-1,-1,-1
103,1417,0.3753630459,0.431849326,0.003861186999999988,0.019129541100000036,-1,-1,-1,-1
104,1417,0.3782724467,0.4318837731,0.004188111100000003,0.019146398100000017,-1,-1,-1,-1
105,1417,0.3809996427,0.431756267,0.004639354700000042,0.018914500699999948,-1,-1,-1,-1
106,1417,0.3842276745,0.4316843404,0.0048208403999999705,0.018780936299999995,-1,-1,-1,-1
107,1417,0.3877446695,0.4314583641,0.0046269209999999505,0.01900691259999998,-1,-1,-1,-1
108,1417,0.3904524751,0.4311964887,0.004346281900000026,0.018960688599999997,-1,-1,-1,-1
109,1417,0.3929260643,0.431162647,0.005137728600000002,0.018480939899999993,-1,-1,-1,-1
110,1417,0.3966191318,0.4310262141,0.005112809899999959,0.018463323099999984,-1,-1,-1,-1
111,1417,0.4002393736,0.4311099501,0.005019322499999979,0.01843089130000003,-1,-1,-1,-1
112,1417,0.4040956071,0.4309710709,0.004254932300000014,0.018467025000000026,-1,-1,-1,-1
113,1417,0.4068769967,0.4309554863,0.004969810899999982,0.018380001300000004,-1,-1,-1,-1
114,1417,0.4102651007,0.4309912059,0.004846897199999978,0.01834428170000002,-1,-1,-1,-1
115,1417,0.4132487284,0.4310611283,0.0050128436999999915,0.018068868200000032,-1,-1,-1,-1
116,1417,0.4164923766,0.4309771381,0.004840663199999984,0.018079400199999984,-1,-1,-1,-1
117,1417,0.4197360248,0.430893148,0.0046684827999999845,0.018089931999999975,-1,-1,-1,-1
118,1417,0.4229045854,0.4306664174,0.003996550900000007,0.018155479799999985,-1,-1,-1,-1
119,1417,0.4253165544,0.4304396868,0.0039641772999999825,0.018077116399999982,-1,-1,-1,-1
120,1417,0.4282775841,0.4301792793,0.003188922099999991,0.01813517549999999,-1,-1,-1,-1
121,1417,0.4306285463,0.4299562906,0.0032390908999999635,0.01804165409999997,-1,-1,-1,-1
122,1417,0.4332396062,0.4298360474,0.003289259599999983,0.017948132700000008,-1,-1,-1,-1
123,1417,0.4356112968,0.4296498221,0.00328134480000003,0.017939540399999954,-1,-1,-1,-1
124,1417,0.4379154547,0.4295116392,0.0035488349000000197,0.017723806899999972,-1,-1,-1,-1
125,1417,0.4401617274,0.4290494901,0.0034986508000000027,0.017626685700000033,-1,-1,-1,-1
126,1417,0.4420469119,0.428881517,0.004040632799999999,0.01742386960000003,-1,-1,-1,-1
127,1417,0.4442210596,0.4285358997,0.00432251699999997,0.017695137000000027,-1,-1,-1,-1
128,1417,0.4463663418,0.4284054445,0.004748882899999973,0.01748909719999997,-1,-1,-1,-1
129,1417,0.4494362441,0.4281723809,0.0036404409999999943,0.01729348289999999,-1,-1,-1,-1
130,1417,0.451477509,0.4278534446,0.0034834563000000207,0.01721378309999999,-1,-1,-1,-1
131,1417,0.453698141,0.4276939078,0.0035059928999999768,0.01701446499999998,-1,-1,-1,-1
132,1417,0.4558963907,0.4276939078,0.0033040892000000266,0.016695528700000017,-1,-1,-1,-1
133,1417,0.457690833,0.4272951345,0.003304089199999971,0.016695528700000017,-1,-1,-1,-1
134,1417,0.4584984477,0.4272951345,0.0033040892000000266,0.016695528700000017,-1,-1,-1,-1
135,1417,0.4601968777,0.4269749636,0.003304089199999971,0.016695528700000017,-1,-1,-1,-1
136,1417,0.4632898016,0.4261471008,0.0031704129000000303,0.0166543757,-1,-1,-1,-1
137,1417,0.4652455507,0.4253695821,0.003705735599999982,0.01697454650000002,-1,-1,-1,-1
138,1417,0.4674329951,0.4250494111,0.0030622060999999645,0.017020226500000013,-1,-1,-1,-1
139,1417,0.4690284666,0.4248207372,0.0031395406999999986,0.017203220500000005,-1,-1,-1,-1
140,1417,0.470546912,0.4247292402,0.003139540800000007,0.01720322049999995,-1,-1,-1,-1
141,1417,0.4713844372,0.4243354791,0.003139540800000007,0.01720322049999995,-1,-1,-1,-1
142,1417,0.4722219623,0.423941718,0.003139540800000007,0.01720322049999995,-1,-1,-1,-1
143,1417,0.4730594875,0.423547957,0.0031395406999999986,0.017203220400000052,-1,-1,-1,-1
144,1417,0.4738970126,0.4231541959,0.003139540800000007,0.017203220500000005,-1,-1,-1,-1
145,1417,0.4747345377,0.4227604348,0.003139540800000007,0.017203220500000005,-1,-1,-1,-1
146,1417,0.4755720629,0.4223666737,0.0031395406999999986,0.017203220500000005,-1,-1,-1,-1
147,1417,0.476409588,0.4219729127,0.003139540800000007,0.017203220399999997,-1,-1,-1,-1
148,1417,0.4772471131,0.4215791516,0.003139540800000007,0.017203220500000005,-1,-1,-1,-1
149,1417,0.4780846383,0.4211853905,0.0031395406999999986,0.017203220500000005,-1,-1,-1,-1
150,1417,0.4789221634,0.4207916294,0.003139540800000007,0.017203220500000005,-1,-1,-1,-1
151,1417,0.4797596885,0.4203978684,0.003139540800000007,0.017203220399999997,-1,-1,-1,-1
152,1417,0.4805972137,0.4200041073,0.0031395406999999986,0.017203220500000005,-1,-1,-1,-1
153,1417,0.4814347388,0.4196103462,0.003139540800000007,0.017203220500000005,-1,-1,-1,-1
154,1417,0.4824532102,0.4191734377,0.003139540800000007,0.017203220500000005,-1,-1,-1,-1
155,1417,0.482980043,0.4189861912,0.0031395407999999514,0.01720322049999995,-1,-1,-1,-1
156,1417,0.4836121498,0.4186651972,0.003139540800000007,0.017203220500000005,-1,-1,-1,-1
157,1417,0.4845454141,0.4181837062,0.003317055499999999,0.015058459400000002,-1,-1,-1,-1
158,1417,0.4854743564,0.4176791695,0.0035686633000000523,0.015294540799999978,-1,-1,-1,-1
159,1417,0.486550903,0.4172384201,0.003192759600000039,0.015445572600000013,-1,-1,-1,-1
160,1417,0.4881270249,0.4170122153,0.003037218499999994,0.0152677913,-1,-1,-1,-1
161,1417,0.4896256859,0.4168320397,0.0030074252000000246,0.01522020340000002,-1,-1,-1,-1
162,1417,0.4919369629,0.4163216667,0.0027789642000000114,0.015038098500000041,-1,-1,-1,-1
163,1417,0.4938661974,0.4160186429,0.00298083250000003,0.015041427800000007,-1,-1,-1,-1
164,1417,0.4957847617,0.4156146569,0.003108009499999953,0.014842832500000014,-1,-1,-1,-1
165,1417,0.4978535851,0.4153723044,0.0030510783999999624,0.014828759999999996,-1,-1,-1,-1
166,1417,0.4992072557,0.415129952,0.0029941473000000274,0.014814687299999962,-1,-1,-1,-1
167,1417,0.5009189503,0.414907647,0.002860878300000036,0.015184553300000014,-1,-1,-1,-1
168,1417,0.5022825231,0.4145541421,0.0030884548999999817,0.015029056099999993,-1,-1,-1,-1
169,1417,0.5038301452,0.4145586232,0.0028295896000000154,0.01474080330000005,-1,-1,-1,-1
170,1417,0.5049635406,0.4143249652,0.0033037057999999453,0.014628226699999969,-1,-1,-1,-1
171,1417,0.5065842525,0.4139181899,0.002709492099999933,0.014744324099999984,-1,-1,-1,-1
172,1417,0.5079262638,0.4135864961,0.0025348863999999915,0.014698021700000008,-1,-1,-1,-1
173,1417,0.5093874415,0.4133700309,0.002578160799999951,0.014370597999999957,-1,-1,-1,-1
174,1417,0.5107757609,0.413110355,0.00254146249999998,0.01436981740000004,-1,-1,-1,-1
175,1417,0.5124073528,0.4128073312,0.002439206999999999,0.014282478200000004,-1,-1,-1,-1
176,1417,0.5140691478,0.4124736864,0.002624645199999942,0.014228569400000002,-1,-1,-1,-1
177,1417,0.5154538655,0.4122374201,0.002632163799999976,0.01423650480000005,-1,-1,-1,-1
178,1417,0.5168107101,0.4120011538,0.002639682500000018,0.014244440099999978,-1,-1,-1,-1
179,1417,0.5181675547,0.4118080983,0.0026472011000000517,0.014252375300000009,-1,-1,-1,-1
180,1417,0.5197435914,0.4115631898,0.0026547197999999828,0.0142603107,-1,-1,-1,-1
181,1417,0.5210942616,0.4113614921,0.0029788954999999673,0.014172016399999987,-1,-1,-1,-1
182,1417,0.5225749034,0.4110156215,0.0028621840999999426,0.014085093800000004,-1,-1,-1,-1
183,1417,0.5236657847,0.4107995888,0.002773489199999979,0.014188572800000021,-1,-1,-1,-1
184,1417,0.5249517777,0.4105403454,0.0026847944000000235,0.014292051799999983,-1,-1,-1,-1
185,1417,0.5260358664,0.4104082315,0.0025671576000000362,0.013740201600000002,-1,-1,-1,-1
186,1417,0.5273976345,0.4100508457,0.002578890300000025,0.013725152100000027,-1,-1,-1,-1
187,1417,0.5285510328,0.4097511048,0.0025906231999999196,0.013710102400000035,-1,-1,-1,-1
188,1417,0.530060599,0.4095488965,0.002602356000000028,0.013695053000000013,-1,-1,-1,-1
189,1417,0.5315457762,0.4093466883,0.002614088800000025,0.01368000340000003,-1,-1,-1,-1
190,1417,0.5331081852,0.4091876909,0.0026258216000000223,0.01366495379999999,-1,-1,-1,-1
191,1417,0.5348798763,0.4090201884,0.0026375544000000195,0.013649904300000015,-1,-1,-1,-1
192,1417,0.5362436309,0.4087985011,0.0026492871999999057,0.013634854700000032,-1,-1,-1,-1
193,1417,0.5377049414,0.4085768138,0.002661020000000014,0.013619805099999993,-1,-1,-1,-1
194,1417,0.5392392645,0.4083984744,0.002672752800000011,0.01360475550000001,-1,-1,-1,-1
195,1417,0.5406275624,0.4081334391,0.0026844856000000084,0.01358970599999998,-1,-1,-1,-1
