1,1306,0.3940456315,0.4577728284,0.005862770899999981,0.013219739900000027,-1,-1,-1,-1
2,1306,0.3940456315,0.4577728284,0.005862770899999981,0.013219739900000027,-1,-1,-1,-1
3,1306,0.3940456315,0.4577728284,0.005862770899999981,0.013219739900000027,-1,-1,-1,-1
4,1306,0.3940456315,0.4577728284,0.005862770899999981,0.013219739900000027,-1,-1,-1,-1
5,1306,0.3940456315,0.4577728284,0.005862770899999981,0.013219739900000027,-1,-1,-1,-1
6,1306,0.3940456315,0.4577728284,0.005862770899999981,0.013219739900000027,-1,-1,-1,-1
7,1306,0.3940456315,0.4577728284,0.005862770899999981,0.013219739900000027,-1,-1,-1,-1
8,1306,0.3940456315,0.4577728284,0.005862770899999981,0.013219739900000027,-1,-1,-1,-1
9,1306,0.3940456315,0.4577728284,0.005862770899999981,0.013219739900000027,-1,-1,-1,-1
10,1306,0.3940456315,0.4577728284,0.005862770899999981,0.013219739900000027,-1,-1,-1,-1
11,1306,0.3940456315,0.4577728284,0.005862770899999981,0.013219739900000027,-1,-1,-1,-1
12,1306,0.3940456315,0.4577728284,0.005862770899999981,0.013219739900000027,-1,-1,-1,-1
13,1306,0.3940456315,0.4577728284,0.005862770899999981,0.013219739900000027,-1,-1,-1,-1
14,1306,0.3940456315,0.4577728284,0.005862770899999981,0.013219739900000027,-1,-1,-1,-1
15,1306,0.3940456315,0.4577728284,0.005862770899999981,0.013219739900000027,-1,-1,-1,-1
16,1306,0.3940456315,0.4577728284,0.005862770899999981,0.013219739900000027,-1,-1,-1,-1
17,1306,0.3940456315,0.4577728284,0.005862770899999981,0.013219739900000027,-1,-1,-1,-1
18,1306,0.3940456315,0.4577728284,0.005862770899999981,0.013219739900000027,-1,-1,-1,-1
19,1306,0.3940456315,0.4577728284,0.005862770899999981,0.013219739900000027,-1,-1,-1,-1
20,1306,0.3940456315,0.4577728284,0.005862770899999981,0.013219739900000027,-1,-1,-1,-1
21,1306,0.3940456315,0.4577728284,0.005862770899999981,0.013219739900000027,-1,-1,-1,-1
22,1306,0.3940456315,0.4577728284,0.005862770899999981,0.013219739900000027,-1,-1,-1,-1
23,1306,0.3940456315,0.4577728284,0.005862770899999981,0.013219739900000027,-1,-1,-1,-1
24,1306,0.3940456315,0.4577728284,0.005862770899999981,0.013219739900000027,-1,-1,-1,-1
25,1306,0.3940456315,0.4577728284,0.005862770899999981,0.013219739900000027,-1,-1,-1,-1
26,1306,0.3940456315,0.4577728284,0.005862770899999981,0.013219739900000027,-1,-1,-1,-1
27,1306,0.3940456315,0.4577728284,0.005862770899999981,0.013219739900000027,-1,-1,-1,-1
28,1306,0.3940456315,0.4577728284,0.005862770899999981,0.013219739900000027,-1,-1,-1,-1
29,1306,0.3940456315,0.4577728284,0.005862770899999981,0.013219739900000027,-1,-1,-1,-1
30,1306,0.3940456315,0.4577728284,0.005862770899999981,0.013219739900000027,-1,-1,-1,-1
31,1306,0.3940456315,0.4577728284,0.005862770899999981,0.013219739900000027,-1,-1,-1,-1
32,1306,0.3940456315,0.4577728284,0.005862770899999981,0.013219739900000027,-1,-1,-1,-1
33,1306,0.3940456315,0.4577728284,0.005862770899999981,0.013219739900000027,-1,-1,-1,-1
34,1306,0.3940456315,0.4577728284,0.005862770899999981,0.013219739900000027,-1,-1,-1,-1
35,1306,0.3940456315,0.4577728284,0.005862770899999981,0.013219739900000027,-1,-1,-1,-1
36,1306,0.3940456315,0.4577728284,0.005862770899999981,0.013219739900000027,-1,-1,-1,-1
37,1306,0.3940456315,0.4577728284,0.005862770899999981,0.013219739900000027,-1,-1,-1,-1
38,1306,0.3940456315,0.4577728284,0.005862770899999981,0.013219739900000027,-1,-1,-1,-1
39,1306,0.3940456315,0.4577728284,0.005862770899999981,0.013219739900000027,-1,-1,-1,-1
40,1306,0.3940456315,0.4577728284,0.005862770899999981,0.013219739900000027,-1,-1,-1,-1
41,1306,0.3940456315,0.4577728284,0.005862770899999981,0.013219739900000027,-1,-1,-1,-1
42,1306,0.3940456315,0.4577728284,0.005862770899999981,0.013219739900000027,-1,-1,-1,-1
43,1306,0.3942391997,0.4575132897,0.005669202699999987,0.013479278600000033,-1,-1,-1,-1
44,1306,0.3942391997,0.4575132897,0.005669202699999987,0.013479278600000033,-1,-1,-1,-1
45,1306,0.3942391997,0.4575132897,0.005669202699999987,0.013479278600000033,-1,-1,-1,-1
46,1306,0.3942391997,0.4575132897,0.005669202699999987,0.013479278600000033,-1,-1,-1,-1
47,1306,0.3942391997,0.4570375601,0.005916179700000024,0.013955008200000008,-1,-1,-1,-1
48,1306,0.3944534522,0.4571326237,0.00594288409999999,0.013859944600000007,-1,-1,-1,-1
49,1306,0.3944534522,0.4574182261,0.005407561499999991,0.013574342200000034,-1,-1,-1,-1
50,1306,0.3944534522,0.4574182261,0.005407561499999991,0.013574342200000034,-1,-1,-1,-1
51,1306,0.3944534522,0.4574182261,0.005407561499999991,0.013574342200000034,-1,-1,-1,-1
52,1306,0.3944534522,0.4574182261,0.005407561499999991,0.013574342200000034,-1,-1,-1,-1
53,1306,0.3944534522,0.4574182261,0.005407561499999991,0.013574342200000034,-1,-1,-1,-1
54,1306,0.3944534522,0.4574182261,0.005407561499999991,0.013574342200000034,-1,-1,-1,-1
55,1306,0.3944534522,0.4574182261,0.005407561499999991,0.013574342200000034,-1,-1,-1,-1
56,1306,0.3944534522,0.4574182261,0.005407561499999991,0.013574342200000034,-1,-1,-1,-1
57,1306,0.3944534522,0.4574182261,0.005407561499999991,0.013574342200000034,-1,-1,-1,-1
58,1306,0.3944534522,0.4575132897,0.005407561499999991,0.013479278600000033,-1,-1,-1,-1
59,1306,0.3944534522,0.4575132897,0.005407561499999991,0.013479278600000033,-1,-1,-1,-1
60,1306,0.3944534522,0.4575132897,0.005407561499999991,0.013479278600000033,-1,-1,-1,-1
61,1306,0.3944534522,0.4575132897,0.005407561499999991,0.013479278600000033,-1,-1,-1,-1
62,1306,0.3944534522,0.4575132897,0.005407561499999991,0.013479278600000033,-1,-1,-1,-1
63,1306,0.3944534522,0.457560067,0.005451554299999994,0.01343250130000001,-1,-1,-1,-1
64,1306,0.3944534522,0.457560067,0.005451554299999994,0.01343250130000001,-1,-1,-1,-1
65,1306,0.3944534522,0.457560067,0.005451554299999994,0.01343250130000001,-1,-1,-1,-1
66,1306,0.3944534522,0.457560067,0.005451554299999994,0.01343250130000001,-1,-1,-1,-1
67,1306,0.3944534522,0.457560067,0.005451554299999994,0.01343250130000001,-1,-1,-1,-1
68,1306,0.3944534522,0.457560067,0.005451554299999994,0.01343250130000001,-1,-1,-1,-1
69,1306,0.3944534522,0.457560067,0.005451554299999994,0.01343250130000001,-1,-1,-1,-1
70,1306,0.3944534522,0.457560067,0.005451554299999994,0.01343250130000001,-1,-1,-1,-1
71,1306,0.3944534522,0.457560067,0.005451554299999994,0.01343250130000001,-1,-1,-1,-1
72,1306,0.3944534522,0.457560067,0.005451554299999994,0.01343250130000001,-1,-1,-1,-1
73,1306,0.3944534522,0.457560067,0.005451554299999994,0.01343250130000001,-1,-1,-1,-1
74,1306,0.3944534522,0.457560067,0.005451554299999994,0.01343250130000001,-1,-1,-1,-1
75,1306,0.3944534522,0.457560067,0.005451554299999994,0.01343250130000001,-1,-1,-1,-1
76,1306,0.3944534522,0.457560067,0.005451554299999994,0.01343250130000001,-1,-1,-1,-1
77,1306,0.3944534522,0.457560067,0.005451554299999994,0.01343250130000001,-1,-1,-1,-1
78,1306,0.3944534522,0.457560067,0.005451554299999994,0.01343250130000001,-1,-1,-1,-1
79,1306,0.3944534522,0.457560067,0.005451554299999994,0.01343250130000001,-1,-1,-1,-1
80,1306,0.3944534522,0.457560067,0.005451554299999994,0.01343250130000001,-1,-1,-1,-1
81,1306,0.3944534522,0.457560067,0.005451554299999994,0.01343250130000001,-1,-1,-1,-1
82,1306,0.3944534522,0.457560067,0.005451554299999994,0.01343250130000001,-1,-1,-1,-1
83,1306,0.3944534522,0.457560067,0.005451554299999994,0.01343250130000001,-1,-1,-1,-1
84,1306,0.3944534522,0.457560067,0.005451554299999994,0.01343250130000001,-1,-1,-1,-1
85,1306,0.3944534522,0.457560067,0.005451554299999994,0.01343250130000001,-1,-1,-1,-1
86,1306,0.3944534522,0.457560067,0.005451554299999994,0.01343250130000001,-1,-1,-1,-1
87,1306,0.3944534522,0.457560067,0.005451554299999994,0.01343250130000001,-1,-1,-1,-1
88,1306,0.3944534522,0.457560067,0.005451554299999994,0.01343250130000001,-1,-1,-1,-1
89,1306,0.3944534522,0.457560067,0.005451554299999994,0.01343250130000001,-1,-1,-1,-1
90,1306,0.3944534522,0.457560067,0.005451554299999994,0.01343250130000001,-1,-1,-1,-1
91,1306,0.3944534522,0.457560067,0.005451554299999994,0.01343250130000001,-1,-1,-1,-1
92,1306,0.3944534522,0.457560067,0.005451554299999994,0.01343250130000001,-1,-1,-1,-1
93,1306,0.3944534522,0.457560067,0.005451554299999994,0.01343250130000001,-1,-1,-1,-1
94,1306,0.3944534522,0.457560067,0.005451554299999994,0.01343250130000001,-1,-1,-1,-1
95,1306,0.3944534522,0.457560067,0.005451554299999994,0.01343250130000001,-1,-1,-1,-1
96,1306,0.3944534522,0.457560067,0.005451554299999994,0.01343250130000001,-1,-1,-1,-1
97,1306,0.3944534522,0.457560067,0.005451554299999994,0.01343250130000001,-1,-1,-1,-1
98,1306,0.3944534522,0.457560067,0.005451554299999994,0.01343250130000001,-1,-1,-1,-1
99,1306,0.3944534522,0.457560067,0.005451554299999994,0.01343250130000001,-1,-1,-1,-1
100,1306,0.3944534522,0.457560067,0.005451554299999994,0.01343250130000001,-1,-1,-1,-1
101,1306,0.3944534522,0.457560067,0.005451554299999994,0.01343250130000001,-1,-1,-1,-1
102,1306,0.3944534522,0.457560067,0.005451554299999994,0.01343250130000001,-1,-1,-1,-1
103,1306,0.3944534522,0.457560067,0.005451554299999994,0.01343250130000001,-1,-1,-1,-1
104,1306,0.3944534522,0.457560067,0.005451554299999994,0.01343250130000001,-1,-1,-1,-1
105,1306,0.3944534522,0.457560067,0.005451554299999994,0.01343250130000001,-1,-1,-1,-1
106,1306,0.3944534522,0.457560067,0.005451554299999994,0.01343250130000001,-1,-1,-1,-1
107,1306,0.3944534522,0.457560067,0.005451554299999994,0.01343250130000001,-1,-1,-1,-1
108,1306,0.3944534522,0.457560067,0.005451554299999994,0.01343250130000001,-1,-1,-1,-1
109,1306,0.3944534522,0.457560067,0.005451554299999994,0.01343250130000001,-1,-1,-1,-1
110,1306,0.3944534522,0.457560067,0.005451554299999994,0.01343250130000001,-1,-1,-1,-1
111,1306,0.3944534522,0.457560067,0.005451554299999994,0.01343250130000001,-1,-1,-1,-1
112,1306,0.3944534522,0.457560067,0.005451554299999994,0.01343250130000001,-1,-1,-1,-1
113,1306,0.3944534522,0.457560067,0.005451554299999994,0.01343250130000001,-1,-1,-1,-1
114,1306,0.3944534522,0.457560067,0.005451554299999994,0.01343250130000001,-1,-1,-1,-1
115,1306,0.3944534522,0.457560067,0.005451554299999994,0.01343250130000001,-1,-1,-1,-1
116,1306,0.3944534522,0.457560067,0.005451554299999994,0.01343250130000001,-1,-1,-1,-1
117,1306,0.3944534522,0.457560067,0.005451554299999994,0.01343250130000001,-1,-1,-1,-1
118,1306,0.3944534522,0.457560067,0.005451554299999994,0.01343250130000001,-1,-1,-1,-1
119,1306,0.3944534522,0.457560067,0.005451554299999994,0.01343250130000001,-1,-1,-1,-1
120,1306,0.3944534522,0.457560067,0.005451554299999994,0.01343250130000001,-1,-1,-1,-1
121,1306,0.3944534522,0.457560067,0.005451554299999994,0.01343250130000001,-1,-1,-1,-1
122,1306,0.3944534522,0.457560067,0.005451554299999994,0.01343250130000001,-1,-1,-1,-1
123,1306,0.3944534522,0.457560067,0.005451554299999994,0.01343250130000001,-1,-1,-1,-1
124,1306,0.3944534522,0.4573153434,0.005451554299999994,0.013677224900000007,-1,-1,-1,-1
125,1306,0.3944534522,0.4573153434,0.005451554299999994,0.013677224900000007,-1,-1,-1,-1
126,1306,0.3944534522,0.4573153434,0.0051990203000000235,0.013703151299999994,-1,-1,-1,-1
127,1306,0.3944534522,0.4573153434,0.005290864900000025,0.013580789499999968,-1,-1,-1,-1
128,1306,0.3944534522,0.4573153434,0.005222019999999994,0.01366227259999997,-1,-1,-1,-1
129,1306,0.3944534522,0.4573153434,0.005222019999999994,0.01366227259999997,-1,-1,-1,-1
130,1306,0.3944534522,0.4573153434,0.005222019999999994,0.01366227259999997,-1,-1,-1,-1
131,1306,0.3944534522,0.4573153434,0.005222019999999994,0.01366227259999997,-1,-1,-1,-1
132,1306,0.3944534522,0.4573153434,0.005222019999999994,0.01366227259999997,-1,-1,-1,-1
133,1306,0.3944534522,0.4573153434,0.005222019999999994,0.01366227259999997,-1,-1,-1,-1
134,1306,0.3944534522,0.4573153434,0.005222019999999994,0.01366227259999997,-1,-1,-1,-1
135,1306,0.3944534522,0.4573153434,0.005222019999999994,0.01366227259999997,-1,-1,-1,-1
136,1306,0.3944534522,0.4573153434,0.005222019999999994,0.01366227259999997,-1,-1,-1,-1
137,1306,0.3944534522,0.4573153434,0.005222019999999994,0.01366227259999997,-1,-1,-1,-1
138,1306,0.3944534522,0.4573153434,0.005222019999999994,0.01366227259999997,-1,-1,-1,-1
139,1306,0.3944534522,0.4573153434,0.005222019999999994,0.01366227259999997,-1,-1,-1,-1
140,1306,0.3944534522,0.4573153434,0.005222019999999994,0.01366227259999997,-1,-1,-1,-1
141,1306,0.3944534522,0.4573153434,0.005222019999999994,0.01366227259999997,-1,-1,-1,-1
142,1306,0.3944534522,0.4573153434,0.005222019999999994,0.01366227259999997,-1,-1,-1,-1
143,1306,0.3944534522,0.4573153434,0.005222019999999994,0.01366227259999997,-1,-1,-1,-1
144,1306,0.3944534522,0.4573153434,0.005222019999999994,0.01366227259999997,-1,-1,-1,-1
145,1306,0.3944534522,0.4573153434,0.005222019999999994,0.01366227259999997,-1,-1,-1,-1
146,1306,0.3944534522,0.4573153434,0.005222019999999994,0.01366227259999997,-1,-1,-1,-1
147,1306,0.3944534522,0.4573153434,0.005222019999999994,0.01366227259999997,-1,-1,-1,-1
148,1306,0.3944534522,0.4573153434,0.005222019999999994,0.01366227259999997,-1,-1,-1,-1
149,1306,0.3944534522,0.4573153434,0.005222019999999994,0.01366227259999997,-1,-1,-1,-1
150,1306,0.3944534522,0.4573153434,0.005222019999999994,0.01366227259999997,-1,-1,-1,-1
151,1306,0.3944534522,0.4573153434,0.005382709400000019,0.013703151299999994,-1,-1,-1,-1
152,1306,0.3945585718,0.4573968265,0.005231590400000041,0.013580789499999968,-1,-1,-1,-1
153,1306,0.3945585718,0.4573968265,0.005231590400000041,0.013580789499999968,-1,-1,-1,-1
154,1306,0.3945585718,0.4573968265,0.005231590400000041,0.013580789499999968,-1,-1,-1,-1
155,1306,0.3945585718,0.4573968265,0.005231590400000041,0.013580789499999968,-1,-1,-1,-1
156,1306,0.3945585718,0.4573968265,0.005231590400000041,0.013580789499999968,-1,-1,-1,-1
157,1306,0.3945585718,0.4573968265,0.005231590400000041,0.013580789499999968,-1,-1,-1,-1
158,1306,0.3945585718,0.4573968265,0.005185745300000044,0.013621668199999992,-1,-1,-1,-1
159,1306,0.3945585718,0.4576824288,0.005071055300000016,0.013336065900000027,-1,-1,-1,-1
160,1306,0.3945585718,0.4577639119,0.005071055300000016,0.013254582800000025,-1,-1,-1,-1
161,1306,0.3945585718,0.4578862737,0.005071055300000016,0.013132221,-1,-1,-1,-1
162,1306,0.3945585718,0.4578862737,0.005071055300000016,0.013132221,-1,-1,-1,-1
163,1306,0.3945585718,0.4578862737,0.005071055300000016,0.013132221,-1,-1,-1,-1
164,1306,0.3945585718,0.4578862737,0.005071055300000016,0.013132221,-1,-1,-1,-1
165,1306,0.3945585718,0.4580902558,0.005139900200000047,0.0129282389,-1,-1,-1,-1
166,1306,0.3945585718,0.4580902558,0.005139900200000047,0.0129282389,-1,-1,-1,-1
167,1306,0.3945585718,0.4580902558,0.005139900200000047,0.0129282389,-1,-1,-1,-1
168,1306,0.3945585718,0.4580902558,0.005139900200000047,0.0129282389,-1,-1,-1,-1
169,1306,0.3945585718,0.4580902558,0.005139900200000047,0.0129282389,-1,-1,-1,-1
170,1306,0.3945585718,0.4580902558,0.005139900200000047,0.0129282389,-1,-1,-1,-1
171,1306,0.3945585718,0.4580902558,0.005139900200000047,0.0129282389,-1,-1,-1,-1
172,1306,0.3945585718,0.4580902558,0.005139900200000047,0.0129282389,-1,-1,-1,-1
173,1306,0.3945585718,0.4580902558,0.005139900200000047,0.0129282389,-1,-1,-1,-1
174,1306,0.3945585718,0.4580902558,0.005139900200000047,0.0129282389,-1,-1,-1,-1
175,1306,0.3945585718,0.4580902558,0.005139900200000047,0.0129282389,-1,-1,-1,-1
176,1306,0.3945585718,0.4580902558,0.005139900200000047,0.0129282389,-1,-1,-1,-1
177,1306,0.3945585718,0.4578338722,0.005139900200000047,0.01318462250000002,-1,-1,-1,-1
178,1306,0.3945585718,0.4578338722,0.005139900200000047,0.01318462250000002,-1,-1,-1,-1
179,1306,0.3945585718,0.4580198841,0.005139900200000047,0.012998610600000016,-1,-1,-1,-1
180,1306,0.3945585718,0.4578803751,0.005139900200000047,0.013138119599999998,-1,-1,-1,-1
181,1306,0.3945585718,0.4578803751,0.005139900200000047,0.013138119599999998,-1,-1,-1,-1
182,1306,0.3945585718,0.4578803751,0.005139900200000047,0.013138119599999998,-1,-1,-1,-1
183,1306,0.3945585718,0.4578803751,0.005139900200000047,0.013138119599999998,-1,-1,-1,-1
184,1306,0.3945585718,0.4578803751,0.005139900200000047,0.013300674299999982,-1,-1,-1,-1
185,1306,0.3945585718,0.4578803751,0.005139900200000047,0.013300674299999982,-1,-1,-1,-1
186,1306,0.3945585718,0.4578803751,0.005139900200000047,0.013300674299999982,-1,-1,-1,-1
187,1306,0.3945585718,0.4578803751,0.005139900200000047,0.013300674299999982,-1,-1,-1,-1
188,1306,0.3945585718,0.4578803751,0.005139900200000047,0.013300674299999982,-1,-1,-1,-1
189,1306,0.3945585718,0.4578803751,0.005139900200000047,0.013300674299999982,-1,-1,-1,-1
190,1306,0.3945585718,0.4578803751,0.005139900200000047,0.013300674299999982,-1,-1,-1,-1
191,1306,0.3945585718,0.4578803751,0.005139900200000047,0.013300674299999982,-1,-1,-1,-1
192,1306,0.3945585718,0.4578803751,0.005139900200000047,0.013300674299999982,-1,-1,-1,-1
193,1306,0.3945585718,0.4578803751,0.005139900200000047,0.013300674299999982,-1,-1,-1,-1
194,1306,0.3945585718,0.4578803751,0.005139900200000047,0.013300674299999982,-1,-1,-1,-1
195,1306,0.3945585718,0.4578803751,0.005139900200000047,0.013300674299999982,-1,-1,-1,-1
196,1306,0.3945585718,0.4578803751,0.005139900200000047,0.013300674299999982,-1,-1,-1,-1
197,1306,0.3945585718,0.4578803751,0.005139900200000047,0.013300674299999982,-1,-1,-1,-1
198,1306,0.3945585718,0.4578803751,0.005139900200000047,0.013300674299999982,-1,-1,-1,-1
199,1306,0.3945585718,0.4578803751,0.005139900200000047,0.013300674299999982,-1,-1,-1,-1
200,1306,0.3945585718,0.4578803751,0.005139900200000047,0.013300674299999982,-1,-1,-1,-1
201,1306,0.3945585718,0.4578803751,0.005139900200000047,0.013300674299999982,-1,-1,-1,-1
202,1306,0.3945585718,0.4578803751,0.005139900200000047,0.013300674299999982,-1,-1,-1,-1
203,1306,0.3945585718,0.4578803751,0.005139900200000047,0.013300674299999982,-1,-1,-1,-1
204,1306,0.3945585718,0.4578803751,0.005139900200000047,0.013300674299999982,-1,-1,-1,-1
205,1306,0.3945585718,0.4578803751,0.005139900200000047,0.013300674299999982,-1,-1,-1,-1
206,1306,0.3945585718,0.4578803751,0.005139900200000047,0.013300674299999982,-1,-1,-1,-1
207,1306,0.3945585718,0.4578803751,0.005139900200000047,0.013300674299999982,-1,-1,-1,-1
208,1306,0.3945585718,0.4578803751,0.005139900200000047,0.013300674299999982,-1,-1,-1,-1
209,1306,0.3945585718,0.4578803751,0.005139900200000047,0.013300674299999982,-1,-1,-1,-1
210,1306,0.3945585718,0.4578803751,0.005139900200000047,0.013300674299999982,-1,-1,-1,-1
211,1306,0.3945585718,0.4578803751,0.005139900200000047,0.013300674299999982,-1,-1,-1,-1
212,1306,0.3945585718,0.4578803751,0.005139900200000047,0.013300674299999982,-1,-1,-1,-1
213,1306,0.3945585718,0.4578803751,0.005139900200000047,0.013300674299999982,-1,-1,-1,-1
214,1306,0.3945585718,0.4578803751,0.005139900200000047,0.013300674299999982,-1,-1,-1,-1
215,1306,0.3945585718,0.4578803751,0.005139900200000047,0.013300674299999982,-1,-1,-1,-1
216,1306,0.3945585718,0.4578803751,0.005139900200000047,0.013300674299999982,-1,-1,-1,-1
217,1306,0.3945585718,0.4578803751,0.005139900200000047,0.01349642579999999,-1,-1,-1,-1
218,1306,0.3945585718,0.4578803751,0.005139900200000047,0.01349642579999999,-1,-1,-1,-1
219,1306,0.3945585718,0.4578803751,0.005139900200000047,0.01349642579999999,-1,-1,-1,-1
220,1306,0.3945585718,0.4578803751,0.005139900200000047,0.01349642579999999,-1,-1,-1,-1
221,1306,0.3945585718,0.4578803751,0.005139900200000047,0.01349642579999999,-1,-1,-1,-1
222,1306,0.3945585718,0.4578803751,0.005139900200000047,0.01349642579999999,-1,-1,-1,-1
223,1306,0.3945585718,0.4578803751,0.005139900200000047,0.01349642579999999,-1,-1,-1,-1
224,1306,0.3945585718,0.4578803751,0.005139900200000047,0.01349642579999999,-1,-1,-1,-1
225,1306,0.3945585718,0.4578803751,0.005139900200000047,0.01349642579999999,-1,-1,-1,-1
226,1306,0.3945585718,0.4578803751,0.005139900200000047,0.01349642579999999,-1,-1,-1,-1
227,1306,0.3945585718,0.4578803751,0.005139900200000047,0.01349642579999999,-1,-1,-1,-1
228,1306,0.3945585718,0.4578803751,0.005139900200000047,0.01349642579999999,-1,-1,-1,-1
229,1306,0.3945585718,0.4578803751,0.005139900200000047,0.01349642579999999,-1,-1,-1,-1
230,1306,0.3945585718,0.4578803751,0.005139900200000047,0.01349642579999999,-1,-1,-1,-1
231,1306,0.3945585718,0.4578803751,0.005139900200000047,0.01349642579999999,-1,-1,-1,-1
232,1306,0.3945585718,0.4578803751,0.005139900200000047,0.01349642579999999,-1,-1,-1,-1
233,1306,0.3945585718,0.4578803751,0.005139900200000047,0.01349642579999999,-1,-1,-1,-1
234,1306,0.3945585718,0.4578803751,0.005139900200000047,0.01349642579999999,-1,-1,-1,-1
