1,607,0.6149821497,0.4538885267,0.005987957400000021,0.022004275599999956,-1,-1,-1,-1
2,607,0.6134329865,0.4527576402,0.00563524339999999,0.022846130300000045,-1,-1,-1,-1
3,607,0.6113858558,0.4522167516,0.005330998699999978,0.02269866509999996,-1,-1,-1,-1
4,607,0.6094217712,0.4515776443,0.004998968900000067,0.02240359759999999,-1,-1,-1,-1
5,607,0.6070149804,0.4508894277,0.0050265993999999425,0.021911818299999997,-1,-1,-1,-1
6,607,0.6052722489,0.4501025809,0.004639463000000066,0.02156777860000003,-1,-1,-1,-1
7,607,0.6030590262,0.4491191595,0.00472250910000005,0.021961202000000013,-1,-1,-1,-1
8,607,0.5999605454,0.4484308057,0.005358783499999964,0.02146956,-1,-1,-1,-1
9,607,0.5984942738,0.4477424519,0.0048057094000000244,0.02146956,-1,-1,-1,-1
10,607,0.5961705289,0.4472508099,0.005109954200000044,0.020977780599999996,-1,-1,-1,-1
11,607,0.5945383197,0.4464641002,0.0049718013999999755,0.021223601699999983,-1,-1,-1,-1
12,607,0.5926018656,0.4460215675,0.005027062599999965,0.021174492300000014,-1,-1,-1,-1
13,607,0.5910250718,0.4455790347,0.004390788100000043,0.020781206200000013,-1,-1,-1,-1
14,607,0.588784373,0.4447430786,0.004501310199999997,0.020879699099999982,-1,-1,-1,-1
15,607,0.5869033344,0.4439072596,0.00466724790000006,0.02073209679999999,-1,-1,-1,-1
16,607,0.5852712795,0.4431697965,0.004418264200000022,0.020584494399999986,-1,-1,-1,-1
17,607,0.5831965183,0.4425304148,0.005303368099999983,0.020289701300000018,-1,-1,-1,-1
18,607,0.5820622764,0.4417928145,0.004501155899999998,0.020289838399999982,-1,-1,-1,-1
19,607,0.5804854827,0.4412520631,0.004169280499999983,0.020240591899999993,-1,-1,-1,-1
20,607,0.5786873357,0.4406128186,0.0038648814000000753,0.019994770900000014,-1,-1,-1,-1
21,607,0.5766323327,0.4400228207,0.0038174926999999803,0.01965059400000002,-1,-1,-1,-1
22,607,0.5752767377,0.4392361111,0.0038174926999999803,0.019650593900000013,-1,-1,-1,-1
23,607,0.57378299,0.4384985108,0.0033749406999999954,0.019404772899999978,-1,-1,-1,-1
24,607,0.5722061962,0.4377118011,0.00329189470000002,0.019454019499999975,-1,-1,-1,-1
25,607,0.5697994053,0.4375643359,0.003928169200000053,0.019404772999999986,-1,-1,-1,-1
26,607,0.5680843044,0.4363843401,0.004260044499999949,0.019650593900000013,-1,-1,-1,-1
27,607,0.5663692034,0.4359418073,0.0037620771999999914,0.019109842600000038,-1,-1,-1,-1
28,607,0.564017828,0.4353518094,0.0040386915000000245,0.018716419099999992,-1,-1,-1,-1
29,607,0.5622473117,0.4346143462,0.004011060800000021,0.01891299369999999,-1,-1,-1,-1
30,607,0.5606705179,0.4339751018,0.004149367899999978,0.01891313080000001,-1,-1,-1,-1
31,607,0.5589277864,0.4334834597,0.004287675100000055,0.019011349499999997,-1,-1,-1,-1
32,607,0.5569913323,0.4328442153,0.004481243400000001,0.019404772899999978,-1,-1,-1,-1
33,607,0.5556358917,0.4325492849,0.004481243299999993,0.019404772899999978,-1,-1,-1,-1
34,607,0.5538377448,0.4306809352,0.004481243299999993,0.019404772899999978,-1,-1,-1,-1
35,607,0.5519289213,0.4298449791,0.004481243299999993,0.019404772899999978,-1,-1,-1,-1
36,607,0.5506840028,0.4289108042,0.004481243299999993,0.019404772999999986,-1,-1,-1,-1
37,607,0.5506840028,0.4289108042,0.004481243299999993,0.019404772999999986,-1,-1,-1,-1
38,607,0.5481305693,0.4295079354,0.004481243400000001,0.019404772900000034,-1,-1,-1,-1
39,607,0.5457855227,0.4292446929,0.0034691006999999496,0.016669465100000003,-1,-1,-1,-1
40,607,0.5443982838,0.4286161482,0.0034691007000000607,0.016669465100000003,-1,-1,-1,-1
41,607,0.5443982838,0.4286161482,0.0034691007000000607,0.016669465100000003,-1,-1,-1,-1
42,607,0.5427252462,0.4278908938,0.0034691007000000607,0.01666946520000001,-1,-1,-1,-1
43,607,0.5410522085,0.4271656394,0.0034691006999999496,0.016669465199999955,-1,-1,-1,-1
44,607,0.540589744,0.4271173532,0.0034691006999999496,0.016669465100000003,-1,-1,-1,-1
45,607,0.5385222378,0.4261986793,0.0034691007000000607,0.016669465100000003,-1,-1,-1,-1
46,607,0.5368628611,0.4257151307,0.0034691006999999496,0.016669465100000003,-1,-1,-1,-1
47,607,0.535584292,0.4252317192,0.0034691006999999496,0.016669465100000003,-1,-1,-1,-1
48,607,0.5342242205,0.4248448803,0.0034691007000000607,0.016669465100000003,-1,-1,-1,-1
49,607,0.5342242205,0.4248448803,0.0034691007000000607,0.016669465100000003,-1,-1,-1,-1
50,607,0.5312211397,0.424271147,0.0034691007000000607,0.016669465100000003,-1,-1,-1,-1
51,607,0.5282180589,0.4236974136,0.0034691007000000607,0.016669465199999955,-1,-1,-1,-1
52,607,0.525214978,0.4231236803,0.0034691006999999496,0.016669465099999947,-1,-1,-1,-1
53,607,0.5222118972,0.422549947,0.0034691006999999496,0.016669465100000003,-1,-1,-1,-1
54,607,0.5199566936,0.4223387037,0.0034691007000000607,0.016669465100000003,-1,-1,-1,-1
55,607,0.5181477157,0.4218955765,0.0034691007000000607,0.016669465100000003,-1,-1,-1,-1
56,607,0.5166514982,0.4213638788,0.0034691006999999496,0.016669465100000003,-1,-1,-1,-1
57,607,0.5144209871,0.4209287536,0.003471416100000013,0.016418568500000008,-1,-1,-1,-1
58,607,0.5127344429,0.4205903381,0.003553072899999954,0.015935019899999958,-1,-1,-1,-1
59,607,0.5106399236,0.4201552129,0.003253767599999957,0.015645027899999997,-1,-1,-1,-1
60,607,0.5088988901,0.4197200877,0.00300895170000004,0.015209765499999972,-1,-1,-1,-1
61,607,0.5068042164,0.4192849625,0.002981938600000067,0.015693314199999975,-1,-1,-1,-1
62,607,0.5047367102,0.4188498373,0.00347172480000002,0.015499894699999961,-1,-1,-1,-1
63,607,0.5030229985,0.4186564179,0.003308411300000036,0.0153548986,-1,-1,-1,-1
64,607,0.501472446,0.418414575,0.0037708757000000093,0.015113192900000016,-1,-1,-1,-1
65,607,0.4999763828,0.4179794498,0.0035803947000000447,0.014871487199999978,-1,-1,-1,-1
66,607,0.4986163113,0.4175443246,0.003906713099999959,0.014678067699999964,-1,-1,-1,-1
67,607,0.4965216377,0.4172057719,0.0032539218999999564,0.015016620399999958,-1,-1,-1,-1
68,607,0.4951614118,0.4167706467,0.0034172356000000126,0.01487162439999995,-1,-1,-1,-1
69,607,0.4934477002,0.416673937,0.0034988923000000005,0.014533208899999983,-1,-1,-1,-1
70,607,0.4923051228,0.4161905255,0.0029820929000000107,0.014919910699999983,-1,-1,-1,-1
71,607,0.4908089052,0.4159486826,0.003335733200000024,0.014533208899999983,-1,-1,-1,-1
72,607,0.4899928006,0.4154826927,0.0036078708999999765,0.01446736390000003,-1,-1,-1,-1
73,607,0.4891493742,0.4150302831,0.003363209300000003,0.014532934599999991,-1,-1,-1,-1
74,607,0.4881701103,0.41488515,0.00349920109999996,0.014291366000000028,-1,-1,-1,-1
75,607,0.4872453358,0.4145467345,0.003091071599999995,0.014146232799999992,-1,-1,-1,-1
76,607,0.486129926,0.4140148996,0.003063904000000006,0.0142912288,-1,-1,-1,-1
77,607,0.4849601811,0.4136763469,0.003254385099999979,0.01414637000000002,-1,-1,-1,-1
78,607,0.4841442309,0.413289508,0.0026557744999999855,0.014098083699999986,-1,-1,-1,-1
79,607,0.4830289753,0.4129510925,0.0026557745999999938,0.014098083799999994,-1,-1,-1,-1
80,607,0.482702657,0.4129510925,0.002655774500000041,0.014098083799999994,-1,-1,-1,-1
81,607,0.4803631673,0.4127576731,0.0026557745999999938,0.014098083699999986,-1,-1,-1,-1
82,607,0.4791119201,0.4124191204,0.0026557746000000493,0.014098083799999994,-1,-1,-1,-1
83,607,0.4765549363,0.4122258382,0.0026557745999999938,0.014098083699999986,-1,-1,-1,-1
84,607,0.4765549363,0.4122258382,0.0026557745999999938,0.014098083699999986,-1,-1,-1,-1
85,607,0.4759251338,0.4120141291,0.0026392987999999673,0.014009711599999974,-1,-1,-1,-1
86,607,0.4752953314,0.41180242,0.00262282279999998,0.013921339500000018,-1,-1,-1,-1
87,607,0.4746655289,0.4115907109,0.0026063469000000006,0.013832967400000007,-1,-1,-1,-1
88,607,0.4740357264,0.4113790018,0.002589870999999966,0.013744595200000043,-1,-1,-1,-1
89,607,0.4734059239,0.4111672927,0.0025733950999999866,0.013656223099999976,-1,-1,-1,-1
90,607,0.4727761215,0.4109555836,0.0025569192000000074,0.01356785100000002,-1,-1,-1,-1
91,607,0.472146319,0.4107438745,0.002540443300000028,0.013479478900000008,-1,-1,-1,-1
92,607,0.4715165165,0.4105321653,0.0025239673999999934,0.013391106900000005,-1,-1,-1,-1
93,607,0.470886714,0.4103204562,0.002507491500000014,0.013302734799999993,-1,-1,-1,-1
94,607,0.4702569116,0.4101087471,0.0024910155999999795,0.013214362599999974,-1,-1,-1,-1
95,607,0.4696271091,0.409897038,0.0024745397000000002,0.013125990500000018,-1,-1,-1,-1
96,607,0.4689973066,0.4096853289,0.002458063800000021,0.013037618400000006,-1,-1,-1,-1
97,607,0.4683675041,0.4094736198,0.0024415878999999863,0.012949246299999995,-1,-1,-1,-1
98,607,0.4677377017,0.4092619107,0.002425112000000007,0.012860874199999983,-1,-1,-1,-1
99,607,0.4671078992,0.4090502016,0.0024086360999999723,0.012772502100000027,-1,-1,-1,-1
100,607,0.4664780967,0.4088384925,0.002392160199999993,0.012684130000000016,-1,-1,-1,-1
101,607,0.4658482942,0.4086267834,0.002375684300000014,0.012595757799999996,-1,-1,-1,-1
102,607,0.4652184918,0.4084150743,0.002359208399999979,0.012507385699999984,-1,-1,-1,-1
103,607,0.4645886893,0.4082033652,0.0023427325,0.012419013599999973,-1,-1,-1,-1
104,607,0.4639588868,0.4079916561,0.002326256599999965,0.012330641500000017,-1,-1,-1,-1
105,607,0.4633290843,0.407779947,0.002309780699999986,0.012242269400000005,-1,-1,-1,-1
106,607,0.4626992819,0.4075682379,0.0022933048000000067,0.012153897299999994,-1,-1,-1,-1
107,607,0.4620694794,0.4073565288,0.0022768289000000275,0.012065525099999974,-1,-1,-1,-1
108,607,0.4614396769,0.4071448196,0.0022603529999999927,0.011977153100000026,-1,-1,-1,-1
109,607,0.4608098745,0.4069331105,0.0022438771000000135,0.011888781000000015,-1,-1,-1,-1
110,607,0.460180072,0.4067214014,0.0022274011999999788,0.011800408900000003,-1,-1,-1,-1
111,607,0.4595502695,0.4065096923,0.0022109252999999995,0.011712036799999992,-1,-1,-1,-1
112,607,0.458920467,0.4062979832,0.0021944494000000203,0.011623664700000036,-1,-1,-1,-1
113,607,0.4582906646,0.4060862741,0.0021779734999999856,0.011535292600000024,-1,-1,-1,-1
114,607,0.4576608621,0.405874565,0.0021614976000000063,0.011446920400000005,-1,-1,-1,-1
115,607,0.4570310596,0.4056628559,0.0021450216999999716,0.011358548299999993,-1,-1,-1,-1
116,607,0.4564012571,0.4054511468,0.0021285457999999924,0.011270176199999982,-1,-1,-1,-1
117,607,0.4557714547,0.4052394377,0.0021120698999999576,0.011181804100000026,-1,-1,-1,-1
118,607,0.4551416522,0.4050277286,0.0020955939999999784,0.011093431999999959,-1,-1,-1,-1
119,607,0.4545118497,0.4048160195,0.002079118099999999,0.011005059900000003,-1,-1,-1,-1
120,607,0.4538820472,0.4046043104,0.0020626421999999645,0.010916687799999991,-1,-1,-1,-1
121,607,0.4532522448,0.4043926013,0.0020461663000000407,0.010828315600000027,-1,-1,-1,-1
122,607,0.4526224423,0.4041808922,0.002029690400000006,0.010739943500000015,-1,-1,-1,-1
123,607,0.4519926398,0.403969183,0.0020132145000000268,0.010651571500000012,-1,-1,-1,-1
124,607,0.4513628373,0.4037574739,0.001996738599999992,0.0105631994,-1,-1,-1,-1
125,607,0.4507330349,0.4035457648,0.001980262700000013,0.01047482729999999,-1,-1,-1,-1
126,607,0.4501032324,0.4033340557,0.001963786799999978,0.010386455199999978,-1,-1,-1,-1
127,607,0.4494734299,0.4031223466,0.0019473108999999988,0.010298082999999958,-1,-1,-1,-1
128,607,0.4488436274,0.4029106375,0.0019308350000000196,0.010209710900000002,-1,-1,-1,-1
129,607,0.448213825,0.4026989284,0.0019143590999999849,0.01012133879999999,-1,-1,-1,-1
130,607,0.4475840225,0.4024872193,0.0018978832000000057,0.010032966700000034,-1,-1,-1,-1
131,607,0.4473551349,0.4022755102,0.001881407299999971,0.00994459449999996,-1,-1,-1,-1
132,607,0.4468896157,0.4019252465,0.0018649312999999834,0.009856222500000011,-1,-1,-1,-1
133,607,0.4465052741,0.4016068851,0.0018484554000000042,0.0097678504,-1,-1,-1,-1
134,607,0.4457753001,0.4012863092,0.0018319796000000332,0.009679478299999988,-1,-1,-1,-1
135,607,0.4451597074,0.4012057601,0.0018155036999999985,0.009591106100000024,-1,-1,-1,-1
136,607,0.4445829893,0.4010242272,0.0017990277999999638,0.008973541099999982,-1,-1,-1,-1
137,607,0.4444541338,0.4009124145,0.00178255190000004,0.008874992200000043,-1,-1,-1,-1
138,607,0.4439261512,0.4006642919,0.001766075899999997,0.008776443299999992,-1,-1,-1,-1
139,607,0.4438270595,0.4003466587,0.0017506320999999825,0.009534825899999988,-1,-1,-1,-1
140,607,0.444222632,0.4000616761,0.0019725850999999794,0.010694601400000003,-1,-1,-1,-1
141,607,0.4437686063,0.3998810411,0.0019603853000000337,0.010633824800000025,-1,-1,-1,-1
142,607,0.4432757115,0.3997010366,0.001948185499999977,0.010573048400000007,-1,-1,-1,-1
143,607,0.4433246439,0.399570307,0.0019481854000000243,0.010573048400000007,-1,-1,-1,-1
144,607,0.4430057348,0.3993523328,0.0019481855000000325,0.010573048400000007,-1,-1,-1,-1
145,607,0.4431499076,0.3988398399,0.001948185499999977,0.010573048400000007,-1,-1,-1,-1
146,607,0.4427896299,0.3988398399,0.0017941336000000252,0.009479062400000016,-1,-1,-1,-1
147,607,0.4423134274,0.3989039015,0.0021261632999999835,0.008966706599999985,-1,-1,-1,-1
148,607,0.4422953672,0.3985837306,0.0021261632999999835,0.008966706599999985,-1,-1,-1,-1
149,607,0.4422411866,0.3982634224,0.0021261632999999835,0.008966706699999993,-1,-1,-1,-1
150,607,0.4420789536,0.3978790527,0.0021261632999999835,0.008966706699999993,-1,-1,-1,-1
151,607,0.4419347808,0.3979431143,0.002126163200000031,0.008966706699999993,-1,-1,-1,-1
152,607,0.4417546419,0.3978790527,0.002324516700000001,0.009254915400000008,-1,-1,-1,-1
153,607,0.4418267283,0.3977509295,0.0023245166999999456,0.0092549153,-1,-1,-1,-1
154,607,0.4416285293,0.397590844,0.0021624379999999888,0.009254915400000008,-1,-1,-1,-1
155,607,0.4416285293,0.3974948202,0.00201826519999998,0.0089346072,-1,-1,-1,-1
156,607,0.4417185215,0.3972705359,0.00201826519999998,0.0089346072,-1,-1,-1,-1
157,607,0.4411240788,0.3968861662,0.0019281186000000283,0.008294128199999973,-1,-1,-1,-1
158,607,0.4407817069,0.3967901423,0.0019281185999999728,0.008294128200000028,-1,-1,-1,-1
159,607,0.4404753011,0.3965019336,0.00192811850000002,0.008294128199999973,-1,-1,-1,-1
160,607,0.4395204262,0.3962137249,0.0019281186000000283,0.008294128199999973,-1,-1,-1,-1
161,607,0.4386915097,0.3962137249,0.0019281186000000283,0.008294128199999973,-1,-1,-1,-1
162,607,0.4378987135,0.3961496633,0.0014957545000000017,0.008166142099999996,-1,-1,-1,-1
163,607,0.4371599435,0.396117701,0.0014957545000000017,0.008166142200000004,-1,-1,-1,-1
164,607,0.4360788017,0.3949648662,0.0017299195999999628,0.0070770946,-1,-1,-1,-1
165,607,0.4354301784,0.3945804965,0.0016578331000000057,0.007621549700000008,-1,-1,-1,-1
166,607,0.4344932094,0.3944202738,0.0016578330999999502,0.007621549800000016,-1,-1,-1,-1
167,607,0.4338084656,0.3941640273,0.0014597884999999478,0.008102080600000006,-1,-1,-1,-1
168,607,0.4331598423,0.3941640273,0.001459788399999995,0.008102080600000006,-1,-1,-1,-1
169,607,0.4321327267,0.3937476954,0.0017841000999999634,0.008806621200000031,-1,-1,-1,-1
170,607,0.4313941111,0.393811757,0.001837972000000021,0.008838720600000016,-1,-1,-1,-1
171,607,0.4309975586,0.393715596,0.001837972000000021,0.008838720600000016,-1,-1,-1,-1
172,607,0.4302949091,0.3935874727,0.0018379719000000128,0.008838720600000016,-1,-1,-1,-1
173,607,0.4299705974,0.3933952879,0.0021263176000000383,0.008774796099999982,-1,-1,-1,-1
174,607,0.4297543382,0.3931070792,0.0021263176000000383,0.008774796100000037,-1,-1,-1,-1
175,607,0.4296101653,0.3929469937,0.00182006619999997,0.008742696699999997,-1,-1,-1,-1
176,607,0.4291416808,0.3928508327,0.0018020060000000226,0.008486587400000023,-1,-1,-1,-1
177,607,0.4291236206,0.392658785,0.0018020060000000226,0.008486587399999967,-1,-1,-1,-1
178,607,0.4288173692,0.3926268228,0.0018020058999999589,0.008486587400000023,-1,-1,-1,-1
179,607,0.4287633429,0.3924347751,0.0018020059999999671,0.008486587399999967,-1,-1,-1,-1
180,607,0.4285290235,0.3923387512,0.0018020059000000144,0.008486587499999976,-1,-1,-1,-1
181,607,0.4283667905,0.3918904571,0.0015318747999999993,0.007973820100000029,-1,-1,-1,-1
182,607,0.4281505312,0.3918904571,0.0015318749000000076,0.007973820100000029,-1,-1,-1,-1
183,607,0.4280423244,0.3918904571,0.0015318749000000076,0.007973820100000029,-1,-1,-1,-1
184,607,0.4275919001,0.3917303716,0.0015318749000000076,0.007973820099999973,-1,-1,-1,-1
185,607,0.4272856487,0.3914100635,0.001657987400000005,0.008166004899999968,-1,-1,-1,-1
186,607,0.426961337,0.3912819402,0.0016579875000000133,0.008166004999999976,-1,-1,-1,-1
187,607,0.4266009049,0.391153817,0.0016579874999999578,0.008166004999999976,-1,-1,-1,-1
188,607,0.4263846457,0.3910577931,0.0016579875000000133,0.008166005000000032,-1,-1,-1,-1
189,607,0.4261864466,0.3910258309,0.0016579875000000133,0.008166005000000032,-1,-1,-1,-1
190,607,0.4261143602,0.3906735606,0.0016579875000000133,0.008166004999999976,-1,-1,-1,-1
191,607,0.4253755903,0.390609499,0.0020906602999999913,0.008518138099999961,-1,-1,-1,-1
192,607,0.4251054592,0.3904813757,0.0019463331000000306,0.008550237500000002,-1,-1,-1,-1
193,607,0.4248532339,0.3903527038,0.002072445799999989,0.00919126520000002,-1,-1,-1,-1
194,607,0.4247271213,0.3903527038,0.002036325399999983,0.009223364600000006,-1,-1,-1,-1
195,607,0.4240784979,0.3901285567,0.002036325399999983,0.009223364699999959,-1,-1,-1,-1
196,607,0.4237722465,0.3900964573,0.002036325299999975,0.009223364700000014,-1,-1,-1,-1
197,607,0.4234477804,0.3900004335,0.0020363254000000386,0.009223364600000006,-1,-1,-1,-1
198,607,0.4230152619,0.389840348,0.002036325399999983,0.009223364600000006,-1,-1,-1,-1
199,607,0.4227088561,0.3897762864,0.0020363254000000386,0.009223364600000006,-1,-1,-1,-1
200,607,0.422348424,0.3894561155,0.002036325399999983,0.009223364600000006,-1,-1,-1,-1
201,607,0.421952026,0.3894882149,0.0020363253000000303,0.009223364600000006,-1,-1,-1,-1
202,607,0.4211951958,0.3894882149,0.0020363254000000386,0.009223364600000006,-1,-1,-1,-1
203,607,0.4207088055,0.3895522765,0.002036325299999975,0.009223364600000006,-1,-1,-1,-1
204,607,0.4206726851,0.3896163381,0.002036325399999983,0.009223364600000006,-1,-1,-1,-1
205,607,0.4203664336,0.3893602288,0.0020363254000000386,0.009223364600000006,-1,-1,-1,-1
206,607,0.4199879413,0.3892640678,0.00183843509999998,0.008902782100000006,-1,-1,-1,-1
207,607,0.4195194568,0.3891359445,0.00183843509999998,0.008902782200000015,-1,-1,-1,-1
208,607,0.419105616,0.3890397835,0.0013873932999999838,0.00842252579999997,-1,-1,-1,-1
209,607,0.4185831053,0.388879698,0.0013873933000000394,0.008422525800000025,-1,-1,-1,-1
210,607,0.4177901548,0.3888156364,0.0013873933000000394,0.008422525800000025,-1,-1,-1,-1
211,607,0.417141377,0.3888156364,0.0013336758999999976,0.007397676999999991,-1,-1,-1,-1
212,607,0.4162945547,0.3887836742,0.0013336757999999893,0.007397676999999991,-1,-1,-1,-1
213,607,0.4155017585,0.3887196126,0.0018200661000000173,0.007814008900000002,-1,-1,-1,-1
214,607,0.4147989545,0.3884633661,0.00200035940000004,0.008038156000000019,-1,-1,-1,-1
215,607,0.4145107633,0.3884314039,0.001964238900000026,0.008070118199999976,-1,-1,-1,-1
216,607,0.4139701923,0.3883032806,0.0019822992000000372,0.007878070599999953,-1,-1,-1,-1
217,607,0.4137719933,0.3881431951,0.0019102127000000246,0.007941995099999988,-1,-1,-1,-1
218,607,0.4132673884,0.3881110957,0.0018381263000000203,0.007878070599999953,-1,-1,-1,-1
219,607,0.4129069564,0.3879189109,0.0018381262999999648,0.0078780705,-1,-1,-1,-1
220,607,0.4126366709,0.3879189109,0.0016760477000000162,0.007846108299999988,-1,-1,-1,-1
221,607,0.4120420738,0.3876947638,0.001748134099999965,0.007910169999999994,-1,-1,-1,-1
222,607,0.4116456757,0.3875666405,0.0018923069000000292,0.007974231599999992,-1,-1,-1,-1
223,607,0.4113033038,0.3874385173,0.0018561864999999678,0.008006193800000005,-1,-1,-1,-1
224,607,0.411123165,0.3873744557,0.0017481340000000123,0.007974231599999992,-1,-1,-1,-1
225,607,0.4107627329,0.3872782947,0.0017481341000000206,0.007974231599999992,-1,-1,-1,-1
226,607,0.4104743873,0.387118072,0.0017481339999999568,0.007974231600000048,-1,-1,-1,-1
227,607,0.4104023008,0.387118072,0.001748134099999965,0.007974231600000048,-1,-1,-1,-1
228,607,0.4103121542,0.3866057162,0.0017481341000000206,0.007974231599999992,-1,-1,-1,-1
229,607,0.4101858872,0.3864456308,0.0017481341000000206,0.007974231499999984,-1,-1,-1,-1
230,607,0.4102399135,0.3865096924,0.0017481340000000123,0.007974231599999992,-1,-1,-1,-1
231,607,0.4101858872,0.3865096924,0.0017481341000000206,0.007974231599999992,-1,-1,-1,-1
232,607,0.4098256095,0.3862214837,0.0015500893999999543,0.007878207700000028,-1,-1,-1,-1
233,607,0.4093030988,0.3862214837,0.0013518903999999998,0.0077181222000000105,-1,-1,-1,-1
234,607,0.4086543211,0.3862214837,0.0012259320999999934,0.0069814822,-1,-1,-1,-1
