1,941,0.4336888361,0.4278456255,0.004452223600000027,0.021488490299999996,-1,-1,-1,-1
2,941,0.4340966299,0.4285053059,0.004463511200000048,0.0216504448,-1,-1,-1,-1
3,941,0.4345099014,0.429109412,0.004389840799999989,0.021577954099999963,-1,-1,-1,-1
4,941,0.4346540331,0.4294965043,0.0044033640999999735,0.021746078199999963,-1,-1,-1,-1
5,941,0.4352082258,0.4301064757,0.004416887499999966,0.02191420230000002,-1,-1,-1,-1
6,941,0.4346052498,0.4303367413,0.004569254299999992,0.021978091799999988,-1,-1,-1,-1
7,941,0.4351673261,0.4305235337,0.004434448200000052,0.022442203899999957,-1,-1,-1,-1
8,941,0.4349698301,0.4314826401,0.003991038899999966,0.022296831000000017,-1,-1,-1,-1
9,941,0.4342497859,0.4319979918,0.005199325699999979,0.022378198900000035,-1,-1,-1,-1
10,941,0.4345512087,0.4328962985,0.004440223699999968,0.022510639599999993,-1,-1,-1,-1
11,941,0.4343484399,0.4331349523,0.0050702626999999945,0.0222176637,-1,-1,-1,-1
12,941,0.4350025166,0.4335489549,0.005148627199999978,0.022834408500000014,-1,-1,-1,-1
13,941,0.4349292567,0.4337535639,0.005343986299999992,0.023118012199999982,-1,-1,-1,-1
14,941,0.4355132313,0.4341513132,0.0049347478999999805,0.023300658400000007,-1,-1,-1,-1
15,941,0.4354148175,0.4346098573,0.005206199999999994,0.02347347359999996,-1,-1,-1,-1
16,941,0.435900825,0.4355887767,0.004835499899999984,0.02364628889999998,-1,-1,-1,-1
17,941,0.4359128836,0.4363503146,0.004996479499999984,0.023819104199999996,-1,-1,-1,-1
18,941,0.4361063546,0.4368514736,0.005120065299999976,0.023991919400000006,-1,-1,-1,-1
19,941,0.4366494724,0.4372055372,0.004778696799999982,0.024164734600000015,-1,-1,-1,-1
20,941,0.4362609257,0.4375735741,0.005138532399999951,0.024337549900000033,-1,-1,-1,-1
21,941,0.4369760428,0.4379562497,0.005127351199999963,0.024510365199999995,-1,-1,-1,-1
22,941,0.4363536404,0.438354296,0.005189990599999972,0.024734275299999997,-1,-1,-1,-1
23,941,0.4368009491,0.4392295736,0.004425470799999998,0.024904401399999998,-1,-1,-1,-1
24,941,0.437028817,0.4400451488,0.004745428699999998,0.02507452739999999,-1,-1,-1,-1
25,941,0.437573669,0.4406497539,0.004754740500000021,0.025244653399999983,-1,-1,-1,-1
26,941,0.43894217,0.4412607634,0.00476405219999998,0.025414779600000048,-1,-1,-1,-1
27,941,0.4393264779,0.4416223579,0.00564797229999997,0.025463137299999994,-1,-1,-1,-1
28,941,0.4412554616,0.4423682927,0.004715695199999981,0.025275375400000022,-1,-1,-1,-1
29,941,0.4421407893,0.4430011938,0.005294477999999991,0.025064704899999957,-1,-1,-1,-1
30,941,0.4433172541,0.4433048245,0.005452460800000003,0.026116382199999955,-1,-1,-1,-1
31,941,0.4446698864,0.4442141412,0.005529671000000014,0.02611064989999995,-1,-1,-1,-1
32,941,0.4462799305,0.4451686851,0.005031640900000023,0.026228966699999967,-1,-1,-1,-1
33,941,0.4471345165,0.4458784749,0.00522547219999997,0.026479278100000003,-1,-1,-1,-1
34,941,0.4484973542,0.4466518463,0.005185254299999997,0.026665202100000007,-1,-1,-1,-1
35,941,0.4506000204,0.4470863906,0.005509233599999996,0.026965497399999983,-1,-1,-1,-1
36,941,0.4520060055,0.4477710999,0.005408316100000032,0.02713235959999999,-1,-1,-1,-1
37,941,0.4535455435,0.4482184382,0.005307398600000013,0.027299221799999995,-1,-1,-1,-1
38,941,0.4541783672,0.4490430131,0.005553885000000036,0.027562423300000027,-1,-1,-1,-1
39,941,0.455711422,0.4499819021,0.0051397904000000105,0.027720812500000025,-1,-1,-1,-1
40,941,0.4568587297,0.4509550853,0.005535934599999959,0.027913495899999974,-1,-1,-1,-1
41,941,0.4585459908,0.451996857,0.00492919789999996,0.027969139600000026,-1,-1,-1,-1
42,941,0.4601809087,0.4529440571,0.005455174399999985,0.02818780609999999,-1,-1,-1,-1
43,941,0.46178288,0.4534162939,0.005500641299999998,0.028481692400000036,-1,-1,-1,-1
44,941,0.4642811039,0.4543170679,0.00571535820000002,0.028803723500000045,-1,-1,-1,-1
45,941,0.4658798763,0.4549506599,0.005756485300000003,0.029096888200000004,-1,-1,-1,-1
46,941,0.4686495513,0.4556671393,0.006208961799999968,0.029442580299999965,-1,-1,-1,-1
47,941,0.4704388235,0.4564651834,0.006310452899999985,0.029878991300000046,-1,-1,-1,-1
48,941,0.4728969874,0.457754778,0.006051773499999968,0.02989257740000001,-1,-1,-1,-1
49,941,0.4751974786,0.4586994708,0.0062980783000000096,0.030182339800000013,-1,-1,-1,-1
50,941,0.4775785506,0.4595836442,0.0059621302000000265,0.030532621500000023,-1,-1,-1,-1
51,941,0.4808505453,0.4608897407,0.006355891700000005,0.0306668826,-1,-1,-1,-1
52,941,0.4836379056,0.461782163,0.00615391750000005,0.03039161929999995,-1,-1,-1,-1
53,941,0.4867674385,0.4624112941,0.00645859980000002,0.0314086113,-1,-1,-1,-1
54,941,0.4893813041,0.4631981786,0.005426776199999983,0.031238885699999996,-1,-1,-1,-1
55,941,0.492232028,0.464893269,0.006164782500000021,0.030915564499999992,-1,-1,-1,-1
56,941,0.4941951729,0.4666422503,0.005899450199999989,0.030743980599999998,-1,-1,-1,-1
57,941,0.4965027649,0.4673446225,0.006755942299999984,0.03175618280000003,-1,-1,-1,-1
58,941,0.4990315022,0.4685482181,0.006928361600000044,0.031992807700000014,-1,-1,-1,-1
59,941,0.5015847767,0.4694117521,0.006420211000000009,0.03291243650000003,-1,-1,-1,-1
60,941,0.5045530498,0.470840998,0.0066933566999999305,0.03326635339999995,-1,-1,-1,-1
61,941,0.5076538649,0.4720585143,0.006525084800000025,0.03342046909999996,-1,-1,-1,-1
62,941,0.5107704599,0.4732105598,0.0073059411999999435,0.033914546599999984,-1,-1,-1,-1
63,941,0.5144859594,0.4740263324,0.006831706100000057,0.03453899450000003,-1,-1,-1,-1
64,941,0.5180764011,0.4749345554,0.00725433200000003,0.03534534589999999,-1,-1,-1,-1
65,941,0.5213313386,0.4762759687,0.006121698700000011,0.035238387699999985,-1,-1,-1,-1
66,941,0.5250021923,0.4774116165,0.006811224000000005,0.03561168599999992,-1,-1,-1,-1
67,941,0.5286094857,0.478970899,0.006098037999999972,0.036384136799999967,-1,-1,-1,-1
68,941,0.5313534787,0.4801057904,0.007251341999999994,0.03682677999999995,-1,-1,-1,-1
69,941,0.5382888669,0.481724642,0.005778776400000019,0.03690535559999997,-1,-1,-1,-1
70,941,0.5405571286,0.4829719205,0.008521369299999915,0.03724535130000001,-1,-1,-1,-1
71,941,0.545489144,0.4848432801,0.007359920899999928,0.03801931140000003,-1,-1,-1,-1
72,941,0.5490731925,0.4858769803,0.008141653999999998,0.038043793999999964,-1,-1,-1,-1
73,941,0.5541097042,0.4871992009,0.007520782399999981,0.03848511990000003,-1,-1,-1,-1
74,941,0.5581936103,0.4884332168,0.006562370199999945,0.03839749149999999,-1,-1,-1,-1
75,941,0.5626194422,0.4892361466,0.0073954505000000115,0.0390934939,-1,-1,-1,-1
76,941,0.5665738569,0.4910751909,0.00666578360000003,0.03945901989999995,-1,-1,-1,-1
77,941,0.5693515804,0.492586637,0.008452503899999964,0.04015200690000004,-1,-1,-1,-1
78,941,0.5741800621,0.4944215235,0.008535622899999984,0.04016887169999994,-1,-1,-1,-1
79,941,0.5786315642,0.4959743193,0.009888697800000013,0.04011514529999993,-1,-1,-1,-1
80,941,0.5849682341,0.4970860914,0.008463783000000058,0.040678714900000024,-1,-1,-1,-1
81,941,0.5905608343,0.4981978634,0.007832333300000105,0.04071333049999998,-1,-1,-1,-1
82,941,0.5975671463,0.4987806813,0.008119097800000086,0.040835876300000074,-1,-1,-1,-1
83,941,0.6034325789,0.5004214075,0.007319317899999955,0.04023714600000006,-1,-1,-1,-1
84,941,0.608246033,0.5009942583,0.009595184299999948,0.040381243300000036,-1,-1,-1,-1
85,941,0.6175210714,0.5030695345,0.00840694470000003,0.0405151399,-1,-1,-1,-1
86,941,0.624653064,0.5044495777,0.0072922380000000064,0.04154419779999996,-1,-1,-1,-1
87,941,0.6304799079,0.5051058965,0.01077827939999998,0.04270176939999992,-1,-1,-1,-1
88,941,0.6375287693,0.5059708286,0.009087583999999982,0.042857159199999995,-1,-1,-1,-1
89,941,0.6424861086,0.5064673548,0.008722936399999992,0.04304089339999995,-1,-1,-1,-1
90,941,0.6472133297,0.5085362268,0.009609039500000027,0.04323955590000006,-1,-1,-1,-1
91,941,0.6540715834,0.510177431,0.011362101999999985,0.043072180499999946,-1,-1,-1,-1
92,941,0.6618015925,0.5109493451,0.008926353699999945,0.04354734179999997,-1,-1,-1,-1
93,941,0.6704021028,0.5147426838,0.006896049099999968,0.04270166080000004,-1,-1,-1,-1
94,941,0.6788416719,0.5170859324,0.008164528500000046,0.04262594669999997,-1,-1,-1,-1
95,941,0.6849058711,0.517627225,0.007350751599999983,0.04343022249999995,-1,-1,-1,-1
96,941,0.6883637002,0.5181805166,0.008213630799999927,0.04351974199999997,-1,-1,-1,-1
97,941,0.6891968005,0.5163281451,0.010817987200000045,0.04506675760000001,-1,-1,-1,-1
98,941,0.6904234484,0.514564024,0.009763142700000005,0.04489613540000004,-1,-1,-1,-1
99,941,0.6930454171,0.5134036578,0.008172457399999944,0.04493645210000008,-1,-1,-1,-1
100,941,0.6962623391,0.5100657135,0.006101354300000028,0.04471040280000005,-1,-1,-1,-1
101,941,0.6963482598,0.5085098002,0.006359194700000015,0.04484077349999993,-1,-1,-1,-1
102,941,0.6975269014,0.5084164922,0.0075294587999999996,0.04513778930000001,-1,-1,-1,-1
103,941,0.6995362038,0.5086488972,0.0078117942,0.044803461800000055,-1,-1,-1,-1
104,941,0.6998587563,0.5087682073,0.006916409399999934,0.04448058119999998,-1,-1,-1,-1
105,941,0.700145497,0.5085820245,0.007317036600000049,0.04405577790000004,-1,-1,-1,-1
106,941,0.7002766202,0.508846899,0.007014109999999962,0.0428744244,-1,-1,-1,-1
107,941,0.7002073062,0.5096038499,0.007200172099999902,0.04307160760000006,-1,-1,-1,-1
108,941,0.6999089209,0.5107476672,0.007610880500000028,0.04301018480000007,-1,-1,-1,-1
109,941,0.6992666202,0.5107969156,0.007909574400000063,0.0425536581,-1,-1,-1,-1
110,941,0.7002667165,0.5103369175,0.008227100399999965,0.04321736399999998,-1,-1,-1,-1
111,941,0.7000637262,0.5097690544,0.008544626299999969,0.04389819230000003,-1,-1,-1,-1
112,941,0.6998607358,0.5097226886,0.008130482900000069,0.044057523200000004,-1,-1,-1,-1
113,941,0.6994363984,0.5097539251,0.008083402999999989,0.0440039269000001,-1,-1,-1,-1
114,941,0.6993175871,0.5097307573,0.008259636399999937,0.04361981640000001,-1,-1,-1,-1
115,941,0.6992243942,0.5097602606,0.008066335999999952,0.04318303489999997,-1,-1,-1,-1
116,941,0.698945037,0.509742531,0.008225258800000024,0.043557615500000035,-1,-1,-1,-1
117,941,0.6984493004,0.5094797882,0.008841429800000022,0.044787264500000035,-1,-1,-1,-1
118,941,0.6997163978,0.5085785449,0.008376390200000028,0.04507752180000002,-1,-1,-1,-1
119,941,0.70464998,0.5093106671,0.008083351499999947,0.04556737160000002,-1,-1,-1,-1
120,941,0.708939055,0.5118204936,0.008268052699999973,0.04590503509999999,-1,-1,-1,-1
121,941,0.7152607441,0.5136927696,0.008452753700000093,0.04624269840000006,-1,-1,-1,-1
122,941,0.7206761469,0.5146485665,0.009760032999999946,0.045117085899999965,-1,-1,-1,-1
123,941,0.7272456232,0.5165644843,0.00874769360000005,0.04411750999999997,-1,-1,-1,-1
124,941,0.7368771976,0.518174909,0.008511741799999917,0.04403455030000003,-1,-1,-1,-1
125,941,0.7463882082,0.5196996271,0.00872250150000009,0.044541747300000045,-1,-1,-1,-1
126,941,0.7561284443,0.5214506795,0.00893326129999994,0.04504894429999995,-1,-1,-1,-1
127,941,0.7649957166,0.5231117842,0.009144021000000002,0.045556141199999955,-1,-1,-1,-1
128,941,0.7744179443,0.5246901969,0.009354780799999962,0.04606333830000009,-1,-1,-1,-1
129,941,0.7844780724,0.5270085328,0.009565540500000025,0.046570535199999985,-1,-1,-1,-1
130,941,0.7905483532,0.5284904912,0.014422861599999948,0.04817823859999992,-1,-1,-1,-1
131,941,0.8004350461,0.5312334431,0.014619313499999897,0.04818458660000002,-1,-1,-1,-1
132,941,0.8103121944,0.5330006556,0.015627367899999967,0.04743563829999997,-1,-1,-1,-1
133,941,0.8205799593,0.5344808816,0.012349052099999924,0.049315698200000035,-1,-1,-1,-1
134,941,0.8305098288,0.5362155844,0.011012901700000022,0.04961752400000008,-1,-1,-1,-1
135,941,0.8414453577,0.5379842309,0.009702220900000058,0.048968926999999995,-1,-1,-1,-1
136,941,0.8515932423,0.5411146841,0.010053965400000031,0.04991153100000001,-1,-1,-1,-1
137,941,0.8558647281,0.5433434343,0.01654571799999993,0.05106117399999999,-1,-1,-1,-1
138,941,0.8656359543,0.5464448811,0.016644927700000034,0.04795972719999997,-1,-1,-1,-1
139,941,0.8763943476,0.5487870812,0.018555837099999972,0.05137799750000005,-1,-1,-1,-1
140,941,0.8884600983,0.5495255458,0.012014653200000058,0.05194874939999994,-1,-1,-1,-1
141,941,0.895811624,0.5513113105,0.01261825679999995,0.05173393479999999,-1,-1,-1,-1
142,941,0.9055204679,0.5516569919,0.01498952110000007,0.05309020750000004,-1,-1,-1,-1
143,941,0.9171444642,0.5550137067,0.01345700510000003,0.05326826759999992,-1,-1,-1,-1
144,941,0.920429104,0.5557021977,0.01956459190000004,0.054854307100000055,-1,-1,-1,-1
145,941,0.9353338573,0.5603054436,0.015185380999999998,0.052708997300000004,-1,-1,-1,-1
146,941,0.9457056565,0.5623537694,0.016414708999999972,0.052982116499999954,-1,-1,-1,-1
147,941,0.9606872814,0.5638558567,0.015646456199999936,0.054211084500000006,-1,-1,-1,-1
148,941,0.9755167068,0.5661773017,0.02040832699999995,0.056613326799999975,-1,-1,-1,-1
149,941,0.9895128934,0.5696599494,0.012503210699999934,0.05813955719999997,-1,-1,-1,-1
