10,405,0.1074498915,0.5147998808,0.00823128029999999,0.051204852399999945,-1,-1,-1,-1
11,405,0.1133794234,0.5123985988,0.008688033400000003,0.047777898499999916,-1,-1,-1,-1
12,405,0.1199094181,0.512532072,0.008688033499999998,0.04777789850000003,-1,-1,-1,-1
13,405,0.1206599966,0.5109312173,0.008688033500000011,0.04777789850000003,-1,-1,-1,-1
14,405,0.1250883715,0.5086634084,0.008688033400000017,0.04777789850000003,-1,-1,-1,-1
15,405,0.1288412642,0.5070625538,0.00868803339999999,0.047244280200000044,-1,-1,-1,-1
16,405,0.1316934626,0.50519489,0.009363515599999983,0.04404257090000008,-1,-1,-1,-1
17,405,0.1355214518,0.5035940353,0.0097386119,0.043642425900000004,-1,-1,-1,-1
18,405,0.1394244602,0.5013262265,0.00943838050000001,0.043642425799999995,-1,-1,-1,-1
19,405,0.142952218,0.4993252267,0.009888650400000004,0.043642425900000004,-1,-1,-1,-1
20,405,0.1443031822,0.4983914634,0.009888650400000004,0.04364242589999995,-1,-1,-1,-1
21,405,0.1461045707,0.4966572728,0.010414248300000012,0.042574915100000055,-1,-1,-1,-1
22,405,0.1467050335,0.4949230822,0.009288187599999997,0.039506541600000056,-1,-1,-1,-1
23,405,0.1482061906,0.4929220824,0.009288187599999997,0.03950654170000001,-1,-1,-1,-1
24,405,0.1507580805,0.49172151,0.00831255119999999,0.03950640449999998,-1,-1,-1,-1
25,405,0.154285761,0.4901206553,0.007411856999999994,0.040573640999999994,-1,-1,-1,-1
26,405,0.1562158091,0.4885524488,0.007483171600000005,0.039961968999999986,-1,-1,-1,-1
27,405,0.1588076012,0.487180268,0.007869227499999992,0.039667998999999954,-1,-1,-1,-1
28,405,0.1620060306,0.4853179542,0.0073728037000000135,0.03957005459999996,-1,-1,-1,-1
29,405,0.1638258652,0.4844357694,0.008916795899999996,0.038198010999999976,-1,-1,-1,-1
30,405,0.1674101961,0.4828675628,0.00781396640000001,0.03751198929999999,-1,-1,-1,-1
31,405,0.1696711162,0.4814953821,0.007924257099999998,0.0374140449,-1,-1,-1,-1
32,405,0.1729246523,0.479829094,0.00764849179999999,0.03741404499999995,-1,-1,-1,-1
33,405,0.1754613376,0.4779667801,0.00836534260000002,0.036434190199999994,-1,-1,-1,-1
34,405,0.178273711,0.4768887067,0.0074830173000000055,0.03515995379999998,-1,-1,-1,-1
35,405,0.1800383617,0.4751244743,0.007041777399999977,0.03515995379999998,-1,-1,-1,-1
36,405,0.1815272471,0.4738503751,0.007648414699999995,0.03496392799999998,-1,-1,-1,-1
37,405,0.1825749699,0.4727723017,0.0070418545,0.03496392789999997,-1,-1,-1,-1
38,405,0.183512402,0.4717921726,0.007152145200000015,0.03339572139999997,-1,-1,-1,-1
39,405,0.184118962,0.4707140992,0.0069867479000000066,0.033591747199999966,-1,-1,-1,-1
40,405,0.1853872661,0.4695379442,0.006711059800000002,0.03349366579999996,-1,-1,-1,-1
41,405,0.1866555702,0.4686557595,0.006490478399999999,0.03261161809999996,-1,-1,-1,-1
42,405,0.1880893489,0.4674796045,0.00671098249999999,0.03261161819999997,-1,-1,-1,-1
43,405,0.1899327235,0.4663875391,0.006974939200000002,0.032651948099999994,-1,-1,-1,-1
44,405,0.1927214797,0.4656314199,0.005935088899999996,0.03130775149999998,-1,-1,-1,-1
45,405,0.1948012576,0.464707259,0.006407664000000007,0.03147593040000002,-1,-1,-1,-1
46,405,0.1972118303,0.46327911,0.005982323300000009,0.03139184100000003,-1,-1,-1,-1
47,405,0.1991024393,0.4621870446,0.006502287000000023,0.031307751500000036,-1,-1,-1,-1
48,405,0.2001422896,0.4611789314,0.006313272400000014,0.03139184090000002,-1,-1,-1,-1
49,405,0.2010403597,0.4602549076,0.006974939299999983,0.030131596600000032,-1,-1,-1,-1
50,405,0.2019856642,0.458910711,0.006549598600000012,0.030551632299999965,-1,-1,-1,-1
51,405,0.2034509325,0.4579025978,0.0066913787,0.029711560800000036,-1,-1,-1,-1
52,405,0.2047271089,0.4568944846,0.005887854599999992,0.02979565030000003,-1,-1,-1,-1
53,405,0.2058142708,0.4558024191,0.006360506799999999,0.029459566899999956,-1,-1,-1,-1
54,405,0.2075631767,0.4556345146,0.005745997100000011,0.0286193582,-1,-1,-1,-1
55,405,0.2089338991,0.4546264014,0.005745997100000011,0.0286193582,-1,-1,-1,-1
56,405,0.2103046214,0.4537023777,0.005935088899999996,0.028619358099999992,-1,-1,-1,-1
57,405,0.2117698125,0.4525262227,0.005935088900000024,0.0286193582,-1,-1,-1,-1
58,405,0.2136604214,0.4519381453,0.005462513899999993,0.027947191300000007,-1,-1,-1,-1
59,405,0.2146057259,0.4507621275,0.005651605599999998,0.028283137600000008,-1,-1,-1,-1
60,405,0.2158819024,0.4502580024,0.006124257800000005,0.0279471912,-1,-1,-1,-1
61,405,0.2169689871,0.4490819846,0.005793462999999999,0.027947191300000007,-1,-1,-1,-1
62,405,0.2185288012,0.4483258654,0.005698917199999987,0.027190934899999963,-1,-1,-1,-1
63,405,0.2195686516,0.4471497105,0.005698917100000006,0.027190934899999963,-1,-1,-1,-1
64,405,0.2205612676,0.446309639,0.005698917100000006,0.02719093490000002,-1,-1,-1,-1
65,405,0.2209866855,0.4455535199,0.0054152794,0.02719093490000002,-1,-1,-1,-1
66,405,0.2215538836,0.4447133112,0.005415279500000009,0.02651904239999997,-1,-1,-1,-1
67,405,0.2220265358,0.4440411443,0.005131718999999979,0.026099143800000002,-1,-1,-1,-1
68,405,0.2226882798,0.4433691146,0.005131719000000007,0.026099143800000002,-1,-1,-1,-1
69,405,0.2229719175,0.4422171028,0.0052700260999999915,0.025869372400000035,-1,-1,-1,-1
70,405,0.2237822336,0.4418570134,0.005432104800000004,0.025365384400000024,-1,-1,-1,-1
71,405,0.2249571495,0.4410649538,0.005067427799999996,0.024933277199999992,-1,-1,-1,-1
72,405,0.2261320654,0.4403449122,0.005026908100000005,0.024501307000000028,-1,-1,-1,-1
73,405,0.2269829012,0.4399128049,0.004864829500000001,0.024501306999999972,-1,-1,-1,-1
74,405,0.2274285403,0.4391927632,0.005107947499999987,0.024717223499999996,-1,-1,-1,-1
75,405,0.2278336598,0.4384727215,0.005067427799999996,0.02442915200000001,-1,-1,-1,-1
76,405,0.2282387792,0.4380407514,0.005067505,0.024285116200000012,-1,-1,-1,-1
77,405,0.2286033018,0.437176674,0.005229660900000016,0.023925026800000027,-1,-1,-1,-1
78,405,0.2288464198,0.4365286502,0.005067505,0.024069062600000024,-1,-1,-1,-1
79,405,0.2291299803,0.4358084714,0.005391662299999989,0.023709110300000003,-1,-1,-1,-1
80,405,0.2294946573,0.4348722389,0.004945946000000007,0.023853283300000028,-1,-1,-1,-1
81,405,0.2300213357,0.4342960958,0.005148544300000002,0.023493331000000006,-1,-1,-1,-1
82,405,0.2300618554,0.4339360064,0.0048649838,0.023637366800000004,-1,-1,-1,-1
83,405,0.2303048962,0.4334318812,0.005067582200000004,0.022917325099999997,-1,-1,-1,-1
84,405,0.230912614,0.4327117024,0.004500384000000024,0.02277342649999997,-1,-1,-1,-1
85,405,0.2315029662,0.4319710842,0.0047000494999999975,0.02277342649999997,-1,-1,-1,-1
86,405,0.2321975118,0.4312921956,0.0047000494999999975,0.022773426500000027,-1,-1,-1,-1
87,405,0.2329267114,0.4308600883,0.004908436399999994,0.0223812377,-1,-1,-1,-1
88,405,0.2336211799,0.4302429294,0.004769588999999991,0.022566426500000014,-1,-1,-1,-1
89,405,0.2348018843,0.4295639036,0.0043876235999999735,0.022381374899999973,-1,-1,-1,-1
90,405,0.2351144646,0.4291319335,0.004387623600000001,0.022381374899999973,-1,-1,-1,-1
91,405,0.2356006234,0.428761693,0.004387623600000001,0.02238137480000002,-1,-1,-1,-1
92,405,0.2357048168,0.428761693,0.004352815300000007,0.021517023099999977,-1,-1,-1,-1
93,405,0.2366424804,0.4283295857,0.004144428500000019,0.021517023099999977,-1,-1,-1,-1
94,405,0.237857916,0.4277122895,0.004005503899999985,0.021023460599999988,-1,-1,-1,-1
95,405,0.2384482682,0.4269715341,0.004040235000000003,0.02108532740000002,-1,-1,-1,-1
96,405,0.2390038893,0.4264159676,0.0042138134999999965,0.021270516199999978,-1,-1,-1,-1
97,405,0.238934427,0.4259221307,0.0042138134999999965,0.021270516199999978,-1,-1,-1,-1
98,405,0.2395942415,0.4253665642,0.0042138134999999965,0.02127051609999997,-1,-1,-1,-1
99,405,0.2401151314,0.4249961865,0.003866579300000006,0.02053003510000001,-1,-1,-1,-1
100,405,0.2417819946,0.42444062,0.003866579400000014,0.02053003510000001,-1,-1,-1,-1
101,405,0.2434488579,0.4241319719,0.003866579299999978,0.02053003510000001,-1,-1,-1,-1
102,405,0.2457755356,0.4235765425,0.003866579299999978,0.02053003520000002,-1,-1,-1,-1
103,405,0.2466436597,0.4235148129,0.0037277320000000114,0.02053003520000002,-1,-1,-1,-1
104,405,0.2475117839,0.4232061648,0.0039013875999999725,0.020098065100000007,-1,-1,-1,-1
105,405,0.2477548247,0.4228357872,0.003901387600000028,0.020098065,-1,-1,-1,-1
106,405,0.247546515,0.4224654095,0.0039013877000000086,0.020098065,-1,-1,-1,-1
107,405,0.2471645497,0.4218482505,0.0039013875999999725,0.020098065,-1,-1,-1,-1
108,405,0.2464353501,0.4212310915,0.0039013875999999725,0.020098065100000007,-1,-1,-1,-1
109,405,0.2466784681,0.4214162804,0.003901387600000028,0.020098065,-1,-1,-1,-1
110,405,0.2472340891,0.4206756622,0.003901387699999981,0.020098065,-1,-1,-1,-1
111,405,0.248518987,0.4202435549,0.0039013876000000003,0.020098065,-1,-1,-1,-1
112,405,0.2494218423,0.4196262587,0.003935964400000019,0.019666094900000042,-1,-1,-1,-1
113,405,0.2508108564,0.419255881,0.0036929236000000087,0.01923412480000003,-1,-1,-1,-1
114,405,0.2513168505,0.4189914039,0.003640904099999953,0.018880208399999987,-1,-1,-1,-1
115,405,0.2521368913,0.4185833026,0.0036409041000000086,0.018880208300000034,-1,-1,-1,-1
116,405,0.2525961142,0.4182335015,0.0036409041000000086,0.018880208300000034,-1,-1,-1,-1
117,405,0.2537441713,0.4178837003,0.003379494400000016,0.01888020829999998,-1,-1,-1,-1
118,405,0.2545970138,0.417533762,0.0032810895000000007,0.01857114870000004,-1,-1,-1,-1
119,405,0.2555529692,0.4171839608,0.003281089400000048,0.018571148800000048,-1,-1,-1,-1
120,405,0.2560028532,0.4169341617,0.0032810895000000007,0.018571148699999984,-1,-1,-1,-1
121,405,0.2567338279,0.4165843605,0.0034334434000000136,0.01857114870000004,-1,-1,-1,-1
122,405,0.2573242573,0.4164844957,0.003433443399999958,0.018571148699999984,-1,-1,-1,-1
123,405,0.2578303287,0.4159348278,0.0034334434000000136,0.017878679600000003,-1,-1,-1,-1
124,405,0.2585613806,0.4155349571,0.0034334434000000136,0.017878679600000003,-1,-1,-1,-1
125,405,0.2588143776,0.4151851559,0.0034334434000000136,0.01787867970000001,-1,-1,-1,-1
126,405,0.259320449,0.4148353548,0.0034334434000000136,0.017878679600000003,-1,-1,-1,-1
127,405,0.2600795945,0.4143855516,0.0030399010000000115,0.016029671999999995,-1,-1,-1,-1
128,405,0.2620477697,0.4146353508,0.0028149203000000234,0.016679478999999997,-1,-1,-1,-1
129,405,0.2645782806,0.4139856809,0.0027587331000000215,0.017678950100000035,-1,-1,-1,-1
