134,2257,0.4289061265,0.3846203546,0.0015635187999999967,0.009635855700000029,-1,-1,-1,-1
135,2257,0.4272876553,0.3845274859,0.0015635187999999967,0.009635855599999965,-1,-1,-1,-1
136,2257,0.4259474964,0.3849915554,0.0017796237000000104,0.010578672600000005,-1,-1,-1,-1
137,2257,0.4243637564,0.3852700245,0.0016402359999999616,0.010393072300000028,-1,-1,-1,-1
138,2257,0.4232324473,0.3852390226,0.0016402361000000254,0.01039307220000002,-1,-1,-1,-1
139,2257,0.4218575572,0.3853318913,0.0016402360999999699,0.010393072299999973,-1,-1,-1,-1
140,2257,0.4207089598,0.3854556249,0.0016402360000000171,0.010393072199999964,-1,-1,-1,-1
141,2257,0.4195254769,0.3852700245,0.0019707220999999886,0.010114603100000008,-1,-1,-1,-1
142,2257,0.4184637845,0.3849916926,0.0017793150000000035,0.009186464000000005,-1,-1,-1,-1
143,2257,0.4175762109,0.3849298258,0.0017793150000000035,0.009186464000000005,-1,-1,-1,-1
144,2257,0.4164972302,0.3849916926,0.0017793148999999953,0.009186464000000005,-1,-1,-1,-1
145,2257,0.4156967159,0.3848060922,0.0017617178999999594,0.009155599199999975,-1,-1,-1,-1
146,2257,0.4147742568,0.3846513566,0.0017617178999999594,0.009155599299999984,-1,-1,-1,-1
147,2257,0.4144609048,0.3847442254,0.0017617178000000067,0.00915559920000003,-1,-1,-1,-1
148,2257,0.4139039716,0.3846514938,0.001761717900000015,0.009155599199999975,-1,-1,-1,-1
149,2257,0.4134689834,0.384589627,0.0017617178000000067,0.00915559920000003,-1,-1,-1,-1
150,2257,0.4127941187,0.3844040266,0.0018447638999999905,0.008938996899999996,-1,-1,-1,-1
151,2257,0.4123415334,0.384311295,0.0016707993999999782,0.008938859700000024,-1,-1,-1,-1
152,2257,0.4118194857,0.3842494282,0.0016707994999999864,0.008938859699999968,-1,-1,-1,-1
153,2257,0.4110364143,0.3840638279,0.0016707994000000337,0.008938859700000024,-1,-1,-1,-1
154,2257,0.4104620384,0.3839400943,0.0016707993999999782,0.008938859700000024,-1,-1,-1,-1
155,2257,0.4100790697,0.3840019611,0.0016707993999999782,0.008938859699999968,-1,-1,-1,-1
156,2257,0.4094177888,0.3839400943,0.00168808779999996,0.008876992900000047,-1,-1,-1,-1
157,2257,0.4080601871,0.3837853587,0.0021928469999999978,0.008784261299999985,-1,-1,-1,-1
158,2257,0.4073291351,0.3836616251,0.001949266000000005,0.008846128099999961,-1,-1,-1,-1
159,2257,0.4068765498,0.3834760248,0.001949266000000005,0.008846128100000017,-1,-1,-1,-1
160,2257,0.4056756241,0.383414158,0.001949266000000005,0.008846128100000017,-1,-1,-1,-1
161,2257,0.4047182795,0.3833212892,0.001949266000000005,0.008846128099999961,-1,-1,-1,-1
162,2257,0.4040046703,0.383073822,0.001827629800000008,0.008660664900000004,-1,-1,-1,-1
163,2257,0.4034130061,0.383073822,0.0015838942999999994,0.008877130100000019,-1,-1,-1,-1
164,2257,0.402803899,0.3831356888,0.0015838943999999522,0.008877130100000019,-1,-1,-1,-1
165,2257,0.402125021,0.3832284204,0.0016883964999999668,0.008846265299999989,-1,-1,-1,-1
166,2257,0.4013245068,0.3830118181,0.0018623609000000263,0.008784535599999976,-1,-1,-1,-1
167,2257,0.4008720758,0.3826714821,0.0016535109999999964,0.008815537699999987,-1,-1,-1,-1
168,2257,0.3999845022,0.3827333489,0.0020188825999999938,0.008815537699999987,-1,-1,-1,-1
169,2257,0.3995842451,0.3826096153,0.0016186254999999705,0.00875367090000001,-1,-1,-1,-1
170,2257,0.3990794858,0.3824858818,0.0014968349999999742,0.008784535600000032,-1,-1,-1,-1
171,2257,0.3982092006,0.3823621482,0.0014968350000000297,0.008784535600000032,-1,-1,-1,-1
172,2257,0.3977044414,0.3823311462,0.0014968350000000297,0.008784535599999976,-1,-1,-1,-1
173,2257,0.3971302199,0.3822382774,0.0014968348999999659,0.008784535699999985,-1,-1,-1,-1
174,2257,0.3964513418,0.3821764106,0.0014968349999999742,0.008784535699999985,-1,-1,-1,-1
175,2257,0.3960163536,0.3821764106,0.0014968350000000297,0.008784535699999985,-1,-1,-1,-1
176,2257,0.3955290371,0.3820835418,0.0014968350000000297,0.00878453570000004,-1,-1,-1,-1
177,2257,0.3950417206,0.3819596711,0.0014968350000000297,0.008784535599999976,-1,-1,-1,-1
178,2257,0.3944324592,0.3817122039,0.001775301600000001,0.008692078400000025,-1,-1,-1,-1
179,2257,0.3939277,0.3817122039,0.0017753014999999928,0.008692078400000025,-1,-1,-1,-1
180,2257,0.3931793596,0.3816813391,0.001775301600000001,0.00869207839999997,-1,-1,-1,-1
181,2257,0.3927093315,0.3815266035,0.001775301600000001,0.008692078499999978,-1,-1,-1,-1
182,2257,0.3921175129,0.3815266035,0.001775301600000001,0.008692078499999978,-1,-1,-1,-1
183,2257,0.3915605798,0.3812791364,0.0017753015000000483,0.008692078400000025,-1,-1,-1,-1
184,2257,0.3910210894,0.3813410032,0.0017753014999999928,0.008692078400000025,-1,-1,-1,-1
185,2257,0.3901682469,0.3810626712,0.001775301600000001,0.008692078400000025,-1,-1,-1,-1
186,2257,0.3897156616,0.3810936732,0.0017753014999999928,0.008692078400000025,-1,-1,-1,-1
187,2257,0.3891587284,0.3810936732,0.0016362226000000146,0.008135140099999993,-1,-1,-1,-1
188,2257,0.3888453763,0.3810318064,0.001636222700000023,0.008135140099999993,-1,-1,-1,-1
189,2257,0.3881666527,0.380846206,0.0016362226000000146,0.008135140099999993,-1,-1,-1,-1
190,2257,0.3877489528,0.380815204,0.0015144321000000183,0.008011543699999957,-1,-1,-1,-1
191,2257,0.3870004581,0.3808460688,0.0015144321000000183,0.00801154380000002,-1,-1,-1,-1
192,2257,0.3860432679,0.3806914704,0.0015144321000000183,0.008011543799999965,-1,-1,-1,-1
193,2257,0.3854340065,0.3807533372,0.0015144321000000183,0.00801154380000002,-1,-1,-1,-1
194,2257,0.3845986068,0.3806296037,0.001706147999999963,0.008104275300000019,-1,-1,-1,-1
195,2257,0.3841809069,0.3803512717,0.0017061480000000184,0.008104275300000019,-1,-1,-1,-1
196,2257,0.383206274,0.3804750053,0.001706147999999963,0.008104275300000019,-1,-1,-1,-1
197,2257,0.3829452501,0.3803204069,0.001706147999999963,0.008104275299999963,-1,-1,-1,-1
