0,1086,0.3122559172,0.66642070845,0.2128913196,0.4526418629
0,1086,0.3168507314,0.6367254715999999,0.2138689626,0.4385030376
0,1086,0.1827808483,0.7144315333,0.1259392072,0.49786004
0,1086,0.5647335211,0.75715405075,0.3815502932,0.5296911215
0,1086,0.55604378965,0.76502162735,0.3758769227,0.5321376719
0,1086,0.3317973165,0.7776410123999999,0.2269067242,0.546117509
0,1086,0.31155716535,0.6849836266,0.2109231445,0.473043912
0,1086,0.57897761085,0.6281244787,0.3882628193,0.4288150548
0,1086,0.3637036965,0.68717543935,0.2468395434,0.4659140043
0,1086,0.49520247175,0.5904314158999999,0.3314437535,0.4000635952
0,1086,0.29804065425000004,0.73237002215,0.2026613007,0.5092108815
0,1086,0.3646860474,0.7237634049499999,0.2475002068,0.5033386119
0,1086,0.37037454525,0.71003569895,0.2514107789,0.4844147813
0,1086,0.37209570485,0.70685113665,0.2523689725,0.4819551991
0,1086,0.3255061948,0.6555399037,0.22040737,0.4513421116
0,1086,0.36534427975,0.5977166079,0.2460423479,0.404327877
0,1086,0.15541517915,0.8118220717,0.1096688255,0.570923486
0,1086,0.22662408985,0.81758185615,0.1570915741,0.5777271869
0,1086,0.2686778287,0.71946023345,0.1827781856,0.4994226223
0,1086,0.25894199525,0.71584205505,0.1781126357,0.4996665229
0,1086,0.2914407727,0.7518424232500001,0.198200047,0.5215159257
0,1086,0.36682243715,0.59897362855,0.2461067163,0.4078611429
0,1086,0.2913900653,0.65422279945,0.1970445034,0.4509990321
0,1086,0.2854824526,0.65672895325,0.1929791076,0.4536820755
0,1086,0.2881709902,0.6555927168,0.1947464596,0.4520779286
0,1086,0.3908867956,0.6515580692,0.2633613014,0.446687973
0,1086,0.39058768325,0.6524116526,0.2630620733,0.4489918594
0,1086,0.37134250209999997,0.62482599105,0.2497145872,0.4272072041
0,1086,0.31884000095,0.6449133306,0.2152254999,0.4436972246
0,1086,0.32076865495,0.64426644715,0.2167088509,0.4428805933
0,1086,0.32139603834999997,0.6368470045,0.2166128123,0.4362488888
0,1086,0.23838968835,0.6996707479,0.1626169127,0.4867037154
0,1086,0.23808725725000002,0.6965876967,0.1639657931,0.484597501
0,1086,0.67585850755,0.6191379501,0.4527176423,0.421881173
0,1086,0.23104690774999997,0.7493469693,0.1598438241,0.5224293868
0,1086,0.17685185665,0.74754089795,0.1233004123,0.5248870485
0,1086,0.1823056877,0.709380542,0.1282349356,0.4947126528
0,1086,0.7765442391999999,0.6216973284,0.5193322792,0.423645954
0,1086,1.0471611846500002,0.7926972083,0.7032626897,0.5519951286
0,1086,0.2087001971,0.81705626285,0.146013112,0.5786200715
0,1086,0.1568949573,0.8157141924,0.1117618012,0.5784849522
0,1086,0.11968991725,0.8134685376499999,0.0867767587,0.5735047441
0,1086,0.1572323125,0.8208991370500001,0.1115282536,0.5805600275
0,1086,0.19349266539999999,0.71778098225,0.1341861552,0.5004096103
0,1086,0.49675225245,0.7006833880000001,0.3343086867,0.4848408528
0,1086,0.30650513495,0.6825300802000001,0.2074190811,0.4703881668
0,1086,0.22861159870000003,0.69768586645,0.1568786336,0.4861644729
0,1086,0.28035007759999997,0.6913757967,0.1909468728,0.479149108
0,1086,0.3710582471,0.5665869806,0.248663237,0.3825805338
0,1086,0.3659820979,0.5852697913,0.2453363024,0.3963629734
0,1086,0.382622675,0.5711540803999999,0.2562021328,0.385362619
0,1086,0.38008834365,0.5714750058,0.2545079477,0.3862694956
0,1086,0.37682010475000005,0.5884994847,0.2526648047,0.3986167902
0,1086,0.35950026365,0.63575864875,0.2419698515,0.4350829427
0,1086,0.3777455353,0.5692185826,0.2528812954,0.3835887842
0,1086,0.38598368465,0.5896186426500001,0.2586235107,0.3998929471
0,1086,0.38631911035,0.59396804275,0.2587951597,0.4028434855
0,1086,0.36930027244999997,0.5805133873499999,0.2478489075,0.3940363157
0,1086,0.38346903435,0.58804529205,0.2570525055,0.3985822217
0,1086,0.36491874615,0.58101614075,0.2447433261,0.3932859579
0,1086,0.77625720555,0.6564785367,0.5208482549,0.4488774538
0,1086,0.8351969549,0.7109027257,0.5603993062,0.4914507228
0,1086,0.34611758335,0.62026794495,0.2335020907,0.4244756001
0,1086,0.38451328395,0.59576519755,0.2581625127,0.4057332545
0,1086,0.7585718771000001,0.6284091208,0.5081466908,0.4293141044
0,1086,0.42565853325,0.7728849514,0.2883422533,0.539307498
0,1086,0.16907879585,0.81940466315,0.1206809125,0.5764056245
0,1086,0.17875439005,0.81684953725,0.1274262403,0.5799432801
0,1086,0.37609804430000005,0.61903595905,0.2529441202,0.4227375685
0,1086,0.31954714144999996,0.6706413679000001,0.2162532941,0.4617622076
0,1086,0.30525844135,0.6479704126,0.2062420813,0.4455015298
0,1086,0.3356145776,0.6766394287999999,0.2274343288,0.4658862946
0,1086,0.33066836145,0.68167334165,0.2229366461,0.4665012587
0,1086,0.1618474636,0.7590122494,0.114703606,0.5350958922
0,1086,0.36889225875,0.6671631098999999,0.2490053001,0.4594088004
0,1086,0.2147693096,0.9319753366500001,0.1541933762,0.6702991115
0,1086,0.24865027065,0.9257805641500001,0.1759501205,0.6687040183
0,1086,0.6006702183,0.58958023315,0.4014873572,0.3990764701
0,1086,0.36442845815,0.59095714645,0.2444422457,0.4016903763
0,1086,0.3561193415,0.6737386856,0.2406507628,0.4631043466
0,1086,0.3514961635,0.6726471002500001,0.2369916442,0.4626249133
0,1086,0.37847944285,0.63128421195,0.2551988659,0.4326576547
0,1086,0.7507386927499999,0.6517564955999999,0.5030722395,0.4466935972
0,1086,0.39884759755,0.6333265019500001,0.2680889815,0.4339687917
0,1086,0.38401932995,0.6277663098,0.2581781031,0.4296888718
0,1086,0.37518280155,0.64137055655,0.2530119617,0.4403060911
0,1086,0.6386703314,0.63642779775,0.4281601016,0.4353309585
0,1086,0.36086353815,0.6929654029,0.2445025235,0.479291772
0,1086,0.57984411435,0.5677816544000001,0.3875478209,0.3834104542
0,1086,0.5599408552,0.59626122935,0.3750307178,0.4032229169
0,1086,0.32048484365,0.6850071524,0.2172749299,0.4752062318
0,1086,0.55980563525,0.5987416623999999,0.3746727555,0.4044811036
0,1086,0.3450890398,0.6746007054,0.2338371304,0.4661299208
0,1086,0.32727767595,0.6370748613,0.2210954325,0.4388078448
0,1086,0.5545074382999999,0.675980088,0.3726242356,0.4654334736
0,1086,0.18431465275,0.9408193384999999,0.1340863611,0.6685678016
0,1086,1.0085038813,0.9624788199,0.6822915638,0.6817728636
0,1086,0.9504838125,0.9561621655999999,0.6453896494,0.676256568
0,1086,0.97467930035,0.96381286545,0.6630696525,0.6856903621
0,1086,0.9549079424,0.9693741549499999,0.6478645134,0.6887392563
0,1086,0.0021159754999999997,0.9634095653499999,0.0103112898,0.6911645443
0,1086,1.06765633955,1.2037099224499999,0.7371132031,0.8747072645
0,1086,0.5242435712,0.6859218481,0.353187763,0.4719759896
0,1086,0.8100250589,0.9820017706999999,0.5500333728,0.69857443
0,1086,0.0813174093,0.94941793085,0.064960354,0.6812024819
0,1086,0.1372741395,0.94384093455,0.1039969214,0.6772832001
0,1086,0.03001827935,0.94776638935,0.0328059551,0.6827798793
0,1086,0.5565941625,1.0752894159,0.3809370184,0.7594029292
0,1086,0.40830372955,1.0306683698999999,0.2805001933,0.7380603952
0,1086,0.4085363896,1.01419952605,0.2868222642,0.7268910387
0,1086,0.0656142256,0.9421417927,0.0526997982,0.67258832
0,1086,0.10868682175,0.95303110235,0.0848598313,0.6837132311
0,1086,0.02990193005,0.97954849865,0.0310206973,0.6977486249
0,1086,0.1654952753,1.0142818322,0.1234403402,0.723613059
0,1086,0.14412014905,1.0053453731,0.1094755659,0.722321264
0,1086,0.93631296675,0.7807128152,0.6295684571,0.5463378152
0,1086,0.1185137279,0.8169842449,0.0862730028,0.5777682028
0,1086,0.130167685,0.81812459665,0.0939452662,0.5767775111
0,1086,0.64584501325,0.77392681005,0.4383667349,0.5432131993
0,1086,0.6403195975,0.7819004244,0.431275099,0.548602469
0,1086,0.08719723709999999,0.81007217425,0.0649125022,0.5755316703
0,1086,0.128092345,0.82291625515,0.0948600844,0.5833986295
0,1086,0.1039446704,0.81448419555,0.0757711548,0.5772480279
0,1086,0.09163039705,0.820620325,0.0683863881,0.5819193136
0,1086,0.13866859485,0.7824917255499999,0.0991246055,0.5512432619
0,1086,0.0824540438,0.78381898075,0.0623197068,0.5635347255
0,1086,0.06468123145,0.78151927825,0.0505504037,0.5609979127
0,1086,0.1314958913,1.0526577657,0.0985311996,0.7518235332
0,1086,0.8184209188,0.92673334265,0.5550053908,0.6627552039
0,1086,0.40700200635,0.9384124323,0.2783516477,0.666097794
0,1086,0.4078567398,0.9238382761,0.2780817482,0.6445123196
0,1086,0.8556535196499999,0.78978267885,0.5750118549,0.5544252177
0,1086,0.618690741,0.5901899845,0.4135875324,0.399396641
0,1086,0.3337862531,1.0510359875,0.2307597198,0.7547487906
0,1086,0.8330369094500001,0.65739131195,0.5577920009,0.4499740461
0,1086,0.462076916,0.7022603053,0.312536744,0.4821224178
0,1086,0.5161617891,0.66052491295,0.3470611898,0.4538587593
0,1086,0.5118108261500001,0.66768499955,0.3439221121,0.4552535743
0,1086,0.28480195375,0.9316233407000001,0.2002197015,0.6625648024
0,1086,0.308567007,0.92986445825,0.2131131358,0.6632312079
0,1086,0.4949160556,1.02209110855,0.3412016604,0.7337634653
0,1086,1.13289014345,0.7405058481,0.7609383027,0.5106463008
0,1086,0.66478830365,0.5987225262,0.4442153047,0.4046678014
0,1086,0.6666688792,0.6023000317,0.4453760966,0.4053261134
0,1086,1.1278731915,0.72159477495,0.7561856934,0.5017860435
0,1086,1.13408991135,0.72241797365,0.7601447347,0.5023553277
0,1086,1.1120844921000002,0.71375051855,0.744783537,0.4931355297
0,1086,1.12744815955,0.73921247555,0.7571496755,0.5123136863
0,1086,1.12494327245,0.7235702598,0.7531648559,0.5027794788
0,1086,1.1045709886,0.7200959113500001,0.7393673314,0.4983101175
0,1086,0.8470915215999999,0.63043083425,0.5666453546,0.4312274481
0,1086,1.09216016275,0.7146407967,0.7322474475,0.4936222334
0,1086,0.64341128655,0.60288433685,0.4301152333,0.4088906557
0,1086,1.0849552262,0.7498334672,0.7266457004,0.5204571942
0,1086,1.0915509014,0.7555750758499999,0.7313249884,0.5232291283
0,1086,0.8512658189,0.63099627755,0.569545019,0.4314845177
0,1086,1.05688312555,0.72645639365,0.7078441131,0.5030852461
0,1086,1.1071361535,0.721786274,0.741625936,0.49938435
0,1086,1.1095893297,0.7233150421,0.7436834088,0.5006503558
0,1086,0.6142894564,0.58792786855,0.4108186114,0.3984189811
0,1086,1.06348327715,0.7210304291,0.7115166611,0.4986232924
0,1086,1.0492709856,0.7080189924,0.7031067854,0.489880047
0,1086,0.8466510536,0.6527572697999999,0.5664852826,0.4478932094
0,1086,0.8689012117000001,0.6560426571,0.581693509,0.4509794158
0,1086,0.9726478374,0.7431532255,0.6547861982,0.5136065788
0,1086,0.96411925845,0.742255334,0.6490618887,0.5115926844
0,1086,0.9447954691,0.73526363215,0.6368050376,0.5050887151
0,1086,0.6353495712,0.5884222541999999,0.424597304,0.3980892078
0,1086,1.0043697950000001,0.68540860075,0.6721284602,0.4694915785
0,1086,0.9735360284000001,0.67545353435,0.6517431328,0.4622063865
0,1086,0.9621672138999999,0.6826502472,0.6458579796,0.4670336424
0,1086,0.960114372,0.6850703224,0.6446011754,0.4675480558
0,1086,0.61873565985,0.5776079802,0.4136048207,0.390304006
0,1086,0.6165197359000001,0.577586169,0.4119462158,0.389670523
0,1086,0.6251140725,0.5801790873,0.4177044846,0.3920991032
0,1086,0.61783025765,0.58381166925,0.4129566605,0.3944330313
0,1086,1.0322777331,0.7670614482,0.6930616134,0.5319659264
0,1086,0.61551345895,0.5832713294,0.4113756989,0.3940996914
0,1086,0.6001848315,0.5767701722,0.4010792278,0.3892245608
0,1086,0.9807547030500001,0.6823014748,0.6584402229,0.466950376
0,1086,0.9171320382000001,0.6556027993,0.6142964798,0.4468392792
0,1086,0.9729951486999999,0.6825599847,0.6531888744,0.4661809506
0,1086,0.86458922475,0.69621718175,0.5795570035,0.4784648695
0,1086,0.5066633623,0.58436421785,0.3389476866,0.3951521127
0,1086,0.65992841365,0.6486364066,0.4420446855,0.4455750566
0,1086,0.86059931125,0.6386015718,0.5752142217,0.4359483918
0,1086,1.0991720713,0.72659213025,0.7370682842,0.5054461981
0,1086,0.8440797914,0.6255696957,0.5642632614,0.4274929436
0,1086,0.82327722735,0.6616245232,0.5513775451,0.4521703858
0,1086,0.82173639955,0.6587052611499999,0.5506233391,0.4486512491
0,1086,0.81949786185,0.6615526425,0.5490976387,0.4521133202
0,1086,0.810688115,0.65947393195,0.5434806098,0.4476261259
0,1086,0.80255902135,0.66057902925,0.5382678515,0.4461048339
0,1086,0.78473098645,0.65902454035,0.5263524461,0.4466335137
0,1086,0.78665979965,0.6610409725499999,0.5277125175,0.4503783065
0,1086,0.7616182612,0.65284026185,0.5101732914,0.4470997781
0,1086,0.77087943565,0.660529577,0.5168052413,0.44835577
0,1086,0.7679311478,0.6603065959000001,0.5141706142,0.4459772594
0,1086,0.772824148,0.6497890356,0.5184780474,0.4397336518
0,1086,0.6622462157,0.6478728111500001,0.4444960866,0.4442289395
0,1086,0.9784839039,0.68883953265,0.6545157584,0.4684923817
0,1086,1.0015307943,0.68605189185,0.6701452348,0.4704752741
0,1086,0.60485076725,0.5815875512500001,0.4044839601,0.3932946001
0,1086,0.6634803289,0.6494751061999999,0.443981757,0.444866675
0,1086,0.78076438145,0.6688876982,0.5242642555,0.461076323
0,1086,1.1753023462,0.7505494622,0.787944466,0.5223081224
0,1086,1.09954863405,0.7182190567,0.7370412711,0.4982121732
0,1086,0.6237151021,0.5878835604,0.4170012176,0.3974546274
0,1086,1.0965283369,0.73178798045,0.7359846726,0.5080212833
0,1086,1.221862682,0.7776328503500001,0.8193215048,0.5428550303
0,1086,1.2339965078,0.7774809955499999,0.8288974206,0.5435996267
0,1086,1.09195331945,0.7332529613500001,0.7310446695,0.5078699771
0,1086,0.2904703075,0.8123714652,0.2009509078,0.5728280504
0,1086,1.1186619527000001,0.7286687144999999,0.7496653462,0.5056667786
0,1086,0.7536473101,0.60587685135,0.5042771786,0.4115527111
0,1086,0.5495889685,0.5985895332,0.367660461,0.40404104
0,1086,0.5462695205,0.59854021805,0.366220122,0.4040024933
0,1086,0.49057921660000003,0.5810559907,0.3281586506,0.3921368268
0,1086,0.49312902265,0.58051167265,0.3296792571,0.3916945685
0,1086,0.49810746154999996,0.5913621613,0.3335558699,0.4009327482
0,1086,0.61988572375,0.5877734759,0.4145098371,0.397674522
0,1086,0.8424549144,0.6190511169999999,0.5631455362,0.4207727834
0,1086,1.1778705983,0.7797558004,0.788981152,0.5448781156
0,1086,1.18041932375,0.78159129615,0.7913278965,0.5442497081
0,1086,1.09697428475,0.72398350525,0.7355419663,0.5029283157
0,1086,0.53726381275,0.6151957597,0.3600182207,0.418634744
0,1086,0.5097021055500001,0.6579152592499999,0.3428502319,0.4517385529
0,1086,0.5027645216,0.65957996975,0.3373565372,0.4535532663
0,1086,0.5185434192,0.6579583328,0.3476702968,0.452649682
0,1086,0.5159068624500001,0.65796930695,0.3472777577,0.4522343103
0,1086,0.6462439583499999,0.58971727295,0.4320885795,0.3999944581
0,1086,0.64386510665,0.5890096457,0.4302844125,0.3987177524
0,1086,1.0196212422,0.707227413,0.683018911,0.4872968684
0,1086,0.6915495738999999,0.6503679908,0.4632734394,0.4446326512
0,1086,0.78638102445,0.6391606363,0.5260349263,0.436457181
0,1086,0.82083593685,0.6271833765,0.5490910011,0.4285427586
0,1086,0.64988725495,0.6343076599,0.4353463605,0.4323719152
0,1086,0.9148542156,0.6709694951,0.6125072858,0.4607256988
0,1086,0.80580838965,0.64183208835,0.5390660503,0.4379857435
0,1086,0.8159440170500001,0.6409883131,0.5460669221,0.4375939662
0,1086,0.6127880678,0.61237368745,0.4105230108,0.4166628257
0,1086,0.8110324164,0.6403055835,0.542849738,0.4372683082
0,1086,0.7799169416,0.6277502601,0.5222566412,0.4283157308
0,1086,0.6623009803,0.6106991471000001,0.44370221,0.4158061558
0,1086,0.6661216439,0.61407822015,0.446538399,0.4179072457
0,1086,0.75336768575,0.6116529599,0.5043418557,0.4160010842
0,1086,0.7758833440999999,0.6180009591,0.5187532724,0.4220472942
0,1086,0.7885246304,0.62348124575,0.5275019696,0.4239511727
0,1086,0.80210412055,0.61019593525,0.5361694731,0.4157916151
0,1086,1.07330169355,0.724047224,0.7225633249,0.4974238174
0,1086,1.04304045055,0.7017918461,0.6988027481,0.4804126446
0,1086,1.0545273508,0.7014718809,0.706509048,0.4804816446
0,1086,1.10869627635,0.7347887255500001,0.7422615931,0.5112081775
0,1086,1.1155625457,0.7371691567,0.7473601246,0.5124202728
0,1086,1.12028636675,0.7344667713499999,0.7508824797,0.5087760307
0,1086,1.0644821448,0.7057247084,0.7127611164,0.4877987988
0,1086,1.00529449225,0.68397469035,0.6728115059,0.4699524929
0,1086,0.6252839463500001,0.6467041324,0.4189623693,0.4430501782
0,1086,0.6337732405500001,0.6460083711,0.4247813019,0.4432098522
0,1086,0.6587000118999999,0.63107659465,0.440783868,0.4306379989
0,1086,0.8986475076,0.79391067535,0.603960801,0.5560610525
0,1086,1.03651385175,0.72317450445,0.6946064545,0.5006463777
0,1086,1.0481923136,0.72908175415,0.7021188774,0.5049317847
0,1086,1.2258587698999999,0.7582470765,0.8224704616,0.5284170222
0,1086,0.861642326,0.651778924,0.5769158932,0.4469754958
0,1086,0.9145728933999999,0.6665066497500001,0.6123716028,0.4585032955
0,1086,0.90473688,0.6546057288,0.605534662,0.4491936466
0,1086,0.90721344185,0.6550532685,0.6075737659,0.4502684278
0,1086,0.8863617139,0.6637859513,0.5931958454,0.4545895008
0,1086,0.7578284763500001,0.6610037976500001,0.5068201155,0.4471499849
0,1086,0.75546436615,0.6056990015,0.5050059151,0.410408244
0,1086,0.6081170381,0.5849518152,0.4063400952,0.3932146716
0,1086,0.61618412505,0.586667679,0.4114247239,0.3942144536
0,1086,0.5957152423000001,0.58002462595,0.3980863296,0.3914944273
0,1086,0.5986746442499999,0.5808933674000001,0.4000108979,0.391731469
0,1086,1.43191241545,0.7536238370499999,0.9601169961,0.5225298689
0,1086,0.7496969901,0.60709237605,0.501157396,0.4112673831
0,1086,0.85591014425,0.62328789485,0.5717392553,0.4211221731
0,1086,0.8663536604,0.6309579159500001,0.5798616222,0.4297338303
0,1086,0.8621341962,0.6305071046999999,0.5765452734,0.428969516
0,1086,0.92908742305,0.7256761313,0.6232886037,0.5016273298
0,1086,0.9178229564,0.7428882683,0.615334092,0.5054386534
0,1086,1.0213832688,0.67398889635,0.6828534364,0.4567706139
0,1086,1.0565141265,0.6966037464,0.7073074012,0.4753416254
0,1086,0.37924727125,0.7170687597000001,0.2574411855,0.4888316038
0,1086,0.3928314308,0.71337417365,0.2670059102,0.4868954887
0,1086,0.4094646758,0.7130666916,0.2785120284,0.4897209218
0,1086,0.42349204335,0.70932670005,0.2870115875,0.4818996425
0,1086,0.44092279255,0.7106802247,0.2988725809,0.4913599116
0,1086,0.4550880813,0.70233534105,0.307803578,0.4782320803
0,1086,0.44249580445000003,0.7041685734,0.2992010603,0.4791314122
0,1086,0.64270585835,0.5843613372,0.4297716265,0.3954193334
0,1086,0.4817664598,0.7026478301,0.3267866934,0.4850516938
0,1086,0.49136992895,0.69409203695,0.3321610673,0.4722529499
0,1086,0.48131209929999996,0.68429280365,0.3247313816,0.4660808115
0,1086,0.49416061465,0.6926177966,0.3342449357,0.4773699234
0,1086,0.4925891464,0.69263857885,0.33224612,0.4762803271
0,1086,0.5439424568,0.5983250561,0.3639666112,0.4040125072
0,1086,0.5473037366,0.5988046952,0.3660944724,0.4041544854
0,1086,0.5023969118,0.5823716545,0.3361295246,0.3935708744
0,1086,0.6030175032,0.5806258039000001,0.4031143182,0.3924605644
0,1086,0.6182461823500001,0.58202740905,0.4131813581,0.3937032501
0,1086,0.6058272526,0.7494003997,0.4132362076,0.5139212626
0,1086,0.56817630325,0.711280991,0.3840217611,0.4895591902
0,1086,0.5684181864,0.7000999059999999,0.3826479516,0.4751384664
0,1086,0.56572366735,0.69841400155,0.3810534063,0.4780216509
0,1086,0.54166810735,0.7162900062499999,0.3647347097,0.4967074795
0,1086,0.55715688415,0.71439696475,0.3740604069,0.4955450423
0,1086,0.98516121015,0.68486579485,0.6604780405,0.4693142609
0,1086,0.5807441396499999,0.59736120185,0.3888171283,0.4053746741
0,1086,0.5772422046,0.5979653834,0.3865024908,0.4058756442
0,1086,0.55572796775,0.6521053365,0.3732987915,0.443195037
0,1086,0.5023072426999999,0.5768509138,0.3361140886,0.3895814952
0,1086,0.36076548055,0.68997796385,0.2429204043,0.4662135987
0,1086,0.36630880215,0.6295107887,0.2466350927,0.4312112612
0,1086,0.5917149095500001,0.57862933095,0.3954842725,0.3908797375
0,1086,0.27236871325,0.76086872635,0.1888417797,0.5358418603
0,1086,0.25826363939999997,0.76764038585,0.179833448,0.5363063413
0,1086,0.6772690262500001,0.76196217525,0.4569948209,0.5312434155
0,1086,0.36962277745,0.5735423347999999,0.2473892987,0.3875696584
0,1086,0.5471965228,0.8009233989,0.3709440202,0.5613216502
0,1086,0.56045822795,0.8027954320999999,0.3790893217,0.563003988
0,1086,0.48995189505000003,0.59003351145,0.3274944883,0.3976012695
0,1086,0.49344830419999997,0.5865800362,0.3304417472,0.3970572258
0,1086,0.54868033545,0.8102133019,0.3697174707,0.560979339
0,1086,0.5618747623,0.79472324285,0.377358476,0.5403717165
0,1086,0.50338750195,0.6041874878,0.3374817237,0.4106971386
0,1086,0.53377282595,0.63041676875,0.3587159977,0.4269145371
0,1086,0.528077415,0.6279663366,0.35383793,0.4287707466
0,1086,0.5271041606,0.6264584656500001,0.3535259672,0.4279133909
0,1086,0.5271646952,0.6243410346,0.3533905438,0.4239503256
0,1086,0.5198258472499999,0.61343289905,0.3487816933,0.4167625533
0,1086,0.6213760737,1.1677464384,0.4297077212,0.8425328292
0,1086,1.0682890895,0.78531155715,0.7179433114,0.5517188543
0,1086,0.49934182615,0.57351204135,0.3338308259,0.3869058593
0,1086,0.6502655907,0.64908831825,0.4364957298,0.4451148281
0,1086,0.6453864974,0.6491564275499999,0.4327730146,0.4447603629
0,1086,0.51651867085,0.6052105144,0.3463943519,0.409565429
0,1086,0.5129146589,0.60338722735,0.34427992,0.4088086239
0,1086,0.51234421925,0.6036188506,0.3436116929,0.4088499142
0,1086,0.52167755735,0.60514336635,0.3492435403,0.4088086239
0,1086,0.5766602338,0.64718745405,0.3867286952,0.4366745869
0,1086,0.5753780755,0.64640522385,0.3857473586,0.4367383937
0,1086,0.5806795140000001,0.6476117635,0.390528679,0.4420944666
0,1086,0.5851877704,0.64535828965,0.3920574666,0.4419629139
0,1086,0.5372403432499999,0.63222994465,0.3604600507,0.4285469815
0,1086,0.5367405929,0.58071429475,0.3589227234,0.3919310615
0,1086,0.56352317945,0.6287559727,0.3779672743,0.4256411924
0,1086,0.5635757392,0.6292938433999999,0.3782249022,0.4269188582
0,1086,0.54350751615,0.5841890888,0.3636540309,0.3951148006
0,1086,0.6916873575,1.20575577365,0.476734149,0.8732055887
0,1086,0.72411872895,1.2043472223,0.4928943173,0.857727368
0,1086,0.563036326,0.6320182457,0.3773411876,0.4277310828
0,1086,0.5620153848,0.62801151355,0.3767286846,0.4250699877
0,1086,0.5123541755,0.6007198907,0.3437720736,0.4065327216
0,1086,0.5056857965,0.6009367675,0.3386599584,0.4078323358
0,1086,0.5092533021000001,0.59520222345,0.3411737212,0.4009877561
0,1086,0.5045069444,0.5947809531,0.337622655,0.4040734138
0,1086,0.52091586935,0.61698477535,0.3488922155,0.4202543919
0,1086,0.5067477565,0.5851129933,0.3393340512,0.394612952
0,1086,1.03650452455,0.7867847823,0.6954615609,0.5494192204
0,1086,0.5303964629,0.6050631179,0.3553488118,0.4098544608
0,1086,0.5341149332,0.6061755541,0.3576906168,0.4102131784
0,1086,0.5405950695,0.60681486715,0.3622478056,0.4103101625
0,1086,0.5140175435,0.59728407925,0.3442502386,0.4033063205
0,1086,0.982934127,0.7148541203000001,0.6583736544,0.4928300954
0,1086,0.96581190535,0.7077081464499999,0.6476001383,0.4894376705
0,1086,0.59777617705,0.5855135136,0.3996729127,0.396402709
0,1086,0.6069938416,0.6120493056,0.4062459866,0.4156530122
0,1086,0.3066784619,0.8148361265499999,0.211978894,0.5753805013
0,1086,0.51945630795,0.62877956715,0.3480580507,0.4251885085
0,1086,1.035797284,0.7908944521000001,0.6945856158,0.552981705
0,1086,0.5124600669,0.5969756467,0.3431040008,0.4031877996
0,1086,0.56203846175,0.6020103141,0.3759144323,0.4090554052
0,1086,0.5676630542000001,0.5957606020999999,0.3806279884,0.4024128872
0,1086,0.55840990655,0.609723155,0.3747817341,0.4112377528
0,1086,0.5507619856,0.5892258634,0.3684222306,0.3986667226
0,1086,0.5578352991,0.6068571175999999,0.3740888092,0.4107301982
0,1086,0.9795543901499999,0.7126192338,0.6561921263,0.4940794334
0,1086,0.5785268007,0.5972395065,0.3872386366,0.4029890302
0,1086,0.5541044799,0.602783649,0.3712002588,0.4056807158
0,1086,0.55156084835,0.6013473379500001,0.3693150525,0.4060827813
0,1086,0.53130024435,0.58788512815,0.3553552949,0.3976104995
0,1086,0.54685771165,0.59639874915,0.3664712667,0.4018128753
0,1086,0.54532035695,0.59397291255,0.3651633691,0.3998553607
0,1086,0.5416629363000001,0.5993847478000001,0.3625432518,0.4038251236
0,1086,0.50158806215,0.5769092695,0.3354997333,0.3894399286
0,1086,0.51519722815,0.5744384992,0.3443158089,0.387327564
0,1086,0.5707998936500001,0.5968507471,0.3819102621,0.4044927636
0,1086,0.56761574265,0.58944415365,0.3798217629,0.3969233411
0,1086,0.5627234369499999,0.590167076,0.3766907119,0.3983914086
0,1086,0.5584999759,0.5829707747999999,0.3738551072,0.3926283318
0,1086,0.8037553548,0.7291306935499999,0.541219381,0.5067477327
0,1086,0.56985080735,0.5847090121,0.3812880345,0.39353027
0,1086,1.0021137295,0.71666670785,0.671507421,0.4975303125
0,1086,0.5323884868,0.57789330815,0.3557180424,0.3897306065
0,1086,0.5434949654,0.5831219437499999,0.3633182966,0.3934478267
0,1086,0.54435319415,0.5936676392,0.3637129343,0.398325893
0,1086,0.5441109414499999,0.5936272953,0.3645925435,0.400004472
0,1086,0.7661343901,0.6504503656,0.513928268,0.4430648562
0,1086,0.7644116301499999,0.6508123068,0.5127194937,0.4449485696
0,1086,0.18609230635000001,0.81611225245,0.1305456177,0.5761652905
0,1086,0.65197961325,0.6106144621,0.4364614617,0.4153414004
0,1086,0.6140574901,0.5800332217499999,0.4102987254,0.3915970927
0,1086,0.61630468185,0.58071469935,0.4117650207,0.3922230033
0,1086,0.55386151635,0.60186970775,0.3713663509,0.4064207853
0,1086,0.5459589468,0.596127619,0.3657477784,0.401856086
0,1086,0.5441975152,0.5812901538999999,0.3634284766,0.3895156144
0,1086,0.41682392960000003,0.7130202571500001,0.28225017,0.4903882875
0,1086,0.57787532165,0.5685094465,0.3861709241,0.3836182772
0,1086,0.6345930498,0.59414781305,0.4241502756,0.4028971217
0,1086,1.10007773175,0.7269727499,0.7372686443,0.5061817408
0,1086,0.6314339823999999,0.5932960816,0.4223178606,0.4022844896
0,1086,0.62913863995,0.5941950705,0.4207226979,0.4026303126
0,1086,0.57881846515,0.56817981035,0.3866769183,0.3835142971
0,1086,0.5757544839000001,0.56856136805,0.3847006392,0.3831794483
0,1086,1.25340862,0.7549079441,0.8406144726,0.5270419608
0,1086,1.1417110187500001,0.76417019505,0.7658809299,0.5340060215
0,1086,0.9924971692,0.7175507586000001,0.6656528092,0.4976001446
0,1086,0.9848680238,0.7172667175,0.6608685986,0.4977115904
0,1086,0.5541848246500001,0.602435974,0.3712220237,0.4063307972
0,1086,0.5540215882499999,0.60284853365,0.3710329319,0.4066058369
0,1086,0.50301443155,0.61338084045,0.3369298845,0.4175297839
0,1086,0.5947550420000001,0.5694572705500001,0.3973671634,0.3843503905
0,1086,0.61121867155,0.6188100972,0.4090579741,0.4217714314
0,1086,0.6397688928,0.5879518933,0.4278723734,0.3989118578
0,1086,1.1548752684,0.76198891775,0.7737423622,0.5294129267
0,1086,0.57917993215,0.61177497495,0.3879031591,0.4165728377
0,1086,0.5091068138,0.5740363733,0.3403494354,0.3870349428
0,1086,0.5944078078,0.69356877555,0.399698472,0.4713768009
0,1086,0.5916923728500001,0.70432756145,0.3975996305,0.4851222027
0,1086,0.6094138989,0.6931730201,0.4106838546,0.4720997232
0,1086,0.63493426395,0.59470770065,0.4243239313,0.4030574815
0,1086,1.1507588903000001,0.7626672325,0.7712875652,0.5321940516
0,1086,0.63721757295,0.58913694645,0.4260810183,0.3987482057
0,1086,0.50384743865,0.5802993228,0.3375076563,0.390618004
0,1086,0.50730835815,0.59297666515,0.3401404311,0.4013614261
0,1086,0.5071511419,0.5930152118,0.3397463484,0.4013905076
0,1086,0.38254547075,0.8206749541,0.2620577259,0.5734225752
0,1086,1.0808907483499999,0.7389502534,0.7250672343,0.5122578096
0,1086,0.5274054171,0.60499912485,0.353147938,0.4082776121
0,1086,1.0868246512000002,0.7389133958,0.7286880274,0.5117630242
0,1086,0.56917185215,0.6005056204,0.3808235633,0.4060657714
0,1086,0.61023417125,0.57703842165,0.4080952269,0.3907863201
0,1086,0.5663529184,0.59689498665,0.378987598,0.4044874137
0,1086,0.5333372941,0.64102359395,0.359148458,0.4338631655
0,1086,0.5339922698999999,0.64094471535,0.3592126164,0.4374792643
0,1086,0.4969181129,0.57243853655,0.3322885692,0.3864459051
0,1086,0.52584152705,0.72908353905,0.3573250909,0.5062154863
0,1086,0.508876273,0.73712190125,0.3425384234,0.5097152811
0,1086,0.53087192605,0.72694999475,0.3580998269,0.5044371247
0,1086,0.47842987765,0.65162350255,0.3217617919,0.4482328595
0,1086,0.47823700405,0.65119969445,0.3215689955,0.4476955375
0,1086,0.480424294,0.67782498035,0.3233833502,0.4689262723
0,1086,0.51945294805,0.8007387193,0.3516721475,0.5619312188
0,1086,0.5735294526,0.6109468417499999,0.3842874158,0.4168805255
0,1086,0.5534043773,0.6138798215,0.3707669686,0.4172102988
0,1086,0.57751635605,0.6114862214,0.3867928431,0.4170273048
0,1086,1.0965869553,0.74490216275,0.7356934198,0.5168229661
0,1086,0.58768894765,0.6368624272000001,0.3941510597,0.4354840206
0,1086,0.5859014034,0.6355961627,0.3925743432,0.4353006424
0,1086,1.1079905652500002,0.7440182554,0.7431155161,0.52045157
0,1086,1.20644926925,0.78342627985,0.8103259849,0.5465238271
0,1086,0.9534516429500001,0.7120905075,0.6405207037,0.4922837982
0,1086,0.86326344705,0.6609886624000001,0.5786155581,0.454519129
0,1086,0.7353081099500001,0.63755004215,0.4932775947,0.4362953123
0,1086,0.6007391441500001,0.60832429665,0.4021681979,0.4138053913
0,1086,0.5344806120000001,0.7371989466,0.3613963524,0.514423193
0,1086,0.7281801682,0.64844609655,0.4878086354,0.4434781077
0,1086,0.6578761566,0.5972454023,0.4398711336,0.4048245946
0,1086,0.6551047879,0.5970691805,0.4380034472,0.4047338292
0,1086,0.48944242785000003,0.60095007365,0.3279436263,0.4088065663
0,1086,0.6461451675000001,0.59515798395,0.4322123768,0.4038864417
0,1086,0.5187316606,0.7125494079,0.3505870438,0.496392247
0,1086,0.5498034526,0.6087204603,0.3681746362,0.4117608084
0,1086,0.8273082097,0.67167339725,0.5545499132,0.4630125753
0,1086,0.7669462549,0.6156256805,0.5131683506,0.4202406742
0,1086,0.6758913976,0.7120099381,0.4544626892,0.4940337642
0,1086,0.61511026905,0.60284314715,0.4117671575,0.4089852529
0,1086,0.6693623949,0.61152950075,0.4483319482,0.4164499271
0,1086,0.6691316258,0.6130381725,0.4482331574,0.41695611
0,1086,0.51227946495,0.6404070259,0.3440625803,0.4384643538
0,1086,0.5025355277,0.59788917635,0.336563278,0.4055918251
0,1086,0.49650905720000005,0.5968237233,0.3325454252,0.406018171
0,1086,0.49598793575,0.6511545633,0.3345499523,0.4470837284
0,1086,0.6214050954,0.6238556701,0.417337415,0.425937906
0,1086,0.4963285325,0.633112986,0.3328678846,0.4315027622
0,1086,0.5874414356,0.63162063835,0.3946189268,0.4319431001
0,1086,0.537174438,0.6093428320500001,0.360163011,0.4145479691
0,1086,0.4913816604,0.608004534,0.329406965,0.4141946014
0,1086,0.53401128,0.6074983511500001,0.3581689804,0.4138417823
0,1086,0.5393455974,0.6321342973499999,0.3622251146,0.4325245931
0,1086,0.49176679005,0.61444375585,0.3299092545,0.4187741157
0,1086,0.48118112430000004,0.61061055245,0.3225871582,0.4152065555
0,1086,0.37105977015,0.6726118001,0.2512660659,0.463506275
0,1086,0.398779293,0.66380597915,0.2680037744,0.4485597521
0,1086,0.378489785,0.6692327667,0.2559990714,0.4611145954
0,1086,0.22276444055,0.8111479205500001,0.1573851919,0.5731615961
0,1086,0.2514835523,0.8134392719,0.1746477954,0.5741812458
0,1086,0.26441849215,0.81334026845,0.1832061337,0.5742814041
0,1086,0.3316110812,0.67998860335,0.2250093234,0.4708734987
0,1086,0.3487805356,0.6636642753499999,0.2362975616,0.4577626773
0,1086,0.3917138984,0.6342542294,0.2634615586,0.4327259688
0,1086,0.39528788724999997,0.6395083799,0.2654412337,0.4332883942
0,1086,0.34407299960000004,0.69549329915,0.2332247046,0.4825450599
0,1086,0.3911657639,0.62487482605,0.2632039308,0.4265199477
0,1086,0.39848704985,0.62479293145,0.2679573891,0.4274483611
0,1086,0.38650044549999996,0.6624212467,0.2612711814,0.4568791208
0,1086,0.37340977685,0.65824462105,0.2520963717,0.4525171691
0,1086,0.5156877339,0.63030269045,0.3459712494,0.4313474779
0,1086,0.5118713341000001,0.6314775780999999,0.3433908646,0.431556723
0,1086,0.49894316215,0.58557142805,0.3338239943,0.3963651683
0,1086,0.49541658295,0.5859854907500001,0.3314992979,0.3966725589
0,1086,0.53496901055,0.5842871245,0.3579860631,0.39546323
0,1086,0.49809154695,0.58029836515,0.3332066547,0.3922031747
0,1086,0.49707974995,0.58127823165,0.3327068865,0.3934642879
0,1086,0.5985530081,0.5841328689999999,0.400036213,0.3941719836
0,1086,0.5383615484,0.5813415245,0.3596550102,0.3928030952
0,1086,0.51421151975,0.58073870045,0.3439426421,0.3919222821
0,1086,0.50056395655,0.5752667817,0.3348395329,0.3882905232
0,1086,0.5174396636,0.5770915091,0.345997182,0.3894455528
0,1086,0.5288905207000001,0.5745822002000001,0.3539194324,0.3880511494
0,1086,0.51783451795,0.57492006705,0.3459802023,0.3877526525
0,1086,0.4455049105,0.54415107785,0.301024368,0.3818251005
0,1086,0.47355563214999996,0.5405053954,0.3188011551,0.375318662
0,1086,0.43931960299999995,0.5455659892,0.2963220802,0.3816309952
0,1086,0.57267938865,0.5348938305000001,0.3828969353,0.3618628406
0,1086,0.66433630125,0.60456490045,0.4445516565,0.4100308703
0,1086,0.66832227255,0.60423279915,0.4472622291,0.4106669597
0,1086,0.63790545645,0.59373436765,0.4269594847,0.4028017837
0,1086,0.61770784965,0.5825288593,0.4127887161,0.3935588028
0,1086,0.6162416898,0.58281691205,0.4119395188,0.3939916587
0,1086,0.6335523295,0.604946426,0.4239386472,0.4110273234
0,1086,0.6155292038,0.58283496955,0.4113769338,0.3935084589
0,1086,0.32233061080000003,0.66779837625,0.2174478138,0.4589385579
0,1086,0.37520448925,0.5782695159,0.2513553635,0.3917897692
0,1086,0.38432261005,0.58200765555,0.2574170281,0.3938080533
0,1086,0.3657392114,0.5843808848500001,0.2449639846,0.3960891683
0,1086,0.3676881687,0.5841515251,0.246463135,0.3962941106
0,1086,0.3834097212,0.5743407002500001,0.256798505,0.3884965629
0,1086,0.48375940985,0.574289739,0.3233237671,0.3869954358
0,1086,0.3841870042,0.6044075493,0.2578196006,0.4119486036
0,1086,0.39015130589999997,0.6039069222,0.2619596298,0.4111476276
0,1086,0.3944602055,0.5998022457,0.264832281,0.4087449738
0,1086,0.3879772586,0.58841849325,0.2600113028,0.3991036997
0,1086,0.5638666318,0.53595441395,0.3768919982,0.3610827155
0,1086,0.6292886013,0.58456456475,0.4207577378,0.3955124765
0,1086,0.50336305495,0.5731104291,0.3365385803,0.3867449508
0,1086,0.49217854704999997,0.56718363165,0.3288224013,0.3816791443
0,1086,0.48394433385,0.5690903908,0.3234858457,0.382959828
0,1086,0.49977895554999996,0.57761895435,0.3343531425,0.3903698509
0,1086,0.49443993025,0.5754925063,0.3306947957,0.3886363462
0,1086,0.52289947605,0.5748879675999999,0.3493092979,0.3880385292
0,1086,0.5227458615,0.574500237,0.3491450068,0.3870964438
0,1086,0.5035546936499999,0.573173942,0.3366341295,0.3870799368
0,1086,0.5026822817500001,0.57365909695,0.3361762959,0.3872297493
0,1086,0.54314935195,0.5626758608,0.3629540055,0.3785981506
0,1086,0.5400532636500001,0.56170327645,0.3607075953,0.3773695941
0,1086,0.54078755715,0.5616007367,0.3612259383,0.3777790672
0,1086,0.5312184332000001,0.56304699295,0.3547887914,0.3786238027
0,1086,0.54180965605,0.56252085085,0.3620225935,0.3788269617
0,1086,0.54318223075,0.56169470285,0.3628725031,0.3774896239
0,1086,0.54140384195,0.5719080048,0.3615879139,0.3851768814
0,1086,0.49791435635,0.5765350509,0.3330650031,0.3889334714
0,1086,0.4956670972,0.57962907635,0.3313443452,0.3908207515
0,1086,0.62494991,0.5780562744,0.4178293624,0.390763
0,1086,0.5066820477,0.575605843,0.3386908614,0.3883150664
0,1086,0.50478633705,0.57572769615,0.3373624029,0.3880718631
0,1086,0.5089945937,0.5797965693,0.340386482,0.3921403934
0,1086,0.49774510000000005,0.5899030789999999,0.3339434694,0.3996165356
0,1086,0.52675308905,0.5729534986,0.3520559909,0.38619542
0,1086,0.7303208725,0.63622655925,0.4894935984,0.4349877419
0,1086,0.6251550552,0.57854284095,0.4179145694,0.3913067693
0,1086,0.611539599,0.5808790324,0.4088114602,0.3923925246
0,1086,0.58719461295,0.56775778565,0.3923081483,0.3828238857
0,1086,0.5809947183999999,0.57085496615,0.3884164082,0.3836738339
0,1086,0.6047779862,0.70363035975,0.4065510032,0.4782311201
0,1086,0.5425478857,0.5752624606,0.362785598,0.388892867
0,1086,0.58163207345,0.56871308565,0.3889199325,0.3837344661
0,1086,0.5188796166,0.57498742085,0.3467490726,0.3879043701
0,1086,0.580360605,0.57624094355,0.387768711,0.3887581593
0,1086,0.91643486845,0.6787500329,0.6139190681,0.4666152528
0,1086,0.6283498571,0.58932131165,0.4202716562,0.3991572673
0,1086,0.49311242880000006,0.5967030076,0.3301289096,0.405384688
0,1086,0.5266945091499999,0.57288346985,0.3519493277,0.3862641457
0,1086,0.58586085995,0.60317549485,0.3919606825,0.4060712585
0,1086,0.6041911843,0.6118096846,0.40421599,0.415982291
0,1086,0.6155745307,0.61538221255,0.4117298684,0.4157809349
0,1086,0.61367595015,0.6141192637999999,0.4101229081,0.4158049212
0,1086,0.6136148000999999,0.6141254207,0.410248128,0.4155485996
0,1086,0.7312540597,0.80015112785,0.4936982274,0.5623281173
0,1086,0.8461265361500001,0.69726637945,0.5672259049,0.4814776863
0,1086,0.3337441513,0.8139042115999999,0.2287211562,0.5741321914
0,1086,0.6631625776000001,0.61766871665,0.443994569,0.4206467179
0,1086,0.59115550655,0.6106600734000001,0.3958173827,0.416149784
0,1086,0.5948311418,0.6450946356,0.3991111298,0.441955232
0,1086,0.8815613299,0.66587495005,0.5909281334,0.4586344367
0,1086,0.8889945659,0.7108279642499999,0.5970627334,0.4946645037
0,1086,0.60592203,0.6325455537,0.4059772448,0.4317846608
0,1086,0.60276720745,0.63197290865,0.4035664405,0.4318125077
0,1086,0.5778002252000001,0.62448222575,0.3874133728,0.4268006117
0,1086,0.5857454754,0.66779391805,0.3919305822,0.4488070821
0,1086,0.58628751275,0.65819969555,0.3931696349,0.4491968017
0,1086,0.58958812875,0.6475564812000001,0.3954919905,0.4433831066
0,1086,0.6243861078,0.65585102095,0.4187448752,0.4498874875
0,1086,0.65309216745,0.6521226207999999,0.4384553379,0.4460516092
0,1086,0.65006338045,0.6560796262499999,0.4350777731,0.4457289691
0,1086,0.53081300505,0.6948263450000001,0.3577517437,0.4813112906
0,1086,0.66698578665,0.6685197897,0.4473616373,0.4604082714
0,1086,1.13249243325,0.7863770560500001,0.7589975265,0.5475558091
0,1086,1.1111177315,0.7693816585500001,0.7452157468,0.5350773733
0,1086,1.02500086435,0.7923524826499999,0.6877432723,0.5541863927
0,1086,0.2939760688,0.7239432439,0.2000245896,0.501748457
0,1086,0.2237532909,0.76560216,0.1548988814,0.5353037152
0,1086,0.49069599045,0.5789721361,0.3282579045,0.392138473
0,1086,0.51850197335,0.66575979005,0.3490278985,0.4589278581
0,1086,0.56282986865,0.59262466915,0.3765880621,0.4020720025
0,1086,0.4999429638,0.6234255519,0.3360929412,0.4249336338
0,1086,0.61280689985,0.57686461845,0.4097434897,0.3895915091
0,1086,0.6413808268000001,0.60024477845,0.4288328052,0.4073013239
0,1086,0.60453733795,0.5771024147,0.4038151155,0.3901400796
0,1086,0.6020891785,0.5764220171500001,0.4025005804,0.3897707993
0,1086,0.5653082056500001,0.5902962966499999,0.3780308709,0.3999338259
0,1086,0.49980303589999997,0.5851536024999999,0.334265157,0.3955261942
0,1086,0.5066994827,0.5842979614,0.3394274394,0.3954607608
0,1086,0.49804093215,0.5909073513,0.3336404595,0.4005002294
0,1086,0.6647160629,0.5960446955,0.4442572908,0.4044142984
0,1086,0.65681905045,0.60799877255,0.4394957285,0.4134746969
0,1086,0.67379084695,0.6119773147500001,0.4508501875,0.4169170145
0,1086,0.6711477299,0.61309270035,0.448866036,0.4169159171
0,1086,0.49658484835000005,0.63890905395,0.3337275189,0.4376349821
0,1086,0.5105682230499999,0.65178749755,0.3426001677,0.4473290007
0,1086,0.5907874336500001,0.5765777129,0.3951306323,0.3894207238
0,1086,0.52725946915,0.5844625737,0.3528974107,0.3965521404
0,1086,0.53983252795,0.660100076,0.3634045841,0.4516318292
0,1086,0.4997114228,0.6286798395,0.3353958486,0.4299227584
0,1086,0.49176408885,0.6289078275,0.3302990151,0.429676663
0,1086,0.5822441905,0.5711840536,0.3891963924,0.385330108
0,1086,0.66639481185,0.6075083651,0.4457167705,0.412191544
0,1086,0.82710251525,0.6560563748,0.5540675877,0.4497953046
0,1086,0.50961404285,0.6343877712,0.3423329695,0.4344377996
0,1086,0.392038789,0.7260810776,0.265854843,0.5041889716
0,1086,0.91167423235,0.9176882918,0.6149900221,0.6507106588
0,1086,1.31431558965,0.8619548177999999,0.8864103375,0.609158672
0,1086,0.5095054502,0.6654988109,0.3423559692,0.456739749
0,1086,0.57063850965,0.6026584064,0.3821666551,0.4074697772
0,1086,0.670454342,0.909812759,0.4541254112,0.6468018024
0,1086,0.7619472037000001,0.9091803048,0.5167172558,0.6491877206
0,1086,1.0501378748999999,0.76125577795,0.7058426732,0.5200349637
0,1086,1.0087601971,0.7641812129000001,0.6802347084,0.5264507282
0,1086,0.58112306935,0.60597582455,0.3887759141,0.4113053811
0,1086,0.5835821112,0.6057155999,0.3903943852,0.4111607966
0,1086,0.26504309905,0.99830065225,0.1887581163,0.7111317425
0,1086,0.27482473895000004,0.9843146421,0.1972738061,0.7015521294
0,1086,1.0968257898,0.7783893811,0.7360004174,0.547287491
0,1086,1.0774534541,0.7465336764,0.720995484,0.5157843996
0,1086,1.2733995273,0.8593249304,0.8557570956,0.607733541
0,1086,0.8795291722499999,0.68439602915,0.5900062917,0.4717757113
0,1086,0.8375509544499999,0.65521582315,0.5607975567,0.4493249249
0,1086,0.8361743664,0.653842888,0.5606360954,0.4489072212
0,1086,0.67646115575,0.6206545354499999,0.4530274441,0.4236085047
0,1086,0.47346618020000003,0.65592461635,0.3193668868,0.4497254815
0,1086,0.7736969802,0.6621267964499999,0.518317358,0.4537379065
0,1086,0.8180803516499999,0.631005248,0.5473197571,0.430378225
0,1086,0.8847770476500001,0.6534262817000001,0.5926055703,0.4495121714
0,1086,0.9289857766,1.0210032955,0.6317100564,0.727129315
0,1086,0.60503499665,0.91558948485,0.4121153951,0.6532953463
0,1086,0.87215984165,0.6694049238,0.5852822391,0.4595691602
0,1086,0.7947213194,0.643254988,0.5324805012,0.4394497322
0,1086,1.0366217498,0.69808415975,0.6936392308,0.4824654973
0,1086,0.51231288405,0.66822410485,0.3439904939,0.4592961781
0,1086,0.81928036765,0.63957655675,0.5487172941,0.4392635465
0,1086,0.8224398209499999,0.641158481,0.5504924413,0.4388989302
0,1086,0.9260763103,0.6732600068000001,0.6197105244,0.4620646828
0,1086,0.9300858276,0.67468877305,0.6229196818,0.4630066767
0,1086,0.7244553230999999,0.6252099492500001,0.4846550102,0.4272856693
0,1086,0.68056403685,0.6911735293,0.4573524745,0.4758419096
0,1086,0.8112252127999999,0.6319235249,0.5433523362,0.4340344994
0,1086,0.7584139662,0.6575276658,0.5080170278,0.4515035688
0,1086,0.9479512949,0.6916868454,0.6355632064,0.4792277104
0,1086,0.95548324445,0.6962274015,0.6402201121,0.479739929
0,1086,1.0456493726,0.7351203303,0.7005869812,0.5099557344
0,1086,0.8496324519,0.6514123872500001,0.5689944146,0.4463886529
0,1086,0.9318045560499999,0.9191521753499999,0.6264244399,0.6509535991
0,1086,0.8658427102499999,0.6703578233,0.5800690177,0.4609517664
0,1086,0.79988703885,0.96331710805,0.5472266335,0.6863891413
0,1086,1.471638396,0.8600666459999999,0.9902052008,0.6088279384
0,1086,1.3048822259000001,0.8568381871999999,0.8779370196,0.60346679
0,1086,1.36044271245,0.84930038395,0.9143045375,0.5990440689
0,1086,1.39773639405,0.8489637518,0.9391420883,0.598572729
0,1086,1.38356940735,0.8469582938,0.9293662755,0.5954987314
0,1086,1.2166720744,0.8669709662499999,0.8196930508,0.6115781985
0,1086,1.4434324646999999,0.85275868275,0.9706237836,0.5984378841
0,1086,0.8708637527,0.9443683113000001,0.5890324306,0.6730366142
0,1086,1.26612721235,0.87369002895,0.8509553997,0.6141826395
0,1086,1.25594697465,0.8968088670000001,0.8447037943,0.6343224064
0,1086,1.2517437348,0.8972125100999999,0.8426044898,0.6315894306
0,1086,1.36597808455,0.8594457833,0.9197679775,0.6051762888
0,1086,1.2350563478,0.86490233825,0.8310794624,0.6091221829
0,1086,1.1179697997,0.90322675785,0.7570481062,0.6370756843
0,1086,1.3490067511,0.9099155045,0.9065182788,0.642872781
0,1086,1.4788855503,0.89362499065,0.9939541574,0.6281878545
0,1086,0.61763337065,0.58830380185,0.4126493285,0.3972778063
0,1086,1.10804711275,0.7318242637000001,0.7423009551,0.50694952
0,1086,1.12597995845,0.7243966136,0.7552474895,0.503927924
0,1086,1.0598169808,0.75127197295,0.710085275,0.5198455223
0,1086,1.1903606883,0.74718512955,0.7978355862,0.5136630957
0,1086,1.1998666787499999,0.75266130085,0.8070015201,0.5180627711
0,1086,1.23260695335,0.7381385174,0.8257293231,0.5087232176
0,1086,1.2425769518499998,0.74083548425,0.8318151451,0.5093680863
0,1086,1.25523892245,0.74171787485,0.8414004769,0.5088464025
0,1086,1.29471070965,0.73699226705,0.8679617729,0.5096425773
0,1086,1.35733473845,0.72326085725,0.9085272823,0.5028523197
0,1086,1.3676072066,0.720684126,0.9155202818,0.5022731588
0,1086,1.3338776346,0.73217859175,0.8939895986,0.5080178539
0,1086,0.57209366725,0.67677674285,0.3848154835,0.4657535073
0,1086,0.6022181468,0.61190845195,0.4030894662,0.4166465017
0,1086,0.5787626638,0.6844225044,0.3879036222,0.4651338792
0,1086,0.7325799403,0.7031741093,0.4930960666,0.4841417992
0,1086,0.6144268373999999,0.7868161593,0.4154126924,0.5526264168
0,1086,0.92089782005,0.76449233015,0.6188618497,0.5342750255
0,1086,1.07294766745,0.7647507029,0.7196009901,0.5263463366
0,1086,0.9208206397500001,0.76609682005,0.6190930819,0.5328364511
0,1086,1.0507077743000002,0.7246259048,0.704308946,0.5047028364
0,1086,1.22536828905,0.754037254,0.8211338529,0.523419667
0,1086,1.1385672957000001,0.7705717369,0.7629294004,0.5381516452
0,1086,1.14856677705,0.7685543446,0.7720570529,0.530788674
0,1086,1.18639647585,0.76596965705,0.7969185297,0.5283170203
0,1086,1.2296757223500001,0.76425137885,0.8260289371,0.5280895809
0,1086,1.34022069865,0.7119744889,0.8977972121,0.4959056804
0,1086,1.15396484525,0.7193295725,0.7735538879,0.497583217
0,1086,1.06551265635,0.7524750146,0.7139120293,0.5225352874
0,1086,1.1274419851,0.73923641295,0.7570823742,0.5125492191
0,1086,0.51252898895,0.6352907382999999,0.3438117443,0.4342903344
0,1086,1.2070338741,1.3533745581,0.8267647742,0.9761324504
0,1086,1.30615153335,1.39882721965,0.8872131671,0.9875874091
0,1086,1.30604031655,1.4125613729,0.8892132177,1.019005588
0,1086,0.8725671222,1.0625652962499998,0.5958326336,0.7537940393
0,1086,0.88733078985,1.07811045925,0.6065119191,0.7617464597
0,1086,0.5548216393500001,0.65511225465,0.3728157971,0.4498066903
0,1086,0.5401875574,0.67130057165,0.363083514,0.4618652275
0,1086,0.55025048095,0.669061227,0.3693996421,0.4609970348
0,1086,0.88765201435,0.9318016021,0.6011432565,0.6648829552
0,1086,0.42894892305,0.71063351595,0.2894933977,0.4885657549
0,1086,0.9707774497,0.67264216195,0.6496490766,0.4603293947
0,1086,0.91602079605,0.6569076948,0.6137231845,0.4504611614
0,1086,0.99512012035,0.68223556125,0.6657550643,0.4690452047
0,1086,1.21266348335,0.7478268431999999,0.8125183689,0.519129596
0,1086,0.6147266102,0.61234748905,0.411809195,0.4162459679
