1,1126,0.3734642661,0.3973555856,0.0024385892000000076,0.010415980800000002,-1,-1,-1,-1
2,1126,0.3732847061,0.3972849966,0.0023447765000000342,0.010461329299999989,-1,-1,-1,-1
3,1126,0.3728233257,0.3972068754,0.002806156900000023,0.010415168199999991,-1,-1,-1,-1
4,1126,0.3732966143,0.3971204687,0.002099783799999977,0.010460147400000008,-1,-1,-1,-1
5,1126,0.3728815918,0.3969420011,0.002468189399999987,0.010390050500000025,-1,-1,-1,-1
6,1126,0.3730463672,0.397012098,0.002070329400000015,0.010361381000000003,-1,-1,-1,-1
7,1126,0.3724785911,0.3967566937,0.002405021000000007,0.010119656099999985,-1,-1,-1,-1
8,1126,0.3722138249,0.3966739036,0.0021102298999999825,0.009995309100000016,-1,-1,-1,-1
9,1126,0.3718370238,0.3964005474,0.0023471802999999736,0.00972997149999999,-1,-1,-1,-1
10,1126,0.3716585374,0.3962618304,0.002129423000000019,0.009578696499999984,-1,-1,-1,-1
11,1126,0.3713790478,0.3960954951,0.0021758280000000463,0.009123620300000024,-1,-1,-1,-1
12,1126,0.3709713617,0.3959291597,0.0022805041999999776,0.008958399100000014,-1,-1,-1,-1
13,1126,0.3710764616,0.3957213969,0.002012090799999977,0.008834742499999992,-1,-1,-1,-1
14,1126,0.3705986383,0.3954264094,0.0023500632999999826,0.008839737999999986,-1,-1,-1,-1
15,1126,0.3707522622,0.3951012928,0.0020798971999999583,0.008460451099999988,-1,-1,-1,-1
16,1126,0.3704537021,0.3949584569,0.0021919895999999994,0.008479004700000015,-1,-1,-1,-1
17,1126,0.3704452027,0.3948984759,0.002083946800000014,0.008538985700000001,-1,-1,-1,-1
18,1126,0.3699705343,0.3947452832,0.0022556053000000187,0.008692178399999972,-1,-1,-1,-1
19,1126,0.3700452794,0.3946335179,0.0021575517000000377,0.008596806499999998,-1,-1,-1,-1
20,1126,0.3694246556,0.3944734206,0.0024052401999999917,0.008798331299999962,-1,-1,-1,-1
21,1126,0.3696524596,0.3943961781,0.0019909686000000315,0.00887557379999998,-1,-1,-1,-1
22,1126,0.3689477711,0.3942153671,0.00241580130000002,0.008973529899999999,-1,-1,-1,-1
23,1126,0.369167857,0.3939931286,0.0019626308000000314,0.009030058699999954,-1,-1,-1,-1
24,1126,0.3685836469,0.3938330313,0.0024302987,0.009148728599999989,-1,-1,-1,-1
25,1126,0.3688155415,0.3937143614,0.001895394100000003,0.0093502533,-1,-1,-1,-1
26,1126,0.3681965673,0.3935624538,0.0024677513999999956,0.009046459200000023,-1,-1,-1,-1
27,1126,0.3683545415,0.3933276913,0.0021466180999999973,0.00890823759999998,-1,-1,-1,-1
28,1126,0.3681989111,0.3933075983,0.0020691638999999484,0.008845475800000002,-1,-1,-1,-1
29,1126,0.3679407235,0.3931507947,0.0020474957000000127,0.008753714800000034,-1,-1,-1,-1
30,1126,0.367635919,0.393076846,0.0020259818000000207,0.008703381200000027,-1,-1,-1,-1
31,1126,0.3670339316,0.3928682581,0.002185108600000041,0.008663404500000027,-1,-1,-1,-1
32,1126,0.366738284,0.3927484433,0.0022709800999999863,0.008658936999999978,-1,-1,-1,-1
33,1126,0.3664814838,0.3926631513,0.002014994300000017,0.008246962699999971,-1,-1,-1,-1
34,1126,0.3662619771,0.3924784336,0.0020620801999999827,0.00826983910000001,-1,-1,-1,-1
35,1126,0.3660541247,0.3922937158,0.0021091659999999957,0.008292715499999992,-1,-1,-1,-1
36,1126,0.365955045,0.3921918529,0.00212172660000004,0.007972567399999964,-1,-1,-1,-1
37,1126,0.3657161146,0.3920071351,0.0023373485000000027,0.008115857700000007,-1,-1,-1,-1
38,1126,0.3655238011,0.3917395625,0.0022504235999999955,0.008361344799999948,-1,-1,-1,-1
39,1126,0.3653230912,0.3916502237,0.0021010436000000188,0.008224204499999999,-1,-1,-1,-1
40,1126,0.365034142,0.3915579258,0.0020864536999999905,0.0082347646,-1,-1,-1,-1
41,1126,0.3643614999,0.3915038687,0.0020136001000000125,0.008246277299999993,-1,-1,-1,-1
42,1126,0.3642016437,0.3914843344,0.0020569140999999735,0.008099964699999962,-1,-1,-1,-1
43,1126,0.3634442436,0.3913706468,0.0020423567000000253,0.008124699299999982,-1,-1,-1,-1
44,1126,0.3636191816,0.391004252,0.0017535005000000048,0.008331482499999987,-1,-1,-1,-1
45,1126,0.3628901152,0.3908265821,0.002412641600000043,0.008467724900000029,-1,-1,-1,-1
46,1126,0.3630207217,0.3906540906,0.0018857912999999948,0.008723071299999996,-1,-1,-1,-1
47,1126,0.3626318826,0.3906119368,0.0022280135000000145,0.008516660499999995,-1,-1,-1,-1
48,1126,0.3627169822,0.3904729589,0.0021895308000000058,0.008655638399999999,-1,-1,-1,-1
49,1126,0.3626295991,0.3902925536,0.002370147700000047,0.008587479100000017,-1,-1,-1,-1
50,1126,0.3630957919,0.3904539247,0.00192726339999999,0.008301825799999996,-1,-1,-1,-1
51,1126,0.3632512052,0.3899386477,0.002191556600000033,0.008319836400000002,-1,-1,-1,-1
52,1126,0.3635231609,0.3898583587,0.0019196009000000402,0.008441552799999974,-1,-1,-1,-1
53,1126,0.3635620319,0.3897780697,0.0018967834999999988,0.00837204469999997,-1,-1,-1,-1
54,1126,0.3634121809,0.3896886891,0.0018872681000000058,0.00830681710000003,-1,-1,-1,-1
55,1126,0.3633465988,0.3895578811,0.0018777529000000293,0.008241589399999971,-1,-1,-1,-1
56,1126,0.3627507494,0.3894719528,0.0018682376999999972,0.008176361799999976,-1,-1,-1,-1
57,1126,0.3624621478,0.3893860246,0.0018587224999999652,0.008111134100000028,-1,-1,-1,-1
58,1126,0.3618495587,0.3892586689,0.0018492071999999804,0.008045906500000033,-1,-1,-1,-1
59,1126,0.3616254438,0.3892187711,0.00190571610000001,0.008252591799999986,-1,-1,-1,-1
60,1126,0.3610515478,0.3892565497,0.002083368299999999,0.007841966400000011,-1,-1,-1,-1
61,1126,0.3610405608,0.3890280091,0.0017214200999999818,0.007863232599999992,-1,-1,-1,-1
62,1126,0.3606527539,0.3890273194,0.0019227592999999654,0.007822494899999977,-1,-1,-1,-1
63,1126,0.3604653996,0.3889272039,0.0018220767000000082,0.008117264499999999,-1,-1,-1,-1
64,1126,0.3598076699,0.38886248,0.0021800381000000035,0.008004344299999966,-1,-1,-1,-1
65,1126,0.3601356358,0.3887505673,0.001732133899999988,0.007796634699999971,-1,-1,-1,-1
66,1126,0.3596045075,0.3886386545,0.002043607100000011,0.007659982899999973,-1,-1,-1,-1
67,1126,0.3598325249,0.3885267418,0.001695651500000006,0.0073458240999999536,-1,-1,-1,-1
68,1126,0.3592891193,0.3884748266,0.0021590982999999953,0.007539717400000034,-1,-1,-1,-1
69,1126,0.3594890837,0.3883802767,0.0017593912000000156,0.007563209699999962,-1,-1,-1,-1
70,1126,0.3591805842,0.3882107216,0.0019280400000000197,0.0075197290000000305,-1,-1,-1,-1
71,1126,0.3589396946,0.3881166653,0.001929053199999975,0.007258634300000011,-1,-1,-1,-1
72,1126,0.358524576,0.38773344,0.001984511500000008,0.0075354102999999895,-1,-1,-1,-1
73,1126,0.3582525239,0.3875692862,0.001876990799999978,0.00759297760000005,-1,-1,-1,-1
74,1126,0.3582403225,0.3875257658,0.001789320900000002,0.007636498000000047,-1,-1,-1,-1
75,1126,0.358253089,0.3874378344,0.001782883199999974,0.007592087999999997,-1,-1,-1,-1
76,1126,0.3586986312,0.3872788454,0.0017764455000000012,0.007547677899999994,-1,-1,-1,-1
77,1126,0.3588346032,0.3871909139,0.0017700078000000286,0.007503268000000007,-1,-1,-1,-1
78,1126,0.3587507656,0.3871029825,0.0017635701999999531,0.007458857999999957,-1,-1,-1,-1
79,1126,0.3586805909,0.3870581257,0.0017420784000000133,0.007448453600000016,-1,-1,-1,-1
80,1126,0.3584040232,0.3869747793,0.001720586600000018,0.007438049199999963,-1,-1,-1,-1
81,1126,0.3582183177,0.3868914329,0.0016990948999999755,0.0074276448999999745,-1,-1,-1,-1
82,1126,0.3578567801,0.3868080864,0.0016776030999999803,0.007417240600000041,-1,-1,-1,-1
83,1126,0.3574197944,0.3867602689,0.0016561113999999932,0.007406836200000044,-1,-1,-1,-1
84,1126,0.3570625938,0.3866724813,0.0017881975000000327,0.007566444700000008,-1,-1,-1,-1
85,1126,0.3567055476,0.3866912803,0.001744766100000017,0.007531752800000013,-1,-1,-1,-1
86,1126,0.3563818691,0.3863371638,0.001701334599999993,0.007497060900000019,-1,-1,-1,-1
87,1126,0.3563258519,0.3863879112,0.0018455983000000287,0.0076735078000000345,-1,-1,-1,-1
88,1126,0.3563646892,0.3863764833,0.0017552431000000257,0.00758603120000001,-1,-1,-1,-1
89,1126,0.3566899685,0.3862347829,0.0016648878000000145,0.007498554699999993,-1,-1,-1,-1
90,1126,0.3565656724,0.3861463758,0.0015745326000000115,0.007411078100000024,-1,-1,-1,-1
91,1126,0.3567011652,0.3860579687,0.0014841775000000168,0.007323601499999999,-1,-1,-1,-1
92,1126,0.3565394339,0.3860160441,0.0014870717000000089,0.0073518427,-1,-1,-1,-1
93,1126,0.3566945829,0.3859385905,0.001489965900000001,0.007380084099999962,-1,-1,-1,-1
94,1126,0.3568730403,0.3859025873,0.0014928602000000013,0.0074083254000000265,-1,-1,-1,-1
95,1126,0.3572392311,0.3858310553,0.0014957545000000017,0.007436566599999972,-1,-1,-1,-1
96,1126,0.3575805313,0.3858039342,0.0014986486999999937,0.007464808000000045,-1,-1,-1,-1
97,1126,0.3580417696,0.3856703639,0.001501542999999994,0.007493049299999999,-1,-1,-1,-1
98,1126,0.3584430389,0.3856964676,0.0017264551999999767,0.007548062900000041,-1,-1,-1,-1
99,1126,0.3587043031,0.3857225712,0.0015073314999999865,0.007549531800000009,-1,-1,-1,-1
100,1126,0.3598773945,0.3858410063,0.001529743799999983,0.007587800400000011,-1,-1,-1,-1
101,1126,0.3611419557,0.3862232522,0.0016649441000000098,0.007092335900000024,-1,-1,-1,-1
102,1126,0.3624198433,0.3860609058,0.0016685584000000198,0.007219559999999958,-1,-1,-1,-1
103,1126,0.3640572368,0.3855221185,0.0016721726999999742,0.007346783999999995,-1,-1,-1,-1
104,1126,0.3650452737,0.3849211557,0.0016578426999999674,0.007506623399999968,-1,-1,-1,-1
105,1126,0.3656602725,0.3840716283,0.001802143799999989,0.007574928199999997,-1,-1,-1,-1
106,1126,0.3669147873,0.3836304767,0.0014666921,0.007945022199999985,-1,-1,-1,-1
107,1126,0.3676098993,0.3835446132,0.001686629900000014,0.0078556803,-1,-1,-1,-1
108,1126,0.3686883484,0.3835981122,0.0015307943000000268,0.007735955299999986,-1,-1,-1,-1
