12,1400,0.2585137603,0.3919796221,0.001865988499999971,0.009999923200000038,-1,-1,-1,-1
13,1400,0.2575052452,0.3921509561,0.0019490343999999937,0.010131018499999978,-1,-1,-1,-1
14,1400,0.2571752993,0.3918280416,0.002032080500000033,0.010262113999999989,-1,-1,-1,-1
15,1400,0.2570233313,0.3914261132,0.0021151265000000086,0.010393209399999992,-1,-1,-1,-1
16,1400,0.2567119087,0.3912679482,0.0021551059000000095,0.010237102100000006,-1,-1,-1,-1
17,1400,0.2563560303,0.3909121113,0.0022440176000000367,0.010316116000000042,-1,-1,-1,-1
18,1400,0.255763054,0.390785593,0.0024524816000000005,0.010306829100000026,-1,-1,-1,-1
19,1400,0.2552219342,0.390619141,0.0026693669000000253,0.010185209600000023,-1,-1,-1,-1
20,1400,0.2550126416,0.390452689,0.00267598400000002,0.01027950649999998,-1,-1,-1,-1
21,1400,0.2548468235,0.3903943324,0.002416152700000007,0.010085732000000014,-1,-1,-1,-1
22,1400,0.2543397784,0.390173787,0.002720522300000028,0.010054146200000003,-1,-1,-1,-1
23,1400,0.2538204925,0.3899245167,0.0026520801000000094,0.009871171999999984,-1,-1,-1,-1
24,1400,0.2533469166,0.3897652688,0.0025945589999999963,0.009825134600000007,-1,-1,-1,-1
25,1400,0.2527111592,0.3897500566,0.0025370378000000304,0.009779097299999984,-1,-1,-1,-1
26,1400,0.2521564411,0.3894828505,0.0023501945999999663,0.009736420800000034,-1,-1,-1,-1
27,1400,0.251358605,0.3893236026,0.0025197056999999856,0.009751632900000029,-1,-1,-1,-1
28,1400,0.2509346632,0.3892131923,0.0024369587999999998,0.009862043200000004,-1,-1,-1,-1
29,1400,0.2501169695,0.3890204759,0.0024411830000000134,0.0098991618,-1,-1,-1,-1
30,1400,0.2496843284,0.3888997773,0.0022685651000000084,0.009851171999999964,-1,-1,-1,-1
31,1400,0.249073339,0.3885845619,0.0021701901999999773,0.009698202499999975,-1,-1,-1,-1
32,1400,0.2482293422,0.3884044657,0.0022442747999999735,0.009804120299999997,-1,-1,-1,-1
33,1400,0.2475954473,0.3883685425,0.0021284530000000024,0.009698031099999949,-1,-1,-1,-1
34,1400,0.246099114,0.3881524374,0.002297490699999988,0.009909952300000024,-1,-1,-1,-1
35,1400,0.2452108072,0.3878641773,0.0024665285000000092,0.01012187349999999,-1,-1,-1,-1
36,1400,0.2440762566,0.3876269984,0.0022217896999999764,0.0098450504,-1,-1,-1,-1
37,1400,0.2432309007,0.3875874914,0.0023997674000000024,0.009766036600000028,-1,-1,-1,-1
38,1400,0.2426747393,0.3873896823,0.0025110614999999947,0.009884694600000021,-1,-1,-1,-1
39,1400,0.2431196838,0.3872710243,0.002155028699999978,0.009133513699999984,-1,-1,-1,-1
40,1400,0.2438970439,0.3873387897,0.0018353479000000061,0.008630074399999965,-1,-1,-1,-1
41,1400,0.2447741982,0.3870677281,0.0018353478000000256,0.008630074399999965,-1,-1,-1,-1
42,1400,0.2453338326,0.3868666267,0.0018353479000000061,0.008630074500000029,-1,-1,-1,-1
43,1400,0.2452064723,0.3866746705,0.0018726772999999863,0.008925187700000003,-1,-1,-1,-1
44,1400,0.2451485742,0.3862768117,0.0019100069000000108,0.009220300999999986,-1,-1,-1,-1
45,1400,0.2451949081,0.3862904837,0.0019473365000000076,0.00951541419999996,-1,-1,-1,-1
46,1400,0.2451253686,0.385920106,0.0019473365000000076,0.009515414300000025,-1,-1,-1,-1
47,1400,0.2459074753,0.3858295692,0.0020915478999999904,0.009811579299999984,-1,-1,-1,-1
48,1400,0.2457169557,0.3857390324,0.0020296493000000193,0.009634689699999976,-1,-1,-1,-1
49,1400,0.2458390936,0.3856484957,0.002070805600000003,0.009694327300000027,-1,-1,-1,-1
50,1400,0.2461696182,0.3855579589,0.0021119621000000033,0.009753964999999976,-1,-1,-1,-1
51,1400,0.2473022393,0.3852616567,0.0019473365000000076,0.009515414299999969,-1,-1,-1,-1
52,1400,0.2478348607,0.3851793506,0.0019473365000000076,0.009515414299999969,-1,-1,-1,-1
53,1400,0.2481359411,0.3850557542,0.0019473364999999798,0.009515414300000025,-1,-1,-1,-1
