1,1294,0.4001938152,0.3783652242,0.0013630042999999703,0.006982853999999983,-1,-1,-1,-1
2,1294,0.4001617082,0.3782512302,0.0013308972999999669,0.0068687228000000045,-1,-1,-1,-1
3,1294,0.4001777617,0.3784508226,0.0013308972999999669,0.006726195999999962,-1,-1,-1,-1
4,1294,0.4001777617,0.3784508226,0.0013308972999999669,0.006726195999999962,-1,-1,-1,-1
5,1294,0.4001777617,0.3784508226,0.0013308972999999669,0.006726195999999962,-1,-1,-1,-1
6,1294,0.4001777617,0.3784508226,0.0013308972999999669,0.006726195999999962,-1,-1,-1,-1
7,1294,0.4001777617,0.3784508226,0.0013308972999999669,0.006726195999999962,-1,-1,-1,-1
8,1294,0.4001777617,0.3784508226,0.0013308972999999669,0.006726195999999962,-1,-1,-1,-1
9,1294,0.4001777617,0.3784508226,0.0013308972999999669,0.006726195999999962,-1,-1,-1,-1
10,1294,0.4001777617,0.3784508226,0.0013308972999999669,0.006726195999999962,-1,-1,-1,-1
11,1294,0.4001777617,0.3784508226,0.0013308972999999669,0.006726195999999962,-1,-1,-1,-1
12,1294,0.4001296012,0.378393757,0.0013308972999999669,0.006726196000000018,-1,-1,-1,-1
13,1294,0.4001296012,0.378393757,0.0013308972999999669,0.006726196000000018,-1,-1,-1,-1
14,1294,0.4001296012,0.378393757,0.0013308972999999669,0.006726196000000018,-1,-1,-1,-1
15,1294,0.4001296012,0.378393757,0.0013308972999999669,0.006726196000000018,-1,-1,-1,-1
16,1294,0.4001456547,0.3783081586,0.0013308972999999669,0.006726196000000018,-1,-1,-1,-1
17,1294,0.4001456547,0.3783081586,0.0013308972999999669,0.006726196000000018,-1,-1,-1,-1
18,1294,0.4001296012,0.3782796258,0.0011867244999999582,0.006583806299999995,-1,-1,-1,-1
19,1294,0.400402202,0.3782796258,0.0011867245000000137,0.006583806299999995,-1,-1,-1,-1
20,1294,0.4005157986,0.3781466099,0.001146629300000035,0.006476945499999998,-1,-1,-1,-1
21,1294,0.4006293952,0.378013594,0.0011065341000000006,0.0063700847000000005,-1,-1,-1,-1
22,1294,0.4007429917,0.3778805782,0.0010664390000000301,0.006263223799999995,-1,-1,-1,-1
23,1294,0.4008993976,0.3778236497,0.0010263437999999958,0.006156363100000006,-1,-1,-1,-1
24,1294,0.4008993976,0.3778236497,0.0010263437999999958,0.006156363100000006,-1,-1,-1,-1
25,1294,0.4008993976,0.3778523197,0.0013790579000000358,0.006127693099999998,-1,-1,-1,-1
26,1294,0.4009955643,0.3777097929,0.001346950800000024,0.005928100599999986,-1,-1,-1,-1
27,1294,0.4009955643,0.3777097929,0.001346950800000024,0.005928100599999986,-1,-1,-1,-1
28,1294,0.4009955643,0.3777097929,0.001346950800000024,0.005928100599999986,-1,-1,-1,-1
29,1294,0.4009955643,0.3777381885,0.0012347306000000113,0.005899704999999977,-1,-1,-1,-1
30,1294,0.4009955643,0.3777381885,0.0012347306000000113,0.005899704999999977,-1,-1,-1,-1
31,1294,0.4007870231,0.3777381885,0.0012347306000000113,0.005899704999999977,-1,-1,-1,-1
32,1294,0.4007069099,0.3777381885,0.001234730699999964,0.005899704999999977,-1,-1,-1,-1
33,1294,0.4007069099,0.3777381885,0.001234730699999964,0.005899704999999977,-1,-1,-1,-1
34,1294,0.4007069099,0.3777381885,0.001234730699999964,0.005899704999999977,-1,-1,-1,-1
35,1294,0.4007069099,0.3777381885,0.0012828911999999693,0.005956770599999994,-1,-1,-1,-1
36,1294,0.4006748029,0.3777096557,0.0012828911999999693,0.005956770599999994,-1,-1,-1,-1
37,1294,0.4006748029,0.3777096557,0.0012828911999999693,0.005956770599999994,-1,-1,-1,-1
38,1294,0.4005625827,0.3776241945,0.0012828912000000248,0.005956770599999994,-1,-1,-1,-1
39,1294,0.4005625827,0.3776241945,0.0012828912000000248,0.005956770599999994,-1,-1,-1,-1
40,1294,0.4005625827,0.3776241945,0.0012828912000000248,0.005956770599999994,-1,-1,-1,-1
41,1294,0.4007069099,0.3776241945,0.0012828911999999693,0.005956770599999994,-1,-1,-1,-1
42,1294,0.4007069099,0.3776241945,0.0012828911999999693,0.005956770599999994,-1,-1,-1,-1
43,1294,0.4007069099,0.3776241945,0.0012828911999999693,0.005956770599999994,-1,-1,-1,-1
44,1294,0.4005946897,0.3776241945,0.001395111399999982,0.005956770599999994,-1,-1,-1,-1
45,1294,0.4005946897,0.3776241945,0.001395111399999982,0.005956770599999994,-1,-1,-1,-1
46,1294,0.4005946897,0.3776241945,0.001395111399999982,0.005956770599999994,-1,-1,-1,-1
47,1294,0.4005304757,0.3776241945,0.001459325399999989,0.005956770599999994,-1,-1,-1,-1
48,1294,0.4005304757,0.3776241945,0.001459325399999989,0.005956770599999994,-1,-1,-1,-1
49,1294,0.4005304757,0.3776241945,0.001459325399999989,0.005956770599999994,-1,-1,-1,-1
50,1294,0.4005946897,0.3778523197,0.001395111399999982,0.00572864540000001,-1,-1,-1,-1
51,1294,0.4005946897,0.3778523197,0.001395111399999982,0.00572864540000001,-1,-1,-1,-1
52,1294,0.4005946897,0.3778523197,0.001395111399999982,0.00572864540000001,-1,-1,-1,-1
53,1294,0.4005946897,0.3778523197,0.001395111399999982,0.00572864540000001,-1,-1,-1,-1
54,1294,0.4005946897,0.3778523197,0.001395111399999982,0.00572864540000001,-1,-1,-1,-1
55,1294,0.4005946897,0.3778523197,0.001395111399999982,0.00572864540000001,-1,-1,-1,-1
56,1294,0.4005946897,0.3778523197,0.001395111399999982,0.00572864540000001,-1,-1,-1,-1
57,1294,0.4005946897,0.3778523197,0.001395111399999982,0.00572864540000001,-1,-1,-1,-1
58,1294,0.4002578749,0.3777099301,0.001411164800000031,0.005842502200000044,-1,-1,-1,-1
59,1294,0.4002578749,0.3777099301,0.001411164800000031,0.005842502200000044,-1,-1,-1,-1
60,1294,0.4003060354,0.3776527273,0.001635605200000001,0.005899705000000033,-1,-1,-1,-1
61,1294,0.4002098687,0.3777097929,0.001475224499999983,0.005842639400000016,-1,-1,-1,-1
62,1294,0.4002098687,0.3777381885,0.0012668376999999675,0.005814243800000007,-1,-1,-1,-1
63,1294,0.4002899819,0.3777097929,0.001346950800000024,0.005842639400000016,-1,-1,-1,-1
64,1294,0.4008992433,0.3776527273,0.001346950800000024,0.005842639400000016,-1,-1,-1,-1
65,1294,0.4008351836,0.3777667213,0.001427218400000041,0.006127693099999998,-1,-1,-1,-1
66,1294,0.4007709696,0.3777667213,0.0014272182999999772,0.006127693099999998,-1,-1,-1,-1
67,1294,0.4006587494,0.3777667213,0.0014272183999999855,0.006127693099999998,-1,-1,-1,-1
68,1294,0.4006587494,0.3777667213,0.0014272183999999855,0.006127693099999998,-1,-1,-1,-1
69,1294,0.4006587494,0.3777667213,0.0014272183999999855,0.006127693099999998,-1,-1,-1,-1
70,1294,0.4007229634,0.3778237869,0.0012668376999999675,0.006070627499999981,-1,-1,-1,-1
71,1294,0.4007229634,0.3778237869,0.0012668376999999675,0.006070627499999981,-1,-1,-1,-1
72,1294,0.4007229634,0.3778237869,0.0012668376999999675,0.006070627499999981,-1,-1,-1,-1
73,1294,0.4007229634,0.3778237869,0.0012668376999999675,0.006070627499999981,-1,-1,-1,-1
74,1294,0.4008833441,0.3777952541,0.001266837700000023,0.0060706275000000365,-1,-1,-1,-1
75,1294,0.401091731,0.3776527273,0.001379057799999972,0.006241687100000004,-1,-1,-1,-1
76,1294,0.401155945,0.3775672661,0.0014431174999999796,0.006298615499999993,-1,-1,-1,-1
77,1294,0.401155945,0.3775672661,0.0014431174999999796,0.006298615499999993,-1,-1,-1,-1
78,1294,0.401155945,0.3775672661,0.0014431174999999796,0.006298615499999993,-1,-1,-1,-1
79,1294,0.401155945,0.3775672661,0.0014431174999999796,0.006298615499999993,-1,-1,-1,-1
80,1294,0.401188052,0.3775672661,0.0014431174999999796,0.006298615499999993,-1,-1,-1,-1
81,1294,0.401188052,0.3775672661,0.0014431174999999796,0.006298615499999993,-1,-1,-1,-1
82,1294,0.401188052,0.3775672661,0.0014431174999999796,0.006298615499999993,-1,-1,-1,-1
83,1294,0.4012200046,0.3777097929,0.0014111648999999837,0.006156088700000006,-1,-1,-1,-1
84,1294,0.4012200046,0.3777097929,0.0014111648999999837,0.006156088700000006,-1,-1,-1,-1
85,1294,0.4012200046,0.3777097929,0.0014111648999999837,0.006156088700000006,-1,-1,-1,-1
86,1294,0.4012200046,0.3777097929,0.0014111648999999837,0.006156088700000006,-1,-1,-1,-1
87,1294,0.4012200046,0.3777097929,0.0014111648999999837,0.006156088700000006,-1,-1,-1,-1
88,1294,0.4012521117,0.3777097929,0.0014111647999999755,0.006156088700000006,-1,-1,-1,-1
89,1294,0.4012521117,0.3777097929,0.0014111647999999755,0.006156088700000006,-1,-1,-1,-1
90,1294,0.4012521117,0.3777097929,0.0014111647999999755,0.006156088700000006,-1,-1,-1,-1
91,1294,0.4012521117,0.3777097929,0.0014111647999999755,0.006156088700000006,-1,-1,-1,-1
92,1294,0.4012521117,0.3777097929,0.0014111647999999755,0.006156088700000006,-1,-1,-1,-1
93,1294,0.4012521117,0.3777097929,0.0014111647999999755,0.006156088700000006,-1,-1,-1,-1
94,1294,0.4012521117,0.3777097929,0.0014111647999999755,0.006156088700000006,-1,-1,-1,-1
95,1294,0.4013002722,0.3777097929,0.001411164800000031,0.006156088700000006,-1,-1,-1,-1
96,1294,0.4013002722,0.3777097929,0.001411164800000031,0.006156088700000006,-1,-1,-1,-1
97,1294,0.4012842187,0.3777097929,0.001411164800000031,0.006156088700000006,-1,-1,-1,-1
98,1294,0.4012842187,0.3777097929,0.001411164800000031,0.006156088700000006,-1,-1,-1,-1
99,1294,0.4012842187,0.3777097929,0.001411164800000031,0.006156088700000006,-1,-1,-1,-1
100,1294,0.4012842187,0.3777097929,0.001411164800000031,0.006156088700000006,-1,-1,-1,-1
101,1294,0.4011398915,0.3777097929,0.0014591709999999813,0.006213154299999968,-1,-1,-1,-1
102,1294,0.4009955643,0.3777097929,0.0014591709999999813,0.006213154299999968,-1,-1,-1,-1
103,1294,0.4008672906,0.3776813973,0.0014591710000000369,0.006213154300000023,-1,-1,-1,-1
104,1294,0.4008672906,0.3776813973,0.0014591710000000369,0.006213154300000023,-1,-1,-1,-1
105,1294,0.4007711239,0.3775104748,0.0014591709999999813,0.006213154300000023,-1,-1,-1,-1
106,1294,0.4007390169,0.3775104748,0.0014912779999999848,0.00641247239999998,-1,-1,-1,-1
107,1294,0.4008192845,0.3775104748,0.0014912780000000403,0.00641247239999998,-1,-1,-1,-1
108,1294,0.4011882064,0.3775675404,0.0014912779999999848,0.00641247239999998,-1,-1,-1,-1
109,1294,0.4013325335,0.3776815345,0.0014912780000000403,0.006412472299999972,-1,-1,-1,-1
110,1294,0.401348587,0.3777955285,0.0014912781000000486,0.006412472300000027,-1,-1,-1,-1
111,1294,0.401348587,0.3777955285,0.0014912781000000486,0.006412472300000027,-1,-1,-1,-1
112,1294,0.401348587,0.3777955285,0.0015391298000000386,0.006497933499999997,-1,-1,-1,-1
113,1294,0.401348587,0.3777955285,0.0015391298000000386,0.006497933499999997,-1,-1,-1,-1
114,1294,0.4014926055,0.3778523197,0.0013951113000000293,0.00644114229999998,-1,-1,-1,-1
115,1294,0.4014926055,0.3778523197,0.0013951113000000293,0.00644114229999998,-1,-1,-1,-1
116,1294,0.4014926055,0.3778523197,0.0013951113000000293,0.00644114229999998,-1,-1,-1,-1
117,1294,0.4014926055,0.3778523197,0.0013951113000000293,0.00644114229999998,-1,-1,-1,-1
118,1294,0.4014926055,0.3778523197,0.0013951113000000293,0.00644114229999998,-1,-1,-1,-1
119,1294,0.4014926055,0.3777381885,0.0013149982000000282,0.0065552734999999585,-1,-1,-1,-1
120,1294,0.4014926055,0.3777381885,0.0013149982000000282,0.0065552734999999585,-1,-1,-1,-1
121,1294,0.4014926055,0.3777381885,0.0013149982000000282,0.0065552734999999585,-1,-1,-1,-1
122,1294,0.4014926055,0.3777381885,0.0013149982000000282,0.0065552734999999585,-1,-1,-1,-1
123,1294,0.4014926055,0.3777381885,0.0013149982000000282,0.0065552734999999585,-1,-1,-1,-1
124,1294,0.4014606529,0.3777381885,0.001346950800000024,0.0065552734999999585,-1,-1,-1,-1
125,1294,0.4014606529,0.3777381885,0.001346950800000024,0.0065552734999999585,-1,-1,-1,-1
126,1294,0.4014606529,0.3777381885,0.001346950800000024,0.0065552734999999585,-1,-1,-1,-1
127,1294,0.4014606529,0.3777381885,0.001346950800000024,0.0065552734999999585,-1,-1,-1,-1
128,1294,0.4014606529,0.3777381885,0.001346950800000024,0.0065552734999999585,-1,-1,-1,-1
129,1294,0.4014606529,0.3777381885,0.001346950800000024,0.0065552734999999585,-1,-1,-1,-1
130,1294,0.4014606529,0.3777381885,0.001346950800000024,0.0065552734999999585,-1,-1,-1,-1
131,1294,0.4014606529,0.3777381885,0.001346950800000024,0.0065552734999999585,-1,-1,-1,-1
132,1294,0.4014606529,0.3777381885,0.001346950800000024,0.0065552734999999585,-1,-1,-1,-1
133,1294,0.4014606529,0.3777381885,0.001346950800000024,0.0065552734999999585,-1,-1,-1,-1
134,1294,0.4014606529,0.3777381885,0.001346950800000024,0.0065552734999999585,-1,-1,-1,-1
135,1294,0.4014606529,0.3777381885,0.001346950800000024,0.0065552734999999585,-1,-1,-1,-1
136,1294,0.4014606529,0.3777381885,0.001346950800000024,0.0065552734999999585,-1,-1,-1,-1
137,1294,0.4014606529,0.3777381885,0.001346950800000024,0.0065552734999999585,-1,-1,-1,-1
138,1294,0.4014606529,0.3777381885,0.001346950800000024,0.0065552734999999585,-1,-1,-1,-1
139,1294,0.4014606529,0.3777381885,0.001346950800000024,0.0065552734999999585,-1,-1,-1,-1
140,1294,0.4014606529,0.3777381885,0.001346950800000024,0.0065552734999999585,-1,-1,-1,-1
141,1294,0.4014606529,0.3777381885,0.001346950800000024,0.0065552734999999585,-1,-1,-1,-1
142,1294,0.4014606529,0.3777381885,0.001346950800000024,0.0065552734999999585,-1,-1,-1,-1
143,1294,0.4014606529,0.3777381885,0.001346950800000024,0.0065552734999999585,-1,-1,-1,-1
144,1294,0.4014606529,0.3777381885,0.001346950800000024,0.0065552734999999585,-1,-1,-1,-1
145,1294,0.4014606529,0.3777381885,0.001346950800000024,0.0065552734999999585,-1,-1,-1,-1
146,1294,0.4014606529,0.3777381885,0.001346950800000024,0.0065552734999999585,-1,-1,-1,-1
147,1294,0.4014606529,0.3777381885,0.001346950800000024,0.0065552734999999585,-1,-1,-1,-1
148,1294,0.4014606529,0.3777381885,0.001346950800000024,0.0065552734999999585,-1,-1,-1,-1
149,1294,0.4014606529,0.3777381885,0.001346950800000024,0.0065552734999999585,-1,-1,-1,-1
150,1294,0.4014606529,0.3777381885,0.001346950800000024,0.0065552734999999585,-1,-1,-1,-1
151,1294,0.4014606529,0.3777381885,0.001346950800000024,0.0065552734999999585,-1,-1,-1,-1
152,1294,0.4014606529,0.3777381885,0.001346950800000024,0.0065552734999999585,-1,-1,-1,-1
153,1294,0.4014606529,0.3777381885,0.001346950800000024,0.0065552734999999585,-1,-1,-1,-1
154,1294,0.4014606529,0.3777381885,0.001346950800000024,0.0065552734999999585,-1,-1,-1,-1
155,1294,0.4014606529,0.3777381885,0.001346950800000024,0.0065552734999999585,-1,-1,-1,-1
156,1294,0.4014606529,0.3777381885,0.001346950800000024,0.0065552734999999585,-1,-1,-1,-1
157,1294,0.4014606529,0.3777381885,0.001346950800000024,0.0065552734999999585,-1,-1,-1,-1
158,1294,0.4014606529,0.3777381885,0.001346950800000024,0.0065552734999999585,-1,-1,-1,-1
159,1294,0.4014606529,0.3777381885,0.001346950800000024,0.0065552734999999585,-1,-1,-1,-1
160,1294,0.4014606529,0.3777381885,0.001346950800000024,0.0065552734999999585,-1,-1,-1,-1
161,1294,0.4014606529,0.3777381885,0.001346950800000024,0.0065552734999999585,-1,-1,-1,-1
162,1294,0.4014606529,0.3777381885,0.001346950800000024,0.0065552734999999585,-1,-1,-1,-1
163,1294,0.4014606529,0.3777381885,0.001346950800000024,0.0065552734999999585,-1,-1,-1,-1
164,1294,0.4014606529,0.3777381885,0.001346950800000024,0.0065552734999999585,-1,-1,-1,-1
165,1294,0.4014606529,0.3777381885,0.001346950800000024,0.0065552734999999585,-1,-1,-1,-1
166,1294,0.4014606529,0.3777381885,0.001346950800000024,0.0065552734999999585,-1,-1,-1,-1
167,1294,0.4014606529,0.3777381885,0.001346950800000024,0.0065552734999999585,-1,-1,-1,-1
168,1294,0.4014606529,0.3777381885,0.001346950800000024,0.0065552734999999585,-1,-1,-1,-1
169,1294,0.4014606529,0.3777381885,0.001346950800000024,0.0065552734999999585,-1,-1,-1,-1
170,1294,0.4014606529,0.3777381885,0.001346950800000024,0.0065552734999999585,-1,-1,-1,-1
171,1294,0.4014606529,0.3777381885,0.001346950800000024,0.0065552734999999585,-1,-1,-1,-1
172,1294,0.4014606529,0.3777381885,0.001346950800000024,0.0065552734999999585,-1,-1,-1,-1
173,1294,0.4014606529,0.3777381885,0.001346950800000024,0.0065552734999999585,-1,-1,-1,-1
174,1294,0.4014606529,0.3777381885,0.001346950800000024,0.0065552734999999585,-1,-1,-1,-1
175,1294,0.4014606529,0.3777381885,0.001346950800000024,0.0065552734999999585,-1,-1,-1,-1
176,1294,0.4014606529,0.3777381885,0.001346950800000024,0.0065552734999999585,-1,-1,-1,-1
177,1294,0.4014606529,0.3777381885,0.001346950800000024,0.0065552734999999585,-1,-1,-1,-1
178,1294,0.4014606529,0.3777381885,0.001346950800000024,0.0065552734999999585,-1,-1,-1,-1
179,1294,0.4014606529,0.3777381885,0.001346950800000024,0.0065552734999999585,-1,-1,-1,-1
180,1294,0.4014606529,0.3777381885,0.001346950800000024,0.0065552734999999585,-1,-1,-1,-1
181,1294,0.4015409204,0.3777381885,0.001346950800000024,0.0065552734999999585,-1,-1,-1,-1
182,1294,0.4013644862,0.3777381885,0.001346950800000024,0.0065552734999999585,-1,-1,-1,-1
183,1294,0.401220159,0.3777096557,0.0012345762999999566,0.0065268779000000055,-1,-1,-1,-1
184,1294,0.4009796651,0.3778236497,0.001234576300000012,0.0065268779000000055,-1,-1,-1,-1
185,1294,0.4002901362,0.3778807153,0.001234576300000012,0.0065268779000000055,-1,-1,-1,-1
186,1294,0.4000175354,0.3778807153,0.001234576300000012,0.0065268779000000055,-1,-1,-1,-1
187,1294,0.3997447801,0.3777953913,0.001234576300000012,0.0065268779000000055,-1,-1,-1,-1
188,1294,0.399664667,0.3777952541,0.0011544631000000027,0.006470086700000044,-1,-1,-1,-1
189,1294,0.399664667,0.3777952541,0.0011544631000000027,0.006470086700000044,-1,-1,-1,-1
190,1294,0.399664667,0.3777952541,0.0011544631000000027,0.006470086700000044,-1,-1,-1,-1
191,1294,0.399664667,0.3777952541,0.0011544631000000027,0.006470086700000044,-1,-1,-1,-1
192,1294,0.399664667,0.3777952541,0.0011544631000000027,0.006470086700000044,-1,-1,-1,-1
