65,256,0.2434268615,0.3893011055,0.0013359911999999974,0.006021243799999965,-1,-1,-1,-1
66,256,0.2439039902,0.3892163302,0.0013359911999999974,0.006021243799999965,-1,-1,-1,-1
67,256,0.243736972,0.3890042547,0.001407614500000015,0.0063604823000000255,-1,-1,-1,-1
68,256,0.2440709312,0.3890467795,0.0014076144999999873,0.0063604823000000255,-1,-1,-1,-1
69,256,0.244905945,0.3895555687,0.0016700275999999847,0.006657195999999976,-1,-1,-1,-1
70,256,0.2458840511,0.3895555687,0.0016700276000000125,0.006657195999999976,-1,-1,-1,-1
71,256,0.2456931842,0.3897676442,0.0016700276000000125,0.006657196000000032,-1,-1,-1,-1
72,256,0.2455500147,0.3897676442,0.0016700275999999847,0.006657196000000032,-1,-1,-1,-1
73,256,0.2460509921,0.3898948072,0.0016700275999999847,0.006657195999999976,-1,-1,-1,-1
74,256,0.2458124278,0.3898522824,0.0016700275999999847,0.006657195999999976,-1,-1,-1,-1
75,256,0.2459555972,0.3900218331,0.0016700277000000208,0.006657196000000032,-1,-1,-1,-1
76,256,0.2464804234,0.3903610716,0.001479314999999981,0.006063768600000019,-1,-1,-1,-1
77,256,0.2462895565,0.3903610716,0.001479314999999981,0.006063768600000019,-1,-1,-1,-1
78,256,0.2467905339,0.3905306223,0.0015986357999999978,0.006657470299999968,-1,-1,-1,-1
79,256,0.2477447913,0.3906155348,0.0015986357999999978,0.0066574703000000235,-1,-1,-1,-1
80,256,0.2486751999,0.3908274731,0.001598635900000006,0.006657470400000032,-1,-1,-1,-1
81,256,0.2489853104,0.3909122485,0.0015986358000000256,0.0066574703000000235,-1,-1,-1,-1
82,256,0.2502020581,0.3910817991,0.00159863579999997,0.006657470399999976,-1,-1,-1,-1
83,256,0.2508330071,0.3910817991,0.00159863579999997,0.006657470399999976,-1,-1,-1,-1
84,256,0.2513062768,0.3910817991,0.00159863579999997,0.006657470399999976,-1,-1,-1,-1
85,256,0.2520161041,0.3913620516,0.0015986358999999783,0.0066574703000000235,-1,-1,-1,-1
86,256,0.2529100065,0.3915022464,0.00159863579999997,0.0066574703000000235,-1,-1,-1,-1
87,256,0.2536198339,0.3916424412,0.0015986358000000256,0.006657470299999968,-1,-1,-1,-1
88,256,0.2543296612,0.3918292762,0.0015986358000000256,0.006657470299999968,-1,-1,-1,-1
89,256,0.2547642635,0.3918292762,0.0015986359000000339,0.006657470299999968,-1,-1,-1,-1
90,256,0.2549381508,0.3917262563,0.0015986358000000256,0.006657470299999968,-1,-1,-1,-1
91,256,0.2551119608,0.3919837374,0.0015986359000000339,0.0066574703000000235,-1,-1,-1,-1
92,256,0.2560101082,0.3921897771,0.0015986358000000256,0.006657470399999976,-1,-1,-1,-1
93,256,0.2561549756,0.3925502781,0.0015986358000000256,0.0066574703000000235,-1,-1,-1,-1
94,256,0.2563867481,0.3925502781,0.0017406475999999782,0.0064445717000000124,-1,-1,-1,-1
95,256,0.2567973473,0.3927934928,0.0017406476000000337,0.0064445717000000124,-1,-1,-1,-1
96,256,0.2572078694,0.3927934928,0.001740956299999985,0.0068776392000000075,-1,-1,-1,-1
