0,1086,0.16038130774999998,0.7531025304,0.1109176801,0.5269313962
0,1086,0.32618237154999996,0.63178614225,0.2202997807,0.4339770223
0,1086,0.23829066595,0.7795787735499999,0.1652311643,0.5468884433
0,1086,0.31135259885,0.66618881085,0.2115014565,0.4525643579
0,1086,0.3109706335,0.6420275654,0.2097457588,0.4424914566
0,1086,0.17893664905,0.71286633235,0.1249029057,0.4968165727
0,1086,0.19801010625,0.7206620404999999,0.1369308415,0.503222423
0,1086,0.1964056434,0.7267037921999999,0.1345304566,0.505167729
0,1086,1.0229368313,0.8529494959,0.6892141748,0.6013855418
0,1086,0.21322346505,0.8150475126000001,0.1479579787,0.5750316604
0,1086,0.2898669118,0.80726080185,0.1996436276,0.5691720111
0,1086,0.30637315665,0.8155106905,0.2104047243,0.5783352922
0,1086,0.23899906555,0.7942307091,0.1645631687,0.5562983686
0,1086,0.20481297205,0.7980120595,0.1436556393,0.5629172922
0,1086,0.19126890765,0.8005660194499999,0.1326608407,0.5625836779
0,1086,0.36549478135,0.67278414005,0.2467604335,0.4636959907
0,1086,0.16834330605,0.6992828116,0.1170115289,0.4882656118
0,1086,0.17951785765,0.70008076975,0.1242203245,0.4874521527
0,1086,0.2874292874,0.7530177551,0.1967715166,0.5246309392
0,1086,0.28459646115000004,0.7564564376,0.1951308175,0.5263833744
0,1086,0.26543413304999997,0.75223289735,0.1837314397,0.5274753027
0,1086,0.3109515314,0.6849406901499999,0.2105250484,0.4731308821
0,1086,0.3637815714,0.63788255895,0.2455575784,0.4377227753
0,1086,0.2305851765,0.6920775939,0.1578614478,0.4797471994
0,1086,0.23323751650000002,0.6886765664,0.1588350774,0.478390794
0,1086,0.23582687744999997,0.6917119488,0.1614472451,0.4804639488
0,1086,0.21085387509999998,0.6919671664,0.1445799508,0.4814210322
0,1086,0.37506093385,0.6307041593,0.2520939791,0.4310083766
0,1086,0.30968179949999997,0.6478125219499999,0.2087782264,0.4455201859
0,1086,0.31099841845,0.64410881365,0.2088476887,0.4346062529
0,1086,0.5069755566999999,0.6696829127499999,0.341203204,0.4608571143
0,1086,0.3560562851,0.72552962635,0.2410372818,0.5030726259
0,1086,0.3679794086,0.7246448352,0.2492151534,0.5043804706
0,1086,0.37266996505,0.6708886294,0.2511791609,0.4623782692
0,1086,0.37126802314999996,0.7094010499000001,0.2513574473,0.4833707278
0,1086,0.37189785305,0.7074353732499999,0.2519958057,0.4819030719
0,1086,0.31732257325,0.71285262695,0.2152894663,0.4944251299
0,1086,0.3344241484,0.7097326750999999,0.2276874802,0.490551528
0,1086,0.24008483819999998,0.7698941516,0.1645111492,0.5365531226
0,1086,0.26756473415000004,0.68333674905,0.1822939563,0.4754301045
0,1086,0.26126817135,0.686957671,0.1773873723,0.4750786572
0,1086,0.89386618725,0.7897504422499999,0.6011722763,0.5534397387
0,1086,0.2941882376,0.69607925045,0.201415842,0.4823026683
0,1086,0.3900024636,0.61635888275,0.2618403862,0.4201516463
0,1086,0.36072750785,0.62349297435,0.2429846183,0.4254822043
0,1086,0.35644924875,0.5971958156,0.2396828445,0.407264972
0,1086,0.34247150815,0.61629763335,0.2312297479,0.4214974891
0,1086,0.34372260099999996,0.6807971927500001,0.2325433568,0.4705493497
0,1086,0.3566601439,0.6469127098999999,0.2403330886,0.4424928284
0,1086,0.33557901955,0.63778826945,0.2270183931,0.4389319115
0,1086,0.35683762004999997,0.65656509535,0.2413326509,0.4520138669
0,1086,0.3489453542,0.6581575823,0.2356593576,0.4521655846
0,1086,0.3506175428,0.6646735546,0.2363342222,0.4564514032
0,1086,0.3213143005,0.67468808715,0.2176446236,0.4645971059
0,1086,0.3028115167,0.66352414915,0.2058152742,0.4579378523
0,1086,0.36970245905,0.5944472703,0.2486367641,0.4052623262
0,1086,0.3711136625,0.58982866055,0.2488208392,0.4001832135
0,1086,0.3646591501,0.59781318035,0.2460641128,0.4039799963
0,1086,0.3833730606,0.59726899955,0.2572998684,0.4058285925
0,1086,0.37475283005000004,0.5707079125,0.2509568043,0.3851141916
0,1086,0.38760786724999996,0.59582644705,0.2597597593,0.4042782189
0,1086,0.3900575317,0.6017654532500001,0.2620786418,0.4095717391
0,1086,0.38405328935000005,0.597438413,0.2581759421,0.4071485088
0,1086,0.34944212525,0.64682423085,0.2351281255,0.4437167209
0,1086,0.34623123135,0.6445206874,0.2333899477,0.4431193154
0,1086,0.3303807876,0.6621073173500001,0.222919049,0.4541612345
0,1086,0.3574708073,0.6224411703,0.2401334232,0.4233796936
0,1086,0.38284781,0.6518394877,0.2576398476,0.4469281698
0,1086,0.3477588998,0.62560611625,0.2342558336,0.4237171489
0,1086,0.3551411196,0.618504467,0.2392291786,0.4217064096
0,1086,0.36245827635,0.6164848798,0.2435944971,0.4217062724
0,1086,0.37818110235,0.6183613915499999,0.2543771271,0.4220208191
0,1086,0.34995093650000003,0.62391259855,0.2355548554,0.4260229557
0,1086,0.3518722632,0.62424100005,0.2356609012,0.4206604355
0,1086,0.31902914575,0.64463413265,0.2161488691,0.4436987507
0,1086,0.3216325149,0.6406974294,0.2169412022,0.4380920556
0,1086,0.32307952995,0.63677924505,0.2173123623,0.4361748709
0,1086,0.18898356,0.6951690129,0.130923589,0.4815719268
0,1086,0.1803323801,0.6922468015500001,0.1239085932,0.4789596667
0,1086,0.22610154055,0.69999407395,0.1539897745,0.4867637989
0,1086,0.2307321278,0.6982869758,0.157104772,0.485865976
0,1086,0.34366722415,0.67330095405,0.2319392665,0.4628615435
0,1086,0.3383850035,0.67386770055,0.228135975,0.4631028377
0,1086,0.1980703069,0.6922821246499999,0.135821606,0.4797194897
0,1086,0.20661270115,0.72926838335,0.1453603209,0.5099078775
0,1086,0.24147802,0.7007924436499999,0.1652063894,0.4878944111
0,1086,0.2351865896,0.7037586888,0.1603781434,0.4882064886
0,1086,0.18317871289999998,0.7107696641,0.1269697188,0.495257108
0,1086,0.3655449101,0.67110924415,0.2469932866,0.4622827255
0,1086,0.3699646406,0.5662793613,0.2478745314,0.3823820388
0,1086,0.3642664567,0.5762785301,0.2441711884,0.3903005766
0,1086,0.38078582215,0.5975594031,0.2557278597,0.4058873042
0,1086,0.38383811059999995,0.59731262185,0.2573569046,0.4059476621
0,1086,0.37300230339999996,0.5865224224500001,0.2501255724,0.3979603987
0,1086,0.38727151535,0.5846552387499999,0.2597015653,0.3965374625
0,1086,0.3638245222,0.58368032235,0.2438271186,0.3955292121
0,1086,0.36583209795,0.58561211635,0.2451719855,0.3965123591
0,1086,0.377210367,0.58776682285,0.253227835,0.3983575259
0,1086,0.36393658805,0.58849440925,0.2441057395,0.3995007583
0,1086,0.36251292,0.57887624945,0.243344896,0.3922235227
0,1086,0.36463352625,0.5921313123499999,0.2442639591,0.4008188913
0,1086,0.36464317375,0.59644298875,0.2445910493,0.4043891951
0,1086,0.36846529725,0.5714029193,0.2467184475,0.3863382212
0,1086,0.2277477966,0.7301399369,0.1571123356,0.5105445156
0,1086,0.34127559915,0.70306059545,0.2311968691,0.4874544847
0,1086,0.2764259989,0.69900379375,0.189537869,0.4846241133
0,1086,0.27579863875,0.6773892149999999,0.1877208129,0.4697651092
0,1086,0.32405624685,0.63381005055,0.2185912401,0.4357221871
0,1086,0.31192608715000003,0.81284232505,0.2136679851,0.5673792459
0,1086,0.006387133949999999,0.9627480982,0.0142303517,0.6898155464
0,1086,1.5104809321000001,1.44254893375,1.0327317076,1.0507710989
0,1086,0.22436432744999998,0.9295058092,0.1607829541,0.6669617342
0,1086,0.251234036,0.9261348921,0.1783255762,0.6676406228
0,1086,0.2961578791,0.6683132011999999,0.2004325648,0.456500924
0,1086,0.3453237451,0.67027620295,0.232998026,0.4605981243
0,1086,0.3473209787,0.66620280285,0.2346625738,0.4582596693
0,1086,0.5740843018499999,0.67343374135,0.3857953647,0.4647600721
0,1086,0.33152463845,0.6792509345,0.2244324777,0.468836833
0,1086,0.31463739305,0.6895529898,0.2133326367,0.4769762256
0,1086,0.51404481025,0.6945725677,0.3472661807,0.4803417242
0,1086,0.3752064574,0.6735917006000001,0.253479906,0.4644169926
0,1086,0.35621979165,0.6708914415,0.2405633175,0.4639863942
0,1086,0.3533812927,0.6709421283,0.23849311,0.462616957
0,1086,0.33477686245,0.6885421331,0.2270796081,0.4762664722
0,1086,0.3254667942,0.68704491555,0.2209955612,0.4765450785
0,1086,0.5384986206,0.6861012755,0.3622095242,0.4731878106
0,1086,0.33315719504999997,0.69490926845,0.2256001387,0.4804540721
0,1086,0.32322188905,0.6918808136,0.2191229353,0.4798853366
0,1086,0.1542824037,0.8155165891,0.1100805052,0.5752828314
0,1086,0.13332586485,0.8215586151500001,0.0954258161,0.5777880935
0,1086,0.1126675121,0.79604473665,0.0819142446,0.5614018987
0,1086,0.34591791780000003,0.7103787784,0.2348524374,0.4944890544
0,1086,0.23820789015,0.8253289913999999,0.1673310091,0.559737394
0,1086,0.25412494045,0.80752452445,0.1752751787,0.5656829161
0,1086,0.25297379605000003,0.82314438035,0.1731070293,0.5713555933
0,1086,0.25503304395,0.7994629797499999,0.1731187607,0.5433341893
0,1086,0.25686055804999997,0.80752178095,0.1766441259,0.5686264585
0,1086,0.47873558885,0.75178652365,0.3241170263,0.5263348137
0,1086,0.1288400293,0.9648435442500001,0.0949543216,0.6860408491
0,1086,0.12532091575,0.95729771615,0.0935967199,0.6806031559
0,1086,0.8217350875,0.93744403185,0.5590846168,0.6669530921
0,1086,0.778537112,0.9828826523,0.5324615766,0.7040440854
0,1086,0.65043917135,0.9916629354500001,0.4496565167,0.7092384267
0,1086,0.50501571695,0.93754231905,0.3449938379,0.6705110499
0,1086,0.41585420235000004,0.9692865675,0.2868894883,0.6928420808
0,1086,0.5811080963,0.9664853462,0.3999164292,0.6858140956
0,1086,0.050534195850000005,0.95594933565,0.0451808921,0.6871167277
0,1086,0.05360319375,1.0883535971,0.0479479607,0.7883527466
0,1086,0.0824540438,0.78381898075,0.0623197068,0.5635347255
0,1086,0.06468123145,0.78151927825,0.0505504037,0.5609979127
0,1086,0.72679303765,0.9400471011,0.4927618759,0.6630888182
0,1086,0.41565691795000004,0.9900814522999999,0.2869898101,0.7128071464
0,1086,0.8523661835,0.99025829225,0.5782685554,0.7154057235
0,1086,0.4656680357,0.94254413255,0.3211914294,0.6646929651
0,1086,0.40774617895,0.9371303768,0.2792887711,0.6641839016
0,1086,0.40933107665,0.9225357812,0.2786964893,0.6425531588
0,1086,0.16390813939999999,0.8013466933,0.1155707268,0.5630360874
0,1086,0.15251713555000002,0.80498147015,0.1069477563,0.5651647989
0,1086,1.1394774059500001,0.76363449425,0.7633838381,0.5326186141
0,1086,0.51288015935,0.7785367777000001,0.3459802023,0.5465957078
0,1086,1.0203401769,0.7744315525,0.6849281976,0.5412045176
0,1086,1.0132039308,0.7744126221500001,0.681284052,0.5391869195
0,1086,0.28716895815,0.74237330615,0.1963149179,0.5173409461
0,1086,0.29420953925,0.7355602772000001,0.2005307381,0.513129889
0,1086,0.3669698515,0.81767904605,0.2491885262,0.5559027503
0,1086,0.3774476579,0.8265358739499999,0.2595046784,0.5694130309
0,1086,0.5807110807,0.6680138125999999,0.3894300944,0.4595694346
0,1086,0.35649092605,1.0351412291500002,0.2457938273,0.7430438955
0,1086,0.57370835655,0.951124206,0.3947888779,0.6743533754
0,1086,0.7071319703,1.0010848637,0.480048426,0.7142504598
0,1086,0.48779725230000004,1.0151323291,0.3363155292,0.7320818134
0,1086,1.1220005415,0.7282246041,0.7519170046,0.5045170988
0,1086,0.89977302815,0.67079699515,0.6022200763,0.4604020985
0,1086,0.8961327415,0.6794673311,0.5993569954,0.461463162
0,1086,1.1490268489,0.7806517714000001,0.769842441,0.5453877278
0,1086,1.12008222485,0.7193485715000001,0.7516297395,0.4993128808
0,1086,1.14238652675,0.7259242569,0.7656307383,0.5041963906
0,1086,1.12764234515,0.7166889853,0.7552127583,0.4969734656
0,1086,1.1358923805,0.7278772036000001,0.7607600162,0.5060302974
0,1086,1.1222881153,0.7234337687500001,0.7526539222,0.5019621787
0,1086,1.1023323736,0.71912428715,0.7385672802,0.4983101175
0,1086,1.12275497905,0.72307230765,0.7527226127,0.5021341985
0,1086,1.09617654905,0.71584452425,0.7341079561,0.4966338155
0,1086,1.06984455575,0.71900199405,0.7164850665,0.4980594953
0,1086,0.8737932858,0.67325499985,0.5846561524,0.4625202473
0,1086,1.1562219063499999,0.77605428695,0.7748446515,0.5411552711
0,1086,1.0884364442,0.751763478,0.7291523626,0.5209519914
0,1086,1.07960832845,0.7514859003000001,0.7232596457,0.5209919098
0,1086,1.07988602315,0.7203897443,0.7233034841,0.4990714494
0,1086,1.07605494685,0.73100422005,0.7213659495,0.5061728243
0,1086,1.10854106675,0.7215295473000001,0.7453853891,0.4993139782
0,1086,1.0917559694,0.72373603815,0.7313766992,0.4991030001
0,1086,0.8441362102500001,0.6588512174000001,0.5656890905,0.4525588708
0,1086,1.0635412396,0.72134250665,0.7116307336,0.4986312487
0,1086,1.05298003995,0.7088037816,0.7056884669,0.490802699
0,1086,1.0816226575,0.7144123285999999,0.7245703218,0.4952973008
0,1086,1.13570189935,0.7841853803500001,0.7619035197,0.5465116183
0,1086,0.91953041655,0.71369297285,0.6161162373,0.4926121997
0,1086,1.40323765235,0.7436783388,0.9397373029,0.5165750874
0,1086,1.03715329065,0.6960844630499999,0.6956917641,0.4819945689
0,1086,1.23389300895,0.77545695005,0.8271428033,0.5413274281
0,1086,0.6745564756,0.685517725,0.4532613004,0.4730843792
0,1086,0.7798108959,0.6687296704,0.5226227846,0.4600398142
0,1086,0.9728120771,0.7428571291,0.6547861982,0.513014386
0,1086,0.94039047995,0.7359448526500001,0.6317935655,0.5114315015
0,1086,1.12395860605,0.78705011455,0.7537020309,0.5484566499
0,1086,0.9457108275999999,0.7342886471,0.6368050376,0.5029195364
0,1086,0.7725127254,0.65899936845,0.5172000958,0.4527651849
0,1086,0.9909455915500001,0.689153805,0.6630852429,0.4748433988
0,1086,1.0054383761,0.6849571123,0.6728408476,0.4691905862
0,1086,0.97207909565,0.66932453805,0.6514151165,0.4586163293
0,1086,0.9614741347,0.68260600765,0.6458579796,0.4669451633
0,1086,0.95994673635,0.6847228532,0.6442659041,0.4675480558
0,1086,0.79746936555,0.6288685264,0.5333571769,0.4293536114
0,1086,0.79330911515,0.6284642658999999,0.5312919861,0.4291607406
0,1086,0.8050541837,0.6311982021,0.5387002156,0.4304949234
0,1086,0.78204719545,0.6399375379,0.5234904457,0.4368748848
0,1086,0.79796023235,0.6407827534999999,0.5341607783,0.4380766918
0,1086,1.03085406495,0.7656717773,0.6926689199,0.5305698768
0,1086,1.07535005895,0.73511747005,0.7201843189,0.5095734401
0,1086,0.7708782008,0.6388530171,0.5162875158,0.436525358
0,1086,1.1544460646,0.75969470445,0.7734407416,0.5269541675
0,1086,1.1462972899500001,0.7609505592,0.7691240467,0.5283325212
0,1086,0.74683769105,0.63164190075,0.4997877541,0.4308492513
0,1086,0.96059258115,0.6715003698,0.6430192877,0.4633254758
0,1086,0.9171943226999999,0.6559912843,0.6143380028,0.4470982692
0,1086,0.8087433254,0.61988913085,0.5411472946,0.4230784531
0,1086,0.9559109005499999,0.67321823645,0.6397763253,0.4629778695
0,1086,1.1194477254,0.77493567765,0.7519114476,0.5438309069
0,1086,1.09286937265,0.7284437442,0.7321312139,0.5053992836
0,1086,1.0376971803,0.71981277815,0.6949080752,0.4968683881
0,1086,0.65937132615,0.6454049298,0.4420996379,0.4428350848
0,1086,0.8293704587999999,0.6541064733999999,0.5556857502,0.4492434418
0,1086,0.8497720711000001,0.69666629895,0.570444324,0.4777899591
0,1086,0.74993269875,0.64705955785,0.5027377401,0.4440639157
0,1086,0.55469297985,0.6662178237,0.3723010045,0.4579582916
0,1086,1.1246618731,0.7741572673,0.7547177238,0.5397566152
0,1086,1.099217299,0.7761182114,0.7384671002,0.5436354298
0,1086,0.9896304391,0.7851950025000001,0.6637780134,0.5483360714
0,1086,0.5130769691,0.6632284643,0.3442211086,0.4570120452
0,1086,0.51077190195,0.66378725455,0.3429599823,0.4575156217
0,1086,0.39916141270000005,0.6765568483,0.2696119034,0.4677477854
0,1086,0.699654014,0.6116691027000001,0.4694672116,0.4207439558
0,1086,0.44002202589999995,0.6754466841,0.2980587434,0.467591078
0,1086,0.69508381475,0.7482261653,0.4675044641,0.5224152576
0,1086,0.9724817454,0.71131425635,0.6517002206,0.4907653869
0,1086,0.90813891095,0.65416964345,0.6076637581,0.4496356307
0,1086,1.0235722568,0.72798557345,0.6849274258,0.5023177413
0,1086,0.86059931125,0.6386015718,0.5752142217,0.4359483918
0,1086,0.86412745495,0.63144340575,0.5779527335,0.4317030405
0,1086,0.85577477,0.63232819685,0.5724885218,0.4323461259
0,1086,0.8437998584999999,0.6250974642,0.564156907,0.4275347826
0,1086,0.761976455,0.6174770805,0.5097835308,0.4211984434
0,1086,0.82355322415,0.6616245232,0.5513775451,0.4521703858
0,1086,0.821854717,0.6587052611499999,0.5507022174,0.4486512491
0,1086,0.8195843037999999,0.6617721941,0.5492705226,0.4521680538
0,1086,0.8104159771499999,0.65881781475,0.5434120737,0.4468549173
0,1086,0.80255902135,0.66065708295,0.5382678515,0.4461048339
0,1086,0.7867139803,0.6623603402,0.5266523688,0.4520694236
0,1086,0.7863702191,0.661288234,0.5275961296,0.4503326266
0,1086,0.7835278997499999,0.65891911995,0.5256528837,0.4497947559
0,1086,0.7696820603,0.66065351635,0.51675245,0.4481578237
0,1086,0.7684674737500001,0.659998428,0.5143167937,0.4452338976
0,1086,0.772824148,0.6497890356,0.5184780474,0.4397336518
0,1086,0.90873258195,0.6557093857,0.6090141049,0.4505606146
0,1086,0.7824276172,0.62110232355,0.5231497718,0.4227195983
0,1086,0.9313672523,0.6843418443,0.6231779272,0.4654976724
0,1086,0.9318774913500001,0.67727695855,0.6243549269,0.4643975135
0,1086,0.69049877975,0.6156208656,0.4623866285,0.4195186606
0,1086,0.9056778622499999,0.67749102315,0.6065086775,0.4661900043
0,1086,0.89754382915,0.67823898025,0.6012397319,0.4664027657
0,1086,0.9038276959,0.6558864125,0.6045702168,0.4499486684
0,1086,1.02023783575,0.70548903855,0.6833611285,0.4868506319
0,1086,0.98267109025,0.7062486556500001,0.6575693203,0.4877693057
0,1086,0.74258374375,0.6605072171499999,0.4974545933,0.4530068907
0,1086,0.9719608554,0.7034839234,0.6510742882,0.4853746082
0,1086,0.8515207455,0.6714679961,0.5703697678,0.461446152
0,1086,0.8398469916,0.6503996786499999,0.562024878,0.4462889253
0,1086,0.84622941755,0.6503345196,0.5669713643,0.4465986708
0,1086,0.78828066345,0.6221018631999999,0.5270557131,0.4238961648
0,1086,0.83300781245,0.651300108,0.5573472879,0.4473248854
0,1086,0.88515291575,0.6679080492,0.5924018143,0.4596950886
0,1086,0.7543203223999999,0.7093431612,0.5067994312,0.4905730648
0,1086,0.8794353211,0.66711489225,0.5889436732,0.4597016731
0,1086,0.7856591569,0.62785382865,0.5254361614,0.4278369833
0,1086,0.78184729845,0.6280047919,0.5228967747,0.428186373
0,1086,0.8364839366,0.6523877837500001,0.5595378196,0.4466003169
0,1086,0.78851482855,0.6214227688,0.5274091989,0.4234441668
0,1086,0.7844192552,0.6204444916,0.5243202884,0.4228637712
0,1086,0.88201808305,0.6574694343,0.5911284935,0.4514894396
0,1086,0.4992396196,0.6229749257,0.3341608092,0.4240589938
0,1086,0.5325487131,0.6101355432,0.3567062592,0.4150053856
0,1086,0.65292399165,0.60932074655,0.4371915875,0.4147869313
0,1086,0.8074841286500001,0.6296876784000001,0.5402123323,0.4300050646
0,1086,0.7552743482000001,0.60553768145,0.505329455,0.4112650511
0,1086,0.6915649414,0.60967293625,0.4625253182,0.4141649005
0,1086,0.6788548037,0.610959539,0.4538186012,0.4142666924
0,1086,0.6538978528,0.6152664058,0.4377244404,0.4198281832
0,1086,0.6802594384,0.6077671087500001,0.4550283462,0.4129132445
0,1086,0.6579569197999999,0.61663090465,0.4401729086,0.4200844297
0,1086,0.6907553018,0.6102119153000001,0.461748202,0.4133642558
0,1086,0.68798338725,0.6107275278,0.4598265969,0.4130747846
0,1086,0.8146329551,0.6473720468999999,0.5453107094,0.4415511088
0,1086,0.6815736928,0.6108704245000001,0.4556850042,0.4138561298
0,1086,0.6789470466499999,0.6099219820999999,0.4539926611,0.41402823
0,1086,0.67265850575,0.6092140949,0.4497750271,0.4139177588
0,1086,0.6717392127,0.6009288854,0.4492026982,0.4081652732
0,1086,0.68720291615,0.60936066625,0.4593974195,0.4142354115
0,1086,0.6864635403,0.6077229192,0.4594819272,0.4137443016
0,1086,0.7178560306,0.60875647965,0.4800682938,0.4134085651
0,1086,0.7212307296,0.6272088228,0.4827597704,0.4281873332
0,1086,0.72479942805,0.6085539068,0.4844935425,0.413612329
0,1086,0.7247195944,0.60824144905,0.4844207976,0.4122487995
0,1086,0.7477420899,0.612922258,0.5006256236,0.4179166228
0,1086,0.7276494688499999,0.61606586625,0.4860995601,0.4142216091
0,1086,0.72739791,0.6123178336999999,0.4864954622,0.4156890434
0,1086,0.76859759975,0.6319685875500001,0.5145677841,0.4321201955
0,1086,0.7358030673,0.62906921615,0.4932851584,0.4300674801
0,1086,0.7714688617000001,0.62828730775,0.5163423138,0.4292948997
0,1086,0.71791182745,0.60544794155,0.4804085289,0.4092530247
0,1086,0.7855700136499999,0.62221174195,0.5258645121,0.4240034371
0,1086,0.8234723391500001,0.62735018355,0.5507313915,0.4281627785
0,1086,0.84256327555,0.61966628695,0.5632177769,0.4213679941
0,1086,0.6899386741,0.62280282205,0.4619701568,0.4245740825
0,1086,0.8001748443500001,0.6253540536,0.5350619357,0.4261296794
0,1086,0.80393321685,0.6245455328,0.5380343039,0.426276733
0,1086,0.8426136742500001,0.62616922745,0.5635785177,0.4279251881
0,1086,0.83935620195,0.63476322445,0.5618027531,0.4345096803
0,1086,0.8340713572,0.6364302669,0.557609701,0.4348074914
0,1086,0.86395472535,0.6332179264,0.5780688127,0.4330078674
0,1086,0.61666035845,0.64977291735,0.4140550907,0.4457278717
0,1086,1.10049486475,0.72679906165,0.7377593567,0.5054844705
0,1086,1.04780540865,0.69362618415,0.7015744475,0.4775784323
0,1086,1.05818538895,0.7016310747000001,0.7085172797,0.4801629826
0,1086,1.0169433941,0.7117091888,0.6807936482,0.491181856
0,1086,0.9190404758499999,0.6692025192,0.6154842849,0.4604919494
0,1086,1.005980934,0.6830706944,0.673030698,0.4676827636
0,1086,1.0169640784,0.68014450485,0.6799705974,0.4657344397
0,1086,1.0179819324500001,0.6828938048,0.6812616697,0.467914181
0,1086,0.7873029432,0.660458245,0.5261622738,0.4448429434
0,1086,0.75500284195,0.6070800051999999,0.5045743509,0.4108442796
0,1086,0.7568859503,0.61796954565,0.5067484922,0.4215109325
0,1086,0.69328544655,0.6198985686,0.4638578041,0.4190341848
0,1086,0.7736126666,0.6437436944,0.517014966,0.4350008912
0,1086,0.9087081158,0.7197612683,0.6098024246,0.5002436262
0,1086,0.7496992283,0.6069846921,0.5011621812,0.4113568224
0,1086,0.85766261905,0.63130261895,0.5734900259,0.4297760417
0,1086,0.85966952005,0.63034482435,0.5751936917,0.4300005377
0,1086,0.6898083632500001,0.6099171787,0.4612125827,0.4140718354
0,1086,0.78674631885,0.6693002578,0.5275496671,0.459914023
0,1086,1.0213832688,0.67398889635,0.6828534364,0.4567706139
0,1086,1.0565141265,0.6966037464,0.7073074012,0.4753416254
0,1086,0.37962032219999997,0.665077472,0.2561125264,0.458423047
0,1086,0.5071078437,0.65908627,0.3406559956,0.4523011154
0,1086,0.49795657400000004,0.65940506915,0.334761272,0.4535628687
0,1086,0.38010825625,0.71635591985,0.2574900407,0.4883165045
0,1086,0.39310283535,0.7136811756,0.2675487193,0.4870260812
0,1086,0.41052544204999997,0.71236756935,0.2787539115,0.4895989715
0,1086,0.42305524129999994,0.7094443292,0.286004616,0.4824910122
0,1086,0.44099457025,0.7117170078,0.2989837205,0.4916213708
0,1086,0.45536052775,0.70209322375,0.3078813757,0.4781629431
0,1086,0.4429045514,0.7046875136999999,0.299395709,0.4794773724
0,1086,0.60299187935,0.66176046545,0.4052278239,0.4556491925
0,1086,0.4817664598,0.7028389176000001,0.3267866934,0.4850516938
0,1086,0.49064312190000003,0.6939538312,0.330608045,0.4724374528
0,1086,0.38268580845,0.79441980745,0.2636328989,0.5586453285
0,1086,0.94452762845,0.78730794665,0.6335571357,0.5494883575
0,1086,0.943006824,0.7876182611,0.6330212326,0.5484510954
0,1086,0.48131209929999996,0.6840830600500001,0.3247313816,0.4660808115
0,1086,0.5007576791499999,0.65557090565,0.3362923751,0.4509536265
0,1086,0.49416061465,0.6926472896,0.3342449357,0.4773699234
0,1086,0.49390615115000003,0.69283624535,0.3339289595,0.4768057037
0,1086,0.5755924824,0.66167198635,0.386266319,0.4542749541
0,1086,0.58035458485,0.6606960195,0.3896022065,0.4544274504
0,1086,0.52145706085,0.6648794398,0.3506327859,0.455265783
0,1086,0.52645602205,0.66243987225,0.3534413775,0.4550321707
0,1086,0.52916724615,0.6605594078,0.3554345501,0.4535443498
0,1086,0.42752976995,0.8096307389499999,0.2896219029,0.5601316405
0,1086,0.53725697105,0.6580045946,0.3606466775,0.453276992
0,1086,0.53389919775,0.6613758368,0.3590389569,0.4545003358
0,1086,0.4364858866,0.7961110642,0.2975032134,0.5609758272
0,1086,0.524235715,0.64709133225,0.3522626798,0.4445618679
0,1086,0.5120436192,0.6292148158499999,0.3432872268,0.4297691203
0,1086,0.52653039815,0.6412874365,0.3533648661,0.438281314
0,1086,0.6262298563,0.64391469565,0.4204314194,0.4415269657
0,1086,0.5325851422500001,0.6479599185,0.3579859087,0.4453540646
0,1086,0.59383131585,0.6470269524,0.3982638443,0.443725363
0,1086,0.56101157765,0.7326621404,0.3780364279,0.5086683468
0,1086,0.5680121408000001,0.71300537345,0.3847295046,0.4896855301
0,1086,0.56841247505,0.70065122,0.3827053737,0.4754246174
0,1086,0.5658278607,0.6986043345999999,0.3813124234,0.4782067026
0,1086,0.5543571682499999,0.71566729165,0.3750191407,0.4964653623
0,1086,0.5563061255499999,0.7145547868000001,0.3742603039,0.4948908456
0,1086,0.9951192714,0.6834677137,0.66650572,0.4723246934
0,1086,1.0180617870000002,0.85008383135,0.6850758178,0.5952269953
0,1086,1.0858823137,0.7759277765999999,0.7289686734,0.543040082
0,1086,0.5096280897,0.64345002695,0.3421582332,0.4410004807
0,1086,0.59107378675,0.6433280635999999,0.3970141407,0.4406667292
0,1086,0.6636529496,0.64960570315,0.4448756594,0.4460429671
0,1086,0.6572753214,0.6498736131,0.4407631836,0.4460531182
0,1086,0.45701667479999997,0.74263123455,0.308356189,0.5159145805
0,1086,0.451915482,0.7388059434500001,0.307683331,0.5155924891
0,1086,0.51126261435,0.622489388,0.3432017111,0.4246473456
0,1086,0.55576408815,0.65146238825,0.3733710323,0.4422520829
0,1086,0.538383828,0.7153885543,0.3629975352,0.494827607
0,1086,0.51900408645,0.6199495569,0.3482494579,0.4229532106
0,1086,0.6360723143,0.63725888495,0.4265126106,0.4364293341
0,1086,0.76381887655,0.62024429105,0.5111616625,0.4237255853
0,1086,0.4879965075,0.61856472485,0.3273746572,0.4219262929
0,1086,0.47016226555,0.74862278125,0.3186105197,0.5242460959
0,1086,0.38271556154999997,0.68991911495,0.2569236915,0.4640953127
0,1086,0.38601382360000003,0.6816435057,0.2618355238,0.4628096906
0,1086,0.74034362305,0.7234829111000001,0.4969881155,0.5020529898
0,1086,0.74276939405,0.72125769995,0.4986180093,0.5009233379
0,1086,0.7520114340999999,0.718818731,0.5059598638,0.5005410258
0,1086,0.5970115846999999,0.6244567399,0.4004872548,0.4260985402
0,1086,0.3843422647,0.6249464728,0.2583063758,0.4264481936
0,1086,0.40226529074999995,0.62460154005,0.2700239517,0.4264664869
0,1086,0.38195394585,0.60587005955,0.2567121403,0.4137649633
0,1086,0.39242338234999996,0.6128696820499999,0.2639264929,0.4181848037
0,1086,0.38262568140000003,0.5995410084,0.2567192452,0.4073249788
0,1086,0.37984701835,0.6226292461,0.2554591179,0.4263969
0,1086,0.3772679014,0.62407229745,0.2532994584,0.4259779617
0,1086,0.3627021966,0.63718410835,0.2440919242,0.4356345311
0,1086,0.49510437555000003,0.60610038105,0.3313446539,0.4105262161
0,1086,0.39626707389999993,0.5973794956,0.265184532,0.4023710482
0,1086,0.3576572171,0.6350882994,0.2408442538,0.4349264238
0,1086,0.3830675241,0.6287856436,0.2574675812,0.4296150706
0,1086,0.31886896794999997,0.7909412146,0.2208154995,0.549320453
0,1086,0.3930746259,0.59374609045,0.2637226596,0.4031716127
0,1086,0.3739960771,0.57305363785,0.250481528,0.3871937937
0,1086,1.1234568826,0.7528513737,0.7538764584,0.5241742772
0,1086,0.51948075195,0.6872491235,0.3496373143,0.4732104448
0,1086,0.52454126975,0.68673148285,0.3528017071,0.4724237351
0,1086,0.5055552138999999,0.6234149462,0.3384571902,0.422414654
0,1086,0.5108572109,0.6199652282,0.3422972618,0.4224036926
0,1086,0.51551124225,0.61884847175,0.3456202333,0.4224794015
0,1086,0.19884128815000002,0.7909104133,0.1402425715,0.5523085778
0,1086,0.20651910505,0.7924784174,0.1444451639,0.5506238852
0,1086,0.51554996785,0.69390047105,0.3470946603,0.4748300927
0,1086,0.5250791253,0.7016490448999999,0.3519403748,0.469875811
0,1086,0.53521660505,0.6426634490500001,0.3597331167,0.4386561271
0,1086,0.5338604697,0.6302547677,0.3586552164,0.4272574108
0,1086,0.5262227691,0.6276172047,0.353685548,0.426992385
0,1086,0.5261445904,0.62435761665,0.3523745186,0.4266729807
0,1086,0.52722717365,0.6247162187499999,0.3534321961,0.4245748291
0,1086,0.5198682192499999,0.61354737325,0.3488664373,0.4167006865
0,1086,0.51482664685,0.6529963005999999,0.3457891039,0.4495504438
0,1086,0.51132453415,0.6529174147500001,0.3438608309,0.4482292929
0,1086,0.49260847365,0.6428352768,0.3311799511,0.4416640054
0,1086,0.50494885515,0.595416019,0.3379806291,0.4035839032
0,1086,0.50106927385,0.5936234649000001,0.3355535339,0.4035840932
0,1086,0.6288633377,0.6003272218,0.420553673,0.4066744254
0,1086,0.5023304316,0.58829955125,0.3362588788,0.3988728995
0,1086,0.48537424674999996,0.5800455246,0.3245952893,0.3916368408
0,1086,0.4937606208,0.57728342085,0.3302135976,0.3898812733
0,1086,0.49568307365000003,0.57758349405,0.3315565911,0.3898920637
0,1086,0.49764336345,0.57619550045,0.3326572595,0.3883894277
0,1086,0.5073778854,0.5752934601999999,0.3393374214,0.388682712
0,1086,0.5237819512999999,0.57581110245,0.3501317622,0.3883098651
0,1086,0.52554884465,0.57615053025,0.3514323431,0.3885871545
0,1086,0.5446110491,0.58922873695,0.3645712418,0.3987113051
0,1086,0.5420440512,0.5889361284,0.362623365,0.3980262436
0,1086,0.5282854269999999,0.5757982736,0.353155656,0.3887798332
0,1086,0.49597797455000003,0.58512117245,0.3319361639,0.3961462339
0,1086,0.4901251648,0.58992303825,0.3280010484,0.3994284661
0,1086,0.4908652477,0.5738038627,0.3279888596,0.3866761046
0,1086,0.49419357075,0.63311257455,0.3315440879,0.4323079907
0,1086,0.1974803095,0.8083055326999999,0.1355815312,0.5504743158
0,1086,0.516735316,0.6052455631,0.3464337138,0.4096355264
0,1086,0.5128268277,0.60363812405,0.3441622972,0.4088923019
0,1086,0.5119380193,0.6033800942499999,0.3433941988,0.4086544371
0,1086,0.52146577455,0.60539419435,0.3492435403,0.4090595205
0,1086,0.579197652,0.64767877445,0.3884500588,0.4372486919
0,1086,0.57735944845,0.64843167,0.3868044201,0.4396551866
0,1086,0.58040645,0.6474793878,0.3903301712,0.4420944666
0,1086,0.5835928393,0.6452235819000001,0.391918079,0.4419612678
0,1086,0.5433932844,0.63029333015,0.3644897834,0.4306283181
0,1086,0.54290790875,0.69671851605,0.3654129239,0.4814490163
0,1086,0.58050327945,0.6101360479,0.3887772647,0.414503078
0,1086,0.62225330895,0.61797694795,0.4166471143,0.4214570219
0,1086,0.625875924,0.6184850576,0.419075207,0.4216193022
0,1086,0.66205666615,0.6055452259,0.4430302781,0.4114710908
0,1086,0.79758944415,0.6704580696,0.5352953289,0.4564797988
0,1086,0.5877389843,0.6103592978,0.3938106946,0.4153475734
0,1086,0.5521088439499999,0.6103592702,0.3695639127,0.4142411044
0,1086,0.5461675642,0.60919156355,0.3656756496,0.4137432011
0,1086,0.6077087403,0.64953933705,0.4076086822,0.4449539195
0,1086,0.6148705777,0.651437488,0.4119777054,0.4447262058
0,1086,0.5628491927,0.63185969195,0.3774293468,0.4280574999
0,1086,0.56210506835,0.62810904635,0.3768524819,0.4254159479
0,1086,0.5115315878,0.6009761372,0.3431401212,0.406671819
0,1086,0.5141818825,0.6009906094499999,0.3446156544,0.4072406917
0,1086,0.50923966245,0.59527829345,0.3410826697,0.4014591525
0,1086,0.48739668385,0.5930319444500001,0.3264850761,0.4021180367
0,1086,0.528438498,0.6116781257,0.3537660176,0.4160000118
0,1086,0.5079443698499999,0.5932893599,0.3402890177,0.4008877542
0,1086,0.50655075625,0.59170640675,0.3393735675,0.4004456329
0,1086,0.507002647,0.5852150577499999,0.3395506192,0.3943865283
0,1086,0.54096203615,0.5770229778,0.3614929307,0.389750017
0,1086,0.49346302155,0.5807241445,0.3298800803,0.3922727692
0,1086,0.57793375375,0.6224216578499999,0.3871205507,0.4244267651
0,1086,0.5306859662000001,0.6049730611499999,0.3554215156,0.4096005463
0,1086,0.534178607,0.60585606905,0.3578883528,0.4098952023
0,1086,0.5402218126,0.6069721233500001,0.3619171394,0.4102732619
0,1086,0.64218546935,0.6588904773500001,0.4304139211,0.4514544595
0,1086,0.6438356843,0.66128005805,0.4317639722,0.4536564975
0,1086,0.7562905020999999,0.66048648585,0.507037764,0.4551259997
0,1086,0.6504439156999999,0.6589279411,0.4364219454,0.453194
0,1086,0.79952822765,0.60948435105,0.5349245547,0.4145308641
0,1086,0.50011881135,0.61562272285,0.3352948967,0.4184900223
0,1086,0.6593306932,0.6009800357,0.4408950076,0.4076346638
0,1086,0.6650534180000001,0.62935751635,0.4449252092,0.4285952059
0,1086,0.6822073412,0.6297449305,0.456982073,0.4305985282
0,1086,0.5940188483,0.6081052186,0.3980307598,0.4136131084
0,1086,0.61836972665,0.6124768203,0.4136017335,0.4156932592
0,1086,0.76990648015,0.6123295668,0.5151978327,0.4167247382
0,1086,0.5610537653000001,0.5967960278,0.375300746,0.4041250838
0,1086,0.5758235107,0.62521129515,0.3860772272,0.4264794805
0,1086,0.5574721694,0.59214642305,0.373041171,0.4017870861
0,1086,0.55728345265,0.5915281643,0.3728751783,0.4006219522
0,1086,0.64225884245,0.5899722777,0.4296424267,0.4006531816
0,1086,0.6047255036,0.6098868757,0.4044825708,0.4111917986
0,1086,0.5085048228,0.594932177,0.3409077578,0.4017980328
0,1086,0.5748402637,0.62215657435,0.3852038548,0.4241757313
0,1086,0.5032523012,0.61525652905,0.337359007,0.4179565413
0,1086,0.487429874,0.60309833275,0.3270736498,0.4109900113
0,1086,0.65389808435,0.61314194685,0.4383692047,0.4174854757
0,1086,0.6520244941,0.6206715924999999,0.4361137674,0.4168800078
0,1086,0.5352193318,0.5971386787,0.3579993604,0.4044934606
0,1086,0.5840990649,0.6193175146500001,0.3913384548,0.4226660993
0,1086,0.5503555332000001,0.58917092365,0.3681085408,0.3992118215
0,1086,0.5471715699999999,0.58799911085,0.3660222316,0.3976084027
0,1086,0.5628548691499999,0.6020311687,0.3766941079,0.4090932344
0,1086,0.54369894165,0.5879109566,0.3636987659,0.3973045754
0,1086,0.5675609048,0.5958065259,0.3805530438,0.402384019
0,1086,0.55836120575,0.60959448305,0.3747621303,0.4113754785
0,1086,0.5586800376,0.6069108223999999,0.375013275,0.409797258
0,1086,0.55741412615,0.60645896165,0.3736048887,0.4099975363
0,1086,0.6626286834,0.6287263781,0.4438398996,0.4288957148
0,1086,0.5787298621,0.59717318155,0.3872440392,0.4029414299
0,1086,0.55461217205,0.60314915685,0.3715772075,0.4072943279
0,1086,0.5512889421,0.60095830425,0.369155598,0.4055516323
0,1086,0.5494797584,0.5999246762,0.368013175,0.4044514734
0,1086,0.54694261,0.5956895445,0.3660813518,0.4015209628
0,1086,0.5475346601,0.59432415405,0.366463703,0.3995213349
0,1086,0.5417050767,0.598987895,0.36268372,0.4038251236
0,1086,0.5820635114,0.5967582487499999,0.3894910668,0.4045639585
0,1086,0.5267343343,0.5798923874499999,0.3522595926,0.3916801649
0,1086,0.5428525718,0.5847461683999999,0.3632420424,0.3954300332
0,1086,0.58463718005,0.57943990355,0.3909941517,0.3922590977
0,1086,0.56418708445,0.5929067735,0.3778669399,0.3994065178
0,1086,0.5632887828,0.5908856086500001,0.377215075,0.3990037663
0,1086,0.5676476181000001,0.58944415365,0.3798855138,0.3969233411
0,1086,0.562529097,0.5901124796,0.3764245942,0.3985006014
0,1086,0.5593658618499999,0.58434741365,0.3743371755,0.3924262701
0,1086,0.5764164557,0.5989068197,0.3857541504,0.406501994
0,1086,0.5698069689,0.5847426204,0.3812003576,0.39353027
0,1086,0.53023453865,0.57821197015,0.3542053083,0.3888982169
0,1086,0.55649588485,0.59602456625,0.3723782799,0.4041970489
0,1086,0.6133506186,0.5939676121,0.410356567,0.4025607626
0,1086,0.5422475,0.57633820195,0.3623475226,0.3882324973
0,1086,0.55295106155,0.59427202095,0.3703194771,0.4032943861
0,1086,0.6392063023500001,0.58990021655,0.4275276861,0.3999751527
0,1086,0.53215030835,0.57797774055,0.3557177337,0.3898432287
0,1086,0.54462712335,0.5853826193,0.3643801433,0.393198439
0,1086,0.53006000855,0.5831442668,0.3542952233,0.3907371764
0,1086,0.53006134445,0.5837938036,0.3544277419,0.394551415
0,1086,0.58113308465,0.61880680955,0.3892187747,0.4224688389
0,1086,0.5031799833,0.5759124048500001,0.3364308366,0.3884892925
0,1086,0.52333554485,0.5693397785000001,0.3498208491,0.3833214264
0,1086,0.49265559854999996,0.5946104614,0.3299836563,0.4033171574
0,1086,0.5451790205,0.68649001435,0.3668778732,0.4750177781
0,1086,0.5529777168,0.6861907035,0.372305944,0.4751445022
0,1086,0.69690511575,0.63967484405,0.4667181511,0.4375662565
0,1086,0.82827932605,0.65956520815,0.5547961007,0.4541584909
0,1086,0.76586294685,0.6507708794,0.5135749365,0.443733868
0,1086,0.7642551266000001,0.6503213506500001,0.5124197016,0.4448979513
0,1086,0.87688830755,0.66220492625,0.5876245073,0.4562080513
0,1086,0.62317576235,0.6363091906,0.4182725317,0.4354162826
0,1086,0.6464405374,0.62833762125,0.4328613946,0.4287254173
0,1086,0.6510082219,0.6105494402,0.4356340888,0.4148615556
0,1086,0.6190300256,0.5900496526000001,0.4140092456,0.3987787962
0,1086,0.6316062489000001,0.5891348196499999,0.4223147734,0.3986163787
0,1086,0.6294383846,0.5884797544,0.420816845,0.3983441568
0,1086,0.64285339355,0.5897299936,0.4298201449,0.399463629
0,1086,0.6455231363,0.5900936441,0.4318429918,0.3993471202
0,1086,0.87130661335,0.6637332068,0.5835652859,0.4568324806
0,1086,0.62619907335,0.59739643695,0.4187853177,0.4048683541
0,1086,0.66682447465,0.6136822181,0.4459595797,0.4172935652
0,1086,0.61577702975,0.5808632570500001,0.4116110989,0.3925168069
0,1086,0.55429511535,0.60227808345,0.3713663509,0.4064207853
0,1086,0.5462619568,0.595088641,0.3657477784,0.400624786
0,1086,0.55685323555,0.68851588445,0.3745889377,0.4751401125
0,1086,0.5579207818499999,0.6885457565499999,0.3760315921,0.4768629175
0,1086,0.41784342955,0.71452964225,0.2829491323,0.4942059761
0,1086,0.65582327,0.5878367145,0.4385457932,0.3988882634
0,1086,0.59430492645,0.57796985295,0.3972368831,0.3905473579
0,1086,0.59940484715,0.5771744325,0.4006920913,0.3903661472
0,1086,0.6609551434500001,0.59285354885,0.4421890127,0.4028935551
0,1086,0.60951950965,0.58348365525,0.4078230891,0.3948346373
0,1086,0.6182953462,0.5800395783,0.4132730998,0.3923534292
0,1086,0.63546920075,0.5942118061,0.4253746641,0.4030251078
0,1086,0.64392144835,0.60848924865,0.4307549037,0.4131582297
0,1086,0.6415517039499999,0.6080504196,0.4292298207,0.4130270886
0,1086,0.650985841,0.6246670099,0.4363754828,0.427542876
0,1086,0.63472725815,0.61130321425,0.4245710627,0.4121049853
0,1086,0.6329442059,0.6114107348,0.4231257754,0.4123563446
0,1086,0.63070447415,0.5933480715999999,0.4217924171,0.4021116466
0,1086,0.6297222775,0.59429877625,0.4211505856,0.4027685869
0,1086,0.59476954645,0.5897344528499999,0.3977595159,0.3993385761
0,1086,0.5971399394,0.5841868187,0.3991997328,0.3944861988
0,1086,0.5471254979,0.5836758458,0.365941501,0.3944031268
0,1086,0.59213189945,0.57625262025,0.3959398679,0.3894713421
0,1086,0.5901502335,0.5767310783,0.3945785358,0.3896959464
0,1086,0.6014221112,0.57923972975,0.4020952294,0.3910807017
0,1086,0.6129218727,0.58117383705,0.4096621416,0.3926344361
0,1086,0.6208493971,0.5793647365,0.4150442336,0.391888811
0,1086,0.6157690802,0.58054521245,0.4115448782,0.3922993815
0,1086,0.61150409605,0.57792112075,0.4086635827,0.3899836293
0,1086,0.6080985218,0.5777008178,0.406547916,0.390529662
0,1086,0.5827186179,0.5704487853,0.3894120342,0.3848189868
0,1086,0.5802211400999999,0.5747631366,0.3878525288,0.3882069824
0,1086,0.6549084763499999,0.5989409103,0.4380552283,0.4070620996
0,1086,0.65044822785,0.6059517282,0.4353330855,0.411919385
0,1086,0.64728007245,0.59838468445,0.4330530247,0.4061077475
0,1086,0.59051336645,0.56799304405,0.3945553303,0.3830529711
0,1086,0.4975180355,0.5896554061,0.3329586486,0.3994109074
0,1086,0.57532505265,0.5693399157,0.3845950565,0.3844103368
0,1086,0.6439966991,0.5964086259,0.4310116054,0.4053523142
0,1086,0.61510671875,0.5928317376000001,0.4115248113,0.4024790064
0,1086,0.6216028657,0.5893748834,0.4157617018,0.3989132296
0,1086,0.63187676585,0.5845768421,0.4221472921,0.3936135364
0,1086,0.6264697447,0.5959063526,0.4188484512,0.4010741776
0,1086,0.554864953,0.60293555935,0.3715159572,0.4061686281
0,1086,0.55435897235,0.60275288705,0.3709856011,0.4061091879
0,1086,0.6365328997999999,0.58448493355,0.425590769,0.3952248165
0,1086,0.57900593615,0.5702063937,0.3870870545,0.3852008874
0,1086,0.57985638595,0.56979534295,0.3874129097,0.3840778199
0,1086,0.5986750209,0.5847681125499999,0.400151366,0.3950060193
0,1086,0.6219425703,0.5837756322000001,0.4157851646,0.3947378384
0,1086,0.61274577295,0.5840311569000001,0.4097552211,0.394796413
0,1086,0.5950614479,0.5702403449,0.3976181538,0.3842031996
0,1086,0.58423343585,0.5677266464499999,0.3904025663,0.3832908359
0,1086,0.5872847595,0.5684615032,0.3922213976,0.3827459692
0,1086,0.5910081878,0.58183847825,0.3951505448,0.3931646935
0,1086,0.59270975475,0.579695432,0.3963588489,0.392252467
0,1086,0.58455550925,0.5694765438,0.3906283959,0.3845812592
0,1086,0.60109239475,0.56948614625,0.4016690397,0.3835524323
0,1086,0.6563299951,0.6069090276,0.4388479496,0.4119392756
0,1086,0.53022157235,0.58214037425,0.3547406309,0.3938984529
0,1086,0.5084502409,0.5742242370499999,0.3399513394,0.3877319387
0,1086,0.36814048385,0.5805072144,0.2469133277,0.393595429
0,1086,0.59438395905,0.69300957385,0.3998610137,0.4709925683
0,1086,0.59139816145,0.70447276325,0.3975996305,0.4851802285
0,1086,0.6095075186500001,0.69328866025,0.4108710941,0.4718755761
0,1086,0.6286392061,0.586873321,0.420022055,0.39423193
0,1086,0.57136346435,0.53535460785,0.3818837121,0.3616806697
0,1086,0.6350011021499999,0.5942332056999999,0.4244863187,0.4022143922
0,1086,0.63727136105,0.60855356085,0.4264419135,0.4134523371
0,1086,0.6546257229,0.6063395919000001,0.4379038256,0.412065785
0,1086,0.6109589582,0.58642032155,0.4083000272,0.3943910229
0,1086,0.5822898812,0.57029363815,0.3891408226,0.3845536867
0,1086,0.5122248213,0.59668023615,0.3436152432,0.4046027795
0,1086,0.5250401492,0.56709686725,0.3505778336,0.3818013689
0,1086,0.4937867533,0.5810331507,0.3302970084,0.3927375246
0,1086,0.50178623545,0.57524384115,0.3356798721,0.3884207041
0,1086,0.63327412705,0.593500134,0.4234684647,0.4003144918
0,1086,0.63613996825,0.59036954625,0.4253717181,0.4005589411
0,1086,0.50432757735,0.58006571045,0.3377544789,0.3906325447
0,1086,0.4922000032,0.576371879,0.3291913232,0.3897610598
0,1086,0.5207122581,0.6778057852,0.3501027116,0.4666748904
0,1086,0.53122692305,0.5738247092500001,0.3550512045,0.3868821277
0,1086,0.4936076177,0.5666052937,0.3298035174,0.3811828382
0,1086,0.3701340514,0.5843142169,0.2482295608,0.3967723094
0,1086,0.36605511045,0.57844997215,0.2452983297,0.3918593179
0,1086,0.3727796044,0.6241959257,0.2504085154,0.426072751
0,1086,0.37118632775,0.58983016945,0.2489950351,0.4002545455
0,1086,0.5086087693,0.5922998342,0.3407296256,0.4001100982
0,1086,0.50628942365,0.5916975589,0.3387619907,0.4014175314
0,1086,0.61717572705,0.5874806401,0.4127333007,0.3983044278
0,1086,0.6226618313000001,0.5877104937,0.416386233,0.3981243356
0,1086,0.62515376505,0.58760661165,0.4181297481,0.3982214463
0,1086,0.5813586345999999,0.60021633385,0.389222325,0.4068590655
0,1086,0.5653277323,0.6153336911,0.3783721622,0.418213748
0,1086,0.5053641137,0.62900455955,0.3386352702,0.4296243061
0,1086,0.49833554044999995,0.5791584631,0.3332344911,0.390386998
0,1086,0.50008253025,0.5779892075999999,0.3345422343,0.3902005746
0,1086,0.6071504147,0.5857783748,0.4056331578,0.3944897616
0,1086,0.5273506190499999,0.6050559847,0.3530596437,0.408122465
0,1086,0.4861066837,0.5793897216,0.325018836,0.3912051168
0,1086,0.4894584354,0.5839170458,0.3270220376,0.3922765438
0,1086,0.50238985695,0.62933478635,0.3375845279,0.4297710407
0,1086,0.63072346075,0.61924465085,0.4226674875,0.4223908767
0,1086,0.5006101403000001,0.59497849015,0.3351133686,0.4043651891
0,1086,0.54734857545,0.58802258795,0.3658809917,0.3961792935
0,1086,0.6442298887,0.58683714485,0.43074132,0.3975583331
0,1086,0.65444776245,0.5902620024,0.4377628761,0.4011204062
0,1086,0.6014413655,0.61262626445,0.4027945602,0.4162848347
0,1086,0.5303946337000001,0.580920821,0.354637518,0.3920335326
0,1086,0.64641446065,0.58699728965,0.4322792149,0.3975738733
0,1086,0.59546369405,0.5758313039,0.3981902143,0.3890166006
0,1086,0.36414407875,0.5824984817000001,0.2439445677,0.3939509146
0,1086,0.4962199398,0.5880471438,0.3320178206,0.397733508
0,1086,0.52483224335,0.6433394137,0.3519701077,0.4395304646
0,1086,0.52007907005,0.64146430005,0.3491595681,0.4398246001
0,1086,0.52619839425,0.57700920295,0.3519079591,0.3896806741
0,1086,0.49832619055000005,0.5738218972,0.3335997083,0.3858484996
0,1086,0.56942111565,0.678825163,0.3835652589,0.4673081848
0,1086,0.6542534997,0.6149946583,0.4384533312,0.419478382
0,1086,0.64215810975,0.6823331455,0.4316779803,0.4674472308
0,1086,0.5995461416500001,0.61656221535,0.4018689367,0.4199440331
0,1086,0.553859664,0.6099021709,0.3712021112,0.4144880228
0,1086,0.49924895840000005,0.6038910782,0.334538221,0.4107208702
0,1086,0.5055749654999999,0.6065542996000001,0.3386611932,0.412093874
0,1086,0.49909158775,0.60570448855,0.3345596771,0.4122905857
0,1086,0.4977383852,0.6082711374,0.3341137292,0.4133434186
0,1086,0.48472153965,0.62591476435,0.3249655467,0.4268195421
0,1086,0.47924335819999997,0.6275268674500001,0.3213805212,0.4286791125
0,1086,0.34685762595,0.69647794945,0.2353852131,0.4832309445
0,1086,0.366093648,0.67031825645,0.2467892218,0.4615512295
0,1086,0.37158098935,0.58659190245,0.2489818373,0.3978507943
0,1086,0.304578232,0.6527854597,0.2059445898,0.4494472868
0,1086,0.3593733445,0.67354918255,0.2417465766,0.4614021319
0,1086,0.39085895865000003,0.64942086345,0.2640923533,0.4464924959
0,1086,0.38298061805,0.6518809151,0.2577114195,0.4471383248
0,1086,0.3609607853,0.62252670015,0.2425473918,0.4252182759
0,1086,0.37993494785000004,0.6547868024,0.2558670159,0.4495160124
0,1086,0.37574583195,0.6602061824,0.2544399519,0.455180459
0,1086,0.39543487705,0.59815756305,0.2653131915,0.4061971869
0,1086,0.3764095826,0.5960439411,0.2524508608,0.4047167736
0,1086,0.3852830032,0.6215359398,0.2589477452,0.4252987988
0,1086,0.39869092154999997,0.66363149005,0.2681805173,0.4487603047
0,1086,0.3986825089,0.6758861903,0.2688036712,0.4679892168
0,1086,0.6171756528000001,0.5872783358,0.412926483,0.3978643748
0,1086,0.50025577555,0.5792715933,0.3345297311,0.3914188428
0,1086,0.49988160545000004,0.5864674830000001,0.3344451415,0.3963857448
0,1086,0.5354560183,0.58354595755,0.3584929834,0.3951510153
0,1086,0.49346861605,0.5755455252,0.3299898307,0.388305887
0,1086,0.48279033385000003,0.58097985755,0.3227233043,0.3922174869
0,1086,0.48809586289999995,0.5711147792,0.3262646458,0.3839086808
0,1086,0.590499937,0.57322627485,0.3947476636,0.3868677241
0,1086,0.5851341300999999,0.56810340285,0.3909684524,0.3831066073
0,1086,0.5866453206,0.5707395318,0.3919758098,0.3844495694
0,1086,0.5898314783999999,0.57095894625,0.3942168174,0.3854842949
0,1086,0.5807762981,0.5645785047,0.3878776896,0.3796352082
0,1086,0.57334383395,0.5694054862,0.3832842261,0.3847406588
0,1086,0.5789646446500001,0.5686894227,0.3868306615,0.3837409134
0,1086,0.37227441585,0.5819913315,0.2494085673,0.3951803712
0,1086,0.37135079905,0.58019499975,0.2489237205,0.3928083079
0,1086,0.37549387685,0.57796951,0.2515059423,0.3912742584
0,1086,0.36813797555,0.58459330335,0.2468953447,0.3969392537
0,1086,0.3671673559,0.5870229809499999,0.246593261,0.3981159573
0,1086,0.3798394757,0.5849942715,0.2546071244,0.3967090708
0,1086,0.372866466,0.5762568046000001,0.2493860306,0.3879221688
0,1086,0.37248903885,0.5760001843,0.2493516391,0.389227222
0,1086,0.5221587766,0.56508894,0.348719486,0.3799369974
0,1086,0.38429663885,0.5908583791,0.2576185459,0.4006094222
0,1086,0.38362258455,0.58448390475,0.2569290941,0.3959130331
0,1086,0.56375595525,0.53613946555,0.3767746841,0.3610827155
0,1086,0.49259184764999997,0.5664758673,0.3291220153,0.3817012298
0,1086,0.49982510935,0.57317599965,0.3342614523,0.3867016029
0,1086,0.49409871615,0.5682665748,0.3304275975,0.3829478936
0,1086,0.53681439185,0.5801978804500001,0.3589847763,0.3921767453
0,1086,0.53360747265,0.5796449203,0.3567346615,0.3906842604
0,1086,0.4922779553,0.5759449158,0.3291795918,0.3888621394
0,1086,0.51773958615,0.575462053,0.3461604955,0.3882346922
0,1086,0.5436196888,0.56087980335,0.3631957342,0.3773981269
0,1086,0.5434122281,0.56297998205,0.3630194544,0.3786168067
0,1086,0.5237618888,0.5762292835,0.3499557602,0.3883021832
0,1086,0.5248224235,0.56995899505,0.3508018108,0.3840898915
0,1086,0.54141634515,0.56111732525,0.3618092671,0.3775754967
0,1086,0.5400783473,0.5621427227,0.3607503532,0.3780660414
0,1086,0.5549538493,0.5812429628,0.3710639584,0.3926932164
0,1086,0.5510773137,0.5854654056499999,0.3683723722,0.3958762697
0,1086,0.5293378577500001,0.5616424384500001,0.3535921879,0.3776693257
0,1086,0.54714520825,0.58396537595,0.3659614135,0.3948123255
0,1086,0.7087442254,0.64401653535,0.4747390112,0.4397668569
0,1086,0.60221567695,0.580917442,0.4027801275,0.392744795
0,1086,0.60302035895,0.5707719055,0.4032558669,0.3849335296
0,1086,0.6513672647,0.59112909775,0.435446695,0.4007931021
0,1086,0.64998789815,0.58785859415,0.4343609223,0.3982642455
0,1086,0.48383705325,0.60885671135,0.3238788479,0.4130563073
0,1086,0.48796885725000005,0.6108836093,0.3266606065,0.4118426674
0,1086,0.5185552278,0.57448645075,0.3465170686,0.3871828195
0,1086,0.5506271826,0.5892992948,0.3680554698,0.3966803734
0,1086,0.52094040815,0.56618704125,0.3479828771,0.3813603451
0,1086,0.5222886711,0.5662253822000001,0.3489101214,0.3813607566
0,1086,0.6159815008,0.61315600745,0.412488371,0.4160076687
0,1086,0.6181794436,0.61544291875,0.4132241256,0.4157917569
0,1086,0.61606737305,0.61467854865,0.4121100367,0.4159199731
0,1086,0.6142008514,0.61429929475,0.4106459128,0.4157437403
0,1086,0.61809421425,0.61806550085,0.4137506915,0.4143471421
0,1086,0.5687721352999999,0.6188375326,0.380995058,0.4221272684
0,1086,0.7649350851500001,0.66270931825,0.5140979103,0.4551794987
0,1086,0.7537474129,0.65762149485,0.5054554132,0.4512067179
0,1086,0.63224121135,0.6036740644,0.4227952981,0.4095085006
0,1086,0.49188487599999997,0.6146317568,0.3297623032,0.4191314616
0,1086,0.490829358,0.5865601460500001,0.3284206006,0.3973527049
0,1086,0.5511608999,0.58581650995,0.3685704168,0.3965908243
0,1086,0.5453300045,0.60822017615,0.3646362276,0.4129542477
0,1086,0.5462740997,0.61170204365,0.3657659162,0.4129294069
0,1086,0.54345276315,0.61014940485,0.3633685769,0.4111101143
0,1086,0.49582570275,0.5899408712499999,0.3321941005,0.4001546807
0,1086,0.5352128231,0.5811094897,0.357936822,0.393119288
0,1086,0.5289142150499999,0.58025823835,0.3536108655,0.3918859303
0,1086,0.4905842334,0.5893141785,0.3282653138,0.3989487584
0,1086,0.6103729414,0.5807935712000001,0.4081097368,0.3929453476
0,1086,0.57494640595,0.5683287846,0.3839177221,0.3833987942
0,1086,0.5918715084,0.5736020712,0.3954470716,0.38736307
0,1086,0.81126935985,0.61283371025,0.5422915699,0.4155954521
0,1086,0.5920599313,0.61069041235,0.3961949488,0.4115143015
0,1086,0.655739375,0.59078656695,0.4383137892,0.4007881637
0,1086,0.64586538895,0.6008034315499999,0.4321186799,0.4076734849
0,1086,0.6339844058999999,0.5899370303,0.4238971242,0.3996024064
0,1086,0.60117918145,0.5723163348,0.4017987747,0.3850686946
0,1086,0.6041266615,0.59207129745,0.4038137262,0.4012102571
0,1086,0.37864703990000004,0.59581835365,0.2541173382,0.4045374833
0,1086,0.6642390886,0.5978120143500001,0.4443480548,0.4056490279
0,1086,0.57648785125,0.60269578715,0.3854193423,0.4082134133
0,1086,0.64325461045,0.59445947905,0.4304045051,0.4039410381
0,1086,0.65753968305,0.5909445261999999,0.4396737063,0.400754281
0,1086,0.65985524675,0.5899056854,0.4410570863,0.399809132
0,1086,0.8047858277,0.6112415663999999,0.5385710158,0.4157813268
0,1086,0.8054855444,0.61385663855,0.5383113812,0.4161872333
0,1086,0.64822880445,0.59048855015,0.4332915119,0.4002640107
0,1086,0.65129811115,0.5932796203,0.4356961417,0.4029964378
0,1086,0.54783589485,0.59183116925,0.3662931345,0.4008334321
0,1086,0.6235342687,0.5923063501,0.4173360258,0.4014762432
0,1086,0.6617939390500001,0.5877420624,0.4423569571,0.3985420288
0,1086,0.5578532049,0.94804794505,0.381262565,0.6759853693
0,1086,0.68696560345,0.9229928547499999,0.4711141873,0.6562873121
0,1086,0.8727343719,1.40813481085,0.5994102498,1.0410293427
0,1086,0.1407306599,0.80687945005,0.103624758,0.5693028779
0,1086,1.0501378748999999,0.7612328693500001,0.7058426732,0.5200349637
0,1086,1.0083028265,0.7613238862,0.6806588914,0.5245844362
0,1086,1.32126899565,0.7500829920500001,0.8861922259,0.5223422795
0,1086,1.3253999947000001,0.7536231168,0.8884014352,0.5228728798
0,1086,0.39443543065,0.77691047675,0.2712762197,0.5446314715
0,1086,0.67935801725,0.70444141835,0.4561990919,0.4864950693
0,1086,0.68544854725,0.70450067875,0.4604046471,0.4864950693
0,1086,1.01709042255,0.7845905324,0.6820987673,0.5465457754
0,1086,1.0207041592000001,0.7825599024000001,0.6851807316,0.5456958272
0,1086,1.0913554036000002,0.7797919464999999,0.7354147732,0.5477463478
0,1086,1.0608998977500002,0.7554601902,0.7116577467,0.5197370154
0,1086,1.2823247359,0.8582657188,0.8625654798,0.6068381872
0,1086,1.3715349899,0.8537554788499999,0.9217911822,0.5994256951
0,1086,1.1895411106,0.7763407809,0.7973510482,0.5416100126
0,1086,1.123015617,0.74386496795,0.7527301764,0.5151381591
0,1086,0.49552045460000005,0.6165398877,0.332089907,0.4178699826
0,1086,1.3911986041,0.85422599565,0.9344340892,0.5997203511
0,1086,1.39839273545,0.85153307555,0.9373351429,0.5975677709
0,1086,1.3138157700000002,0.85897423765,0.8829245658,0.6057616227
0,1086,1.45713644675,0.8580524773,0.9776095281,0.6001833232
0,1086,1.3365124161000002,0.8613720901999999,0.8966835002,0.6021689592
0,1086,1.4387339588499999,0.8727132607500001,0.9682369053,0.6138132221
0,1086,1.41707500195,0.8435875825500001,0.9512340823,0.5939255865
0,1086,1.2456792145,0.9646372987,0.836744343,0.6784262954
0,1086,1.41278971945,0.87306491375,0.9485533013,0.6171382535
0,1086,1.4311472111499999,0.86451124685,0.9590748303,0.6058946843
0,1086,1.4590735182499999,0.7977545098000001,0.9772051033,0.5554851838
0,1086,1.4488335431000001,0.92260464405,0.9738591824,0.6449468961
0,1086,1.48226813185,0.93278852145,0.9968093659,0.6580777453
0,1086,0.8915818043,0.6722418797,0.5966768318,0.4604166392
0,1086,0.7844485837499999,0.69921271425,0.5259376791,0.4819661733
0,1086,1.135858421,0.73394399015,0.7619986058,0.5085266431
0,1086,1.1246403397,0.7239808989500001,0.7542010788,0.5039009001
0,1086,1.06344059645,0.755032061,0.7128313505,0.5227041522
0,1086,1.0499026293,0.7277205475999999,0.7025785634,0.4975585252
0,1086,1.05246293185,0.7313545699499999,0.7054989121,0.5077432257
0,1086,1.4453889857000002,0.7445215653499999,0.9680363908,0.5148861651
0,1086,1.19157458025,0.7482603908500001,0.7989562443,0.5149101711
0,1086,1.19825183505,0.7528855851,0.8054043507,0.5189952998
0,1086,1.2333166263000002,0.73789482265,0.8262916588,0.5066991721
0,1086,1.244800208,0.7410190956,0.833746814,0.5083306172
0,1086,1.25597730655,0.7406854813,0.8413354911,0.5080013926
0,1086,0.16654782185,0.8215785058,0.1202834339,0.5759696762
0,1086,0.656324479,0.6843436962,0.4406120646,0.472584918
0,1086,1.29511945665,0.73660796595,0.8678308751,0.5092860545
0,1086,1.2846432325000001,0.73966769715,0.8605754626,0.5082970089
0,1086,0.77601879555,0.7007254327,0.5230943563,0.4851285128
0,1086,1.3563014484,0.72328109085,0.9083763176,0.5029583575
0,1086,1.364256732,0.7210876319,0.9139826956,0.5027136338
0,1086,0.8068974039,0.7763010682,0.5436280242,0.5433086744
0,1086,1.2681017162000001,0.7729983967,0.849323036,0.5363008542
0,1086,1.277832996,0.7758228695,0.8562691098,0.5385596094
0,1086,1.47427765405,0.75002476045,0.9872396245,0.5217772477
0,1086,1.4059477619,0.7483674575,0.9419582436,0.5197249438
0,1086,1.41353991205,0.7518381706999999,0.9467750669,0.520512888
0,1086,1.4275381055,0.7664140417,0.9571073498,0.5309767436
0,1086,1.4696364159500002,0.7450186944499999,0.9847558077,0.5158014095
0,1086,1.34108048735,0.71267011315,0.8984143459,0.4958936089
0,1086,1.1541564067999999,0.7220599419,0.7725372688,0.4986734992
0,1086,1.06698332715,0.7550079864,0.7163699135,0.524969629
0,1086,1.15443753795,0.7168278449,0.7728787415,0.4944313272
0,1086,1.1585905413,0.7155641175,0.7748340328,0.4872167
0,1086,1.1356277289999999,0.7257485608,0.7605363476,0.5019557314
0,1086,1.1527431581499998,0.7433181122,0.7723293451,0.5174760654
0,1086,1.1309106227499999,0.71939884685,0.7569119601,0.4983294595
0,1086,1.1311298148,0.72130725215,0.7578118826,0.4991495031
0,1086,1.24270777245,0.75080893235,0.8330838351,0.5209762717
0,1086,1.2074463257499999,1.3461020355,0.8240433963,0.9600922158
0,1086,1.2480716499,1.38663335735,0.8423213924,0.9706025743
0,1086,1.29894794285,1.4043633044,0.8837552421,1.0198892818
0,1086,1.4760477073,1.34707441405,1.0067366064,0.9802230661
0,1086,0.30100561315,0.7220517798999999,0.2063532981,0.5023584828
0,1086,0.9704246584,0.67142135595,0.6496087884,0.4585401961
0,1086,0.9148577659999999,0.65541054585,0.612924677,0.4496391973
0,1086,0.9316381552499999,0.6764529368000001,0.6239197843,0.4646441576
0,1086,1.25237823415,0.73818364865,0.8383112577,0.5141548749
0,1086,0.62303365935,0.6120288594000001,0.4169864465,0.4163565202
