8,1372,0.3194301747,0.4034448691,0.002105478900000013,0.011771563200000001,-1,-1,-1,-1
9,1372,0.3200908381,0.4025643305,0.002538769300000021,0.011780068099999985,-1,-1,-1,-1
10,1372,0.3210267266,0.4030046684,0.002208437500000049,0.012758551100000015,-1,-1,-1,-1
11,1372,0.3219626151,0.4030046684,0.002401233899999966,0.013052109700000036,-1,-1,-1,-1
12,1372,0.3226783853,0.4029068613,0.0025386149000000136,0.01334553110000003,-1,-1,-1,-1
13,1372,0.3235042147,0.4026133026,0.0025386148000000053,0.013345531199999983,-1,-1,-1,-1
14,1372,0.324054819,0.4025644677,0.0025386149000000136,0.01334553110000003,-1,-1,-1,-1
15,1372,0.3242364706,0.4029656279,0.0025386149000000136,0.013345531099999974,-1,-1,-1,-1
16,1372,0.3244181222,0.403366788,0.0025386148000000053,0.01334553110000003,-1,-1,-1,-1
17,1372,0.3245997738,0.4037679482,0.0025386148000000053,0.013345531099999974,-1,-1,-1,-1
18,1372,0.3247814254,0.4041691084,0.0025386148000000053,0.01334553110000003,-1,-1,-1,-1
19,1372,0.3249630769,0.4045702686,0.0025386149000000136,0.013345531099999974,-1,-1,-1,-1
20,1372,0.325926596,0.4045702686,0.0023732945999999644,0.013590117600000007,-1,-1,-1,-1
21,1372,0.3267799015,0.4050594415,0.002345818399999977,0.013100944700000006,-1,-1,-1,-1
22,1372,0.3271928162,0.4053041651,0.0022907117000000032,0.013296558999999986,-1,-1,-1,-1
23,1372,0.3274956717,0.4058912824,0.0021806525999999993,0.0130519724,-1,-1,-1,-1
24,1372,0.3280186455,0.4059892267,0.002263235500000016,0.013296421700000005,-1,-1,-1,-1
25,1372,0.3283942178,0.4062178206,0.002188512099999984,0.013357133999999993,-1,-1,-1,-1
26,1372,0.3288755271,0.4065593111,0.0026813727000000176,0.013241436699999998,-1,-1,-1,-1
27,1372,0.3291426996,0.4067014424,0.0028586199000000256,0.013174615499999986,-1,-1,-1,-1
28,1372,0.3298573893,0.4069648229,0.002610083799999996,0.013287648499999971,-1,-1,-1,-1
29,1372,0.3301484556,0.4068846609,0.00270028830000002,0.013367810500000021,-1,-1,-1,-1
30,1372,0.3303821438,0.4070733068,0.002659771399999955,0.013387634300000006,-1,-1,-1,-1
31,1372,0.3306757753,0.4072745045,0.0026192546000000094,0.013407457999999983,-1,-1,-1,-1
32,1372,0.3308127926,0.4074155912,0.0025787375999999917,0.013427281800000024,-1,-1,-1,-1
33,1372,0.3312815204,0.4075942988,0.0025399678000000425,0.0135992063,-1,-1,-1,-1
34,1372,0.3318020759,0.4080489605,0.002498868500000029,0.0135683298,-1,-1,-1,-1
35,1372,0.3320156081,0.4085035537,0.0024577691999999596,0.013537453300000002,-1,-1,-1,-1
36,1372,0.3324832179,0.4087323536,0.0024166700000000096,0.013506576800000003,-1,-1,-1,-1
37,1372,0.3329195591,0.4089550563,0.002427112000000009,0.013605562000000015,-1,-1,-1,-1
38,1372,0.3332527873,0.409177759,0.002437554099999961,0.013704547300000036,-1,-1,-1,-1
39,1372,0.3330847346,0.4092499786,0.002447996100000016,0.013803532600000001,-1,-1,-1,-1
40,1372,0.3333600718,0.4094834301,0.0024584381000000155,0.013902517800000014,-1,-1,-1,-1
41,1372,0.3333486188,0.409603985,0.002468880200000023,0.01400150299999997,-1,-1,-1,-1
42,1372,0.3337077213,0.4098468445,0.0024793222000000226,0.014100488300000047,-1,-1,-1,-1
43,1372,0.333770269,0.4102027378,0.0024897642999999747,0.014199473600000012,-1,-1,-1,-1
44,1372,0.3343030764,0.4105471906,0.0026328280999999842,0.014259691700000021,-1,-1,-1,-1
45,1372,0.3344582621,0.4107662027,0.0025355276999999843,0.014567576199999988,-1,-1,-1,-1
46,1372,0.3348264894,0.4111734215,0.003147181599999993,0.01457449449999998,-1,-1,-1,-1
47,1372,0.3351916295,0.4112902368,0.0027820414999999987,0.014758782500000012,-1,-1,-1,-1
48,1372,0.3351791005,0.4114949139,0.0027734231000000054,0.01485520880000002,-1,-1,-1,-1
49,1372,0.335073523,0.4115491079,0.002709512600000019,0.015139704600000026,-1,-1,-1,-1
50,1372,0.3349573718,0.4117914058,0.0025291370999999674,0.01523623369999999,-1,-1,-1,-1
51,1372,0.3349894068,0.4119961172,0.002306621100000017,0.015144418900000012,-1,-1,-1,-1
52,1372,0.3348201555,0.4124078285,0.0025604619999999856,0.01518443119999996,-1,-1,-1,-1
53,1372,0.3349685784,0.4126313332,0.0024967831000000107,0.015186719700000018,-1,-1,-1,-1
54,1372,0.3349664173,0.4131760627,0.0024156614999999992,0.01525377189999999,-1,-1,-1,-1
55,1372,0.3350281285,0.4134521215,0.0024960340999999886,0.015264199199999995,-1,-1,-1,-1
56,1372,0.335143664,0.4138381856,0.0025764067999999862,0.015274626600000007,-1,-1,-1,-1
57,1372,0.3353668532,0.4139860534,0.002656779400000031,0.01528505400000002,-1,-1,-1,-1
58,1372,0.3360464786,0.4141924065,0.002588791600000029,0.01543189960000002,-1,-1,-1,-1
59,1372,0.336567137,0.4144246333,0.0029736030999999996,0.015538866699999987,-1,-1,-1,-1
60,1372,0.3378784134,0.4144686534,0.0030366336999999577,0.015523409799999999,-1,-1,-1,-1
61,1372,0.3392585153,0.4146492331,0.003014253500000008,0.015765990499999993,-1,-1,-1,-1
62,1372,0.3407807172,0.4151039315,0.0028896326999999777,0.015612395399999979,-1,-1,-1,-1
63,1372,0.3427865309,0.4153390553,0.0027898639999999753,0.015866581699999993,-1,-1,-1,-1
64,1372,0.3442586891,0.4155364555,0.0030119680999999843,0.01581980169999997,-1,-1,-1,-1
65,1372,0.3466309241,0.4159314934,0.0031441956000000104,0.015714790099999987,-1,-1,-1,-1
66,1372,0.3483749628,0.4161258871,0.0036393507999999963,0.015757266699999994,-1,-1,-1,-1
67,1372,0.3506588778,0.4163202809,0.00347326349999999,0.016052182999999998,-1,-1,-1,-1
68,1372,0.3532393195,0.4167028813,0.0035408784000000026,0.0153997555,-1,-1,-1,-1
69,1372,0.3564287306,0.4169744916,0.0036330197999999703,0.015322799300000023,-1,-1,-1,-1
70,1372,0.3590852503,0.4171677968,0.0037133525999999972,0.0153498688,-1,-1,-1,-1
71,1372,0.3619264694,0.4174021054,0.003578036700000009,0.0153467719,-1,-1,-1,-1
72,1372,0.3645517998,0.4172600005,0.0032821624999999632,0.015263083600000005,-1,-1,-1,-1
73,1372,0.3671277691,0.417347926,0.0034282570999999984,0.015305811500000044,-1,-1,-1,-1
74,1372,0.3692139135,0.4176475842,0.0035743517000000335,0.01534853930000002,-1,-1,-1,-1
75,1372,0.3715995396,0.4179472423,0.003720446300000013,0.015391267200000003,-1,-1,-1,-1
76,1372,0.3742992124,0.4181715903,0.003866540899999993,0.015433994999999978,-1,-1,-1,-1
77,1372,0.3769481314,0.4184863105,0.004012635500000028,0.015476722800000009,-1,-1,-1,-1
78,1372,0.3795970505,0.4188010306,0.004158729999999999,0.015519450699999993,-1,-1,-1,-1
79,1372,0.3825424962,0.4188899576,0.0041183685999999775,0.015628090500000025,-1,-1,-1,-1
80,1372,0.3853901681,0.4192738512,0.003684896900000012,0.015507576600000017,-1,-1,-1,-1
81,1372,0.3875015127,0.4195749546,0.004597013799999994,0.015780147000000022,-1,-1,-1,-1
82,1372,0.3907322585,0.4194655266,0.003997190500000025,0.016031141599999965,-1,-1,-1,-1
83,1372,0.3937152479,0.419678046,0.004021454899999999,0.016157312099999988,-1,-1,-1,-1
84,1372,0.3967836803,0.4197460242,0.0037271916000000127,0.016390437199999996,-1,-1,-1,-1
85,1372,0.3998396004,0.4200920143,0.0037115583999999813,0.01633574230000001,-1,-1,-1,-1
86,1372,0.4031620197,0.4202122112,0.0030032362999999895,0.01663949069999998,-1,-1,-1,-1
87,1372,0.4060344006,0.4205723134,0.0027356909999999846,0.016505181699999982,-1,-1,-1,-1
88,1372,0.4089395795,0.4207442089,0.0032400296000000273,0.016897906399999996,-1,-1,-1,-1
89,1372,0.4119678263,0.4211935051,0.002969479499999983,0.016677862200000004,-1,-1,-1,-1
90,1372,0.4141267496,0.4213730169,0.00391902639999997,0.016796132099999972,-1,-1,-1,-1
91,1372,0.4172333443,0.4218317295,0.003989173300000037,0.016789005900000042,-1,-1,-1,-1
92,1372,0.4206083167,0.4222097117,0.0037601266000000244,0.016737155599999998,-1,-1,-1,-1
93,1372,0.4230570782,0.4223979184,0.004158645100000025,0.01663681699999997,-1,-1,-1,-1
94,1372,0.4258893745,0.4226447607,0.004757168100000042,0.016615905099999995,-1,-1,-1,-1
95,1372,0.4295978988,0.4226844829,0.0038016654999999955,0.016613769400000034,-1,-1,-1,-1
96,1372,0.4324503832,0.4227028056,0.00404102449999999,0.017009583800000005,-1,-1,-1,-1
97,1372,0.4356310898,0.422758669,0.0031899284000000416,0.017329996700000017,-1,-1,-1,-1
98,1372,0.4384559333,0.4229875673,0.0030333626999999863,0.01725171860000002,-1,-1,-1,-1
99,1372,0.4411219784,0.4231695169,0.0031839359999999983,0.016881562299999986,-1,-1,-1,-1
100,1372,0.4439882402,0.4233516036,0.002837920100000002,0.01748988899999998,-1,-1,-1,-1
101,1372,0.4465541769,0.4242799858,0.0032156405000000055,0.016830648000000004,-1,-1,-1,-1
102,1372,0.4491201136,0.4259738464,0.0034457922000000196,0.015405928499999999,-1,-1,-1,-1
103,1372,0.4512047538,0.4252203336,0.004487263399999997,0.016347922299999984,-1,-1,-1,-1
104,1372,0.4542786913,0.4255970214,0.0048050919000000025,0.016453137100000015,-1,-1,-1,-1
105,1372,0.4571406917,0.4256598484,0.004522457600000029,0.016578654000000026,-1,-1,-1,-1
106,1372,0.4611685779,0.4254086775,0.004522457600000029,0.016578653900000018,-1,-1,-1,-1
107,1372,0.4643484068,0.4250319897,0.0048050919000000025,0.017143822799999986,-1,-1,-1,-1
108,1372,0.4674223443,0.4253458505,0.004098428900000006,0.017018305899999975,-1,-1,-1,-1
109,1372,0.4711675961,0.4252830234,0.0040984290000000145,0.017018305999999983,-1,-1,-1,-1
110,1372,0.4732230266,0.4256153799,0.004032029800000003,0.01708398630000002,-1,-1,-1,-1
111,1372,0.475278457,0.4259477363,0.0039656307,0.01714966670000001,-1,-1,-1,-1
112,1372,0.4773338875,0.4262800928,0.003899231499999989,0.017215346999999992,-1,-1,-1,-1
113,1372,0.479389318,0.4266124492,0.0038328322999999775,0.017281027399999982,-1,-1,-1,-1
114,1372,0.4814447484,0.4269448057,0.0037664331999999745,0.01734670770000002,-1,-1,-1,-1
115,1372,0.4835001789,0.4272771622,0.003700033999999963,0.017412388,-1,-1,-1,-1
116,1372,0.4852123628,0.4276856975,0.0036336348000000074,0.01747806839999999,-1,-1,-1,-1
117,1372,0.4866722332,0.428253123,0.003567235699999949,0.017543748699999973,-1,-1,-1,-1
118,1372,0.4884448189,0.428697998,0.004056233799999975,0.017912936399999968,-1,-1,-1,-1
119,1372,0.4901602398,0.4292226947,0.004051545399999967,0.0180123398,-1,-1,-1,-1
120,1372,0.4918976879,0.4298322902,0.0044473612,0.018056529599999982,-1,-1,-1,-1
121,1372,0.4934612839,0.4303884741,0.004906661199999995,0.017827238300000048,-1,-1,-1,-1
122,1372,0.4957738727,0.4307925848,0.004746013900000012,0.01822067420000001,-1,-1,-1,-1
123,1372,0.4984333561,0.4313076717,0.003929596399999957,0.01826074230000002,-1,-1,-1,-1
124,1372,0.5001208479,0.4321436306,0.003985059000000013,0.018430488299999992,-1,-1,-1,-1
125,1372,0.5020292296,0.4322418864,0.004874240700000088,0.019244946799999996,-1,-1,-1,-1
126,1372,0.5043909906,0.4330166791,0.004036327799999961,0.01907044029999999,-1,-1,-1,-1
127,1372,0.5066157308,0.4328735524,0.004041326800000022,0.019510692200000013,-1,-1,-1,-1
128,1372,0.509002241,0.4331665386,0.00405172840000001,0.019713189100000028,-1,-1,-1,-1
129,1372,0.5117858439,0.4334347644,0.0037487008000000044,0.020237571499999996,-1,-1,-1,-1
130,1372,0.5147179931,0.433802032,0.003492393000000038,0.019870303899999997,-1,-1,-1,-1
131,1372,0.5169534356,0.4342188203,0.003960576900000068,0.01982938040000004,-1,-1,-1,-1
132,1372,0.5194117749,0.4347345133,0.004233648899999998,0.019878993499999997,-1,-1,-1,-1
133,1372,0.5218209713,0.4353147145,0.004472200299999951,0.01994283790000001,-1,-1,-1,-1
134,1372,0.5247343234,0.435773352,0.004206750399999959,0.02002906710000002,-1,-1,-1,-1
135,1372,0.5273661372,0.4361179407,0.005588467199999947,0.020179824300000038,-1,-1,-1,-1
136,1372,0.5313203586,0.4363084644,0.004421381299999916,0.020286563000000035,-1,-1,-1,-1
137,1372,0.5348949492,0.4365113683,0.00424720089999997,0.020331400599999994,-1,-1,-1,-1
138,1372,0.5389672205,0.4364806795,0.003324503800000045,0.020510651999999963,-1,-1,-1,-1
139,1372,0.5424495513,0.4368545712,0.0037796809999999237,0.02059031290000002,-1,-1,-1,-1
140,1372,0.5457032431,0.4370797631,0.004234858300000033,0.02066997389999997,-1,-1,-1,-1
141,1372,0.5506780559,0.4374413089,0.0034593028000000636,0.020441672600000016,-1,-1,-1,-1
142,1372,0.5539979711,0.4378695546,0.004009980299999993,0.020623315500000017,-1,-1,-1,-1
143,1372,0.5574311058,0.4381480924,0.004426754000000033,0.02112202209999997,-1,-1,-1,-1
144,1372,0.5596935695,0.4387240297,0.006055567300000009,0.02098861759999998,-1,-1,-1,-1
145,1372,0.5640784477,0.4391109862,0.005945860999999941,0.021100436399999978,-1,-1,-1,-1
146,1372,0.5678479732,0.4397418749,0.005966969399999966,0.020766672900000005,-1,-1,-1,-1
147,1372,0.5727764897,0.4399516876,0.0050519835000000235,0.021151384900000014,-1,-1,-1,-1
148,1372,0.5762252913,0.4402695459,0.00625777230000002,0.021031610099999987,-1,-1,-1,-1
149,1372,0.5808336344,0.4403893207,0.005021900100000032,0.021456839200000022,-1,-1,-1,-1
150,1372,0.5847265846,0.44082823,0.004863859599999909,0.021315055100000035,-1,-1,-1,-1
151,1372,0.5888389392,0.4410071547,0.004068251800000033,0.021978396699999958,-1,-1,-1,-1
152,1372,0.5929711842,0.4413062072,0.0031413051999999997,0.021827906799999963,-1,-1,-1,-1
153,1372,0.5951013719,0.4418821167,0.005665707799999975,0.021648301500000022,-1,-1,-1,-1
154,1372,0.5995114044,0.4425421023,0.0056873689000001,0.021335099099999977,-1,-1,-1,-1
155,1372,0.6030086252,0.4429666924,0.006538178200000022,0.021108592500000023,-1,-1,-1,-1
156,1372,0.6076022181,0.4430281293,0.005679340599999971,0.021344417999999976,-1,-1,-1,-1
157,1372,0.6116661998,0.4434362124,0.0055453804999999745,0.02143181790000004,-1,-1,-1,-1
158,1372,0.6157579663,0.4433986076,0.0037948016000000084,0.022361072699999984,-1,-1,-1,-1
159,1372,0.6187022629,0.4439552324,0.0037492432000000298,0.022052052200000005,-1,-1,-1,-1
160,1372,0.620964808,0.444340291,0.0037721615000000375,0.0221129558,-1,-1,-1,-1
161,1372,0.6222470345,0.4448616692,0.0036326667000000645,0.022235486100000035,-1,-1,-1,-1
162,1372,0.6225943829,0.4449597194,0.0035640935999999845,0.022137435900000002,-1,-1,-1,-1
163,1372,0.6222644741,0.4449684949,0.004005450800000032,0.022029618599999967,-1,-1,-1,-1
164,1372,0.6222967467,0.4449002532,0.004173726899999952,0.022029302400000006,-1,-1,-1,-1
165,1372,0.6226043794,0.4449682109,0.0043420030999999915,0.02202898619999999,-1,-1,-1,-1
166,1372,0.6231667292,0.4452131858,0.0045102791999999114,0.022028669899999964,-1,-1,-1,-1
167,1372,0.6243052814,0.4454168932,0.004678555400000062,0.022028353700000003,-1,-1,-1,-1
168,1372,0.6261182044,0.4454917092,0.004846831499999982,0.022028037400000033,-1,-1,-1,-1
169,1372,0.6269765612,0.4457770231,0.004533289499999982,0.021617394600000006,-1,-1,-1,-1
170,1372,0.629823083,0.4460458759,0.004669169299999942,0.022042108299999974,-1,-1,-1,-1
171,1372,0.6315546579,0.4465377783,0.005278781999999982,0.0220455517,-1,-1,-1,-1
172,1372,0.6342897312,0.446930639,0.0054702319000000665,0.022247215799999998,-1,-1,-1,-1
173,1372,0.6373094573,0.4471571729,0.005098407900000046,0.022466506900000016,-1,-1,-1,-1
174,1372,0.639873991,0.448060614,0.005209561300000054,0.022553757499999993,-1,-1,-1,-1
175,1372,0.6422956253,0.4486605683,0.005909562000000035,0.022895111299999993,-1,-1,-1,-1
176,1372,0.6462224081,0.4486238062,0.00563402540000002,0.023179477700000006,-1,-1,-1,-1
177,1372,0.6494614114,0.4494621642,0.0050429242999999735,0.02323290689999996,-1,-1,-1,-1
178,1372,0.6522992005,0.4497060523,0.005716993800000014,0.02279079810000001,-1,-1,-1,-1
179,1372,0.6554576739,0.4478197886,0.0039520881000000285,0.02343862860000001,-1,-1,-1,-1
180,1372,0.6560145532,0.44763429,0.00364604479999997,0.02362412720000001,-1,-1,-1,-1
181,1372,0.6560419756,0.4476716354,0.004064570299999959,0.023537260900000023,-1,-1,-1,-1
182,1372,0.6560973373,0.4477089808,0.004794595400000046,0.023076450400000004,-1,-1,-1,-1
183,1372,0.6561160664,0.4477214868,0.0048008213000000355,0.02310011340000001,-1,-1,-1,-1
184,1372,0.6564135708,0.4476348138,0.004473422400000038,0.023326341000000028,-1,-1,-1,-1
185,1372,0.6562232184,0.4478206771,0.004563054500000052,0.0232993628,-1,-1,-1,-1
186,1372,0.6563022254,0.4480066776,0.004305992499999967,0.0234003022,-1,-1,-1,-1
187,1372,0.6556149089,0.4478458262,0.005272084300000035,0.023462111799999963,-1,-1,-1,-1
188,1372,0.6561817726,0.4480316209,0.004831950699999976,0.02321842839999999,-1,-1,-1,-1
189,1372,0.6558446147,0.4479350484,0.0050423785,0.023471931400000035,-1,-1,-1,-1
190,1372,0.654977942,0.4489098104,0.0047383801999999475,0.023537519100000015,-1,-1,-1,-1
191,1372,0.65308003,0.4506276403,0.00501967339999998,0.02385073069999999,-1,-1,-1,-1
192,1372,0.6522551559,0.450966522,0.0043115920999999835,0.023908153200000004,-1,-1,-1,-1
193,1372,0.6519709762,0.4513154724,0.004719476400000033,0.023635198800000035,-1,-1,-1,-1
194,1372,0.6515126006,0.4521722862,0.004747587199999903,0.02339595550000001,-1,-1,-1,-1
195,1372,0.65060838,0.4521372213,0.005456695999999983,0.02328245779999999,-1,-1,-1,-1
196,1372,0.653160371,0.452102225,0.005078719999999981,0.023119233399999994,-1,-1,-1,-1
197,1372,0.6552664141,0.4529588787,0.006351013600000011,0.022543380899999965,-1,-1,-1,-1
198,1372,0.6570720586,0.4533352824,0.00618406150000006,0.02297604670000003,-1,-1,-1,-1
199,1372,0.6580544622,0.454085145,0.006232786900000065,0.022919750599999955,-1,-1,-1,-1
200,1372,0.6595337526,0.454587266,0.006091494400000008,0.02311119610000001,-1,-1,-1,-1
201,1372,0.6623940375,0.4551615671,0.0057117847,0.023428545000000023,-1,-1,-1,-1
202,1372,0.6645491412,0.4559041019,0.005145360600000037,0.02357766019999996,-1,-1,-1,-1
203,1372,0.6667475688,0.4563550291,0.005065223900000082,0.0239193412,-1,-1,-1,-1
204,1372,0.6679635296,0.4570970457,0.005187106599999991,0.0242176744,-1,-1,-1,-1
205,1372,0.6696774358,0.4581504735,0.005401583599999982,0.024396310899999996,-1,-1,-1,-1
206,1372,0.6713680077,0.4592203854,0.005238762899999916,0.024571201200000004,-1,-1,-1,-1
207,1372,0.6725735169,0.459794924,0.005528699500000012,0.024750586899999982,-1,-1,-1,-1
208,1372,0.673744372,0.4602702837,0.005818636099999996,0.02492997269999997,-1,-1,-1,-1
209,1372,0.6752402592,0.4612080211,0.006108572699999981,0.025109358400000004,-1,-1,-1,-1
210,1372,0.6767061233,0.4620821083,0.006609931900000032,0.025716827599999992,-1,-1,-1,-1
211,1372,0.677992929,0.4630198457,0.006505682999999984,0.02554344000000003,-1,-1,-1,-1
212,1372,0.680387941,0.4644861087,0.006189136799999995,0.02617900179999999,-1,-1,-1,-1
213,1372,0.6801909808,0.4653367903,0.007891113100000013,0.026856882699999973,-1,-1,-1,-1
214,1372,0.6832842735,0.4664479958,0.0070913106000000115,0.02663746429999997,-1,-1,-1,-1
215,1372,0.6849585444,0.4674763052,0.007110097899999945,0.026857999899999985,-1,-1,-1,-1
216,1372,0.6864814218,0.4685542575,0.0070477498999999,0.02739723999999999,-1,-1,-1,-1
217,1372,0.6872159602,0.4694808865,0.0073881788999999864,0.028254048199999993,-1,-1,-1,-1
218,1372,0.6887337464,0.4702711224,0.006837925100000031,0.0284828996,-1,-1,-1,-1
219,1372,0.6902097267,0.4711356168,0.006257853899999999,0.028764929900000014,-1,-1,-1,-1
220,1372,0.690417017,0.4720637612,0.006462119900000007,0.02878050790000003,-1,-1,-1,-1
221,1372,0.6913320893,0.4735492555,0.006174801400000041,0.0287078536,-1,-1,-1,-1
222,1372,0.6921995671,0.4741855332,0.006542928900000078,0.02875284219999996,-1,-1,-1,-1
223,1372,0.6938194758,0.474885461,0.006911056500000012,0.028797830800000035,-1,-1,-1,-1
224,1372,0.6964072256,0.4754580886,0.007279183999999939,0.028842819400000053,-1,-1,-1,-1
225,1372,0.6990313562,0.4763205611,0.007203223199999997,0.028865302699999984,-1,-1,-1,-1
226,1372,0.7024199321,0.4771830335,0.007127262300000048,0.02888778599999997,-1,-1,-1,-1
227,1372,0.7046169405,0.4783002435,0.007051301399999987,0.028910269299999958,-1,-1,-1,-1
228,1372,0.7076330084,0.4797632373,0.007289774199999988,0.028735695999999977,-1,-1,-1,-1
229,1372,0.711174597,0.4802920792,0.007161407800000075,0.02986285390000004,-1,-1,-1,-1
230,1372,0.7137558773,0.4813051007,0.006900630800000029,0.02980526969999997,-1,-1,-1,-1
231,1372,0.7161042274,0.4821906163,0.006805367000000007,0.02962086530000002,-1,-1,-1,-1
232,1372,0.7183571312,0.4828213486,0.0067101030999999756,0.029436461000000025,-1,-1,-1,-1
233,1372,0.7210400066,0.4834520809,0.0066148391999999445,0.029252056599999965,-1,-1,-1,-1
234,1372,0.7237228819,0.4840828132,0.006519575400000033,0.02906765229999997,-1,-1,-1,-1
