1,1281,0.3815448905,0.3780729002,0.0015432975999999932,0.007305219799999985,-1,-1,-1,-1
2,1281,0.3819067118,0.3782338087,0.0015432975999999932,0.007305219799999985,-1,-1,-1,-1
3,1281,0.3821631048,0.3782338087,0.0017975295000000058,0.007252818200000011,-1,-1,-1,-1
4,1281,0.3823182372,0.3781649459,0.001742577199999984,0.007344177999999979,-1,-1,-1,-1
5,1281,0.3827068092,0.3781656318,0.0015258086000000115,0.007456800200000002,-1,-1,-1,-1
6,1281,0.3828265536,0.3782472521,0.0015564114000000129,0.007448158099999991,-1,-1,-1,-1
7,1281,0.3832110651,0.3783288723,0.001691014699999993,0.007439378800000007,-1,-1,-1,-1
8,1281,0.3835916734,0.3784833335,0.0015563028999999728,0.007479160099999993,-1,-1,-1,-1
9,1281,0.3837673681,0.3786013743,0.0015582773000000216,0.007336838999999984,-1,-1,-1,-1
10,1281,0.3841589823,0.3785883013,0.001453619500000003,0.007349912000000014,-1,-1,-1,-1
11,1281,0.3840620452,0.3786419992,0.0015355063999999974,0.0073484784999999775,-1,-1,-1,-1
12,1281,0.3843660855,0.3786795103,0.0017520473000000036,0.007720028999999962,-1,-1,-1,-1
13,1281,0.3843147105,0.3788627032,0.0015984313999999888,0.007828337100000027,-1,-1,-1,-1
14,1281,0.3841949537,0.3788757967,0.0017181881999999704,0.007499462300000037,-1,-1,-1,-1
15,1281,0.3842654451,0.3790929478,0.0016750186000000222,0.007525251499999996,-1,-1,-1,-1
16,1281,0.3843958669,0.3790672957,0.0015719187000000079,0.007526486100000007,-1,-1,-1,-1
17,1281,0.3847642908,0.379246292,0.0018183130999999686,0.007638990800000023,-1,-1,-1,-1
18,1281,0.3851645902,0.3795831103,0.0018826392000000358,0.007666377199999963,-1,-1,-1,-1
19,1281,0.3859063353,0.3802695652,0.0016462707999999604,0.007344264200000006,-1,-1,-1,-1
20,1281,0.3863033931,0.3805068342,0.0015499075000000029,0.0073740787000000085,-1,-1,-1,-1
21,1281,0.3867002451,0.3804932067,0.0015902047999999946,0.0077033503000000225,-1,-1,-1,-1
22,1281,0.3869331661,0.3806616815,0.0017535275000000183,0.007826239199999974,-1,-1,-1,-1
23,1281,0.3871387652,0.3808301563,0.0017665030999999831,0.007560643199999995,-1,-1,-1,-1
24,1281,0.3873137119,0.3809706255,0.0017008436999999543,0.007565993100000001,-1,-1,-1,-1
25,1281,0.387302793,0.3810819583,0.001697237300000043,0.007626529199999954,-1,-1,-1,-1
26,1281,0.3871658987,0.3811905932,0.0016936308000000122,0.007687065500000034,-1,-1,-1,-1
27,1281,0.3870991034,0.3812961932,0.00177884300000003,0.007895993899999953,-1,-1,-1,-1
28,1281,0.3871826553,0.3813983245,0.0017499347999999637,0.007769582200000014,-1,-1,-1,-1
29,1281,0.3871272312,0.3813507272,0.0017507152000000303,0.007890020499999983,-1,-1,-1,-1
30,1281,0.3871839039,0.3815216528,0.0017335279999999842,0.007946287300000021,-1,-1,-1,-1
31,1281,0.3871004556,0.3814315649,0.0017639071000000173,0.00802770559999999,-1,-1,-1,-1
32,1281,0.387399513,0.3816167912,0.0016423644000000404,0.008012578699999995,-1,-1,-1,-1
33,1281,0.387753214,0.3817289707,0.001753288899999983,0.008046081099999991,-1,-1,-1,-1
34,1281,0.3881752968,0.3818411502,0.0016647793999999827,0.00817135480000003,-1,-1,-1,-1
35,1281,0.3885726101,0.3818991663,0.001794607700000006,0.008215809900000037,-1,-1,-1,-1
36,1281,0.3888786605,0.3820076106,0.0017876132000000378,0.008200076100000009,-1,-1,-1,-1
37,1281,0.3893862803,0.3819926301,0.0017806184999999974,0.008184342199999972,-1,-1,-1,-1
38,1281,0.3896938626,0.3820836,0.0017736240000000292,0.008168608299999991,-1,-1,-1,-1
39,1281,0.3899808688,0.3822231306,0.0017666293999999971,0.008152874300000001,-1,-1,-1,-1
40,1281,0.3903125741,0.3823087048,0.0013945859000000227,0.008049074599999984,-1,-1,-1,-1
41,1281,0.3904765051,0.3825400982,0.0013593801000000294,0.007866241800000007,-1,-1,-1,-1
42,1281,0.3906875816,0.3824833024,0.0015240912999999745,0.007898757300000003,-1,-1,-1,-1
43,1281,0.3909229706,0.3825440216,0.0015540225000000296,0.007917509200000006,-1,-1,-1,-1
44,1281,0.3912922212,0.3825367558,0.0015839535999999654,0.00793626129999997,-1,-1,-1,-1
45,1281,0.3914735377,0.3826508917,0.0016138847000000123,0.00795501329999998,-1,-1,-1,-1
46,1281,0.3916379144,0.3826436259,0.001715399399999984,0.008297018200000006,-1,-1,-1,-1
47,1281,0.3918550226,0.3827941822,0.0017095388000000211,0.008154143800000013,-1,-1,-1,-1
48,1281,0.392044809,0.3830175795,0.001703678300000011,0.00801126940000002,-1,-1,-1,-1
49,1281,0.3922078469,0.383065415,0.0018482811000000154,0.008190873200000004,-1,-1,-1,-1
50,1281,0.3922931227,0.3830179971,0.001763005300000009,0.008311131999999999,-1,-1,-1,-1
51,1281,0.3925263917,0.3831506581,0.0017649819000000178,0.008330463100000018,-1,-1,-1,-1
52,1281,0.3926230515,0.3831575029,0.0018019984000000044,0.008608809100000003,-1,-1,-1,-1
53,1281,0.3929383632,0.383341594,0.0018004710000000257,0.008602238599999978,-1,-1,-1,-1
54,1281,0.3931230515,0.3833449317,0.0017989435999999914,0.008595668100000009,-1,-1,-1,-1
55,1281,0.3934102739,0.383551617,0.0017974161000000044,0.008589097699999992,-1,-1,-1,-1
56,1281,0.393773596,0.3835222992,0.0017991251000000208,0.00855965689999999,-1,-1,-1,-1
57,1281,0.3939798047,0.3834850481,0.001838967299999994,0.008718309599999974,-1,-1,-1,-1
58,1281,0.3945303303,0.3835691985,0.0018285185999999953,0.008683268500000008,-1,-1,-1,-1
59,1281,0.3947801227,0.3837808205,0.0018180701000000132,0.008648227499999994,-1,-1,-1,-1
60,1281,0.3949661643,0.3838629476,0.0018076214000000146,0.008613186399999972,-1,-1,-1,-1
61,1281,0.3951249611,0.3839450746,0.001797172899999977,0.008578145300000006,-1,-1,-1,-1
62,1281,0.3950923508,0.3841244601,0.0017867242999999866,0.008543104299999993,-1,-1,-1,-1
63,1281,0.3954304392,0.3841032777,0.001836544200000012,0.008682944699999973,-1,-1,-1,-1
64,1281,0.3956230637,0.3842145333,0.001836547700000024,0.008699762499999986,-1,-1,-1,-1
65,1281,0.3959290816,0.3843015087,0.0017887891999999739,0.008727516800000001,-1,-1,-1,-1
66,1281,0.3962139348,0.3844883031,0.0018044761000000076,0.008783525600000008,-1,-1,-1,-1
67,1281,0.3963416104,0.3845203106,0.0016494786999999844,0.008775798399999979,-1,-1,-1,-1
68,1281,0.3964557904,0.3846112845,0.0018358387999999892,0.008854923900000033,-1,-1,-1,-1
69,1281,0.3969592165,0.3847305854,0.001835962800000035,0.00885709309999999,-1,-1,-1,-1
70,1281,0.3975363344,0.3847527651,0.001766356899999988,0.008883405499999997,-1,-1,-1,-1
71,1281,0.3976798146,0.3848235054,0.0017839134000000034,0.008879538900000039,-1,-1,-1,-1
72,1281,0.3978004495,0.3850156473,0.0019258074000000347,0.008911887100000015,-1,-1,-1,-1
73,1281,0.398037318,0.385195649,0.0018811950000000022,0.008889913200000044,-1,-1,-1,-1
74,1281,0.3980009681,0.3853270901,0.0018365827999999862,0.008867939300000016,-1,-1,-1,-1
75,1281,0.3981897732,0.3854114931,0.0018780837000000328,0.00902606509999998,-1,-1,-1,-1
76,1281,0.398099055,0.3853987749,0.001881291300000032,0.009075251199999967,-1,-1,-1,-1
77,1281,0.3982974928,0.3854427107,0.0018844990000000394,0.009124437399999963,-1,-1,-1,-1
78,1281,0.3981468791,0.3855881824,0.0018877065999999831,0.009173623600000014,-1,-1,-1,-1
79,1281,0.3981725761,0.3857530783,0.0018909142999999906,0.009222809900000017,-1,-1,-1,-1
80,1281,0.398073807,0.3859341611,0.001894121999999998,0.009271996100000013,-1,-1,-1,-1
81,1281,0.3979100714,0.3860059825,0.0018973295999999973,0.009321182300000008,-1,-1,-1,-1
82,1281,0.397945483,0.3860535235,0.0019005373000000048,0.009370368600000012,-1,-1,-1,-1
83,1281,0.397821363,0.3860565507,0.001903744900000004,0.009419554699999999,-1,-1,-1,-1
84,1281,0.3981700186,0.386146987,0.0019069526000000114,0.009468741000000003,-1,-1,-1,-1
85,1281,0.3985427545,0.3862859839,0.0019895736000000164,0.009608530299999973,-1,-1,-1,-1
86,1281,0.3988471601,0.3864573546,0.0018219315000000402,0.009655682499999985,-1,-1,-1,-1
87,1281,0.3992812287,0.3865073237,0.0018708573000000284,0.00966058409999998,-1,-1,-1,-1
88,1281,0.3994967226,0.3865087321,0.001919783099999961,0.009665485900000048,-1,-1,-1,-1
89,1281,0.3996820215,0.3865635637,0.0021210032000000267,0.00962231429999999,-1,-1,-1,-1
90,1281,0.3998684484,0.3866949717,0.0021055247999999804,0.009625635199999982,-1,-1,-1,-1
91,1281,0.4003406097,0.3867029547,0.0018859806000000034,0.009555901400000011,-1,-1,-1,-1
92,1281,0.4003319938,0.3869868504,0.0022361966000000177,0.009344846699999965,-1,-1,-1,-1
93,1281,0.4008249727,0.3870595073,0.0019755303999999807,0.009272189799999997,-1,-1,-1,-1
94,1281,0.400929203,0.3869648999,0.0020214929999999853,0.00931823660000003,-1,-1,-1,-1
95,1281,0.4008559186,0.3871130956,0.001958168199999999,0.009340003099999994,-1,-1,-1,-1
96,1281,0.4009094745,0.387282103,0.0018637068000000312,0.009365238200000015,-1,-1,-1,-1
97,1281,0.4008468997,0.3875159951,0.0020902125000000216,0.009446990200000005,-1,-1,-1,-1
98,1281,0.4007049219,0.3876040407,0.001931495800000016,0.00935894460000003,-1,-1,-1,-1
99,1281,0.4006278527,0.3876192453,0.0019285676999999946,0.00943557989999999,-1,-1,-1,-1
100,1281,0.4003096207,0.3877558515,0.0019256395000000204,0.009512215199999952,-1,-1,-1,-1
101,1281,0.4001211288,0.3878317569,0.001922711399999999,0.009588850600000032,-1,-1,-1,-1
102,1281,0.3998369334,0.3880047836,0.0019197831000000165,0.009665485899999993,-1,-1,-1,-1
103,1281,0.3993995577,0.3881039534,0.001929754799999961,0.009681252100000037,-1,-1,-1,-1
104,1281,0.3990470804,0.3882274035,0.0019397265000000163,0.009697018199999963,-1,-1,-1,-1
105,1281,0.3987638872,0.3882275843,0.0019496982000000163,0.009712784400000007,-1,-1,-1,-1
106,1281,0.3986994359,0.3883086994,0.001959669900000016,0.009728550700000005,-1,-1,-1,-1
107,1281,0.3984972107,0.3883920219,0.001969641600000016,0.009744316899999994,-1,-1,-1,-1
108,1281,0.3986377896,0.3886477346,0.0019796132999999605,0.009760083099999983,-1,-1,-1,-1
109,1281,0.3986797835,0.3887172983,0.001989585100000024,0.009775849199999964,-1,-1,-1,-1
110,1281,0.3986755079,0.3887656166,0.001999556700000016,0.009791615500000017,-1,-1,-1,-1
111,1281,0.3990987891,0.3889179935,0.0020095283999999602,0.009807381599999998,-1,-1,-1,-1
112,1281,0.3991190604,0.3888923147,0.0020195001000000157,0.009823147799999987,-1,-1,-1,-1
113,1281,0.3994672554,0.3891579997,0.001994169300000015,0.009990625500000017,-1,-1,-1,-1
114,1281,0.3993985996,0.3893144232,0.002012966599999999,0.009968463900000002,-1,-1,-1,-1
115,1281,0.399380111,0.3894465665,0.0020317639000000387,0.009946302200000035,-1,-1,-1,-1
116,1281,0.3995731736,0.3895422893,0.0020505612999999756,0.009924140500000012,-1,-1,-1,-1
117,1281,0.3995340778,0.3894923302,0.0021596595999999746,0.010069060299999988,-1,-1,-1,-1
118,1281,0.3996221185,0.3895227442,0.0021413348000000054,0.010033913700000008,-1,-1,-1,-1
119,1281,0.3997564793,0.389850273,0.0021230098999999725,0.009998766999999964,-1,-1,-1,-1
120,1281,0.3998111514,0.389892508,0.0021046851000000033,0.009963620299999976,-1,-1,-1,-1
121,1281,0.4001353932,0.3899148774,0.002063875299999962,0.010326499099999997,-1,-1,-1,-1
122,1281,0.4001303221,0.3899930914,0.0019459209000000088,0.010393967000000004,-1,-1,-1,-1
123,1281,0.400389362,0.3900982836,0.0020695409999999526,0.010385896100000014,-1,-1,-1,-1
124,1281,0.400528869,0.3902763167,0.002048737299999992,0.01028478490000001,-1,-1,-1,-1
125,1281,0.4007133389,0.390443944,0.0020279337999999925,0.010183673700000007,-1,-1,-1,-1
126,1281,0.4007862319,0.3905265902,0.002150880299999991,0.010030430399999957,-1,-1,-1,-1
127,1281,0.4007962692,0.3904878348,0.002101326700000017,0.009939745700000002,-1,-1,-1,-1
128,1281,0.4010691055,0.3906495291,0.0020517730999999872,0.009849060999999992,-1,-1,-1,-1
129,1281,0.4011916974,0.3907705734,0.002002219500000013,0.00975837620000003,-1,-1,-1,-1
130,1281,0.4013210812,0.3909280382,0.0019574768000000242,0.009896065900000028,-1,-1,-1,-1
131,1281,0.4016829321,0.3909883817,0.0019645476999999856,0.009860002699999981,-1,-1,-1,-1
132,1281,0.4016138557,0.3909451824,0.0020063022999999847,0.01007316420000004,-1,-1,-1,-1
133,1281,0.4018824923,0.3911381643,0.002013536199999999,0.010122050100000002,-1,-1,-1,-1
134,1281,0.4019953173,0.3913287182,0.0020484063000000274,0.010369614400000005,-1,-1,-1,-1
135,1281,0.4022828614,0.3914680137,0.00205256949999999,0.010396424899999979,-1,-1,-1,-1
136,1281,0.4024252486,0.3916346245,0.002056732700000008,0.010423235500000017,-1,-1,-1,-1
137,1281,0.4022904261,0.3917526747,0.002060895900000026,0.01045004599999999,-1,-1,-1,-1
138,1281,0.4025562467,0.3917331365,0.0020650590999999885,0.010476856499999965,-1,-1,-1,-1
139,1281,0.4024969529,0.3918738483,0.0020692223000000065,0.010503666999999994,-1,-1,-1,-1
140,1281,0.4029603628,0.3920327704,0.002073385499999969,0.010530477499999968,-1,-1,-1,-1
141,1281,0.403419039,0.3922159727,0.0020775487000000425,0.01055728809999995,-1,-1,-1,-1
142,1281,0.4036250268,0.3925569972,0.002081711900000005,0.010584098600000036,-1,-1,-1,-1
143,1281,0.4039677781,0.3928009003,0.002085875199999976,0.010610909200000018,-1,-1,-1,-1
144,1281,0.4043380655,0.3930850043,0.002096288599999996,0.010655787100000036,-1,-1,-1,-1
145,1281,0.4046936372,0.3933610148,0.002106702000000016,0.010700665100000006,-1,-1,-1,-1
146,1281,0.405349749,0.3935796355,0.002117115400000036,0.010745542999999969,-1,-1,-1,-1
147,1281,0.406290085,0.3940119229,0.0021275288000000003,0.010790420999999994,-1,-1,-1,-1
148,1281,0.4065472896,0.394147451,0.0021379422000000203,0.010835298900000012,-1,-1,-1,-1
149,1281,0.4068044941,0.394282979,0.002148355599999985,0.010880177000000046,-1,-1,-1,-1
150,1281,0.4070616986,0.3944185071,0.002158769000000005,0.010925054900000009,-1,-1,-1,-1
151,1281,0.4073189031,0.3945540351,0.0021691823999999693,0.010969932900000035,-1,-1,-1,-1
152,1281,0.4075761076,0.3946895632,0.0021795957999999893,0.011014810799999997,-1,-1,-1,-1
153,1281,0.4075170272,0.3947626757,0.0021900092000000093,0.011059688799999967,-1,-1,-1,-1
154,1281,0.40787966,0.3949190089,0.0022004227000000376,0.01110456670000004,-1,-1,-1,-1
155,1281,0.4085760205,0.3951066185,0.002210836100000002,0.01114944470000001,-1,-1,-1,-1
156,1281,0.4086049257,0.3952316754,0.002221249400000014,0.011194322600000028,-1,-1,-1,-1
157,1281,0.4088857518,0.3953727324,0.0022411068000000034,0.011259432700000016,-1,-1,-1,-1
158,1281,0.4093476428,0.3954874515,0.0022609643000000013,0.011324542700000051,-1,-1,-1,-1
159,1281,0.4098310122,0.3959220443,0.002338388899999988,0.011737037000000006,-1,-1,-1,-1
160,1281,0.410289379,0.3961182486,0.0023530129000000066,0.011770566699999985,-1,-1,-1,-1
161,1281,0.4108933543,0.3963144529,0.0023676368999999697,0.011804096300000011,-1,-1,-1,-1
162,1281,0.4112730092,0.3965106571,0.002382260900000044,0.01183762599999999,-1,-1,-1,-1
163,1281,0.4116944766,0.3967694141,0.0023968848999999515,0.011871155600000016,-1,-1,-1,-1
164,1281,0.4117445302,0.3968942668,0.0024115089999999784,0.011904685299999995,-1,-1,-1,-1
165,1281,0.4120931945,0.3970919375,0.002426132999999997,0.01193821500000003,-1,-1,-1,-1
166,1281,0.4123961063,0.3971959164,0.0024407570000000156,0.011971744700000009,-1,-1,-1,-1
167,1281,0.4126242304,0.397510702,0.0024553808999999704,0.01200527429999998,-1,-1,-1,-1
168,1281,0.412870106,0.3977005651,0.002470004899999989,0.012038803900000006,-1,-1,-1,-1
169,1281,0.4129666376,0.3978591519,0.0024846289999999605,0.01207233360000004,-1,-1,-1,-1
170,1281,0.413519768,0.3981115676,0.0025824533000000094,0.012326306600000003,-1,-1,-1,-1
171,1281,0.4139308175,0.3983916715,0.0025755198999999895,0.012307936299999989,-1,-1,-1,-1
172,1281,0.4146102861,0.3985014764,0.0025685864999999697,0.012289565999999974,-1,-1,-1,-1
173,1281,0.4155356511,0.3986425577,0.002561653199999958,0.012271195700000015,-1,-1,-1,-1
174,1281,0.416714785,0.3987176111,0.0024791253000000513,0.011751539500000019,-1,-1,-1,-1
175,1281,0.4178456427,0.3988278504,0.0025076701999999784,0.011422777299999964,-1,-1,-1,-1
176,1281,0.4190708849,0.3990005053,0.0023715966000000255,0.011468645300000024,-1,-1,-1,-1
177,1281,0.4194047669,0.3990224484,0.0022484168999999943,0.011696501299999995,-1,-1,-1,-1
178,1281,0.4197033004,0.3992565219,0.0023158107000000316,0.011337459699999997,-1,-1,-1,-1
179,1281,0.4202515893,0.3994983802,0.002361671299999979,0.01152956049999998,-1,-1,-1,-1
180,1281,0.4204778305,0.3994696798,0.002407531800000029,0.011721661500000036,-1,-1,-1,-1
181,1281,0.4212224919,0.3995970183,0.0024533924000000318,0.01191376230000002,-1,-1,-1,-1
182,1281,0.4214752059,0.3996930804,0.0024992530000000346,0.012105863200000011,-1,-1,-1,-1
183,1281,0.4219404103,0.3999558427,0.002523371800000007,0.011543643699999995,-1,-1,-1,-1
184,1281,0.4229004176,0.3999885844,0.0024888405999999863,0.01229143869999999,-1,-1,-1,-1
185,1281,0.4229613592,0.4000619715,0.002890279200000012,0.01231174340000002,-1,-1,-1,-1
186,1281,0.423457512,0.4002984011,0.0025521917000000394,0.011981622000000025,-1,-1,-1,-1
187,1281,0.4237581092,0.4004605665,0.0022515945000000093,0.011944287599999992,-1,-1,-1,-1
188,1281,0.4238631314,0.4004934524,0.002339831800000025,0.012067508999999976,-1,-1,-1,-1
189,1281,0.4237963267,0.4006667847,0.002484382800000018,0.011863037600000015,-1,-1,-1,-1
190,1281,0.4238841579,0.4006779189,0.0024425922999999905,0.01185190340000003,-1,-1,-1,-1
191,1281,0.4241828457,0.4010011993,0.002370122500000016,0.011965668599999979,-1,-1,-1,-1
192,1281,0.4244383125,0.401053921,0.0024345706999999717,0.012164346500000034,-1,-1,-1,-1
193,1281,0.4244654028,0.4011065741,0.0024754041999999754,0.0123598922,-1,-1,-1,-1
194,1281,0.4247033497,0.4014401656,0.002563466999999986,0.012561702199999969,-1,-1,-1,-1
195,1281,0.4248477734,0.4015456118,0.002672657799999978,0.01201454630000004,-1,-1,-1,-1
196,1281,0.4252263827,0.4014657503,0.0025399448999999796,0.012250515200000034,-1,-1,-1,-1
197,1281,0.4258383742,0.4016512967,0.0025077320000000403,0.012189799700000004,-1,-1,-1,-1
198,1281,0.4262044099,0.4017407453,0.0025055004999999797,0.012238857600000042,-1,-1,-1,-1
199,1281,0.4265646571,0.4019602263,0.002642163899999994,0.012286776700000002,-1,-1,-1,-1
200,1281,0.4269296334,0.401924234,0.0026273056000000183,0.012335937899999982,-1,-1,-1,-1
201,1281,0.4269205166,0.4020008091,0.002584992199999969,0.012558408499999951,-1,-1,-1,-1
202,1281,0.4272217434,0.4024311329,0.00226875809999999,0.011940701100000006,-1,-1,-1,-1
203,1281,0.4270201291,0.4024243254,0.0025028225000000015,0.012447106900000005,-1,-1,-1,-1
204,1281,0.4267934202,0.402564787,0.002499379700000026,0.01250145610000003,-1,-1,-1,-1
205,1281,0.4266779024,0.4026166095,0.0024762816000000187,0.012629453000000013,-1,-1,-1,-1
206,1281,0.4262180678,0.4028183939,0.0024767699000000087,0.01266907249999999,-1,-1,-1,-1
207,1281,0.4260305639,0.4031762855,0.0024772581999999987,0.012708692199999982,-1,-1,-1,-1
208,1281,0.4254215526,0.4033260341,0.002477746400000036,0.012748311799999967,-1,-1,-1,-1
209,1281,0.4248653327,0.4034757826,0.002374007800000022,0.01283189210000002,-1,-1,-1,-1
210,1281,0.42420353,0.4036255311,0.002478723000000016,0.012827551100000001,-1,-1,-1,-1
211,1281,0.4232582449,0.4037539287,0.002610990699999982,0.012803408000000016,-1,-1,-1,-1
212,1281,0.4229180147,0.4040724237,0.002587178099999976,0.01285968030000001,-1,-1,-1,-1
213,1281,0.4225521871,0.4041978547,0.002579204700000004,0.013015187599999978,-1,-1,-1,-1
214,1281,0.4222858044,0.4043886733,0.0027401590999999725,0.013074168200000014,-1,-1,-1,-1
215,1281,0.4227441217,0.4045794919,0.0030547254000000135,0.013070733300000026,-1,-1,-1,-1
216,1281,0.4225842871,0.4045205113,0.0029588413000000147,0.013316960400000022,-1,-1,-1,-1
217,1281,0.4227664755,0.4048501758,0.0029973316999999944,0.013205818700000038,-1,-1,-1,-1
218,1281,0.4226842623,0.405141213,0.0028862854000000215,0.013320688000000025,-1,-1,-1,-1
219,1281,0.4227842622,0.4053327025,0.002645817400000028,0.01322289040000002,-1,-1,-1,-1
220,1281,0.4229180147,0.4052743928,0.002468236700000015,0.013530999200000005,-1,-1,-1,-1
221,1281,0.4222552895,0.4052964787,0.0024721404999999974,0.01382112799999996,-1,-1,-1,-1
222,1281,0.4217855981,0.4058011529,0.0022039880999999983,0.013503837500000004,-1,-1,-1,-1
223,1281,0.4203073786,0.4061292843,0.002803895700000003,0.013421138499999985,-1,-1,-1,-1
224,1281,0.4190400159,0.4062867135,0.003140155099999986,0.01351773810000001,-1,-1,-1,-1
225,1281,0.4169082953,0.4064472704,0.0032517581000000018,0.013513288499999998,-1,-1,-1,-1
226,1281,0.4157603493,0.4063616404,0.003082236199999977,0.01372388670000002,-1,-1,-1,-1
227,1281,0.4144192017,0.406716897,0.002719396900000004,0.013774536599999998,-1,-1,-1,-1
228,1281,0.4128320253,0.4069919052,0.0028836769999999734,0.013561943899999984,-1,-1,-1,-1
229,1281,0.4116489393,0.4073813417,0.002826861299999983,0.013642475499999973,-1,-1,-1,-1
230,1281,0.409496129,0.4076709135,0.003426572100000025,0.013538504100000015,-1,-1,-1,-1
231,1281,0.408063604,0.4077840495,0.00289161659999998,0.013591866600000002,-1,-1,-1,-1
232,1281,0.4066896845,0.4079243815,0.0023682896000000175,0.013847049900000019,-1,-1,-1,-1
233,1281,0.4051224283,0.4079086061,0.002530246700000016,0.013956517199999963,-1,-1,-1,-1
234,1281,0.4040469651,0.4082050455,0.0025427826000000153,0.01404513340000002,-1,-1,-1,-1
