1,181,0.1188624672,0.463490774,0.006916127799999991,0.02923926069999999,-1,-1,-1,-1
2,181,0.1187953203,0.4633714301,0.007117568399999996,0.030074668100000035,-1,-1,-1,-1
3,181,0.1187953203,0.4633714301,0.007117568399999996,0.030074668100000035,-1,-1,-1,-1
4,181,0.1187953203,0.4633714301,0.007117568399999996,0.030074668100000035,-1,-1,-1,-1
5,181,0.1187953203,0.4633714301,0.007117568399999996,0.030074668100000035,-1,-1,-1,-1
6,181,0.1189679726,0.4633714301,0.007117568500000004,0.030074668100000035,-1,-1,-1,-1
7,181,0.119140625,0.4633714301,0.007117568500000004,0.030074668100000035,-1,-1,-1,-1
8,181,0.119140625,0.4631145663,0.007196716900000011,0.03094423270000002,-1,-1,-1,-1
9,181,0.119140625,0.4628577025,0.0072758652999999895,0.031813797199999994,-1,-1,-1,-1
10,181,0.119140625,0.4628577025,0.0072758652999999895,0.031813797199999994,-1,-1,-1,-1
11,181,0.119140625,0.4628577025,0.0072758652999999895,0.031813797199999994,-1,-1,-1,-1
12,181,0.1189679726,0.4628577025,0.0072758652999999895,0.031813797199999994,-1,-1,-1,-1
13,181,0.1189679726,0.4628577025,0.0072758652999999895,0.031813797199999994,-1,-1,-1,-1
14,181,0.1189679726,0.4628577025,0.0072758652999999895,0.031813797199999994,-1,-1,-1,-1
15,181,0.1189679726,0.4628577025,0.0072758652999999895,0.031813797199999994,-1,-1,-1,-1
16,181,0.1189679726,0.4628577025,0.0072758652999999895,0.031813797199999994,-1,-1,-1,-1
17,181,0.1189679726,0.4628577025,0.0072758652999999895,0.031813797199999994,-1,-1,-1,-1
18,181,0.1189679726,0.4628577025,0.0072758652999999895,0.031813797199999994,-1,-1,-1,-1
19,181,0.1189679726,0.4628577025,0.0072758652999999895,0.031813797199999994,-1,-1,-1,-1
20,181,0.1189679726,0.4628577025,0.0072758652999999895,0.031813797199999994,-1,-1,-1,-1
21,181,0.1189679726,0.4628577025,0.0072758652999999895,0.031813797199999994,-1,-1,-1,-1
22,181,0.1189679726,0.4628577025,0.0072758652999999895,0.031813797199999994,-1,-1,-1,-1
23,181,0.1189679726,0.4628577025,0.0072758652999999895,0.031813797199999994,-1,-1,-1,-1
24,181,0.1189679726,0.4628577025,0.0072758652999999895,0.031813797199999994,-1,-1,-1,-1
25,181,0.1189679726,0.4628577025,0.0072758652999999895,0.031813797199999994,-1,-1,-1,-1
26,181,0.1189679726,0.4628577025,0.0072758652999999895,0.031813797199999994,-1,-1,-1,-1
27,181,0.1189679726,0.4628577025,0.0072758652999999895,0.031813797199999994,-1,-1,-1,-1
28,181,0.1189679726,0.4628577025,0.0072758652999999895,0.031813797199999994,-1,-1,-1,-1
29,181,0.1189679726,0.4628577025,0.0072758652999999895,0.031813797199999994,-1,-1,-1,-1
30,181,0.1189679726,0.4628577025,0.0072758652999999895,0.031813797199999994,-1,-1,-1,-1
31,181,0.1189679726,0.4628577025,0.0072758652999999895,0.031813797199999994,-1,-1,-1,-1
32,181,0.1189679726,0.4628577025,0.0072758652999999895,0.031813797199999994,-1,-1,-1,-1
33,181,0.1189679726,0.4628577025,0.0072758652999999895,0.031813797199999994,-1,-1,-1,-1
34,181,0.1189679726,0.4628577025,0.0072758652999999895,0.031813797199999994,-1,-1,-1,-1
35,181,0.1189679726,0.4628577025,0.0072758652999999895,0.031813797199999994,-1,-1,-1,-1
36,181,0.1189679726,0.4628577025,0.0072758652999999895,0.031813797199999994,-1,-1,-1,-1
37,181,0.1189679726,0.4628577025,0.0072758652999999895,0.031813797199999994,-1,-1,-1,-1
38,181,0.1189679726,0.4628577025,0.0072758652999999895,0.031813797199999994,-1,-1,-1,-1
39,181,0.1189679726,0.4628577025,0.0072758652999999895,0.031813797199999994,-1,-1,-1,-1
40,181,0.1189679726,0.4628577025,0.0072758652999999895,0.031813797199999994,-1,-1,-1,-1
41,181,0.1189679726,0.4628577025,0.0072758652999999895,0.031813797199999994,-1,-1,-1,-1
42,181,0.1189679726,0.4628577025,0.0072758652999999895,0.031813797199999994,-1,-1,-1,-1
43,181,0.1191544016,0.4628990614,0.007275865400000012,0.03181379720000005,-1,-1,-1,-1
44,181,0.1193408307,0.4629404202,0.007275865300000003,0.031813797199999994,-1,-1,-1,-1
45,181,0.1194339874,0.4629404202,0.0072758652999999895,0.031813797199999994,-1,-1,-1,-1
46,181,0.1193774142,0.4628398696,0.0072758652999999895,0.031813797099999985,-1,-1,-1,-1
47,181,0.119320841,0.4627393189,0.007275865300000003,0.03181379710000004,-1,-1,-1,-1
48,181,0.1195472109,0.4628400067,0.0072758652999999895,0.03181379720000005,-1,-1,-1,-1
49,181,0.119094394,0.4628400067,0.007275865300000003,0.03181379720000005,-1,-1,-1,-1
50,181,0.119094394,0.4628400067,0.007275865300000003,0.03181379720000005,-1,-1,-1,-1
51,181,0.1191509672,0.4628400067,0.007275865300000003,0.03181379720000005,-1,-1,-1,-1
52,181,0.1192075403,0.4628400067,0.0072758652999999895,0.03181379720000005,-1,-1,-1,-1
53,181,0.119377337,0.4628400067,0.0072758652999999895,0.03181379720000005,-1,-1,-1,-1
54,181,0.1196037841,0.4628400067,0.007275865200000009,0.03181379720000005,-1,-1,-1,-1
55,181,0.1205659138,0.463443448,0.007275865300000003,0.03181379710000004,-1,-1,-1,-1
56,181,0.1208488569,0.4629404202,0.007275865300000017,0.031813797199999994,-1,-1,-1,-1
57,181,0.1202829708,0.4631411101,0.0072758652999999895,0.032115997900000026,-1,-1,-1,-1
58,181,0.1196938535,0.4631411101,0.0072758652999999895,0.032115997900000026,-1,-1,-1,-1
59,181,0.1201063051,0.4631411101,0.0072758652999999895,0.032115997900000026,-1,-1,-1,-1
60,181,0.1199884507,0.4631411101,0.0072758652999999895,0.032115997900000026,-1,-1,-1,-1
61,181,0.1202220755,0.4631411101,0.007042240499999991,0.032115997900000026,-1,-1,-1,-1
62,181,0.1202220755,0.4631411101,0.007042240499999991,0.032115997900000026,-1,-1,-1,-1
63,181,0.1202220755,0.4631411101,0.007042240499999991,0.032115997900000026,-1,-1,-1,-1
64,181,0.1202220755,0.4631411101,0.007042240499999991,0.032115997900000026,-1,-1,-1,-1
65,181,0.1202220755,0.4631411101,0.007042240499999991,0.032115997900000026,-1,-1,-1,-1
66,181,0.1202220755,0.4631411101,0.007042240499999991,0.032115997900000026,-1,-1,-1,-1
67,181,0.1202220755,0.4631411101,0.007042240499999991,0.032115997900000026,-1,-1,-1,-1
68,181,0.1202220755,0.4631411101,0.007042240499999991,0.032115997900000026,-1,-1,-1,-1
69,181,0.1202220755,0.4631411101,0.007042240499999991,0.032115997900000026,-1,-1,-1,-1
70,181,0.1202220755,0.4631411101,0.007042240499999991,0.032115997900000026,-1,-1,-1,-1
71,181,0.1202220755,0.4631411101,0.007042240499999991,0.032115997900000026,-1,-1,-1,-1
72,181,0.1202810413,0.4631411101,0.007042240499999991,0.032115997900000026,-1,-1,-1,-1
73,181,0.1202810413,0.4631411101,0.007042240499999991,0.032115997900000026,-1,-1,-1,-1
74,181,0.1202810413,0.4631411101,0.007042240499999991,0.032115997900000026,-1,-1,-1,-1
75,181,0.1202810413,0.4631411101,0.007042240499999991,0.032115997900000026,-1,-1,-1,-1
76,181,0.1202810413,0.4631411101,0.007042240499999991,0.032115997900000026,-1,-1,-1,-1
77,181,0.1202810413,0.4631411101,0.007042240499999991,0.032115997900000026,-1,-1,-1,-1
78,181,0.1202810413,0.4631411101,0.007042240499999991,0.032115997900000026,-1,-1,-1,-1
79,181,0.1202810413,0.4631411101,0.007042240499999991,0.032115997900000026,-1,-1,-1,-1
80,181,0.1202810413,0.4631411101,0.007042240499999991,0.032115997900000026,-1,-1,-1,-1
81,181,0.1202810413,0.4631411101,0.007042240499999991,0.032115997900000026,-1,-1,-1,-1
82,181,0.1202810413,0.4631411101,0.007042240499999991,0.032115997900000026,-1,-1,-1,-1
83,181,0.1202810413,0.4631411101,0.007042240499999991,0.032115997900000026,-1,-1,-1,-1
84,181,0.1202810413,0.4631411101,0.007042240499999991,0.032115997900000026,-1,-1,-1,-1
85,181,0.1202810413,0.4631411101,0.007042240499999991,0.032115997900000026,-1,-1,-1,-1
86,181,0.1202810413,0.4631411101,0.007042240499999991,0.032115997900000026,-1,-1,-1,-1
87,181,0.1202810413,0.4631411101,0.007042240499999991,0.032115997900000026,-1,-1,-1,-1
88,181,0.1211648331,0.4631411101,0.007042240399999997,0.032115997900000026,-1,-1,-1,-1
89,181,0.1210468244,0.4621024064,0.007926109399999992,0.03305003560000003,-1,-1,-1,-1
90,181,0.1210468244,0.4621024064,0.007926109399999992,0.03305003560000003,-1,-1,-1,-1
91,181,0.1210468244,0.4621024064,0.007926109399999992,0.03305003560000003,-1,-1,-1,-1
92,181,0.1210468244,0.4621024064,0.007926109399999992,0.03305003560000003,-1,-1,-1,-1
93,181,0.1210468244,0.4621024064,0.006525904199999988,0.032112294099999994,-1,-1,-1,-1
94,181,0.1210468244,0.4621024064,0.006653097299999994,0.03305003560000003,-1,-1,-1,-1
95,181,0.1201562407,0.462328474,0.0079261095,0.03305003550000002,-1,-1,-1,-1
96,181,0.1210468244,0.4621024064,0.007926109399999992,0.03305003560000003,-1,-1,-1,-1
97,181,0.1203589162,0.4621494581,0.007926109399999992,0.033050035499999963,-1,-1,-1,-1
98,181,0.1196710081,0.4621965098,0.007926109399999992,0.03305003550000002,-1,-1,-1,-1
99,181,0.1198685125,0.4619977404,0.0079261095,0.03305003559999997,-1,-1,-1,-1
100,181,0.1195739153,0.4621025436,0.007926109399999992,0.033050035499999963,-1,-1,-1,-1
101,181,0.1195739153,0.4621025436,0.007926109399999992,0.033050035499999963,-1,-1,-1,-1
102,181,0.1195739153,0.4621025436,0.007926109399999992,0.033050035499999963,-1,-1,-1,-1
103,181,0.1195739153,0.4621025436,0.007926109399999992,0.033050035499999963,-1,-1,-1,-1
104,181,0.1206343728,0.4623120127,0.007926109399999992,0.03305003560000003,-1,-1,-1,-1
105,181,0.1215180874,0.4622072096,0.007926109399999992,0.03305003550000002,-1,-1,-1,-1
106,181,0.1215180874,0.4622072096,0.007926109399999992,0.03305003550000002,-1,-1,-1,-1
107,181,0.1203397755,0.4622072096,0.007926109399999992,0.03305003550000002,-1,-1,-1,-1
108,181,0.1203397755,0.4622072096,0.007926109399999992,0.03305003550000002,-1,-1,-1,-1
109,181,0.1203397755,0.4622072096,0.007926109399999992,0.03305003550000002,-1,-1,-1,-1
110,181,0.1203397755,0.4622072096,0.007926109399999992,0.03305003550000002,-1,-1,-1,-1
111,181,0.1203397755,0.4622072096,0.007926109399999992,0.03305003550000002,-1,-1,-1,-1
112,181,0.1203397755,0.4622072096,0.007926109399999992,0.03305003550000002,-1,-1,-1,-1
113,181,0.1203397755,0.4622072096,0.007926109399999992,0.03305003550000002,-1,-1,-1,-1
114,181,0.1203397755,0.4622072096,0.007926109399999992,0.03305003550000002,-1,-1,-1,-1
115,181,0.1203397755,0.4622072096,0.007926109399999992,0.03305003550000002,-1,-1,-1,-1
116,181,0.1203397755,0.4622072096,0.007926109399999992,0.03305003550000002,-1,-1,-1,-1
117,181,0.1203397755,0.4622072096,0.00818929430000001,0.03305003550000002,-1,-1,-1,-1
118,181,0.1203397755,0.4622072096,0.00818929430000001,0.03305003550000002,-1,-1,-1,-1
119,181,0.1203397755,0.4622072096,0.00818929430000001,0.03305003550000002,-1,-1,-1,-1
120,181,0.1203397755,0.4622072096,0.00818929430000001,0.03305003550000002,-1,-1,-1,-1
121,181,0.1203397755,0.4622072096,0.00818929430000001,0.03305003550000002,-1,-1,-1,-1
122,181,0.1203397755,0.4622072096,0.00818929430000001,0.03305003550000002,-1,-1,-1,-1
123,181,0.1203397755,0.4622072096,0.00818929430000001,0.03305003550000002,-1,-1,-1,-1
124,181,0.1203397755,0.4622072096,0.00818929430000001,0.03305003550000002,-1,-1,-1,-1
125,181,0.1203397755,0.4622072096,0.00818929430000001,0.03305003550000002,-1,-1,-1,-1
126,181,0.1203397755,0.4622072096,0.00818929430000001,0.03305003550000002,-1,-1,-1,-1
127,181,0.1203397755,0.4622072096,0.00818929430000001,0.03305003550000002,-1,-1,-1,-1
128,181,0.1203397755,0.4622072096,0.00818929430000001,0.03305003550000002,-1,-1,-1,-1
129,181,0.1203397755,0.4622072096,0.00818929430000001,0.03305003550000002,-1,-1,-1,-1
130,181,0.1211646015,0.4628354799,0.00818929430000001,0.033050035499999963,-1,-1,-1,-1
131,181,0.1211646015,0.4628354799,0.00818929430000001,0.033050035499999963,-1,-1,-1,-1
132,181,0.1203988185,0.4637778853,0.008778334400000004,0.03305003559999997,-1,-1,-1,-1
133,181,0.1206345271,0.4638826885,0.008778334500000012,0.03305003550000002,-1,-1,-1,-1
134,181,0.1203398527,0.4660814974,0.009367606100000009,0.031793632100000024,-1,-1,-1,-1
135,181,0.1205755614,0.4661861633,0.009367606100000009,0.03179363219999998,-1,-1,-1,-1
136,181,0.1201631098,0.4665002985,0.009367606100000009,0.03179363209999997,-1,-1,-1,-1
137,181,0.1202808869,0.4665002985,0.009367606200000017,0.03179363209999997,-1,-1,-1,-1
138,181,0.1199863669,0.4668144336,0.00966212620000001,0.03158430019999997,-1,-1,-1,-1
139,181,0.1199863669,0.4668144336,0.00966212620000001,0.03158430019999997,-1,-1,-1,-1
140,181,0.1199863669,0.4668144336,0.00966212620000001,0.03158430019999997,-1,-1,-1,-1
141,181,0.1199863669,0.4668144336,0.00966212620000001,0.03158430019999997,-1,-1,-1,-1
142,181,0.1199863669,0.4668144336,0.00966212620000001,0.03158430019999997,-1,-1,-1,-1
143,181,0.1199863669,0.4668144336,0.00966212620000001,0.03158430019999997,-1,-1,-1,-1
144,181,0.1199863669,0.4668144336,0.00966212620000001,0.03158430019999997,-1,-1,-1,-1
145,181,0.1199863669,0.4668144336,0.00966212620000001,0.03158430019999997,-1,-1,-1,-1
146,181,0.1199863669,0.4668144336,0.00966212620000001,0.03158430019999997,-1,-1,-1,-1
147,181,0.1199863669,0.4668144336,0.00966212620000001,0.03158430019999997,-1,-1,-1,-1
148,181,0.1199863669,0.4668144336,0.00966212620000001,0.03158430019999997,-1,-1,-1,-1
149,181,0.1193677667,0.4665526314,0.01028072640000001,0.03184610240000002,-1,-1,-1,-1
150,181,0.1187491665,0.4662908293,0.010899326600000009,0.032107904500000006,-1,-1,-1,-1
151,181,0.1187491665,0.4662908293,0.010899326600000009,0.032107904500000006,-1,-1,-1,-1
152,181,0.1187491665,0.4662908293,0.010876404000000006,0.030271105500000006,-1,-1,-1,-1
153,181,0.1187491665,0.4662908293,0.010899326600000009,0.032107904500000006,-1,-1,-1,-1
154,181,0.1187491665,0.4662908293,0.010899326600000009,0.032107904500000006,-1,-1,-1,-1
155,181,0.1187491665,0.4662908293,0.010899326600000009,0.032107904500000006,-1,-1,-1,-1
156,181,0.1187491665,0.4662908293,0.010899326600000009,0.032107904500000006,-1,-1,-1,-1
157,181,0.1187491665,0.4662908293,0.010899326600000009,0.032107904500000006,-1,-1,-1,-1
158,181,0.1187491665,0.4662908293,0.010899326600000009,0.032107904500000006,-1,-1,-1,-1
159,181,0.1187491665,0.4662908293,0.010994953000000002,0.028690004300000016,-1,-1,-1,-1
160,181,0.1187491665,0.4662908293,0.010817052399999999,0.028690004300000016,-1,-1,-1,-1
161,181,0.1187491665,0.4662908293,0.010757777899999987,0.02900619710000002,-1,-1,-1,-1
162,181,0.1190696191,0.4662908293,0.010555951400000013,0.028479163400000007,-1,-1,-1,-1
163,181,0.1191289708,0.4662908293,0.010733774799999998,0.02879535620000001,-1,-1,-1,-1
164,181,0.1189390686,0.4662908293,0.010775413699999986,0.02884810069999999,-1,-1,-1,-1
165,181,0.1187491665,0.4662908293,0.010817052399999999,0.028900845300000033,-1,-1,-1,-1
166,181,0.1187491665,0.4662908293,0.010899326600000009,0.032107904500000006,-1,-1,-1,-1
167,181,0.1190696191,0.4662908293,0.010287363900000013,0.028710169300000032,-1,-1,-1,-1
168,181,0.1187491665,0.4662908293,0.010899326600000009,0.032107904500000006,-1,-1,-1,-1
169,181,0.1187491665,0.4662908293,0.010930738999999995,0.02861455700000004,-1,-1,-1,-1
170,181,0.1181010834,0.4674425668,0.011632616699999987,0.027558431800000005,-1,-1,-1,-1
171,181,0.1185408568,0.4683849722,0.010816126200000012,0.026711638799999993,-1,-1,-1,-1
172,181,0.118863702,0.4683849722,0.010439486300000009,0.02690300059999995,-1,-1,-1,-1
173,181,0.1185408568,0.4683849722,0.010816126200000012,0.026807251099999985,-1,-1,-1,-1
174,181,0.1184331903,0.4683849722,0.011192843299999991,0.0265204141,-1,-1,-1,-1
175,181,0.1190251633,0.4683849722,0.010439486300000009,0.026233439999999997,-1,-1,-1,-1
176,181,0.1190251633,0.4683849722,0.010439486300000009,0.02632905229999999,-1,-1,-1,-1
177,181,0.1194018032,0.4683849722,0.009955179800000005,0.02642466459999998,-1,-1,-1,-1
178,181,0.1193480085,0.4683849722,0.010170435699999994,0.02613782769999995,-1,-1,-1,-1
179,181,0.119455675,0.4683849722,0.009955179900000014,0.026233439999999997,-1,-1,-1,-1
180,181,0.1196170591,0.4668990718,0.01000897449999999,0.027814952700000006,-1,-1,-1,-1
181,181,0.1192942138,0.4654131714,0.010224230399999992,0.029492214900000036,-1,-1,-1,-1
182,181,0.1192942138,0.4654131714,0.010385691699999991,0.029396465400000016,-1,-1,-1,-1
183,181,0.1193480085,0.4654131714,0.010116641100000004,0.029300853100000024,-1,-1,-1,-1
184,181,0.119832315,0.4654131714,0.009793718600000001,0.029874801399999984,-1,-1,-1,-1
185,181,0.1192942138,0.4654131714,0.010385691699999991,0.029683439600000028,-1,-1,-1,-1
186,181,0.1195632644,0.4654131714,0.010008974500000004,0.029683439600000028,-1,-1,-1,-1
187,181,0.118336792,0.4654131714,0.01117007519999999,0.037217196100000016,-1,-1,-1,-1
188,181,0.118336792,0.4654131714,0.011768145400000013,0.03270119459999998,-1,-1,-1,-1
189,181,0.118336792,0.4654131714,0.01155836939999999,0.029587827200000028,-1,-1,-1,-1
190,181,0.118336792,0.4654131714,0.011594232499999996,0.02952403990000002,-1,-1,-1,-1
191,181,0.118336792,0.4654131714,0.011630095600000001,0.029460252700000022,-1,-1,-1,-1
192,181,0.118336792,0.4654131714,0.011665958700000006,0.029396465400000016,-1,-1,-1,-1
193,181,0.1209812211,0.4654534328,0.00886280830000001,0.02939646549999997,-1,-1,-1,-1
194,181,0.1202875245,0.4654936943,0.009397783600000001,0.029396465400000016,-1,-1,-1,-1
195,181,0.1202875245,0.4654936943,0.009397783600000001,0.029396465400000016,-1,-1,-1,-1
196,181,0.1201625696,0.4654936943,0.009397783600000001,0.029396465400000016,-1,-1,-1,-1
197,181,0.1200376146,0.4654936943,0.009397783600000001,0.029396465400000016,-1,-1,-1,-1
198,181,0.1200876274,0.4654936943,0.00939778370000001,0.029396465400000016,-1,-1,-1,-1
199,181,0.1200876274,0.4654936943,0.00939778370000001,0.029396465400000016,-1,-1,-1,-1
200,181,0.1200876274,0.4654936943,0.00939778370000001,0.029396465400000016,-1,-1,-1,-1
201,181,0.1200876274,0.4654936943,0.00939778370000001,0.029396465400000016,-1,-1,-1,-1
202,181,0.1200876274,0.4654936943,0.00939778370000001,0.029396465400000016,-1,-1,-1,-1
203,181,0.1200876274,0.4654936943,0.00939778370000001,0.029396465400000016,-1,-1,-1,-1
204,181,0.1200876274,0.4654936943,0.00939778370000001,0.029396465400000016,-1,-1,-1,-1
205,181,0.1200876274,0.4654936943,0.00939778370000001,0.029396465400000016,-1,-1,-1,-1
206,181,0.1200876274,0.4654936943,0.00939778370000001,0.029396465400000016,-1,-1,-1,-1
207,181,0.1200876274,0.4654936943,0.00939778370000001,0.029396465400000016,-1,-1,-1,-1
208,181,0.1200876274,0.4654936943,0.00939778370000001,0.029396465400000016,-1,-1,-1,-1
209,181,0.1200876274,0.4654936943,0.00939778370000001,0.029396465400000016,-1,-1,-1,-1
210,181,0.1200876274,0.4654936943,0.00939778370000001,0.029396465400000016,-1,-1,-1,-1
211,181,0.1200876274,0.4654936943,0.00939778370000001,0.029396465400000016,-1,-1,-1,-1
212,181,0.1200876274,0.4654936943,0.00939778370000001,0.029396465400000016,-1,-1,-1,-1
213,181,0.1200876274,0.4654936943,0.00939778370000001,0.029396465400000016,-1,-1,-1,-1
214,181,0.1200876274,0.4654936943,0.00939778370000001,0.029396465400000016,-1,-1,-1,-1
215,181,0.1200876274,0.4654936943,0.00939778370000001,0.029396465400000016,-1,-1,-1,-1
216,181,0.1200876274,0.4654936943,0.00939778370000001,0.029396465400000016,-1,-1,-1,-1
217,181,0.1200876274,0.4654936943,0.00939778370000001,0.029396465400000016,-1,-1,-1,-1
218,181,0.1200876274,0.4654936943,0.00939778370000001,0.029396465400000016,-1,-1,-1,-1
219,181,0.1200876274,0.4654936943,0.00939778370000001,0.029396465400000016,-1,-1,-1,-1
220,181,0.1200876274,0.4654936943,0.00939778370000001,0.029396465400000016,-1,-1,-1,-1
221,181,0.1200876274,0.4654936943,0.00939778370000001,0.029396465400000016,-1,-1,-1,-1
222,181,0.1200876274,0.4654936943,0.00939778370000001,0.029396465400000016,-1,-1,-1,-1
223,181,0.1198876532,0.4661994695,0.009597757900000004,0.02869069019999998,-1,-1,-1,-1
224,181,0.1198876532,0.4661994695,0.009597757900000004,0.02869069019999998,-1,-1,-1,-1
225,181,0.1198876532,0.4661994695,0.009597757900000004,0.02869069019999998,-1,-1,-1,-1
226,181,0.1198876532,0.4661994695,0.009597757900000004,0.02869069019999998,-1,-1,-1,-1
227,181,0.1198876532,0.4661994695,0.009597757900000004,0.02869069019999998,-1,-1,-1,-1
228,181,0.1198876532,0.4622017225,0.010046715700000014,0.032688437199999976,-1,-1,-1,-1
229,181,0.1197377691,0.462112969,0.010046715699999986,0.03268843720000003,-1,-1,-1,-1
230,181,0.1184881426,0.462112969,0.0100467157,0.03268843720000003,-1,-1,-1,-1
231,181,0.1181882199,0.4620242156,0.010046715699999986,0.032688437199999976,-1,-1,-1,-1
232,181,0.1181882199,0.4620242156,0.010046715699999986,0.032688437199999976,-1,-1,-1,-1
233,181,0.1181882199,0.4620242156,0.010046715699999986,0.032688437199999976,-1,-1,-1,-1
234,181,0.1181882199,0.4620242156,0.010046715699999986,0.032688437199999976,-1,-1,-1,-1
