1,921,0.4363693084,0.4475707065,0.00377195629999999,0.022764098499999996,-1,-1,-1,-1
2,921,0.4334830906,0.4469441738,0.004629721099999984,0.022380323099999988,-1,-1,-1,-1
3,921,0.4310560502,0.4463254117,0.004540065799999993,0.02248055649999997,-1,-1,-1,-1
4,921,0.4285933919,0.4459874105,0.004230870399999975,0.021980192399999987,-1,-1,-1,-1
5,921,0.4255565112,0.4454492471,0.004366697500000016,0.021978504600000004,-1,-1,-1,-1
6,921,0.4225577135,0.4449620842,0.00503418659999999,0.021894188400000014,-1,-1,-1,-1
7,921,0.4195115984,0.4442845197,0.00465025429999999,0.021714534300000032,-1,-1,-1,-1
8,921,0.4171955704,0.4437180228,0.00423301869999998,0.021042735199999996,-1,-1,-1,-1
9,921,0.4140659216,0.4429696417,0.0044955731999999915,0.020886160099999995,-1,-1,-1,-1
10,921,0.4120886366,0.4420592959,0.004114690899999995,0.02036767110000004,-1,-1,-1,-1
11,921,0.4087713984,0.4413448082,0.0036536441000000197,0.020463079400000028,-1,-1,-1,-1
12,921,0.405554649,0.4409101272,0.003949581700000038,0.020469082500000013,-1,-1,-1,-1
13,921,0.40195879,0.4406794478,0.00459792459999997,0.021080839399999995,-1,-1,-1,-1
14,921,0.3975725016,0.4402901005,0.005018225399999965,0.021565387499999977,-1,-1,-1,-1
15,921,0.3936739619,0.4404817522,0.004816946900000008,0.020945057899999953,-1,-1,-1,-1
16,921,0.3889513294,0.4401137565,0.0059757012000000165,0.020646373699999998,-1,-1,-1,-1
17,921,0.3853722005,0.4398569655,0.005615701299999998,0.020760226400000026,-1,-1,-1,-1
18,921,0.3828649517,0.4392905662,0.0045857763999999634,0.02061220829999999,-1,-1,-1,-1
19,921,0.3797949041,0.4387241669,0.0040115239999999885,0.020511790600000024,-1,-1,-1,-1
20,921,0.3761186051,0.4383596329,0.003909537899999982,0.020257245099999988,-1,-1,-1,-1
21,921,0.3724154474,0.438148478,0.0038835830000000238,0.02023338549999998,-1,-1,-1,-1
22,921,0.3687425058,0.4378837727,0.0040238959000000185,0.020685504899999985,-1,-1,-1,-1
23,921,0.3649087204,0.4374762661,0.004776025800000028,0.02056913290000001,-1,-1,-1,-1
24,921,0.361262586,0.4377592396,0.005474489700000029,0.020095620599999975,-1,-1,-1,-1
25,921,0.3571876379,0.4371278192,0.005128086399999954,0.02020316240000003,-1,-1,-1,-1
26,921,0.3538629595,0.4368535732,0.004647620999999991,0.020096330900000015,-1,-1,-1,-1
27,921,0.3506545662,0.4364841264,0.003515084799999957,0.01937042,-1,-1,-1,-1
28,921,0.3464145808,0.4358764033,0.003762378200000027,0.019454264400000032,-1,-1,-1,-1
29,921,0.3427908031,0.4360784356,0.003607870900000032,0.02053812860000004,-1,-1,-1,-1
30,921,0.3377956589,0.4358470334,0.004369211799999995,0.020388453300000053,-1,-1,-1,-1
31,921,0.3352188441,0.4356215298,0.004293184899999969,0.02051875609999998,-1,-1,-1,-1
32,921,0.3315166521,0.4353755672,0.004994143300000031,0.02043124160000004,-1,-1,-1,-1
33,921,0.3306994087,0.4353122785,0.003908737600000045,0.02016119040000003,-1,-1,-1,-1
34,921,0.326945331,0.4352870702,0.004661735999999972,0.020186398699999997,-1,-1,-1,-1
35,921,0.3244791564,0.4348035133,0.004371415699999992,0.020442481999999984,-1,-1,-1,-1
36,921,0.3210104158,0.4328197064,0.004513761999999977,0.020510510300000007,-1,-1,-1,-1
37,921,0.3193906069,0.4299071431,0.0040166692999999976,0.0193272451,-1,-1,-1,-1
38,921,0.315680755,0.4275660589,0.004042704900000027,0.020520021300000024,-1,-1,-1,-1
39,921,0.3119890663,0.4270800411,0.004042704800000019,0.020520021200000016,-1,-1,-1,-1
