133,279,0.2427859561,0.3872360442,0.001817364900000007,0.009642302899999955,-1,-1,-1,-1
134,279,0.2456557517,0.3872360442,0.002193464499999992,0.009185229399999995,-1,-1,-1,-1
135,279,0.2478479042,0.3874131396,0.0021934643999999837,0.009185229399999995,-1,-1,-1,-1
136,279,0.2499603293,0.387802722,0.0021934645000000197,0.009185229500000003,-1,-1,-1,-1
137,279,0.2519808327,0.3879198711,0.0020917409000000275,0.0090512076,-1,-1,-1,-1
138,279,0.2531887818,0.3879979248,0.0022454069000000243,0.009519666799999993,-1,-1,-1,-1
139,279,0.2538036774,0.3880759785,0.00220156840000002,0.009402517600000049,-1,-1,-1,-1
140,279,0.2545723161,0.3883101395,0.00220156840000002,0.009402517599999993,-1,-1,-1,-1
141,279,0.2562414947,0.3884662468,0.001959994099999973,0.009207452099999958,-1,-1,-1,-1
142,279,0.2578510902,0.388265557,0.001959993999999965,0.009207452100000013,-1,-1,-1,-1
