1,2398,0.8284828079,0.4865986379,0.0054084876000000115,0.022125814299999935,-1,-1,-1,-1
2,2398,0.8282384551,0.4865986379,0.005652840399999914,0.022125814299999935,-1,-1,-1,-1
3,2398,0.8282384551,0.4865986379,0.005652840399999914,0.022125814299999935,-1,-1,-1,-1
4,2398,0.8282384551,0.4865986379,0.005652840399999914,0.022125814299999935,-1,-1,-1,-1
5,2398,0.8282384551,0.4865986379,0.005652840399999914,0.022125814299999935,-1,-1,-1,-1
6,2398,0.8282384551,0.4865986379,0.005652840399999914,0.022125814299999935,-1,-1,-1,-1
7,2398,0.8282384551,0.4865986379,0.005652840399999914,0.022125814299999935,-1,-1,-1,-1
8,2398,0.8282384551,0.4865986379,0.005652840399999914,0.022125814299999935,-1,-1,-1,-1
9,2398,0.8282384551,0.4865986379,0.005652840399999914,0.022125814299999935,-1,-1,-1,-1
10,2398,0.8282384551,0.4865986379,0.005652840399999914,0.022125814299999935,-1,-1,-1,-1
11,2398,0.8282384551,0.4865986379,0.005652840399999914,0.022125814299999935,-1,-1,-1,-1
12,2398,0.8282384551,0.4865986379,0.005652840399999914,0.022125814299999935,-1,-1,-1,-1
13,2398,0.8282384551,0.4865986379,0.005652840399999914,0.022125814299999935,-1,-1,-1,-1
14,2398,0.8282384551,0.4865986379,0.005652840399999914,0.022125814299999935,-1,-1,-1,-1
15,2398,0.8282384551,0.4865006936,0.005652840399999914,0.022223758599999976,-1,-1,-1,-1
16,2398,0.8282384551,0.4865006936,0.005652840399999914,0.022223758599999976,-1,-1,-1,-1
17,2398,0.8282384551,0.4865006936,0.005652840399999914,0.022223758599999976,-1,-1,-1,-1
18,2398,0.8282384551,0.4865006936,0.005652840399999914,0.022223758599999976,-1,-1,-1,-1
19,2398,0.8282384551,0.4865006936,0.005652840399999914,0.022223758599999976,-1,-1,-1,-1
20,2398,0.8282384551,0.4865006936,0.005652840399999914,0.022223758599999976,-1,-1,-1,-1
21,2398,0.8282384551,0.4865006936,0.005652840399999914,0.022223758599999976,-1,-1,-1,-1
22,2398,0.8282384551,0.4865006936,0.005652840399999914,0.022223758599999976,-1,-1,-1,-1
23,2398,0.8282384551,0.4865006936,0.005652840399999914,0.022223758599999976,-1,-1,-1,-1
24,2398,0.8282384551,0.4865006936,0.005652840399999914,0.022223758599999976,-1,-1,-1,-1
25,2398,0.8282384551,0.4865006936,0.005652840399999914,0.022223758599999976,-1,-1,-1,-1
26,2398,0.8282384551,0.4865006936,0.005652840399999914,0.022223758599999976,-1,-1,-1,-1
27,2398,0.8282384551,0.4865006936,0.005652840399999914,0.022223758599999976,-1,-1,-1,-1
28,2398,0.8282384551,0.4865006936,0.005652840399999914,0.022223758599999976,-1,-1,-1,-1
29,2398,0.8282384551,0.4865006936,0.005652840399999914,0.022223758599999976,-1,-1,-1,-1
30,2398,0.8282384551,0.4865006936,0.005652840399999914,0.022223758599999976,-1,-1,-1,-1
31,2398,0.8282775083,0.4863266161,0.005556673800000023,0.0223284245,-1,-1,-1,-1
32,2398,0.8282775083,0.4863266161,0.005556673800000023,0.0223284245,-1,-1,-1,-1
33,2398,0.8282775083,0.48623896,0.005556673800000023,0.0224160806,-1,-1,-1,-1
34,2398,0.8282775083,0.48623896,0.005556673800000023,0.0224160806,-1,-1,-1,-1
35,2398,0.8282775083,0.48623896,0.005556673800000023,0.0224160806,-1,-1,-1,-1
36,2398,0.8282775083,0.48623896,0.005556673800000023,0.0224160806,-1,-1,-1,-1
37,2398,0.8282775083,0.48623896,0.005556673800000023,0.0224160806,-1,-1,-1,-1
38,2398,0.8282775083,0.48623896,0.005556673800000023,0.0224160806,-1,-1,-1,-1
39,2398,0.8282775083,0.48623896,0.005556673800000023,0.0224160806,-1,-1,-1,-1
40,2398,0.8282775083,0.48623896,0.005556673800000023,0.0224160806,-1,-1,-1,-1
41,2398,0.8282775083,0.48623896,0.005556673800000023,0.0224160806,-1,-1,-1,-1
42,2398,0.8282775083,0.4860973934,0.005556673800000023,0.022416080700000007,-1,-1,-1,-1
43,2398,0.8282376833,0.4861681767,0.005556673800000023,0.022416080700000007,-1,-1,-1,-1
44,2398,0.827974344,0.4861681767,0.005820013100000021,0.022416080700000007,-1,-1,-1,-1
45,2398,0.827974344,0.4861681767,0.005820013100000021,0.022416080700000007,-1,-1,-1,-1
46,2398,0.827974344,0.4861681767,0.005820013100000021,0.022416080700000007,-1,-1,-1,-1
47,2398,0.827974344,0.4869824589,0.005820013100000021,0.02160179849999999,-1,-1,-1,-1
48,2398,0.827974344,0.4866865683,0.005820013100000021,0.021897689100000006,-1,-1,-1,-1
49,2398,0.827974344,0.4866865683,0.005820013100000021,0.021897689100000006,-1,-1,-1,-1
50,2398,0.827974344,0.4867851985,0.005820013100000021,0.0217990589,-1,-1,-1,-1
51,2398,0.827974344,0.486769286,0.005820013100000021,0.021814971399999994,-1,-1,-1,-1
52,2398,0.827926801,0.4865156459,0.005820012999999902,0.02181497129999993,-1,-1,-1,-1
53,2398,0.827926801,0.486853787,0.005820012999999902,0.021476830199999963,-1,-1,-1,-1
54,2398,0.827926801,0.486853787,0.005820012999999902,0.021476830199999963,-1,-1,-1,-1
55,2398,0.827926801,0.486853787,0.005820012999999902,0.021476830199999963,-1,-1,-1,-1
56,2398,0.827926801,0.486853787,0.005820012999999902,0.021476830199999963,-1,-1,-1,-1
57,2398,0.827926801,0.486853787,0.005820012999999902,0.021476830199999963,-1,-1,-1,-1
58,2398,0.827926801,0.486853787,0.005820012999999902,0.021476830199999963,-1,-1,-1,-1
59,2398,0.827926801,0.486853787,0.005820012999999902,0.021476830199999963,-1,-1,-1,-1
60,2398,0.827926801,0.486853787,0.005820012999999902,0.021476830199999963,-1,-1,-1,-1
61,2398,0.827926801,0.486853787,0.005820012999999902,0.021476830199999963,-1,-1,-1,-1
62,2398,0.8278540971,0.4869831448,0.005820013000000013,0.02147683029999997,-1,-1,-1,-1
63,2398,0.8278540971,0.4869831448,0.005820013000000013,0.02147683029999997,-1,-1,-1,-1
64,2398,0.8278540971,0.4869831448,0.005820013000000013,0.02147683029999997,-1,-1,-1,-1
65,2398,0.8278540971,0.4865031628,0.005820013000000013,0.02195681229999996,-1,-1,-1,-1
66,2398,0.8277738296,0.4865031628,0.005820013000000013,0.02195681229999996,-1,-1,-1,-1
67,2398,0.8277738296,0.4867168844,0.005477023700000028,0.021743090699999967,-1,-1,-1,-1
68,2398,0.8276413882,0.4864813516,0.005477023700000028,0.021743090699999967,-1,-1,-1,-1
69,2398,0.8274206525,0.4864028864,0.005477023700000028,0.021743090699999967,-1,-1,-1,-1
70,2398,0.8274206525,0.4864028864,0.005477023700000028,0.021743090699999967,-1,-1,-1,-1
71,2398,0.8276007913,0.4867816319,0.005296884900000021,0.021364345199999968,-1,-1,-1,-1
72,2398,0.8274453502,0.4864362204,0.005452326000000007,0.02170975669999997,-1,-1,-1,-1
73,2398,0.8274453502,0.4864362204,0.005452326000000007,0.02170975669999997,-1,-1,-1,-1
74,2398,0.8275618924,0.4865053576,0.005452326100000016,0.02170975669999997,-1,-1,-1,-1
75,2398,0.8275618924,0.4865053576,0.005452326100000016,0.02170975669999997,-1,-1,-1,-1
76,2398,0.8275618924,0.4865053576,0.005452326100000016,0.02170975669999997,-1,-1,-1,-1
77,2398,0.8275618924,0.4865053576,0.005452326100000016,0.02170975669999997,-1,-1,-1,-1
78,2398,0.8275618924,0.4865053576,0.005452326100000016,0.02170975669999997,-1,-1,-1,-1
79,2398,0.8275618924,0.4865053576,0.005452326100000016,0.02170975669999997,-1,-1,-1,-1
80,2398,0.8275618924,0.4865053576,0.005452326100000016,0.02170975669999997,-1,-1,-1,-1
81,2398,0.8274580077,0.4865053576,0.0055562108000000165,0.02170975669999997,-1,-1,-1,-1
82,2398,0.8272824997,0.4865053576,0.0057317188000000074,0.02170975669999997,-1,-1,-1,-1
83,2398,0.8272824997,0.4865053576,0.0057317188000000074,0.02170975669999997,-1,-1,-1,-1
84,2398,0.8273263381,0.4865053576,0.0057317188000000074,0.02170975669999997,-1,-1,-1,-1
85,2398,0.8273263381,0.4865053576,0.0057317188000000074,0.02170975669999997,-1,-1,-1,-1
86,2398,0.8273263381,0.4865961687,0.0057317188000000074,0.021618945599999995,-1,-1,-1,-1
87,2398,0.8274141693,0.4865961687,0.005643887600000008,0.021618945599999995,-1,-1,-1,-1
88,2398,0.8274141693,0.4865961687,0.005643887600000008,0.021618945599999995,-1,-1,-1,-1
89,2398,0.8274780746,0.4865961687,0.005579982300000008,0.021618945599999995,-1,-1,-1,-1
90,2398,0.8274780746,0.4865961687,0.005579982300000008,0.021618945599999995,-1,-1,-1,-1
91,2398,0.8274780746,0.4865961687,0.005579982300000008,0.021618945599999995,-1,-1,-1,-1
92,2398,0.8274780746,0.4865961687,0.005579982300000008,0.021618945599999995,-1,-1,-1,-1
93,2398,0.8274780746,0.4865961687,0.005579982300000008,0.021618945599999995,-1,-1,-1,-1
94,2398,0.8274780746,0.4865961687,0.005579982300000008,0.021618945599999995,-1,-1,-1,-1
95,2398,0.8274780746,0.4863510335,0.005579982300000008,0.02186408080000002,-1,-1,-1,-1
96,2398,0.8274780746,0.4863510335,0.005579982300000008,0.02186408080000002,-1,-1,-1,-1
97,2398,0.8274780746,0.4863510335,0.005579982300000008,0.02186408080000002,-1,-1,-1,-1
98,2398,0.8273853039,0.4863510335,0.00567275300000003,0.022224032999999976,-1,-1,-1,-1
99,2398,0.8273853039,0.4863510335,0.00567275300000003,0.022224032999999976,-1,-1,-1,-1
100,2398,0.8273853039,0.4863510335,0.00567275300000003,0.022224032999999976,-1,-1,-1,-1
101,2398,0.8273853039,0.4863510335,0.00567275300000003,0.022224032999999976,-1,-1,-1,-1
102,2398,0.8273853039,0.4863510335,0.00567275300000003,0.022224032999999976,-1,-1,-1,-1
103,2398,0.8273853039,0.4863577552,0.00567275300000003,0.02221731129999993,-1,-1,-1,-1
104,2398,0.8273853039,0.4863577552,0.00567275300000003,0.02221731129999993,-1,-1,-1,-1
105,2398,0.8273853039,0.4864508983,0.00567275300000003,0.02212416819999996,-1,-1,-1,-1
106,2398,0.8273853039,0.4864508983,0.00567275300000003,0.02212416819999996,-1,-1,-1,-1
107,2398,0.8273853039,0.4864508983,0.00567275300000003,0.02212416819999996,-1,-1,-1,-1
108,2398,0.8273853039,0.4864508983,0.00567275300000003,0.02212416819999996,-1,-1,-1,-1
109,2398,0.8273853039,0.4864508983,0.00567275300000003,0.02212416819999996,-1,-1,-1,-1
110,2398,0.8273853039,0.4864508983,0.00567275300000003,0.02212416819999996,-1,-1,-1,-1
111,2398,0.8273853039,0.4864508983,0.00567275300000003,0.02212416819999996,-1,-1,-1,-1
112,2398,0.8273853039,0.4864508983,0.00567275300000003,0.02212416819999996,-1,-1,-1,-1
113,2398,0.8273853039,0.4864508983,0.00567275300000003,0.02212416819999996,-1,-1,-1,-1
114,2398,0.8273853039,0.4866370474,0.00567275300000003,0.021938019099999928,-1,-1,-1,-1
115,2398,0.8276470995,0.4870094828,0.005672752999999919,0.02193801900000003,-1,-1,-1,-1
116,2398,0.8266519365,0.4866370474,0.006105734599999968,0.02318166509999997,-1,-1,-1,-1
117,2398,0.8276470995,0.4858923139,0.005162899899999962,0.023088384799999973,-1,-1,-1,-1
118,2398,0.8276470995,0.4858923139,0.005162899899999962,0.023088384799999973,-1,-1,-1,-1
119,2398,0.8276470995,0.4865439043,0.005162899899999962,0.02243679439999996,-1,-1,-1,-1
120,2398,0.8276470995,0.4865439043,0.005162899899999962,0.02243679439999996,-1,-1,-1,-1
121,2398,0.8276470995,0.4865439043,0.005162899899999962,0.02243679439999996,-1,-1,-1,-1
122,2398,0.8276470995,0.4865439043,0.005162899899999962,0.02243679439999996,-1,-1,-1,-1
123,2398,0.8276470995,0.4865439043,0.005162899899999962,0.02243679439999996,-1,-1,-1,-1
124,2398,0.8276470995,0.4865439043,0.005162899899999962,0.02243679439999996,-1,-1,-1,-1
125,2398,0.8275720802,0.4865439043,0.005237919200000052,0.02243679439999996,-1,-1,-1,-1
126,2398,0.8275720802,0.4865439043,0.005237919200000052,0.02243679439999996,-1,-1,-1,-1
127,2398,0.8275720802,0.4865439043,0.005237919200000052,0.02243679439999996,-1,-1,-1,-1
128,2398,0.8275720802,0.4865439043,0.005237919200000052,0.02243679439999996,-1,-1,-1,-1
129,2398,0.8275720802,0.4865439043,0.005237919200000052,0.02243679439999996,-1,-1,-1,-1
130,2398,0.8275195976,0.4865439043,0.005290401799999955,0.02243679439999996,-1,-1,-1,-1
131,2398,0.8275195976,0.4865439043,0.005290401799999955,0.02243679439999996,-1,-1,-1,-1
132,2398,0.8275195976,0.4865439043,0.005290401799999955,0.02243679439999996,-1,-1,-1,-1
133,2398,0.8275195976,0.4865439043,0.005290401799999955,0.02243679439999996,-1,-1,-1,-1
134,2398,0.8276242541,0.4863577552,0.005290401800000066,0.022436794400000015,-1,-1,-1,-1
135,2398,0.8276242541,0.4865439043,0.005290401800000066,0.022250645300000038,-1,-1,-1,-1
136,2398,0.8276242541,0.4865439043,0.005290401800000066,0.022250645300000038,-1,-1,-1,-1
137,2398,0.8276242541,0.4865439043,0.005290401800000066,0.022250645300000038,-1,-1,-1,-1
138,2398,0.8276242541,0.4865439043,0.005290401800000066,0.022250645300000038,-1,-1,-1,-1
139,2398,0.8275720802,0.4866370474,0.005342575700000074,0.022157502200000012,-1,-1,-1,-1
140,2398,0.8275720802,0.4866370474,0.005342575700000074,0.022157502200000012,-1,-1,-1,-1
141,2398,0.8275720802,0.4866370474,0.005342575700000074,0.022157502200000012,-1,-1,-1,-1
142,2398,0.8275720802,0.4866370474,0.005342575700000074,0.022157502200000012,-1,-1,-1,-1
143,2398,0.8275720802,0.4866370474,0.005342575700000074,0.022157502200000012,-1,-1,-1,-1
144,2398,0.8275720802,0.4865439043,0.005342575700000074,0.022250645300000038,-1,-1,-1,-1
145,2398,0.8275720802,0.4865439043,0.005342575700000074,0.022250645300000038,-1,-1,-1,-1
146,2398,0.8275720802,0.4865439043,0.005342575700000074,0.022250645300000038,-1,-1,-1,-1
147,2398,0.8275720802,0.4865439043,0.005342575700000074,0.022250645300000038,-1,-1,-1,-1
148,2398,0.8275720802,0.4867301906,0.005342575700000074,0.022064359000000033,-1,-1,-1,-1
149,2398,0.8275720802,0.4867301906,0.005342575700000074,0.022064359000000033,-1,-1,-1,-1
150,2398,0.8275720802,0.4867301906,0.005342575700000074,0.022064359000000033,-1,-1,-1,-1
151,2398,0.8275720802,0.4867301906,0.005342575700000074,0.022064359000000033,-1,-1,-1,-1
152,2398,0.8275720802,0.4867301906,0.005342575700000074,0.022064359000000033,-1,-1,-1,-1
153,2398,0.8275720802,0.4867301906,0.005342575700000074,0.022064359000000033,-1,-1,-1,-1
154,2398,0.8275720802,0.4867301906,0.005342575700000074,0.022064359000000033,-1,-1,-1,-1
155,2398,0.8275720802,0.4867301906,0.005342575700000074,0.022064359000000033,-1,-1,-1,-1
156,2398,0.8275720802,0.4867301906,0.005342575700000074,0.022064359000000033,-1,-1,-1,-1
157,2398,0.8275720802,0.4867301906,0.005342575700000074,0.022064359000000033,-1,-1,-1,-1
158,2398,0.8275720802,0.4867301906,0.005342575700000074,0.022064359000000033,-1,-1,-1,-1
159,2398,0.8275720802,0.4867301906,0.005342575700000074,0.022064359000000033,-1,-1,-1,-1
160,2398,0.8275720802,0.4867301906,0.005342575700000074,0.022064359000000033,-1,-1,-1,-1
161,2398,0.8275720802,0.4867301906,0.005342575700000074,0.022064359000000033,-1,-1,-1,-1
162,2398,0.8275720802,0.4867301906,0.005342575700000074,0.022064359000000033,-1,-1,-1,-1
163,2398,0.8275720802,0.4867301906,0.005342575700000074,0.022064359000000033,-1,-1,-1,-1
164,2398,0.8275720802,0.4867301906,0.005342575700000074,0.022064359000000033,-1,-1,-1,-1
165,2398,0.8275720802,0.4867301906,0.005342575700000074,0.022064359000000033,-1,-1,-1,-1
166,2398,0.8275720802,0.4867301906,0.005342575700000074,0.022064359000000033,-1,-1,-1,-1
167,2398,0.8275720802,0.4867301906,0.005342575700000074,0.022064359000000033,-1,-1,-1,-1
168,2398,0.8275720802,0.4867301906,0.005342575700000074,0.022064359000000033,-1,-1,-1,-1
169,2398,0.8275720802,0.4867301906,0.005342575700000074,0.022064359000000033,-1,-1,-1,-1
170,2398,0.8275720802,0.4867301906,0.005342575700000074,0.022064359000000033,-1,-1,-1,-1
171,2398,0.8275720802,0.4867301906,0.005342575700000074,0.022064359000000033,-1,-1,-1,-1
172,2398,0.8275720802,0.4867301906,0.005342575700000074,0.022064359000000033,-1,-1,-1,-1
173,2398,0.8275720802,0.4867301906,0.005342575700000074,0.022064359000000033,-1,-1,-1,-1
174,2398,0.8275720802,0.4867301906,0.005342575700000074,0.022064359000000033,-1,-1,-1,-1
175,2398,0.8275720802,0.4867301906,0.005342575700000074,0.022064359000000033,-1,-1,-1,-1
176,2398,0.8275720802,0.4867301906,0.005342575700000074,0.022064359000000033,-1,-1,-1,-1
177,2398,0.8275720802,0.4867301906,0.005342575700000074,0.022064359000000033,-1,-1,-1,-1
178,2398,0.8275720802,0.4867301906,0.005342575700000074,0.022064359000000033,-1,-1,-1,-1
179,2398,0.8275720802,0.4864508983,0.005342575700000074,0.022343651300000045,-1,-1,-1,-1
180,2398,0.8275720802,0.4864508983,0.005342575700000074,0.022343651300000045,-1,-1,-1,-1
181,2398,0.8275720802,0.4864508983,0.005342575700000074,0.022343651300000045,-1,-1,-1,-1
182,2398,0.8275720802,0.4864508983,0.005342575700000074,0.022343651300000045,-1,-1,-1,-1
183,2398,0.8275720802,0.4864508983,0.005342575700000074,0.022343651300000045,-1,-1,-1,-1
184,2398,0.8275720802,0.4864508983,0.005342575700000074,0.022343651300000045,-1,-1,-1,-1
185,2398,0.8275720802,0.4864508983,0.005342575700000074,0.022343651300000045,-1,-1,-1,-1
186,2398,0.8275720802,0.4864508983,0.005342575700000074,0.022343651300000045,-1,-1,-1,-1
187,2398,0.8275720802,0.4864508983,0.005342575700000074,0.022343651300000045,-1,-1,-1,-1
188,2398,0.8275720802,0.4864508983,0.005342575700000074,0.022343651300000045,-1,-1,-1,-1
189,2398,0.8275720802,0.4864508983,0.005342575700000074,0.022343651300000045,-1,-1,-1,-1
190,2398,0.8275720802,0.4864508983,0.005342575700000074,0.022343651300000045,-1,-1,-1,-1
191,2398,0.8275720802,0.4864508983,0.005342575700000074,0.022343651300000045,-1,-1,-1,-1
192,2398,0.8275720802,0.4864508983,0.005342575700000074,0.022343651300000045,-1,-1,-1,-1
193,2398,0.8275720802,0.4864508983,0.005342575700000074,0.022343651300000045,-1,-1,-1,-1
194,2398,0.8275720802,0.4864508983,0.005342575700000074,0.022343651300000045,-1,-1,-1,-1
195,2398,0.8275720802,0.4864508983,0.005342575700000074,0.022343651300000045,-1,-1,-1,-1
196,2398,0.8275720802,0.4864508983,0.005342575700000074,0.022343651300000045,-1,-1,-1,-1
197,2398,0.8275720802,0.4861716061,0.005342575700000074,0.022622943500000048,-1,-1,-1,-1
198,2398,0.8275720802,0.4861716061,0.005342575700000074,0.022622943500000048,-1,-1,-1,-1
199,2398,0.8275720802,0.4861716061,0.005342575700000074,0.022622943500000048,-1,-1,-1,-1
200,2398,0.8275720802,0.4861716061,0.005342575700000074,0.022622943500000048,-1,-1,-1,-1
201,2398,0.8275720802,0.4861716061,0.005342575700000074,0.022622943500000048,-1,-1,-1,-1
202,2398,0.8275720802,0.4861716061,0.005342575700000074,0.022622943500000048,-1,-1,-1,-1
203,2398,0.8275720802,0.486078463,0.005342575700000074,0.02271608660000002,-1,-1,-1,-1
204,2398,0.8275720802,0.486078463,0.005342575700000074,0.02271608660000002,-1,-1,-1,-1
205,2398,0.8275720802,0.486078463,0.005342575700000074,0.02271608660000002,-1,-1,-1,-1
206,2398,0.8275720802,0.486078463,0.005342575700000074,0.02271608660000002,-1,-1,-1,-1
207,2398,0.8275720802,0.486078463,0.005342575700000074,0.02271608660000002,-1,-1,-1,-1
208,2398,0.8266292455,0.4866370474,0.0066521711999999456,0.023647106400000006,-1,-1,-1,-1
209,2398,0.8275195976,0.4878473594,0.005761819099999954,0.022436794400000015,-1,-1,-1,-1
210,2398,0.8274149411,0.4868231965,0.005866475599999976,0.02346095730000003,-1,-1,-1,-1
211,2398,0.8273624585,0.4861716061,0.005866475599999976,0.023647106400000006,-1,-1,-1,-1
212,2398,0.8274672694,0.4861716061,0.005866475599999976,0.023647106400000006,-1,-1,-1,-1
213,2398,0.8280433432,0.4852405864,0.007019086400000041,0.024391976999999954,-1,-1,-1,-1
214,2398,0.8277813932,0.4856130217,0.005081088800000022,0.024391839900000045,-1,-1,-1,-1
215,2398,0.8270481803,0.4856130217,0.005814301699999969,0.024391839900000045,-1,-1,-1,-1
216,2398,0.8268672696,0.4856130217,0.005995212400000005,0.024391839900000045,-1,-1,-1,-1
217,2398,0.8265702798,0.4857888825,0.005096370399999994,0.023579203799999948,-1,-1,-1,-1
218,2398,0.826471489,0.4857888825,0.005195161199999965,0.023579203799999948,-1,-1,-1,-1
219,2398,0.826471489,0.4857888825,0.005195161199999965,0.023579203799999948,-1,-1,-1,-1
220,2398,0.8265704341,0.4857888825,0.005195161299999973,0.023579203799999948,-1,-1,-1,-1
221,2398,0.8265704341,0.4861514411,0.005244711000000013,0.02321664519999994,-1,-1,-1,-1
222,2398,0.8266693793,0.4861514411,0.005145765800000035,0.02321664519999994,-1,-1,-1,-1
223,2398,0.8266693793,0.4861514411,0.005145765800000035,0.02321664519999994,-1,-1,-1,-1
224,2398,0.8266693793,0.4861514411,0.005145765800000035,0.02321664519999994,-1,-1,-1,-1
225,2398,0.8266693793,0.4861514411,0.005145765800000035,0.02321664519999994,-1,-1,-1,-1
226,2398,0.8266693793,0.4861514411,0.005145765800000035,0.02321664519999994,-1,-1,-1,-1
227,2398,0.8266693793,0.4861514411,0.005145765800000035,0.02321664519999994,-1,-1,-1,-1
228,2398,0.8266693793,0.4861514411,0.005145765800000035,0.02321664519999994,-1,-1,-1,-1
229,2398,0.8266693793,0.4861514411,0.005145765800000035,0.02321664519999994,-1,-1,-1,-1
230,2398,0.8266693793,0.4861514411,0.005145765800000035,0.02321664519999994,-1,-1,-1,-1
231,2398,0.8266693793,0.4861514411,0.005145765800000035,0.02321664519999994,-1,-1,-1,-1
232,2398,0.8266693793,0.4861514411,0.005145765800000035,0.02321664519999994,-1,-1,-1,-1
233,2398,0.8266693793,0.4861514411,0.005145765800000035,0.02321664519999994,-1,-1,-1,-1
234,2398,0.8264713346,0.4857997195,0.005145765800000035,0.023216645199999997,-1,-1,-1,-1
