51,215,0.239891926,0.3874263086,0.003861253799999992,0.013600817300000012,-1,-1,-1,-1
52,215,0.2424543895,0.3879253582,0.0027379716,0.011417372300000006,-1,-1,-1,-1
53,215,0.2441743528,0.3878630799,0.00259758060000001,0.011229988599999963,-1,-1,-1,-1
54,215,0.2454638043,0.3878630799,0.002340724500000002,0.010280724299999988,-1,-1,-1,-1
55,215,0.2467016993,0.3877256286,0.0021344216000000193,0.010326404300000036,-1,-1,-1,-1
56,215,0.2471658617,0.3878172628,0.002340801700000006,0.010693215300000003,-1,-1,-1,-1
57,215,0.2474237212,0.3875880401,0.0021860551000000006,0.010418175700000032,-1,-1,-1,-1
58,215,0.2479395172,0.3875422231,0.002186055200000009,0.010418175599999968,-1,-1,-1,-1
59,215,0.2477847707,0.3871755491,0.0021860551000000006,0.010418175699999976,-1,-1,-1,-1
60,215,0.2484810914,0.3870379607,0.002186055200000009,0.010418175599999968,-1,-1,-1,-1
61,215,0.2489711092,0.3869921436,0.002186055200000009,0.010418175599999968,-1,-1,-1,-1
62,215,0.2495384617,0.3869463265,0.0022633899000000235,0.011014072200000002,-1,-1,-1,-1
63,215,0.2498478776,0.3869005094,0.0020829423000000014,0.010968255100000046,-1,-1,-1,-1
64,215,0.2497446875,0.3868087381,0.0020829423000000014,0.010968254999999982,-1,-1,-1,-1
65,215,0.2495383845,0.386441927,0.0020829423000000014,0.010968254999999982,-1,-1,-1,-1
66,215,0.2490483667,0.3862127043,0.002082942300000029,0.01096825509999999,-1,-1,-1,-1
67,215,0.2485841272,0.3859834817,0.002082942199999993,0.01096825509999999,-1,-1,-1,-1
68,215,0.2477072816,0.3859834817,0.002108797699999998,0.01092271229999997,-1,-1,-1,-1
69,215,0.246592412,0.385708442,0.0019599939999999927,0.010876895200000014,-1,-1,-1,-1
70,215,0.2451224358,0.3858000762,0.0019599939999999927,0.01078526099999999,-1,-1,-1,-1
71,215,0.2440392872,0.3857542591,0.002192075299999985,0.010510221300000011,-1,-1,-1,-1
72,215,0.2429303605,0.3856166706,0.002114740599999998,0.011014483700000022,-1,-1,-1,-1
73,215,0.2427934426,0.3854933486,0.0020373288000000156,0.01018936450000002,-1,-1,-1,-1
74,215,0.2429045823,0.3855250364,0.0023210435000000085,0.010510221399999964,-1,-1,-1,-1
75,215,0.2437814278,0.3852958138,0.002321043599999989,0.010510221300000011,-1,-1,-1,-1
76,215,0.2446840516,0.3852041796,0.0021662969999999837,0.009501833800000026,-1,-1,-1,-1
77,215,0.2451998476,0.384974957,0.001959994100000001,0.009043525699999999,-1,-1,-1,-1
78,215,0.2459735031,0.3848833228,0.0021920752000000043,0.009043525699999999,-1,-1,-1,-1
79,215,0.2462055843,0.3848375057,0.0021920752000000043,0.009043525699999999,-1,-1,-1,-1
80,215,0.2466697467,0.3847457343,0.0021920752000000043,0.009043525699999999,-1,-1,-1,-1
81,215,0.2467728596,0.3846081459,0.0023727543000000018,0.009501970999999998,-1,-1,-1,-1
82,215,0.2471081309,0.3844248775,0.0021405958999999863,0.009135159900000023,-1,-1,-1,-1
83,215,0.2474434021,0.3842872891,0.0021405960000000224,0.009135159800000014,-1,-1,-1,-1
84,215,0.2479075645,0.3837831639,0.0021405959999999946,0.009135159900000023,-1,-1,-1,-1
85,215,0.2481138675,0.3829122276,0.0021405960000000224,0.009135159900000023,-1,-1,-1,-1
86,215,0.248165424,0.3839206152,0.002140595900000014,0.009135159800000014,-1,-1,-1,-1
87,215,0.2486296635,0.3831414503,0.0021405959999999946,0.009135159799999959,-1,-1,-1,-1
88,215,0.2486296635,0.3827288221,0.0021405959999999946,0.009135159800000014,-1,-1,-1,-1
89,215,0.2492744279,0.3831413131,0.002140595999999967,0.009135159900000023,-1,-1,-1,-1
90,215,0.2495494985,0.3831565855,0.0021405960000000224,0.009135159800000014,-1,-1,-1,-1
91,215,0.2498245692,0.3831718578,0.0021405959999999946,0.009135159899999967,-1,-1,-1,-1
92,215,0.2500996398,0.3831871302,0.0021405959999999946,0.009135159800000014,-1,-1,-1,-1
93,215,0.2503575764,0.3832787644,0.0021405959999999946,0.009135159799999959,-1,-1,-1,-1
94,215,0.2510796754,0.3830495417,0.0020890395000000006,0.009731330799999993,-1,-1,-1,-1
95,215,0.2526270635,0.3819035657,0.0020890395000000006,0.009731330799999993,-1,-1,-1,-1
96,215,0.2535144056,0.3830007067,0.0020890395000000006,0.009731330799999993,-1,-1,-1,-1
97,215,0.2551059408,0.3830511878,0.0020890395000000006,0.009731330799999993,-1,-1,-1,-1
98,215,0.2560153564,0.3831016689,0.0020890395000000006,0.009731330799999993,-1,-1,-1,-1
99,215,0.2568679673,0.3822935597,0.002089039600000009,0.009731330799999993,-1,-1,-1,-1
