53,224,0.2424977649,0.3880684337,0.002134267200000012,0.009717475899999994,-1,-1,-1,-1
54,224,0.2438426318,0.3880684337,0.0022805239000000255,0.009873308899999989,-1,-1,-1,-1
55,224,0.2457430427,0.3879126007,0.0022805237999999894,0.009873308899999989,-1,-1,-1,-1
56,224,0.2480820692,0.3877566306,0.00228052389999997,0.009873308899999989,-1,-1,-1,-1
57,224,0.249310008,0.3883802369,0.002339026599999988,0.009821318799999978,-1,-1,-1,-1
58,224,0.2505964495,0.3885880599,0.0026313855000000275,0.009769466000000004,-1,-1,-1,-1
59,224,0.2518536396,0.3887438929,0.002455954699999985,0.009925436100000018,-1,-1,-1,-1
60,224,0.253227835,0.388847873,0.002455954799999993,0.009925436099999962,-1,-1,-1,-1
61,224,0.2540172353,0.3888997259,0.0024559547000000403,0.009925436100000018,-1,-1,-1,-1
62,224,0.2556545384,0.389159539,0.0022220212999999878,0.009925436100000018,-1,-1,-1,-1
63,224,0.2572333389,0.389211529,0.0022220211999999795,0.009925436100000018,-1,-1,-1,-1
64,224,0.2586659599,0.3894194892,0.0022220211999999795,0.009925436099999962,-1,-1,-1,-1
