1,992,0.3548192005,0.4162289351,0.004221454399999991,0.01080995290000003,-1,-1,-1,-1
2,992,0.3548192005,0.4162289351,0.004221454399999991,0.01080995290000003,-1,-1,-1,-1
3,992,0.3548192005,0.4162289351,0.004221454399999991,0.01080995290000003,-1,-1,-1,-1
4,992,0.3548192005,0.4162289351,0.004221454399999991,0.01080995290000003,-1,-1,-1,-1
5,992,0.3548192005,0.4162289351,0.004221454399999991,0.01080995290000003,-1,-1,-1,-1
6,992,0.3548192005,0.4162289351,0.004221454399999991,0.01080995290000003,-1,-1,-1,-1
7,992,0.3548192005,0.4162289351,0.004221454399999991,0.01080995290000003,-1,-1,-1,-1
8,992,0.3548192005,0.4162289351,0.004221454399999991,0.01080995290000003,-1,-1,-1,-1
9,992,0.3548192005,0.4162289351,0.004221454399999991,0.01080995290000003,-1,-1,-1,-1
10,992,0.3548192005,0.4162289351,0.004221454399999991,0.01080995290000003,-1,-1,-1,-1
11,992,0.3547619018,0.4163104456,0.004174837499999973,0.010772146999999954,-1,-1,-1,-1
12,992,0.3547046032,0.4165268834,0.004870911300000003,0.010599413700000004,-1,-1,-1,-1
13,992,0.3547233425,0.4167252412,0.004433854700000017,0.010507203399999998,-1,-1,-1,-1
14,992,0.3547512818,0.4165765414,0.003931873899999994,0.010556724299999987,-1,-1,-1,-1
15,992,0.3545327072,0.4167252412,0.004178387700000008,0.01053216960000003,-1,-1,-1,-1
16,992,0.3545327072,0.4167252412,0.004011060799999966,0.010536410699999998,-1,-1,-1,-1
17,992,0.3545327072,0.4167171727,0.004014218199999975,0.01054872029999998,-1,-1,-1,-1
18,992,0.3545327072,0.4167091042,0.004017375599999984,0.01056102980000001,-1,-1,-1,-1
19,992,0.3545327072,0.4167010357,0.004020532999999993,0.010573339399999993,-1,-1,-1,-1
20,992,0.3545327072,0.4166929672,0.0040236902999999935,0.010585648900000022,-1,-1,-1,-1
21,992,0.3545327072,0.4166848987,0.0040268477000000025,0.010597958500000004,-1,-1,-1,-1
22,992,0.3545327072,0.4166768302,0.004030005099999956,0.010610267999999978,-1,-1,-1,-1
23,992,0.3546396791,0.4166687617,0.00392619059999999,0.010414983200000005,-1,-1,-1,-1
24,992,0.3546129361,0.4166606932,0.003956090899999987,0.010479191300000024,-1,-1,-1,-1
25,992,0.3545861931,0.4166526247,0.0040132990999999785,0.010331941300000036,-1,-1,-1,-1
26,992,0.3545594502,0.4166445562,0.004029545500000009,0.010501878500000006,-1,-1,-1,-1
27,992,0.3545327072,0.4166364877,0.004094724299999963,0.010397736300000016,-1,-1,-1,-1
28,992,0.3545368088,0.4163781836,0.004111692900000019,0.010661066900000016,-1,-1,-1,-1
29,992,0.3545409103,0.4163823833,0.004588347599999987,0.010651840700000026,-1,-1,-1,-1
30,992,0.3545450119,0.416386583,0.004567009000000011,0.010653505300000032,-1,-1,-1,-1
31,992,0.3545491135,0.4163907828,0.0045456704999999875,0.010655169799999975,-1,-1,-1,-1
32,992,0.3545532151,0.4163949825,0.00452433200000002,0.010656834399999981,-1,-1,-1,-1
33,992,0.3545573167,0.4163991822,0.004502993399999988,0.010658498999999988,-1,-1,-1,-1
34,992,0.3545614183,0.4164033819,0.004651503000000001,0.010660163700000003,-1,-1,-1,-1
35,992,0.3545655198,0.4163781836,0.00460590059999999,0.010691226299999967,-1,-1,-1,-1
36,992,0.3545696214,0.416387283,0.004560298000000018,0.010687991200000024,-1,-1,-1,-1
37,992,0.354573723,0.4163963824,0.004667137599999982,0.010588183600000023,-1,-1,-1,-1
38,992,0.3546118942,0.4164054818,0.004549354900000024,0.010609091600000009,-1,-1,-1,-1
39,992,0.3546046392,0.4164145812,0.004476998399999987,0.010629999700000003,-1,-1,-1,-1
40,992,0.3545973843,0.4164236806,0.0046434763000000046,0.010610543400000005,-1,-1,-1,-1
41,992,0.3545901293,0.41643278,0.004332285300000016,0.010671815799999984,-1,-1,-1,-1
42,992,0.3545865501,0.4163286627,0.004068666299999968,0.010655903299999991,-1,-1,-1,-1
43,992,0.3545829709,0.416366176,0.00406330290000001,0.010636579600000029,-1,-1,-1,-1
44,992,0.3545793916,0.4164036894,0.0040579396000000045,0.010617255900000011,-1,-1,-1,-1
45,992,0.3545758124,0.4164412027,0.004052576099999983,0.010597932199999993,-1,-1,-1,-1
46,992,0.3545722331,0.416478716,0.004047212799999977,0.010578608599999983,-1,-1,-1,-1
47,992,0.3545839549,0.4165162293,0.004026548399999996,0.010559284900000021,-1,-1,-1,-1
48,992,0.3545788456,0.4165537426,0.0040227149999999545,0.010539961300000011,-1,-1,-1,-1
49,992,0.3545737362,0.4165912559,0.004018881799999985,0.010520637700000002,-1,-1,-1,-1
50,992,0.3544725065,0.4166287692,0.004111168900000017,0.010501313999999984,-1,-1,-1,-1
51,992,0.3544811287,0.4166662826,0.004093604100000037,0.010481990300000021,-1,-1,-1,-1
52,992,0.3544897508,0.4169234619,0.004076039300000001,0.010243000599999996,-1,-1,-1,-1
53,992,0.354498373,0.416917042,0.00405847450000002,0.010267610199999999,-1,-1,-1,-1
54,992,0.3545069951,0.4169106221,0.004040909799999992,0.010292219800000002,-1,-1,-1,-1
55,992,0.3545156172,0.4169042022,0.004023345099999964,0.010316829299999997,-1,-1,-1,-1
56,992,0.3545242394,0.4168977823,0.004005780200000031,0.0103414389,-1,-1,-1,-1
57,992,0.3545328615,0.4168913625,0.003988215500000003,0.010366048300000041,-1,-1,-1,-1
58,992,0.3545328615,0.4166260623,0.004122354899999958,0.010631348500000026,-1,-1,-1,-1
59,992,0.3545328615,0.4166555401,0.004107450499999998,0.010601870700000016,-1,-1,-1,-1
60,992,0.3545328615,0.4166850179,0.004092546099999983,0.010572392900000005,-1,-1,-1,-1
61,992,0.3545328615,0.4167144957,0.004077641799999976,0.010542915099999994,-1,-1,-1,-1
62,992,0.3545328615,0.4167439735,0.0040627373999999605,0.01051343730000004,-1,-1,-1,-1
63,992,0.3545328615,0.4167734513,0.004047833000000001,0.010483959500000029,-1,-1,-1,-1
64,992,0.3545328615,0.4168029291,0.004032928599999985,0.010454481700000018,-1,-1,-1,-1
65,992,0.3545328615,0.4168324069,0.004018024299999978,0.010425003900000007,-1,-1,-1,-1
66,992,0.3545328615,0.4168618847,0.004003119899999963,0.010395526099999997,-1,-1,-1,-1
67,992,0.3545328615,0.4168913625,0.003988215500000003,0.010366048300000041,-1,-1,-1,-1
68,992,0.3545337588,0.4168945475,0.003993589100000028,0.010366048399999994,-1,-1,-1,-1
69,992,0.354534656,0.4168977326,0.0039989628000000055,0.010366048399999994,-1,-1,-1,-1
70,992,0.3545355532,0.4169009177,0.004004336499999983,0.010366048399999994,-1,-1,-1,-1
71,992,0.3545364504,0.4169041028,0.004009710200000016,0.010366048399999994,-1,-1,-1,-1
72,992,0.3545373476,0.4169072878,0.004015083899999994,0.010366048399999994,-1,-1,-1,-1
73,992,0.3545382449,0.4169104729,0.004020457499999963,0.010366048399999994,-1,-1,-1,-1
74,992,0.3545391421,0.416913658,0.004025831199999996,0.010366048399999994,-1,-1,-1,-1
75,992,0.3545400393,0.4169168431,0.004031204900000029,0.010366048399999994,-1,-1,-1,-1
76,992,0.3545409365,0.4169200281,0.004036578600000007,0.010366048399999994,-1,-1,-1,-1
77,992,0.3545418338,0.4169232132,0.004041952200000032,0.01036604840000005,-1,-1,-1,-1
78,992,0.354542731,0.4169263983,0.0040847004999999825,0.010366048399999994,-1,-1,-1,-1
79,992,0.3545436282,0.4169295834,0.00408829439999997,0.010366048399999994,-1,-1,-1,-1
80,992,0.3545445254,0.4169327684,0.004091888400000021,0.010366048399999994,-1,-1,-1,-1
81,992,0.3545454226,0.4169359535,0.004095482400000017,0.010098270500000006,-1,-1,-1,-1
82,992,0.3545463199,0.4169391386,0.004099076199999996,0.010045427400000029,-1,-1,-1,-1
83,992,0.3545472171,0.4169423237,0.004102670200000047,0.010091900300000012,-1,-1,-1,-1
84,992,0.3545481143,0.4169455088,0.004106264099999979,0.010039057200000034,-1,-1,-1,-1
85,992,0.3545490115,0.4171216825,0.004273531800000008,0.00986288350000003,-1,-1,-1,-1
86,992,0.3545499087,0.4171125113,0.0042654347999999676,0.009898823700000003,-1,-1,-1,-1
87,992,0.354550806,0.41710334,0.00425733770000003,0.009934764099999993,-1,-1,-1,-1
88,992,0.3545517032,0.4171216825,0.004131452499999966,0.009943190699999993,-1,-1,-1,-1
89,992,0.3545526004,0.41711001,0.004134063500000007,0.009981632300000043,-1,-1,-1,-1
90,992,0.3545534976,0.4170983375,0.004136674499999993,0.010020073899999982,-1,-1,-1,-1
91,992,0.3545543948,0.4169234619,0.004139285499999978,0.010221718599999985,-1,-1,-1,-1
92,992,0.3545552921,0.4169321897,0.004141896400000011,0.010239759899999978,-1,-1,-1,-1
93,992,0.3545561893,0.4169409176,0.004144507399999997,0.010257801099999964,-1,-1,-1,-1
94,992,0.3545570865,0.4169496455,0.004147118399999983,0.010275842300000004,-1,-1,-1,-1
95,992,0.3545579837,0.4169583734,0.00414972929999996,0.01029388349999999,-1,-1,-1,-1
96,992,0.354558881,0.4169671013,0.004152340199999993,0.01011664360000003,-1,-1,-1,-1
97,992,0.3545597782,0.4169758291,0.004154951199999979,0.009909695100000004,-1,-1,-1,-1
98,992,0.3545606754,0.416984557,0.004157562199999965,0.010000009000000032,-1,-1,-1,-1
99,992,0.3545615726,0.4169932849,0.004160173200000006,0.010040939100000035,-1,-1,-1,-1
100,992,0.3545615726,0.4169932849,0.004160173200000006,0.010090460000000023,-1,-1,-1,-1
101,992,0.3545615726,0.4169932849,0.004160173200000006,0.009991281100000027,-1,-1,-1,-1
102,992,0.3545615726,0.4169932849,0.004160173200000006,0.010090460000000023,-1,-1,-1,-1
103,992,0.3545615726,0.4169932849,0.004160173200000006,0.010040939100000035,-1,-1,-1,-1
104,992,0.3545615726,0.4169932849,0.004160173200000006,0.009991281100000027,-1,-1,-1,-1
105,992,0.3545615726,0.4169932849,0.004160173200000006,0.010139980800000004,-1,-1,-1,-1
106,992,0.3545615726,0.4169932849,0.004160173200000006,0.010040939100000035,-1,-1,-1,-1
107,992,0.3545615726,0.4167252412,0.004160173200000006,0.010308982800000033,-1,-1,-1,-1
108,992,0.3545615726,0.4167410085,0.004160173200000006,0.010293215500000008,-1,-1,-1,-1
109,992,0.3545615726,0.4165268834,0.004160173200000006,0.010556861500000014,-1,-1,-1,-1
110,992,0.3545615726,0.4166260623,0.004160173200000006,0.010358503700000021,-1,-1,-1,-1
111,992,0.3545615726,0.4168242829,0.004160173200000006,0.010110762200000012,-1,-1,-1,-1
112,992,0.3545615726,0.4170225036,0.004160173200000006,0.009962062400000027,-1,-1,-1,-1
113,992,0.3545615726,0.4170200687,0.004160173200000006,0.009995727899999973,-1,-1,-1,-1
114,992,0.3545615726,0.4170176338,0.004160173200000006,0.010029393399999975,-1,-1,-1,-1
115,992,0.3545615726,0.4170151989,0.004160173200000006,0.010063058900000033,-1,-1,-1,-1
116,992,0.3545615726,0.417012764,0.004160173200000006,0.010096724400000034,-1,-1,-1,-1
117,992,0.3545615726,0.4170103291,0.004160173200000006,0.01013038989999998,-1,-1,-1,-1
118,992,0.3545615726,0.4170078943,0.004160173200000006,0.009976671699999995,-1,-1,-1,-1
119,992,0.3545615726,0.4170054594,0.004160173200000006,0.010041567799999984,-1,-1,-1,-1
120,992,0.3545615726,0.4170030245,0.004160173200000006,0.010106463900000029,-1,-1,-1,-1
121,992,0.3545615726,0.4170005896,0.004160173200000006,0.010033634399999991,-1,-1,-1,-1
122,992,0.3545615726,0.4169981547,0.004160173200000006,0.010036069300000006,-1,-1,-1,-1
123,992,0.3545615726,0.4169957198,0.004160173200000006,0.01003850420000002,-1,-1,-1,-1
124,992,0.3545615726,0.4169932849,0.004160173200000006,0.009991281100000027,-1,-1,-1,-1
125,992,0.3545615726,0.4169932849,0.004160173200000006,0.00998658960000004,-1,-1,-1,-1
126,992,0.3545615726,0.4169932849,0.004160173200000006,0.009981898099999997,-1,-1,-1,-1
127,992,0.3545615726,0.4169932849,0.004160173200000006,0.009977206700000019,-1,-1,-1,-1
128,992,0.3545615726,0.4169932849,0.004160173200000006,0.009972515200000032,-1,-1,-1,-1
129,992,0.3545615726,0.4169932849,0.004160173200000006,0.009967823799999997,-1,-1,-1,-1
130,992,0.3545615726,0.4169932849,0.004160173200000006,0.00996313230000001,-1,-1,-1,-1
131,992,0.3545615726,0.4169932849,0.004160173200000006,0.009958440900000032,-1,-1,-1,-1
132,992,0.3545615726,0.4169932849,0.004160173200000006,0.00995374939999999,-1,-1,-1,-1
133,992,0.3545615726,0.4169932849,0.004160173200000006,0.00994905800000001,-1,-1,-1,-1
134,992,0.3545615726,0.4169932849,0.004160173200000006,0.009944366500000024,-1,-1,-1,-1
135,992,0.3545615726,0.4169932849,0.004160173200000006,0.00993967509999999,-1,-1,-1,-1
136,992,0.3545615726,0.4169932849,0.004160173200000006,0.009934983600000002,-1,-1,-1,-1
137,992,0.3545615726,0.4169932849,0.004160173200000006,0.009930292200000024,-1,-1,-1,-1
138,992,0.3545615726,0.4169932849,0.004160173200000006,0.009925600700000037,-1,-1,-1,-1
139,992,0.3545615726,0.4169932849,0.004160173200000006,0.009920909300000003,-1,-1,-1,-1
140,992,0.3545615726,0.4169932849,0.004160173200000006,0.009916217800000016,-1,-1,-1,-1
141,992,0.3545615726,0.4169932849,0.004160173200000006,0.009911526400000037,-1,-1,-1,-1
142,992,0.3545615726,0.4169932849,0.004160173200000006,0.009906834899999994,-1,-1,-1,-1
143,992,0.3545615726,0.4169932849,0.004160173200000006,0.009902143500000016,-1,-1,-1,-1
144,992,0.3545615726,0.4169932849,0.004160173200000006,0.009897452000000029,-1,-1,-1,-1
145,992,0.3545615726,0.4169932849,0.004160173200000006,0.009897452000000029,-1,-1,-1,-1
146,992,0.3545615726,0.4169932849,0.004160173200000006,0.009897452000000029,-1,-1,-1,-1
147,992,0.3545615726,0.4169932849,0.004160173200000006,0.009897452000000029,-1,-1,-1,-1
148,992,0.3545615726,0.4169932849,0.004160173200000006,0.009897452000000029,-1,-1,-1,-1
149,992,0.3545615726,0.4169932849,0.004160173200000006,0.009897452000000029,-1,-1,-1,-1
150,992,0.3545615726,0.4169932849,0.004160173200000006,0.009897452000000029,-1,-1,-1,-1
151,992,0.3545615726,0.4170721616,0.004160173200000006,0.009818575300000021,-1,-1,-1,-1
152,992,0.3545615726,0.4170655886,0.004160173200000006,0.00982514830000003,-1,-1,-1,-1
153,992,0.3545615726,0.4170590155,0.004160173200000006,0.009831721399999993,-1,-1,-1,-1
154,992,0.3545615726,0.4170524425,0.004160173200000006,0.009838294400000003,-1,-1,-1,-1
155,992,0.3547233425,0.4170458694,0.0039984033000000085,0.010037875500000015,-1,-1,-1,-1
156,992,0.3547031213,0.4168242829,0.004018624500000012,0.010235335999999984,-1,-1,-1,-1
157,992,0.3546829001,0.4168484261,0.0040388457000000155,0.010187066799999978,-1,-1,-1,-1
158,992,0.3546626788,0.4168725692,0.004059066999999972,0.010138797700000035,-1,-1,-1,-1
159,992,0.3546424576,0.4168967124,0.004079288199999975,0.010090528500000029,-1,-1,-1,-1
160,992,0.3546222363,0.4169208555,0.004099509499999987,0.010042259399999975,-1,-1,-1,-1
161,992,0.354416628,0.4169449986,0.00430511779999998,0.009993990299999977,-1,-1,-1,-1
162,992,0.3544891003,0.4169691418,0.004232645499999965,0.009945721100000027,-1,-1,-1,-1
163,992,0.3543051796,0.4169932849,0.004416566199999972,0.009897452000000029,-1,-1,-1,-1
164,992,0.354318674,0.4169932849,0.004403071799999991,0.009897452000000029,-1,-1,-1,-1
165,992,0.3543321683,0.4169932849,0.004389577499999964,0.009897452000000029,-1,-1,-1,-1
166,992,0.3543456627,0.4169932849,0.004376083099999983,0.009897452000000029,-1,-1,-1,-1
167,992,0.3543591571,0.4169932849,0.004362588700000003,0.009897452000000029,-1,-1,-1,-1
168,992,0.3543726514,0.4169932849,0.004349094399999975,0.009897452000000029,-1,-1,-1,-1
169,992,0.3543861458,0.4169932849,0.004335599999999995,0.009897452000000029,-1,-1,-1,-1
170,992,0.3543996402,0.4169932849,0.004322105600000015,0.009897452000000029,-1,-1,-1,-1
171,992,0.3544131346,0.4169932849,0.004308611199999979,0.009897452000000029,-1,-1,-1,-1
172,992,0.3547792211,0.4169932849,0.003942524700000005,0.010040939100000035,-1,-1,-1,-1
173,992,0.3544445672,0.4169932849,0.004277178599999987,0.010026590400000035,-1,-1,-1,-1
174,992,0.3544575678,0.4167252412,0.004264178000000007,0.010280285400000033,-1,-1,-1,-1
175,992,0.3544705684,0.4167587467,0.0042511773999999725,0.010232431200000003,-1,-1,-1,-1
176,992,0.354483569,0.4167922521,0.004238176799999993,0.010184577100000036,-1,-1,-1,-1
177,992,0.3544965696,0.4168257576,0.004225176200000014,0.010136722900000006,-1,-1,-1,-1
178,992,0.3543888431,0.4168592631,0.004332902699999974,0.010088868700000031,-1,-1,-1,-1
179,992,0.3544320254,0.4168927685,0.0042897203999999745,0.010041014600000009,-1,-1,-1,-1
180,992,0.3544752078,0.416926274,0.004246537999999966,0.009993160300000026,-1,-1,-1,-1
181,992,0.3543888431,0.4169234619,0.004332902699999974,0.009981623699999997,-1,-1,-1,-1
182,992,0.3544445672,0.4167747621,0.004277178599999987,0.010115974800000038,-1,-1,-1,-1
183,992,0.354416628,0.4166755832,0.00430511779999998,0.010215153700000035,-1,-1,-1,-1
184,992,0.3544445672,0.4167747621,0.004277178599999987,0.010115974800000038,-1,-1,-1,-1
185,992,0.3544514499,0.4167876164,0.0042702958999999985,0.010103120500000007,-1,-1,-1,-1
186,992,0.3543051796,0.4168004706,0.004416566199999972,0.010332795100000014,-1,-1,-1,-1
187,992,0.3543222725,0.4168133249,0.004399473300000012,0.010303772200000005,-1,-1,-1,-1
188,992,0.3543393653,0.4168261792,0.004382380500000005,0.010274749400000005,-1,-1,-1,-1
189,992,0.3543564582,0.4168390335,0.00436528759999999,0.010245726499999996,-1,-1,-1,-1
190,992,0.3543735511,0.4168518878,0.004348194699999974,0.010216703599999988,-1,-1,-1,-1
191,992,0.3543906439,0.4168647421,0.004331101899999967,0.01018768069999998,-1,-1,-1,-1
192,992,0.3544077368,0.4168775963,0.0043140090000000075,0.010158657900000034,-1,-1,-1,-1
193,992,0.3544248297,0.4168904506,0.004296916099999992,0.01012963499999997,-1,-1,-1,-1
194,992,0.3544419225,0.4169033049,0.004279823299999985,0.010100612100000017,-1,-1,-1,-1
195,992,0.3544590154,0.4169161592,0.00426273039999997,0.010071589299999961,-1,-1,-1,-1
196,992,0.3544761083,0.4169290135,0.00424563750000001,0.010042566400000008,-1,-1,-1,-1
197,992,0.3544324757,0.4168518878,0.0042892700999999644,0.010103523499999989,-1,-1,-1,-1
198,992,0.3543888431,0.4167747621,0.004332902699999974,0.010164480600000025,-1,-1,-1,-1
199,992,0.3543609038,0.4167252412,0.004360841999999976,0.010197832900000037,-1,-1,-1,-1
200,992,0.3544612382,0.4168592631,0.004260507600000019,0.0100476424,-1,-1,-1,-1
201,992,0.3543888431,0.4169932849,0.004332902699999974,0.009897452000000029,-1,-1,-1,-1
202,992,0.3543940773,0.4169932849,0.004327668499999993,0.009897452000000029,-1,-1,-1,-1
203,992,0.3543993115,0.4169932849,0.004322434300000011,0.009897452000000029,-1,-1,-1,-1
204,992,0.3543888431,0.4168242829,0.004332902699999974,0.010066454000000002,-1,-1,-1,-1
205,992,0.3543946007,0.4168299163,0.004327145099999985,0.01006082060000002,-1,-1,-1,-1
206,992,0.3544003584,0.4168355497,0.0043213873999999874,0.010055187200000038,-1,-1,-1,-1
207,992,0.354406116,0.4168411831,0.004315629799999998,0.0100495538,-1,-1,-1,-1
208,992,0.3544118737,0.4168468165,0.004309872100000001,0.010043920400000017,-1,-1,-1,-1
209,992,0.3544176313,0.4168524499,0.004304114500000011,0.010038287000000035,-1,-1,-1,-1
210,992,0.354423389,0.4166755832,0.004298356800000014,0.010215153700000035,-1,-1,-1,-1
211,992,0.3544291466,0.4166888207,0.004292599199999969,0.010201916199999994,-1,-1,-1,-1
212,992,0.3544349043,0.4167020583,0.0042868414999999715,0.0101886786,-1,-1,-1,-1
213,992,0.3544406619,0.4166385454,0.00422072889999997,0.010252191500000007,-1,-1,-1,-1
214,992,0.3543942457,0.4166554378,0.004270019199999975,0.01023529910000004,-1,-1,-1,-1
215,992,0.354402612,0.4166723301,0.00426452690000001,0.010218406800000024,-1,-1,-1,-1
216,992,0.3544109784,0.4166892225,0.004259034599999989,0.0102015144,-1,-1,-1,-1
217,992,0.3544193447,0.4167061148,0.004253542299999968,0.010184622099999985,-1,-1,-1,-1
218,992,0.3544277111,0.4167230072,0.004248050000000003,0.010167729700000017,-1,-1,-1,-1
219,992,0.3544360774,0.4167398995,0.0042425576999999826,0.010150837400000001,-1,-1,-1,-1
220,992,0.3544444438,0.4167567919,0.004237065400000017,0.010133945000000033,-1,-1,-1,-1
221,992,0.3544528101,0.4167736843,0.004231573099999997,0.01011705260000001,-1,-1,-1,-1
222,992,0.3544611765,0.4167905766,0.004226080800000032,0.010100160299999994,-1,-1,-1,-1
223,992,0.3544695428,0.416807469,0.004220588500000011,0.010083267900000026,-1,-1,-1,-1
224,992,0.3544779091,0.4168243613,0.004215096299999999,0.01006637560000001,-1,-1,-1,-1
225,992,0.3544862755,0.4168412537,0.00420960389999997,0.010049483199999987,-1,-1,-1,-1
226,992,0.35436785,0.416858146,0.00433090340000003,0.010032590900000027,-1,-1,-1,-1
227,992,0.3543920653,0.4168750384,0.0043095622000000056,0.010015698500000003,-1,-1,-1,-1
228,992,0.3544162807,0.4168919308,0.00428822080000002,0.009998806100000035,-1,-1,-1,-1
229,992,0.354440496,0.4169088231,0.004266879599999995,0.00998191380000002,-1,-1,-1,-1
230,992,0.3547892545,0.4169257155,0.003920995099999991,0.01001262180000001,-1,-1,-1,-1
231,992,0.3543414543,0.4169426078,0.0043716694,0.009983829400000033,-1,-1,-1,-1
232,992,0.3544148271,0.4169595002,0.004301170600000015,0.009955036899999992,-1,-1,-1,-1
233,992,0.35436785,0.4169763925,0.004351021800000021,0.009926244499999959,-1,-1,-1,-1
234,992,0.354315213,0.4169932849,0.004406532799999974,0.009897452000000029,-1,-1,-1,-1
