104,1748,0.3893945915,0.3767561389,0.0011101615999999925,0.006619472399999993,-1,-1,-1,-1
105,1748,0.3893050623,0.3769789143,0.001235502399999977,0.006842247599999962,-1,-1,-1,-1
106,1748,0.3891618156,0.3769470892,0.0011817849999999908,0.006874072700000011,-1,-1,-1,-1
107,1748,0.3889290398,0.3770743894,0.0012175966000000371,0.006778597500000039,-1,-1,-1,-1
108,1748,0.3886246406,0.3771698645,0.0012534082999999807,0.006651297399999978,-1,-1,-1,-1
109,1748,0.388373959,0.3771380395,0.0013608433000000253,0.006746772499999998,-1,-1,-1,-1
110,1748,0.3879792589,0.3771700017,0.0011891941999999656,0.007087931500000033,-1,-1,-1,-1
111,1748,0.3876563365,0.377233789,0.001278877700000014,0.00705596930000002,-1,-1,-1,-1
112,1748,0.3878176433,0.377233789,0.0012969379999999697,0.007183543800000025,-1,-1,-1,-1
113,1748,0.3877816773,0.377233789,0.0012969378999999615,0.007183543800000025,-1,-1,-1,-1
114,1748,0.3881225055,0.3772975763,0.0012969380000000252,0.007183543800000025,-1,-1,-1,-1
115,1748,0.3882300949,0.3773294013,0.0013149982000000282,0.007087931500000033,-1,-1,-1,-1
116,1748,0.3885889834,0.3774251508,0.001296937900000017,0.006928394700000007,-1,-1,-1,-1
117,1748,0.3888222223,0.3775207631,0.001368715599999959,0.006960357000000028,-1,-1,-1,-1
118,1748,0.3889656233,0.3775207631,0.001350809800000019,0.007215368900000019,-1,-1,-1,-1
119,1748,0.3891628962,0.3775845504,0.001368870000000022,0.007087794300000005,-1,-1,-1,-1
120,1748,0.3891628962,0.3775845504,0.0013329040000000236,0.006928394700000007,-1,-1,-1,-1
121,1748,0.3893603234,0.3776163754,0.0013329040000000236,0.006928394800000015,-1,-1,-1,-1
122,1748,0.3894679128,0.3777121249,0.0013329040000000236,0.00660945839999999,-1,-1,-1,-1
123,1748,0.3898984245,0.3776165126,0.0013329039999999681,0.00660945839999999,-1,-1,-1,-1
124,1748,0.3902931247,0.3779034867,0.0013329040000000236,0.00660945839999999,-1,-1,-1,-1
125,1748,0.3906697646,0.3778396995,0.0013329039999999681,0.006609458299999982,-1,-1,-1,-1
126,1748,0.3912975493,0.377967274,0.0012611263000000261,0.006513846099999998,-1,-1,-1,-1
127,1748,0.3917640271,0.377999099,0.0012611262999999706,0.006513846099999998,-1,-1,-1,-1
128,1748,0.3925801317,0.3780787988,0.0012611263000000261,0.006513846099999998,-1,-1,-1,-1
129,1748,0.3931094343,0.3781584986,0.0012611262999999706,0.006513846099999998,-1,-1,-1,-1
130,1748,0.3937372189,0.3781904608,0.0013329039999999681,0.00660945839999999,-1,-1,-1,-1
131,1748,0.3940420812,0.3783816855,0.00131499810000002,0.0064820210000000045,-1,-1,-1,-1
132,1748,0.3944366269,0.3783816855,0.0013149982000000282,0.0064820210000000045,-1,-1,-1,-1
133,1748,0.3945622765,0.3784136477,0.001512425400000017,0.006577496199999977,-1,-1,-1,-1
134,1748,0.394795361,0.3784454727,0.001369024399999974,0.006481883899999985,-1,-1,-1,-1
135,1748,0.3950823174,0.3785730473,0.0012614350999999857,0.006354309299999972,-1,-1,-1,-1
136,1748,0.3952795903,0.3788600214,0.0013690244000000296,0.006067335199999968,-1,-1,-1,-1
137,1748,0.3955486409,0.3787644091,0.0014228961999999679,0.006290522000000021,-1,-1,-1,-1
138,1748,0.3957997856,0.378732584,0.0014408020999999716,0.0066411463000000115,-1,-1,-1,-1
139,1748,0.3961765799,0.3788919836,0.001386930200000025,0.0068006830000000296,-1,-1,-1,-1
140,1748,0.3962302974,0.3792107828,0.0014767681000000255,0.006864470300000036,-1,-1,-1,-1
141,1748,0.3963736984,0.3795933692,0.0015845119000000296,0.006832508100000023,-1,-1,-1,-1
142,1748,0.3966606548,0.3798803433,0.0015127341999999766,0.007119482200000027,-1,-1,-1,-1
143,1748,0.3966964665,0.3799759556,0.0015666059999999704,0.007119482199999971,-1,-1,-1,-1
144,1748,0.3968221161,0.3801991425,0.0015127340999999683,0.006960082600000028,-1,-1,-1,-1
145,1748,0.3970014831,0.3804223293,0.001423050600000031,0.00689629540000003,-1,-1,-1,-1
146,1748,0.3972705337,0.3802947548,0.0016025720000000243,0.007215231699999991,-1,-1,-1,-1
147,1748,0.3978086348,0.3804221922,0.0014949826999999805,0.007055832099999992,-1,-1,-1,-1
148,1748,0.3983110787,0.3805179417,0.0014949826000000277,0.00705583200000004,-1,-1,-1,-1
149,1748,0.3986875642,0.3805179417,0.0015846661999999734,0.007087657100000033,-1,-1,-1,-1
150,1748,0.3990283925,0.3805817289,0.0015846662000000289,0.007087657199999986,-1,-1,-1,-1
151,1748,0.3994768101,0.3807411285,0.001423204999999983,0.006991907699999966,-1,-1,-1,-1
152,1748,0.3998176384,0.3807411285,0.0014770767999999768,0.00727888179999997,-1,-1,-1,-1
153,1748,0.4007323794,0.3809643154,0.0013694874999999884,0.00705569490000002,-1,-1,-1,-1
154,1748,0.4011449854,0.380868703,0.0013694874999999884,0.0070556950000000285,-1,-1,-1,-1
155,1748,0.402006009,0.3807730907,0.0013694873999999801,0.00705569490000002,-1,-1,-1,-1
156,1748,0.4023468372,0.3809324903,0.0017462818000000269,0.007342669000000024,-1,-1,-1,-1
157,1748,0.40292075,0.3809962776,0.0013875476999999914,0.007278881700000017,-1,-1,-1,-1
158,1748,0.4033870735,0.3809962776,0.0013875475999999831,0.007278881700000017,-1,-1,-1,-1
159,1748,0.4033870735,0.3809962776,0.0013875475999999831,0.007278881700000017,-1,-1,-1,-1
160,1748,0.4037817736,0.3810281026,0.0013338301999999969,0.00689629540000003,-1,-1,-1,-1
161,1748,0.4038356455,0.3809643154,0.0013338300999999886,0.0068962953000000216,-1,-1,-1,-1
162,1748,0.4043021233,0.3809961404,0.001333830100000044,0.006896295299999966,-1,-1,-1,-1
163,1748,0.4044339472,0.3812193958,0.0013453301000000417,0.007246988199999971,-1,-1,-1,-1
164,1748,0.404696669,0.3813469018,0.0014233593999999905,0.00727888179999997,-1,-1,-1,-1
165,1748,0.4048760361,0.3814425141,0.0015490087999999735,0.007470243599999982,-1,-1,-1,-1
166,1748,0.4049657196,0.3813469018,0.0015131971999999827,0.007789042699999971,-1,-1,-1,-1
167,1748,0.4053244537,0.3814106891,0.0015131972000000382,0.007789042700000026,-1,-1,-1,-1
168,1748,0.4055038207,0.3815700886,0.0016207865999999793,0.007757080599999966,-1,-1,-1,-1
169,1748,0.4057191538,0.3817294882,0.0015669146999999772,0.00762964319999998,-1,-1,-1,-1
170,1748,0.4059882044,0.3817932755,0.0015669146999999772,0.0076296431000000275,-1,-1,-1,-1
171,1748,0.4060061102,0.3818252377,0.0015669147000000327,0.007533893700000016,-1,-1,-1,-1
172,1748,0.4061675714,0.3818888878,0.0015669147000000327,0.007821004999999992,-1,-1,-1,-1
173,1748,0.4062751608,0.3817932755,0.0015131972000000382,0.007980267400000018,-1,-1,-1,-1
174,1748,0.4063109725,0.3818570628,0.001620940900000034,0.008012229500000023,-1,-1,-1,-1
175,1748,0.4063288783,0.3820482874,0.0016388467000000295,0.007916617299999984,-1,-1,-1,-1
176,1748,0.4062391948,0.3820801124,0.0015849749000000357,0.007884792299999999,-1,-1,-1,-1
177,1748,0.4060956394,0.3821438997,0.001620940900000034,0.008139804099999981,-1,-1,-1,-1
178,1748,0.4059343325,0.382207687,0.0016207865999999793,0.008139804099999981,-1,-1,-1,-1
179,1748,0.4058804607,0.3824308738,0.0015670689999999765,0.00798040459999999,-1,-1,-1,-1
180,1748,0.4057728713,0.3824946611,0.0015670690999999848,0.007980404499999982,-1,-1,-1,-1
181,1748,0.4057549655,0.3827178479,0.0015131971999999827,0.007820867799999964,-1,-1,-1,-1
182,1748,0.4057728713,0.3826858857,0.0015131971999999827,0.00782086780000002,-1,-1,-1,-1
183,1748,0.4056831878,0.3826539235,0.0015131971999999827,0.00782086780000002,-1,-1,-1,-1
184,1748,0.4056473761,0.382781498,0.0015311030999999864,0.007948579499999997,-1,-1,-1,-1
185,1748,0.4055755984,0.382781498,0.001602880799999984,0.008107979099999996,-1,-1,-1,-1
186,1748,0.405880615,0.382781498,0.001602880799999984,0.008107979099999996,-1,-1,-1,-1
187,1748,0.4061200284,0.3828771103,0.0015965519000000206,0.008012366800000004,-1,-1,-1,-1
188,1748,0.4061380885,0.3829090726,0.0017399530000000163,0.008171766299999994,-1,-1,-1,-1
189,1748,0.4067479674,0.3831002972,0.0015067139999999646,0.008044191799999989,-1,-1,-1,-1
190,1748,0.4069991121,0.3831960467,0.0015067140999999729,0.008044191799999989,-1,-1,-1,-1
191,1748,0.4071786335,0.3831960467,0.0015067141000000284,0.008044191799999989,-1,-1,-1,-1
192,1748,0.4073220345,0.3831960467,0.0015067141000000284,0.008044191799999989,-1,-1,-1,-1
193,1748,0.4073220345,0.3831960467,0.0015067141000000284,0.008044191799999989,-1,-1,-1,-1
194,1748,0.4071605733,0.3833236212,0.0017220472000000209,0.008139804099999981,-1,-1,-1,-1
195,1748,0.407017018,0.3833874085,0.0018117306000000055,0.008267241499999967,-1,-1,-1,-1
196,1748,0.4070350781,0.3835468081,0.0018117307000000138,0.008267241499999967,-1,-1,-1,-1
197,1748,0.4071247617,0.3837062077,0.001739952900000008,0.008362990899999978,-1,-1,-1,-1
198,1748,0.4075014016,0.3838656072,0.001650269400000015,0.008203591399999988,-1,-1,-1,-1
199,1748,0.407608991,0.3839612195,0.001758013100000011,0.00839481609999998,-1,-1,-1,-1
200,1748,0.4079857852,0.3840568319,0.0017580132000000193,0.008394815999999972,-1,-1,-1,-1
201,1748,0.4087571253,0.3841844064,0.0015067140999999729,0.008362990999999986,-1,-1,-1,-1
202,1748,0.409420876,0.3842481937,0.0016501151000000158,0.008490428299999964,-1,-1,-1,-1
203,1748,0.4100844723,0.3842481937,0.00179382480000001,0.008490428299999964,-1,-1,-1,-1
204,1748,0.411160829,0.3843757682,0.0016681752000000105,0.008458603299999978,-1,-1,-1,-1
205,1748,0.4121654079,0.3843119809,0.0018117307000000138,0.00855421559999997,-1,-1,-1,-1
206,1748,0.4130443373,0.384343806,0.0019014142000000067,0.008681790099999975,-1,-1,-1,-1
207,1748,0.4136363103,0.3845351678,0.0019551317000000012,0.008713615199999969,-1,-1,-1,-1
208,1748,0.4140668221,0.3845669928,0.0019551317000000012,0.008713615199999969,-1,-1,-1,-1
209,1748,0.4143358727,0.3845988179,0.0018296365000000092,0.008713752299999988,-1,-1,-1,-1
210,1748,0.414264095,0.3847582175,0.002027063699999998,0.00855435269999999,-1,-1,-1,-1
211,1748,0.4139950444,0.3847263924,0.002027063699999998,0.008554352799999998,-1,-1,-1,-1
212,1748,0.4139950444,0.3847582175,0.0020449696000000017,0.00855435269999999,-1,-1,-1,-1
213,1748,0.4139950444,0.384885792,0.0019014142000000067,0.008458603299999978,-1,-1,-1,-1
214,1748,0.4142282833,0.3850132294,0.0018296365000000092,0.008267515800000014,-1,-1,-1,-1
215,1748,0.4140129502,0.3853002035,0.0018296365000000092,0.008267515800000014,-1,-1,-1,-1
216,1748,0.4139771386,0.3853639907,0.0019014142000000067,0.008267378699999994,-1,-1,-1,-1
217,1748,0.4139053609,0.3854596031,0.001722047099999957,0.008171766299999994,-1,-1,-1,-1
218,1748,0.4139053609,0.3855871776,0.0018117306000000055,0.0082355536,-1,-1,-1,-1
219,1748,0.4140487619,0.3856829271,0.0018476967000000122,0.008267241499999967,-1,-1,-1,-1
220,1748,0.414264095,0.3856509649,0.0018476967000000122,0.008267241400000014,-1,-1,-1,-1
221,1748,0.4146228291,0.385937939,0.0018476967000000122,0.008267241499999967,-1,-1,-1,-1
222,1748,0.414999469,0.3859699012,0.0017759190000000147,0.008426641099999965,-1,-1,-1,-1
223,1748,0.4155196643,0.3860752531,0.0017401073000000156,0.008544475999999968,-1,-1,-1,-1
224,1748,0.4158964586,0.3861070781,0.0017399529999999608,0.008640225599999996,-1,-1,-1,-1
225,1748,0.4161116373,0.3861070781,0.0017580132000000193,0.0087678001,-1,-1,-1,-1
226,1748,0.4160758256,0.3861389032,0.0021525589999999983,0.008767799999999992,-1,-1,-1,-1
227,1748,0.4166318326,0.3862663405,0.0020270638000000063,0.008959161899999957,-1,-1,-1,-1
228,1748,0.416918789,0.3862663405,0.0020809356,0.008959161899999957,-1,-1,-1,-1
229,1748,0.4174389843,0.3863619528,0.0020809356,0.008959161899999957,-1,-1,-1,-1
230,1748,0.4179053078,0.3864895274,0.0020809356,0.008959161800000004,-1,-1,-1,-1
231,1748,0.4183358196,0.3866489269,0.0019914064000000065,0.008799762299999958,-1,-1,-1,-1
232,1748,0.4189097324,0.3868083265,0.0018480053999999635,0.008704149999999966,-1,-1,-1,-1
233,1748,0.419214749,0.3869359011,0.001848005400000019,0.008704150000000022,-1,-1,-1,-1
234,1748,0.41935815,0.3870953006,0.002045432600000008,0.008417175899999962,-1,-1,-1,-1
