1,1235,0.4162358976,0.3940154648,0.0023331608999999642,0.009448197599999986,-1,-1,-1,-1
2,1235,0.4154063636,0.39383494,0.002231591600000027,0.009478239299999969,-1,-1,-1,-1
3,1235,0.414407496,0.3936845941,0.0020624123000000383,0.009508281000000007,-1,-1,-1,-1
4,1235,0.413577962,0.3935943317,0.001859273699999997,0.009418018599999967,-1,-1,-1,-1
5,1235,0.4126468587,0.3935040692,0.0019946479999999878,0.009478239400000033,-1,-1,-1,-1
6,1235,0.4116141861,0.3935943317,0.0019946479999999878,0.009478239299999969,-1,-1,-1,-1
7,1235,0.4108184571,0.3935040692,0.0018084891000000325,0.009267535600000043,-1,-1,-1,-1
8,1235,0.4100736671,0.3935641527,0.0018084891000000325,0.009267535599999988,-1,-1,-1,-1
9,1235,0.409311743,0.3934438486,0.001808489099999977,0.009267535500000035,-1,-1,-1,-1
10,1235,0.4086855019,0.3933535862,0.001808489099999977,0.00926753549999998,-1,-1,-1,-1
11,1235,0.4075344348,0.3930827989,0.001808489099999977,0.009267535600000043,-1,-1,-1,-1
12,1235,0.406958824,0.3930752542,0.001808489099999977,0.009267535599999988,-1,-1,-1,-1
13,1235,0.4063832132,0.3930677095,0.0018084891000000325,0.009267535500000035,-1,-1,-1,-1
14,1235,0.4058076024,0.3930601647,0.001808489099999977,0.009267535599999988,-1,-1,-1,-1
15,1235,0.4052319917,0.39305262,0.001808489099999977,0.009267535599999988,-1,-1,-1,-1
16,1235,0.4048257145,0.39305262,0.0016184712000000268,0.008966295099999966,-1,-1,-1,-1
17,1235,0.4044484571,0.3929236737,0.0019086691999999905,0.008940505799999998,-1,-1,-1,-1
18,1235,0.4041292393,0.3927689381,0.0018070998999999976,0.009121030599999969,-1,-1,-1,-1
19,1235,0.4037955117,0.3927947274,0.0018070997999999894,0.009121030600000024,-1,-1,-1,-1
20,1235,0.403606883,0.3926399918,0.0018070997999999894,0.009121030600000024,-1,-1,-1,-1
21,1235,0.4031425662,0.3924851191,0.0018070998999999976,0.009121030600000024,-1,-1,-1,-1
22,1235,0.4029829573,0.3923561728,0.0018070998999999976,0.009121030599999969,-1,-1,-1,-1
23,1235,0.4027506446,0.392278805,0.0018070998999999976,0.009121030599999969,-1,-1,-1,-1
24,1235,0.4025329961,0.3921498587,0.0018070998999999976,0.009121030599999969,-1,-1,-1,-1
25,1235,0.4024314268,0.3920724909,0.001850783899999986,0.009301692599999967,-1,-1,-1,-1
26,1235,0.402112209,0.3920724909,0.0018507839999999942,0.009301692599999967,-1,-1,-1,-1
27,1235,0.4019090705,0.3920724909,0.001850783899999986,0.009301692599999967,-1,-1,-1,-1
28,1235,0.4018220111,0.3919177553,0.001894159200000023,0.00932748189999999,-1,-1,-1,-1
29,1235,0.4015027933,0.3917114412,0.0018941593000000312,0.00932748189999999,-1,-1,-1,-1
30,1235,0.4013286745,0.391685652,0.0018941593000000312,0.00932748189999999,-1,-1,-1,-1
31,1235,0.4011980854,0.391685652,0.0018941592999999757,0.00932748189999999,-1,-1,-1,-1
32,1235,0.4010239666,0.3916082842,0.0018941592999999757,0.00932748189999999,-1,-1,-1,-1
33,1235,0.4009369072,0.3914793379,0.0018941592999999757,0.00932748189999999,-1,-1,-1,-1
34,1235,0.4007918083,0.3914019701,0.001894159200000023,0.00932748189999999,-1,-1,-1,-1
35,1235,0.4007482786,0.3912988131,0.0018941591999999674,0.009327481900000045,-1,-1,-1,-1
36,1235,0.4004871004,0.3912730238,0.0018941591999999674,0.00932748189999999,-1,-1,-1,-1
37,1235,0.4001969024,0.3912730238,0.0018941592999999757,0.00932748189999999,-1,-1,-1,-1
38,1235,0.4000372935,0.3911182882,0.0018941592999999757,0.00932748189999999,-1,-1,-1,-1
39,1235,0.3998133162,0.3909856381,0.0018941593000000312,0.009327481900000045,-1,-1,-1,-1
40,1235,0.3996640495,0.391018835,0.0018941592999999757,0.00932748189999999,-1,-1,-1,-1
41,1235,0.399775961,0.391018835,0.0018941591999999674,0.00932748189999999,-1,-1,-1,-1
42,1235,0.399775961,0.391018835,0.0018941591999999674,0.00932748189999999,-1,-1,-1,-1
43,1235,0.399775961,0.391018835,0.0018941591999999674,0.00932748189999999,-1,-1,-1,-1
44,1235,0.399775961,0.391018835,0.0018941591999999674,0.00932748189999999,-1,-1,-1,-1
45,1235,0.399775961,0.391018835,0.0018941591999999674,0.00932748189999999,-1,-1,-1,-1
46,1235,0.399589339,0.3910520318,0.001894159200000023,0.009327481900000045,-1,-1,-1,-1
47,1235,0.3995505945,0.3910520318,0.0018941591999999674,0.009327481900000045,-1,-1,-1,-1
48,1235,0.3992014495,0.3909688477,0.0018919380999999902,0.00932256640000001,-1,-1,-1,-1
49,1235,0.39881356,0.3908856637,0.0018897170999999657,0.00931765090000003,-1,-1,-1,-1
50,1235,0.3984256704,0.3908024797,0.0018874960999999968,0.009312735399999994,-1,-1,-1,-1
51,1235,0.3980377809,0.3907192956,0.001885274999999964,0.009307819899999958,-1,-1,-1,-1
52,1235,0.3976498914,0.3906361116,0.0018830538999999868,0.009302904399999978,-1,-1,-1,-1
53,1235,0.3972620019,0.3905529276,0.0018808328000000096,0.00929798879999999,-1,-1,-1,-1
54,1235,0.3968741124,0.3904697435,0.0018786117000000324,0.009293073399999963,-1,-1,-1,-1
55,1235,0.3964862229,0.3903865595,0.0018763905999999997,0.009288157899999983,-1,-1,-1,-1
56,1235,0.3960983334,0.3903033755,0.0018741695000000225,0.009283242299999994,-1,-1,-1,-1
57,1235,0.3960124762,0.3902584486,0.0018719483999999897,0.009278326800000014,-1,-1,-1,-1
58,1235,0.3958897885,0.3900651648,0.0018697274000000208,0.009273411300000034,-1,-1,-1,-1
59,1235,0.3958289573,0.3901261447,0.0018675063999999963,0.009268495799999998,-1,-1,-1,-1
60,1235,0.3957890035,0.3898245889,0.0018652852000000109,0.009263580300000018,-1,-1,-1,-1
61,1235,0.3953713291,0.3897301702,0.0018630641999999864,0.009258664799999983,-1,-1,-1,-1
62,1235,0.3951533975,0.3895987137,0.001860843000000001,0.009253749300000003,-1,-1,-1,-1
63,1235,0.3947541023,0.3893913527,0.0018586219999999765,0.009248833799999967,-1,-1,-1,-1
64,1235,0.3946788873,0.3893241437,0.0018564010000000075,0.009243918199999979,-1,-1,-1,-1
65,1235,0.3946368327,0.3892225032,0.001854179800000022,0.009239002800000007,-1,-1,-1,-1
66,1235,0.394384453,0.389084366,0.0018541798999999748,0.009239002800000007,-1,-1,-1,-1
67,1235,0.394384453,0.389084366,0.001815281000000002,0.009273571399999958,-1,-1,-1,-1
68,1235,0.3941902674,0.389084366,0.0018929242999999873,0.008514159999999993,-1,-1,-1,-1
69,1235,0.3931802858,0.3891532288,0.0016599942000000145,0.008514297100000012,-1,-1,-1,-1
70,1235,0.392582833,0.3890610459,0.0017621036999999617,0.008105921500000002,-1,-1,-1,-1
71,1235,0.3921601164,0.3893140002,0.0016312830999999917,0.0076976829000000024,-1,-1,-1,-1
72,1235,0.3915340973,0.3892655485,0.001623925199999987,0.007691009999999998,-1,-1,-1,-1
73,1235,0.3909080782,0.3892170969,0.0016165672999999825,0.007684337099999994,-1,-1,-1,-1
74,1235,0.3902820591,0.3891686453,0.0016092094999999862,0.007677664099999981,-1,-1,-1,-1
75,1235,0.38965604,0.3891201936,0.0016018516000000371,0.007670991299999985,-1,-1,-1,-1
76,1235,0.3890300209,0.389071742,0.001594493699999977,0.007664318399999981,-1,-1,-1,-1
77,1235,0.3884040018,0.3890232904,0.0015871357999999725,0.007657645400000024,-1,-1,-1,-1
78,1235,0.3877779827,0.3889748388,0.0015797778999999679,0.0076509725000000195,-1,-1,-1,-1
79,1235,0.3873811892,0.3887518981,0.0015724199000000105,0.007644299600000015,-1,-1,-1,-1
80,1235,0.3867297006,0.3887228341,0.001565062000000006,0.007637626699999955,-1,-1,-1,-1
81,1235,0.3860782119,0.3886937702,0.0015577042999999624,0.007630953699999998,-1,-1,-1,-1
82,1235,0.3854267233,0.3886647062,0.0015503464000000133,0.007624280900000002,-1,-1,-1,-1
83,1235,0.3847752347,0.3886356422,0.0015429884999999532,0.007617607999999998,-1,-1,-1,-1
84,1235,0.3841237461,0.3886065783,0.0015356306000000042,0.007610934999999985,-1,-1,-1,-1
85,1235,0.3834722575,0.3885775143,0.0015282726999999996,0.0076042621000000366,-1,-1,-1,-1
86,1235,0.3828207689,0.3885484504,0.001520914799999995,0.007597589199999977,-1,-1,-1,-1
87,1235,0.3821692803,0.3885193864,0.0015135568999999904,0.007590916300000028,-1,-1,-1,-1
88,1235,0.3815177917,0.3884903224,0.0015061989999999859,0.007584243400000024,-1,-1,-1,-1
89,1235,0.3808917726,0.3884418708,0.0014988410999999813,0.007577570500000019,-1,-1,-1,-1
90,1235,0.3802657535,0.3883934192,0.0014914831999999767,0.007570897500000007,-1,-1,-1,-1
91,1235,0.3790271665,0.3883449676,0.0014841252999999721,0.007564224600000002,-1,-1,-1,-1
92,1235,0.3779411726,0.3879735877,0.0016605773000000212,0.007800266999999972,-1,-1,-1,-1
93,1235,0.3768522018,0.3878804419,0.0016619721999999726,0.007805151900000029,-1,-1,-1,-1
94,1235,0.3758768825,0.388019786,0.0016653469999999837,0.007752537900000023,-1,-1,-1,-1
95,1235,0.3750705008,0.3878468558,0.001666828000000009,0.007754922900000016,-1,-1,-1,-1
96,1235,0.374423876,0.3877857248,0.001574374200000006,0.007816053900000008,-1,-1,-1,-1
97,1235,0.3735510017,0.3876954903,0.0016609354000000076,0.007934272500000006,-1,-1,-1,-1
98,1235,0.3725901715,0.3877202787,0.0016625686999999778,0.007929854900000033,-1,-1,-1,-1
99,1235,0.3717022396,0.3878746027,0.0015913036999999908,0.007783144199999981,-1,-1,-1,-1
100,1235,0.3703859679,0.3877497031,0.001652430500000024,0.007845731199999983,-1,-1,-1,-1
101,1235,0.3690724968,0.3878964139,0.001915361800000015,0.008241109299999994,-1,-1,-1,-1
102,1235,0.3685972297,0.3879102459,0.0016041615000000342,0.008225699699999978,-1,-1,-1,-1
103,1235,0.3675425853,0.3877696715,0.0016993928999999852,0.008237327799999972,-1,-1,-1,-1
104,1235,0.3666418352,0.3876389328,0.0014750624000000045,0.008266555600000003,-1,-1,-1,-1
105,1235,0.3654668421,0.3877524238,0.0018372001999999998,0.008604102299999972,-1,-1,-1,-1
106,1235,0.3641261429,0.3877188612,0.0017705934999999728,0.008417084399999997,-1,-1,-1,-1
107,1235,0.3624958631,0.3877588254,0.002080318200000042,0.008283839899999978,-1,-1,-1,-1
108,1235,0.3615093444,0.3875663662,0.0017859524000000127,0.00824035479999996,-1,-1,-1,-1
109,1235,0.3600481667,0.3875663662,0.0016416251999999965,0.008464776299999976,-1,-1,-1,-1
110,1235,0.3588214628,0.3875023046,0.0015514785999999892,0.008432539699999964,-1,-1,-1,-1
111,1235,0.3572159579,0.3875663662,0.0015514786999999974,0.00824035479999996,-1,-1,-1,-1
112,1235,0.3558088065,0.3874060064,0.0015514785999999892,0.008240354800000016,-1,-1,-1,-1
113,1235,0.3544558356,0.3875342668,0.0015514785999999892,0.00824035479999996,-1,-1,-1,-1
114,1235,0.3531930113,0.3873740442,0.001443271799999979,0.00811195720000002,-1,-1,-1,-1
115,1235,0.3517137734,0.3873099825,0.0014432719000000427,0.00811195720000002,-1,-1,-1,-1
116,1235,0.3503066219,0.3872138215,0.0014432718999999872,0.00811195720000002,-1,-1,-1,-1
117,1235,0.3488635045,0.3870535989,0.0014432718000000344,0.008111957199999964,-1,-1,-1,-1
118,1235,0.3475827743,0.3870535989,0.0014432718999999872,0.008111957199999964,-1,-1,-1,-1
119,1235,0.3463018899,0.3869894001,0.0014432718000000344,0.00811195720000002,-1,-1,-1,-1
120,1235,0.3450029452,0.3869894001,0.0014432718999999872,0.00811195720000002,-1,-1,-1,-1
121,1235,0.3437581811,0.3870534617,0.0014432718999999872,0.00811195720000002,-1,-1,-1,-1
122,1235,0.3425314772,0.3869573007,0.0014432718999999872,0.00811195720000002,-1,-1,-1,-1
123,1235,0.3415031267,0.3868611396,0.0014432718999999872,0.008111957299999972,-1,-1,-1,-1
124,1235,0.3401501558,0.3868611396,0.0014432718999999872,0.008111957299999972,-1,-1,-1,-1
125,1235,0.338959418,0.386893239,0.001443271799999979,0.008111957300000028,-1,-1,-1,-1
126,1235,0.3378048005,0.3868291774,0.0016058136000000056,0.007983559600000023,-1,-1,-1,-1
127,1235,0.3367043636,0.3868611396,0.0016058136000000056,0.007983559699999976,-1,-1,-1,-1
128,1235,0.3356222956,0.3868611396,0.0014611776999999826,0.00791949799999997,-1,-1,-1,-1
129,1235,0.3343235053,0.3867328792,0.001515203899999984,0.008496601300000017,-1,-1,-1,-1
130,1235,0.3332953092,0.3867648414,0.0016234106999999942,0.00836847810000002,-1,-1,-1,-1
131,1235,0.3321768121,0.386636581,0.001839978600000014,0.008176156000000045,-1,-1,-1,-1
132,1235,0.331437116,0.38654042,0.0015513242000000371,0.008079857799999979,-1,-1,-1,-1
133,1235,0.3304087655,0.3865725194,0.001966400000000035,0.00811195720000002,-1,-1,-1,-1
134,1235,0.3302644383,0.3863801974,0.001858193199999969,0.008111819999999992,-1,-1,-1,-1
135,1235,0.3297051897,0.3863801974,0.002020580599999988,0.008079857799999979,-1,-1,-1,-1
136,1235,0.3297593703,0.3862838992,0.0020565465999999866,0.00811195720000002,-1,-1,-1,-1
137,1235,0.3294528101,0.3862517998,0.0018219185000000193,0.008272316999999973,-1,-1,-1,-1
138,1235,0.3293084829,0.3862517998,0.0019301253000000296,0.008144056600000005,-1,-1,-1,-1
139,1235,0.3293807237,0.3861556387,0.0018217641000000118,0.008144056699999958,-1,-1,-1,-1
140,1235,0.3289838625,0.3860593405,0.0019841514999999754,0.008208255499999983,-1,-1,-1,-1
141,1235,0.3290019227,0.3856745593,0.0018759447000000207,0.008560937300000016,-1,-1,-1,-1
142,1235,0.3288214751,0.3857386209,0.0014971438000000448,0.008400714600000025,-1,-1,-1,-1
143,1235,0.3283162528,0.3859309429,0.0016414708999999972,0.00833665309999998,-1,-1,-1,-1
144,1235,0.3278110305,0.3859312173,0.0017319262000000113,0.008208118200000003,-1,-1,-1,-1
145,1235,0.3267828344,0.3859312173,0.0016235649999999935,0.008047758399999994,-1,-1,-1,-1
146,1235,0.326241646,0.385546436,0.0016235651000000018,0.008047758500000002,-1,-1,-1,-1
147,1235,0.3248886751,0.385450275,0.0016235651000000018,0.008047758399999994,-1,-1,-1,-1
148,1235,0.3245098741,0.3854823744,0.0016235651000000018,0.008047758399999994,-1,-1,-1,-1
149,1235,0.3228682489,0.3852900524,0.0013708767000000233,0.00743855569999996,-1,-1,-1,-1
150,1235,0.3215875188,0.3849694699,0.0016414708999999972,0.007342257499999949,-1,-1,-1,-1
151,1235,0.3209200634,0.3843923666,0.0015692300999999853,0.007246096500000021,-1,-1,-1,-1
