120,343,0.2129684999,0.4149295953,0.002973294399999993,0.017769349599999984,-1,-1,-1,-1
121,343,0.215377529,0.4146700566,0.002973294399999993,0.017769349599999984,-1,-1,-1,-1
122,343,0.2183879472,0.4139434304,0.0029732943000000123,0.017769349700000048,-1,-1,-1,-1
123,343,0.2205064696,0.4139434304,0.0029732942999999845,0.017769349700000048,-1,-1,-1,-1
124,343,0.2205064696,0.4139434304,0.0029732942999999845,0.017769349700000048,-1,-1,-1,-1
125,343,0.2234145466,0.4143802017,0.002973294399999993,0.017769349699999992,-1,-1,-1,-1
126,343,0.224397515,0.4143802017,0.0029732944000000205,0.017769349699999992,-1,-1,-1,-1
127,343,0.224397515,0.4143802017,0.0029732944000000205,0.017769349699999992,-1,-1,-1,-1
128,343,0.2278088849,0.4173060483,0.0034858487999999965,0.016398266299999964,-1,-1,-1,-1
129,343,0.2299353568,0.4186070343,0.0030081799000000187,0.016040234499999972,-1,-1,-1,-1
130,343,0.2316267634,0.4204777159,0.0030322601999999976,0.016040234500000028,-1,-1,-1,-1
131,343,0.2342691858,0.4212802009,0.0025068936999999847,0.016040234499999972,-1,-1,-1,-1
132,343,0.2363161621,0.421141515,0.0038075362999999973,0.016925299999999976,-1,-1,-1,-1
133,343,0.2389127393,0.4210782764,0.0038638779999999873,0.016945053599999982,-1,-1,-1,-1
134,343,0.2419940861,0.4211432983,0.003805992799999991,0.016500737499999973,-1,-1,-1,-1
135,343,0.2442705966,0.4210168212,0.0032724453000000098,0.01650073740000002,-1,-1,-1,-1
136,343,0.2456578356,0.4208903441,0.003912733099999982,0.016437636000000033,-1,-1,-1,-1
137,343,0.247578622,0.4202580956,0.0033436055999999936,0.0165008747,-1,-1,-1,-1
138,343,0.2486812972,0.4201316185,0.0036282465000000153,0.016437636099999986,-1,-1,-1,-1
139,343,0.2498551326,0.4200051414,0.0036282465000000153,0.016437636099999986,-1,-1,-1,-1
140,343,0.251384692,0.4196890858,0.003414765799999997,0.015995103300000035,-1,-1,-1,-1
141,343,0.2522383834,0.4194361315,0.004090556600000017,0.01612158050000001,-1,-1,-1,-1
142,343,0.2545148939,0.4192464158,0.0035214290000000203,0.015426230699999988,-1,-1,-1,-1
143,343,0.2556887293,0.4192464158,0.0035214290000000203,0.015426230699999988,-1,-1,-1,-1
144,343,0.257324952,0.4189935988,0.003592589199999996,0.015489332000000022,-1,-1,-1,-1
145,343,0.2586054505,0.4182350104,0.003592589199999996,0.015489332000000022,-1,-1,-1,-1
146,343,0.26013501,0.4180454319,0.0036281692999999837,0.01567891050000003,-1,-1,-1,-1
147,343,0.2608820382,0.4177293763,0.003450268699999981,0.015678910499999976,-1,-1,-1,-1
148,343,0.2613393316,0.4175668216,0.0037018764999999787,0.015452019899999947,-1,-1,-1,-1
149,343,0.2614917627,0.4168702372,0.003275069399999997,0.01571512530000002,-1,-1,-1,-1
150,343,0.2616137076,0.4167076826,0.003457986699999971,0.015498385700000006,-1,-1,-1,-1
151,343,0.2619490561,0.4166534977,0.003305632799999958,0.015227324099999995,-1,-1,-1,-1
152,343,0.2628942062,0.4163282512,0.0033056328000000135,0.015227324099999995,-1,-1,-1,-1
153,343,0.2637174114,0.4160573268,0.0033056328000000135,0.015227324099999995,-1,-1,-1,-1
154,343,0.2646930477,0.4158405872,0.003305632799999958,0.015227324200000003,-1,-1,-1,-1
155,343,0.265119932,0.4158947721,0.0033056328000000135,0.01522732410000005,-1,-1,-1,-1
156,343,0.2652418769,0.4154071082,0.0033056328000000135,0.015227324099999995,-1,-1,-1,-1
157,343,0.2649064513,0.415027814,0.0029702843000000145,0.014631153200000024,-1,-1,-1,-1
158,343,0.2640527598,0.4146483826,0.002970284400000023,0.014631153200000024,-1,-1,-1,-1
159,343,0.2634429582,0.4142690884,0.0031532016999999968,0.014739660200000004,-1,-1,-1,-1
160,343,0.2629463801,0.4138976133,0.0031532015999999885,0.014739660200000004,-1,-1,-1,-1
161,343,0.2627111345,0.4138512475,0.003020451500000021,0.014715242699999964,-1,-1,-1,-1
162,343,0.2625543812,0.413572504,0.0031511179,0.01471524270000002,-1,-1,-1,-1
163,343,0.2621623053,0.4133402635,0.0031511177999999918,0.014715242699999964,-1,-1,-1,-1
164,343,0.2623452226,0.4130151542,0.0031511177999999918,0.014715242699999964,-1,-1,-1,-1
165,343,0.2619009727,0.4126435419,0.003046615699999977,0.014529505099999951,-1,-1,-1,-1
166,343,0.2620839672,0.4123647984,0.0030466157000000327,0.014529505100000006,-1,-1,-1,-1
167,343,0.2616135532,0.4119003174,0.003046615699999977,0.014157892800000016,-1,-1,-1,-1
168,343,0.2616397174,0.4118073114,0.003046615599999969,0.014157892900000024,-1,-1,-1,-1
169,343,0.2618226347,0.4114822021,0.003046615699999977,0.013554177199999962,-1,-1,-1,-1
170,343,0.2622669618,0.4111570928,0.0032555427000000026,0.013786417699999998,-1,-1,-1,-1
171,343,0.2627373758,0.4110177211,0.003151040599999988,0.014250898700000014,-1,-1,-1,-1
172,343,0.2633907071,0.4108318463,0.0031510406999999963,0.014250898799999967,-1,-1,-1,-1
173,343,0.2639917102,0.410506737,0.0031510406999999963,0.014250898799999967,-1,-1,-1,-1
174,343,0.2645927905,0.4103208623,0.003151040599999988,0.014250898800000023,-1,-1,-1,-1
175,343,0.2650893686,0.4098563813,0.0031510406999999963,0.014250898699999959,-1,-1,-1,-1
