41,221,0.2406339375,0.3836983885,0.0020326206999999874,0.010630662700000015,-1,-1,-1,-1
42,221,0.2408571429,0.3841942831,0.002032620700000015,0.010630662700000015,-1,-1,-1,-1
43,221,0.2410804256,0.3841942831,0.0020326206999999874,0.010630662700000015,-1,-1,-1,-1
44,221,0.2413595096,0.3841942831,0.002032620700000015,0.010630662700000015,-1,-1,-1,-1
45,221,0.2417800651,0.3846095177,0.0020326207999999957,0.010630662600000007,-1,-1,-1,-1
46,221,0.2423174716,0.3847530047,0.0018686125999999859,0.009870016699999984,-1,-1,-1,-1
47,221,0.2424108598,0.3851078814,0.002032620700000015,0.01063066269999996,-1,-1,-1,-1
48,221,0.2423874742,0.3852325752,0.001986003799999997,0.009550806000000023,-1,-1,-1,-1
49,221,0.2424341683,0.3851495832,0.0018692299999999995,0.00892788550000001,-1,-1,-1,-1
50,221,0.2424107826,0.3851911478,0.0018692299999999995,0.008927885599999963,-1,-1,-1,-1
51,221,0.2417799108,0.3853572691,0.0018692299999999995,0.00892788550000001,-1,-1,-1,-1
52,221,0.2418600239,0.3854700285,0.0018692299999999995,0.00892788550000001,-1,-1,-1,-1
53,221,0.2422419893,0.3855232531,0.0018692299999999995,0.008927885599999963,-1,-1,-1,-1
54,221,0.2419771836,0.385719279,0.0020045270999999865,0.009142978899999987,-1,-1,-1,-1
55,221,0.2418005951,0.3856017183,0.0020266006000000114,0.008436929400000015,-1,-1,-1,-1
56,221,0.2421537722,0.3859548117,0.002026600699999992,0.008436929400000015,-1,-1,-1,-1
57,221,0.2421758458,0.3857587859,0.0019161555999999969,0.009613495799999983,-1,-1,-1,-1
58,221,0.2419109629,0.3859157163,0.0019161557000000051,0.009613495800000038,-1,-1,-1,-1
59,221,0.241708519,0.3860726467,0.002118599599999993,0.009731193599999965,-1,-1,-1,-1
60,221,0.2415981511,0.3861118793,0.0021185996000000207,0.009731193599999965,-1,-1,-1,-1
61,221,0.2419071039,0.3862295771,0.0019641618000000027,0.009378100200000017,-1,-1,-1,-1
62,221,0.2419953982,0.3863080423,0.0019641618000000027,0.009378100200000017,-1,-1,-1,-1
63,221,0.2429444073,0.3865434379,0.0019641618000000027,0.009378100200000017,-1,-1,-1,-1
64,221,0.2434961694,0.3867786963,0.0019641618000000027,0.009378100200000017,-1,-1,-1,-1
65,221,0.2442906635,0.3867786963,0.0019641618000000027,0.009378100200000017,-1,-1,-1,-1
66,221,0.2451513784,0.3867394637,0.0019641618000000027,0.009378100200000017,-1,-1,-1,-1
67,221,0.2456589933,0.3872493503,0.001677282600000024,0.008907446200000002,-1,-1,-1,-1
68,221,0.2461445346,0.3873670481,0.0016772825999999963,0.008907446200000002,-1,-1,-1,-1
69,221,0.2468065874,0.3874455133,0.001677282499999988,0.008907446200000002,-1,-1,-1,-1
70,221,0.2477524321,0.387781734,0.0019058906999999958,0.008704973000000005,-1,-1,-1,-1
71,221,0.2483956528,0.3879163045,0.0019058906999999958,0.008704973100000013,-1,-1,-1,-1
72,221,0.2497387446,0.3878490878,0.001905890699999968,0.008704973100000013,-1,-1,-1,-1
73,221,0.2504007974,0.3880843462,0.0019058906000000153,0.008704973100000013,-1,-1,-1,-1
74,221,0.2515265494,0.3879890083,0.001905890699999968,0.008704973000000005,-1,-1,-1,-1
75,221,0.2523842542,0.3879890083,0.0019058907000000236,0.008704973000000005,-1,-1,-1,-1
76,221,0.252813068,0.3879254954,0.0019058907000000236,0.008704973000000005,-1,-1,-1,-1
77,221,0.2531704129,0.388147722,0.0019058906000000153,0.008704973000000005,-1,-1,-1,-1
78,221,0.2528488025,0.3880661017,0.001905890699999968,0.008704973100000013,-1,-1,-1,-1
79,221,0.2534231784,0.3883518412,0.0016522761999999691,0.008638990999999985,-1,-1,-1,-1
80,221,0.2535807034,0.3882817438,0.0016522762000000246,0.008638990999999985,-1,-1,-1,-1
81,221,0.2542108035,0.3884917617,0.0016522761999999691,0.008638990999999985,-1,-1,-1,-1
82,221,0.2546440166,0.3886667995,0.0017426542999999795,0.008778225500000014,-1,-1,-1,-1
83,221,0.2553922797,0.3888068571,0.0016245684999999788,0.008778088299999987,-1,-1,-1,-1
84,221,0.255983095,0.3889469147,0.001624568400000026,0.008778088399999995,-1,-1,-1,-1
85,221,0.2563472318,0.38922703,0.0017133256999999902,0.008918008800000043,-1,-1,-1,-1
86,221,0.2570954949,0.38922703,0.001929970900000022,0.009512945100000003,-1,-1,-1,-1
87,221,0.2576456362,0.3891845052,0.0019299708999999665,0.009512945100000003,-1,-1,-1,-1
88,221,0.2581717744,0.3891845052,0.001929970900000022,0.009512945100000003,-1,-1,-1,-1
