145,788,0.5408166542,0.4095991745,0.0024001532999999853,0.014335811300000001,-1,-1,-1,-1
146,788,0.537899084,0.4092555463,0.0026668885000000753,0.014656256600000028,-1,-1,-1,-1
147,788,0.5358428461,0.4095991745,0.0031061987999999596,0.014718809300000024,-1,-1,-1,-1
148,788,0.533874285,0.4098491109,0.0035280665000000377,0.014812501100000042,-1,-1,-1,-1
149,788,0.5325034083,0.4100990472,0.004301413199999993,0.014937332099999978,-1,-1,-1,-1
150,788,0.5320113066,0.4105050909,0.0040904022000000095,0.014968608400000027,-1,-1,-1,-1
151,788,0.5322823639,0.4109871306,0.0038846394999999534,0.014594801300000015,-1,-1,-1,-1
152,788,0.5328020961,0.4114690331,0.0032744520000000943,0.01447436000000002,-1,-1,-1,-1
153,788,0.5334798936,0.4117903015,0.0034328259999999444,0.014434167100000006,-1,-1,-1,-1
154,788,0.5337285686,0.4117903015,0.0030486223000000257,0.014514552799999969,-1,-1,-1,-1
155,788,0.5345195124,0.4121919555,0.002709492100000044,0.01447436000000002,-1,-1,-1,-1
156,788,0.5349487893,0.4126739952,0.0029807037000000314,0.014474222800000047,-1,-1,-1,-1
157,788,0.5357622698,0.4131960906,0.002822638400000077,0.014434167100000006,-1,-1,-1,-1
158,788,0.5366660513,0.4133969176,0.002687109799999976,0.014474359999999964,-1,-1,-1,-1
159,788,0.5376377514,0.4139592058,0.002890402699999961,0.01447436000000002,-1,-1,-1,-1
160,788,0.5389031998,0.4143608598,0.002732337500000015,0.014634857000000001,-1,-1,-1,-1
161,788,0.5400781929,0.4148427623,0.002732337500000015,0.014634857000000001,-1,-1,-1,-1
162,788,0.5412306494,0.4151640307,0.0027775651000000456,0.014916206799999998,-1,-1,-1,-1
163,788,0.5419538289,0.415886953,0.0031390776999999925,0.015438302299999984,-1,-1,-1,-1
164,788,0.5434001879,0.4161278357,0.0029807037000000314,0.015518687899999994,-1,-1,-1,-1
165,788,0.5440329122,0.4167301796,0.002980703599999912,0.01551868790000005,-1,-1,-1,-1
166,788,0.5446656364,0.4172524121,0.0039071761000000205,0.016161361799999996,-1,-1,-1,-1
167,788,0.5465639633,0.4183768513,0.0035680459000000386,0.01588028629999999,-1,-1,-1,-1
168,788,0.5481456967,0.4190195252,0.0035680458000000304,0.01588028629999999,-1,-1,-1,-1
169,788,0.5493884541,0.4197425848,0.0035680457999999193,0.015880286200000038,-1,-1,-1,-1
170,788,0.5503471879,0.4200008889,0.0035680458999999276,0.015880286300000046,-1,-1,-1,-1
171,788,0.5503471879,0.4200008889,0.0035680458999999276,0.015880286300000046,-1,-1,-1,-1
172,788,0.5537173435,0.4201041831,0.0035680458000000304,0.015880286300000046,-1,-1,-1,-1
173,788,0.5550828176,0.420775527,0.0035680458000000304,0.015880286200000038,-1,-1,-1,-1
174,788,0.5564482917,0.420878684,0.0031713389999999952,0.015416765499999985,-1,-1,-1,-1
175,788,0.5582496802,0.4218081948,0.0029969115000000324,0.015520059700000033,-1,-1,-1,-1
176,788,0.5593382313,0.4221496282,0.003898994999999905,0.017492389399999975,-1,-1,-1,-1
177,788,0.5614193213,0.4229463518,0.0031626947999999766,0.01726481289999998,-1,-1,-1,-1
178,788,0.5625080268,0.4239137234,0.0032266000999999767,0.017094164799999978,-1,-1,-1,-1
179,788,0.5640448411,0.4243690136,0.0032587071999999884,0.016980308,-1,-1,-1,-1
180,788,0.5655177502,0.4249381606,0.0031305879000000925,0.016980170799999972,-1,-1,-1,-1
181,788,0.5669906593,0.4253365224,0.0028743491999999593,0.017549317899999972,-1,-1,-1,-1
182,788,0.5682531749,0.4255317252,0.003068689199999919,0.018108999700000017,-1,-1,-1,-1
183,788,0.5697077151,0.4260683613,0.0033156662000000114,0.018060164700000048,-1,-1,-1,-1
184,788,0.5710250286,0.4266049974,0.0033156662999999087,0.018060164699999992,-1,-1,-1,-1
185,788,0.5730284752,0.4271416335,0.0033156663000000197,0.018060164699999992,-1,-1,-1,-1
186,788,0.5745378134,0.427922033,0.003205915899999967,0.018060027600000028,-1,-1,-1,-1
187,788,0.5763765572,0.4281659336,0.0033980947999999733,0.018645361400000005,-1,-1,-1,-1
188,788,0.5780780744,0.4285073669,0.0034528927999999404,0.018986794899999992,-1,-1,-1,-1
189,788,0.5797247935,0.4289951681,0.003617595700000087,0.019279530300000014,-1,-1,-1,-1
190,788,0.5811243813,0.429629337,0.0034254166999999613,0.019279393199999995,-1,-1,-1,-1
191,788,0.5818654667,0.4302146709,0.0036723936000000457,0.01966966149999999,-1,-1,-1,-1
192,788,0.5827711005,0.4308487026,0.0036723935999999346,0.01971849649999996,-1,-1,-1,-1
193,788,0.5840884141,0.4318243049,0.0038096201999999746,0.01966966149999999,-1,-1,-1,-1
194,788,0.5856252285,0.4324584738,0.0038096201999999746,0.0199622599,-1,-1,-1,-1
195,788,0.5876559968,0.4331413405,0.003645071899999963,0.019767194299999957,-1,-1,-1,-1
196,788,0.5897965156,0.4334339389,0.003727500400000028,0.02015746260000001,-1,-1,-1,-1
197,788,0.5922391182,0.4340681078,0.003727500400000028,0.02015746260000001,-1,-1,-1,-1
198,788,0.594077862,0.4348973423,0.003727500400000028,0.02059642880000001,-1,-1,-1,-1
199,788,0.5963830836,0.4355803462,0.0038099288999999814,0.02049875879999996,-1,-1,-1,-1
200,788,0.5985785547,0.4361656801,0.0038099289999999897,0.020498758800000016,-1,-1,-1,-1
201,788,0.6004722509,0.4370924474,0.0038099289999999897,0.020498758800000016,-1,-1,-1,-1
202,788,0.6023934232,0.4375802485,0.0038099289999999897,0.020498758800000016,-1,-1,-1,-1
203,788,0.6045066202,0.4381167474,0.004084227799999951,0.02059629169999999,-1,-1,-1,-1
204,788,0.6064277926,0.4387020814,0.004084227799999951,0.020596291599999983,-1,-1,-1,-1
205,788,0.6084861915,0.4395313158,0.004193823900000004,0.020791357200000027,-1,-1,-1,-1
206,788,0.6103524115,0.4401166498,0.004193823799999996,0.021523058900000003,-1,-1,-1,-1
207,788,0.6122184771,0.4409458843,0.0040840734000000545,0.02157189380000002,-1,-1,-1,-1
208,788,0.6134535165,0.4417264209,0.004221299999999983,0.02176682229999999,-1,-1,-1,-1
209,788,0.6150452832,0.4424581226,0.003809620300000094,0.02171798730000002,-1,-1,-1,-1
210,788,0.6164725016,0.4432385221,0.0041661933000000095,0.022059557900000026,-1,-1,-1,-1
211,788,0.6180642684,0.4439702238,0.004248467500000075,0.021961887899999977,-1,-1,-1,-1
212,788,0.6201501435,0.4448969911,0.004275789300000055,0.022157090599999985,-1,-1,-1,-1
213,788,0.6222908167,0.4456286928,0.004275789300000055,0.022157090599999985,-1,-1,-1,-1
214,788,0.625007718,0.4467018279,0.004275789400000063,0.022157090599999985,-1,-1,-1,-1
215,788,0.6266544372,0.4473359968,0.004879493699999959,0.022547221699999953,-1,-1,-1,-1
216,788,0.629481089,0.4482139291,0.004330741700000029,0.022596056699999978,-1,-1,-1,-1
217,788,0.6320609181,0.4490918613,0.004330741700000029,0.022596056799999986,-1,-1,-1,-1
218,788,0.6351620231,0.4500674636,0.003891585699999922,0.022108255600000015,-1,-1,-1,-1
219,788,0.6378516026,0.4507503303,0.004550242600000032,0.022400991199999998,-1,-1,-1,-1
220,788,0.641254637,0.451530867,0.00419336079999999,0.022693589600000008,-1,-1,-1,-1
221,788,0.6440264908,0.4526526999,0.0045502425000000235,0.022596056699999978,-1,-1,-1,-1
222,788,0.6472924529,0.4534819343,0.004248158799999957,0.02249852400000002,-1,-1,-1,-1
223,788,0.6502288551,0.4545550694,0.004248158800000068,0.022498523999999964,-1,-1,-1,-1
224,788,0.6536318894,0.4551892383,0.004248158799999957,0.022498523999999964,-1,-1,-1,-1
225,788,0.6562665166,0.4565549717,0.004577564300000003,0.022498386800000048,-1,-1,-1,-1
226,788,0.6596695509,0.4573842062,0.0043855398000000045,0.022400854000000026,-1,-1,-1,-1
227,788,0.6623041781,0.4583598085,0.0047147910000000515,0.022644754599999983,-1,-1,-1,-1
228,788,0.6654602355,0.4592377408,0.004714790900000043,0.022644754499999975,-1,-1,-1,-1
229,788,0.6681496607,0.4599694425,0.004714790899999932,0.02264475450000003,-1,-1,-1,-1
230,788,0.6714154684,0.4611401103,0.004907124299999954,0.023717889599999986,-1,-1,-1,-1
231,788,0.6745440496,0.4620180426,0.004907124299999954,0.023717889599999986,-1,-1,-1,-1
232,788,0.6781117867,0.4635789788,0.004907124299999954,0.02371788960000004,-1,-1,-1,-1
233,788,0.6813579907,0.4647704975,0.005157960299999931,0.0252666171,-1,-1,-1,-1
234,788,0.685592257,0.4657739467,0.005299045999999974,0.02639544589999998,-1,-1,-1,-1
