107,1448,0.3201414684,0.3982624622,0.002580446600000008,0.010338612999999997,-1,-1,-1,-1
108,1448,0.3212185968,0.3975625856,0.0026188825000000304,0.010993907099999978,-1,-1,-1,-1
109,1448,0.323447873,0.3975625856,0.002618882400000022,0.010993907099999978,-1,-1,-1,-1
110,1448,0.3247921997,0.3978593907,0.0026188823999999666,0.010993907100000033,-1,-1,-1,-1
111,1448,0.3261365264,0.3981561959,0.0026188823999999666,0.010993907099999978,-1,-1,-1,-1
112,1448,0.327280493,0.3984974463,0.0026188823999999666,0.010993907099999978,-1,-1,-1,-1
113,1448,0.3286464302,0.398142844,0.0026188823999999666,0.0116813006,-1,-1,-1,-1
114,1448,0.3300359073,0.3982305,0.0027316428999999975,0.011195694400000011,-1,-1,-1,-1
115,1448,0.3324907816,0.3980968897,0.002844403200000012,0.01139748169999999,-1,-1,-1,-1
116,1448,0.3344232222,0.3983912714,0.00284440330000002,0.011397481599999981,-1,-1,-1,-1
117,1448,0.3368801803,0.3987347624,0.0028286585000000253,0.011821495500000001,-1,-1,-1,-1
118,1448,0.3384537325,0.3990782534,0.0024697700999999905,0.011379785799999986,-1,-1,-1,-1
119,1448,0.3406898006,0.3989801719,0.002359402200000027,0.011674167499999999,-1,-1,-1,-1
120,1448,0.3426498718,0.3990292812,0.002110881600000003,0.012262930900000024,-1,-1,-1,-1
121,1448,0.3448158601,0.3991274999,0.00209806960000003,0.01187033049999997,-1,-1,-1,-1
122,1448,0.3462237834,0.3992746907,0.00209806960000003,0.011870330500000026,-1,-1,-1,-1
123,1448,0.3478248118,0.3994709909,0.0020980695999999743,0.011870330500000026,-1,-1,-1,-1
124,1448,0.3489842145,0.3994709909,0.0020980695999999743,0.011870330500000026,-1,-1,-1,-1
125,1448,0.3501987239,0.3997653726,0.0024020056999999873,0.011526839499999997,-1,-1,-1,-1
126,1448,0.351164867,0.3999125634,0.0024020056999999873,0.011526839499999997,-1,-1,-1,-1
127,1448,0.3513579722,0.3999615356,0.0024020057000000428,0.011526839500000052,-1,-1,-1,-1
128,1448,0.3525450054,0.4002559173,0.0024021599999999865,0.011870330500000026,-1,-1,-1,-1
129,1448,0.3530418922,0.4003541359,0.002402160099999995,0.01187033049999997,-1,-1,-1,-1
130,1448,0.3556450359,0.4007289405,0.002449722399999965,0.011873549300000008,-1,-1,-1,-1
131,1448,0.3582481796,0.4011037451,0.002497284799999999,0.011876767999999982,-1,-1,-1,-1
132,1448,0.3604405696,0.4014785497,0.0025448472000000333,0.011879986799999964,-1,-1,-1,-1
133,1448,0.3628257046,0.4018533543,0.0025924095000000036,0.011883205499999994,-1,-1,-1,-1
134,1448,0.3645112387,0.4019577488,0.002639971899999982,0.011886424299999976,-1,-1,-1,-1
135,1448,0.3664400142,0.4019540206,0.002687534200000008,0.011889643000000005,-1,-1,-1,-1
136,1448,0.3688506007,0.402220668,0.002735096600000042,0.011892861799999987,-1,-1,-1,-1
137,1448,0.3709352216,0.4023637778,0.0024021601000000503,0.011870330500000026,-1,-1,-1,-1
138,1448,0.3730646265,0.4026209454,0.0030409042999999802,0.011964610200000003,-1,-1,-1,-1
139,1448,0.3748233085,0.4026771944,0.00328937349999997,0.012631420700000007,-1,-1,-1,-1
140,1448,0.3774390625,0.4028105095,0.0033585682000000228,0.012787274599999954,-1,-1,-1,-1
141,1448,0.3798108496,0.4030643688,0.0033463376999999794,0.012726285999999976,-1,-1,-1,-1
142,1448,0.3829781084,0.403270079,0.0032778683999999947,0.012795204000000004,-1,-1,-1,-1
143,1448,0.3847351285,0.4035480128,0.0034938858999999933,0.012628246399999987,-1,-1,-1,-1
144,1448,0.3873602728,0.4038259466,0.0031409299999999862,0.012933040100000015,-1,-1,-1,-1
145,1448,0.3892053453,0.4039804078,0.0029229948999999755,0.012701965599999976,-1,-1,-1,-1
146,1448,0.3912905911,0.4041769613,0.002661034700000009,0.012818792799999978,-1,-1,-1,-1
147,1448,0.393219339,0.4044624475,0.0029126950000000207,0.012761557600000029,-1,-1,-1,-1
148,1448,0.3950574794,0.4046509162,0.003450563399999995,0.012875163899999986,-1,-1,-1,-1
149,1448,0.3969825094,0.4047910985,0.0030444419999999806,0.013120585899999981,-1,-1,-1,-1
150,1448,0.3989149374,0.405177803,0.0030999902000000135,0.012974901300000008,-1,-1,-1,-1
151,1448,0.4005271184,0.4051065081,0.0035138267,0.01328721599999999,-1,-1,-1,-1
152,1448,0.4028832294,0.4057927041,0.0038428188000000363,0.012697455400000002,-1,-1,-1,-1
153,1448,0.4052393403,0.4058122684,0.003718453800000021,0.01288532539999998,-1,-1,-1,-1
154,1448,0.4078394955,0.4060050843,0.0036328332000000185,0.01311169940000001,-1,-1,-1,-1
155,1448,0.4098362163,0.4061377138,0.0037516248000000196,0.012930920799999968,-1,-1,-1,-1
156,1448,0.4123934721,0.4061740451,0.0036624410000000163,0.0132320447,-1,-1,-1,-1
157,1448,0.414354124,0.4062585255,0.0039528301000000265,0.013243862499999981,-1,-1,-1,-1
158,1448,0.4170198952,0.4065356023,0.0030966285000000315,0.013199163399999991,-1,-1,-1,-1
159,1448,0.4192117211,0.4065809235,0.0030757424000000255,0.013231695399999965,-1,-1,-1,-1
160,1448,0.4219412207,0.4066799125,0.00323134479999998,0.013459615699999983,-1,-1,-1,-1
161,1448,0.4236429764,0.4069307592,0.0035869481000000425,0.01358399450000003,-1,-1,-1,-1
162,1448,0.4261067952,0.4069790916,0.0035370207000000042,0.013873117300000015,-1,-1,-1,-1
163,1448,0.4277995152,0.4073548229,0.003752712600000041,0.013624975799999994,-1,-1,-1,-1
164,1448,0.4305158184,0.407400057,0.002983154199999949,0.013754489799999992,-1,-1,-1,-1
165,1448,0.4326737331,0.4076639707,0.003314921999999998,0.01365601150000001,-1,-1,-1,-1
166,1448,0.43535138,0.4077830484,0.0032332863999999795,0.013650356199999991,-1,-1,-1,-1
167,1448,0.4376426623,0.4078194085,0.003372129200000018,0.01358329140000003,-1,-1,-1,-1
168,1448,0.4401026221,0.4078351577,0.0031692304000000004,0.013815695199999978,-1,-1,-1,-1
169,1448,0.4423300634,0.4080162508,0.003054523000000031,0.013751156799999997,-1,-1,-1,-1
170,1448,0.4445341191,0.4082512741,0.0033449349999999933,0.013632688100000012,-1,-1,-1,-1
171,1448,0.4469243337,0.4083784371,0.0028251080999999734,0.01362207980000002,-1,-1,-1,-1
172,1448,0.4494993776,0.4083784371,0.0028251081999999816,0.01362207980000002,-1,-1,-1,-1
173,1448,0.4519027726,0.4082258964,0.0028251080999999734,0.013622079700000012,-1,-1,-1,-1
174,1448,0.4535335926,0.408276789,0.002825108200000037,0.01362207980000002,-1,-1,-1,-1
175,1448,0.4560659454,0.4085465938,0.002831295399999989,0.013706306399999979,-1,-1,-1,-1
176,1448,0.4585982982,0.4088163985,0.0028374827000000047,0.013790533100000002,-1,-1,-1,-1
177,1448,0.461130651,0.4090862033,0.0028436700000000203,0.013874759700000017,-1,-1,-1,-1
178,1448,0.4636630038,0.4093560081,0.002849857300000036,0.013958986299999976,-1,-1,-1,-1
179,1448,0.4661953566,0.4096258128,0.002856044599999996,0.014043212999999999,-1,-1,-1,-1
180,1448,0.4687277094,0.4098956176,0.0028622318999999563,0.014127439500000005,-1,-1,-1,-1
181,1448,0.4712600622,0.4101654224,0.0028684192000000275,0.01421166610000002,-1,-1,-1,-1
182,1448,0.473792415,0.4104352271,0.0028746064999999876,0.014295892799999987,-1,-1,-1,-1
183,1448,0.4763247678,0.4107050319,0.0028807938000000033,0.014380119400000002,-1,-1,-1,-1
184,1448,0.4803455001,0.4103685147,0.0028869810000000107,0.014464345999999961,-1,-1,-1,-1
185,1448,0.4833336832,0.4104685904,0.0028931684000000346,0.014548572699999984,-1,-1,-1,-1
186,1448,0.4869255006,0.4104514547,0.0028993556999999948,0.014632799400000007,-1,-1,-1,-1
187,1448,0.4901999371,0.4105760114,0.0029151159000000426,0.0147217174,-1,-1,-1,-1
188,1448,0.4935736619,0.4106923374,0.002767836899999987,0.01473274950000003,-1,-1,-1,-1
189,1448,0.4966612213,0.4109248523,0.0027322958000000064,0.014627592700000025,-1,-1,-1,-1
190,1448,0.4992845385,0.411079725,0.002899509999999994,0.014445068199999966,-1,-1,-1,-1
191,1448,0.5024930527,0.4110023572,0.0029073053000000515,0.014675629099999976,-1,-1,-1,-1
192,1448,0.504729342,0.4109629052,0.004321902000000044,0.014569505900000002,-1,-1,-1,-1
193,1448,0.5083989469,0.4111560366,0.004183913900000058,0.014763899299999994,-1,-1,-1,-1
194,1448,0.5112547111,0.4112974065,0.004358403100000019,0.014932549199999978,-1,-1,-1,-1
195,1448,0.5149390059,0.4114000926,0.004118511300000072,0.014907368099999985,-1,-1,-1,-1
196,1448,0.5187977283,0.4115801464,0.0029462812999999644,0.014863805299999977,-1,-1,-1,-1
197,1448,0.5220024093,0.4118708243,0.0038005129000000526,0.015142274399999989,-1,-1,-1,-1
198,1448,0.5251695806,0.4118708243,0.003800513000000061,0.015142274399999989,-1,-1,-1,-1
199,1448,0.5288415112,0.4126181642,0.0038005129000000526,0.015142274399999989,-1,-1,-1,-1
200,1448,0.5321209027,0.4122694605,0.0038005128999999416,0.015142274399999989,-1,-1,-1,-1
201,1448,0.5355964865,0.4122694605,0.00380051299999995,0.015142274399999989,-1,-1,-1,-1
202,1448,0.5391561969,0.4122196652,0.0038215059999999745,0.015531308200000038,-1,-1,-1,-1
203,1448,0.5428000338,0.4124687785,0.003821506099999983,0.015531308199999982,-1,-1,-1,-1
