1,387,0.1520071667,0.5022062164,0.007201695000000008,0.03276415890000006,-1,-1,-1,-1
2,387,0.1544256118,0.500104666,0.007631666499999995,0.03362384659999995,-1,-1,-1,-1
3,387,0.156951569,0.4980985907,0.007094260099999999,0.034770234099999964,-1,-1,-1,-1
4,387,0.1610899002,0.4962836029,0.007094260099999999,0.034770234099999964,-1,-1,-1,-1
5,387,0.1641533412,0.494468615,0.0066642113,0.03467489620000003,-1,-1,-1,-1
6,387,0.1678079062,0.4930358021,0.0066642113,0.03467489619999997,-1,-1,-1,-1
7,387,0.169312768,0.4913164266,0.006771723399999985,0.03477037129999999,-1,-1,-1,-1
8,387,0.1714088309,0.4901701762,0.0065566991000000074,0.034292721299999995,-1,-1,-1,-1
9,387,0.1724749226,0.4887265263,0.0068428836999999965,0.034011782899999954,-1,-1,-1,-1
10,387,0.1722718612,0.4877339141,0.0074012833000000056,0.03473360790000002,-1,-1,-1,-1
11,387,0.1719673077,0.4864706518,0.007401283200000025,0.03473360789999996,-1,-1,-1,-1
12,387,0.1715104774,0.485297652,0.006995006100000006,0.032658395399999984,-1,-1,-1,-1
13,387,0.1718658155,0.4839442645,0.006639668000000015,0.032658395399999984,-1,-1,-1,-1
14,387,0.1727361008,0.4824748253,0.006639667900000007,0.032658395399999984,-1,-1,-1,-1
15,387,0.1745202009,0.4810826167,0.006788317200000005,0.030259171099999926,-1,-1,-1,-1
16,387,0.1769134852,0.4796904082,0.006527293399999995,0.028944467400000007,-1,-1,-1,-1
17,387,0.1807862389,0.4782981996,0.005657008299999988,0.027552396100000043,-1,-1,-1,-1
18,387,0.1835462841,0.4772375476,0.006169871399999999,0.027805075999999984,-1,-1,-1,-1
19,387,0.1869031646,0.4757790826,0.0057595037000000016,0.027606169499999944,-1,-1,-1,-1
20,387,0.1891037297,0.4744532677,0.0057595037000000016,0.02760616939999999,-1,-1,-1,-1
21,387,0.1913042948,0.4727958961,0.0057595037000000016,0.0276061695,-1,-1,-1,-1
22,387,0.1923486216,0.47200027,0.0057595037000000016,0.02760616939999999,-1,-1,-1,-1
23,387,0.1941016181,0.4705418049,0.005759503599999993,0.0276061695,-1,-1,-1,-1
24,387,0.1945491867,0.469481153,0.005871569500000007,0.028799608700000034,-1,-1,-1,-1
25,387,0.1953696906,0.468022688,0.0062073038999999886,0.0283356763,-1,-1,-1,-1
26,387,0.1958172592,0.4673598491,0.006058114399999981,0.02767270020000001,-1,-1,-1,-1
27,387,0.1974210662,0.4663654536,0.005647823699999999,0.02773895670000004,-1,-1,-1,-1
28,387,0.1980375825,0.4651234537,0.005647823800000007,0.027738956799999992,-1,-1,-1,-1
29,387,0.2006272135,0.4641736407,0.005061407800000001,0.027806173400000023,-1,-1,-1,-1
30,387,0.2015315353,0.4634431736,0.005307998799999991,0.02692947570000004,-1,-1,-1,-1
31,387,0.2029407706,0.4623786807,0.005307998800000019,0.02692947570000004,-1,-1,-1,-1
32,387,0.2045966742,0.4611262554,0.005081937700000011,0.0267403088,-1,-1,-1,-1
33,387,0.2063230434,0.4597485876,0.005011472099999997,0.026677618900000033,-1,-1,-1,-1
34,387,0.2081903439,0.4590598223,0.005011472099999997,0.026677618900000033,-1,-1,-1,-1
35,387,0.2109736976,0.4580580193,0.005011471999999989,0.02667761879999997,-1,-1,-1,-1
36,387,0.2122420788,0.4571813216,0.005011472099999997,0.02667761879999997,-1,-1,-1,-1
37,387,0.214285582,0.4564298664,0.004940929300000008,0.02542505639999998,-1,-1,-1,-1
38,387,0.2157300887,0.4556157214,0.004940929300000008,0.02542505639999998,-1,-1,-1,-1
39,387,0.2175269236,0.4546137811,0.004941006400000003,0.0232335179,-1,-1,-1,-1
40,387,0.2187248392,0.4537370834,0.004941006500000011,0.0232335179,-1,-1,-1,-1
41,387,0.220169346,0.4529856282,0.004870540800000017,0.022920480200000037,-1,-1,-1,-1
42,387,0.2215433871,0.4519209982,0.004905735000000022,0.02241951000000003,-1,-1,-1,-1
43,387,0.2229526996,0.451169543,0.004764803799999995,0.0219812298,-1,-1,-1,-1
44,387,0.2239392183,0.4502301554,0.004764803799999995,0.0219812298,-1,-1,-1,-1
45,387,0.2246086032,0.4496664955,0.004764803799999995,0.0219812298,-1,-1,-1,-1
46,387,0.2251018626,0.4494787003,0.004764803799999995,0.0219812298,-1,-1,-1,-1
47,387,0.2259121787,0.4478505474,0.004306815800000002,0.020290661399999965,-1,-1,-1,-1
48,387,0.2267929604,0.4470990922,0.004130690399999998,0.021167359200000013,-1,-1,-1,-1
49,387,0.227300884,0.4466978497,0.004088627099999992,0.02172443460000001,-1,-1,-1,-1
50,387,0.2276113033,0.4456948121,0.004173293899999986,0.022276022999999978,-1,-1,-1,-1
51,387,0.2278934745,0.4451932932,0.0044837131000000086,0.022326229799999986,-1,-1,-1,-1
52,387,0.2278369785,0.4444910846,0.004624875899999992,0.02192498730000003,-1,-1,-1,-1
53,387,0.2276676449,0.4436383928,0.004314456699999997,0.021724434700000017,-1,-1,-1,-1
54,387,0.2274983885,0.4426854248,0.004427294299999995,0.02172443460000001,-1,-1,-1,-1
55,387,0.2272444652,0.4421336992,0.004370798300000006,0.021022225999999977,-1,-1,-1,-1
56,387,0.2281192269,0.441381421,0.004314379499999993,0.020671190200000022,-1,-1,-1,-1
57,387,0.2279781413,0.4407294191,0.004314379500000021,0.020671190199999967,-1,-1,-1,-1
58,387,0.2288247321,0.4399771408,0.004173293899999986,0.020620983500000023,-1,-1,-1,-1
59,387,0.2288811509,0.4392247254,0.0041732939000000135,0.020620983499999967,-1,-1,-1,-1
60,387,0.229671323,0.4386229303,0.004173293899999986,0.020620983400000015,-1,-1,-1,-1
61,387,0.2294173998,0.4377702385,0.004173293899999986,0.020620983499999967,-1,-1,-1,-1
62,387,0.2295020666,0.4371182366,0.004398969100000011,0.01996898159999999,-1,-1,-1,-1
63,387,0.2290223137,0.4368172704,0.004088549999999996,0.020921949699999998,-1,-1,-1,-1
64,387,0.2291916473,0.435764026,0.0041449688000000096,0.020520707199999988,-1,-1,-1,-1
65,387,0.2291633994,0.4352625072,0.004144968700000001,0.020520707200000043,-1,-1,-1,-1
66,387,0.2298124858,0.4347609884,0.0038909683000000195,0.019367049199999986,-1,-1,-1,-1
67,387,0.2294173998,0.4341591933,0.004060301900000007,0.018614633800000002,-1,-1,-1,-1
68,387,0.2294456478,0.4337078812,0.00406030189999998,0.018614633800000002,-1,-1,-1,-1
69,387,0.2295867334,0.4333066387,0.003975635100000013,0.01806290819999995,-1,-1,-1,-1
70,387,0.2304050762,0.4326544996,0.003637045099999986,0.0183138048,-1,-1,-1,-1
71,387,0.2304615722,0.4320527045,0.003947387100000005,0.018263597999999992,-1,-1,-1,-1
72,387,0.2312517443,0.431801945,0.0037215575,0.018363874499999988,-1,-1,-1,-1
73,387,0.2314492487,0.431300289,0.0039191390999999964,0.018364011600000008,-1,-1,-1,-1
74,387,0.2320418391,0.4308488398,0.003919139200000005,0.018364011600000008,-1,-1,-1,-1
75,387,0.2331141824,0.4303973905,0.003749805499999981,0.018364011600000008,-1,-1,-1,-1
76,387,0.2345533637,0.4298958717,0.0037498055000000086,0.018364011600000008,-1,-1,-1,-1
77,387,0.2353434586,0.4293943529,0.0037498055000000086,0.018364011600000008,-1,-1,-1,-1
78,387,0.2360489638,0.4288926969,0.0035523010999999882,0.018364011600000008,-1,-1,-1,-1
79,387,0.2364158018,0.4284413848,0.003552301100000016,0.018364011600000008,-1,-1,-1,-1
80,387,0.2363875538,0.4279899356,0.0037780534999999893,0.018364011600000008,-1,-1,-1,-1
81,387,0.2365568103,0.4274884168,0.0037780534999999893,0.018364011600000008,-1,-1,-1,-1
82,387,0.2369236483,0.4271372438,0.0037780534999999893,0.018364011600000008,-1,-1,-1,-1
83,387,0.2375162387,0.4265354487,0.0038627975000000148,0.017511457000000008,-1,-1,-1,-1
84,387,0.238193496,0.4261342062,0.0038345495000000063,0.01726069760000004,-1,-1,-1,-1
85,387,0.2392375912,0.4256326874,0.0038345495000000063,0.017260697599999986,-1,-1,-1,-1
86,387,0.2403099345,0.4251311686,0.003608797100000005,0.017962769099999998,-1,-1,-1,-1
87,387,0.2414104486,0.424579443,0.003608797100000005,0.017962769099999998,-1,-1,-1,-1
88,387,0.2423981251,0.424278614,0.003524130200000003,0.017059870600000027,-1,-1,-1,-1
89,387,0.2436679727,0.4235765425,0.003495959499999979,0.016758904500000005,-1,-1,-1,-1
90,387,0.2444298968,0.4234260594,0.0032702071000000055,0.016658628100000017,-1,-1,-1,-1
91,387,0.2455304881,0.4228743339,0.003270206999999997,0.016658628100000017,-1,-1,-1,-1
92,387,0.2458691553,0.422673644,0.003270206999999997,0.01665862809999996,-1,-1,-1,-1
93,387,0.2460384889,0.4222221948,0.003270206999999997,0.016658628100000017,-1,-1,-1,-1
94,387,0.2460949077,0.4217707455,0.003270206999999997,0.016658628100000017,-1,-1,-1,-1
95,387,0.2468850026,0.4215199861,0.002818625000000019,0.014351586699999974,-1,-1,-1,-1
96,387,0.2473929262,0.4210900736,0.0031390777000000203,0.0143865668,-1,-1,-1,-1
97,387,0.2477799855,0.4207461711,0.0031390777000000203,0.0143865668,-1,-1,-1,-1
98,387,0.247755828,0.420359195,0.003332491599999987,0.014429503199999971,-1,-1,-1,-1
99,387,0.2476348865,0.4201011652,0.0033324915000000066,0.014429503199999971,-1,-1,-1,-1
100,387,0.2474655529,0.4198432726,0.003332491499999979,0.014429503200000027,-1,-1,-1,-1
101,387,0.2478526121,0.4192414775,0.0031873925999999775,0.013913717900000011,-1,-1,-1,-1
102,387,0.2479735537,0.4189835848,0.003187392600000033,0.01391371800000002,-1,-1,-1,-1
103,387,0.2484089278,0.4184247261,0.0031873926000000052,0.013913717900000011,-1,-1,-1,-1
104,387,0.2490861851,0.4182097698,0.0030180589999999896,0.013268712099999969,-1,-1,-1,-1
105,387,0.2497392077,0.4178658673,0.0030180589999999896,0.01326871199999996,-1,-1,-1,-1
106,387,0.2501504244,0.4175650383,0.0031631579999999992,0.014343355999999974,-1,-1,-1,-1
107,387,0.2503681501,0.416963106,0.003308256899999973,0.015031298300000051,-1,-1,-1,-1
108,387,0.2504407768,0.4167052134,0.003525905400000029,0.015031298299999996,-1,-1,-1,-1
109,387,0.2505858757,0.4163613108,0.0035259054999999817,0.015031298299999996,-1,-1,-1,-1
110,387,0.2507068173,0.4159313984,0.0033808063999999916,0.015719103300000037,-1,-1,-1,-1
111,387,0.2508519163,0.4155874958,0.003380806400000047,0.01571910339999999,-1,-1,-1,-1
112,387,0.2509003083,0.4151145098,0.0033808065,0.015719103400000045,-1,-1,-1,-1
113,387,0.2509970924,0.4148995536,0.0033808065,0.01571910329999998,-1,-1,-1,-1
114,387,0.2511664261,0.4144267047,0.0033808063999999916,0.015719103400000045,-1,-1,-1,-1
115,387,0.2513840745,0.4140828022,0.003211472900000012,0.014687395699999994,-1,-1,-1,-1
116,387,0.2520613318,0.4134808698,0.0032114728000000037,0.014687395800000003,-1,-1,-1,-1
117,387,0.2523757644,0.41322284,0.0032114728000000037,0.014687395800000003,-1,-1,-1,-1
118,387,0.2532949047,0.4127929276,0.003211472900000012,0.014687395699999994,-1,-1,-1,-1
119,387,0.2535851027,0.4126639813,0.0032114728000000037,0.014687395699999994,-1,-1,-1,-1
120,387,0.2542381253,0.4121911324,0.0028488025999999778,0.014085600600000026,-1,-1,-1,-1
121,387,0.2544557738,0.4120191126,0.0028488025999999778,0.01408560059999997,-1,-1,-1,-1
122,387,0.2546734223,0.4118901663,0.0028488024999999695,0.01408560059999997,-1,-1,-1,-1
123,387,0.2544315392,0.4116321365,0.002848802500000025,0.01408560059999997,-1,-1,-1,-1
124,387,0.2538509889,0.4113742439,0.0028972717999999897,0.013870644300000012,-1,-1,-1,-1
125,387,0.2534398494,0.4111162141,0.0028488797000000288,0.013053893000000039,-1,-1,-1,-1
126,387,0.2504526625,0.4108367847,0.0027037422000000255,0.0131614397,-1,-1,-1,-1
127,387,0.248336224,0.4108152479,0.0025586045000000057,0.01326898639999996,-1,-1,-1,-1
128,387,0.2457239791,0.4107293752,0.002558604600000014,0.01326898639999996,-1,-1,-1,-1
129,387,0.2434020094,0.4106433652,0.0025585273999999825,0.014085737799999998,-1,-1,-1,-1
130,387,0.2407656071,0.4105573553,0.0032115500000000075,0.014214684100000041,-1,-1,-1,-1
131,387,0.2385403443,0.4106004289,0.002921351999999988,0.013956654300000038,-1,-1,-1,-1
132,387,0.2362666895,0.4105144189,0.002921352000000016,0.013956654299999982,-1,-1,-1,-1
133,387,0.2338720931,0.410428409,0.0023891936999999863,0.013913717900000011,-1,-1,-1,-1
134,387,0.2315742808,0.4104713454,0.0023891937999999946,0.013913717899999956,-1,-1,-1,-1
