98,2059,0.3549431521,0.3755996003,0.0012503209999999987,0.004934665399999982,-1,-1,-1,-1
99,2059,0.354403816,0.3752982226,0.001250321100000007,0.004934665399999982,-1,-1,-1,-1
100,2059,0.354033968,0.3752707872,0.001348494400000011,0.0058001145999999615,-1,-1,-1,-1
101,2059,0.353417606,0.3750242803,0.001348494400000011,0.0058001145999999615,-1,-1,-1,-1
102,2059,0.3530786301,0.3748599424,0.001203858499999988,0.0047428919999999986,-1,-1,-1,-1
103,2059,0.3527242181,0.3747777734,0.001203858499999988,0.0047428919999999986,-1,-1,-1,-1
104,2059,0.352446832,0.3746683062,0.001203858499999988,0.0047428919999999986,-1,-1,-1,-1
105,2059,0.3522001637,0.3744490975,0.0012038585999999962,0.0047428919999999986,-1,-1,-1,-1
106,2059,0.3519690859,0.3741202844,0.0012038585000000435,0.0047428919999999986,-1,-1,-1,-1
107,2059,0.3515374936,0.3740108172,0.0012038585000000435,0.004742892100000007,-1,-1,-1,-1
108,2059,0.3511059013,0.3738464793,0.001203858499999988,0.0047428919999999986,-1,-1,-1,-1
109,2059,0.3507976431,0.3737370121,0.001203858499999988,0.0047428919999999986,-1,-1,-1,-1
110,2059,0.3504432311,0.3735452388,0.0012038585000000435,0.0047428919999999986,-1,-1,-1,-1
111,2059,0.3499500489,0.3733809008,0.0012038585000000435,0.0047428919999999986,-1,-1,-1,-1
112,2059,0.3495031749,0.3731618293,0.001203858499999988,0.0047428919999999986,-1,-1,-1,-1
113,2059,0.3491097097,0.3730769168,0.001203858499999988,0.0047428919999999986,-1,-1,-1,-1
114,2059,0.3481719689,0.3726603105,0.001203858499999988,0.0047428919999999986,-1,-1,-1,-1
115,2059,0.3474315009,0.3726383622,0.0010691016999999636,0.0041622221000000015,-1,-1,-1,-1
116,2059,0.347284704,0.3724834437,0.0010691017000000191,0.004162222099999946,-1,-1,-1,-1
117,2059,0.347137907,0.3723285252,0.0010691016999999636,0.0041622221000000015,-1,-1,-1,-1
118,2059,0.3469911101,0.3721736068,0.0010691017000000191,0.0041622221000000015,-1,-1,-1,-1
119,2059,0.3468443131,0.3720186883,0.0010691016999999636,0.0041622221000000015,-1,-1,-1,-1
120,2059,0.3466975162,0.3718637698,0.0010691017000000191,0.0041622221000000015,-1,-1,-1,-1
121,2059,0.3465507192,0.3717088513,0.0010691016999999636,0.0041622221000000015,-1,-1,-1,-1
122,2059,0.3464039223,0.3715539329,0.0010691017000000191,0.0041622221000000015,-1,-1,-1,-1
123,2059,0.3462571253,0.3713990144,0.0010691016999999636,0.0041622221000000015,-1,-1,-1,-1
124,2059,0.3461103284,0.3712440959,0.0010691017000000191,0.0041622221000000015,-1,-1,-1,-1
125,2059,0.3459635314,0.3710891774,0.0010691016999999636,0.0041622221000000015,-1,-1,-1,-1
126,2059,0.3458167345,0.370934259,0.0010691017000000191,0.0041622221000000015,-1,-1,-1,-1
127,2059,0.3456699375,0.3707793405,0.0010691016999999636,0.0041622221000000015,-1,-1,-1,-1
128,2059,0.345416786,0.3706032054,0.0010691017000000191,0.0041622221000000015,-1,-1,-1,-1
129,2059,0.3451965134,0.3704663028,0.0010691016999999636,0.0041622221000000015,-1,-1,-1,-1
130,2059,0.3449543216,0.3704272074,0.0010691017000000191,0.0041622221000000015,-1,-1,-1,-1
131,2059,0.3451304471,0.3702706885,0.0010691016999999636,0.0041622221000000015,-1,-1,-1,-1
132,2059,0.3451634803,0.3701924977,0.0010691016000000109,0.0041622221000000015,-1,-1,-1,-1
133,2059,0.3453176865,0.3700554579,0.0009656800999999771,0.004059065099999981,-1,-1,-1,-1
134,2059,0.3452736937,0.3697813784,0.0009656801000000326,0.004059065099999981,-1,-1,-1,-1
135,2059,0.3451415611,0.3696834341,0.0009656800000000243,0.004059065100000037,-1,-1,-1,-1
136,2059,0.3450975683,0.3696443387,0.0009656800000000243,0.004059064999999973,-1,-1,-1,-1
137,2059,0.344943362,0.3694291081,0.0009656801000000326,0.004059065099999981,-1,-1,-1,-1
138,2059,0.3449654356,0.3693116847,0.0009656800000000243,0.004059065000000028,-1,-1,-1,-1
139,2059,0.3448772957,0.3692529729,0.0009656800000000243,0.004059065100000037,-1,-1,-1,-1
