222,810,0.5397484786,0.4100507609,0.0026374057000000395,0.013146075899999998,-1,-1,-1,-1
223,810,0.5385358215,0.4099429399,0.0026374057000000395,0.013146075899999998,-1,-1,-1,-1
224,810,0.5369897455,0.4099968504,0.0027891422000000388,0.013092165400000022,-1,-1,-1,-1
225,810,0.535595406,0.4102662659,0.0032134794999999494,0.013092165300000014,-1,-1,-1,-1
226,810,0.5348983134,0.4104278603,0.00306174299999995,0.013092302499999986,-1,-1,-1,-1
227,810,0.5330492275,0.4104817708,0.0034558256000000176,0.012930571000000002,-1,-1,-1,-1
228,810,0.5314426421,0.4106435024,0.0033649071999999336,0.013253759799999987,-1,-1,-1,-1
229,810,0.5299269751,0.410697413,0.00312240670000008,0.01330753309999999,-1,-1,-1,-1
230,810,0.5282293169,0.4109129179,0.0024555688000000853,0.01287652319999999,-1,-1,-1,-1
231,810,0.5262286488,0.4114517488,0.0027283241000000125,0.012445513399999997,-1,-1,-1,-1
232,810,0.5247736456,0.4115056594,0.002728324000000004,0.012445513299999988,-1,-1,-1,-1
233,810,0.5227731319,0.4117749377,0.0029404155000000154,0.01217623499999998,-1,-1,-1,-1
234,810,0.5211665465,0.4119904426,0.0033950075999999996,0.011906819600000007,-1,-1,-1,-1
