10,2324,0.9964634437,0.5762526722,0.008730019599999972,0.03949625340000007,-1,-1,-1,-1
11,2324,0.9934477002,0.572867283,0.008634315899999967,0.0422909588,-1,-1,-1,-1
12,2324,0.985951022,0.5682482617,0.012091376500000028,0.04708378330000007,-1,-1,-1,-1
13,2324,0.981153185,0.5666493275,0.011291634200000011,0.05010400749999999,-1,-1,-1,-1
14,2324,0.9801537,0.5668269716,0.011291634100000003,0.0501040076,-1,-1,-1,-1
15,2324,0.9711575627,0.5652280374,0.014290243699999983,0.04939343109999994,-1,-1,-1,-1
16,2324,0.9700580519,0.5630961709,0.008892561299999935,0.04850507329999998,-1,-1,-1,-1
17,2324,0.9640606785,0.5614972367,0.011791299500000019,0.049038005700000054,-1,-1,-1,-1
18,2324,0.9580631508,0.5606090161,0.012291119199999923,0.048327292099999974,-1,-1,-1,-1
19,2324,0.9546647472,0.5600760838,0.011791299499999908,0.04814964799999999,-1,-1,-1,-1
20,2324,0.9499667816,0.5606090161,0.010991557099999993,0.04690600199999995,-1,-1,-1,-1
21,2324,0.9483674511,0.5595430143,0.008392741600000031,0.0461954255,-1,-1,-1,-1
22,2324,0.9432696915,0.557766436,0.0107916601000001,0.047972003799999996,-1,-1,-1,-1
23,2324,0.9394713396,0.5574111478,0.011491376800000008,0.04708378319999995,-1,-1,-1,-1
24,2324,0.9394713396,0.5575887919,0.010591763000000087,0.047261427400000056,-1,-1,-1,-1
25,2324,0.9378721635,0.5572335037,0.010891531399999987,0.047261427299999936,-1,-1,-1,-1
26,2324,0.9370725754,0.5568782154,0.010291685999999967,0.04726129019999992,-1,-1,-1,-1
27,2324,0.9366727814,0.5563452831,0.008592484200000028,0.04779422249999998,-1,-1,-1,-1
28,2324,0.9366727814,0.5571067522,0.008985023300000061,0.046420532799999914,-1,-1,-1,-1
29,2324,0.9366727814,0.5571067522,0.008985023300000061,0.046420532799999914,-1,-1,-1,-1
30,2324,0.9366727814,0.5571067522,0.008728012900000026,0.046420532799999914,-1,-1,-1,-1
31,2324,0.9371758427,0.5571067522,0.00822495160000003,0.046420532799999914,-1,-1,-1,-1
32,2324,0.9371758427,0.5571067522,0.008396291900000019,0.046420532799999914,-1,-1,-1,-1
33,2324,0.9371758427,0.5571067522,0.008396291900000019,0.046420532799999914,-1,-1,-1,-1
34,2324,0.9371758427,0.5571067522,0.008396291900000019,0.046420532799999914,-1,-1,-1,-1
35,2324,0.9371758427,0.5571067522,0.008396291900000019,0.046420532799999914,-1,-1,-1,-1
36,2324,0.9371758427,0.5571067522,0.008396291900000019,0.046420532799999914,-1,-1,-1,-1
37,2324,0.9371758427,0.5571067522,0.008396291900000019,0.046420532799999914,-1,-1,-1,-1
38,2324,0.9371758427,0.5571067522,0.008481962000000065,0.046420532799999914,-1,-1,-1,-1
39,2324,0.937347183,0.5574112849,0.008567632200000008,0.04642053289999992,-1,-1,-1,-1
40,2324,0.9356336257,0.5583250204,0.011052375100000011,0.045354530999999976,-1,-1,-1,-1
41,2324,0.9338343982,0.5578680841,0.010452529799999999,0.045811467299999964,-1,-1,-1,-1
42,2324,0.9314354797,0.5563452831,0.010709540300000042,0.04611613729999997,-1,-1,-1,-1
43,2324,0.9270659935,0.5569544858,0.01173758200000008,0.0453546682,-1,-1,-1,-1
44,2324,0.9264663025,0.5569544858,0.011309231200000047,0.0450499982,-1,-1,-1,-1
45,2324,0.9275800144,0.555127152,0.010538199899999934,0.04550693459999999,-1,-1,-1,-1
46,2324,0.9276656845,0.5563454203,0.010880880500000023,0.04398399639999995,-1,-1,-1,-1
47,2324,0.9270659935,0.5560408875,0.011052220800000012,0.045506797399999965,-1,-1,-1,-1
48,2324,0.9245814049,0.5543658201,0.010538045500000037,0.046725065600000004,-1,-1,-1,-1
49,2324,0.9232105281,0.5545180865,0.01105222089999991,0.044440932700000046,-1,-1,-1,-1
50,2324,0.923124858,0.5545180865,0.011994592400000004,0.044897731900000015,-1,-1,-1,-1
51,2324,0.9233818684,0.5545180865,0.011137890999999955,0.044897731900000015,-1,-1,-1,-1
52,2324,0.923724549,0.5543658201,0.010452529799999999,0.045354530999999976,-1,-1,-1,-1
53,2324,0.9239815595,0.5543658201,0.01045252969999999,0.045354530999999976,-1,-1,-1,-1
54,2324,0.9239815595,0.5543658201,0.01045252969999999,0.045354530999999976,-1,-1,-1,-1
55,2324,0.9239815595,0.5543658201,0.01045252969999999,0.045354530999999976,-1,-1,-1,-1
56,2324,0.9239815595,0.5543658201,0.01045252969999999,0.045354530999999976,-1,-1,-1,-1
57,2324,0.9239815595,0.5543658201,0.01045252969999999,0.045354530999999976,-1,-1,-1,-1
58,2324,0.9239815595,0.5543658201,0.01045252969999999,0.045354530999999976,-1,-1,-1,-1
59,2324,0.9238102192,0.553909021,0.010452529799999999,0.04535453100000009,-1,-1,-1,-1
60,2324,0.9238102192,0.553909021,0.010452529799999999,0.04535453100000009,-1,-1,-1,-1
61,2324,0.9238102192,0.553909021,0.010452529799999999,0.04535453100000009,-1,-1,-1,-1
62,2324,0.9238102192,0.553909021,0.010452529799999999,0.04535453100000009,-1,-1,-1,-1
63,2324,0.9238102192,0.553909021,0.010452529799999999,0.04535453100000009,-1,-1,-1,-1
64,2324,0.9241528998,0.5536044882,0.01045252969999999,0.04535453100000009,-1,-1,-1,-1
65,2324,0.9241528998,0.5536044882,0.01045252969999999,0.04535453100000009,-1,-1,-1,-1
66,2324,0.9244099102,0.5551272892,0.010366859600000056,0.04444079550000002,-1,-1,-1,-1
67,2324,0.9245812505,0.555431822,0.010366859600000056,0.04444079550000002,-1,-1,-1,-1
68,2324,0.9245812505,0.555431822,0.010366859600000056,0.04444079550000002,-1,-1,-1,-1
69,2324,0.9245812505,0.555431822,0.010366859600000056,0.04444079550000002,-1,-1,-1,-1
70,2324,0.9245812505,0.555431822,0.010709694600000041,0.04444079550000002,-1,-1,-1,-1
71,2324,0.9248384153,0.5546703529,0.010452529799999999,0.045354530999999976,-1,-1,-1,-1
72,2324,0.9248384153,0.5546703529,0.010452529799999999,0.045354530999999976,-1,-1,-1,-1
73,2324,0.9248384153,0.5546703529,0.010452529799999999,0.045354530999999976,-1,-1,-1,-1
74,2324,0.9253524362,0.5543658201,0.008824642600000043,0.04215666259999995,-1,-1,-1,-1
75,2324,0.9247525908,0.5546703529,0.009167477599999918,0.04215666259999995,-1,-1,-1,-1
76,2324,0.9246669206,0.5546703529,0.009167477600000029,0.04215666259999995,-1,-1,-1,-1
77,2324,0.9246669206,0.5546703529,0.009167477600000029,0.04215666259999995,-1,-1,-1,-1
78,2324,0.9246669206,0.5546703529,0.009167477600000029,0.04215666259999995,-1,-1,-1,-1
79,2324,0.9246669206,0.5546703529,0.008910467199999994,0.04215666259999995,-1,-1,-1,-1
80,2324,0.9247525908,0.5537567546,0.008996137299999929,0.04230892900000005,-1,-1,-1,-1
81,2324,0.9247525908,0.5537567546,0.008996137299999929,0.04230892900000005,-1,-1,-1,-1
82,2324,0.9244099102,0.553909021,0.00899613730000004,0.04230892900000005,-1,-1,-1,-1
83,2324,0.9244099102,0.5546704901,0.00899613730000004,0.04352705999999995,-1,-1,-1,-1
84,2324,0.9244099102,0.5555842255,0.009253147700000075,0.04489759469999999,-1,-1,-1,-1
85,2324,0.9244099102,0.5555842255,0.009253147700000075,0.04489759469999999,-1,-1,-1,-1
86,2324,0.9244099102,0.5555842255,0.009253147700000075,0.04428839200000001,-1,-1,-1,-1
87,2324,0.9236388789,0.5540614245,0.009595673900000046,0.04565892660000004,-1,-1,-1,-1
88,2324,0.9236388789,0.5540614245,0.009938508900000032,0.04565892660000004,-1,-1,-1,-1
89,2324,0.9239815595,0.5540614245,0.009681498399999988,0.04565892660000004,-1,-1,-1,-1
90,2324,0.9244099102,0.5540614245,0.009681498499999996,0.04565892660000004,-1,-1,-1,-1
91,2324,0.9239814051,0.5540614245,0.009681498499999996,0.04565892660000004,-1,-1,-1,-1
92,2324,0.9239814051,0.5540614245,0.009681652799999996,0.04565892660000004,-1,-1,-1,-1
93,2324,0.9239814051,0.5540614245,0.009338972199999906,0.04565892660000004,-1,-1,-1,-1
94,2324,0.9230390335,0.5548228936,0.010281343799999898,0.04535425669999993,-1,-1,-1,-1
95,2324,0.9232103738,0.5546706272,0.010624024399999987,0.04535425669999993,-1,-1,-1,-1
96,2324,0.9236387245,0.5545183609,0.010281343900000017,0.0458110558,-1,-1,-1,-1
97,2324,0.9236387245,0.5545183609,0.010195673700000074,0.0458110558,-1,-1,-1,-1
98,2324,0.9238100648,0.5543659573,0.010110003599999917,0.04565892659999993,-1,-1,-1,-1
99,2324,0.9238100648,0.5543659573,0.010110003599999917,0.04565892659999993,-1,-1,-1,-1
100,2324,0.9238100648,0.5552796928,0.00882479699999994,0.04459292469999998,-1,-1,-1,-1
101,2324,0.9238100648,0.5552796928,0.00882479699999994,0.04459292469999998,-1,-1,-1,-1
102,2324,0.9238100648,0.5552796928,0.00882479699999994,0.04459292469999998,-1,-1,-1,-1
103,2324,0.9211013445,0.5533238243,0.008241159499999928,0.04406026669999996,-1,-1,-1,-1
104,2324,0.9194929068,0.5522705799,0.00824115950000004,0.04406026670000007,-1,-1,-1,-1
105,2324,0.918839807,0.552657556,0.0070863876000000214,0.043219097799999995,-1,-1,-1,-1
106,2324,0.9189123565,0.5534487924,0.007231486599999948,0.04255680770000003,-1,-1,-1,-1
107,2324,0.918839807,0.5535601801,0.007231486599999948,0.04296134240000005,-1,-1,-1,-1
108,2324,0.9173161133,0.5534312338,0.007231486600000059,0.042961342399999936,-1,-1,-1,-1
109,2324,0.910640788,0.5525284725,0.007231486599999948,0.042961342399999936,-1,-1,-1,-1
110,2324,0.9012082732,0.5508520333,0.0064334422000000835,0.041929634800000004,-1,-1,-1,-1
111,2324,0.8911953625,0.5478859939,0.008392587200000023,0.04089792719999996,-1,-1,-1,-1
112,2324,0.8807470005,0.5455648233,0.007957290200000022,0.04089792709999995,-1,-1,-1,-1
113,2324,0.8713871895,0.5441462767,0.007594388499999938,0.0407688437,-1,-1,-1,-1
114,2324,0.864110784,0.5420459609,0.008449546300000055,0.040250863599999964,-1,-1,-1,-1
115,2324,0.8571452608,0.5398350805,0.008449546300000055,0.040250863600000075,-1,-1,-1,-1
116,2324,0.8515478357,0.5378454664,0.0075167451,0.039808742399999986,-1,-1,-1,-1
117,2324,0.8452664388,0.5361874089,0.007516744999999991,0.039808742499999994,-1,-1,-1,-1
118,2324,0.8381766552,0.5337556737,0.0075167451,0.039808742399999986,-1,-1,-1,-1
119,2324,0.8318952583,0.5327760932,0.008138509599999955,0.038909273400000055,-1,-1,-1,-1
120,2324,0.8274174109,0.5313390278,0.008325131600000035,0.03901970080000006,-1,-1,-1,-1
121,2324,0.8207629243,0.529791535,0.01037751050000002,0.03791432910000003,-1,-1,-1,-1
122,2324,0.8172802399,0.5275807917,0.008573806600000067,0.038909136199999916,-1,-1,-1,-1
123,2324,0.8114963472,0.5259227343,0.0098176445,0.03799073669999997,-1,-1,-1,-1
124,2324,0.8086079512,0.5240745496,0.006755747100000042,0.0377853829,-1,-1,-1,-1
125,2324,0.803062237,0.5223291105,0.007680058599999984,0.036656005300000016,-1,-1,-1,-1
126,2324,0.7985564503,0.5207890252,0.007160017599999957,0.036656005300000016,-1,-1,-1,-1
127,2324,0.7950904368,0.5195569021,0.00808432910000001,0.036656005299999905,-1,-1,-1,-1
128,2324,0.7920288481,0.5182221706,0.007217748600000018,0.036656005300000016,-1,-1,-1,-1
129,2324,0.7879852172,0.5155527078,0.007217594100000002,0.03183025830000008,-1,-1,-1,-1
130,2324,0.7842302406,0.5132939526,0.007737635100000029,0.03172751279999997,-1,-1,-1,-1
131,2324,0.7811107667,0.5104189987,0.008835139200000008,0.032240966100000046,-1,-1,-1,-1
132,2324,0.7772403284,0.5086735595,0.007737635100000029,0.032240966099999935,-1,-1,-1,-1
133,2324,0.7745252793,0.5077493986,0.00612009009999992,0.032240966099999935,-1,-1,-1,-1
134,2324,0.7698461457,0.5064146672,0.007564133699999975,0.032240966100000046,-1,-1,-1,-1
135,2324,0.7644160476,0.5045666197,0.007564133699999975,0.030598135299999996,-1,-1,-1,-1
136,2324,0.7609500341,0.5029237889,0.006582091400000101,0.030598135299999996,-1,-1,-1,-1
137,2324,0.7565018239,0.5016916658,0.007333055899999996,0.030803626299999998,-1,-1,-1,-1
138,2324,0.7523425769,0.5006648965,0.00767974980000008,0.031727650100000004,-1,-1,-1,-1
139,2324,0.7477211741,0.4991248112,0.009528218299999947,0.03234371159999999,-1,-1,-1,-1
140,2324,0.7463925922,0.4977900798,0.006062050499999971,0.032240966100000046,-1,-1,-1,-1
141,2324,0.7424809395,0.4960299627,0.0068996112999999415,0.032165793200000015,-1,-1,-1,-1
142,2324,0.7382721427,0.494709772,0.006602467100000009,0.0314619384,-1,-1,-1,-1
143,2324,0.7351526688,0.4939177125,0.0068996113000000525,0.03146193830000005,-1,-1,-1,-1
144,2324,0.7332711672,0.492421661,0.0063548726000000055,0.03146180120000003,-1,-1,-1,-1
145,2324,0.7297556039,0.4911896751,0.005463594399999994,0.031461801099999964,-1,-1,-1,-1
146,2324,0.7271807143,0.4900456196,0.00615682790000005,0.03058167400000006,-1,-1,-1,-1
147,2324,0.7250516182,0.489429558,0.006453972099999983,0.030669741600000022,-1,-1,-1,-1
148,2324,0.7195554537,0.487317445,0.006453972199999991,0.030669741599999967,-1,-1,-1,-1
149,2324,0.7172036152,0.486393284,0.00608258049999999,0.03044970990000001,-1,-1,-1,-1
150,2324,0.7136631999,0.4849412663,0.005711188799999989,0.03022967809999999,-1,-1,-1,-1
151,2324,0.7099494376,0.4843252048,0.006255927500000036,0.029261620499999974,-1,-1,-1,-1
152,2324,0.7075725927,0.4830932189,0.006305477200000076,0.02873348929999997,-1,-1,-1,-1
153,2324,0.7040570295,0.4823011593,0.005513298399999922,0.028645421800000015,-1,-1,-1,-1
154,2324,0.7011356002,0.4810690362,0.005513298500000041,0.028645421800000015,-1,-1,-1,-1
155,2324,0.697273343,0.4799248435,0.005513298500000041,0.02864542180000007,-1,-1,-1,-1
156,2324,0.6941043194,0.4792208516,0.005513298500000041,0.028645421800000015,-1,-1,-1,-1
157,2324,0.691083945,0.4785168596,0.005166758899999957,0.027061439899999984,-1,-1,-1,-1
158,2324,0.687717031,0.4774608717,0.005166758899999957,0.02706143990000004,-1,-1,-1,-1
159,2324,0.685835375,0.4760527506,0.005166758899999957,0.02706143989999993,-1,-1,-1,-1
160,2324,0.6821711625,0.475436689,0.00516675880000006,0.027061439899999984,-1,-1,-1,-1
161,2324,0.6797944719,0.4743805639,0.005166758900000068,0.02706143990000004,-1,-1,-1,-1
162,2324,0.6773186818,0.4735885044,0.005166758899999957,0.027061439899999984,-1,-1,-1,-1
163,2324,0.6744963521,0.4724443117,0.005166758899999957,0.027061439899999984,-1,-1,-1,-1
164,2324,0.6723177063,0.4713002561,0.00516675880000006,0.02706143990000004,-1,-1,-1,-1
165,2324,0.6687031979,0.470420129,0.00516675880000006,0.027061439899999984,-1,-1,-1,-1
166,2324,0.6660789128,0.469892135,0.005166758900000068,0.027061439899999984,-1,-1,-1,-1
167,2324,0.6631079339,0.4692760735,0.004523075100000051,0.02433340249999999,-1,-1,-1,-1
168,2324,0.65998846,0.4683959464,0.004523075100000051,0.024333402400000037,-1,-1,-1,-1
169,2324,0.6580078588,0.4675158192,0.00452307509999994,0.02433340249999999,-1,-1,-1,-1
170,2324,0.6552350789,0.4663717637,0.004523075000000043,0.02433340249999999,-1,-1,-1,-1
171,2324,0.6533534228,0.4658436326,0.004523075100000051,0.02433340239999998,-1,-1,-1,-1
172,2324,0.6509767323,0.4653156386,0.004523075100000051,0.02433340249999999,-1,-1,-1,-1
173,2324,0.6491517266,0.464335098,0.004477229999999999,0.023728452199999972,-1,-1,-1,-1
174,2324,0.6486424909,0.4635053148,0.004477229999999999,0.023728452199999972,-1,-1,-1,-1
175,2324,0.6471144751,0.4628264262,0.0044772298999999904,0.023728452300000036,-1,-1,-1,-1
176,2324,0.6459685018,0.4622228477,0.0044772298999999904,0.02372845229999998,-1,-1,-1,-1
177,2324,0.6440161486,0.4614685119,0.005580754100000029,0.023728452200000028,-1,-1,-1,-1
178,2324,0.6424033888,0.4605632814,0.005580754000000021,0.023728452199999972,-1,-1,-1,-1
179,2324,0.6412149663,0.4595071562,0.005496010100000004,0.023728452300000036,-1,-1,-1,-1
180,2324,0.638753223,0.4588282677,0.005199020299999968,0.023728452199999972,-1,-1,-1,-1
181,2324,0.6362916341,0.4583002737,0.005199020299999968,0.023728452200000028,-1,-1,-1,-1
182,2324,0.6339572384,0.4577722797,0.005199020200000071,0.02372845229999998,-1,-1,-1,-1
183,2324,0.6314956495,0.4567161546,0.005963105299999993,0.024030241499999994,-1,-1,-1,-1
184,2324,0.6309439646,0.4561127133,0.005326367799999954,0.023879346900000042,-1,-1,-1,-1
185,2324,0.6304770237,0.4553583774,0.004859581299999971,0.023577557699999974,-1,-1,-1,-1
186,2324,0.6297979913,0.4548302463,0.0045624370999999275,0.023804036699999975,-1,-1,-1,-1
187,2324,0.6274213008,0.4539250158,0.00519902019999996,0.023049700800000017,-1,-1,-1,-1
188,2324,0.6242805251,0.4535479164,0.005368971300000025,0.022672464400000036,-1,-1,-1,-1
189,2324,0.6212672513,0.4527181333,0.00609029849999998,0.02312501090000002,-1,-1,-1,-1
190,2324,0.6197392355,0.4521901393,0.004605040599999999,0.022974116299999958,-1,-1,-1,-1
191,2324,0.617701984,0.451586698,0.0046474897000000626,0.022521569699999966,-1,-1,-1,-1
192,2324,0.6156222832,0.4506814675,0.004817286500000018,0.02244612239999999,-1,-1,-1,-1
193,2324,0.6142217693,0.4504552628,0.004265601499999994,0.0226723271,-1,-1,-1,-1
194,2324,0.6124393671,0.4499272688,0.004647335399999952,0.02221964329999998,-1,-1,-1,-1
195,2324,0.6108266073,0.4490974856,0.004732233699999977,0.02221964329999998,-1,-1,-1,-1
196,2324,0.6092138475,0.448418597,0.005156571100000007,0.022144196000000005,-1,-1,-1,-1
197,2324,0.6068794518,0.4477397084,0.0046050404999999905,0.022445985300000026,-1,-1,-1,-1
198,2324,0.6053515903,0.44713613,0.004095650500000048,0.021993438499999962,-1,-1,-1,-1
199,2324,0.6029748997,0.4464572414,0.0044350895000000445,0.021767096600000035,-1,-1,-1,-1
200,2324,0.6017866316,0.4460046947,0.004095496199999937,0.021691649400000013,-1,-1,-1,-1
201,2324,0.6001314226,0.4456274582,0.004095496200000048,0.021691649300000004,-1,-1,-1,-1
202,2324,0.5983913153,0.4451749115,0.0044775387000000055,0.021314549999999988,-1,-1,-1,-1
203,2324,0.5962267162,0.4444205757,0.005411266099999978,0.021314549900000035,-1,-1,-1,-1
204,2324,0.5946988548,0.4438171344,0.004901876000000027,0.021389860100000047,-1,-1,-1,-1
205,2324,0.5942319139,0.443440035,0.004392794700000091,0.02093717629999997,-1,-1,-1,-1
206,2324,0.5929585931,0.4429120411,0.003968457300000061,0.021088070800000025,-1,-1,-1,-1
207,2324,0.5918550689,0.4426102518,0.003926008199999997,0.020786418899999992,-1,-1,-1,-1
208,2324,0.5900300633,0.4419313633,0.0046474897000000626,0.020182840300000005,-1,-1,-1,-1
209,2324,0.5884173034,0.4411770274,0.004435243900000052,0.01995663560000005,-1,-1,-1,-1
210,2324,0.5875260252,0.4405735861,0.0038411098000000754,0.02025828769999999,-1,-1,-1,-1
211,2324,0.5857434687,0.4403472442,0.00422315239999993,0.0201075302,-1,-1,-1,-1
212,2324,0.5847672921,0.4398946975,0.004010906500000022,0.02033373500000002,-1,-1,-1,-1
213,2324,0.5828999916,0.4394421508,0.003925853800000101,0.020182840400000013,-1,-1,-1,-1
214,2324,0.5812872318,0.4389896042,0.004307896300000058,0.01988105109999999,-1,-1,-1,-1
215,2324,0.580183862,0.4383107156,0.0044350894999999335,0.019956361300000003,-1,-1,-1,-1
216,2324,0.5786984497,0.4374809324,0.004010597800000015,0.02025815049999996,-1,-1,-1,-1
217,2324,0.5775447584,0.4370929961,0.003551992400000037,0.019713832499999973,-1,-1,-1,-1
218,2324,0.5748008439,0.4365942208,0.003988369900000066,0.019658412999999986,-1,-1,-1,-1
219,2324,0.5726805464,0.4363725429,0.003738923000000005,0.019769251900000007,-1,-1,-1,-1
220,2324,0.5710901688,0.436150865,0.004019705100000048,0.01927033950000001,-1,-1,-1,-1
221,2324,0.5683774352,0.4354858313,0.004362540000000026,0.019159500499999982,-1,-1,-1,-1
222,2324,0.567597914,0.4351533144,0.004175454999999939,0.019104081100000003,-1,-1,-1,-1
223,2324,0.5658517866,0.4346545391,0.004300178299999957,0.018937822699999995,-1,-1,-1,-1
224,2324,0.5653217122,0.4343220223,0.0037077422999999277,0.018937822599999987,-1,-1,-1,-1
225,2324,0.563544404,0.4338786665,0.003957188999999972,0.018937822599999987,-1,-1,-1,-1
226,2324,0.5626089786,0.4333798912,0.003957188999999972,0.018937822600000043,-1,-1,-1,-1
227,2324,0.5601768726,0.4327148575,0.0039882154999999475,0.019159500499999982,-1,-1,-1,-1
228,2324,0.5589920004,0.432215945,0.0034269603000000037,0.018383765100000005,-1,-1,-1,-1
229,2324,0.5582746866,0.4318280087,0.003240029500000019,0.018550023500000012,-1,-1,-1,-1
230,2324,0.5571521761,0.4319388476,0.0032400296000000273,0.018550023500000012,-1,-1,-1,-1
231,2324,0.5571521761,0.4308304581,0.0032400296000000273,0.018550023500000012,-1,-1,-1,-1
232,2324,0.5571521761,0.4305533607,0.00364538059999997,0.01877156419999998,-1,-1,-1,-1
233,2324,0.5576198888,0.4302762633,0.0033647528999999343,0.018771564299999988,-1,-1,-1,-1
234,2324,0.5578381547,0.4302208439,0.0033959338000000283,0.018716144699999993,-1,-1,-1,-1
