1,1010,0.3323984739,0.3879420938,0.0019043470999999812,0.0082199154,-1,-1,-1,-1
2,1010,0.3324800278,0.3876795372,0.001885772299999977,0.008587000800000022,-1,-1,-1,-1
3,1010,0.3321888147,0.3876090656,0.0018695410999999829,0.008645637799999994,-1,-1,-1,-1
4,1010,0.3319607352,0.3875106786,0.0018533098999999886,0.008704274700000014,-1,-1,-1,-1
5,1010,0.3316211216,0.3873867767,0.0018370785999999861,0.008762911600000034,-1,-1,-1,-1
6,1010,0.3311737835,0.387291579,0.0020593183000000015,0.00889841429999999,-1,-1,-1,-1
7,1010,0.3309885718,0.3871708664,0.002086773499999972,0.00899361200000004,-1,-1,-1,-1
8,1010,0.330899038,0.3871054362,0.0019469274000000203,0.00888071220000003,-1,-1,-1,-1
9,1010,0.33091555,0.3869838731,0.001801369900000016,0.008874837999999996,-1,-1,-1,-1
10,1010,0.3309429829,0.3870726708,0.0018170035999999778,0.008582195399999992,-1,-1,-1,-1
11,1010,0.3309799348,0.3867450452,0.00180876280000003,0.008782383599999999,-1,-1,-1,-1
12,1010,0.3313610336,0.3867106352,0.0017860893999999683,0.008714871100000021,-1,-1,-1,-1
13,1010,0.3314122639,0.3866507103,0.0019211722999999958,0.008647358699999996,-1,-1,-1,-1
14,1010,0.3315863233,0.3866751067,0.0017327574000000068,0.008393602499999986,-1,-1,-1,-1
15,1010,0.331105109,0.3864927889,0.0020949597000000098,0.008572216500000007,-1,-1,-1,-1
16,1010,0.3307727685,0.3864155236,0.0023459520999999928,0.008793929100000042,-1,-1,-1,-1
17,1010,0.3307290978,0.3864104135,0.0020511100000000226,0.00882304519999999,-1,-1,-1,-1
18,1010,0.3306205442,0.3862769819,0.0019293575000000063,0.008595427099999997,-1,-1,-1,-1
19,1010,0.330439306,0.3861254259,0.0019039647000000381,0.0085830395,-1,-1,-1,-1
20,1010,0.3302211757,0.3861046386,0.0018785718000000062,0.00857065210000002,-1,-1,-1,-1
21,1010,0.3303286523,0.3860518206,0.0016608109999999843,0.008483544700000012,-1,-1,-1,-1
22,1010,0.3300590769,0.3859458876,0.00181364469999995,0.008589477700000014,-1,-1,-1,-1
23,1010,0.3298503968,0.3858219845,0.001737838200000008,0.008520784399999981,-1,-1,-1,-1
24,1010,0.3296958457,0.3858585783,0.0017840281000000013,0.008556482800000043,-1,-1,-1,-1
25,1010,0.3295548785,0.3856785698,0.0018166342000000002,0.00859204410000003,-1,-1,-1,-1
26,1010,0.3293867437,0.3856428714,0.0017262149000000226,0.008496327000000026,-1,-1,-1,-1
27,1010,0.3292916576,0.3852487621,0.0017464360999999706,0.008640088400000023,-1,-1,-1,-1
28,1010,0.3290102582,0.3853051418,0.001584203099999959,0.008808953200000025,-1,-1,-1,-1
29,1010,0.3287566437,0.3851362771,0.001584203099999959,0.008808953100000017,-1,-1,-1,-1
30,1010,0.3278219901,0.3852488993,0.001584203099999959,0.008808953100000017,-1,-1,-1,-1
31,1010,0.3266258882,0.3850869963,0.0015248127999999972,0.008647015700000038,-1,-1,-1,-1
32,1010,0.3254297863,0.3849250932,0.0014654225999999881,0.008485078400000012,-1,-1,-1,-1
33,1010,0.3242336844,0.3847631901,0.0014060323000000263,0.008323141100000042,-1,-1,-1,-1
34,1010,0.3230375825,0.3846012871,0.0013466421000000173,0.008161203699999953,-1,-1,-1,-1
35,1010,0.3217227387,0.3841789193,0.0013782860000000063,0.007879579500000011,-1,-1,-1,-1
36,1010,0.3205187258,0.3839254164,0.0013782860000000063,0.007879579500000011,-1,-1,-1,-1
