151,1542,0.2655645678,0.4265113056,0.005084098799999992,0.022391937500000014,-1,-1,-1,-1
152,1542,0.2654247557,0.4264869567,0.004278259099999959,0.022510938400000013,-1,-1,-1,-1
153,1542,0.2649651855,0.4264624706,0.0034724194000000375,0.02262993940000002,-1,-1,-1,-1
154,1542,0.2650611978,0.426227075,0.0036049381000000102,0.02280854379999997,-1,-1,-1,-1
155,1542,0.2649012802,0.4264056794,0.0034724194000000375,0.022629939399999965,-1,-1,-1,-1
156,1542,0.2646371692,0.4265113056,0.003677255999999962,0.022732822099999994,-1,-1,-1,-1
157,1542,0.2625907332,0.4271364208,0.004572547600000032,0.022107706899999968,-1,-1,-1,-1
158,1542,0.2612158431,0.4288983212,0.0041248245999999655,0.02244872870000003,-1,-1,-1,-1
159,1542,0.2589775368,0.4307736669,0.005659632400000003,0.022448865900000003,-1,-1,-1,-1
160,1542,0.2550448063,0.4313513189,0.006383514199999996,0.022847940999999983,-1,-1,-1,-1
161,1542,0.2512550394,0.4322449808,0.005924196100000001,0.022663593499999968,-1,-1,-1,-1
162,1542,0.2498090746,0.4318655551,0.004914283400000025,0.022904470499999996,-1,-1,-1,-1
163,1542,0.2483297238,0.4312484607,0.004912312400000007,0.022343626700000008,-1,-1,-1,-1
164,1542,0.2467463853,0.4307006406,0.004897323799999992,0.022060017499999973,-1,-1,-1,-1
165,1542,0.2461609575,0.4302082399,0.004469219799999979,0.02185953759999998,-1,-1,-1,-1
166,1542,0.2453612,0.4295426534,0.004840163399999986,0.02176296910000003,-1,-1,-1,-1
167,1542,0.2461076985,0.4288076554,0.00460043089999998,0.021666537799999996,-1,-1,-1,-1
168,1542,0.2462110921,0.428246049,0.004571747799999998,0.02128004589999999,-1,-1,-1,-1
169,1542,0.246548342,0.4275458939,0.004744505400000015,0.020988343300000045,-1,-1,-1,-1
170,1542,0.2469790192,0.4269850951,0.004430833599999989,0.020994810099999983,-1,-1,-1,-1
171,1542,0.248325801,0.4263550219,0.00409758360000001,0.02079345399999999,-1,-1,-1,-1
172,1542,0.2484017163,0.4261544496,0.004179887999999993,0.020608120200000024,-1,-1,-1,-1
173,1542,0.2497348796,0.4253130897,0.0035851087000000337,0.02038035060000004,-1,-1,-1,-1
174,1542,0.2500285012,0.424887513,0.0036033728000000043,0.019628126299999993,-1,-1,-1,-1
175,1542,0.2510627838,0.4241846331,0.0036605741999999886,0.019984634400000034,-1,-1,-1,-1
176,1542,0.2520191142,0.423620302,0.004509105399999991,0.019866784699999973,-1,-1,-1,-1
177,1542,0.252996635,0.423137142,0.004432645499999999,0.01966546619999998,-1,-1,-1,-1
178,1542,0.2538998312,0.4224460218,0.004356185499999998,0.01946414759999998,-1,-1,-1,-1
179,1542,0.2548925951,0.4217758348,0.0040798477999999805,0.0197604589,-1,-1,-1,-1
180,1542,0.2556169431,0.421267288,0.004057223200000015,0.019506987899999995,-1,-1,-1,-1
181,1542,0.2567700277,0.4209059491,0.004151526799999972,0.0191754462,-1,-1,-1,-1
182,1542,0.2570543486,0.4204654395,0.004334995800000019,0.01878452650000001,-1,-1,-1,-1
183,1542,0.2591059186,0.4200942043,0.0036478194000000297,0.018878527099999987,-1,-1,-1,-1
184,1542,0.2605961254,0.4195705656,0.0035700894999999844,0.0186364443,-1,-1,-1,-1
185,1542,0.2619598143,0.4191335197,0.003523868500000027,0.018208041000000008,-1,-1,-1,-1
186,1542,0.2624833955,0.4187473665,0.004289121399999984,0.018085267800000027,-1,-1,-1,-1
187,1542,0.2638662637,0.4183866597,0.003765424399999995,0.01763141800000001,-1,-1,-1,-1
188,1542,0.2642180029,0.4178223822,0.0035915858999999717,0.017450962000000014,-1,-1,-1,-1
189,1542,0.265373315,0.4172183922,0.003591585900000027,0.017450962000000014,-1,-1,-1,-1
190,1542,0.2658150951,0.4169164658,0.0035915858999999717,0.01745096199999996,-1,-1,-1,-1
