1,2399,0.8346371661,0.4866816299,0.0058746566999999805,0.022374241699999964,-1,-1,-1,-1
2,2399,0.8346371661,0.4866816299,0.0058746566999999805,0.022374241699999964,-1,-1,-1,-1
3,2399,0.8346371661,0.4866816299,0.0058746566999999805,0.022374241699999964,-1,-1,-1,-1
4,2399,0.8346371661,0.4866816299,0.0058746566999999805,0.022374241699999964,-1,-1,-1,-1
5,2399,0.8346371661,0.4866816299,0.0058746566999999805,0.022374241699999964,-1,-1,-1,-1
6,2399,0.8346371661,0.4866816299,0.0058746566999999805,0.022374241699999964,-1,-1,-1,-1
7,2399,0.8346371661,0.4866816299,0.0058746566999999805,0.022374241699999964,-1,-1,-1,-1
8,2399,0.8346371661,0.4862137194,0.0058746566999999805,0.022842152199999965,-1,-1,-1,-1
9,2399,0.8346371661,0.4862137194,0.0058746566999999805,0.022842152199999965,-1,-1,-1,-1
10,2399,0.8346371661,0.4862137194,0.0058746566999999805,0.022842152199999965,-1,-1,-1,-1
11,2399,0.8346371661,0.4862137194,0.0058746566999999805,0.022842152199999965,-1,-1,-1,-1
12,2399,0.8346371661,0.4866921925,0.0058746566999999805,0.022363679099999978,-1,-1,-1,-1
13,2399,0.8346371661,0.4864050813,0.0058746566999999805,0.0226507903,-1,-1,-1,-1
14,2399,0.8346371661,0.4873620275,0.0058746566999999805,0.02169384409999997,-1,-1,-1,-1
15,2399,0.8346371661,0.4868835544,0.0058746566999999805,0.022172317200000013,-1,-1,-1,-1
16,2399,0.8346371661,0.4868835544,0.0058746566999999805,0.022172317200000013,-1,-1,-1,-1
17,2399,0.8346371661,0.4868835544,0.0058746566999999805,0.022172317200000013,-1,-1,-1,-1
18,2399,0.8346371661,0.4868835544,0.0058746566999999805,0.022172317200000013,-1,-1,-1,-1
19,2399,0.8346371661,0.4868835544,0.0058746566999999805,0.022172317200000013,-1,-1,-1,-1
20,2399,0.8346371661,0.4868835544,0.0058746566999999805,0.022172317200000013,-1,-1,-1,-1
21,2399,0.8346371661,0.4868835544,0.0058746566999999805,0.022172317200000013,-1,-1,-1,-1
22,2399,0.8346371661,0.4868835544,0.0058746566999999805,0.022172317200000013,-1,-1,-1,-1
23,2399,0.8346371661,0.4868835544,0.0058746566999999805,0.022172317200000013,-1,-1,-1,-1
24,2399,0.8346371661,0.4868835544,0.0058746566999999805,0.022172317200000013,-1,-1,-1,-1
25,2399,0.8346371661,0.4868835544,0.0058746566999999805,0.022172317200000013,-1,-1,-1,-1
26,2399,0.8346371661,0.4868835544,0.0058746566999999805,0.022172317200000013,-1,-1,-1,-1
27,2399,0.8346371661,0.4868835544,0.0058746566999999805,0.022172317200000013,-1,-1,-1,-1
28,2399,0.8346371661,0.48733761,0.0058746566999999805,0.02171826160000001,-1,-1,-1,-1
29,2399,0.8346371661,0.48733761,0.0058746566999999805,0.02171826160000001,-1,-1,-1,-1
30,2399,0.8346371661,0.48733761,0.0058746566999999805,0.02171826160000001,-1,-1,-1,-1
31,2399,0.834674367,0.487387268,0.005837455800000058,0.021668603600000003,-1,-1,-1,-1
32,2399,0.834674367,0.4874747869,0.005837455800000058,0.021581084699999975,-1,-1,-1,-1
33,2399,0.834674367,0.4874747869,0.005837455800000058,0.021581084699999975,-1,-1,-1,-1
34,2399,0.834674367,0.4872514629,0.005837455800000058,0.021581084699999975,-1,-1,-1,-1
35,2399,0.834674367,0.4872264967,0.005837455800000058,0.02160605089999995,-1,-1,-1,-1
36,2399,0.8342020235,0.488737912,0.005837455800000058,0.02160605089999995,-1,-1,-1,-1
37,2399,0.8331153247,0.4905852736,0.005837455799999947,0.0183058485,-1,-1,-1,-1
38,2399,0.8334933538,0.4914250707,0.005837455799999947,0.0183058485,-1,-1,-1,-1
39,2399,0.8333048795,0.4894937568,0.006025930099999965,0.02023716240000001,-1,-1,-1,-1
40,2399,0.8340135492,0.4878983892,0.006025930099999965,0.02023716240000001,-1,-1,-1,-1
41,2399,0.8345916297,0.4867423993,0.006025930099999965,0.021597408799999995,-1,-1,-1,-1
42,2399,0.8347111048,0.4864592661,0.006025930099999965,0.02159740879999994,-1,-1,-1,-1
43,2399,0.83483058,0.4862469163,0.006025930099999965,0.021597408699999987,-1,-1,-1,-1
44,2399,0.8351207779,0.4866152363,0.006025930099999965,0.021597408799999995,-1,-1,-1,-1
45,2399,0.8353492317,0.4866152363,0.0060259301000000765,0.021597408799999995,-1,-1,-1,-1
46,2399,0.8353769394,0.4867631816,0.006025930099999965,0.02159740880000005,-1,-1,-1,-1
47,2399,0.8354046471,0.4869111269,0.0060259301000000765,0.021597408799999995,-1,-1,-1,-1
48,2399,0.8354046471,0.4869111269,0.0060259301000000765,0.021597408799999995,-1,-1,-1,-1
49,2399,0.8354046471,0.4869111269,0.0060259301000000765,0.021597408799999995,-1,-1,-1,-1
50,2399,0.8354046471,0.4869111269,0.0060259301000000765,0.021597408799999995,-1,-1,-1,-1
51,2399,0.8354046471,0.4869111269,0.0060259301000000765,0.021597408799999995,-1,-1,-1,-1
52,2399,0.8354046471,0.4870227889,0.0060259301000000765,0.021485746799999983,-1,-1,-1,-1
53,2399,0.8354046471,0.4871072899,0.0060259301000000765,0.02140124579999997,-1,-1,-1,-1
54,2399,0.8354046471,0.4871919281,0.0060259301000000765,0.02131660759999998,-1,-1,-1,-1
55,2399,0.8354046471,0.486853787,0.0060259301000000765,0.021316607600000037,-1,-1,-1,-1
56,2399,0.8354046471,0.486853787,0.0060259301000000765,0.021316607600000037,-1,-1,-1,-1
57,2399,0.8354046471,0.486853787,0.0060259301000000765,0.021316607600000037,-1,-1,-1,-1
58,2399,0.835309561,0.486684785,0.0060259301000000765,0.02131660759999998,-1,-1,-1,-1
59,2399,0.835309561,0.486684785,0.0060259301000000765,0.02131660759999998,-1,-1,-1,-1
60,2399,0.835309561,0.486684785,0.0060259301000000765,0.02131660759999998,-1,-1,-1,-1
61,2399,0.835309561,0.4865156459,0.0060259301000000765,0.021316607600000037,-1,-1,-1,-1
62,2399,0.835309561,0.4865156459,0.0060259301000000765,0.021316607600000037,-1,-1,-1,-1
63,2399,0.835309561,0.4865156459,0.0060259301000000765,0.021316607600000037,-1,-1,-1,-1
64,2399,0.835309561,0.4865156459,0.0060259301000000765,0.021316607600000037,-1,-1,-1,-1
65,2399,0.835309561,0.4865156459,0.0060259301000000765,0.021316607600000037,-1,-1,-1,-1
66,2399,0.835309561,0.4865156459,0.0060259301000000765,0.021316607600000037,-1,-1,-1,-1
67,2399,0.835309561,0.4865156459,0.0060259301000000765,0.021316607600000037,-1,-1,-1,-1
68,2399,0.835309561,0.4865156459,0.0060259301000000765,0.021316607600000037,-1,-1,-1,-1
69,2399,0.835309561,0.4865156459,0.0060259301000000765,0.021316607600000037,-1,-1,-1,-1
70,2399,0.835309561,0.4865156459,0.0060259301000000765,0.021316607600000037,-1,-1,-1,-1
71,2399,0.835309561,0.4865156459,0.0060259301000000765,0.021316607600000037,-1,-1,-1,-1
72,2399,0.835309561,0.4863670832,0.0060259301000000765,0.021465170300000058,-1,-1,-1,-1
73,2399,0.835309561,0.4863670832,0.0060259301000000765,0.021465170300000058,-1,-1,-1,-1
74,2399,0.835309561,0.4863670832,0.0060259301000000765,0.021465170300000058,-1,-1,-1,-1
75,2399,0.835307863,0.4860865564,0.006027628100000015,0.021745697100000072,-1,-1,-1,-1
76,2399,0.835307863,0.4860865564,0.006027628100000015,0.021745697100000072,-1,-1,-1,-1
77,2399,0.835307863,0.4860865564,0.006027628100000015,0.021745697100000072,-1,-1,-1,-1
78,2399,0.835307863,0.4860865564,0.006027628100000015,0.021745697100000072,-1,-1,-1,-1
79,2399,0.835307863,0.4860865564,0.006027628100000015,0.021745697100000072,-1,-1,-1,-1
80,2399,0.835307863,0.4860865564,0.006027628100000015,0.021745697100000072,-1,-1,-1,-1
81,2399,0.835307863,0.4860865564,0.006027628100000015,0.021745697100000072,-1,-1,-1,-1
82,2399,0.835307863,0.4860865564,0.006027628100000015,0.021745697100000072,-1,-1,-1,-1
83,2399,0.835307863,0.4860865564,0.006027628100000015,0.021745697100000072,-1,-1,-1,-1
84,2399,0.835307863,0.4860865564,0.006027628100000015,0.021745697100000072,-1,-1,-1,-1
85,2399,0.8343001968,0.4845692425,0.00703529430000005,0.023263011000000056,-1,-1,-1,-1
86,2399,0.8341686816,0.4845692425,0.007166809500000038,0.023263011000000056,-1,-1,-1,-1
87,2399,0.8341686816,0.4845692425,0.007166809500000038,0.023263011000000056,-1,-1,-1,-1
88,2399,0.8341686816,0.4845692425,0.007166809500000038,0.023263011000000056,-1,-1,-1,-1
89,2399,0.8341686816,0.4845692425,0.007166809500000038,0.023263011000000056,-1,-1,-1,-1
90,2399,0.8341686816,0.4845692425,0.007166809500000038,0.023263011000000056,-1,-1,-1,-1
91,2399,0.8342432378,0.4846592306,0.007092253300000073,0.023173022900000062,-1,-1,-1,-1
92,2399,0.8342432378,0.4846592306,0.007092253300000073,0.023173022900000062,-1,-1,-1,-1
93,2399,0.8342432378,0.4846592306,0.007092253300000073,0.023173022900000062,-1,-1,-1,-1
94,2399,0.8342432378,0.4846592306,0.007092253300000073,0.023173022900000062,-1,-1,-1,-1
95,2399,0.8342432378,0.4846592306,0.007092253300000073,0.023173022900000062,-1,-1,-1,-1
96,2399,0.8342432378,0.4846592306,0.007092253300000073,0.023173022900000062,-1,-1,-1,-1
97,2399,0.8342432378,0.4846592306,0.007092253300000073,0.023173022900000062,-1,-1,-1,-1
98,2399,0.8342432378,0.4846592306,0.007092253300000073,0.023173022900000062,-1,-1,-1,-1
99,2399,0.8342432378,0.4846592306,0.007092253300000073,0.023173022900000062,-1,-1,-1,-1
100,2399,0.8342432378,0.4846592306,0.007092253300000073,0.023173022900000062,-1,-1,-1,-1
101,2399,0.8342432378,0.4846592306,0.007092253300000073,0.023173022900000062,-1,-1,-1,-1
102,2399,0.8342432378,0.4846592306,0.007092253300000073,0.023173022900000062,-1,-1,-1,-1
103,2399,0.8342432378,0.4846592306,0.007092253300000073,0.023173022900000062,-1,-1,-1,-1
104,2399,0.8342432378,0.4846592306,0.007092253300000073,0.023173022900000062,-1,-1,-1,-1
105,2399,0.8342432378,0.4846592306,0.007092253300000073,0.023173022900000062,-1,-1,-1,-1
106,2399,0.8342432378,0.4846592306,0.007092253300000073,0.023173022900000062,-1,-1,-1,-1
107,2399,0.8342432378,0.4846592306,0.007092253300000073,0.023173022900000062,-1,-1,-1,-1
108,2399,0.8342432378,0.4846592306,0.007092253300000073,0.023173022900000062,-1,-1,-1,-1
109,2399,0.8342432378,0.4846592306,0.007092253300000073,0.023173022900000062,-1,-1,-1,-1
110,2399,0.8342432378,0.4846592306,0.007092253300000073,0.023173022900000062,-1,-1,-1,-1
111,2399,0.8342432378,0.4846592306,0.007092253300000073,0.023173022900000062,-1,-1,-1,-1
112,2399,0.8342432378,0.4846592306,0.007092253300000073,0.023173022900000062,-1,-1,-1,-1
113,2399,0.8342432378,0.4846592306,0.007092253300000073,0.023173022900000062,-1,-1,-1,-1
114,2399,0.8342432378,0.4846592306,0.007092253300000073,0.023173022900000062,-1,-1,-1,-1
115,2399,0.8342432378,0.4846592306,0.007092253300000073,0.023173022900000062,-1,-1,-1,-1
116,2399,0.8342432378,0.4846592306,0.007092253300000073,0.023576734600000038,-1,-1,-1,-1
117,2399,0.8342432378,0.4846592306,0.007092253300000073,0.023576734600000038,-1,-1,-1,-1
118,2399,0.8342432378,0.4846592306,0.007092253300000073,0.023576734600000038,-1,-1,-1,-1
119,2399,0.8342432378,0.4846592306,0.007092253300000073,0.023576734600000038,-1,-1,-1,-1
120,2399,0.8342432378,0.4846592306,0.007092253300000073,0.023576734600000038,-1,-1,-1,-1
121,2399,0.8342432378,0.4846592306,0.007092253300000073,0.023576734600000038,-1,-1,-1,-1
122,2399,0.8342432378,0.4846592306,0.007092253300000073,0.023576734600000038,-1,-1,-1,-1
123,2399,0.8342432378,0.4846592306,0.007092253300000073,0.023576734600000038,-1,-1,-1,-1
124,2399,0.8342432378,0.4846592306,0.007092253300000073,0.023576734600000038,-1,-1,-1,-1
125,2399,0.8342432378,0.4846592306,0.007092253300000073,0.023576734600000038,-1,-1,-1,-1
126,2399,0.8342432378,0.4846592306,0.007092253300000073,0.023576734600000038,-1,-1,-1,-1
127,2399,0.8342432378,0.4846592306,0.007092253300000073,0.023576734600000038,-1,-1,-1,-1
128,2399,0.8342432378,0.4846592306,0.007092253300000073,0.023576734600000038,-1,-1,-1,-1
129,2399,0.8342432378,0.4846592306,0.007092253300000073,0.023576734600000038,-1,-1,-1,-1
130,2399,0.8342432378,0.4846592306,0.007092253300000073,0.023576734600000038,-1,-1,-1,-1
131,2399,0.8342432378,0.4846592306,0.007092253300000073,0.023576734600000038,-1,-1,-1,-1
132,2399,0.8342432378,0.4846592306,0.007092253300000073,0.023576734600000038,-1,-1,-1,-1
133,2399,0.8342432378,0.4846592306,0.007092253300000073,0.023576734600000038,-1,-1,-1,-1
134,2399,0.8342432378,0.4846592306,0.007092253300000073,0.023576734600000038,-1,-1,-1,-1
135,2399,0.8342432378,0.4846592306,0.007092253300000073,0.023576734600000038,-1,-1,-1,-1
136,2399,0.8342432378,0.4846592306,0.007092253300000073,0.023576734600000038,-1,-1,-1,-1
137,2399,0.8342432378,0.4846592306,0.007092253300000073,0.023576734600000038,-1,-1,-1,-1
138,2399,0.8342432378,0.4846592306,0.007092253300000073,0.023576734600000038,-1,-1,-1,-1
139,2399,0.8343290623,0.4845888588,0.00700642880000002,0.023647106400000006,-1,-1,-1,-1
140,2399,0.8343290623,0.4845888588,0.007071414599999937,0.023553963200000028,-1,-1,-1,-1
141,2399,0.8343290623,0.4845888588,0.007071414599999937,0.023553963200000028,-1,-1,-1,-1
142,2399,0.8343290623,0.4845888588,0.007071414599999937,0.023553963200000028,-1,-1,-1,-1
143,2399,0.8342244058,0.4844958529,0.007176071099999959,0.023646969100000026,-1,-1,-1,-1
144,2399,0.8342244058,0.4844958529,0.007176071099999959,0.023646969100000026,-1,-1,-1,-1
145,2399,0.8342244058,0.4844958529,0.007176071099999959,0.023646969100000026,-1,-1,-1,-1
146,2399,0.8342244058,0.4844958529,0.007176071099999959,0.023646969100000026,-1,-1,-1,-1
147,2399,0.8342244058,0.4844958529,0.007176071099999959,0.023646969100000026,-1,-1,-1,-1
148,2399,0.8341195949,0.4844958529,0.0072808819999999885,0.023646969100000026,-1,-1,-1,-1
149,2399,0.8342244058,0.4845888588,0.007176071099999959,0.023553963200000028,-1,-1,-1,-1
150,2399,0.8342244058,0.4845888588,0.007176071099999959,0.023553963200000028,-1,-1,-1,-1
151,2399,0.8342244058,0.4845888588,0.007176071099999959,0.023553963200000028,-1,-1,-1,-1
152,2399,0.8342244058,0.4845888588,0.007176071099999959,0.023553963200000028,-1,-1,-1,-1
153,2399,0.834538684,0.4867301906,0.006861792899999997,0.02141263140000005,-1,-1,-1,-1
154,2399,0.834538684,0.4871956318,0.006861792899999997,0.020947190200000076,-1,-1,-1,-1
155,2399,0.834538684,0.4871956318,0.006861792899999997,0.020947190200000076,-1,-1,-1,-1
156,2399,0.834538684,0.4871956318,0.006861792899999997,0.020947190200000076,-1,-1,-1,-1
157,2399,0.834538684,0.4871956318,0.006861792899999997,0.020947190200000076,-1,-1,-1,-1
158,2399,0.834538684,0.4871956318,0.006861792899999997,0.020947190200000076,-1,-1,-1,-1
159,2399,0.834538684,0.4871956318,0.006861792899999997,0.020947190200000076,-1,-1,-1,-1
160,2399,0.834538684,0.4871024887,0.006861792899999997,0.021040333300000047,-1,-1,-1,-1
161,2399,0.834538684,0.4871024887,0.006861792899999997,0.021040333300000047,-1,-1,-1,-1
162,2399,0.834538684,0.4871024887,0.006861792899999997,0.021040333300000047,-1,-1,-1,-1
163,2399,0.834538684,0.4871024887,0.006861792899999997,0.021040333300000047,-1,-1,-1,-1
164,2399,0.834538684,0.4871024887,0.006861792899999997,0.021040333300000047,-1,-1,-1,-1
165,2399,0.834538684,0.4871024887,0.006861792899999997,0.021040333300000047,-1,-1,-1,-1
166,2399,0.834538684,0.4874749241,0.006861792899999997,0.020667897900000065,-1,-1,-1,-1
167,2399,0.834538684,0.4874749241,0.006861792899999997,0.020667897900000065,-1,-1,-1,-1
168,2399,0.834538684,0.4874749241,0.006861792899999997,0.020667897900000065,-1,-1,-1,-1
169,2399,0.834538684,0.4874749241,0.006861792899999997,0.020667897900000065,-1,-1,-1,-1
170,2399,0.834538684,0.4874749241,0.006861792899999997,0.020667897900000065,-1,-1,-1,-1
171,2399,0.834538684,0.4874749241,0.006861792899999997,0.020667897900000065,-1,-1,-1,-1
172,2399,0.834538684,0.4874749241,0.006861792899999997,0.020667897900000065,-1,-1,-1,-1
173,2399,0.834538684,0.4874749241,0.006861792899999997,0.020667897900000065,-1,-1,-1,-1
174,2399,0.834538684,0.4874749241,0.006861792899999997,0.020667897900000065,-1,-1,-1,-1
175,2399,0.834538684,0.4874749241,0.006861792899999997,0.020667897900000065,-1,-1,-1,-1
176,2399,0.834538684,0.4874749241,0.006861792899999997,0.020667897900000065,-1,-1,-1,-1
177,2399,0.834538684,0.4874749241,0.006861792899999997,0.020667897900000065,-1,-1,-1,-1
178,2399,0.834538684,0.4874749241,0.006861792899999997,0.020667897900000065,-1,-1,-1,-1
179,2399,0.834538684,0.487288775,0.006861792899999997,0.020854047000000042,-1,-1,-1,-1
180,2399,0.834538684,0.4871024887,0.006861792899999997,0.021040333300000047,-1,-1,-1,-1
181,2399,0.834538684,0.4871024887,0.006861792899999997,0.021040333300000047,-1,-1,-1,-1
182,2399,0.834538684,0.4871024887,0.006861792899999997,0.021040333300000047,-1,-1,-1,-1
183,2399,0.834538684,0.4871024887,0.006861792899999997,0.021040333300000047,-1,-1,-1,-1
184,2399,0.834538684,0.4871024887,0.006861792899999997,0.021040333300000047,-1,-1,-1,-1
185,2399,0.834538684,0.4871024887,0.006861792899999997,0.021040333300000047,-1,-1,-1,-1
186,2399,0.834538684,0.4871024887,0.006861792899999997,0.021040333300000047,-1,-1,-1,-1
187,2399,0.834538684,0.4871024887,0.006861792899999997,0.021040333300000047,-1,-1,-1,-1
188,2399,0.834538684,0.4871024887,0.006861792899999997,0.021040333300000047,-1,-1,-1,-1
189,2399,0.834538684,0.4871024887,0.006861792899999997,0.021040333300000047,-1,-1,-1,-1
190,2399,0.834538684,0.4871024887,0.006861792899999997,0.021040333300000047,-1,-1,-1,-1
191,2399,0.834538684,0.4871024887,0.006861792899999997,0.021040333300000047,-1,-1,-1,-1
192,2399,0.834538684,0.4871024887,0.006861792899999997,0.021040333300000047,-1,-1,-1,-1
193,2399,0.834538684,0.4871024887,0.006861792899999997,0.021040333300000047,-1,-1,-1,-1
194,2399,0.834538684,0.4871024887,0.006861792899999997,0.021040333300000047,-1,-1,-1,-1
195,2399,0.834538684,0.4871024887,0.006861792899999997,0.021040333300000047,-1,-1,-1,-1
196,2399,0.834538684,0.4871024887,0.006861792899999997,0.021040333300000047,-1,-1,-1,-1
197,2399,0.834538684,0.4871024887,0.006861792899999997,0.021040333300000047,-1,-1,-1,-1
198,2399,0.834538684,0.4871024887,0.006861792899999997,0.021040333300000047,-1,-1,-1,-1
199,2399,0.834538684,0.4871024887,0.006861792899999997,0.021040333300000047,-1,-1,-1,-1
200,2399,0.834538684,0.4871024887,0.006861792899999997,0.021040333300000047,-1,-1,-1,-1
201,2399,0.834538684,0.4871024887,0.006861792899999997,0.021040333300000047,-1,-1,-1,-1
202,2399,0.834538684,0.4871024887,0.006861792899999997,0.021040333300000047,-1,-1,-1,-1
203,2399,0.834538684,0.4871024887,0.006861792899999997,0.021040333300000047,-1,-1,-1,-1
204,2399,0.834538684,0.4871024887,0.006861792899999997,0.021040333300000047,-1,-1,-1,-1
205,2399,0.834538684,0.4871024887,0.006861792899999997,0.021040333300000047,-1,-1,-1,-1
206,2399,0.834538684,0.4871024887,0.006861792899999997,0.021040333300000047,-1,-1,-1,-1
207,2399,0.834538684,0.4871024887,0.006861792899999997,0.021040333300000047,-1,-1,-1,-1
208,2399,0.834538684,0.4871024887,0.006861792899999997,0.021040333300000047,-1,-1,-1,-1
209,2399,0.834538684,0.4871024887,0.006861792899999997,0.021040333300000047,-1,-1,-1,-1
210,2399,0.834538684,0.4871024887,0.006861792899999997,0.021040333300000047,-1,-1,-1,-1
211,2399,0.834538684,0.4871024887,0.006861792899999997,0.021040333300000047,-1,-1,-1,-1
212,2399,0.834538684,0.4871024887,0.006861792899999997,0.021040333300000047,-1,-1,-1,-1
213,2399,0.834538684,0.4871024887,0.006861792899999997,0.021040333300000047,-1,-1,-1,-1
214,2399,0.834538684,0.4871024887,0.006861792899999997,0.021040333300000047,-1,-1,-1,-1
215,2399,0.834538684,0.4871024887,0.006861792899999997,0.021040333300000047,-1,-1,-1,-1
216,2399,0.834538684,0.4871024887,0.006861792899999997,0.021040333300000047,-1,-1,-1,-1
217,2399,0.834538684,0.4871024887,0.006861792899999997,0.021040333300000047,-1,-1,-1,-1
218,2399,0.834538684,0.4871024887,0.006861792899999997,0.021040333300000047,-1,-1,-1,-1
219,2399,0.834538684,0.4871024887,0.006861792899999997,0.021040333300000047,-1,-1,-1,-1
220,2399,0.834538684,0.4871024887,0.006861792899999997,0.021040333300000047,-1,-1,-1,-1
221,2399,0.834538684,0.4871024887,0.006861792899999997,0.021040333300000047,-1,-1,-1,-1
222,2399,0.834538684,0.4864152323,0.006861792899999997,0.02172758970000005,-1,-1,-1,-1
223,2399,0.834538684,0.4865910932,0.006861792899999997,0.02155172880000006,-1,-1,-1,-1
224,2399,0.834538684,0.486942952,0.006861792899999997,0.02155172880000006,-1,-1,-1,-1
225,2399,0.834538684,0.486942952,0.006861792899999997,0.02155172880000006,-1,-1,-1,-1
226,2399,0.834538684,0.486942952,0.006861792899999997,0.02155172880000006,-1,-1,-1,-1
227,2399,0.834538684,0.4872946736,0.006861792899999997,0.02155172890000001,-1,-1,-1,-1
228,2399,0.834538684,0.4872946736,0.006861792899999997,0.02155172890000001,-1,-1,-1,-1
229,2399,0.834538684,0.4872946736,0.006861792899999997,0.02155172890000001,-1,-1,-1,-1
230,2399,0.834538684,0.4872946736,0.006861792899999997,0.02155172890000001,-1,-1,-1,-1
231,2399,0.834538684,0.4872946736,0.006861792899999997,0.02155172890000001,-1,-1,-1,-1
232,2399,0.834538684,0.4872946736,0.006861792899999997,0.02155172890000001,-1,-1,-1,-1
233,2399,0.834538684,0.486942952,0.006861792899999997,0.021903450500000032,-1,-1,-1,-1
234,2399,0.834538684,0.486942952,0.006861792899999997,0.021903450500000032,-1,-1,-1,-1
