1,980,0.3281092552,0.4204527497,0.0031861576999999697,0.015503872799999985,-1,-1,-1,-1
2,980,0.3276014969,0.4207454069,0.003411127299999983,0.0156319372,-1,-1,-1,-1
3,980,0.3273235276,0.4210857536,0.0032003909000000164,0.015595574499999987,-1,-1,-1,-1
4,980,0.326997804,0.4213849039,0.003281607299999989,0.015904666700000014,-1,-1,-1,-1
5,980,0.3273877477,0.421645538,0.003356134700000013,0.016078471900000002,-1,-1,-1,-1
6,980,0.3274038936,0.4220441559,0.0033399888000000266,0.01620112629999998,-1,-1,-1,-1
7,980,0.3276796643,0.4222256228,0.0034552134999999984,0.01619346260000004,-1,-1,-1,-1
8,980,0.3276621499,0.4225518845,0.003717235200000002,0.016214670000000042,-1,-1,-1,-1
9,980,0.3283254761,0.4230580145,0.003371583099999964,0.016099494199999953,-1,-1,-1,-1
10,980,0.3286907317,0.4235574651,0.0033722216000000027,0.01633860420000005,-1,-1,-1,-1
11,980,0.3291467644,0.4240061945,0.0036257252999999934,0.01671526830000003,-1,-1,-1,-1
12,980,0.3298049815,0.4243641502,0.003260793400000017,0.016878584899999993,-1,-1,-1,-1
13,980,0.3300794272,0.4249437426,0.003475207799999991,0.016646461700000004,-1,-1,-1,-1
14,980,0.33056569,0.4254170534,0.003379940499999956,0.016781393300000003,-1,-1,-1,-1
15,980,0.3303797895,0.4257058441,0.0035414520000000005,0.016883556799999977,-1,-1,-1,-1
16,980,0.3305116733,0.4260069023,0.003507278500000044,0.017147256,-1,-1,-1,-1
17,980,0.330264782,0.4264094258,0.003656459500000042,0.017135686799999994,-1,-1,-1,-1
18,980,0.3305750707,0.4267686013,0.0035905237000000145,0.017384616500000005,-1,-1,-1,-1
19,980,0.3305676853,0.4271819617,0.00369577369999996,0.017449180499999994,-1,-1,-1,-1
20,980,0.3313994042,0.4275953221,0.003621656799999984,0.017557092399999974,-1,-1,-1,-1
21,980,0.3314611723,0.4280086825,0.003652968099999987,0.017724470499999978,-1,-1,-1,-1
22,980,0.331840769,0.4283785578,0.003571441800000019,0.018033552399999986,-1,-1,-1,-1
23,980,0.3314529158,0.4290644865,0.003800920999999957,0.01795902119999998,-1,-1,-1,-1
24,980,0.3317693074,0.4295057221,0.0038083436999999942,0.01809891790000001,-1,-1,-1,-1
25,980,0.3319841711,0.4300463898,0.003815766499999984,0.01823881460000004,-1,-1,-1,-1
26,980,0.3323714248,0.430682807,0.0038231893000000294,0.018378711300000017,-1,-1,-1,-1
27,980,0.3326554242,0.4312194852,0.003918195900000032,0.01829350930000001,-1,-1,-1,-1
28,980,0.3326524201,0.4316604138,0.0037864431999999892,0.018427077600000008,-1,-1,-1,-1
29,980,0.3327537217,0.4321056947,0.003900628999999989,0.018891416900000013,-1,-1,-1,-1
30,980,0.3324445638,0.4326991594,0.0037519532999999994,0.018537325900000012,-1,-1,-1,-1
31,980,0.332313098,0.4329551071,0.004045034700000005,0.01880800039999997,-1,-1,-1,-1
32,980,0.3322199056,0.4336570458,0.0038688678000000087,0.018680421500000044,-1,-1,-1,-1
33,980,0.3338639991,0.4339201327,0.0038677888000000493,0.018943956799999995,-1,-1,-1,-1
34,980,0.3347238589,0.4342479914,0.004246981799999994,0.019286344499999997,-1,-1,-1,-1
35,980,0.3365112428,0.4346386856,0.004210356099999979,0.019565896799999982,-1,-1,-1,-1
36,980,0.3378693704,0.4351857707,0.0039028069,0.01978480760000001,-1,-1,-1,-1
37,980,0.3392487446,0.4357362754,0.003909844699999998,0.019924195000000033,-1,-1,-1,-1
38,980,0.3397766062,0.4366255859,0.0040695605000000135,0.01978123479999999,-1,-1,-1,-1
39,980,0.34034711,0.4371558359,0.004063875100000003,0.019944151199999982,-1,-1,-1,-1
40,980,0.340711837,0.4378340624,0.003834663799999971,0.019913251099999973,-1,-1,-1,-1
41,980,0.3410226921,0.4384548392,0.003851331099999966,0.020095549200000007,-1,-1,-1,-1
42,980,0.3413934049,0.4390224218,0.004149648100000014,0.020304621099999975,-1,-1,-1,-1
43,980,0.3416295152,0.4396857539,0.0043445126999999695,0.020311535500000033,-1,-1,-1,-1
44,980,0.3423697011,0.4400002843,0.004295487500000028,0.020515063499999986,-1,-1,-1,-1
45,980,0.3425396532,0.4406419588,0.004431081299999973,0.020312825499999965,-1,-1,-1,-1
46,980,0.3434961344,0.4408910604,0.004498011000000024,0.02111696830000004,-1,-1,-1,-1
47,980,0.343550262,0.441559066,0.004390011600000021,0.021023459600000016,-1,-1,-1,-1
48,980,0.344116095,0.442322821,0.004362897099999985,0.02112145010000005,-1,-1,-1,-1
49,980,0.3441568704,0.4430865761,0.004133647399999996,0.021171565599999997,-1,-1,-1,-1
50,980,0.3442783764,0.4435630827,0.0042276288000000495,0.021796178200000016,-1,-1,-1,-1
51,980,0.3440308909,0.4445653538,0.004448101199999999,0.02136826679999998,-1,-1,-1,-1
52,980,0.3437295336,0.4456514057,0.00445532439999996,0.021578451100000007,-1,-1,-1,-1
53,980,0.3435126527,0.4463831844,0.004462547500000025,0.021788635499999987,-1,-1,-1,-1
54,980,0.3431860985,0.4471662576,0.004469770700000042,0.021998819700000005,-1,-1,-1,-1
55,980,0.3434581905,0.4479972054,0.004697570500000026,0.022197267600000015,-1,-1,-1,-1
56,980,0.3435260248,0.4486805395,0.004737479900000008,0.022662927400000032,-1,-1,-1,-1
57,980,0.3441546232,0.4498992003,0.004755343799999978,0.02240176149999995,-1,-1,-1,-1
58,980,0.3446620948,0.4506439011,0.0049752195000000166,0.022566543699999997,-1,-1,-1,-1
59,980,0.3450139366,0.4518194746,0.005162096299999974,0.022444214600000012,-1,-1,-1,-1
60,980,0.3456081245,0.4519836941,0.0053758319000000165,0.022519368799999995,-1,-1,-1,-1
61,980,0.3462986776,0.4527976423,0.005897472800000025,0.022710790199999997,-1,-1,-1,-1
62,980,0.3458264836,0.4531727386,0.005803935099999991,0.0236761868,-1,-1,-1,-1
63,980,0.3455373612,0.4541031821,0.005823698200000005,0.023463864499999987,-1,-1,-1,-1
64,980,0.3437398269,0.4546745649,0.005735871800000014,0.023945726099999953,-1,-1,-1,-1
65,980,0.3425862335,0.4553804725,0.005345138600000021,0.024207555899999955,-1,-1,-1,-1
66,980,0.3397554349,0.4563633404,0.006102822499999994,0.024691292199999992,-1,-1,-1,-1
67,980,0.3400709688,0.4573462082,0.00456367190000001,0.024731215600000023,-1,-1,-1,-1
68,980,0.3372685002,0.4584908673,0.006244864999999988,0.02535997969999998,-1,-1,-1,-1
69,980,0.3354901592,0.4593679628,0.005915565999999983,0.026012818400000026,-1,-1,-1,-1
70,980,0.3321887419,0.4604722655,0.00639696900000003,0.026544076100000036,-1,-1,-1,-1
71,980,0.3313090242,0.4615765682,0.0056143770999999565,0.026178471100000045,-1,-1,-1,-1
72,980,0.3298573161,0.4627335469,0.00617557879999997,0.025865541999999964,-1,-1,-1,-1
73,980,0.330518944,0.4636742798,0.005335973100000002,0.02629657830000004,-1,-1,-1,-1
74,980,0.3285815848,0.4651603215,0.007065408499999981,0.02628779490000005,-1,-1,-1,-1
75,980,0.3299985978,0.4661779555,0.005500054899999995,0.026694605999999954,-1,-1,-1,-1
76,980,0.3289052219,0.4672559473,0.006444935900000004,0.026882894400000024,-1,-1,-1,-1
77,980,0.3293255577,0.4685449171,0.0058168306999999975,0.0275459522,-1,-1,-1,-1
78,980,0.3285782171,0.4695059519,0.006579453000000013,0.02729439640000003,-1,-1,-1,-1
79,980,0.3288403565,0.4708594841,0.006128067500000001,0.027359822300000003,-1,-1,-1,-1
80,980,0.3297525084,0.471429919,0.006222810000000023,0.028335096900000023,-1,-1,-1,-1
81,980,0.3307880717,0.4725770457,0.006144899999999953,0.02847894220000008,-1,-1,-1,-1
82,980,0.3324108228,0.4739436554,0.005912938099999987,0.028512634500000023,-1,-1,-1,-1
83,980,0.3330569413,0.4749823902,0.0062247816999999595,0.0290135735,-1,-1,-1,-1
84,980,0.3351392825,0.4760211251,0.005930245199999962,0.029387212200000012,-1,-1,-1,-1
85,980,0.3362125143,0.4774834622,0.006009161099999993,0.02983135990000002,-1,-1,-1,-1
86,980,0.3374758858,0.4790647967,0.0063747573000000335,0.02973290789999994,-1,-1,-1,-1
87,980,0.3384412385,0.4805442393,0.006045061699999965,0.030654335799999988,-1,-1,-1,-1
88,980,0.3393622533,0.4819239542,0.006594023099999957,0.030121962800000013,-1,-1,-1,-1
89,980,0.3409562709,0.4832770483,0.006430311099999975,0.031240385199999998,-1,-1,-1,-1
90,980,0.3418668001,0.484390101,0.006870591700000039,0.0313919117,-1,-1,-1,-1
91,980,0.3450761119,0.4857704723,0.005568251100000032,0.03185401849999997,-1,-1,-1,-1
92,980,0.3469102367,0.4869716695,0.0056809225000000185,0.031147069699999974,-1,-1,-1,-1
93,980,0.3481285399,0.4877903488,0.006766914700000015,0.03195256519999995,-1,-1,-1,-1
94,980,0.3492059398,0.4888209665,0.007437648900000038,0.032263537799999964,-1,-1,-1,-1
95,980,0.3496277548,0.4899557701,0.0068005008999999506,0.032362228999999965,-1,-1,-1,-1
96,980,0.3480093853,0.49096873,0.006805647400000003,0.03210826910000003,-1,-1,-1,-1
97,980,0.3498724847,0.4912754346,0.006271130000000014,0.03230761010000005,-1,-1,-1,-1
98,980,0.350854207,0.4918953337,0.006285805500000019,0.032952619399999994,-1,-1,-1,-1
99,980,0.3508080161,0.4920374456,0.006331996399999984,0.03272614369999999,-1,-1,-1,-1
100,980,0.3510465897,0.4916398485,0.005998490999999995,0.033461058800000054,-1,-1,-1,-1
101,980,0.3505022462,0.4925071599,0.006258193500000009,0.033690065400000024,-1,-1,-1,-1
102,980,0.3513338734,0.4941054414,0.007087177900000019,0.033694010299999966,-1,-1,-1,-1
103,980,0.3529484176,0.4954506314,0.0068010612999999664,0.03361386590000004,-1,-1,-1,-1
104,980,0.3534240891,0.4967958215,0.007029737300000005,0.03351328200000003,-1,-1,-1,-1
105,980,0.3549121719,0.4977509021,0.0073046071999999795,0.03409650339999998,-1,-1,-1,-1
106,980,0.3542002176,0.499118647,0.007447125200000015,0.0349212572,-1,-1,-1,-1
107,980,0.3544399738,0.5007065532,0.007159980300000035,0.03561035069999996,-1,-1,-1,-1
108,980,0.3541578367,0.5028352673,0.0074421174000000034,0.03609581719999999,-1,-1,-1,-1
109,980,0.3548571727,0.5044526973,0.007217285899999981,0.03667102310000003,-1,-1,-1,-1
110,980,0.3559076174,0.5066772998,0.007637743600000024,0.03672328310000006,-1,-1,-1,-1
111,980,0.3568530637,0.5082755231,0.007736083900000024,0.036727286299999995,-1,-1,-1,-1
112,980,0.3577402687,0.5101201056,0.007275840400000011,0.036822385400000046,-1,-1,-1,-1
113,980,0.358089694,0.5108263825,0.007163667399999962,0.037212426500000007,-1,-1,-1,-1
114,980,0.3591248314,0.5114866553,0.006365782200000003,0.03781706209999991,-1,-1,-1,-1
115,980,0.3591587085,0.5116746417,0.006236973400000012,0.037797666100000016,-1,-1,-1,-1
116,980,0.3588024821,0.5118532543,0.0064984223000000285,0.037534826900000096,-1,-1,-1,-1
117,980,0.3583870777,0.5121900491,0.007150924700000005,0.03686071400000002,-1,-1,-1,-1
118,980,0.3581206753,0.5124905508,0.007180229099999991,0.03681316659999989,-1,-1,-1,-1
119,980,0.3581391455,0.5123273487,0.0064973908000000025,0.03706073250000008,-1,-1,-1,-1
120,980,0.3584991232,0.5123664552,0.006611917700000025,0.03727458019999996,-1,-1,-1,-1
121,980,0.3582185042,0.5124899255,0.006702673100000001,0.03656083759999995,-1,-1,-1,-1
122,980,0.3585548647,0.5123321831,0.006129214700000052,0.037055898100000095,-1,-1,-1,-1
123,980,0.358487958,0.5124275321,0.006101189600000001,0.03704477569999998,-1,-1,-1,-1
124,980,0.358753081,0.5124385173,0.005503882500000001,0.03678083629999995,-1,-1,-1,-1
125,980,0.3585395021,0.5125142253,0.005907324999999963,0.036705128299999945,-1,-1,-1,-1
126,980,0.3585179633,0.5125899332,0.005926705599999971,0.03671384589999993,-1,-1,-1,-1
127,980,0.3584017771,0.5126656411,0.005997506900000005,0.03672244010000003,-1,-1,-1,-1
128,980,0.358144602,0.5124882577,0.006349613800000042,0.0368154597,-1,-1,-1,-1
129,980,0.3581749091,0.5124819895,0.006366695400000011,0.03673736409999995,-1,-1,-1,-1
130,980,0.3581578273,0.5124765247,0.006382439399999995,0.0367461067999999,-1,-1,-1,-1
131,980,0.35818859,0.512556235,0.006827519100000012,0.03675484929999995,-1,-1,-1,-1
132,980,0.3582667414,0.5124673548,0.006607047200000049,0.03692072639999999,-1,-1,-1,-1
133,980,0.3586292235,0.5124644913,0.006671680900000032,0.0368392260999999,-1,-1,-1,-1
134,980,0.3587985532,0.512293734,0.006929312700000023,0.037094347200000044,-1,-1,-1,-1
135,980,0.3593934211,0.5115350969,0.00856449279999999,0.03785298430000006,-1,-1,-1,-1
136,980,0.3609790908,0.5116283423,0.009113939299999985,0.036663420899999966,-1,-1,-1,-1
137,980,0.3632128421,0.5115528601,0.008588188300000021,0.03682326690000004,-1,-1,-1,-1
138,980,0.3636682158,0.5116478449,0.008370066899999973,0.03681250879999998,-1,-1,-1,-1
139,980,0.361224385,0.5121645116,0.010481868000000005,0.036127251599999965,-1,-1,-1,-1
140,980,0.3595177821,0.5114960578,0.008297811299999958,0.03418138770000001,-1,-1,-1,-1
141,980,0.3609133204,0.5096685037,0.009132166599999991,0.0348794737,-1,-1,-1,-1
142,980,0.3652832569,0.508487822,0.007988675899999964,0.03578779090000006,-1,-1,-1,-1
143,980,0.3677077276,0.5086212847,0.00741468040000004,0.0369719342,-1,-1,-1,-1
144,980,0.3682547661,0.5090078388,0.007769107899999961,0.037428606600000025,-1,-1,-1,-1
145,980,0.36974396,0.5093070798,0.007940525600000026,0.03586445719999998,-1,-1,-1,-1
146,980,0.3714526582,0.5103634265,0.007750118599999967,0.03598879229999996,-1,-1,-1,-1
147,980,0.3720970821,0.5111562781,0.007753183100000005,0.03600773030000004,-1,-1,-1,-1
148,980,0.3729700323,0.512784739,0.007893356100000026,0.0367719326,-1,-1,-1,-1
149,980,0.3737364648,0.5138051392,0.007894826399999999,0.03678220479999994,-1,-1,-1,-1
150,980,0.3736857576,0.5147302628,0.007896296699999972,0.03679247699999999,-1,-1,-1,-1
151,980,0.3741556591,0.5164043479,0.007561806599999998,0.03720014029999996,-1,-1,-1,-1
152,980,0.3731475371,0.5186494014,0.00823789890000004,0.03832840449999997,-1,-1,-1,-1
153,980,0.3712957515,0.5194342182,0.008235239200000022,0.03832019639999995,-1,-1,-1,-1
154,980,0.3694650523,0.5209686646,0.008232579600000012,0.03831198829999993,-1,-1,-1,-1
155,980,0.3687258483,0.5212374447,0.00818329000000001,0.038357714099999995,-1,-1,-1,-1
156,980,0.3695918211,0.521215867,0.007761946299999989,0.038403439999999955,-1,-1,-1,-1
157,980,0.3691602922,0.5212872952,0.007728832899999982,0.03844916580000002,-1,-1,-1,-1
158,980,0.3689044468,0.5218191141,0.007171137999999966,0.036961607999999924,-1,-1,-1,-1
159,980,0.3686087249,0.5214880118,0.007519188199999971,0.0370138297,-1,-1,-1,-1
160,980,0.3686425089,0.5214495902,0.007493245699999984,0.03713589489999991,-1,-1,-1,-1
161,980,0.3685193081,0.5214111686,0.0074673033000000055,0.03725796009999993,-1,-1,-1,-1
162,980,0.3687187982,0.521372747,0.007441360800000019,0.03738002529999995,-1,-1,-1,-1
163,980,0.3689088996,0.5214273313,0.007415418299999976,0.03750209059999998,-1,-1,-1,-1
164,980,0.36872321,0.5213830968,0.007389475899999998,0.03762415590000001,-1,-1,-1,-1
165,980,0.368760623,0.5213388623,0.007363533400000011,0.03774622109999992,-1,-1,-1,-1
166,980,0.3687980359,0.5212946278,0.007337591000000032,0.03786828639999995,-1,-1,-1,-1
167,980,0.3688354489,0.5212503933,0.007311648500000045,0.03799035159999997,-1,-1,-1,-1
168,980,0.3688728619,0.5212061588,0.007285706000000003,0.0381124169,-1,-1,-1,-1
169,980,0.3689102749,0.5211619243,0.007259763500000016,0.03823448220000003,-1,-1,-1,-1
170,980,0.3689476878,0.5211176898,0.007233821100000037,0.03835654740000005,-1,-1,-1,-1
171,980,0.3689851008,0.5210734553,0.007207878599999995,0.03847861269999997,-1,-1,-1,-1
172,980,0.3690225138,0.5210292208,0.007181936100000008,0.03860067789999999,-1,-1,-1,-1
173,980,0.3690599268,0.5209849864,0.007155993600000021,0.03872274310000001,-1,-1,-1,-1
174,980,0.3690973397,0.5209407519,0.007130051299999995,0.03884480830000003,-1,-1,-1,-1
175,980,0.3691347527,0.5208965174,0.0071041088000000086,0.03896687360000006,-1,-1,-1,-1
176,980,0.3691721657,0.5208522829,0.007078166300000022,0.039088938800000084,-1,-1,-1,-1
177,980,0.3692095787,0.5208080484,0.007052223800000035,0.0392110041,-1,-1,-1,-1
178,980,0.3692469916,0.5207638139,0.007026281400000001,0.03933306939999992,-1,-1,-1,-1
179,980,0.3692844046,0.5207195794,0.007000338900000014,0.03945513459999994,-1,-1,-1,-1
180,980,0.368921816,0.5207040258,0.007165999699999981,0.03909893880000004,-1,-1,-1,-1
181,980,0.3687095264,0.5210602216,0.007052243300000038,0.039021623600000055,-1,-1,-1,-1
182,980,0.3681661539,0.5213916341,0.007281955000000007,0.03850433639999995,-1,-1,-1,-1
183,980,0.3661102346,0.5208599883,0.009337874300000049,0.03903598219999993,-1,-1,-1,-1
184,980,0.3658480927,0.5216652159,0.009704518299999965,0.038137748699999974,-1,-1,-1,-1
185,980,0.3657864009,0.5224937522,0.009661708000000047,0.03758809299999999,-1,-1,-1,-1
186,980,0.3663236705,0.5223084263,0.008392460300000015,0.03805216240000009,-1,-1,-1,-1
187,980,0.3648320703,0.5212865956,0.008315293500000043,0.03898112440000001,-1,-1,-1,-1
188,980,0.363973846,0.5203578471,0.007291244299999999,0.039723998100000046,-1,-1,-1,-1
189,980,0.3625469765,0.519812388,0.008665785499999967,0.03924707760000001,-1,-1,-1,-1
190,980,0.3619044575,0.5199042136,0.00936063279999999,0.03924825799999998,-1,-1,-1,-1
191,980,0.3617065227,0.5198101646,0.009663069700000027,0.03962105050000009,-1,-1,-1,-1
192,980,0.3613203298,0.5203109147,0.010258421299999987,0.03884155690000002,-1,-1,-1,-1
193,980,0.3610648803,0.5204399839,0.010461542499999976,0.03908423719999998,-1,-1,-1,-1
194,980,0.3611578742,0.5204450452,0.01024655229999999,0.03957484180000004,-1,-1,-1,-1
195,980,0.361250868,0.5204501065,0.010031562100000002,0.03944586399999994,-1,-1,-1,-1
196,980,0.3613438619,0.5204551678,0.009816571900000015,0.040556051100000046,-1,-1,-1,-1
197,980,0.3613607199,0.520453575,0.009791459700000005,0.04048426869999999,-1,-1,-1,-1
198,980,0.3615344083,0.5204519822,0.009766347399999986,0.04041248630000005,-1,-1,-1,-1
199,980,0.361542041,0.5204503894,0.009741235200000031,0.04034070379999999,-1,-1,-1,-1
200,980,0.3617065041,0.5203559278,0.009716122900000013,0.04121291530000004,-1,-1,-1,-1
201,980,0.3617036815,0.5203605263,0.009691010599999994,0.041078199900000056,-1,-1,-1,-1
202,980,0.3617008588,0.5203651247,0.009665898399999984,0.04094348460000008,-1,-1,-1,-1
203,980,0.3616980361,0.5203697232,0.009640786199999973,0.040808769199999984,-1,-1,-1,-1
204,980,0.3616952135,0.5203743216,0.00961567390000001,0.04067405390000001,-1,-1,-1,-1
205,980,0.3616923908,0.5203789201,0.0095905617,0.04053933860000003,-1,-1,-1,-1
206,980,0.3616895681,0.5203835185,0.00956544949999999,0.04040462330000005,-1,-1,-1,-1
207,980,0.3616867455,0.520388117,0.009540337199999971,0.04076576590000003,-1,-1,-1,-1
208,980,0.3616839228,0.5203927155,0.009515225000000016,0.04013519249999997,-1,-1,-1,-1
209,980,0.3616811001,0.5203973139,0.009490112699999997,0.040000477199999995,-1,-1,-1,-1
210,980,0.3616782775,0.5204019124,0.009465000400000034,0.03986576180000001,-1,-1,-1,-1
211,980,0.3616754548,0.5204065108,0.009439888199999968,0.03973104660000004,-1,-1,-1,-1
212,980,0.3616726321,0.5204111093,0.009414776000000014,0.04028062450000003,-1,-1,-1,-1
213,980,0.3616698095,0.5204157077,0.009389663699999995,0.04027602610000003,-1,-1,-1,-1
214,980,0.3616669868,0.5204203062,0.00936455150000004,0.04042547730000001,-1,-1,-1,-1
215,980,0.3616641642,0.5204249047,0.009339439199999966,0.04026682910000001,-1,-1,-1,-1
216,980,0.3616515105,0.5204057027,0.009372993300000021,0.0402089377,-1,-1,-1,-1
217,980,0.3617104763,0.5203865007,0.00933492800000002,0.040305233100000004,-1,-1,-1,-1
218,980,0.3617104763,0.5203672987,0.009355828400000044,0.04047848480000005,-1,-1,-1,-1
219,980,0.3612975616,0.5203480967,0.0097896435,0.038822893799999925,-1,-1,-1,-1
220,980,0.3612697088,0.5203288948,0.00983839670000003,0.038730570799999975,-1,-1,-1,-1
221,980,0.3612759542,0.5203601445,0.009708497499999968,0.03865376860000003,-1,-1,-1,-1
222,980,0.3612821997,0.5203913942,0.009578598100000002,0.03857696639999997,-1,-1,-1,-1
223,980,0.3612884451,0.520422644,0.009448698799999988,0.038500164,-1,-1,-1,-1
224,980,0.3612946905,0.5204538937,0.009318799499999975,0.038423361800000055,-1,-1,-1,-1
225,980,0.3615959191,0.5204851434,0.009188900200000016,0.038346559599999996,-1,-1,-1,-1
226,980,0.3615693886,0.5205163932,0.009637816500000007,0.03826975720000003,-1,-1,-1,-1
227,980,0.3616607897,0.5202330962,0.009546415400000008,0.03899509709999993,-1,-1,-1,-1
228,980,0.3616174118,0.520204478,0.009471861699999973,0.04056421209999994,-1,-1,-1,-1
229,980,0.3617509313,0.5202981302,0.00945627379999997,0.040547653299999986,-1,-1,-1,-1
230,980,0.3612002935,0.5202869792,0.010065877300000026,0.040795434500000005,-1,-1,-1,-1
231,980,0.3619081966,0.5200106652,0.00959291109999999,0.04111290159999992,-1,-1,-1,-1
232,980,0.3617245127,0.5202625738,0.009219507500000002,0.04105907640000006,-1,-1,-1,-1
233,980,0.3615408287,0.5202231704,0.009458761300000007,0.03964851980000006,-1,-1,-1,-1
234,980,0.3613571448,0.520766391,0.008019806300000043,0.03765533909999996,-1,-1,-1,-1
