62,2339,0.9920237234,0.5778212903,0.009494413399999901,0.03745355189999999,-1,-1,-1,-1
63,2339,0.9817189167,0.5745286327,0.010189036200000001,0.040128776199999994,-1,-1,-1,-1
64,2339,0.9697931691,0.5726766071,0.010420731500000002,0.044656163299999996,-1,-1,-1,-1
65,2339,0.9580991168,0.5718534084,0.013315147599999966,0.046096658099999965,-1,-1,-1,-1
66,2339,0.9452470511,0.5693839494,0.01655718380000004,0.04856611709999992,-1,-1,-1,-1
67,2339,0.933437074,0.5669144905,0.017830813300000026,0.05103557599999997,-1,-1,-1,-1
68,2339,0.9303109626,0.5638275982,0.010189036200000001,0.05062404530000009,-1,-1,-1,-1
69,2339,0.9187326807,0.5611522368,0.013083606699999972,0.04980098369999997,-1,-1,-1,-1
70,2339,0.9146802512,0.560740706,0.011462511399999986,0.046714091499999943,-1,-1,-1,-1
71,2339,0.9121992129,0.5595059765,0.009204678500000063,0.048209731499999964,-1,-1,-1,-1
72,2339,0.9061453435,0.558976748,0.011785125100000071,0.04715154860000004,-1,-1,-1,-1
73,2339,0.9062303962,0.558069597,0.010998348999999963,0.04785362009999994,-1,-1,-1,-1
74,2339,0.9062303962,0.558069597,0.011338559799999981,0.04785362009999994,-1,-1,-1,-1
75,2339,0.9062303962,0.5586001973,0.011934083099999993,0.04732301979999998,-1,-1,-1,-1
76,2339,0.9062303962,0.5593561793,0.012614659100000036,0.04656703779999993,-1,-1,-1,-1
77,2339,0.9062303962,0.5593561793,0.013635445899999987,0.04717185089999998,-1,-1,-1,-1
78,2339,0.9062303962,0.5593561793,0.01380555129999994,0.04717185089999998,-1,-1,-1,-1
79,2339,0.9062303962,0.5593561793,0.014911390800000035,0.0458110558,-1,-1,-1,-1
80,2339,0.9063154489,0.5593561793,0.01678285909999999,0.046869512899999966,-1,-1,-1,-1
81,2339,0.9086121807,0.5595073483,0.014486127299999985,0.04717185089999998,-1,-1,-1,-1
82,2339,0.9086121807,0.5595073483,0.013720498599999909,0.04717185089999998,-1,-1,-1,-1
83,2339,0.9086121807,0.5593561793,0.013210182299999929,0.04717185089999998,-1,-1,-1,-1
84,2339,0.9086121807,0.5593561793,0.013635445899999987,0.04717185089999998,-1,-1,-1,-1
85,2339,0.9086121807,0.5593561793,0.013465340399999914,0.04717185089999998,-1,-1,-1,-1
86,2339,0.9086121807,0.5593561793,0.013720498599999909,0.04717185089999998,-1,-1,-1,-1
87,2339,0.9086121807,0.5593561793,0.013380287699999993,0.04717185089999998,-1,-1,-1,-1
88,2339,0.9086121807,0.5593561793,0.013635445899999987,0.04717185089999998,-1,-1,-1,-1
89,2339,0.9086121807,0.5593561793,0.013635445899999987,0.04717185089999998,-1,-1,-1,-1
90,2339,0.9086121807,0.5593561793,0.013125129599999896,0.04717185089999998,-1,-1,-1,-1
91,2339,0.9080166574,0.5596586544,0.01431602189999992,0.04717185090000009,-1,-1,-1,-1
92,2339,0.9077614992,0.5596586544,0.01431602189999992,0.04717185090000009,-1,-1,-1,-1
93,2339,0.9077614992,0.5596586544,0.01431602189999992,0.04717185090000009,-1,-1,-1,-1
94,2339,0.9077614992,0.5596586544,0.01431602189999992,0.04717185090000009,-1,-1,-1,-1
95,2339,0.9077614992,0.5596586544,0.01431602189999992,0.04717185090000009,-1,-1,-1,-1
96,2339,0.9077614992,0.5596586544,0.01431602189999992,0.04717185090000009,-1,-1,-1,-1
97,2339,0.9077614992,0.5596586544,0.013890604099999981,0.04717185090000009,-1,-1,-1,-1
98,2339,0.9077614992,0.5596586544,0.013890604099999981,0.04717185090000009,-1,-1,-1,-1
99,2339,0.9077614992,0.5596586544,0.013890604099999981,0.04717185090000009,-1,-1,-1,-1
100,2339,0.9077614992,0.5596586544,0.013890604099999981,0.04717185090000009,-1,-1,-1,-1
101,2339,0.9077614992,0.5596586544,0.013890604099999981,0.04717185090000009,-1,-1,-1,-1
102,2339,0.9077614992,0.5604144993,0.013295235099999969,0.046416006000000065,-1,-1,-1,-1
103,2339,0.9088673388,0.5592050104,0.010573085400000015,0.04732301979999998,-1,-1,-1,-1
104,2339,0.9088673388,0.5592050104,0.010573085400000015,0.04732301979999998,-1,-1,-1,-1
105,2339,0.9088673388,0.5592050104,0.011508819499999934,0.04732301979999998,-1,-1,-1,-1
106,2339,0.9088673388,0.5592050104,0.012104342799999945,0.047927832800000014,-1,-1,-1,-1
107,2339,0.9088673388,0.5592050104,0.012189395499999978,0.047927832800000014,-1,-1,-1,-1
108,2339,0.9088673388,0.5598096862,0.011934237399999992,0.047323157000000005,-1,-1,-1,-1
109,2339,0.9088673388,0.5589025352,0.011934237399999992,0.047323157000000005,-1,-1,-1,-1
110,2339,0.9088673388,0.5589025352,0.011934237399999992,0.047323157000000005,-1,-1,-1,-1
111,2339,0.9088673388,0.5589025352,0.011934237399999992,0.047323157000000005,-1,-1,-1,-1
112,2339,0.9087821317,0.5595072111,0.011934237399999992,0.047323157000000005,-1,-1,-1,-1
113,2339,0.9075912395,0.5593560421,0.013720652900000019,0.0470208191,-1,-1,-1,-1
114,2339,0.9072510287,0.5601120242,0.011253661400000059,0.04611366800000005,-1,-1,-1,-1
115,2339,0.9069108178,0.5593560421,0.010402980099999959,0.047171988100000006,-1,-1,-1,-1
116,2339,0.903678352,0.5567858954,0.013550393199999955,0.04717185079999997,-1,-1,-1,-1
117,2339,0.901041255,0.5555764064,0.013380287800000001,0.047323019900000096,-1,-1,-1,-1
118,2339,0.8975534767,0.5542157486,0.011253815800000067,0.04641573160000001,-1,-1,-1,-1
119,2339,0.8907481798,0.5530062597,0.011679079300000006,0.04505507370000006,-1,-1,-1,-1
120,2339,0.8907481798,0.5539135478,0.01099865769999997,0.0444501236,-1,-1,-1,-1
121,2339,0.8893019751,0.5528552279,0.0119343918,0.045810781400000056,-1,-1,-1,-1
122,2339,0.8853889332,0.551645739,0.010828552300000016,0.044449986299999966,-1,-1,-1,-1
123,2339,0.8810504735,0.549680268,0.009807919800000064,0.04550830639999992,-1,-1,-1,-1
124,2339,0.8750960123,0.5475636281,0.010913605000000048,0.04656662629999997,-1,-1,-1,-1
125,2339,0.8684504786,0.5462553718,0.011206272799999972,0.04193032080000003,-1,-1,-1,-1
126,2339,0.8589509714,0.5435894756,0.013768504700000017,0.04426287699999998,-1,-1,-1,-1
127,2339,0.8552010887,0.5415899848,0.009206222099999994,0.04248574999999999,-1,-1,-1,-1
128,2339,0.8499512838,0.5390350646,0.008331306099999991,0.042041434000000044,-1,-1,-1,-1
129,2339,0.8418891827,0.5373689137,0.009518802300000018,0.041263915300000065,-1,-1,-1,-1
130,2339,0.8368269259,0.5352583096,0.008143757899999993,0.041375028599999975,-1,-1,-1,-1
131,2339,0.8315147593,0.5341475881,0.008331151699999984,0.043041179400000074,-1,-1,-1,-1
132,2339,0.8244526063,0.5325925505,0.010081138200000006,0.039264424500000006,-1,-1,-1,-1
133,2339,0.8170872891,0.5308771531,0.011373599600000062,0.038850012999999906,-1,-1,-1,-1
134,2339,0.8139378692,0.5286201812,0.010967476899999995,0.03966251190000003,-1,-1,-1,-1
135,2339,0.8093155403,0.5263630722,0.009697551999999998,0.039752911400000035,-1,-1,-1,-1
136,2339,0.8033726562,0.5242866251,0.009697551999999998,0.03975291149999993,-1,-1,-1,-1
137,2339,0.7979884032,0.5223907029,0.008173703900000051,0.0380375141,-1,-1,-1,-1
138,2339,0.7909279482,0.5207657051,0.008224488500000016,0.03722501519999999,-1,-1,-1,-1
139,2339,0.7857469881,0.5193212321,0.007462410100000039,0.036954090800000006,-1,-1,-1,-1
140,2339,0.7795603686,0.5180995345,0.007462410100000039,0.0369540907,-1,-1,-1,-1
141,2339,0.7716816479,0.5157499682,0.007895082899999961,0.0369540907,-1,-1,-1,-1
142,2339,0.7673458123,0.5129304337,0.008318031000000059,0.036954090800000006,-1,-1,-1,-1
143,2339,0.7639088186,0.5120896764,0.009534238400000006,0.03676094559999998,-1,-1,-1,-1
144,2339,0.7638029272,0.511901744,0.00990454949999997,0.03657287610000004,-1,-1,-1,-1
145,2339,0.7620578803,0.5097401101,0.008899970600000029,0.03657287610000004,-1,-1,-1,-1
146,2339,0.7592025174,0.507014679,0.008582605199999982,0.031013781399999996,-1,-1,-1,-1
147,2339,0.7562943632,0.504289248,0.008423922500000014,0.03185961420000005,-1,-1,-1,-1
148,2339,0.7511652684,0.5024096498,0.008529659400000056,0.03270544710000001,-1,-1,-1,-1
149,2339,0.7486800623,0.5009998826,0.007789345900000022,0.031389783300000085,-1,-1,-1,-1
150,2339,0.7448729118,0.4990263182,0.007683608899999972,0.032611481,-1,-1,-1,-1
151,2339,0.742017549,0.4970527539,0.00805376559999993,0.03383317860000007,-1,-1,-1,-1
152,2339,0.7385276096,0.4951730185,0.00794802859999999,0.03326938149999997,-1,-1,-1,-1
153,2339,0.7350906159,0.4936692851,0.007895237299999969,0.032141649999999966,-1,-1,-1,-1
154,2339,0.7322881987,0.4916016174,0.00699624100000007,0.03261161809999996,-1,-1,-1,-1
155,2339,0.7280051544,0.4900039178,0.007101978000000009,0.03270558429999998,-1,-1,-1,-1
156,2339,0.7238807928,0.4875603853,0.007101978100000017,0.032705584300000035,-1,-1,-1,-1
157,2339,0.7185402239,0.4860566519,0.007101977999999898,0.032705584299999924,-1,-1,-1,-1
158,2339,0.7144158623,0.484740988,0.007101978100000017,0.032705584300000035,-1,-1,-1,-1
159,2339,0.7083349798,0.4835192904,0.007207560799999957,0.03176578520000001,-1,-1,-1,-1
160,2339,0.7052151972,0.4822974555,0.007207560699999949,0.03176578529999996,-1,-1,-1,-1
161,2339,0.70103789,0.4812636903,0.007101977999999898,0.031107884699999977,-1,-1,-1,-1
162,2339,0.6975479506,0.4802297878,0.007101978000000009,0.029416356099999985,-1,-1,-1,-1
163,2339,0.6937408001,0.4791960225,0.007101977999999898,0.029416356099999985,-1,-1,-1,-1
164,2339,0.6913083854,0.4776924263,0.007101978000000009,0.02941635610000004,-1,-1,-1,-1
165,2339,0.688981862,0.4767526272,0.007101978000000009,0.02941635610000004,-1,-1,-1,-1
166,2339,0.6864437102,0.4757187248,0.006837712700000109,0.02781865650000004,-1,-1,-1,-1
167,2339,0.684434398,0.4746849595,0.00683771259999999,0.02781865650000004,-1,-1,-1,-1
168,2339,0.6812616697,0.4738794566,0.00683771259999999,0.027818656499999983,-1,-1,-1,-1
169,2339,0.6787688999,0.4733155223,0.006837712699999998,0.027818656499999983,-1,-1,-1,-1
170,2339,0.6761401385,0.4722683137,0.006320295800000042,0.02723949549999999,-1,-1,-1,-1
171,2339,0.6733753853,0.4709793993,0.006320295800000042,0.027239495599999997,-1,-1,-1,-1
172,2339,0.6709732252,0.4700127136,0.006320295899999939,0.02723949549999999,-1,-1,-1,-1
173,2339,0.6685710652,0.4690460278,0.006320295800000042,0.02723949549999999,-1,-1,-1,-1
174,2339,0.666984701,0.4679988192,0.006320295800000042,0.02723949549999999,-1,-1,-1,-1
175,2339,0.6639027368,0.4670321334,0.006320295800000042,0.027239495599999997,-1,-1,-1,-1
176,2339,0.6607753905,0.4663071534,0.006320295800000042,0.02723949549999999,-1,-1,-1,-1
177,2339,0.6577840359,0.4647765333,0.006320295800000042,0.02723949549999999,-1,-1,-1,-1
178,2339,0.654883291,0.464212599,0.006320295800000042,0.02723949549999999,-1,-1,-1,-1
179,2339,0.6521185378,0.4630043447,0.00632029590000005,0.02723949549999999,-1,-1,-1,-1
180,2339,0.6503963363,0.4621987046,0.006320295899999939,0.027239495599999997,-1,-1,-1,-1
181,2339,0.649353939,0.4609904503,0.006320295899999939,0.02723949549999999,-1,-1,-1,-1
182,2339,0.646997161,0.459782196,0.006320295799999931,0.027239495500000044,-1,-1,-1,-1
183,2339,0.6442324078,0.4590572159,0.006320295899999939,0.027239495599999997,-1,-1,-1,-1
184,2339,0.642510052,0.4584932816,0.005096833500000009,0.024822849699999983,-1,-1,-1,-1
185,2339,0.640515867,0.4576876416,0.004960841800000004,0.024984169700000003,-1,-1,-1,-1
186,2339,0.638113707,0.4565599101,0.005323434899999979,0.02450075829999998,-1,-1,-1,-1
187,2339,0.6365273428,0.4559154529,0.005323434899999979,0.02450075829999998,-1,-1,-1,-1
188,2339,0.6344425482,0.4547071986,0.005686027999999954,0.024339575400000035,-1,-1,-1,-1
189,2339,0.6323875452,0.4542506738,0.005285153500000028,0.023008410599999973,-1,-1,-1,-1
190,2339,0.6304060178,0.4528810994,0.004954821799999953,0.023790867800000004,-1,-1,-1,-1
191,2339,0.6280574209,0.4518374574,0.005028142999999985,0.023269183900000046,-1,-1,-1,-1
192,2339,0.6252684331,0.4511200221,0.004954821799999953,0.022682203899999975,-1,-1,-1,-1
193,2339,0.6234702862,0.4500112211,0.004551168700000052,0.022877818100000002,-1,-1,-1,-1
194,2339,0.6194703393,0.4490328753,0.005211832200000099,0.022095223799999952,-1,-1,-1,-1
195,2339,0.6161310559,0.4483807362,0.005542009500000056,0.02235599709999997,-1,-1,-1,-1
196,2339,0.6135689782,0.4471621936,0.0054429099999999675,0.0225040111,-1,-1,-1,-1
197,2339,0.6117286908,0.4465208915,0.004252017799999952,0.02218329139999997,-1,-1,-1,-1
198,2339,0.6076149801,0.4458795894,0.00583977120000001,0.020964748799999988,-1,-1,-1,-1
199,2339,0.6051612636,0.4450458281,0.0047211198000000065,0.021606050900000007,-1,-1,-1,-1
200,2339,0.6025632199,0.4440196075,0.004360224600000073,0.02160605089999995,-1,-1,-1,-1
201,2339,0.5993154724,0.4430575858,0.004973808099999921,0.021606050900000007,-1,-1,-1,-1
202,2339,0.5962483267,0.4426726673,0.004937533399999916,0.02083662559999999,-1,-1,-1,-1
203,2339,0.5943357986,0.4417106456,0.0038190362000000144,0.02122140680000001,-1,-1,-1,-1
204,2339,0.5897891063,0.4409409459,0.005442755699999968,0.021029084799999986,-1,-1,-1,-1
205,2339,0.5866858403,0.4401713834,0.005298428499999952,0.021028947600000014,-1,-1,-1,-1
206,2339,0.5837628675,0.4394658825,0.004865601300000022,0.020515905899999964,-1,-1,-1,-1
207,2339,0.5793245364,0.4388245803,0.004829326600000017,0.020644166399999997,-1,-1,-1,-1
208,2339,0.5769067859,0.437990819,0.004324258599999964,0.020579967600000026,-1,-1,-1,-1
209,2339,0.5741644151,0.4372853181,0.00396336339999992,0.020259385100000027,-1,-1,-1,-1
210,2339,0.5712414422,0.4370287973,0.004396499400000087,0.01955374700000001,-1,-1,-1,-1
211,2339,0.5677050403,0.4358743163,0.004901721700000028,0.019810404999999975,-1,-1,-1,-1
212,2339,0.565395651,0.4352330142,0.004901721700000028,0.019746206200000005,-1,-1,-1,-1
213,2339,0.5630501413,0.4344634517,0.005046048800000036,0.019746206200000005,-1,-1,-1,-1
214,2339,0.5604880636,0.4336938892,0.005334703199999957,0.01968200739999998,-1,-1,-1,-1
215,2339,0.5582868811,0.4330524499,0.005046048799999925,0.019297226099999953,-1,-1,-1,-1
216,2339,0.5563743529,0.4324110106,0.0046130672999999955,0.019297363300000037,-1,-1,-1,-1
217,2339,0.5542092908,0.4316414481,0.005190375999999941,0.01929736329999998,-1,-1,-1,-1
218,2339,0.5523690034,0.4309359472,0.005190376000000052,0.01929736329999998,-1,-1,-1,-1
219,2339,0.5504566296,0.4301020487,0.00519037610000006,0.01929736329999998,-1,-1,-1,-1
220,2339,0.5491215645,0.4297814662,0.005190376099999949,0.01929736329999998,-1,-1,-1,-1
221,2339,0.5475699315,0.4292043629,0.005009774200000039,0.0182710056,-1,-1,-1,-1
222,2339,0.5455491966,0.4282423411,0.0044684313999999725,0.017950286000000037,-1,-1,-1,-1
223,2339,0.5425902577,0.4279856831,0.0044684313999999725,0.017950285999999982,-1,-1,-1,-1
224,2339,0.5414716063,0.4274084426,0.0044684313999999725,0.01724492230000002,-1,-1,-1,-1
225,2339,0.5396672849,0.4268952638,0.0044684313999999725,0.017244922200000012,-1,-1,-1,-1
226,2339,0.5381517723,0.4262539617,0.004360224599999962,0.01647535969999997,-1,-1,-1,-1
227,2339,0.5366001393,0.4258691804,0.004360224600000073,0.016475359700000025,-1,-1,-1,-1
228,2339,0.5350485063,0.4250994807,0.004360224599999962,0.016475359700000025,-1,-1,-1,-1
229,2339,0.5332982858,0.4256370633,0.004270026499999968,0.016336422399999995,-1,-1,-1,-1
230,2339,0.5317647875,0.4248920418,0.004179828499999982,0.01619748500000001,-1,-1,-1,-1
231,2339,0.5301229282,0.4239224616,0.004089630400000099,0.016058547599999973,-1,-1,-1,-1
232,2339,0.5284810688,0.4235301219,0.0039994324000000026,0.015919610299999998,-1,-1,-1,-1
233,2339,0.5269293174,0.4225767285,0.003909234399999906,0.015780673000000023,-1,-1,-1,-1
234,2339,0.5257385539,0.4221492167,0.0038190362000000144,0.01564173550000003,-1,-1,-1,-1
