141,1540,0.262240952,0.4150232872,0.00383586159999999,0.01607055060000001,-1,-1,-1,-1
142,1540,0.2594257229,0.4146806193,0.004024027200000002,0.016547926200000007,-1,-1,-1,-1
143,1540,0.2568804705,0.4147492077,0.0035998441999999797,0.016616514799999982,-1,-1,-1,-1
144,1540,0.2549908649,0.4144065398,0.003291277300000006,0.01682200570000003,-1,-1,-1,-1
145,1540,0.2514814761,0.4147492077,0.0049880864999999885,0.016616514799999982,-1,-1,-1,-1
146,1540,0.2485120407,0.414612168,0.004872393199999991,0.016547926200000007,-1,-1,-1,-1
147,1540,0.2460053014,0.4144065398,0.003985437000000008,0.016342298000000033,-1,-1,-1,-1
148,1540,0.243498562,0.4142009116,0.003021377699999994,0.016822005699999976,-1,-1,-1,-1
149,1540,0.2397577866,0.4136524782,0.004486877500000014,0.015656962200000013,-1,-1,-1,-1
150,1540,0.2378043528,0.4127905956,0.003779365600000001,0.01645039350000005,-1,-1,-1,-1
151,1540,0.2371872962,0.4114882379,0.003046615700000005,0.016313216600000013,-1,-1,-1,-1
152,1540,0.2359917732,0.41114557,0.003740852599999983,0.01679292430000001,-1,-1,-1,-1
153,1540,0.2353361264,0.409432093,0.0026610228999999763,0.016724335899999998,-1,-1,-1,-1
154,1540,0.2340635774,0.4095005443,0.0036250821999999905,0.016793061499999984,-1,-1,-1,-1
155,1540,0.2328680544,0.4084724033,0.00362508210000001,0.016793061499999984,-1,-1,-1,-1
156,1540,0.2312097582,0.4084038148,0.004627808699999986,0.016724473100000026,-1,-1,-1,-1
157,1540,0.229512949,0.4080611469,0.004010752100000015,0.016655884499999996,-1,-1,-1,-1
158,1540,0.2275847532,0.4082667751,0.0036636723000000038,0.016518844800000043,-1,-1,-1,-1
159,1540,0.2260807405,0.4084724033,0.0036636723000000038,0.016518844799999988,-1,-1,-1,-1
