46,1889,0.3543744875,0.3780523237,0.0009908409000000118,0.005371711000000001,-1,-1,-1,-1
47,1889,0.3536313955,0.3781403913,0.0009908408000000035,0.005371711000000001,-1,-1,-1,-1
48,1889,0.3525272539,0.3781026676,0.00148093589999998,0.005836329299999998,-1,-1,-1,-1
49,1889,0.3521183526,0.3780272203,0.001104141599999997,0.0059495001999999575,-1,-1,-1,-1
50,1889,0.351821054,0.3780272203,0.0014014401999999926,0.006364597599999966,-1,-1,-1,-1
51,1889,0.3513220833,0.3781026676,0.0013058909000000507,0.006232564800000007,-1,-1,-1,-1
52,1889,0.3508231126,0.3782536994,0.001210341700000006,0.006100532000000047,-1,-1,-1,-1
53,1889,0.3503771648,0.378291423,0.0012103416000000533,0.0061005321,-1,-1,-1,-1
54,1889,0.3498463186,0.3780650811,0.0013802927000000076,0.0061758422000000035,-1,-1,-1,-1
55,1889,0.3494003707,0.3780650811,0.0013802927000000076,0.0061758422000000035,-1,-1,-1,-1
56,1889,0.3493367741,0.3779894966,0.0013802927999999604,0.0061758422000000035,-1,-1,-1,-1
57,1889,0.3494641217,0.377951773,0.0013802927000000076,0.006175842099999995,-1,-1,-1,-1
58,1889,0.3494215181,0.3779140493,0.0013802927000000076,0.0061758422000000035,-1,-1,-1,-1
59,1889,0.3494641217,0.3779140493,0.0012103415999999978,0.005836192100000026,-1,-1,-1,-1
60,1889,0.3494641217,0.3779140493,0.0012103415999999978,0.005836192100000026,-1,-1,-1,-1
61,1889,0.3494003707,0.3779383296,0.0013378435999999994,0.006000667299999984,-1,-1,-1,-1
62,1889,0.3494641217,0.3779761905,0.001337843499999991,0.006000667200000032,-1,-1,-1,-1
63,1889,0.3494641217,0.3779761905,0.001337843499999991,0.006000667200000032,-1,-1,-1,-1
64,1889,0.3494641217,0.3779761905,0.001337843499999991,0.006000667200000032,-1,-1,-1,-1
65,1889,0.3494641217,0.3779761905,0.001337843499999991,0.006000667200000032,-1,-1,-1,-1
66,1889,0.3498250168,0.3780893614,0.001337843499999991,0.006000667299999984,-1,-1,-1,-1
67,1889,0.3497401185,0.3780139141,0.0012316434000000376,0.005887359099999989,-1,-1,-1,-1
68,1889,0.3495277182,0.3779761905,0.0012316434999999903,0.005887359100000045,-1,-1,-1,-1
69,1889,0.3498449293,0.3780597312,0.0012316434999999903,0.005887359099999989,-1,-1,-1,-1
70,1889,0.3501502546,0.3781224211,0.0012316434999999903,0.005887359099999989,-1,-1,-1,-1
71,1889,0.3504673113,0.3782059618,0.0012316435000000459,0.005887359099999989,-1,-1,-1,-1
72,1889,0.3506787854,0.3782059618,0.0012316434999999903,0.005887359099999989,-1,-1,-1,-1
73,1889,0.3508901051,0.3781434092,0.0012316434999999903,0.005887359099999989,-1,-1,-1,-1
74,1889,0.3514774473,0.3779764649,0.0012316434999999903,0.005887359100000045,-1,-1,-1,-1
75,1889,0.3522526463,0.3779764649,0.0012316434999999903,0.005887359100000045,-1,-1,-1,-1
76,1889,0.3532510509,0.3783104907,0.0012316435000000459,0.005887359099999989,-1,-1,-1,-1
77,1889,0.3543315752,0.3783104907,0.0012316434999999903,0.005887359099999989,-1,-1,-1,-1
