1,937,0.2542043975,0.4559172362,0.0028670942999999838,0.008280821999999965,-1,-1,-1,-1
2,937,0.2542043975,0.4560699141,0.002520863399999962,0.008128144100000012,-1,-1,-1,-1
3,937,0.2543841505,0.4562260215,0.002341110399999957,0.007972036699999963,-1,-1,-1,-1
4,937,0.2543548992,0.4566420791,0.00237036169999999,0.007555979099999999,-1,-1,-1,-1
5,937,0.2543548992,0.4566420791,0.00237036169999999,0.007555979099999999,-1,-1,-1,-1
6,937,0.2543548992,0.4564341189,0.00237036169999999,0.007763939299999967,-1,-1,-1,-1
7,937,0.2543548992,0.4562780115,0.00237036169999999,0.00792004669999996,-1,-1,-1,-1
8,937,0.2543695634,0.4562780115,0.002355697499999976,0.00792004669999996,-1,-1,-1,-1
9,937,0.2543695634,0.4561740314,0.002355697499999976,0.008024026799999973,-1,-1,-1,-1
10,937,0.2543695634,0.4561740314,0.002355697499999976,0.008024026799999973,-1,-1,-1,-1
11,937,0.2543695634,0.4561740314,0.002355697499999976,0.008024026799999973,-1,-1,-1,-1
12,937,0.2543695634,0.4561740314,0.002355697499999976,0.008024026799999973,-1,-1,-1,-1
13,937,0.2543841505,0.4563819916,0.002341110399999957,0.007816066600000005,-1,-1,-1,-1
14,937,0.2543841505,0.4565120354,0.0022971947999999576,0.00768602279999997,-1,-1,-1,-1
15,937,0.2543841505,0.4567201327,0.0022093635999999583,0.007477925499999982,-1,-1,-1,-1
16,937,0.2543841505,0.457162254,0.0023849488000000085,0.007035804199999995,-1,-1,-1,-1
17,937,0.2543841505,0.4574482678,0.0023849488000000085,0.006749790400000011,-1,-1,-1,-1
18,937,0.2543841505,0.4571215124,0.0026238990999999934,0.0070765458,-1,-1,-1,-1
19,937,0.2543841505,0.4571530631,0.0024284784999999975,0.007044995100000007,-1,-1,-1,-1
20,937,0.2543070474,0.4568057311,0.0022034979000000177,0.007392327099999985,-1,-1,-1,-1
21,937,0.2543070474,0.4568057311,0.0022034979000000177,0.007392327099999985,-1,-1,-1,-1
22,937,0.2543070474,0.4568057311,0.0022034979000000177,0.007392327099999985,-1,-1,-1,-1
23,937,0.2543070474,0.4568057311,0.0022034979000000177,0.007392327099999985,-1,-1,-1,-1
24,937,0.2543070474,0.4568057311,0.0022034979000000177,0.007392327099999985,-1,-1,-1,-1
25,937,0.2543070474,0.4568057311,0.0022034979000000177,0.007392327099999985,-1,-1,-1,-1
26,937,0.2543070474,0.4568057311,0.0022034979000000177,0.007392327099999985,-1,-1,-1,-1
27,937,0.2543070474,0.4568057311,0.0022034979000000177,0.007392327099999985,-1,-1,-1,-1
28,937,0.2543070474,0.4568057311,0.0022034979000000177,0.007392327099999985,-1,-1,-1,-1
29,937,0.2543070474,0.4568057311,0.0022034979000000177,0.007392327099999985,-1,-1,-1,-1
30,937,0.2543070474,0.4568057311,0.0022034979000000177,0.007392327099999985,-1,-1,-1,-1
31,937,0.2543070474,0.4568057311,0.0022034979000000177,0.007392327099999985,-1,-1,-1,-1
32,937,0.2543070474,0.4570267232,0.002256752299999998,0.007171335000000001,-1,-1,-1,-1
33,937,0.2543070474,0.4570267232,0.002221249400000014,0.007171335000000001,-1,-1,-1,-1
34,937,0.2542003842,0.4575320829,0.002398995600000009,0.00666597529999996,-1,-1,-1,-1
35,937,0.2542003842,0.4576899736,0.002398995600000009,0.006508084599999964,-1,-1,-1,-1
36,937,0.2542003842,0.4576899736,0.002398995600000009,0.006508084599999964,-1,-1,-1,-1
37,937,0.2542003842,0.457279403,0.0026122447999999965,0.006918655200000012,-1,-1,-1,-1
38,937,0.2542003842,0.4575636336,0.002541161799999969,0.006634424599999966,-1,-1,-1,-1
39,937,0.2542537158,0.4579743413,0.0025233331000000248,0.006223716900000009,-1,-1,-1,-1
40,937,0.2542537158,0.4579743413,0.0025233331000000248,0.006223716900000009,-1,-1,-1,-1
41,937,0.2542537158,0.4579743413,0.0025233331000000248,0.006223716900000009,-1,-1,-1,-1
42,937,0.2542537158,0.4579743413,0.0024604312000000017,0.006092987300000019,-1,-1,-1,-1
43,937,0.2542537158,0.4579743413,0.0024604312000000017,0.006092987300000019,-1,-1,-1,-1
44,937,0.2542537158,0.4579743413,0.0024604312000000017,0.006092987300000019,-1,-1,-1,-1
45,937,0.2542537158,0.4579743413,0.0024604312000000017,0.006092987300000019,-1,-1,-1,-1
46,937,0.2542537158,0.4579743413,0.0024604312000000017,0.006092987300000019,-1,-1,-1,-1
47,937,0.2542537158,0.4576902479,0.0026031375999999717,0.0063408660000000006,-1,-1,-1,-1
48,937,0.2542537158,0.4579438881,0.002562386400000005,0.00608722580000004,-1,-1,-1,-1
49,937,0.2542537158,0.4579438881,0.002562386400000005,0.00608722580000004,-1,-1,-1,-1
50,937,0.2542537158,0.4576178185,0.002521635199999983,0.006413295400000019,-1,-1,-1,-1
51,937,0.2542537158,0.4578352439,0.0024604312000000017,0.006195869999999992,-1,-1,-1,-1
52,937,0.2542537158,0.4578714586,0.002542010799999994,0.006159655300000011,-1,-1,-1,-1
53,937,0.2542537158,0.4578714586,0.002542010799999994,0.006159655300000011,-1,-1,-1,-1
54,937,0.2542537158,0.4578714586,0.002542010799999994,0.006159655300000011,-1,-1,-1,-1
55,937,0.2542537158,0.4578714586,0.002542010799999994,0.006159655300000011,-1,-1,-1,-1
56,937,0.2542537158,0.4578714586,0.002542010799999994,0.006159655300000011,-1,-1,-1,-1
57,937,0.2542537158,0.4578714586,0.0026699756999999935,0.006223854099999981,-1,-1,-1,-1
58,937,0.2542537158,0.4578714586,0.0026699756999999935,0.006223854099999981,-1,-1,-1,-1
59,937,0.2542537158,0.4578460809,0.002532208899999999,0.006249231799999977,-1,-1,-1,-1
60,937,0.2542537158,0.4578460809,0.002532208899999999,0.006249231799999977,-1,-1,-1,-1
61,937,0.2542537158,0.4578460809,0.002532208899999999,0.006249231799999977,-1,-1,-1,-1
62,937,0.2542537158,0.4578460809,0.002532208899999999,0.006249231799999977,-1,-1,-1,-1
63,937,0.2542537158,0.4578460809,0.002532208899999999,0.006249231799999977,-1,-1,-1,-1
64,937,0.2542537158,0.4578460809,0.002532208899999999,0.006249231799999977,-1,-1,-1,-1
65,937,0.2542537158,0.4578460809,0.002532208899999999,0.006249231799999977,-1,-1,-1,-1
66,937,0.2542537158,0.4578460809,0.002532208899999999,0.006249231799999977,-1,-1,-1,-1
67,937,0.2542537158,0.4575208344,0.002585771999999986,0.006574478299999964,-1,-1,-1,-1
68,937,0.2542537158,0.4570970949,0.0025687151000000075,0.006998217799999984,-1,-1,-1,-1
69,937,0.2542537158,0.4573392122,0.0025517354999999853,0.006756100499999973,-1,-1,-1,-1
70,937,0.2542537158,0.457187906,0.0025517354999999853,0.006907406700000007,-1,-1,-1,-1
71,937,0.2542537158,0.4576115084,0.0025176989999999844,0.006483804300000007,-1,-1,-1,-1
72,937,0.2540963451,0.4570365999,0.002470696200000011,0.00721372269999998,-1,-1,-1,-1
73,937,0.2541494452,0.4566129976,0.002604912700000017,0.007807150099999993,-1,-1,-1,-1
74,937,0.2541494452,0.4563700572,0.0026032147000000228,0.008050090499999996,-1,-1,-1,-1
75,937,0.2541494452,0.4563700572,0.0026032147000000228,0.008050090499999996,-1,-1,-1,-1
76,937,0.2541494452,0.456431924,0.002522792900000015,0.007988223700000019,-1,-1,-1,-1
77,937,0.2541494452,0.4560706,0.002583765299999985,0.008349547700000015,-1,-1,-1,-1
78,937,0.2541494452,0.4563235543,0.0024821187999999883,0.008096593400000018,-1,-1,-1,-1
79,937,0.2541494452,0.4561428923,0.002604140899999996,0.008277255400000016,-1,-1,-1,-1
80,937,0.2541494452,0.456251262,0.002563466900000033,0.008168885700000017,-1,-1,-1,-1
81,937,0.2541494452,0.4562873396,0.002583765299999985,0.0081328081,-1,-1,-1,-1
82,937,0.2541494452,0.4554923993,0.0027871354000000292,0.00892774839999999,-1,-1,-1,-1
83,937,0.2536426792,0.451914688,0.002907536799999999,0.012829060000000003,-1,-1,-1,-1
84,937,0.2533173642,0.4518063183,0.0028872382999999835,0.012865137500000012,-1,-1,-1,-1
85,937,0.252341342,0.451734026,0.003131282499999999,0.012937429800000011,-1,-1,-1,-1
86,937,0.2510197063,0.4517701036,0.003293978600000025,0.012901352200000049,-1,-1,-1,-1
87,937,0.2503893747,0.4516617338,0.003293978600000025,0.012901352199999994,-1,-1,-1,-1
88,937,0.2498200155,0.4513002726,0.003293978600000025,0.012901352199999994,-1,-1,-1,-1
89,937,0.249067739,0.4514810718,0.003395702200000017,0.013009722000000001,-1,-1,-1,-1
90,937,0.2499624132,0.451372702,0.0033957021999999615,0.013009722000000001,-1,-1,-1,-1
91,937,0.2494541036,0.4515172865,0.0033957022999999975,0.013009722000000001,-1,-1,-1,-1
92,937,0.249677695,0.4513728392,0.0033957021999999892,0.013009722000000001,-1,-1,-1,-1
93,937,0.2498810651,0.4513728392,0.0033957022999999975,0.013009722000000001,-1,-1,-1,-1
94,937,0.2499014407,0.4512643322,0.0033957022999999975,0.013009722000000001,-1,-1,-1,-1
95,937,0.2498403911,0.4510835331,0.003395702200000017,0.013009722000000001,-1,-1,-1,-1
96,937,0.2498403139,0.4513002726,0.0033957023000000253,0.013009722000000001,-1,-1,-1,-1
97,937,0.2497589659,0.4511196106,0.0033957021999999892,0.013009722000000001,-1,-1,-1,-1
98,937,0.2495556729,0.4511196106,0.0033957022999999975,0.013009722000000001,-1,-1,-1,-1
99,937,0.2499826344,0.4511196106,0.0033957022999999975,0.013009722000000001,-1,-1,-1,-1
100,937,0.2491490099,0.4508666564,0.003131436799999998,0.0131180917,-1,-1,-1,-1
101,937,0.2487220484,0.4504330401,0.0032940557000000203,0.012973507299999965,-1,-1,-1,-1
102,937,0.2489050429,0.4498548394,0.0028467187000000005,0.012828922800000031,-1,-1,-1,-1
103,937,0.2487830208,0.4496741774,0.002989116400000019,0.011455644600000037,-1,-1,-1,-1
104,937,0.2487627224,0.4550225683,0.0026637241000000145,0.006577084700000013,-1,-1,-1,-1
105,937,0.2489051973,0.4530710895,0.002724619400000017,0.008492485999999966,-1,-1,-1,-1
106,937,0.2485392082,0.4489513922,0.003253227399999975,0.012612183299999968,-1,-1,-1,-1
107,937,0.249098997,0.4483295692,0.0028951878999999847,0.01213288709999999,-1,-1,-1,-1
108,937,0.2497754825,0.4481222949,0.00273187430000002,0.011386644599999995,-1,-1,-1,-1
109,937,0.2493556216,0.4480393028,0.00273187430000002,0.012050032300000013,-1,-1,-1,-1
110,937,0.2488191412,0.4519220956,0.0035482877000000135,0.008042820000000006,-1,-1,-1,-1
111,937,0.2488191412,0.4537877017,0.0033149715999999663,0.006177213900000034,-1,-1,-1,-1
112,937,0.2487752256,0.4541193955,0.003358887199999966,0.005845520100000001,-1,-1,-1,-1
113,937,0.2487752256,0.4541193955,0.003358887199999966,0.005845520100000001,-1,-1,-1,-1
114,937,0.2487752256,0.4541193955,0.003358887199999966,0.005845520100000001,-1,-1,-1,-1
115,937,0.2489151535,0.4541193955,0.003358887199999966,0.005845520100000001,-1,-1,-1,-1
116,937,0.2489151535,0.4541193955,0.003358887199999966,0.005845520100000001,-1,-1,-1,-1
117,937,0.2489151535,0.4541193955,0.003358887199999966,0.005845520100000001,-1,-1,-1,-1
118,937,0.2489151535,0.4541193955,0.003358887199999966,0.005845520100000001,-1,-1,-1,-1
119,937,0.2489151535,0.4541193955,0.003358887199999966,0.005845520100000001,-1,-1,-1,-1
120,937,0.2489151535,0.4541193955,0.003358887199999966,0.005845520100000001,-1,-1,-1,-1
121,937,0.2489151535,0.4541193955,0.003358887199999966,0.005845520100000001,-1,-1,-1,-1
122,937,0.2489151535,0.4541193955,0.003358887199999966,0.005845520100000001,-1,-1,-1,-1
123,937,0.2489151535,0.4540364035,0.0033589643999999697,0.005928512100000005,-1,-1,-1,-1
124,937,0.2489151535,0.4540364035,0.0033589643999999697,0.005928512100000005,-1,-1,-1,-1
125,937,0.2489151535,0.4540364035,0.0033589643999999697,0.005928512100000005,-1,-1,-1,-1
126,937,0.2489151535,0.4540364035,0.0033589643999999697,0.005928512100000005,-1,-1,-1,-1
127,937,0.2489151535,0.4540364035,0.0033589643999999697,0.005928512100000005,-1,-1,-1,-1
128,937,0.2489151535,0.4540364035,0.0033589643999999697,0.005928512100000005,-1,-1,-1,-1
129,937,0.2489151535,0.4540364035,0.0033589643999999697,0.005928512100000005,-1,-1,-1,-1
130,937,0.2489151535,0.4540364035,0.0033589643999999697,0.005928512100000005,-1,-1,-1,-1
131,937,0.2489151535,0.4540364035,0.0033589643999999697,0.005928512100000005,-1,-1,-1,-1
132,937,0.249031773,0.4537875645,0.0033589643999999974,0.005928512199999958,-1,-1,-1,-1
133,937,0.2488685366,0.453911984,0.003358964400000025,0.0059285122000000134,-1,-1,-1,-1
134,937,0.2488685366,0.453911984,0.003358964400000025,0.0059285122000000134,-1,-1,-1,-1
135,937,0.2488685366,0.453911984,0.003358964400000025,0.0059285122000000134,-1,-1,-1,-1
136,937,0.2488685366,0.453911984,0.003358964400000025,0.0059285122000000134,-1,-1,-1,-1
137,937,0.2492650891,0.4537875645,0.0033589643999999974,0.005928512199999958,-1,-1,-1,-1
138,937,0.2492650891,0.4537875645,0.0033589643999999974,0.005928512199999958,-1,-1,-1,-1
139,937,0.2491484696,0.4541192583,0.0033589643999999697,0.0059285122000000134,-1,-1,-1,-1
140,937,0.2489618476,0.4541192583,0.0033589643999999974,0.0059285122000000134,-1,-1,-1,-1
141,937,0.2489618476,0.4541192583,0.0033589643999999974,0.0059285122000000134,-1,-1,-1,-1
142,937,0.2489618476,0.4530828867,0.003242267799999976,0.006964883799999988,-1,-1,-1,-1
143,937,0.2489618476,0.4530709523,0.0030145858999999775,0.006976818200000012,-1,-1,-1,-1
144,937,0.2489618476,0.4537738468,0.0029104695999999652,0.006273923700000017,-1,-1,-1,-1
145,937,0.2489618476,0.4542546519,0.003097786200000008,0.005793118600000036,-1,-1,-1,-1
146,937,0.2489618476,0.4544766042,0.0029104695999999652,0.005571166299999986,-1,-1,-1,-1
147,937,0.2488369699,0.4541807136,0.00295214689999998,0.005940995299999974,-1,-1,-1,-1
148,937,0.2488369699,0.4544026658,0.002910469599999993,0.0054009298000000094,-1,-1,-1,-1
149,937,0.2488369699,0.4544026658,0.0027855918000000146,0.005363891999999981,-1,-1,-1,-1
150,937,0.2486079759,0.4542916897,0.002785591799999987,0.005363891999999981,-1,-1,-1,-1
151,937,0.2488784929,0.4539217236,0.002494313300000023,0.005659919700000016,-1,-1,-1,-1
152,937,0.2488784929,0.4529599762,0.0028689466000000052,0.006621667100000006,-1,-1,-1,-1
153,937,0.2488784929,0.4532558668,0.002931385400000014,0.006325776499999991,-1,-1,-1,-1
154,937,0.2487503736,0.4533299423,0.0029763043999999905,0.006584629399999986,-1,-1,-1,-1
155,937,0.2487503736,0.4537368091,0.002997065900000012,0.00617776259999997,-1,-1,-1,-1
156,937,0.248667096,0.4536997713,0.002997065900000012,0.006177762600000025,-1,-1,-1,-1
157,937,0.2487712122,0.4536997713,0.002997065999999965,0.006177762600000025,-1,-1,-1,-1
158,937,0.2487712122,0.4535148568,0.0029554657999999734,0.006362677100000047,-1,-1,-1,-1
159,937,0.2487712122,0.4532189662,0.002913788399999978,0.0066585677000000065,-1,-1,-1,-1
160,937,0.2487712122,0.4533668429,0.002913788399999978,0.006510691000000013,-1,-1,-1,-1
161,937,0.2487712122,0.4539217236,0.0029346271000000035,0.005955810300000031,-1,-1,-1,-1
162,937,0.2487712122,0.4539217236,0.0029346271000000035,0.005955810300000031,-1,-1,-1,-1
163,937,0.2487712122,0.4539217236,0.0029346271000000035,0.005955810300000031,-1,-1,-1,-1
164,937,0.2487712122,0.4533668429,0.0029554657999999734,0.006510691000000013,-1,-1,-1,-1
165,937,0.2488752513,0.4536999085,0.00301790460000001,0.006140724799999997,-1,-1,-1,-1
166,937,0.2489376902,0.4538477852,0.00301790460000001,0.006140724900000005,-1,-1,-1,-1
167,937,0.2487295349,0.4531448907,0.002997143099999988,0.006991633299999966,-1,-1,-1,-1
168,937,0.2486254958,0.4531819284,0.0029971430999999604,0.006991633300000022,-1,-1,-1,-1
169,937,0.2486254958,0.4531819284,0.0029971430999999604,0.006991633300000022,-1,-1,-1,-1
170,937,0.2487712122,0.4529599762,0.0030595047999999736,0.007287523899999981,-1,-1,-1,-1
171,937,0.2487712122,0.4529599762,0.0030595047999999736,0.007287523899999981,-1,-1,-1,-1
172,937,0.2487712122,0.4529599762,0.0030595047999999736,0.007287523899999981,-1,-1,-1,-1
173,937,0.2487712122,0.452627185,0.002976227299999995,0.007509339000000004,-1,-1,-1,-1
174,937,0.2487712122,0.4527380239,0.002997065999999965,0.007398500099999983,-1,-1,-1,-1
175,937,0.2487712122,0.4527380239,0.002997065999999965,0.007398500099999983,-1,-1,-1,-1
176,937,0.2487712122,0.4527380239,0.002997065999999965,0.007398500099999983,-1,-1,-1,-1
177,937,0.2487712122,0.4525531094,0.002997065999999965,0.007583414600000005,-1,-1,-1,-1
178,937,0.2492083615,0.4537738468,0.002081244299999979,0.0063626772,-1,-1,-1,-1
179,937,0.2499784667,0.4538479224,0.002081244300000007,0.0063626770999999915,-1,-1,-1,-1
180,937,0.2499784667,0.4538479224,0.002081244300000007,0.0063626770999999915,-1,-1,-1,-1
181,937,0.2499784667,0.4538479224,0.002081244300000007,0.0063626770999999915,-1,-1,-1,-1
182,937,0.2499784667,0.4538479224,0.002081244300000007,0.0063626770999999915,-1,-1,-1,-1
183,937,0.2499784667,0.4538479224,0.002081244300000007,0.0063626770999999915,-1,-1,-1,-1
184,937,0.2499784667,0.4538479224,0.002081244300000007,0.0063626770999999915,-1,-1,-1,-1
185,937,0.2499784667,0.4538479224,0.002081244300000007,0.0063626770999999915,-1,-1,-1,-1
186,937,0.2499784667,0.4538479224,0.002081244300000007,0.0063626770999999915,-1,-1,-1,-1
187,937,0.2499784667,0.4538479224,0.002081244300000007,0.0063626770999999915,-1,-1,-1,-1
188,937,0.2499784667,0.4538479224,0.002081244300000007,0.0063626770999999915,-1,-1,-1,-1
189,937,0.2504988164,0.4542918269,0.002081244300000007,0.006362677100000047,-1,-1,-1,-1
190,937,0.2504988164,0.4542918269,0.002081244300000007,0.006362677100000047,-1,-1,-1,-1
191,937,0.2504988164,0.4542918269,0.002081244300000007,0.006362677100000047,-1,-1,-1,-1
192,937,0.2504988164,0.4542918269,0.002081244300000007,0.006362677100000047,-1,-1,-1,-1
193,937,0.2504988164,0.4542918269,0.002081244300000007,0.006362677100000047,-1,-1,-1,-1
194,937,0.2504988164,0.4542918269,0.002081244300000007,0.006362677100000047,-1,-1,-1,-1
195,937,0.2504988164,0.4542918269,0.002081244300000007,0.006362677100000047,-1,-1,-1,-1
196,937,0.2504988164,0.4542918269,0.002081244300000007,0.006362677100000047,-1,-1,-1,-1
197,937,0.2503681501,0.4537505268,0.0022119105999999777,0.006903977200000022,-1,-1,-1,-1
198,937,0.2488298693,0.4490910383,0.0038566230000000035,0.011591175499999995,-1,-1,-1,-1
199,937,0.2493715207,0.4485903425,0.002989965300000036,0.012053324499999962,-1,-1,-1,-1
200,937,0.2485481611,0.4490524916,0.003401645100000017,0.012053324500000018,-1,-1,-1,-1
201,937,0.2480065097,0.4500151992,0.0036832761000000214,0.012245920899999985,-1,-1,-1,-1
202,937,0.2490681249,0.4544052722,0.002513376900000003,0.008279450200000038,-1,-1,-1,-1
203,937,0.2490681249,0.4545593219,0.002578362700000031,0.008279450200000038,-1,-1,-1,-1
204,937,0.2490681249,0.4545593219,0.002578362700000031,0.008279450200000038,-1,-1,-1,-1
205,937,0.2489814514,0.4546748249,0.002578362700000003,0.008279450199999983,-1,-1,-1,-1
206,937,0.2491114231,0.4545207752,0.002578362700000003,0.008279450199999983,-1,-1,-1,-1
207,937,0.2491114231,0.4545207752,0.002578362700000003,0.008279450199999983,-1,-1,-1,-1
208,937,0.2490247496,0.4543281788,0.0025783626999999754,0.008279450200000038,-1,-1,-1,-1
209,937,0.2490247496,0.4543281788,0.0025783626999999754,0.008279450200000038,-1,-1,-1,-1
210,937,0.2490247496,0.4543281788,0.002686723799999985,0.008279450200000038,-1,-1,-1,-1
211,937,0.2486347574,0.4542126758,0.002686723899999993,0.008279450199999983,-1,-1,-1,-1
212,937,0.2486347574,0.4542126758,0.002686723899999993,0.008279450199999983,-1,-1,-1,-1
213,937,0.2486347574,0.4542126758,0.002686723899999993,0.008279450199999983,-1,-1,-1,-1
214,937,0.2486347574,0.4542126758,0.002686723899999993,0.008279450199999983,-1,-1,-1,-1
215,937,0.2486347574,0.4542126758,0.002686723899999993,0.008279450199999983,-1,-1,-1,-1
216,937,0.2486347574,0.4542126758,0.002686723899999993,0.008279450199999983,-1,-1,-1,-1
217,937,0.2486347574,0.4542126758,0.002686723899999993,0.008279450199999983,-1,-1,-1,-1
218,937,0.2481545415,0.453796481,0.0031669397999999904,0.00869564500000003,-1,-1,-1,-1
219,937,0.2438884769,0.4511773621,0.004088627099999992,0.011843306600000048,-1,-1,-1,-1
220,937,0.2406503769,0.4514927318,0.0038225092999999988,0.012473909000000005,-1,-1,-1,-1
221,937,0.2385068481,0.4517072765,0.002971905100000005,0.01237761080000005,-1,-1,-1,-1
222,937,0.2383072598,0.4529686183,0.0030384344999999924,0.012180624699999976,-1,-1,-1,-1
223,937,0.238151973,0.4517861533,0.003016283800000019,0.012890103699999989,-1,-1,-1,-1
224,937,0.2379523847,0.4529292485,0.0030828132000000064,0.011865255000000019,-1,-1,-1,-1
225,937,0.237664039,0.452062016,0.0030606625000000054,0.012456487500000002,-1,-1,-1,-1
226,937,0.2375532081,0.4522197695,0.003282401500000004,0.01265361070000004,-1,-1,-1,-1
227,937,0.2375532081,0.4522197695,0.003282401500000004,0.01265361070000004,-1,-1,-1,-1
228,937,0.2376197375,0.452574509,0.00332678019999999,0.012692980500000006,-1,-1,-1,-1
229,937,0.2374423,0.4527716323,0.0034598391000000006,0.012653610699999984,-1,-1,-1,-1
230,937,0.2378193258,0.4531657415,0.0033933096999999857,0.012180624699999976,-1,-1,-1,-1
231,937,0.2389726312,0.456516425,0.003615125899999988,0.009342434199999972,-1,-1,-1,-1
232,937,0.2393052784,0.4568711645,0.0036151259000000158,0.009342434200000027,-1,-1,-1,-1
233,937,0.2389726312,0.4549000694,0.0038147141999999856,0.010446296799999977,-1,-1,-1,-1
234,937,0.2378858553,0.4530867276,0.0038812434999999923,0.01253563860000001,-1,-1,-1,-1
