1,1005,0.3335946144,0.3951239915,0.002221712500000028,0.012054010399999981,-1,-1,-1,-1
2,1005,0.3334963587,0.3950388321,0.0022873981000000043,0.011855076399999998,-1,-1,-1,-1
3,1005,0.333294946,0.3949511545,0.0023839999999999972,0.01186826689999998,-1,-1,-1,-1
4,1005,0.3330820513,0.3948606067,0.0023034550999999626,0.01180984060000001,-1,-1,-1,-1
5,1005,0.3330073479,0.3947296374,0.0022733476000000308,0.011829010699999976,-1,-1,-1,-1
6,1005,0.3328505668,0.3945986682,0.00224150009999996,0.011699343699999976,-1,-1,-1,-1
7,1005,0.3329348815,0.3944303868,0.0020733674999999785,0.011793138100000045,-1,-1,-1,-1
8,1005,0.3328165893,0.3943407383,0.0021288349999999956,0.011584701099999983,-1,-1,-1,-1
9,1005,0.332789968,0.394209268,0.0021972880000000194,0.011567197299999998,-1,-1,-1,-1
10,1005,0.3328021795,0.3940777977,0.002179012300000005,0.01154857640000001,-1,-1,-1,-1
11,1005,0.3326992636,0.3939836395,0.0020365388999999956,0.01156936460000002,-1,-1,-1,-1
12,1005,0.3326257072,0.3939936809,0.0020682636000000088,0.011298549800000002,-1,-1,-1,-1
13,1005,0.3324943813,0.3937057055,0.002199589500000043,0.011400238999999979,-1,-1,-1,-1
14,1005,0.3325376372,0.3935667956,0.0021353405999999797,0.011352999799999985,-1,-1,-1,-1
15,1005,0.3324028382,0.3933533986,0.0020395248000000255,0.011156649299999988,-1,-1,-1,-1
16,1005,0.3324984996,0.3932518009,0.0020693586000000153,0.011436851400000003,-1,-1,-1,-1
17,1005,0.3324580828,0.3932101563,0.0020675835000000253,0.011325772299999981,-1,-1,-1,-1
18,1005,0.3325243854,0.393124428,0.002043781500000008,0.011385619899999977,-1,-1,-1,-1
19,1005,0.3323936775,0.3929978072,0.002044209000000019,0.011257448300000028,-1,-1,-1,-1
20,1005,0.3323584331,0.3928711865,0.0020446364999999744,0.01112927659999996,-1,-1,-1,-1
21,1005,0.3325144415,0.3926700787,0.001990900600000012,0.011132273500000012,-1,-1,-1,-1
22,1005,0.3324578732,0.3924796119,0.0019990658000000328,0.010985363499999956,-1,-1,-1,-1
23,1005,0.3325724394,0.3924132216,0.001974734400000011,0.01075592190000002,-1,-1,-1,-1
24,1005,0.3324272167,0.3923767084,0.00198939890000005,0.010625518300000025,-1,-1,-1,-1
25,1005,0.3323867663,0.3922843986,0.002004063399999978,0.010495114500000013,-1,-1,-1,-1
26,1005,0.3324721198,0.3923658004,0.001865586699999977,0.009909361099999958,-1,-1,-1,-1
27,1005,0.3322789295,0.3921120105,0.0020543004999999948,0.010002791200000027,-1,-1,-1,-1
28,1005,0.3322115432,0.39195397,0.0020480567999999755,0.010103903299999994,-1,-1,-1,-1
29,1005,0.3321206505,0.3917564658,0.002027037999999981,0.0100508386,-1,-1,-1,-1
30,1005,0.3321236636,0.3916924508,0.0020060191999999866,0.009997774000000015,-1,-1,-1,-1
31,1005,0.3320357196,0.3916584003,0.0019850005000000004,0.009944709500000037,-1,-1,-1,-1
32,1005,0.332168213,0.3915561638,0.002003247099999994,0.010271252299999978,-1,-1,-1,-1
33,1005,0.3325957666,0.3913580407,0.0019889168999999707,0.01046937539999998,-1,-1,-1,-1
34,1005,0.3327194198,0.3912631801,0.002008973399999947,0.010819659400000015,-1,-1,-1,-1
35,1005,0.3329897156,0.3909768205,0.001900293200000014,0.011137981200000036,-1,-1,-1,-1
36,1005,0.3325644625,0.3910270806,0.0020202209999999887,0.010832297699999993,-1,-1,-1,-1
37,1005,0.3321894382,0.3910006451,0.0019102441999999664,0.010475598100000039,-1,-1,-1,-1
38,1005,0.3316326972,0.3909352971,0.0018023082999999995,0.010093886499999982,-1,-1,-1,-1
39,1005,0.3313028471,0.390897916,0.0017857345999999774,0.009975743199999998,-1,-1,-1,-1
40,1005,0.3312218924,0.3907874785,0.0017691609000000108,0.009857599900000014,-1,-1,-1,-1
41,1005,0.3311319076,0.390357693,0.0019437464000000015,0.009649796900000007,-1,-1,-1,-1
42,1005,0.3311712771,0.390119626,0.0019584031000000057,0.00976015210000003,-1,-1,-1,-1
43,1005,0.3309859746,0.3900891077,0.0019280637999999906,0.01014198049999998,-1,-1,-1,-1
44,1005,0.3312259357,0.3901967723,0.0019216503000000218,0.009746930300000012,-1,-1,-1,-1
45,1005,0.3314747725,0.3901608126,0.001834429099999979,0.009623216099999998,-1,-1,-1,-1
46,1005,0.3319440362,0.3902525647,0.0016650880999999895,0.009212253299999973,-1,-1,-1,-1
47,1005,0.3322660444,0.3900396978,0.0019054156999999683,0.009233484000000014,-1,-1,-1,-1
48,1005,0.3325595087,0.3898758259,0.0018955117999999715,0.009451540800000047,-1,-1,-1,-1
49,1005,0.332920204,0.3897716633,0.002104561599999999,0.009364204399999965,-1,-1,-1,-1
50,1005,0.3333085762,0.3896675008,0.0019316769000000122,0.009276730700000013,-1,-1,-1,-1
51,1005,0.3336712903,0.3895359029,0.001892348300000013,0.009298861499999977,-1,-1,-1,-1
52,1005,0.3339744211,0.3893804362,0.0018355770000000327,0.009317562800000012,-1,-1,-1,-1
53,1005,0.3341103353,0.3892327886,0.0019614584000000046,0.010067279900000004,-1,-1,-1,-1
54,1005,0.3342325886,0.3890972811,0.001843527200000028,0.010470968299999994,-1,-1,-1,-1
55,1005,0.3341249371,0.3889721168,0.0020385468999999934,0.010285975499999989,-1,-1,-1,-1
56,1005,0.334153316,0.3889401299,0.001988673200000013,0.010126600600000035,-1,-1,-1,-1
57,1005,0.3341548876,0.3888984949,0.0019264764999999962,0.009820217799999975,-1,-1,-1,-1
58,1005,0.3342009922,0.3888631015,0.002057886600000003,0.010009798000000014,-1,-1,-1,-1
59,1005,0.3344946912,0.3887056205,0.0018466161999999842,0.009727626999999961,-1,-1,-1,-1
60,1005,0.3347096274,0.3886967432,0.0018789657000000126,0.00966325180000005,-1,-1,-1,-1
61,1005,0.3346191551,0.3885826829,0.0018837678999999996,0.009594476400000052,-1,-1,-1,-1
62,1005,0.3343419193,0.3883953701,0.0019306975999999754,0.009549527599999996,-1,-1,-1,-1
63,1005,0.3342671766,0.3883123865,0.002074130800000018,0.009437171199999983,-1,-1,-1,-1
64,1005,0.3340495577,0.3883246312,0.00206085709999998,0.009400509000000001,-1,-1,-1,-1
65,1005,0.3341189123,0.3880547182,0.001878942699999997,0.00989017950000004,-1,-1,-1,-1
66,1005,0.333978761,0.3879007883,0.0018542368999999725,0.0100441094,-1,-1,-1,-1
67,1005,0.3341251471,0.3877538348,0.0017215888999999596,0.009873635500000033,-1,-1,-1,-1
68,1005,0.3341204142,0.3877615254,0.0016988455999999985,0.00969502240000003,-1,-1,-1,-1
69,1005,0.3343327432,0.3876764296,0.0018437069999999722,0.009340603400000036,-1,-1,-1,-1
70,1005,0.3341088876,0.3875363944,0.002095038800000004,0.00923646370000003,-1,-1,-1,-1
71,1005,0.3342147463,0.3874289158,0.0021128230000000414,0.009099767300000006,-1,-1,-1,-1
72,1005,0.334457986,0.3873946897,0.0017734166000000218,0.00884098350000001,-1,-1,-1,-1
73,1005,0.33445394,0.3871651237,0.0019413936000000076,0.008769171799999975,-1,-1,-1,-1
74,1005,0.3345248687,0.3871374654,0.0017202720000000227,0.008585440499999986,-1,-1,-1,-1
75,1005,0.3344490931,0.3870316712,0.001714452600000027,0.008577441900000038,-1,-1,-1,-1
76,1005,0.3344833766,0.3869014594,0.0017086332000000315,0.008699221899999998,-1,-1,-1,-1
77,1005,0.3344540872,0.3866754559,0.0017028138999999887,0.008949642899999999,-1,-1,-1,-1
78,1005,0.33458523,0.3866305489,0.0017286012000000128,0.00948303690000002,-1,-1,-1,-1
79,1005,0.3345176265,0.3865323673,0.0018099428000000195,0.009312626099999999,-1,-1,-1,-1
80,1005,0.3344046873,0.3864341857,0.0017580248999999881,0.009190913100000031,-1,-1,-1,-1
81,1005,0.3342917481,0.3863360041,0.0017441310999999904,0.009110307399999962,-1,-1,-1,-1
82,1005,0.3340826422,0.38626224,0.0017302372999999927,0.009029701800000012,-1,-1,-1,-1
83,1005,0.3340796077,0.3860629002,0.0016984378000000078,0.008976178800000012,-1,-1,-1,-1
84,1005,0.3338407359,0.3860019262,0.0017310837999999773,0.008988317799999979,-1,-1,-1,-1
85,1005,0.333805188,0.3859116513,0.001629250700000029,0.00900534019999999,-1,-1,-1,-1
86,1005,0.3335360924,0.3857725413,0.0016098462999999952,0.009095615200000018,-1,-1,-1,-1
87,1005,0.3334593302,0.3858206321,0.001659132299999977,0.008876602000000011,-1,-1,-1,-1
88,1005,0.3334924727,0.3856855917,0.0016534659999999923,0.00874305000000003,-1,-1,-1,-1
89,1005,0.3334157104,0.3855505514,0.001634061600000014,0.008731585300000011,-1,-1,-1,-1
90,1005,0.3334706297,0.3854237411,0.00160661849999999,0.008809560599999988,-1,-1,-1,-1
91,1005,0.3332064025,0.3853006874,0.0016372981000000175,0.008834944399999989,-1,-1,-1,-1
92,1005,0.333088715,0.3852305382,0.001672557000000019,0.008831841100000015,-1,-1,-1,-1
93,1005,0.3326687893,0.3851359716,0.0017902445999999905,0.008901990199999987,-1,-1,-1,-1
94,1005,0.3326390256,0.3851170991,0.0016551511999999824,0.008896445199999992,-1,-1,-1,-1
95,1005,0.3326367381,0.3850683831,0.0016526877999999967,0.008813913399999984,-1,-1,-1,-1
96,1005,0.3326756648,0.3849189449,0.0016872024999999846,0.008777172,-1,-1,-1,-1
97,1005,0.3329461766,0.3848288064,0.001622762100000008,0.008671970600000023,-1,-1,-1,-1
98,1005,0.3328915535,0.3847183199,0.0017323376000000223,0.008611534600000026,-1,-1,-1,-1
99,1005,0.3331309256,0.3846664354,0.0017124662999999929,0.008519959500000007,-1,-1,-1,-1
100,1005,0.3332500894,0.3846145509,0.001692595000000019,0.008428384399999989,-1,-1,-1,-1
101,1005,0.3334654198,0.3845870839,0.0016393046000000022,0.008400925700000006,-1,-1,-1,-1
102,1005,0.3335639764,0.3845229907,0.0016094385000000044,0.008294096500000014,-1,-1,-1,-1
103,1005,0.3336075807,0.3844100624,0.001632981099999986,0.008153659000000035,-1,-1,-1,-1
104,1005,0.3337498681,0.3842867404,0.0016288023000000096,0.008166661399999997,-1,-1,-1,-1
105,1005,0.3339111775,0.3841915924,0.0016606422000000065,0.008430154899999986,-1,-1,-1,-1
106,1005,0.3341572052,0.3841473141,0.0016757927000000117,0.008205703599999947,-1,-1,-1,-1
107,1005,0.3342171441,0.3841252336,0.0016570680000000393,0.008447678700000016,-1,-1,-1,-1
108,1005,0.334421333,0.3840005996,0.0016488091000000371,0.008436480100000032,-1,-1,-1,-1
109,1005,0.3346562054,0.3840767317,0.0015751971999999892,0.00832525810000001,-1,-1,-1,-1
110,1005,0.3348290826,0.3839880456,0.0016496058000000091,0.008267302099999985,-1,-1,-1,-1
111,1005,0.3350353239,0.3838261071,0.0016082215999999594,0.008453658100000039,-1,-1,-1,-1
112,1005,0.3350377833,0.3837740474,0.0016607146000000017,0.0083836303,-1,-1,-1,-1
113,1005,0.3350484857,0.3837903565,0.0016362741000000014,0.008342903700000015,-1,-1,-1,-1
114,1005,0.3348977654,0.3836601608,0.0015946611000000055,0.008204507000000028,-1,-1,-1,-1
115,1005,0.3347012515,0.3835625217,0.0015438891999999815,0.008155641200000008,-1,-1,-1,-1
116,1005,0.3342574518,0.3834160476,0.001644236500000007,0.008350950300000048,-1,-1,-1,-1
117,1005,0.3340471998,0.3833672435,0.0015744783999999679,0.008335692700000008,-1,-1,-1,-1
118,1005,0.3337852155,0.3833079221,0.001525580400000004,0.00823931830000002,-1,-1,-1,-1
119,1005,0.3333429187,0.3830990436,0.0016244248000000239,0.008228439399999954,-1,-1,-1,-1
120,1005,0.3331341695,0.3830052761,0.0014897215999999935,0.008078032000000013,-1,-1,-1,-1
121,1005,0.3328590196,0.3828667432,0.0016687048000000315,0.008118894899999951,-1,-1,-1,-1
122,1005,0.3328943506,0.3828161132,0.0014959928000000122,0.007974185000000023,-1,-1,-1,-1
123,1005,0.3326583542,0.3827166483,0.0016083464000000158,0.00800039739999997,-1,-1,-1,-1
124,1005,0.3327337546,0.3826578792,0.0016016365000000032,0.008181254000000027,-1,-1,-1,-1
125,1005,0.3325206551,0.3826113189,0.001594926399999974,0.008301066700000026,-1,-1,-1,-1
126,1005,0.3325960555,0.382589176,0.0015159757000000051,0.007711812100000048,-1,-1,-1,-1
127,1005,0.332685366,0.3824514161,0.0014164774000000047,0.00807028970000001,-1,-1,-1,-1
128,1005,0.332797157,0.3824157657,0.0014145911999999816,0.007959435099999967,-1,-1,-1,-1
129,1005,0.3330216004,0.3822531443,0.0014203304000000028,0.007885289199999979,-1,-1,-1,-1
130,1005,0.3328048983,0.3821963321,0.0016266594000000079,0.007885858800000034,-1,-1,-1,-1
131,1005,0.3327685086,0.3820632152,0.0016073248999999845,0.007802373400000007,-1,-1,-1,-1
132,1005,0.3325299728,0.3819614922,0.0015879903000000084,0.0077188879000000266,-1,-1,-1,-1
133,1005,0.3322799885,0.3818882563,0.0015686556999999768,0.007635402499999999,-1,-1,-1,-1
134,1005,0.3318019518,0.3819371078,0.0016816773000000174,0.0077788206999999665,-1,-1,-1,-1
135,1005,0.331677671,0.38183335,0.0016273628999999845,0.00788257849999996,-1,-1,-1,-1
136,1005,0.3315442316,0.3817784273,0.0015547307999999593,0.007790996300000019,-1,-1,-1,-1
137,1005,0.3312047207,0.381650252,0.0014958369999999999,0.007430684599999959,-1,-1,-1,-1
138,1005,0.3311537098,0.3815464942,0.0015056336000000003,0.007290267500000003,-1,-1,-1,-1
139,1005,0.3308459147,0.3814724579,0.0015111905999999897,0.007681868300000005,-1,-1,-1,-1
140,1005,0.3307075562,0.381422839,0.0015121681000000442,0.007658097599999969,-1,-1,-1,-1
141,1005,0.3302257452,0.3813927542,0.001980241000000049,0.007712599900000006,-1,-1,-1,-1
142,1005,0.3298297973,0.3812527906,0.001675391699999973,0.007730475999999986,-1,-1,-1,-1
143,1005,0.3294521669,0.3811779403,0.001599664899999964,0.00795183129999999,-1,-1,-1,-1
144,1005,0.3293218222,0.3811519251,0.0016750571999999964,0.008100071099999995,-1,-1,-1,-1
145,1005,0.3292052156,0.3810526573,0.0014868016000000317,0.008231575500000032,-1,-1,-1,-1
146,1005,0.3289696227,0.3809789247,0.0016563282000000012,0.008150846900000008,-1,-1,-1,-1
147,1005,0.328898887,0.3809784446,0.0013698734000000545,0.007955986999999998,-1,-1,-1,-1
148,1005,0.3284846988,0.3808192508,0.0013904420000000473,0.007852829999999977,-1,-1,-1,-1
149,1005,0.3282353678,0.3807088919,0.0014110104999999762,0.0077496730000000125,-1,-1,-1,-1
150,1005,0.3277452728,0.3805606037,0.0014110105000000317,0.007749672900000004,-1,-1,-1,-1
151,1005,0.3275233023,0.3805935262,0.0014110105000000317,0.007749672900000004,-1,-1,-1,-1
