37,1878,0.3612884543,0.3815636413,0.0014046817000000211,0.006468440500000006,-1,-1,-1,-1
38,1878,0.3608704457,0.3816650151,0.0016195516999999993,0.006882851999999995,-1,-1,-1,-1
39,1878,0.3601102197,0.3815637785,0.0013667089000000132,0.006941152199999967,-1,-1,-1,-1
40,1878,0.3588180669,0.3813274227,0.0013667089000000132,0.0069411522000000225,-1,-1,-1,-1
41,1878,0.3576396971,0.3813464731,0.0013550162000000032,0.006905211799999977,-1,-1,-1,-1
42,1878,0.3564613274,0.3813655235,0.001343323399999985,0.006869271499999996,-1,-1,-1,-1
43,1878,0.3552829577,0.381384574,0.001331630500000014,0.006833331100000006,-1,-1,-1,-1
44,1878,0.354104588,0.3814036244,0.0013199376999999957,0.006797390800000025,-1,-1,-1,-1
45,1878,0.3529262182,0.3814226749,0.001308244900000033,0.006761450400000035,-1,-1,-1,-1
46,1878,0.3517478485,0.3814417253,0.0012965520999999591,0.006725510099999998,-1,-1,-1,-1
47,1878,0.3505694788,0.3814607758,0.0012848592999999964,0.006689569700000009,-1,-1,-1,-1
48,1878,0.3493911091,0.3814798262,0.0012731664000000253,0.006653629400000027,-1,-1,-1,-1
49,1878,0.3480609836,0.3814798262,0.001463184300000031,0.0067887487000000135,-1,-1,-1,-1
50,1878,0.3470537805,0.3815812,0.0014631843999999838,0.006788748600000005,-1,-1,-1,-1
51,1878,0.3461606499,0.3814123352,0.0015962432000000137,0.006856239699999989,-1,-1,-1,-1
52,1878,0.3455526234,0.3814123352,0.0015962432000000137,0.006856239699999989,-1,-1,-1,-1
53,1878,0.3455526234,0.3814123352,0.001501157100000039,0.006889985200000004,-1,-1,-1,-1
54,1878,0.3454765236,0.3814798262,0.001501157100000039,0.006889985200000004,-1,-1,-1,-1
55,1878,0.3451154741,0.3814460807,0.001501157100000039,0.006889985200000004,-1,-1,-1,-1
56,1878,0.3445262796,0.381412198,0.001501157100000039,0.006889985200000004,-1,-1,-1,-1
57,1878,0.3446593384,0.3813447069,0.0015011570999999835,0.006889985300000012,-1,-1,-1,-1
58,1878,0.3446593384,0.3813447069,0.0015011570999999835,0.006889985300000012,-1,-1,-1,-1
59,1878,0.3446593384,0.3813447069,0.0015011570999999835,0.006889985300000012,-1,-1,-1,-1
60,1878,0.3447923973,0.381412198,0.0015011570999999835,0.006889985200000004,-1,-1,-1,-1
61,1878,0.3447923973,0.381412198,0.0015011570999999835,0.006889985200000004,-1,-1,-1,-1
62,1878,0.3446974655,0.381412198,0.001596088899999959,0.007126478200000008,-1,-1,-1,-1
63,1878,0.3447544246,0.3814460807,0.0015391297999999831,0.007092595499999965,-1,-1,-1,-1
64,1878,0.3444883069,0.3814799634,0.0015391298000000386,0.007092595499999965,-1,-1,-1,-1
65,1878,0.3444883069,0.3814799634,0.0015391298000000386,0.007092595499999965,-1,-1,-1,-1
66,1878,0.3444883069,0.3814799634,0.0015391298000000386,0.007092595499999965,-1,-1,-1,-1
67,1878,0.3444883069,0.3814799634,0.0015391298000000386,0.007092595499999965,-1,-1,-1,-1
68,1878,0.3444883069,0.3814799634,0.0015391298000000386,0.007092595499999965,-1,-1,-1,-1
69,1878,0.3444883069,0.3814799634,0.0015391298000000386,0.007092595499999965,-1,-1,-1,-1
70,1878,0.3444883069,0.3814799634,0.0015391298000000386,0.007092595499999965,-1,-1,-1,-1
71,1878,0.3444883069,0.3814798262,0.0014633387000000386,0.007092732699999993,-1,-1,-1,-1
72,1878,0.3444883069,0.3814798262,0.0014633387000000386,0.007092732699999993,-1,-1,-1,-1
73,1878,0.3446213657,0.3814798262,0.0014633387999999914,0.007092732699999993,-1,-1,-1,-1
74,1878,0.3450395287,0.3815473173,0.0014633387000000386,0.007092732699999993,-1,-1,-1,-1
75,1878,0.3456285688,0.3815473173,0.001463338800000047,0.007092732699999993,-1,-1,-1,-1
76,1878,0.3463125408,0.3815810628,0.0014633386999999831,0.007092732699999993,-1,-1,-1,-1
77,1878,0.3471485579,0.381716182,0.0014633387000000386,0.007092732699999993,-1,-1,-1,-1
78,1878,0.3478896433,0.3816149455,0.0014634930999999907,0.007295342999999954,-1,-1,-1,-1
79,1878,0.3487637875,0.3817500647,0.0014634931000000462,0.007295343100000018,-1,-1,-1,-1
80,1878,0.3490788375,0.3816100071,0.0016586049999999797,0.007252543800000011,-1,-1,-1,-1
81,1878,0.3496566094,0.3816100071,0.0017373287999999931,0.0071124862000000455,-1,-1,-1,-1
82,1878,0.3499454181,0.3816100071,0.0017373287999999931,0.0071124862000000455,-1,-1,-1,-1
83,1878,0.350107188,0.3814880568,0.0015755588999999959,0.007561054700000014,-1,-1,-1,-1
84,1878,0.350107188,0.3814880568,0.0016562894999999633,0.007520450400000045,-1,-1,-1,-1
85,1878,0.350107188,0.3814880568,0.0016562894999999633,0.007520450400000045,-1,-1,-1,-1
86,1878,0.3499691896,0.3815673451,0.0016592223999999933,0.0074411621000000094,-1,-1,-1,-1
87,1878,0.3499691896,0.3817388162,0.0014469764999999746,0.0072696910000000226,-1,-1,-1,-1
88,1878,0.349217299,0.3817135757,0.00144697650000003,0.007269690900000014,-1,-1,-1,-1
89,1878,0.3484796096,0.3816126135,0.0014469764999999746,0.007269690900000014,-1,-1,-1,-1
90,1878,0.3476993166,0.3817386791,0.00144697650000003,0.007269690900000014,-1,-1,-1,-1
91,1878,0.3468906213,0.3818396413,0.00144697650000003,0.007269690900000014,-1,-1,-1,-1
92,1878,0.3460393224,0.3818144007,0.0015598142000000093,0.007343903699999987,-1,-1,-1,-1
93,1878,0.3454576916,0.3817639196,0.001559814100000001,0.007343903699999987,-1,-1,-1,-1
94,1878,0.34452134,0.381688198,0.0015598142000000093,0.007343903600000035,-1,-1,-1,-1
95,1878,0.3438821327,0.381637854,0.0016882421999999675,0.007646515999999992,-1,-1,-1,-1
96,1878,0.3433005019,0.3816127506,0.0017306912999999757,0.007369007099999991,-1,-1,-1,-1
97,1878,0.3431728456,0.3816630946,0.0016456387000000072,0.007343903600000035,-1,-1,-1,-1
98,1878,0.3422222929,0.3817135757,0.001645638599999999,0.007343903600000035,-1,-1,-1,-1
99,1878,0.3416547089,0.3816884723,0.001645638599999999,0.007343903599999979,-1,-1,-1,-1
100,1878,0.3404062401,0.3816884723,0.0016456387000000072,0.007343903599999979,-1,-1,-1,-1
101,1878,0.3397109999,0.3816884723,0.001645638599999999,0.007343903599999979,-1,-1,-1,-1
102,1878,0.3390583631,0.3817894345,0.0015463848000000224,0.0073436292999999875,-1,-1,-1,-1
103,1878,0.338184682,0.38167352,0.001546384799999967,0.0073436292999999875,-1,-1,-1,-1
104,1878,0.337376141,0.3818820289,0.001546384799999967,0.0073436292999999875,-1,-1,-1,-1
105,1878,0.3361375513,0.3819283947,0.0017893484000000015,0.007517981199999968,-1,-1,-1,-1
106,1878,0.3359419764,0.3819052118,0.0014763050999999638,0.0079583191,-1,-1,-1,-1
107,1878,0.3350814159,0.3819052118,0.0013329040999999764,0.008074096400000008,-1,-1,-1,-1
108,1878,0.3344945368,0.3817661144,0.0016850006999999945,0.008514571499999957,-1,-1,-1,-1
109,1878,0.3337233511,0.381845677,0.0017027520999999823,0.008305376699999978,-1,-1,-1,-1
110,1878,0.3331310694,0.381845677,0.0016021090000000182,0.00820606060000001,-1,-1,-1,-1
111,1878,0.3324603725,0.3818854583,0.0014792378999999856,0.008225951300000034,-1,-1,-1,-1
112,1878,0.3320579544,0.3819847744,0.0014792378999999856,0.008225951299999978,-1,-1,-1,-1
113,1878,0.3317785616,0.3819251025,0.0014792378999999856,0.00822595119999997,-1,-1,-1,-1
114,1878,0.331733797,0.3821237347,0.0014792379999999938,0.008225951200000026,-1,-1,-1,-1
115,1878,0.3314920683,0.3821436253,0.0015979412000000082,0.008225951299999978,-1,-1,-1,-1
116,1878,0.3313131644,0.3822031601,0.0018106500999999775,0.00828562319999998,-1,-1,-1,-1
117,1878,0.3311566427,0.3823621481,0.001676510799999975,0.008027319099999985,-1,-1,-1,-1
118,1878,0.3311566427,0.3823621481,0.0015760220000000102,0.008047209799999955,-1,-1,-1,-1
119,1878,0.3310225033,0.382520999,0.0015312573999999857,0.00804720980000001,-1,-1,-1,-1
120,1878,0.3308324854,0.3825408897,0.0015312573999999857,0.008047209700000002,-1,-1,-1,-1
121,1878,0.3305865889,0.3826204523,0.0015312574000000412,0.008047209700000002,-1,-1,-1,-1
122,1878,0.3302624316,0.3826998777,0.0014083863000000085,0.007967647099999975,-1,-1,-1,-1
123,1878,0.3298935097,0.3828588658,0.0015537941000000055,0.008106744499999985,-1,-1,-1,-1
124,1878,0.3295023599,0.3829184006,0.001687933400000008,0.00834515800000002,-1,-1,-1,-1
125,1878,0.3293347242,0.3829382912,0.0016879335000000162,0.00834515800000002,-1,-1,-1,-1
126,1878,0.3293682205,0.3829780725,0.0017438120000000112,0.0084244463,-1,-1,-1,-1
127,1878,0.3293010736,0.3830576351,0.0016992017999999942,0.008444336999999968,-1,-1,-1,-1
128,1878,0.3293793344,0.3831569512,0.0016879335000000162,0.008007291299999997,-1,-1,-1,-1
129,1878,0.3292675774,0.3832365138,0.001777308199999994,0.008066688900000007,-1,-1,-1,-1
130,1878,0.3293123419,0.3832762951,0.00175492599999999,0.008046798299999991,-1,-1,-1,-1
131,1878,0.3293682205,0.3833159393,0.0017549259000000372,0.008106470099999985,-1,-1,-1,-1
132,1878,0.329424099,0.3834946808,0.0016544371999999696,0.008106607300000013,-1,-1,-1,-1
133,1878,0.3293459926,0.3835145715,0.0016544370999999614,0.008106607300000013,-1,-1,-1,-1
134,1878,0.3292453494,0.3836735595,0.0016544372000000251,0.008106607400000021,-1,-1,-1,-1
135,1878,0.3292675774,0.3837529849,0.0016544370999999614,0.008106607400000021,-1,-1,-1,-1
136,1878,0.3291445519,0.3838125197,0.0016544371999999696,0.008106607399999965,-1,-1,-1,-1
137,1878,0.3291556659,0.3838919452,0.0016544371999999696,0.008106607300000013,-1,-1,-1,-1
138,1878,0.3289658023,0.3840905773,0.0016544372000000251,0.008106607399999965,-1,-1,-1,-1
139,1878,0.328809435,0.384050796,0.0016544372000000251,0.008106607399999965,-1,-1,-1,-1
140,1878,0.3285635385,0.3842693189,0.0016544372000000251,0.008106607300000013,-1,-1,-1,-1
141,1878,0.3285635385,0.3842693189,0.0016544372000000251,0.008106607300000013,-1,-1,-1,-1
142,1878,0.3285300423,0.3844084163,0.0016544372000000251,0.008106607300000013,-1,-1,-1,-1
143,1878,0.3285859208,0.3844283069,0.0016544372000000251,0.008106607399999965,-1,-1,-1,-1
144,1878,0.3285971892,0.3845077324,0.0016544371000000169,0.008106607299999957,-1,-1,-1,-1
145,1878,0.3285524246,0.3846269391,0.0017101613000000127,0.00828534889999999,-1,-1,-1,-1
146,1878,0.3283176421,0.3847658993,0.0017101613000000127,0.00828534889999999,-1,-1,-1,-1
147,1878,0.3286752956,0.3848849689,0.0015984043000000225,0.00828562319999998,-1,-1,-1,-1
148,1878,0.3287983211,0.3849445037,0.0015312573999999857,0.008404829900000022,-1,-1,-1,-1
149,1878,0.3292566177,0.3850637104,0.0015312575000000495,0.00840483000000003,-1,-1,-1,-1
150,1878,0.3293237646,0.3850836011,0.0016541284999999628,0.008305376699999978,-1,-1,-1,-1
151,1878,0.329457904,0.3852225613,0.0016428600999999765,0.008444611300000016,-1,-1,-1,-1
152,1878,0.3294244077,0.3853021239,0.0016428602000000403,0.00844461129999996,-1,-1,-1,-1
153,1878,0.3294244077,0.3853021239,0.0016428602000000403,0.00844461129999996,-1,-1,-1,-1
154,1878,0.3295585471,0.3853419052,0.0016428601999999848,0.008444611300000016,-1,-1,-1,-1
155,1878,0.329770793,0.3855206467,0.0016428600999999765,0.00844461129999996,-1,-1,-1,-1
156,1878,0.3296925322,0.3856995255,0.0017771537999999865,0.008523762300000015,-1,-1,-1,-1
157,1878,0.3297149144,0.3858386229,0.0017771538999999947,0.008523762300000015,-1,-1,-1,-1
158,1878,0.329938583,0.3858982948,0.0018998706000000198,0.008523762400000023,-1,-1,-1,-1
159,1878,0.3302179757,0.3860175016,0.0018998706000000198,0.008523762300000015,-1,-1,-1,-1
160,1878,0.3301957478,0.3861963803,0.0020114733000000107,0.00856326930000001,-1,-1,-1,-1
161,1878,0.3300392261,0.386315587,0.001877488299999952,0.008603050599999995,-1,-1,-1,-1
162,1878,0.32961458,0.3863950124,0.0020451240000000093,0.008781792199999972,-1,-1,-1,-1
163,1878,0.3294245621,0.3864149031,0.0018774883000000075,0.008881108200000043,-1,-1,-1,-1
164,1878,0.3294358304,0.3864944657,0.0020114733999999634,0.008960533699999995,-1,-1,-1,-1
165,1878,0.3294247165,0.3865143564,0.0020114733000000107,0.008960533600000042,-1,-1,-1,-1
166,1878,0.3297041092,0.3866335631,0.0020114733000000107,0.008960533699999995,-1,-1,-1,-1
167,1878,0.3297264915,0.386792414,0.0019890909999999984,0.00890086170000004,-1,-1,-1,-1
168,1878,0.329793484,0.3868123046,0.0019890909999999984,0.008900861799999993,-1,-1,-1,-1
169,1878,0.3297376055,0.3868917301,0.0018773339,0.008861217600000026,-1,-1,-1,-1
170,1878,0.3298493626,0.3870903623,0.0018773339,0.008861217500000018,-1,-1,-1,-1
171,1878,0.3295923521,0.3871697877,0.0019778227000000204,0.008841326900000002,-1,-1,-1,-1
172,1878,0.3297377598,0.3872889944,0.0019778227000000204,0.00884132700000001,-1,-1,-1,-1
173,1878,0.3296147344,0.3874478453,0.0020225872999999894,0.00884146410000003,-1,-1,-1,-1
174,1878,0.3297488738,0.3875272707,0.0020225872999999894,0.009040096300000022,-1,-1,-1,-1
175,1878,0.3298495169,0.3875073801,0.001910675800000039,0.009139412399999991,-1,-1,-1,-1
176,1878,0.3300058842,0.3877457936,0.001866065600000022,0.009059986899999983,-1,-1,-1,-1
177,1878,0.3299165094,0.3879444258,0.001866065600000022,0.009059986899999983,-1,-1,-1,-1
178,1878,0.329793484,0.3879643164,0.0018660655999999665,0.009059986999999992,-1,-1,-1,-1
179,1878,0.3295812381,0.3881032766,0.0018660656999999747,0.009059986999999992,-1,-1,-1,-1
180,1878,0.3292905771,0.3881828393,0.001866065600000022,0.009059986899999983,-1,-1,-1,-1
181,1878,0.329167706,0.3881828393,0.001866065600000022,0.009059986899999983,-1,-1,-1,-1
182,1878,0.3289326148,0.3884807875,0.0019335211999999546,0.009059987000000047,-1,-1,-1,-1
183,1878,0.3289326148,0.3884807875,0.0019335211999999546,0.009059987000000047,-1,-1,-1,-1
184,1878,0.3287202146,0.3885999943,0.0019335212000000102,0.009059986900000039,-1,-1,-1,-1
185,1878,0.3287872071,0.3885999943,0.0019335212000000102,0.009059986900000039,-1,-1,-1,-1
186,1878,0.3287648248,0.3887588451,0.0019335211999999546,0.009059987000000047,-1,-1,-1,-1
187,1878,0.3287648248,0.3887588451,0.0019335211999999546,0.009059987000000047,-1,-1,-1,-1
188,1878,0.328496546,0.3888780519,0.0021125795999999974,0.009397716499999986,-1,-1,-1,-1
189,1878,0.328496546,0.3888780519,0.0021906859999999972,0.00945725129999997,-1,-1,-1,-1
190,1878,0.3285970348,0.3888780519,0.0021906859999999972,0.00945725129999997,-1,-1,-1,-1
191,1878,0.3287199059,0.3889377238,0.0021906859999999972,0.009457251399999977,-1,-1,-1,-1
192,1878,0.3287478452,0.3892456174,0.0020846401999999875,0.009496964100000005,-1,-1,-1,-1
193,1878,0.3287757844,0.389553511,0.001978594499999986,0.009536676799999977,-1,-1,-1,-1
194,1878,0.3284292448,0.389613183,0.001978594499999986,0.009536676800000032,-1,-1,-1,-1
195,1878,0.3281274698,0.3897721711,0.001978594499999986,0.009536676699999969,-1,-1,-1,-1
196,1878,0.3278926873,0.3899708032,0.0019785945000000416,0.009536676800000032,-1,-1,-1,-1
197,1878,0.3275797983,0.3900105845,0.001978594499999986,0.009536676800000032,-1,-1,-1,-1
198,1878,0.327546302,0.3900503659,0.001978594499999986,0.009536676700000024,-1,-1,-1,-1
199,1878,0.3278144264,0.3903682048,0.001978594499999986,0.009536676699999969,-1,-1,-1,-1
200,1878,0.3278033125,0.3903880954,0.001978594499999986,0.009536676799999977,-1,-1,-1,-1
201,1878,0.3275910666,0.3906860437,0.0019785945000000416,0.009536676700000024,-1,-1,-1,-1
202,1878,0.327233413,0.3906263717,0.0019785945000000416,0.009536676800000032,-1,-1,-1,-1
203,1878,0.3266522453,0.3906859065,0.0019785945000000416,0.009536676799999977,-1,-1,-1,-1
204,1878,0.3261045738,0.3907057972,0.001978594499999986,0.009536676700000024,-1,-1,-1,-1
205,1878,0.3256853303,0.3909495606,0.001978594499999986,0.009536676699999969,-1,-1,-1,-1
