0,1086,0.16312556960000002,0.7518730822499999,0.1134153122,0.5255219033
0,1086,0.3330507634,1.00891608835,0.235020459,0.7218581547
0,1086,0.31130382084999997,0.6662825713,0.2115014565,0.4527518788
0,1086,0.3180248755,0.6366653882,0.2145001432,0.4386424094
0,1086,0.1794965003,0.7130994184,0.1248472102,0.4969719634
0,1086,0.20826277769999998,0.722465094,0.143376401,0.5051461922
0,1086,0.20697031615,0.72843818855,0.1416863065,0.5065341483
0,1086,0.21250703885,0.8158916307499999,0.1483360851,0.5756468989
0,1086,0.2676880298,0.80947723795,0.1844813236,0.5696832695
0,1086,0.29760034055,0.81506102455,0.2064130357,0.5751135551
0,1086,0.20077161784999997,0.8056129641499999,0.1402741383,0.5629012425
0,1086,0.2019092557,0.79904726515,0.1410372972,0.5625947893
0,1086,0.1887808073,0.8017849735,0.1309541524,0.5644385842
0,1086,0.36539753415,0.683245595,0.2468226409,0.4718702262
0,1086,0.2864137103,0.7314794009,0.1963569812,0.5109196944
0,1086,0.2789168777,0.7337756054,0.1901824018,0.5119732132
0,1086,0.25734320515,0.79356985925,0.1767366651,0.5552370307
0,1086,0.251665474,0.79761280605,0.1732846212,0.5606589485
0,1086,0.2337381081,0.7926983057,0.1631530072,0.5616523838
0,1086,0.3106209681,0.6849406901499999,0.2103674462,0.4731308821
0,1086,0.2522836497,0.7333437038999999,0.1732752824,0.5104350484
0,1086,0.25938748,0.7341094940499999,0.17695879,0.5112379449
0,1086,0.262439344,0.7291748973500001,0.1792741994,0.5082448817
0,1086,0.2704821115,0.73190612405,0.1837488052,0.5111916477
0,1086,0.39325298965,0.6056629925,0.2639498785,0.4127357248
0,1086,0.28310379394999996,0.65756333185,0.1914559541,0.4532525745
0,1086,0.28390747255,0.6533384198,0.1911637495,0.4418139398
0,1086,0.49777959954999995,0.63840664345,0.3338028469,0.4367574613
0,1086,0.3560116749,0.72502954795,0.2409480614,0.5031495821
0,1086,0.36787124034999996,0.7244141036,0.2490852589,0.5043804706
0,1086,0.32853305234999997,0.7109550587,0.2248574325,0.492570498
0,1086,0.37033591644999997,0.7094435748000001,0.2513574473,0.4833707278
0,1086,0.3709531275,0.7097928958,0.2516357596,0.4831349206
0,1086,0.26190618235,0.7759592919,0.1801997457,0.542042943
0,1086,0.27387997475000003,0.7731256283,0.1885408537,0.5396127166
0,1086,0.21917314105000002,0.80834573415,0.1514565623,0.5689212517
0,1086,0.1908100707,0.72145313975,0.1321099276,0.5057135559
0,1086,0.18012901,0.72080758525,0.1240905844,0.5014736917
0,1086,0.92437625955,0.78985744025,0.6203713423,0.5510160969
0,1086,0.1825833439,0.7840285871,0.1283731656,0.5491478844
0,1086,0.37039183365,0.61443230155,0.2485915365,0.4183734219
0,1086,0.09571331275,0.8019491743,0.0726164867,0.5677223254
0,1086,0.38976478685,0.6218242857,0.2619599385,0.4230554074
0,1086,0.38311022305,0.62894767735,0.2573292741,0.4287132695
0,1086,0.3766406605,0.6314826383,0.2535636466,0.4309035734
0,1086,0.38210560545,0.63452350775,0.2567707201,0.4331092411
0,1086,0.3257411317,0.6355095354,0.2195661046,0.4358522308
0,1086,0.28066119145,0.65781916675,0.1910154089,0.4536580695
0,1086,0.3694885924,0.5960571100500001,0.247781915,0.4064018549
0,1086,0.36515935575,0.5982769755499999,0.2462816069,0.4043665609
0,1086,0.3820797887,0.61898246,0.2567193952,0.4226121888
0,1086,0.38582766464999996,0.61445088905,0.2591379175,0.4190106087
0,1086,0.36415713075,0.63638218645,0.2449995647,0.4352671713
0,1086,0.34939492955,0.6466738163,0.2351627795,0.4434713114
0,1086,0.34758223415,0.64501678765,0.2352662783,0.4431029913
0,1086,0.30262805915,0.6900915464,0.2049051639,0.477150989
0,1086,0.36981186215,0.67338085965,0.2495275021,0.4632109331
0,1086,0.35428148525000003,0.60322981685,0.2387111443,0.4113857667
0,1086,0.36140962735000004,0.6010888967,0.2424472889,0.4108614766
0,1086,0.3842258645,0.6366251954,0.258105708,0.435680211
0,1086,0.38415574615,0.63656271125,0.2575769457,0.4289131363
0,1086,0.38839329265,0.6359789549,0.2613451201,0.4355756822
0,1086,0.37760800000000005,0.59557623635,0.2537566746,0.4056285885
0,1086,0.36939979645,0.5983697757499999,0.2482355037,0.4070122921
0,1086,0.3753507074,0.6133125263,0.2519092866,0.4186796008
0,1086,0.37960141305,0.6167272714500001,0.2548969365,0.4204025429
0,1086,0.352943989,0.6159507129,0.2375615436,0.4219010636
0,1086,0.3657820079,0.6152740191,0.2456719596,0.4197207736
0,1086,0.3496311399,0.5947714879,0.235029026,0.4051930518
0,1086,0.3517613937,0.6195144321,0.2365891488,0.423659123
0,1086,0.31932497795,0.64463300095,0.2164422315,0.4436141811
0,1086,0.32136516225,0.64044406365,0.2169055449,0.4379653041
0,1086,0.31978493399999997,0.63590172425,0.2157946886,0.4357153283
0,1086,0.2043736617,0.69365986105,0.1410021802,0.4814796067
0,1086,0.1803323801,0.6922468015500001,0.1239085932,0.4789596667
0,1086,0.2449696573,0.700415893,0.1680745642,0.4869769718
0,1086,0.24178909525,0.6964261023,0.1644957903,0.4843418032
0,1086,0.39342267054999996,0.6419247512999999,0.2645159961,0.4393307632
0,1086,0.38957029239999996,0.64220932485,0.2617509342,0.4387618905
0,1086,0.18837406704999998,0.6919849994,0.1293574461,0.4795214062
0,1086,0.0838974314,0.81328842435,0.0635614608,0.5765185211
0,1086,0.2330586126,0.7897725278,0.1619923696,0.5566216946
0,1086,0.31016718649999997,0.7227403394,0.2107738006,0.5014145684
0,1086,0.29725353085,0.65839160605,0.2016679129,0.4546542483
0,1086,0.29131280775,0.6608096237,0.1974134253,0.4552460296
0,1086,0.184501429,0.7097492049,0.1282850256,0.4951994936
0,1086,0.36778657355,0.6652541559,0.2481257533,0.4577563672
0,1086,0.36990532755,0.56653643085,0.2478165689,0.3827203171
0,1086,0.38370343095,0.5794424471,0.2571949803,0.3927825186
0,1086,0.38435340490000003,0.5727528774499999,0.2575459192,0.3883003999
0,1086,0.36603488925,0.59655849165,0.2454951395,0.4043389883
0,1086,0.51705646325,0.5977718902,0.3467101737,0.4053487476
0,1086,0.37980377989999997,0.574709569,0.2544526866,0.3887311354
0,1086,0.38314518575,0.57294732565,0.2565912759,0.3875537459
0,1086,0.3717754065,0.5793600038,0.2493655778,0.392377298
0,1086,0.37154922960000003,0.5669769060000001,0.2490598666,0.3828720348
0,1086,0.37127720755,0.566849743,0.2484877289,0.3828720348
0,1086,0.3847794017,0.5896811953500001,0.25793622,0.3993250347
0,1086,0.3852192523,0.590792397,0.2584860526,0.4015356408
0,1086,0.37795874585,0.5769225071499999,0.2531805235,0.3900576363
0,1086,0.3744329562,0.57685919995,0.2508639564,0.3897661353
0,1086,0.38149927699999997,0.5955458516500001,0.2559134012,0.4045472229
0,1086,0.36645027365,0.5842929545,0.2454182679,0.3949711764
0,1086,0.37771913960000003,0.58904901555,0.253009106,0.3987021143
0,1086,0.368653733,0.5848314424500001,0.247135607,0.3951345541
0,1086,0.36855525095,0.5873723706,0.2473432221,0.3983450428
0,1086,0.3642975218,0.58691886365,0.2441180112,0.3981801561
0,1086,0.36656403745,0.5807137343000001,0.2458111157,0.3928896538
0,1086,0.1679597971,0.80915590105,0.1185518936,0.5752344079
0,1086,0.5159290132000001,0.69801701155,0.3484025836,0.4844969503
0,1086,0.47314418395,0.73254046445,0.3206883681,0.5090030585
0,1086,0.33591592805,0.6397968629499999,0.2264216459,0.4397785087
0,1086,0.33642647585,0.618449802,0.2264617797,0.4233836718
0,1086,0.3546006645,0.6234053183,0.2393689522,0.4266646694
0,1086,0.31735672555,0.6659439501,0.2145697599,0.459258043
0,1086,0.3127987264,0.64555836225,0.2119841422,0.4450884901
0,1086,0.36562710705,0.6413606798,0.2459694125,0.4398940116
0,1086,0.36184492435,0.6416047862,0.2438549035,0.4395555962
0,1086,0.3406762554,0.6380899018999999,0.229349867,0.4381967216
0,1086,0.33834058625,0.6365615453,0.2274040741,0.437263507
0,1086,0.2914760828,0.68969983765,0.1986621256,0.4771703309
0,1086,0.3618478958,0.581119435,0.2428005432,0.393434932
0,1086,0.3127451247,0.8165145169000001,0.2170647678,0.5721099978
0,1086,0.01201573985,0.9610158280500001,0.0190109003,0.6870892923
0,1086,0.21467028729999998,0.9325308346,0.1537701194,0.6700778452
0,1086,0.25178232495,0.9255145781,0.1790235949,0.6674633902
0,1086,0.37323951710000003,0.63831254005,0.2509190632,0.4351327379
0,1086,0.6543619380500001,0.63827056385,0.4385072031,0.4373231789
0,1086,0.37628424185,0.6463323830000001,0.2533419847,0.4434008024
0,1086,0.3602800163,0.6537830789,0.2430712146,0.4495077818
0,1086,0.5211666237,0.65419200325,0.3508286696,0.4492147719
0,1086,0.3929429949,0.6385292795999999,0.2642409254,0.4372156322
0,1086,0.3956100378,0.63670167145,0.2662372714,0.4366586939
0,1086,0.39107422805000003,0.6377417469,0.2627368355,0.437006849
0,1086,0.3722947143,0.64831342345,0.2509777974,0.4448648917
0,1086,0.36590453165,0.6471225221,0.2467678429,0.4452282734
0,1086,0.6193120425,0.645478388,0.4148025048,0.4419803354
0,1086,0.3684940084,0.6516240513,0.2481348606,0.4468687722
0,1086,0.36050854725000003,0.64951845415,0.2431482405,0.4471926469
0,1086,0.15397503305000002,0.8157215314,0.1090043801,0.5754194596
0,1086,0.13329977795,0.8213520267500001,0.0955357209,0.5777880935
0,1086,0.63702168275,0.798412136,0.4286750487,0.5594446584
0,1086,0.35961738475000005,0.6574799969,0.2427988453,0.4531679364
0,1086,0.23659744570000002,0.82638614535,0.1666899494,0.5600708711
0,1086,0.251486763,0.8073241776,0.1728291802,0.5654174788
0,1086,0.24548005074999998,0.823891583,0.1702070563,0.5711015416
0,1086,0.25553707005000004,0.7979560913500001,0.1731368981,0.5431950919
0,1086,0.25713192395,0.8079198683500001,0.1766658907,0.5686264585
0,1086,0.4918459771,0.69917718545,0.3312010986,0.4848274095
0,1086,0.1327789265,0.9640741874000001,0.0985036898,0.6854253362
0,1086,0.1298451485,0.9614607614,0.0934192052,0.6824953744
0,1086,1.47261403235,0.8851959490000001,0.9903822525,0.6269078566
0,1086,1.47090533745,0.8996475375999999,0.9889678461,0.6373678712
0,1086,1.39604792035,0.9109571574499999,0.9433521201,0.6503852751
0,1086,1.1721333996999999,0.8974645727,0.7918020924,0.635606108
0,1086,1.31782605905,0.9076702612,0.8869079961,0.6446345442
0,1086,0.05405720695,0.9550297701500001,0.0471058463,0.6841897837
0,1086,0.53914739835,0.9263374338000001,0.3674772349,0.6592394966
0,1086,0.0468152624,0.981516233,0.0433245512,0.7022218272
0,1086,0.15798891105,0.9584744883999999,0.1150364075,0.6902723456
0,1086,0.0021625537500000003,0.94903548165,0.0104848683,0.6789843311
0,1086,0.749901132,0.9589710687999999,0.509921838,0.6810068676
0,1086,0.3020380928,0.94674407835,0.2157290854,0.6781332855
0,1086,0.09435683025,0.960894838,0.0762664209,0.6892876896
0,1086,-0.01721808365,0.9644681777999999,-0.0005457159,0.6919363516
0,1086,0.42585453269999995,0.7920509678000001,0.289917272,0.5550750248
0,1086,0.301129449,0.75233879795,0.2051856372,0.5267762491
0,1086,0.05341927315,1.1223567379,0.0455755923,0.8035876154
0,1086,0.0824540438,0.78381898075,0.0623197068,0.5635347255
0,1086,0.06468123145,0.78151927825,0.0505504037,0.5609979127
0,1086,0.5610434531499999,0.9571850939,0.3811034191,0.6770974626
0,1086,0.41192197415,0.9940723605499999,0.2831574343,0.7131579033
0,1086,0.8384408458500001,0.95074877885,0.5679253129,0.6812189431
0,1086,0.4078622195,0.9384885654999999,0.2791006826,0.665447301
0,1086,0.4078260992,0.9215979712,0.2778190264,0.6413000476
0,1086,1.42703404085,0.7436106419499999,0.9565644635,0.5177157135
0,1086,0.51357740625,0.77914563745,0.3466106111,0.5469305567
0,1086,1.3301820097500001,0.7523118427,0.8919802863,0.523655337
0,1086,1.3208055279,0.7521140335000001,0.885868223,0.5214155122
0,1086,0.36695619065,0.8182345439500001,0.2490972991,0.5562902751
0,1086,0.37831068815,0.82541945955,0.2560135041,0.5679818641
0,1086,0.62243745925,0.6388050052,0.4167931395,0.436659517
0,1086,0.3561123952,1.03804862535,0.2468495768,0.7428717385
0,1086,0.8015163925,0.94766666175,0.5471131784,0.6699305171
0,1086,1.1806301802999999,0.93017482095,0.794394116,0.6571538587
0,1086,0.2910724297,0.9324173893,0.2040275466,0.6712855508
0,1086,1.1280494713,0.7303852092500001,0.755620116,0.5032900513
0,1086,0.8128649084999999,0.6399533818500001,0.5435405018,0.4360505887
0,1086,0.8103341660999999,0.6462027508,0.5413890234,0.4366906562
0,1086,1.1488302706,0.7800928441,0.76994046,0.5440479208
0,1086,1.1222900448000002,0.7198029699999999,0.7521412906,0.498858688
0,1086,1.14063861565,0.72518147685,0.7644654643,0.5041087415
0,1086,1.11557419995,0.71354454735,0.7473281719,0.4943694361
0,1086,1.1305491874,0.7270728667499999,0.7580429604,0.5036158465
0,1086,1.1234115519999999,0.7219805164499999,0.7524495488,0.5021438009
0,1086,1.1013313449,0.7183071929,0.7385672802,0.4978125768
0,1086,1.16216224355,0.7241975699000001,0.7782169681,0.5031312004
0,1086,1.0726596305,0.707322751,0.7186779136,0.489525719
0,1086,1.11573427195,0.7256854593,0.7475510687,0.5038679776
0,1086,0.80805040055,0.64548853925,0.5404319875,0.4401147293
0,1086,1.1556403526999999,0.7762018893,0.774346221,0.5418438992
0,1086,1.0883529351,0.7518129302500001,0.7289853444,0.5210508959
0,1086,1.0843711256,0.75311906025,0.7264348438,0.5220806831
0,1086,1.1042744619,0.72883250375,0.7406179612,0.5058673313
0,1086,1.0776981157,0.73104626475,0.7219293658,0.5064231721
0,1086,1.1070370539,0.72154079585,0.7435650142,0.4998766779
0,1086,1.0838473027500002,0.72088803945,0.7257570463,0.5002987713
0,1086,0.7327965854,0.6314698123,0.4908342204,0.4315717622
0,1086,1.06380782035,0.72094277305,0.7119212403,0.4984073759
0,1086,1.05521842335,0.7084828562000001,0.7070607329,0.490546041
0,1086,1.0786595508499999,0.7143038902500001,0.7224957149,0.4958033465
0,1086,1.1366129358500001,0.782225328,0.7619992233,0.5446368214
0,1086,1.01513297555,0.7955122845,0.6805807849,0.553640017
0,1086,1.0352189976,0.69681863395,0.6954287336,0.4810601197
0,1086,1.23200247715,0.77950682425,0.8271945141,0.5435365253
0,1086,0.62451847205,0.6544752736,0.4190355363,0.449073754
0,1086,0.9724388331,0.743022976,0.6547861982,0.5133460798
0,1086,0.9204483219499999,0.73256179545,0.6175618245,0.5093370843
0,1086,1.1240229744499999,0.78670758375,0.7537449431,0.5480761211
0,1086,0.9452531483,0.7354410704000001,0.6368050376,0.505224383
0,1086,0.7160289025,0.6290939123,0.479021475,0.4303064744
0,1086,1.0050056991499998,0.6853167058,0.6725523963,0.4694303152
0,1086,0.973335514,0.6739572085,0.6514341028,0.4609171978
0,1086,0.9614741347,0.68260600765,0.6458579796,0.4669451633
0,1086,0.9601283416,0.6848220321,0.6446291146,0.4675480558
0,1086,0.7294336195,0.610053799,0.487854621,0.4142763166
0,1086,0.72724153875,0.6107697056,0.4864935779,0.4151602096
0,1086,0.74755106865,0.6130153326000001,0.4997903783,0.417404267
0,1086,0.7078410666999999,0.6222345593999999,0.4728330004,0.4214831972
0,1086,1.0320324540499999,0.7667186430999999,0.6927670933,0.5319659264
0,1086,1.1047137722,0.76370383725,0.7402274288,0.5323430257
0,1086,0.7037720501,0.6206850528500001,0.470809092,0.4224228661
0,1086,1.2742935068999999,0.8027780658500001,0.8532671044,0.5577524439
0,1086,1.2602737802,0.80426917895,0.8449777844,0.5605604555
0,1086,0.693509412,0.6136280139,0.464117422,0.4167961806
0,1086,0.959572952,0.67165970085,0.6424109524,0.4637708893
0,1086,0.9171943226999999,0.6559912843,0.6143380028,0.4470982692
0,1086,0.9531597311,0.67203103875,0.6378360122,0.4621864959
0,1086,1.1186847208500001,0.7757040742500001,0.7506910725,0.5435599825
0,1086,1.02324524385,0.7131819887,0.6854326481,0.4953554638
0,1086,1.02221820545,0.7141451079,0.6842207629,0.4914149196
0,1086,0.58953680385,0.6215902619,0.3949707147,0.4240910932
0,1086,0.7959542388499999,0.6266106628,0.5330936833,0.4277797806
0,1086,0.8522173749999999,0.6940517755,0.5715200632,0.4769464582
0,1086,0.5076096701,0.64031518585,0.3407909068,0.4388378865
0,1086,1.1277452266,0.7747202414500001,0.7564073552,0.5405824203
0,1086,1.09958020085,0.7757707422,0.7381883249,0.5443298194
0,1086,0.9956410874499999,0.78561112875,0.6674727893,0.5486135803
0,1086,0.39852003775,0.66840176935,0.2684716371,0.4620318285
0,1086,0.64003441625,0.61731768085,0.4283143079,0.4204500061
0,1086,0.2843254811,0.7936596415499999,0.1951252606,0.5575137561
0,1086,1.14783541645,0.766146821,0.7694156339,0.532899964
0,1086,0.8276861527499999,0.642883961,0.5542034251,0.4416428802
0,1086,1.1469895973500002,0.77326589165,0.7688292179,0.5373974465
0,1086,0.86059931125,0.6386015718,0.5752142217,0.4359483918
0,1086,0.86412745495,0.63144340575,0.5779527335,0.4317030405
0,1086,0.85784304795,0.6454911454500001,0.5740241013,0.4417446655
0,1086,0.8437998584999999,0.6250974642,0.564156907,0.4275347826
0,1086,0.82355322415,0.6616245232,0.5513775451,0.4521703858
0,1086,0.82170236305,0.65852480485,0.5506006481,0.4485309449
0,1086,0.8195843037999999,0.6614830252,0.5492705226,0.4521680538
0,1086,0.8106777728500001,0.6593767421,0.5434120737,0.447972772
0,1086,0.80255902135,0.66065708295,0.5382678515,0.4461048339
0,1086,0.78849831195,0.66278195345,0.5281816195,0.4519096125
0,1086,0.7867752614,0.661265394,0.5280981104,0.4505610262
0,1086,0.7835278997499999,0.65949032465,0.5256528837,0.4497947559
0,1086,0.7701422094,0.6605049537500001,0.51675245,0.4481578237
0,1086,0.76840156175,0.6601207898,0.5143167937,0.4452338976
0,1086,0.772824148,0.6497890356,0.5184780474,0.4397336518
0,1086,0.8417630700000001,0.6455362081,0.5630834832,0.442539057
0,1086,0.9928399052000001,0.69049182865,0.6631528528,0.4700142225
0,1086,0.9952979438,0.6851171683,0.6670066202,0.469973481
0,1086,0.6550550172,0.605126425,0.438578209,0.4111800014
0,1086,1.0777519874500001,0.7354652136,0.7221797387,0.5106074798
0,1086,1.0665132991,0.7366244957,0.7145410488,0.509121305
0,1086,0.8311941522999999,0.64401594485,0.5561872678,0.4414019975
0,1086,1.2647190575,0.7964470766,0.8475426406,0.555042651
0,1086,1.1730394194,0.7677921896,0.7876511808,0.532978292
0,1086,0.74755569955,0.66252488385,0.5006152815,0.4544879899
0,1086,1.17114803865,0.7686138793499999,0.7866376489,0.5343843555
0,1086,0.72882473215,0.73003897465,0.4891785483,0.5060190489
0,1086,0.93380198245,0.6867436751,0.6258165677,0.473960391
0,1086,0.94145124615,0.6865861274,0.6319377383,0.4742337846
0,1086,0.76190058675,0.61707254575,0.5099371197,0.4201553501
0,1086,0.92578032385,0.6882236769,0.6204309255,0.474495381
0,1086,0.9889581214000001,0.7020951443,0.661751104,0.4841419364
0,1086,0.58582589725,0.8135679224,0.3960214475,0.570120178
0,1086,0.98588333485,0.7031130656,0.6604756221,0.4858159064
0,1086,0.9289028077,0.6879643438,0.6211547224,0.4732551644
0,1086,0.78843849715,0.6209336645,0.5287078349,0.4230920336
0,1086,0.78435511835,0.62057350655,0.5248915771,0.4233901191
0,1086,0.38140216964999996,0.64953992235,0.2566154333,0.4439533511
0,1086,0.4372820467,0.6058873985,0.2932089378,0.4123710982
0,1086,0.6439686055,0.6022856281,0.4307050452,0.409338264
0,1086,0.88041736335,0.656360839,0.5891619391,0.4502936684
0,1086,0.7572169767000001,0.60599201135,0.5061713378,0.4116678025
0,1086,0.647684992,0.6037787989,0.4332677404,0.4094403236
0,1086,0.6427310964499999,0.6035058169,0.4296229773,0.4087308446
0,1086,0.5241430053,0.62018625605,0.3516222376,0.4237980833
0,1086,0.6150367162,0.60336280995,0.4117386008,0.4093677571
0,1086,0.52555046545,0.6217582350499999,0.3526181723,0.4237644749
0,1086,0.619337512,0.6048468584,0.4139521322,0.4096008206
0,1086,0.61232996315,0.6067309654999999,0.4093898495,0.4100836834
0,1086,0.87093861755,0.68622048225,0.5832275449,0.4719861407
0,1086,0.6123231573,0.60494551735,0.4095766258,0.4096013693
0,1086,0.6125258139,0.60300942295,0.4097041824,0.4089416727
0,1086,0.6110261184,0.60238947105,0.40859623,0.4082356359
0,1086,0.61765845425,0.6042131696999999,0.4133141597,0.41007559
0,1086,0.61306480995,0.60360981855,0.4099952121,0.4096163295
0,1086,0.65631089525,0.59123444965,0.4392160271,0.4003755355
0,1086,0.67098405255,0.6007301302,0.4487320141,0.407457531
0,1086,0.5838897519499999,0.65128268655,0.3920062189,0.4469594461
0,1086,0.6539729492,0.60174741445,0.4374177258,0.4080442741
0,1086,0.6568604191,0.6021535268,0.4391777456,0.4081138228
0,1086,0.70593558705,0.6096630356,0.4719445371,0.414727322
0,1086,0.5752928684499999,0.6249170766,0.3846109557,0.4206164018
0,1086,0.57581507045,0.62028426895,0.3857868749,0.4218492107
0,1086,0.8439659505,0.66435873355,0.5654396438,0.4566884449
0,1086,0.5443332208,0.654596538,0.3669162884,0.4495667678
0,1086,0.7587822705999999,0.6605026217500001,0.5083896544,0.4527570915
0,1086,0.65248846305,0.5894953892,0.4365076155,0.3991375138
0,1086,0.75621903525,0.6163161522,0.5062815513,0.4201408094
0,1086,0.8418994476,0.6193765007,0.562775225,0.4207884216
0,1086,0.5941585926,0.61674290955,0.3978070912,0.4197630241
0,1086,0.8458198216499999,0.62800897575,0.5657159493,0.4291516869
0,1086,0.8547897948,0.66175587005,0.5727209888,0.4551763437
0,1086,0.8594826664999999,0.6632684514,0.5754920708,0.4555630454
0,1086,0.8630288704,0.63327286575,0.5770194692,0.4327885215
0,1086,0.8526221085000001,0.6465803988500001,0.5708337758,0.4434383889
0,1086,0.93723573465,0.6624903839,0.6282678145,0.4526839762
0,1086,0.8649367676999999,0.6606335571499999,0.579376556,0.4532066203
0,1086,0.8700325978500001,0.6471067467,0.5827599865,0.4441286632
0,1086,0.8018096777000001,0.6095545646,0.5360430518,0.4148729412
0,1086,0.81077563745,0.6109069918500001,0.5422163963,0.4158178159
0,1086,1.0710451727,0.71603869815,0.7189116156,0.4920848917
0,1086,1.0419963552,0.70047590785,0.6977015394,0.4794005533
0,1086,1.05495747675,0.70153580535,0.7063653383,0.4800994697
0,1086,1.1736480633,0.7871080032,0.7867253258,0.5491513138
0,1086,0.7527342668999999,0.71184602275,0.5048557222,0.4940116787
0,1086,0.7726689384000001,0.6597507549999999,0.5183346464,0.4527576402
0,1086,0.86210301535,0.6543800728,0.5772260037,0.4498394756
0,1086,0.911056404,0.70104937595,0.6119952716,0.4856057513
0,1086,0.9020297804499999,0.70172538385,0.6051396531,0.4861053497
0,1086,0.9263575554,0.711876476,0.621393364,0.492433321
0,1086,1.07289394995,0.7019336869999999,0.7182901597,0.4842892644
0,1086,1.0049602244,0.68363894975,0.6731169856,0.4700272543
0,1086,1.0126951582,0.6844081694,0.6772413472,0.4689521988
0,1086,1.0174730826,0.6832342093,0.6808737614,0.4684932048
0,1086,0.78766723425,0.6608937817,0.5266210335,0.4452413052
0,1086,0.7566005376,0.60702159275,0.5057090278,0.4103208623
0,1086,0.6578708638,0.6100529284,0.4396908404,0.4113784964
0,1086,0.7052265442,0.624654762,0.471379897,0.4216942914
0,1086,0.71710963625,0.60586052925,0.4793172913,0.4118758317
0,1086,0.50440853945,0.60670588005,0.3384313503,0.4111470789
0,1086,0.9821961997499999,0.7926173027,0.6598963067,0.5561377344
0,1086,0.7271168084499999,0.6077483974,0.4860380833,0.4131559378
0,1086,0.7298519206,0.6077498591,0.4875652196,0.4122081384
0,1086,0.81475513155,0.6316519146499999,0.5452642469,0.4319217005
0,1086,0.7448311571999999,0.607485868,0.4979110376,0.4141932296
0,1086,0.7951458522999999,0.62022171635,0.5317652558,0.4234626857
0,1086,0.7505719833,0.6070927876,0.5017407248,0.4112676574
0,1086,0.85772346615,0.6311944181,0.5735305907,0.4297039078
0,1086,0.85984610865,0.6302572369,0.5750705119,0.4298253628
0,1086,0.855895094,0.62360998625,0.5717424968,0.4216653937
0,1086,0.62112207515,0.60392633275,0.4158523115,0.4095768147
0,1086,0.7208635057,0.6374303553,0.4828915944,0.4362123202
0,1086,1.0213832688,0.67398889635,0.6828534364,0.4567706139
0,1086,1.0565141265,0.6966037464,0.7073074012,0.4753416254
0,1086,0.4018230674,0.63859290335,0.2702843222,0.4385157229
0,1086,0.50362716595,0.62906564955,0.3379537585,0.4294644503
0,1086,0.49063247109999997,0.6312419614,0.3290048556,0.4315360962
0,1086,0.38003902545,0.7164481712499999,0.2574900407,0.4883780969
0,1086,0.39284991545000003,0.71354070645,0.2670428795,0.4870823237
0,1086,0.41075200484999996,0.7127415137499999,0.2786244801,0.4887361287
0,1086,0.42325884305000006,0.70906771,0.2865451869,0.4822104854
0,1086,0.44069642265,0.7107157534999999,0.2989077751,0.4916213708
0,1086,0.45536052775,0.7025083211500001,0.3078813757,0.4781629431
0,1086,0.44247643225,0.7048259252,0.2992401135,0.4794773724
0,1086,0.6584504878499999,0.6298417965499999,0.4412066617,0.4307209909
0,1086,0.4817664598,0.702408182,0.3267866934,0.4850516938
0,1086,0.49085235775,0.6926228721,0.3310265167,0.4723105642
0,1086,0.37405584545000004,0.7948575937,0.2586467463,0.5586742576
0,1086,1.0816669652500002,0.78163736975,0.7254194723,0.5458623243
0,1086,1.08178823715,0.7805010826000001,0.7257825717,0.5429126446
0,1086,0.48131209929999996,0.68415302035,0.3247313816,0.4660808115
0,1086,0.49416061465,0.6926472896,0.3342449357,0.4773699234
0,1086,0.49386956775,0.69277122345,0.3339289595,0.4768057037
0,1086,0.5957165544,0.6375086147,0.3991660822,0.4357896782
0,1086,0.5999512889,0.63685343485,0.4020348872,0.4357345621
0,1086,0.50396811535,0.6394752076,0.3380694315,0.4361823218
0,1086,0.5076651343,0.63747955775,0.340356536,0.4357330241
0,1086,0.51018417475,0.6366162548000001,0.3423485617,0.4351582528
0,1086,0.42421036050000005,0.82548276675,0.2891141336,0.5711746569
0,1086,0.51557548055,0.6344360938,0.3458956219,0.4343424388
0,1086,0.5139960135,0.63657756475,0.344839786,0.4353382289
0,1086,0.40968240115,0.8130106774999999,0.2790528289,0.5757421544
0,1086,0.48274659925,0.6274203598,0.3239234581,0.4287379614
0,1086,0.49582794105000005,0.6098388638000001,0.3322331537,0.4144823986
0,1086,0.50898405295,0.6171872334499999,0.3411408423,0.4202897835
0,1086,0.6428798421999999,0.6202071086000001,0.4305672012,0.4233562364
0,1086,0.5865402657,0.62132104405,0.392855048,0.4236646101
0,1086,0.56136444605,0.7329757267999999,0.3780364279,0.5086683468
0,1086,0.56743853665,0.7114196083,0.3841559005,0.4899121464
0,1086,0.568383764,0.7004872936000001,0.3826479516,0.4754246174
0,1086,0.56588867885,0.69831633165,0.3810534063,0.4784126051
0,1086,0.5543571682499999,0.71566729165,0.3750191407,0.4964653623
0,1086,0.5568040157,0.71476864565,0.3742944176,0.4949520265
0,1086,0.99477578245,0.6833891759,0.6663117049,0.4721433094
0,1086,1.09903942415,0.7745997528999999,0.7369110593,0.5417654026
0,1086,0.56987257645,0.62156237135,0.3820939513,0.4243436359
0,1086,0.6392925421,0.63118186475,0.4282556508,0.4316459749
0,1086,0.6327203033,0.63077832955,0.424095632,0.4312965853
0,1086,0.29779513935,0.81099141665,0.2035294583,0.5686251299
0,1086,0.28842721195,0.8105260795,0.2001202361,0.5692090126
0,1086,0.55576408815,0.65171959505,0.3733710323,0.4422520829
0,1086,0.54625256195,0.8046774864,0.3697440207,0.5628200338
0,1086,0.51137608415,0.6075789954499999,0.3425876645,0.4134415001
0,1086,0.66955997655,0.6162717069,0.4481686347,0.4202011672
0,1086,0.49620198839999996,0.6046777523,0.3323848902,0.411139397
0,1086,0.51456119755,0.8101832713,0.3488925757,0.5720553916
0,1086,0.37633629994999995,0.6831842769,0.2531546681,0.4641293326
0,1086,0.38658542100000004,0.6789979802,0.2619784618,0.4625980266
0,1086,1.02834190205,0.80216590535,0.6920189073,0.5609611493
0,1086,1.01168364785,0.7971731835,0.6812788037,0.5571339132
0,1086,1.0392041943499999,0.79702559645,0.7000147877,0.5613949027
0,1086,0.5950214563,0.6082408712,0.3983004278,0.4138397132
0,1086,0.37423861625,0.6181191371,0.2515527135,0.4214112048
0,1086,0.3701148516,0.6195896718,0.2489579114,0.4227215188
0,1086,0.38147563779999993,0.5991280738,0.2563517854,0.4068434274
0,1086,0.36394486665000003,0.61354550305,0.2448811701,0.4193021097
0,1086,0.3649047812,0.6380850063,0.245739399,0.438168326
0,1086,0.36059541100000003,0.63975647265,0.2425682044,0.4376022801
0,1086,0.33487277925000003,0.66999546395,0.2260441203,0.4602177327
0,1086,0.57730302965,0.61034813305,0.3861891387,0.4145876133
0,1086,0.32868675185,0.66691748035,0.2222771403,0.4596256771
0,1086,0.34604893140000004,0.6527312062,0.2332065672,0.4480166686
0,1086,0.1812834111,0.81829244215,0.1306306148,0.5751168709
0,1086,0.36897440865,0.5727136679,0.2470013905,0.3869349408
0,1086,1.1844868274,0.7805017056500001,0.7953682532,0.5448785839
0,1086,0.5279442920499999,0.75306695695,0.3561436147,0.5235830447
0,1086,0.54223767145,0.7562822149999999,0.3689056881,0.5245014442
0,1086,0.49862325355000003,0.6136260330000001,0.3335497559,0.4151698584
0,1086,0.5051610957,0.6107098956,0.338459907,0.4154997026
0,1086,0.5084440007,0.6092366354,0.340952368,0.4145745814
0,1086,0.16239082585,0.810760048,0.1170019585,0.5626119364
0,1086,0.171161228,0.7997830761,0.1208956304,0.5546492096
0,1086,0.5418209027499999,0.7587403591999999,0.3647374449,0.5225650438
0,1086,0.53877708725,0.76671596805,0.3624866015,0.5149144235
0,1086,0.5346420346,0.64232757565,0.3597594094,0.4386466705
0,1086,0.5339171429,0.6304185912,0.3587147294,0.4268855242
0,1086,0.5261767381,0.6274737745,0.3536252842,0.4270137846
0,1086,0.5182007,0.62485659865,0.3470405826,0.4270695813
0,1086,0.5273266241,0.62479029075,0.3534984964,0.4244080789
0,1086,0.52005807045,0.6133705634,0.3489833923,0.4166213226
0,1086,0.6397457143,0.69274791725,0.4300159794,0.4803934399
0,1086,0.5223434086000001,0.69019334695,0.3516591298,0.4770006431
0,1086,0.49743209065000005,0.6783001351,0.3355191055,0.4691422746
0,1086,0.5024748176,0.5892210857,0.3366100492,0.3988737226
0,1086,0.50181490005,0.58719411275,0.3364427223,0.3985687783
0,1086,0.65794941865,0.5897986416500001,0.4399052473,0.3994005277
0,1086,0.50023064595,0.5815791949,0.3345689387,0.393500777
0,1086,0.49229439475000003,0.5727731110000001,0.3290843513,0.3864653842
0,1086,0.48500489385,0.57347206955,0.3243123197,0.3869113105
0,1086,0.56345193435,0.59793745565,0.3773055303,0.4055578053
0,1086,0.56024529225,0.59777273335,0.3748758941,0.4049812507
0,1086,0.49477239735,0.591870059,0.3314207537,0.4012253466
0,1086,0.47498385385,0.6520615085,0.3202368633,0.4476616548
0,1086,0.1619267194,0.816116717,0.1126447168,0.5568373696
0,1086,0.5165284727,0.6052280730499999,0.346453472,0.4096005463
0,1086,0.5128973705,0.60376364085,0.3443033828,0.4088923019
0,1086,0.51204676635,0.6033800942499999,0.3436116929,0.4086544371
0,1086,0.52146577455,0.60526881465,0.3492435403,0.4090595205
0,1086,0.5797034486,0.6495133711500001,0.389278821,0.4421036575
0,1086,0.57721303745,0.64768755375,0.3870138875,0.4382413041
0,1086,0.58022036825,0.6476117635,0.3903053191,0.4420944666
0,1086,0.5852877189,0.6453072598,0.3926071448,0.4419184686
0,1086,0.5434978609000001,0.629756342,0.364364118,0.4298784274
0,1086,0.45182406965,0.8037892406,0.3080610515,0.5642975664
0,1086,0.57555313755,0.60142726645,0.3851901167,0.4079099779
0,1086,0.58258775685,0.6175121521,0.3900523221,0.4210620896
0,1086,0.58603834105,0.6182297642500001,0.3924721719,0.4213735155
0,1086,0.6144461372500001,0.58964051075,0.4108961005,0.3988114443
0,1086,0.8926092979,0.683251202,0.5983815906,0.4706257572
0,1086,0.57813657105,0.602860705,0.3870930745,0.4090873674
0,1086,0.6363557762000001,0.67590192465,0.4272932252,0.4654339651
0,1086,0.64377702365,0.677608386,0.4319670977,0.4647888792
0,1086,0.5628591199999999,0.6319362824,0.377435965,0.4280209376
0,1086,0.56195394925,0.6281269479,0.3768524819,0.4253008564
0,1086,0.5115969595000001,0.6010159185,0.3432708646,0.406671819
0,1086,0.514263848,0.6017467286,0.3446672108,0.4081106678
0,1086,0.5094031171,0.5951566283,0.341091077,0.401334846
0,1086,0.48854347305,0.59391553035,0.3273841165,0.4029928923
0,1086,0.5213587404,0.61721049335,0.3489311144,0.4202543919
0,1086,0.50702472055,0.5939397156499999,0.3403523683,0.4015064221
0,1086,0.50648978375,0.59174927455,0.3393735675,0.4004718337
0,1086,0.506830149,0.58444453495,0.3395066264,0.3946150651
0,1086,0.4959266363,0.5848163758,0.3317049702,0.3953706584
0,1086,0.61310361515,0.64100118105,0.4108927045,0.4388070217
0,1086,0.53067384895,0.6053451536,0.3554457503,0.4096865562
0,1086,0.53414433895,0.60589667335,0.3578198167,0.4098952023
0,1086,0.5402218126,0.6069721233500001,0.3619171394,0.4102732619
0,1086,0.67170896585,0.6981748704999999,0.4514403081,0.4817536862
0,1086,0.6717004642,0.70242797235,0.4515929708,0.4855228965
0,1086,0.8466008767,0.7045208967,0.5681823234,0.4895154308
0,1086,0.6799812360999999,0.6985815203,0.4569589406,0.4841256214
0,1086,0.5100074077000001,0.60532193955,0.3412411194,0.4106315257
0,1086,0.6371419517,0.5899912866,0.42612267,0.3995020778
0,1086,0.70929187205,0.6429104055,0.4746628423,0.4384370894
0,1086,0.71230707085,0.6405040119000001,0.4771913729,0.4387913782
0,1086,0.5908611645,0.6061822986,0.3957220136,0.4123917994
0,1086,0.6083957748,0.6125896837,0.4069572804,0.416001633
0,1086,0.54455176355,0.58771673225,0.3641427367,0.3973431025
0,1086,0.5907352116,0.64544411705,0.3962650286,0.4425586733
0,1086,0.5441868705,0.58571830325,0.3642847484,0.3968020767
0,1086,0.53858706925,0.58489509255,0.3601014211,0.3953545859
0,1086,0.6324210449500001,0.58283311775,0.4228061033,0.3946485363
0,1086,0.60392136185,0.6135994319,0.4038730007,0.4134906094
0,1086,0.5080973039,0.59478731295,0.3409077578,0.4015191033
0,1086,0.6077262531500001,0.64108101015,0.4087890779,0.4389066121
0,1086,0.51174985365,0.604857764,0.3424668001,0.41011592
0,1086,0.61192065885,0.6136650405,0.4096172227,0.4177015294
0,1086,0.61370371485,0.619053639,0.4104144645,0.4158394624
0,1086,0.5001264411999999,0.5899861766,0.3347285476,0.3999902056
0,1086,0.5317972554,0.6378263038,0.357274615,0.4378540536
0,1086,0.5336963395500001,0.58240315285,0.3567539781,0.3930639555
0,1086,0.53741284795,0.5818349498,0.3592453371,0.3925402642
0,1086,0.5619476484,0.6019580133,0.3761674294,0.4090554052
0,1086,0.5378134259,0.5822520704999999,0.3595433126,0.3931634132
0,1086,0.5675983770999999,0.5956311757,0.3806279884,0.4023304438
0,1086,0.55836120575,0.60955991445,0.3747621303,0.4113063413
0,1086,0.558651095,0.60685938105,0.3749553898,0.4096943753
0,1086,0.55753962135,0.6061086117500001,0.3736048887,0.4099975363
0,1086,0.7105089116,0.6406873201,0.4758911462,0.4382417144
0,1086,0.5787205233,0.59714012185,0.3872253616,0.4029414299
0,1086,0.5544324962,0.6023422822,0.3712888618,0.4058067814
0,1086,0.55131533775,0.60093004585,0.3690376665,0.4055516323
0,1086,0.5493303373,0.5998109565,0.368013175,0.4044514734
0,1086,0.54635001955,0.5956216419,0.3658519719,0.4008413884
0,1086,0.55146854065,0.59651240025,0.3688868561,0.4017021735
0,1086,0.54165977185,0.5994276841999999,0.3625931103,0.4038251236
0,1086,0.56307025965,0.59550252665,0.3769426285,0.4035415789
0,1086,0.48976706105,0.5740581730000001,0.3274430605,0.3871230332
0,1086,0.52963166685,0.58021682955,0.3540924707,0.3918546539
0,1086,0.5816364727000001,0.5714385853499999,0.3887910414,0.3860402729
0,1086,0.56401836825,0.5931763946499999,0.3777656793,0.3997062493
0,1086,0.5633259065,0.59062799045,0.3772893224,0.3990037663
0,1086,0.5676476181000001,0.58944415365,0.3798855138,0.3969233411
0,1086,0.5629690248,0.5898761237,0.3768543342,0.398246001
0,1086,0.5593658618499999,0.58434741365,0.3743371755,0.3924262701
0,1086,0.59047137575,0.61084597465,0.3956340023,0.4159305753
0,1086,0.5698069689,0.584888851,0.3812003576,0.39353027
0,1086,0.57184775325,0.6052982554,0.3828231509,0.4114009934
0,1086,0.64282214335,0.6062838661000001,0.4301536691,0.4117827568
0,1086,0.56652930255,0.60427344915,0.3794695119,0.4117318641
0,1086,0.5321979286,0.5778791103500001,0.3555910036,0.3897587277
0,1086,0.54453697675,0.5854361184,0.3641998501,0.3930917154
0,1086,0.53575137885,0.5887697080000001,0.3581294127,0.3946252162
0,1086,0.5357464297,0.58907577305,0.3583192914,0.3986840069
0,1086,0.53033091265,0.6358022730499999,0.3558815103,0.4350007737
0,1086,0.39020723375,0.7409761318,0.2652709739,0.5180428804
0,1086,0.400271206,0.7402242364,0.271867456,0.5177578268
0,1086,0.6965826564500001,0.63912531335,0.4674708135,0.4375185189
0,1086,0.9609188995,0.70451686565,0.6445514712,0.4884040233
0,1086,0.7658083804,0.6507068178,0.5136318956,0.443302035
0,1086,0.7643820206999999,0.6507391744,0.512663302,0.4449485696
0,1086,1.0491698946999999,0.7272717854,0.703360344,0.5044702838
0,1086,0.58769080515,0.6688487399,0.3943906275,0.4608230944
0,1086,0.61826323655,0.6517767291500001,0.4151150851,0.4473099331
0,1086,0.6509936348,0.6108683079,0.4356049146,0.4154863964
0,1086,0.6040369008500001,0.58349397685,0.4037359285,0.3941326139
0,1086,0.61571481515,0.5830559494,0.4115344969,0.3940642916
0,1086,0.613622275,0.58243936475,0.4102329672,0.3937946099
0,1086,0.6389377612,0.5882989321000001,0.4271135366,0.3985278996
0,1086,0.6402703106,0.58879758735,0.42803615,0.3986117147
0,1086,1.0520365106,0.71056492225,0.704931894,0.4918641283
0,1086,0.6201474422,0.60126537475,0.414893732,0.4080338487
0,1086,0.5785253343,0.57499640595,0.3866679654,0.3880732349
0,1086,0.55429511535,0.60241978715,0.3713663509,0.4064207853
0,1086,0.5462296182,0.5954735594,0.3656395716,0.400624786
0,1086,0.40746667400000003,0.74416532935,0.2772669556,0.5193285275
0,1086,0.40824768485,0.7438907031499999,0.2768220883,0.5211935599
0,1086,0.41875150505000003,0.7144648673,0.2830660373,0.4940632572
0,1086,0.65662324405,0.5877913089,0.4390482371,0.398980995
0,1086,0.579150572,0.57000440055,0.3871454028,0.3847648019
0,1086,0.66676767,0.5977042619,0.4461750672,0.405611853
0,1086,0.5929656937,0.5769246334,0.3965629446,0.3900352764
0,1086,0.6051031469,0.57528379155,0.404466363,0.3884320897
0,1086,0.63545716065,0.59416914415,0.4253505839,0.4031957559
0,1086,0.6210783548000001,0.6179998335,0.4155553216,0.4205269624
0,1086,0.6193140946,0.61771480805,0.4143080878,0.4205797755
0,1086,0.6662405989,0.65822248555,0.4469049436,0.4533426365
0,1086,0.66554589,0.62028507445,0.445227756,0.4192771435
0,1086,0.66223608235,0.6204234634,0.4432445307,0.4196664516
0,1086,0.63075302055,0.5933997873,0.4218509197,0.4021462152
0,1086,0.62993629845,0.59436805065,0.4212285377,0.4027685869
0,1086,0.56115697025,0.5855103717,0.3752119371,0.3956297628
0,1086,0.5888813401499999,0.578215369,0.3935255905,0.3902448828
0,1086,0.4988477751,0.5780541481,0.333831558,0.3906383062
0,1086,0.5755050063,0.56936339115,0.3847048584,0.3843064481
0,1086,0.5737530748499999,0.5694158911,0.3834361787,0.384301807
0,1086,0.5850605516,0.57083977385,0.3909919152,0.3848163805
0,1086,0.59914528975,0.57602660465,0.4003470953,0.3885047935
0,1086,0.6065736633,0.5747442748,0.4053615002,0.388373378
0,1086,0.6028957127,0.5754890083,0.4029389646,0.3885234496
0,1086,0.6003962282499999,0.5755089675,0.4011445223,0.3883581514
0,1086,0.5976330532,0.5751456480999999,0.3995515206,0.3886327796
0,1086,0.7162893195,0.61240666125,0.4792629416,0.4168999321
0,1086,0.687307529,0.61889778495,0.460043057,0.4219254565
0,1086,0.7043346644999999,0.60763286735,0.4712289018,0.4130906199
0,1086,0.69377927145,0.6064561911999999,0.4641865823,0.4123521862
0,1086,0.67902790975,0.6026747966,0.4542699719,0.4090612388
0,1086,0.6524430754,0.59877691345,0.4365002062,0.4062242107
0,1086,0.6508679080499999,0.5915306832,0.4349842305,0.3995847106
0,1086,0.6196402132,0.5987466007,0.414013259,0.4033076922
0,1086,0.5547155556000001,0.60270954985,0.3714647018,0.4062062745
0,1086,0.55424741895,0.6027717353,0.3709637129,0.4060444076
0,1086,0.66194822255,0.59218426265,0.4429483127,0.4017643147
0,1086,0.55829109795,0.58723570705,0.3732393627,0.3971492715
0,1086,0.63688403985,0.5908673528999999,0.4260428913,0.4004083208
0,1086,0.61752171275,0.5887478463,0.4129460813,0.3980994046
0,1086,0.595041381,0.56979637185,0.3975178194,0.3840647881
0,1086,0.60002338005,0.59040763655,0.4013221253,0.4000709763
0,1086,0.6023154558,0.58599748775,0.4029371122,0.3969629853
0,1086,0.59319569095,0.5728542512,0.3964203153,0.387231243
0,1086,0.60263191045,0.5696427337000001,0.4026953835,0.3838658816
0,1086,0.6984409352500001,0.61788515705,0.4671630831,0.4201449947
0,1086,0.53902770075,0.58827941445,0.3607766759,0.3988796711
0,1086,0.5085291192,0.57391346275,0.340041486,0.3870305531
0,1086,0.59440595545,0.6930563511500001,0.3999050065,0.4709925683
0,1086,0.5914961804500001,0.70485047995,0.3975996305,0.4851222027
0,1086,0.6095075186500001,0.69328866025,0.4108710941,0.4718755761
0,1086,0.65370505235,0.59411771355,0.4366970221,0.4001484105
0,1086,0.63590905135,0.5947838338,0.4250290507,0.403019895
0,1086,0.6581852034,0.61721273995,0.4409735772,0.4201945827
0,1086,0.69549958325,0.6187265194,0.4653728459,0.421525789
0,1086,0.6156969938000001,0.5915481733000001,0.4115590794,0.3979894802
0,1086,0.591942428,0.5741740234,0.3956040564,0.3874534696
0,1086,0.51212973515,0.5965952551,0.3437041549,0.4046580618
0,1086,0.52991069005,0.5672834964,0.3539839551,0.3819757208
0,1086,0.48923751405,0.58903996185,0.3274133975,0.3988719393
0,1086,0.6218563875500001,0.5865012699,0.4155112029,0.3949391596
0,1086,0.6242686279,0.58369192375,0.4175939624,0.3951776277
0,1086,0.5044110864,0.580123462,0.3376630974,0.390618004
0,1086,0.53892749065,0.7416971297999999,0.3636398297,0.5152433738
0,1086,0.380638948,0.58491951005,0.2552510398,0.3960341603
0,1086,0.50699955975,0.5926829008000001,0.3400973645,0.4012337144
0,1086,0.50660586305,0.59297488175,0.3395949207,0.4013098475
0,1086,0.5968309262,0.5795095083999999,0.3993031544,0.3921895028
0,1086,0.59913846435,0.5799460664,0.4005445225,0.3920988288
0,1086,0.60162832795,0.57960956185,0.4023309381,0.3922043179
0,1086,0.55710240565,0.59156934955,0.3726991777,0.4004575673
0,1086,0.5732468526500001,0.6329808964,0.3840928871,0.4314330306
0,1086,0.6550415989,0.6428030018499999,0.4388210182,0.4400886657
0,1086,0.5875473455,0.5791129105,0.3925498748,0.3897325872
0,1086,0.5273384246,0.6050997441,0.3530843414,0.408122465
0,1086,0.4912070515,0.58528637375,0.3285580716,0.3952467359
0,1086,0.4930787459,0.58871638825,0.3295363824,0.3959447643
0,1086,0.65306166165,0.6434823495499999,0.4375083355,0.4404222799
0,1086,0.50458930775,0.58887319475,0.3377327141,0.3995318975
0,1086,0.565847233,0.5932347634999999,0.3783988666,0.3993851182
0,1086,0.6224415055,0.581079503,0.416179556,0.3931770394
0,1086,0.64020019955,0.58689314305,0.4279345807,0.3983846869
0,1086,0.7394305548,0.61550122925,0.4946768598,0.4188320743
0,1086,0.53692004215,0.5872458652,0.3590694431,0.3970684606
0,1086,0.62687253095,0.5808719541,0.4191814457,0.3927884584
0,1086,0.6146564708,0.5832925338,0.4111356472,0.3948333136
0,1086,0.38449356435,0.5897065731,0.2576042675,0.3991908756
0,1086,0.53401897785,0.64048339745,0.3595406585,0.4350144675
0,1086,0.5339576043,0.64034718075,0.3590657128,0.4364715583
0,1086,0.49883951685,0.5740825333,0.3339558183,0.3860718236
0,1086,0.7009730349000001,0.72712698795,0.4707157826,0.5038912977
0,1086,0.7275748853499999,0.6972377998,0.4882971491,0.4825374214
0,1086,0.52754736375,0.6581755999,0.3555014745,0.4515437616
0,1086,0.5374584121,0.65818586905,0.3622738926,0.4522518689
0,1086,0.52176229765,0.6592938742,0.3506284565,0.4532107094
0,1086,0.5138587672,0.65944163985,0.3449379594,0.4531416245
0,1086,0.5086675106999999,0.6563192580499999,0.3420538854,0.4527164545
0,1086,0.8012233388500001,0.609017174,0.5366794807,0.4147249274
0,1086,1.21748648115,0.75712977045,0.8178706693,0.5225046969
0,1086,0.737309616,0.63037625745,0.494114075,0.4303750699
0,1086,0.67243895655,0.6106814729500001,0.4499326679,0.4151826867
0,1086,0.571415098,0.6109014362,0.3830100816,0.4168404698
0,1086,0.57851460625,0.6123282134,0.3876371957,0.4166588476
0,1086,0.57135412555,0.6117275156,0.3829995851,0.4170769628
0,1086,0.5972033166999999,0.6207963351000001,0.4006862256,0.423368308
0,1086,0.57020701595,0.63582168445,0.3819375147,0.4339815625
0,1086,0.50051093365,0.6215807967,0.3357334353,0.4244153794
0,1086,0.54623270535,0.6341549819,0.3661480355,0.433243263
0,1086,0.5787814237,0.6111373782,0.3879820374,0.4169581676
0,1086,0.5718436617,0.62527962285,0.3835597598,0.4266424467
0,1086,0.52300467285,0.6045246984,0.3500692153,0.410775741
0,1086,0.49879007175,0.6147952406,0.3348188485,0.4188435272
0,1086,0.20795494879999998,0.80318016755,0.144856909,0.5653176597
0,1086,0.3629089358,0.66568914855,0.2456890936,0.4577592479
0,1086,0.24089997805,0.6977683098,0.1636174783,0.4804820562
0,1086,0.39699505505,0.63308367435,0.2671469765,0.4334912347
0,1086,0.36967017999999996,0.6735039377500001,0.2493907386,0.4633979053
0,1086,0.39458576245,0.6356808858999999,0.2651836161,0.434674678
0,1086,0.3952523765,0.62919448615,0.2662805696,0.4298130169
0,1086,0.38260167095,0.608348172,0.2573352169,0.4154927066
0,1086,0.39936486005000005,0.66374706165,0.2680699951,0.4484419171
0,1086,0.38879146589999997,0.60646588905,0.2613925088,0.4133165319
0,1086,0.3946770672,0.6458712868,0.2659167416,0.4432178084
0,1086,0.3762498484,0.6254559041500001,0.2532387754,0.4276825221
0,1086,0.35578611540000005,0.64511342885,0.2401150542,0.4424970809
0,1086,0.36361826375,0.64669931755,0.2447311845,0.4409792525
0,1086,0.37041131795,0.64394396635,0.2495935685,0.4416483673
0,1086,0.37456245195000004,0.6438179334,0.2521787231,0.4421442618
0,1086,0.33280036785,0.6733331649500001,0.2256555541,0.4654620921
0,1086,0.38131130430000004,0.64918676025,0.256925621,0.4435643173
0,1086,0.39579295515,0.6552488486,0.2654487973,0.4423147042
0,1086,0.50299413305,0.57616364445,0.3362835765,0.3893407497
0,1086,0.52947581795,0.58143018675,0.3541369265,0.3927442463
0,1086,0.49345831674999996,0.58091683055,0.3300995811,0.3923077493
0,1086,0.54034867775,0.57488228045,0.3612394705,0.3880062011
0,1086,0.4903842944,0.5855194651,0.3281815584,0.3961991496
0,1086,0.48771869975,0.5849668513,0.3261796979,0.3955962186
0,1086,0.49478917115,0.5756931275,0.3307205739,0.3884817478
0,1086,0.52667482825,0.57386620525,0.3523279743,0.3869972191
0,1086,0.51284318995,0.57462856605,0.3427168643,0.3877120481
0,1086,0.5079699478499999,0.5797314103,0.3395078613,0.3908377614
0,1086,0.48626923639999997,0.5847871343,0.3256717466,0.3964569396
0,1086,0.6067929326,0.57893578415,0.4056274636,0.3910369423
0,1086,0.59970870605,0.57786148315,0.4008283917,0.3900754693
0,1086,0.6028883806,0.57777759945,0.403120647,0.3908956501
0,1086,0.57783796645,0.5658031515999999,0.3858918401,0.3803075122
0,1086,0.58204761225,0.5703750527,0.3889239459,0.3847785196
0,1086,0.60569056625,0.574300919,0.4047134943,0.3879870878
0,1086,0.60306350275,0.5754563945,0.4028602407,0.387793234
0,1086,0.5760933054,0.5727545921499999,0.3851575466,0.3866837699
0,1086,0.5888546071,0.5750967508,0.3937251788,0.388050052
0,1086,0.58704750725,0.57531294175,0.3922420819,0.3883298929
0,1086,0.58523029675,0.5681593711,0.3909357279,0.3830860308
0,1086,0.58003343765,0.5692564435,0.3877620735,0.3839951022
0,1086,0.5856784829,0.57512871315,0.3912875158,0.3879035471
0,1086,0.57280611875,0.56822645055,0.3827814735,0.3834374781
0,1086,0.5751995574,0.56773295655,0.384431743,0.3829566729
0,1086,0.5853218327,0.5709553797,0.3910125996,0.3849490306
0,1086,0.58690557265,0.56760016935,0.3922280351,0.3831377465
0,1086,0.36465170225,0.58598791255,0.2443245457,0.3967004287
0,1086,0.3689100102,0.5878167552,0.2469561628,0.3963926036
0,1086,0.37053890079999996,0.58509029535,0.2483818376,0.3961222279
0,1086,0.38052711380000004,0.59377613225,0.2551977854,0.4034989169
0,1086,0.3657172536,0.5884971527,0.2454059962,0.398828317
0,1086,0.36802436615,0.5789445635,0.2464455379,0.3917579442
0,1086,0.37090407935,0.5902543205,0.2489984311,0.4003513924
0,1086,0.38938378379999994,0.6042022668,0.2613911582,0.4124399298
0,1086,0.3817824515,0.58213221225,0.2555997404,0.3935723833
0,1086,0.38777905315000005,0.5900047957000001,0.2598199599,0.400470462
0,1086,0.390185844,0.59905620905,0.261805655,0.4072619541
0,1086,0.39533157124999996,0.600289018,0.2654089723,0.4086260414
0,1086,0.5638339845,0.53613946555,0.3768267036,0.3610827155
0,1086,0.5063265474499999,0.57278449675,0.3385466577,0.3862664777
0,1086,0.5458083424,0.58467985445,0.3652712672,0.3956371703
0,1086,0.5429465221,0.58503062335,0.3630648364,0.3957444427
0,1086,0.51558208775,0.5761665937,0.3448184843,0.3890069982
0,1086,0.5065019783,0.58590348015,0.3388360838,0.3966371901
0,1086,0.52377454645,0.57308697185,0.3500168871,0.3865743027
0,1086,0.5325874576,0.5852246602,0.3563765448,0.3949404488
0,1086,0.5502201490999999,0.5850899524,0.3683912042,0.394773916
0,1086,0.5115922514,0.574806896,0.3421315288,0.3878931216
0,1086,0.50291949965,0.57437540605,0.3361549941,0.3873187619
0,1086,0.54379565985,0.57223853255,0.3633609001,0.3853929351
0,1086,0.53136399535,0.56523180975,0.3549758765,0.3802263035
0,1086,0.53055074635,0.56427040535,0.3543848297,0.3794272479
0,1086,0.5265423096,0.574195087,0.3519684684,0.3874590938
0,1086,0.5401092966,0.5610075151,0.3606711662,0.3773073158
0,1086,0.5245736714,0.5696344345,0.3504892306,0.3838802852
0,1086,0.524480206,0.5663343693,0.3502930382,0.3808607468
0,1086,0.53071598945,0.5668498801,0.3545989279,0.3807021702
0,1086,0.5210344909,0.56618841305,0.3480771914,0.3814270131
0,1086,0.5428832342,0.5626506888,0.362615647,0.3781477988
0,1086,0.54354289435,0.5737969996,0.3633585847,0.3866747162
0,1086,0.62258718905,0.57797856365,0.4164291571,0.3908407793
0,1086,0.6516276505,0.67424591255,0.4372159764,0.4634685819
0,1086,0.58065489345,0.57600685115,0.3884418777,0.3902082565
0,1086,0.5474262990000001,0.579754456,0.3660481642,0.3920062344
0,1086,0.62320856775,0.57486999745,0.4161477577,0.3869737619
0,1086,0.61250033955,0.57639725665,0.4093881515,0.3892277159
0,1086,0.67122969535,0.60277692725,0.4488042917,0.4090835265
0,1086,0.6176813511,0.5887888594999999,0.4131197682,0.3987056352
0,1086,0.51769057675,0.5763259933,0.3461967703,0.3893233282
0,1086,0.4850447707,0.6092537355500001,0.324814582,0.4135209255
0,1086,0.4857856661,0.60845938235,0.3252314102,0.4104094739
0,1086,0.5174824986,0.5746442728500001,0.345936827,0.3875407141
0,1086,0.56659974105,0.5933528727999999,0.3796868517,0.3983222714
0,1086,0.52150289825,0.5667193562999999,0.3482526995,0.3813599336
0,1086,0.52945903085,0.57124290245,0.3539206673,0.3852763347
0,1086,0.6118127466000001,0.6117987447,0.4093517096,0.4158514928
0,1086,0.6192525192,0.61600748555,0.4139483562,0.4162440733
0,1086,0.61604232845,0.61443164715,0.4118500655,0.4158137629
0,1086,0.6121127019,0.61443067,0.4091940996,0.4158228274
0,1086,0.6157422986000001,0.6180366251,0.4119540882,0.4142312276
0,1086,0.58592484245,0.6362897977499999,0.3927792569,0.4352217657
0,1086,0.8684381298000001,0.7207178715,0.5837218076,0.5015474928
0,1086,0.8099017248,0.6846073503,0.5438259146,0.4722971208
0,1086,0.7516254946,0.6499309451499999,0.5036427564,0.4458968737
0,1086,0.64719397085,0.616780839,0.4333520213,0.419915702
0,1086,0.50070967295,0.6323269623,0.3357592135,0.432976591
0,1086,0.4924026015,0.59247981025,0.3293989382,0.4011674579
0,1086,0.48981598049999997,0.5924749405499999,0.3278584192,0.4015456547
0,1086,0.57721890315,0.62738194005,0.3866252075,0.4290795319
0,1086,0.76171095485,0.61115219555,0.5093889851,0.4162906647
0,1086,0.7415221285,0.60677412555,0.4956397754,0.4131011641
0,1086,0.5054263934000001,0.5855839265,0.3380503882,0.396696039
0,1086,0.4989261903,0.598323067,0.3343607062,0.4066280596
0,1086,0.54017489985,0.586463162,0.3613420175,0.3966747766
0,1086,0.5018044757,0.6016747793,0.336197752,0.4090949122
0,1086,0.5508248569,0.5880783516,0.3683416544,0.398818989
0,1086,0.60827263355,0.5794549302,0.4064526755,0.3914214492
0,1086,0.5812965706,0.60829342855,0.3887910414,0.4134137903
0,1086,0.64137719935,0.58719417775,0.4286112977,0.3978355677
0,1086,0.64192803525,0.6006028788,0.4290260647,0.4075017394
0,1086,0.62301862705,0.58338552915,0.4163664867,0.3945544329
0,1086,0.60116594755,0.5709654622,0.4017466831,0.3845387344
0,1086,0.380123808,0.59486703165,0.2548557994,0.4036189467
0,1086,0.61481929925,0.58640026635,0.4110873533,0.3973385757
0,1086,0.6446787416499999,0.5874950754,0.4308453591,0.3977874186
0,1086,0.64659906495,0.5870513079999999,0.4321609747,0.3981034742
0,1086,0.6226284034,0.58512733315,0.4164572508,0.3958956117
0,1086,0.6400803386,0.5828834616,0.4277714216,0.3939835026
0,1086,0.6399869504,0.61741233295,0.4283891728,0.4208165429
0,1086,0.5923732576,0.5748501752999999,0.3958914758,0.3884576046
0,1086,0.54234698535,0.5913722439,0.3629342473,0.4011979112
0,1086,0.5401079073,0.59198460165,0.3610425578,0.4002272473
0,1086,0.52157899805,0.59765988515,0.3492998819,0.4057738589
0,1086,0.61734888405,0.5808255334,0.4126258657,0.3924413596
0,1086,0.79239128695,0.9350675102500001,0.5393993149,0.6641010467
0,1086,0.4305509934,0.9229921689,0.295138443,0.6591864092
0,1086,0.59731055935,0.92634881955,0.4041693731,0.6588375683
0,1086,0.8202746816500001,0.9558843823000001,0.5544642945,0.6815798556
0,1086,0.12900041,0.8104101095999999,0.0965153706,0.573638766
0,1086,1.0501378748999999,0.76116016565,0.7058426732,0.5200349637
0,1086,1.0087468449,0.7614366456499999,0.679940034,0.5258621021
0,1086,0.6382787185000001,0.6641871938,0.428173531,0.455675942
0,1086,0.6428761954,0.6641476183,0.43102982,0.4555265564
0,1086,1.0183045461,0.7847364886499999,0.6830683064,0.5467101133
0,1086,1.0224404847000002,0.78326437455,0.6858792134,0.5455502825
0,1086,1.09658514165,0.7807600041,0.7371581221,0.548907962
0,1086,1.06025528775,0.7546583224500001,0.7112280067,0.5192024369
0,1086,1.2781550694,0.8572630927,0.8596469834,0.606278231
0,1086,1.37345770575,0.85430240325,0.9237907697,0.5994256951
0,1086,1.1892375604,0.7740188557500001,0.7977710634,0.5379609693
0,1086,1.06212737345,0.7265600994,0.7112239933,0.5016511986
0,1086,0.49721093505,0.5831356614000001,0.3325383247,0.3931748446
0,1086,1.3905559236,0.8546830692499999,0.9338343982,0.6003294167
0,1086,1.39460187,0.85150179925,0.9352017246,0.5963518347
0,1086,1.30848646935,0.85849535295,0.8774191397,0.6043766845
0,1086,1.45713644675,0.8580524773,0.9776095281,0.6001833232
0,1086,1.333651342,0.8585632556,0.8943832182,0.6006923868
0,1086,1.41148876815,0.86516125965,0.9475515009,0.6090092863
0,1086,1.41570536015,0.84425734885,0.9506885719,0.5958939381
0,1086,1.24619925545,0.9651930710500001,0.8372793569,0.6787968103
0,1086,1.3398705316,0.86850892525,0.9005138048,0.6136266615
0,1086,1.4302766173500001,0.8648492507500001,0.9594150411,0.6058946843
0,1086,1.2918624474,0.8678548657,0.8685761282,0.6148442438
0,1086,1.36858755085,0.86307390705,0.9216521033,0.6068305053
0,1086,1.22982761315,0.89094798305,0.8261119831,0.6299898105
0,1086,1.37618996605,0.87171070325,0.9226640915,0.6116498049
0,1086,1.3393161454,0.8883815400499999,0.901272796,0.6230011951
0,1086,1.1840859289,0.87851104325,0.7974756172,0.6201502471
0,1086,1.4487025681,0.8659933749000001,0.9747435144,0.6145188602
0,1086,1.45563806815,0.87052364265,0.9766006271,0.6132768603
0,1086,1.4694066501499998,0.85749053205,0.9863622387,0.6021791103
0,1086,1.47651356765,0.85528815655,0.9892953993,0.5996646573
0,1086,1.42325938325,0.8733243152999999,0.9596166361,0.617399164
0,1086,0.8035416039000001,0.64226597895,0.5375375714,0.4382949403
0,1086,0.55321906735,0.6742261438,0.3709906371,0.4637774738
0,1086,1.1354777677,0.73394399015,0.7619986058,0.5085266431
0,1086,1.1222263711,0.7267301302,0.7517845632,0.5053765122
0,1086,1.06379994795,0.7525554003,0.7133808743,0.5197132838
0,1086,1.1918633118,0.7487478490999999,0.799148732,0.5144016562
0,1086,1.19984475955,0.7526536875500001,0.8085901997,0.5184346577
0,1086,1.23649730425,0.74162987575,0.8289116217,0.5090967503
0,1086,1.24400710305,0.74045859065,0.8330580569,0.5082151143
0,1086,1.25491098335,0.73857535735,0.8413354911,0.5078322535
0,1086,0.5190750371499999,0.6386764704500001,0.3483269469,0.4376943797
0,1086,1.29511397685,0.73715927995,0.8678199155,0.5092860545
0,1086,0.51590555045,0.6665100106499999,0.3483701679,0.4595983789
0,1086,1.35792177185,0.72362821705,0.9094565333,0.5031897749
0,1086,1.3670712665,0.7210883864,0.9153171432,0.5034498624
0,1086,0.3376334988,0.81335680705,0.2326446946,0.5737998117
0,1086,1.24909822525,0.77820796465,0.8398990111,0.5401116291
0,1086,1.26191370745,0.778387049,0.8458712237,0.5404138298
0,1086,1.34620842455,0.7316797479,0.9015421553,0.5060130132
0,1086,1.12411057405,0.76428539875,0.7536527899,0.5353349915
0,1086,1.12936879165,0.7704624069500001,0.7568077667,0.5364772637
0,1086,1.41011719675,0.77215551315,0.9447367349,0.5393636033
0,1086,1.187808181,0.7667476559499999,0.7970443336,0.5336566319
0,1086,1.20463271745,0.7520405753,0.8076297679,0.5220880906
0,1086,1.18409704285,0.75271143905,0.7953636551,0.5226953729
0,1086,1.242010294,0.7523804311,0.8318225544,0.521332383
0,1086,1.19242503015,0.74943709455,0.7995695191,0.5214968581
0,1086,1.2438085953,0.7607645474,0.8325826262,0.5200720014
0,1086,1.33499520555,0.7463185829500001,0.8949839897,0.5174897831
0,1086,1.47099918865,0.75731091265,0.9853601295,0.5275562371
0,1086,1.3389675219,0.71183161915,0.8975278528,0.4956199409
0,1086,1.1520595721,0.7217517054,0.771139379,0.4984680082
0,1086,1.06851504765,0.7544388394,0.7163158873,0.524969629
0,1086,1.14365356905,0.7165205873,0.7656894289,0.4942264888
0,1086,1.1473112922,0.71562146175,0.7673145334,0.4872549295
0,1086,1.13031255245,0.72661215805,0.7571418031,0.5026337969
0,1086,1.0978186374,0.767140462,0.736041786,0.536933377
0,1086,1.1308163084,0.71865918885,0.7565063004,0.4985785727
0,1086,1.1314498043999999,0.7229309468,0.7567671698,0.5029384668
0,1086,0.978436052,0.72032280205,0.6558834964,0.4987273183
0,1086,1.1998615848,1.3451368166,0.8218562606,0.961273995
0,1086,1.24925837895,1.3865569014,0.8440322257,0.9704041842
0,1086,1.2992724907,1.4039120938,0.8841606086,1.0198892818
0,1086,0.7966557307,0.9116633442,0.5380957394,0.6460504844
0,1086,0.6663765201,0.9213611353,0.451664131,0.6529404696
0,1086,0.6888434005499999,0.9098596049000001,0.4665571529,0.646882874
0,1086,0.44691978,0.9603630716,0.3115286086,0.6887682006
0,1086,0.42895895645000004,0.71061479125,0.2895850879,0.4885823533
0,1086,0.9702860425500001,0.6721250736,0.6489333063,0.4590093412
0,1086,0.91468279815,0.65601090065,0.6125244199,0.4499504517
0,1086,0.99699212885,0.6830798852,0.6671373637,0.4696081788
0,1086,1.24254553945,0.7453286457499999,0.8333731069,0.5177568665
0,1086,0.6203568733,0.6120398727,0.4153346304,0.41626526
