57,229,0.2411843875,0.3939530493,0.0026311539999999967,0.010140803899999995,-1,-1,-1,-1
58,229,0.2423476491,0.3942483912,0.0022434001999999953,0.010140803899999995,-1,-1,-1,-1
59,229,0.2436217418,0.3943961307,0.001772522999999998,0.009549982899999976,-1,-1,-1,-1
60,229,0.2440094956,0.3943961307,0.0019386923000000167,0.009894571299999988,-1,-1,-1,-1
61,229,0.2442310803,0.3942483912,0.0019386923000000167,0.009894571299999988,-1,-1,-1,-1
62,229,0.2450620036,0.3945929796,0.0026034463000000063,0.010337652799999986,-1,-1,-1,-1
63,229,0.2456436344,0.3957252379,0.0027973232999999875,0.009451489899999999,-1,-1,-1,-1
64,229,0.246252973,0.3942485284,0.00202173830000002,0.010928336499999969,-1,-1,-1,-1
65,229,0.2463914345,0.3942485284,0.0021602769000000077,0.01112518539999996,-1,-1,-1,-1
66,229,0.246612942,0.3946422261,0.001994184900000001,0.010731487699999986,-1,-1,-1,-1
67,229,0.2466683574,0.3947407192,0.0019941849999999817,0.010731487700000042,-1,-1,-1,-1
68,229,0.2465298188,0.3947407192,0.001994184900000001,0.010731487700000042,-1,-1,-1,-1
69,229,0.2460590189,0.3939038028,0.0021603540999999837,0.01156840410000004,-1,-1,-1,-1
70,229,0.2463083113,0.3939038028,0.0021603541000000115,0.01156840410000004,-1,-1,-1,-1
71,229,0.2463914345,0.3941006516,0.0021603540999999837,0.011568404099999985,-1,-1,-1,-1
72,229,0.246917727,0.394248254,0.0019109845999999986,0.011371555199999994,-1,-1,-1,-1
73,229,0.2470561885,0.3942975005,0.0019109845999999986,0.011371555199999994,-1,-1,-1,-1
74,229,0.2467515578,0.3934113376,0.0020494460000000103,0.01191312969999997,-1,-1,-1,-1
75,229,0.2472500654,0.3934113376,0.002049446099999991,0.01191312969999997,-1,-1,-1,-1
76,229,0.2467515578,0.394346747,0.001938615100000013,0.011568541300000013,-1,-1,-1,-1
77,229,0.2465853886,0.3938053097,0.0019386150999999852,0.011568541300000013,-1,-1,-1,-1
78,229,0.2455327263,0.3928700375,0.002243477299999991,0.011519294700000016,-1,-1,-1,-1
79,229,0.2447849263,0.3926239421,0.0026312312000000004,0.011814636699999992,-1,-1,-1,-1
80,229,0.2441202494,0.3941498982,0.0020218155000000237,0.010977720199999985,-1,-1,-1,-1
81,229,0.2433724493,0.3943468842,0.0020218155000000237,0.009746968999999994,-1,-1,-1,-1
82,229,0.2432062801,0.3943468842,0.002021815499999996,0.009746968999999994,-1,-1,-1,-1
83,229,0.2433249835,0.3942623832,0.002265087799999982,0.009823513700000008,-1,-1,-1,-1
84,229,0.2430400337,0.3943044965,0.002265087900000018,0.009823513700000008,-1,-1,-1,-1
85,229,0.2429687963,0.3942623832,0.0023364023999999928,0.010118855599999976,-1,-1,-1,-1
86,229,0.2429213304,0.3943044965,0.0023364023999999928,0.010118855600000032,-1,-1,-1,-1
87,229,0.2429213304,0.3943044965,0.0023364023999999928,0.010118855600000032,-1,-1,-1,-1
88,229,0.2429213304,0.3943044965,0.0023364023999999928,0.010118855600000032,-1,-1,-1,-1
89,229,0.2429213304,0.3943044965,0.0023364023999999928,0.010118855600000032,-1,-1,-1,-1
90,229,0.2429213304,0.3943044965,0.0023364023999999928,0.010118855600000032,-1,-1,-1,-1
91,229,0.2428738645,0.3942201327,0.002336402500000001,0.010118855599999976,-1,-1,-1,-1
92,229,0.2428263986,0.3942622461,0.002336402500000001,0.010118855500000024,-1,-1,-1,-1
93,229,0.2428263986,0.3942201327,0.002336402500000001,0.010118855599999976,-1,-1,-1,-1
94,229,0.2428026271,0.3943889975,0.0023364023999999928,0.010034354600000017,-1,-1,-1,-1
95,229,0.2428026271,0.3943046337,0.0023364023999999928,0.010034354599999962,-1,-1,-1,-1
96,229,0.2427313897,0.3943046337,0.0023364023999999928,0.010034354599999962,-1,-1,-1,-1
97,229,0.2432873195,0.3943889975,0.0022078199999999992,0.009949990799999975,-1,-1,-1,-1
98,229,0.2439995394,0.3944733613,0.0020653452000000128,0.009696899400000014,-1,-1,-1,-1
99,229,0.2441894801,0.394346747,0.0020653452000000128,0.009696899400000014,-1,-1,-1,-1
100,229,0.2438095986,0.3943046337,0.002065345199999985,0.009696899399999959,-1,-1,-1,-1
101,229,0.2438808361,0.394431248,0.0020653451000000045,0.010076605099999969,-1,-1,-1,-1
102,229,0.2436434294,0.394431248,0.0020653452000000128,0.010076605099999969,-1,-1,-1,-1
103,229,0.2438807589,0.3943468842,0.002136659799999996,0.009654648899999951,-1,-1,-1,-1
104,229,0.2443318778,0.3940515423,0.0019467189999999857,0.009063827899999988,-1,-1,-1,-1
105,229,0.2444268096,0.393924928,0.0019467190000000134,0.009063827899999988,-1,-1,-1,-1
106,229,0.2448066911,0.3938405642,0.0019467189999999857,0.009063827899999988,-1,-1,-1,-1
107,229,0.2447117593,0.3934608585,0.0018279385000000148,0.0089794641,-1,-1,-1,-1
108,229,0.2447117593,0.3932921309,0.0018279385000000148,0.008979463999999993,-1,-1,-1,-1
109,229,0.2444268868,0.3928279242,0.0018279385000000148,0.008979463999999993,-1,-1,-1,-1
110,229,0.2446642934,0.3927858109,0.0018279385999999953,0.008979464000000048,-1,-1,-1,-1
111,229,0.244688065,0.3927858109,0.001827938499999987,0.008979464000000048,-1,-1,-1,-1
112,229,0.2454477508,0.3925748328,0.001827938499999987,0.008979463999999993,-1,-1,-1,-1
113,229,0.2456850802,0.3925748328,0.002231591599999999,0.00897932680000002,-1,-1,-1,-1
114,229,0.2460886561,0.3923216042,0.002231591599999999,0.00897932680000002,-1,-1,-1,-1
115,229,0.2462073594,0.3921106261,0.002231591599999999,0.008979326799999965,-1,-1,-1,-1
116,229,0.2467534101,0.3920261251,0.0019229475000000218,0.008895100200000006,-1,-1,-1,-1
117,229,0.2468484191,0.391815147,0.001922947499999994,0.009485921200000025,-1,-1,-1,-1
118,229,0.2473232324,0.3914775546,0.001922947499999994,0.009485921200000025,-1,-1,-1,-1
119,229,0.2475368675,0.3914775546,0.0018754044000000025,0.008852986900000026,-1,-1,-1,-1
120,229,0.2478455116,0.3913931908,0.0020890395000000006,0.008431030700000008,-1,-1,-1,-1
121,229,0.247513096,0.3911822127,0.0020416508000000166,0.008431030700000008,-1,-1,-1,-1
122,229,0.2476081049,0.3911400993,0.0020416508000000166,0.008431030800000017,-1,-1,-1,-1
123,229,0.2478455116,0.3908447574,0.002041573599999985,0.008430893599999989,-1,-1,-1,-1
124,229,0.2482043228,0.3896889047,0.002041573700000021,0.008430893599999989,-1,-1,-1,-1
125,229,0.2480249558,0.3903665587,0.002041573600000013,0.008430893500000036,-1,-1,-1,-1
126,229,0.2482716241,0.3901274593,0.002041573599999985,0.008430893600000045,-1,-1,-1,-1
127,229,0.2486977366,0.3902071591,0.0019852320000000034,0.008576849800000008,-1,-1,-1,-1
128,229,0.2492583744,0.3902071591,0.0019852319999999757,0.008576849800000008,-1,-1,-1,-1
129,229,0.2497966299,0.390007841,0.0019852320000000034,0.00881594919999995,-1,-1,-1,-1
130,229,0.2502899664,0.3898883599,0.0019852320000000034,0.008815949200000006,-1,-1,-1,-1
131,229,0.250783303,0.3896491234,0.0019852320000000034,0.008815949200000006,-1,-1,-1,-1
132,229,0.251186956,0.3895295051,0.0018730889999999945,0.008736386599999979,-1,-1,-1,-1
133,229,0.2515457673,0.3894098868,0.0017609459999999855,0.008616768300000022,-1,-1,-1,-1
134,229,0.2515457673,0.3891310062,0.0017609459999999855,0.009533384399999956,-1,-1,-1,-1
135,229,0.2518597368,0.3891707875,0.0019178535999999635,0.00873638649999997,-1,-1,-1,-1
136,229,0.2518821963,0.3889714694,0.0019178535999999635,0.008736386600000035,-1,-1,-1,-1
137,229,0.2518372774,0.3891707875,0.0019178535000000108,0.00925450379999998,-1,-1,-1,-1
138,229,0.2518821191,0.3892904057,0.0019178535999999635,0.00925450379999998,-1,-1,-1,-1
139,229,0.2519718798,0.389410024,0.0019178535999999635,0.00925450379999998,-1,-1,-1,-1
140,229,0.2519718798,0.3893303242,0.0019178535999999635,0.00925450379999998,-1,-1,-1,-1
141,229,0.2519494203,0.3892506244,0.001917853600000019,0.009837505699999971,-1,-1,-1,-1
142,229,0.2518560322,0.3892506244,0.0019178535999999635,0.009837505699999971,-1,-1,-1,-1
143,229,0.2519260347,0.3892506244,0.0019432459000000013,0.009850537499999978,-1,-1,-1,-1
144,229,0.2519727288,0.3892506244,0.0019432459000000013,0.009850537499999978,-1,-1,-1,-1
145,229,0.2519727288,0.3892506244,0.0019432459000000013,0.009850537499999978,-1,-1,-1,-1
146,229,0.2519727288,0.389292189,0.0018498577000000127,0.009767408300000002,-1,-1,-1,-1
147,229,0.2522528162,0.389209197,0.0018498577000000127,0.009767408300000002,-1,-1,-1,-1
148,229,0.2521828136,0.3892920519,0.001849857800000021,0.009767408300000002,-1,-1,-1,-1
149,229,0.2522640845,0.3893642069,0.0018498577000000127,0.009767408300000002,-1,-1,-1,-1
150,229,0.2523656538,0.3892920519,0.0019573699000000055,0.009456016600000006,-1,-1,-1,-1
151,229,0.2523860294,0.3892920519,0.0019573699000000055,0.009456016600000006,-1,-1,-1,-1
152,229,0.2523656538,0.3891838193,0.0019573699000000055,0.009456016700000014,-1,-1,-1,-1
153,229,0.2523656538,0.3891477417,0.0019573699000000055,0.009456016700000014,-1,-1,-1,-1
154,229,0.252589168,0.3887866921,0.0021808068999999985,0.009491956999999995,-1,-1,-1,-1
155,229,0.2523047585,0.3892559743,0.0021808068999999985,0.009672619100000002,-1,-1,-1,-1
156,229,0.2524063278,0.3892559743,0.0019166958999999872,0.009239277200000007,-1,-1,-1,-1
157,229,0.2523453554,0.3892559743,0.001916695799999979,0.009239277200000007,-1,-1,-1,-1
158,229,0.2523859522,0.3892559743,0.0019166958999999872,0.009239277200000007,-1,-1,-1,-1
159,229,0.2524266262,0.3892559743,0.0019166958999999872,0.009239277200000007,-1,-1,-1,-1
160,229,0.2523047585,0.3892198968,0.0019166958999999872,0.009239277200000007,-1,-1,-1,-1
161,229,0.2519391554,0.3893282666,0.0016322092000000121,0.008553255300000007,-1,-1,-1,-1
162,229,0.2514516073,0.3893592686,0.0017584763000000336,0.008619649000000007,-1,-1,-1,-1
163,229,0.2506456905,0.3892910916,0.0017584761999999698,0.008619648999999951,-1,-1,-1,-1
164,229,0.2498589144,0.3889500698,0.001837740399999982,0.008609223599999993,-1,-1,-1,-1
165,229,0.2497629793,0.3889500698,0.001837740399999982,0.008609223599999993,-1,-1,-1,-1
166,229,0.2489953439,0.3889500698,0.0018377404000000097,0.008609223599999993,-1,-1,-1,-1
167,229,0.2484964503,0.3888818929,0.0018953170000000075,0.009018422299999995,-1,-1,-1,-1
168,229,0.2476136619,0.3889500698,0.0018953168999999992,0.009018422299999995,-1,-1,-1,-1
169,229,0.2472682028,0.3889160499,0.0018762533999999997,0.009734622999999998,-1,-1,-1,-1
170,229,0.2466925149,0.388847873,0.0018762533999999997,0.009734622999999998,-1,-1,-1,-1
171,229,0.2462330605,0.3889898511,0.0018564952000000023,0.009717887400000014,-1,-1,-1,-1
172,229,0.2462729627,0.3890609087,0.0018165930000000052,0.009611301000000017,-1,-1,-1,-1
173,229,0.2466525355,0.3891674952,0.0018764849000000028,0.009504714500000011,-1,-1,-1,-1
174,229,0.2465925664,0.3889190678,0.0018764849000000028,0.009504714499999956,-1,-1,-1,-1
175,229,0.2469721391,0.3889545966,0.001876485000000011,0.009504714500000011,-1,-1,-1,-1
176,229,0.2471918715,0.3889545966,0.0018764849000000028,0.009504714500000011,-1,-1,-1,-1
177,229,0.2471319796,0.3889545966,0.0018764849000000028,0.009504714500000011,-1,-1,-1,-1
178,229,0.2471319796,0.388883539,0.0018764849000000028,0.009504714500000011,-1,-1,-1,-1
179,229,0.2472318509,0.3887415609,0.0018764849000000028,0.009504714500000011,-1,-1,-1,-1
180,229,0.2472318509,0.3887770897,0.0018764849000000028,0.009504714499999956,-1,-1,-1,-1
181,229,0.2472118612,0.3889190678,0.0018764849000000028,0.009504714499999956,-1,-1,-1,-1
182,229,0.2469521494,0.3887415609,0.001876485000000011,0.009504714500000011,-1,-1,-1,-1
183,229,0.2469763841,0.388612203,0.0018764849000000028,0.009504714500000011,-1,-1,-1,-1
184,229,0.2469763841,0.3887415609,0.0018764849000000028,0.009504714500000011,-1,-1,-1,-1
185,229,0.2469763841,0.3887415609,0.0018764849000000028,0.009504714500000011,-1,-1,-1,-1
186,229,0.2470248533,0.3887415609,0.001872394399999977,0.009623235299999977,-1,-1,-1,-1
187,229,0.2471218689,0.3889139923,0.0015812702999999928,0.009752730300000012,-1,-1,-1,-1
188,229,0.2471218689,0.3889139923,0.0015812702999999928,0.009752730300000012,-1,-1,-1,-1
189,229,0.2471704154,0.3889139923,0.0015812701999999845,0.009752730300000012,-1,-1,-1,-1
190,229,0.247267431,0.3888709187,0.0015812702999999928,0.009752730399999965,-1,-1,-1,-1
191,229,0.2480437878,0.3888709187,0.0015812702000000123,0.009752730399999965,-1,-1,-1,-1
192,229,0.2474129931,0.3887846344,0.0015812701999999845,0.00975273040000002,-1,-1,-1,-1
193,229,0.2473402121,0.3887846344,0.0015812701999999845,0.00975273040000002,-1,-1,-1,-1
194,229,0.2473645239,0.3887846344,0.0015812702000000123,0.00975273040000002,-1,-1,-1,-1
195,229,0.2473645239,0.388827708,0.0015812702000000123,0.00975273040000002,-1,-1,-1,-1
196,229,0.2473159774,0.388827708,0.0015812702999999928,0.00975273040000002,-1,-1,-1,-1
197,229,0.2473159774,0.388827708,0.0015812702999999928,0.00975273040000002,-1,-1,-1,-1
198,229,0.2473159774,0.388827708,0.0015812702999999928,0.00975273040000002,-1,-1,-1,-1
199,229,0.247728429,0.3887846344,0.0017996134000000108,0.009752593199999993,-1,-1,-1,-1
200,229,0.2478254447,0.3890433501,0.0017996133000000025,0.009752593199999993,-1,-1,-1,-1
201,229,0.2478254447,0.3890433501,0.0017996133000000025,0.009752593199999993,-1,-1,-1,-1
202,229,0.2478254447,0.3889786712,0.0017996133000000025,0.009752593199999993,-1,-1,-1,-1
203,229,0.2478254447,0.3889139923,0.0017996133000000025,0.009752593199999993,-1,-1,-1,-1
204,229,0.2478254447,0.3889139923,0.0017996133000000025,0.009752593199999993,-1,-1,-1,-1
205,229,0.2478254447,0.3889139923,0.0017996133000000025,0.009752593199999993,-1,-1,-1,-1
206,229,0.2478254447,0.3890864237,0.0017996133000000025,0.009752593099999984,-1,-1,-1,-1
207,229,0.2477890542,0.3889570658,0.0017996133000000025,0.009752593199999993,-1,-1,-1,-1
208,229,0.2477526636,0.388827708,0.001799613399999983,0.009752593199999993,-1,-1,-1,-1
209,229,0.2477526636,0.3888709187,0.001799613399999983,0.009752593199999993,-1,-1,-1,-1
210,229,0.2477931061,0.3888709187,0.0017996134000000108,0.009752593199999993,-1,-1,-1,-1
211,229,0.2478335486,0.3888709187,0.001799613399999983,0.009752593199999993,-1,-1,-1,-1
212,229,0.2478739911,0.3888709187,0.0017996134000000108,0.009752593199999993,-1,-1,-1,-1
213,229,0.247655648,0.3889139923,0.001799613399999983,0.009752593199999993,-1,-1,-1,-1
214,229,0.247655648,0.3889139923,0.0017510668999999868,0.00940773039999998,-1,-1,-1,-1
215,229,0.2477041944,0.389000208,0.001738911100000018,0.00949401459999999,-1,-1,-1,-1
216,229,0.2477527408,0.3890864237,0.0017267551999999853,0.009580298900000006,-1,-1,-1,-1
217,229,0.2478983801,0.3889139923,0.001726755099999977,0.009580298900000006,-1,-1,-1,-1
218,229,0.2480682539,0.3889139923,0.0017267551999999853,0.009580298900000006,-1,-1,-1,-1
219,229,0.2474616939,0.3887846344,0.0017267551000000048,0.009580299000000014,-1,-1,-1,-1
220,229,0.2472146397,0.3886748929,0.0017267551000000048,0.009580299000000014,-1,-1,-1,-1
221,229,0.2466794714,0.3879796803,0.0017267551000000048,0.009580298900000006,-1,-1,-1,-1
222,229,0.2467412928,0.3878699387,0.0017267551999999853,0.009580298999999959,-1,-1,-1,-1
223,229,0.2467218434,0.388733879,0.0015819649000000102,0.009750123999999971,-1,-1,-1,-1
224,229,0.2467607423,0.3889115231,0.0014458187999999983,0.00922693120000001,-1,-1,-1,-1
225,229,0.2467412928,0.3884968372,0.00167913489999999,0.008743108300000024,-1,-1,-1,-1
226,229,0.2465662479,0.3883239943,0.001504244299999985,0.009607048500000048,-1,-1,-1,-1
227,229,0.2460024457,0.3883585629,0.0017569326000000107,0.009572479900000042,-1,-1,-1,-1
228,229,0.2453024974,0.3880821514,0.0017569326999999912,0.009572479899999986,-1,-1,-1,-1
229,229,0.2452122736,0.38818572,0.0014972208999999848,0.0095034799,-1,-1,-1,-1
230,229,0.2447067426,0.3881165828,0.0014972209000000125,0.0095034799,-1,-1,-1,-1
231,229,0.2434853641,0.3875452409,0.0014972209000000125,0.009503480000000009,-1,-1,-1,-1
232,229,0.2433139467,0.3870883046,0.002022355700000006,0.009274668799999997,-1,-1,-1,-1
233,229,0.2424783154,0.3875453781,0.0020223557999999864,0.009274668799999997,-1,-1,-1,-1
