1,881,0.293128822,0.4642570443,0.006266886999999999,0.015220328100000013,-1,-1,-1,-1
2,881,0.293128822,0.4642570443,0.006266886999999999,0.015220328100000013,-1,-1,-1,-1
3,881,0.293128822,0.4642570443,0.006266886999999999,0.015220328100000013,-1,-1,-1,-1
4,881,0.293128822,0.4642570443,0.006266886999999999,0.015220328100000013,-1,-1,-1,-1
5,881,0.293128822,0.4642570443,0.006266886999999999,0.015220328100000013,-1,-1,-1,-1
6,881,0.293128822,0.4642570443,0.006266886999999999,0.015220328100000013,-1,-1,-1,-1
7,881,0.293128822,0.4642570443,0.006266886999999999,0.015220328100000013,-1,-1,-1,-1
8,881,0.293128822,0.4642570443,0.006266886999999999,0.015220328100000013,-1,-1,-1,-1
9,881,0.293128822,0.4642570443,0.006266886999999999,0.015220328100000013,-1,-1,-1,-1
10,881,0.293128822,0.4642570443,0.006266886999999999,0.015220328100000013,-1,-1,-1,-1
11,881,0.293128822,0.4642570443,0.006266886999999999,0.015220328100000013,-1,-1,-1,-1
12,881,0.293128822,0.4642570443,0.006266886999999999,0.015220328100000013,-1,-1,-1,-1
13,881,0.293128822,0.4642570443,0.006266886999999999,0.015220328100000013,-1,-1,-1,-1
14,881,0.293128822,0.4642570443,0.006150190399999977,0.0151511909,-1,-1,-1,-1
15,881,0.2930899231,0.4646721417,0.006189089300000006,0.014736093499999992,-1,-1,-1,-1
16,881,0.2930899231,0.4646721417,0.006189089300000006,0.014736093499999992,-1,-1,-1,-1
17,881,0.2930899231,0.4646721417,0.006189089300000006,0.014736093499999992,-1,-1,-1,-1
18,881,0.2930899231,0.4646721417,0.006189089300000006,0.014736093499999992,-1,-1,-1,-1
19,881,0.2930899231,0.4646721417,0.006189089300000006,0.014736093499999992,-1,-1,-1,-1
20,881,0.2930899231,0.4646721417,0.006189089300000006,0.014736093499999992,-1,-1,-1,-1
21,881,0.2930899231,0.4646721417,0.006189089300000006,0.014736093499999992,-1,-1,-1,-1
22,881,0.2930899231,0.4646721417,0.006189089300000006,0.014736093499999992,-1,-1,-1,-1
23,881,0.2930899231,0.4639802213,0.006189089300000006,0.015428013899999982,-1,-1,-1,-1
24,881,0.2930899231,0.4639802213,0.006189089300000006,0.015428013899999982,-1,-1,-1,-1
25,881,0.2930899231,0.4639802213,0.006305785900000027,0.015428013899999982,-1,-1,-1,-1
26,881,0.2930899231,0.4643953186,0.006305785900000027,0.015012916599999981,-1,-1,-1,-1
27,881,0.2930899231,0.4643953186,0.006305785900000027,0.015082053799999995,-1,-1,-1,-1
28,881,0.2930899231,0.4643953186,0.006305785900000027,0.015082053799999995,-1,-1,-1,-1
29,881,0.2930899231,0.4643953186,0.006305785900000027,0.015082053799999995,-1,-1,-1,-1
30,881,0.2930899231,0.4643953186,0.006305785900000027,0.015082053799999995,-1,-1,-1,-1
31,881,0.2930899231,0.4643953186,0.006305785900000027,0.015082053799999995,-1,-1,-1,-1
32,881,0.2930899231,0.4643953186,0.006305785900000027,0.015082053799999995,-1,-1,-1,-1
33,881,0.2930899231,0.4643953186,0.006305785900000027,0.015082053799999995,-1,-1,-1,-1
34,881,0.2930899231,0.4643953186,0.006305785900000027,0.015082053799999995,-1,-1,-1,-1
35,881,0.2930899231,0.4646028673,0.006305785900000027,0.01487450509999999,-1,-1,-1,-1
36,881,0.2930899231,0.4646028673,0.006305785900000027,0.01487450509999999,-1,-1,-1,-1
37,881,0.2930899231,0.4646028673,0.006305785900000027,0.01487450509999999,-1,-1,-1,-1
38,881,0.2930899231,0.4646028673,0.006305785900000027,0.01487450509999999,-1,-1,-1,-1
39,881,0.2930899231,0.4646028673,0.006305785900000027,0.01487450509999999,-1,-1,-1,-1
40,881,0.2930899231,0.4646028673,0.006305785900000027,0.01487450509999999,-1,-1,-1,-1
41,881,0.2930899231,0.4646028673,0.006305785900000027,0.01487450509999999,-1,-1,-1,-1
42,881,0.2930899231,0.4646028673,0.006305785900000027,0.01487450509999999,-1,-1,-1,-1
43,881,0.2930899231,0.4646028673,0.006305785900000027,0.01487450509999999,-1,-1,-1,-1
44,881,0.2930899231,0.4646028673,0.006305785900000027,0.01487450509999999,-1,-1,-1,-1
45,881,0.2930899231,0.4646028673,0.006305785900000027,0.01487450509999999,-1,-1,-1,-1
46,881,0.2930899231,0.4646028673,0.006305785900000027,0.01487450509999999,-1,-1,-1,-1
47,881,0.2930899231,0.4646028673,0.006305785900000027,0.01487450509999999,-1,-1,-1,-1
48,881,0.2930899231,0.4646028673,0.006305785900000027,0.01487450509999999,-1,-1,-1,-1
49,881,0.2930899231,0.4646028673,0.006305785900000027,0.01487450509999999,-1,-1,-1,-1
50,881,0.2932066969,0.4649488275,0.006189012100000002,0.014528544899999996,-1,-1,-1,-1
51,881,0.2932066969,0.4649488275,0.006189012100000002,0.014528544899999996,-1,-1,-1,-1
52,881,0.2932066969,0.4649488275,0.006189012100000002,0.014528544899999996,-1,-1,-1,-1
53,881,0.2932066969,0.4649488275,0.006189012100000002,0.014528544899999996,-1,-1,-1,-1
54,881,0.2932066969,0.4649488275,0.006189012100000002,0.014528544899999996,-1,-1,-1,-1
55,881,0.2932066969,0.4649488275,0.006189012100000002,0.014528544899999996,-1,-1,-1,-1
56,881,0.2932066969,0.4649488275,0.006189012100000002,0.014528544899999996,-1,-1,-1,-1
57,881,0.2932066969,0.4649488275,0.006189012100000002,0.014528544899999996,-1,-1,-1,-1
58,881,0.2932066969,0.4649488275,0.006189012100000002,0.014528544899999996,-1,-1,-1,-1
59,881,0.2932066969,0.4649488275,0.006189012100000002,0.014528544899999996,-1,-1,-1,-1
60,881,0.2932066969,0.4649488275,0.006189012100000002,0.014528544899999996,-1,-1,-1,-1
61,881,0.2932066969,0.4649488275,0.006189012100000002,0.014528544899999996,-1,-1,-1,-1
62,881,0.2932066969,0.4649488275,0.006189012100000002,0.014528544899999996,-1,-1,-1,-1
63,881,0.2932066969,0.4649488275,0.006189012100000002,0.014528544899999996,-1,-1,-1,-1
64,881,0.2932066969,0.4649488275,0.006189012100000002,0.014528544899999996,-1,-1,-1,-1
65,881,0.2932066969,0.4649488275,0.006189012100000002,0.014528544899999996,-1,-1,-1,-1
66,881,0.2932066969,0.4649488275,0.006189012100000002,0.014528544899999996,-1,-1,-1,-1
67,881,0.2932066969,0.4649488275,0.006189012100000002,0.014528544899999996,-1,-1,-1,-1
68,881,0.2932066969,0.4649488275,0.006189012100000002,0.014528544899999996,-1,-1,-1,-1
69,881,0.2932066969,0.4649488275,0.006189012100000002,0.014528544899999996,-1,-1,-1,-1
70,881,0.2932066969,0.4649488275,0.006189012100000002,0.014528544899999996,-1,-1,-1,-1
71,881,0.2932066969,0.4649488275,0.006189012100000002,0.014528544899999996,-1,-1,-1,-1
72,881,0.2932066969,0.464464593,0.006189012100000002,0.01501277940000001,-1,-1,-1,-1
73,881,0.2933234707,0.4642570443,0.006072238300000032,0.015220328100000013,-1,-1,-1,-1
74,881,0.2933234707,0.4642570443,0.006072238300000032,0.015220328100000013,-1,-1,-1,-1
75,881,0.2933234707,0.4642570443,0.006072238300000032,0.015220328100000013,-1,-1,-1,-1
76,881,0.2933234707,0.4642570443,0.006072238300000032,0.015220328100000013,-1,-1,-1,-1
77,881,0.2933234707,0.4642570443,0.006072238300000032,0.015220328100000013,-1,-1,-1,-1
78,881,0.2933234707,0.4642570443,0.006072238300000032,0.015220328100000013,-1,-1,-1,-1
79,881,0.2933234707,0.4642570443,0.006072238300000032,0.015220328100000013,-1,-1,-1,-1
80,881,0.2933234707,0.4642570443,0.006072238300000032,0.015220328100000013,-1,-1,-1,-1
81,881,0.2933234707,0.4642570443,0.006072238300000032,0.015220328100000013,-1,-1,-1,-1
82,881,0.2933623696,0.4648796904,0.00587774390000001,0.014597682,-1,-1,-1,-1
83,881,0.2932844947,0.4651563762,0.0059556188000000065,0.014320996199999991,-1,-1,-1,-1
84,881,0.2932844947,0.4651563762,0.0059556188000000065,0.014320996199999991,-1,-1,-1,-1
85,881,0.2929731493,0.4653639249,0.0062669642000000025,0.014113447499999987,-1,-1,-1,-1
86,881,0.2929731493,0.4653639249,0.0062669642000000025,0.014113447499999987,-1,-1,-1,-1
87,881,0.2929731493,0.4653639249,0.0062669642000000025,0.014113447499999987,-1,-1,-1,-1
88,881,0.2929731493,0.4653639249,0.0062669642000000025,0.014113447499999987,-1,-1,-1,-1
89,881,0.2929731493,0.4653639249,0.0062669642000000025,0.014113447499999987,-1,-1,-1,-1
90,881,0.2929731493,0.4653639249,0.0062669642000000025,0.014113447499999987,-1,-1,-1,-1
91,881,0.2929731493,0.4653639249,0.0062669642000000025,0.014113447499999987,-1,-1,-1,-1
92,881,0.2929731493,0.4653639249,0.0062669642000000025,0.014113447499999987,-1,-1,-1,-1
93,881,0.2928563755,0.465087239,0.006383738000000028,0.014390133400000005,-1,-1,-1,-1
94,881,0.2928563755,0.465087239,0.006383738000000028,0.014390133400000005,-1,-1,-1,-1
95,881,0.2928563755,0.465087239,0.006383738000000028,0.014390133400000005,-1,-1,-1,-1
96,881,0.2928563755,0.465087239,0.006383738000000028,0.014390133400000005,-1,-1,-1,-1
97,881,0.2928563755,0.465087239,0.006383738000000028,0.014390133400000005,-1,-1,-1,-1
98,881,0.2928563755,0.465087239,0.006383738000000028,0.014390133400000005,-1,-1,-1,-1
99,881,0.2928563755,0.465087239,0.006383738000000028,0.014390133400000005,-1,-1,-1,-1
100,881,0.2928563755,0.465087239,0.006383738000000028,0.014390133400000005,-1,-1,-1,-1
101,881,0.2928563755,0.465087239,0.006383738000000028,0.014390133400000005,-1,-1,-1,-1
102,881,0.2928563755,0.464810416,0.006383738000000028,0.014666956399999986,-1,-1,-1,-1
103,881,0.2928563755,0.464810416,0.006383738000000028,0.014666956399999986,-1,-1,-1,-1
104,881,0.2928563755,0.464810416,0.006383738000000028,0.014666956399999986,-1,-1,-1,-1
105,881,0.2928563755,0.4643953186,0.006383738000000028,0.015082053799999995,-1,-1,-1,-1
106,881,0.2928563755,0.4641186328,0.006383738000000028,0.015358739600000004,-1,-1,-1,-1
107,881,0.2928563755,0.4639802213,0.006383738000000028,0.015497151099999995,-1,-1,-1,-1
108,881,0.2928563755,0.4639802213,0.006383738000000028,0.015497151099999995,-1,-1,-1,-1
109,881,0.2928563755,0.4639802213,0.006383738000000028,0.015497151099999995,-1,-1,-1,-1
110,881,0.2928563755,0.4639802213,0.006383738000000028,0.015497151099999995,-1,-1,-1,-1
111,881,0.2928563755,0.4639802213,0.006383738000000028,0.015497151099999995,-1,-1,-1,-1
112,881,0.2928563755,0.4639802213,0.006383738000000028,0.015497151099999995,-1,-1,-1,-1
113,881,0.2928563755,0.4639802213,0.006383738000000028,0.015497151099999995,-1,-1,-1,-1
114,881,0.2928563755,0.4639802213,0.006383738000000028,0.015497151099999995,-1,-1,-1,-1
115,881,0.2928563755,0.4639802213,0.006383738000000028,0.015497151099999995,-1,-1,-1,-1
116,881,0.2928563755,0.4639802213,0.006383738000000028,0.015497151099999995,-1,-1,-1,-1
117,881,0.2928563755,0.4639802213,0.006383738000000028,0.015497151099999995,-1,-1,-1,-1
118,881,0.2928563755,0.4639802213,0.006383738000000028,0.015497151099999995,-1,-1,-1,-1
119,881,0.2928563755,0.4639802213,0.006383738000000028,0.015497151099999995,-1,-1,-1,-1
120,881,0.2928563755,0.4639802213,0.006383738000000028,0.015497151099999995,-1,-1,-1,-1
121,881,0.2928563755,0.4639802213,0.006383738000000028,0.015497151099999995,-1,-1,-1,-1
122,881,0.2928563755,0.4637035354,0.006539333500000022,0.015773837000000013,-1,-1,-1,-1
123,881,0.2928563755,0.4637035354,0.006539333500000022,0.015773837000000013,-1,-1,-1,-1
124,881,0.2928563755,0.4637035354,0.006539333500000022,0.015773837000000013,-1,-1,-1,-1
125,881,0.2928563755,0.4637035354,0.006539333500000022,0.015773837000000013,-1,-1,-1,-1
126,881,0.2928563755,0.4637035354,0.006539333500000022,0.015773837000000013,-1,-1,-1,-1
127,881,0.2928563755,0.4637035354,0.006539333500000022,0.015773837000000013,-1,-1,-1,-1
128,881,0.2928563755,0.4637035354,0.006539333500000022,0.015773837000000013,-1,-1,-1,-1
129,881,0.2928563755,0.4637035354,0.006539333500000022,0.015773837000000013,-1,-1,-1,-1
130,881,0.2928563755,0.4637035354,0.006539333500000022,0.015773837000000013,-1,-1,-1,-1
131,881,0.2928563755,0.4637035354,0.006539333500000022,0.015773837000000013,-1,-1,-1,-1
132,881,0.2928563755,0.4637035354,0.006539333500000022,0.015773837000000013,-1,-1,-1,-1
133,881,0.2928563755,0.4637035354,0.006539333500000022,0.015773837000000013,-1,-1,-1,-1
134,881,0.2928563755,0.4637035354,0.006539333500000022,0.015773837000000013,-1,-1,-1,-1
135,881,0.2928563755,0.4637035354,0.006539333500000022,0.015773837000000013,-1,-1,-1,-1
136,881,0.2928563755,0.4637035354,0.006539333500000022,0.015773837000000013,-1,-1,-1,-1
137,881,0.2928563755,0.4637035354,0.006539333500000022,0.015773837000000013,-1,-1,-1,-1
138,881,0.2928563755,0.4637035354,0.006539333500000022,0.015773837000000013,-1,-1,-1,-1
139,881,0.2928563755,0.4637035354,0.006539333500000022,0.015773837000000013,-1,-1,-1,-1
140,881,0.2928563755,0.4637035354,0.006539333500000022,0.015773837000000013,-1,-1,-1,-1
141,881,0.2928563755,0.4637035354,0.006539333500000022,0.015773837000000013,-1,-1,-1,-1
142,881,0.2928563755,0.4637035354,0.006539333500000022,0.015773837000000013,-1,-1,-1,-1
143,881,0.2928563755,0.4637035354,0.006539333500000022,0.015773837000000013,-1,-1,-1,-1
144,881,0.2928563755,0.4637035354,0.006539333500000022,0.015773837000000013,-1,-1,-1,-1
145,881,0.2928563755,0.4639802213,0.006539333500000022,0.015497151099999995,-1,-1,-1,-1
146,881,0.2928563755,0.4639802213,0.006539333500000022,0.015497151099999995,-1,-1,-1,-1
147,881,0.2928563755,0.4639802213,0.006539333500000022,0.015497151099999995,-1,-1,-1,-1
148,881,0.2928563755,0.4639802213,0.006539333500000022,0.015497151099999995,-1,-1,-1,-1
149,881,0.2928563755,0.4639802213,0.006539333500000022,0.015497151099999995,-1,-1,-1,-1
150,881,0.2928563755,0.4639802213,0.006539333500000022,0.015497151099999995,-1,-1,-1,-1
151,881,0.2928563755,0.4639802213,0.006539333500000022,0.015497151099999995,-1,-1,-1,-1
152,881,0.2928563755,0.4639802213,0.006539333500000022,0.015497151099999995,-1,-1,-1,-1
153,881,0.2928563755,0.4639802213,0.006539333500000022,0.015497151099999995,-1,-1,-1,-1
154,881,0.2928563755,0.4639802213,0.006539333500000022,0.015497151099999995,-1,-1,-1,-1
155,881,0.2928563755,0.4639802213,0.006539333500000022,0.015497151099999995,-1,-1,-1,-1
156,881,0.2928563755,0.4639802213,0.006539333500000022,0.015497151099999995,-1,-1,-1,-1
157,881,0.2928563755,0.4639802213,0.006539333500000022,0.015497151099999995,-1,-1,-1,-1
158,881,0.2928563755,0.4639802213,0.006539333500000022,0.015497151099999995,-1,-1,-1,-1
159,881,0.2928563755,0.4639802213,0.006539333500000022,0.015497151099999995,-1,-1,-1,-1
160,881,0.2928563755,0.4639802213,0.006539333500000022,0.015497151099999995,-1,-1,-1,-1
161,881,0.2928563755,0.4639802213,0.006539333500000022,0.015497151099999995,-1,-1,-1,-1
162,881,0.2928563755,0.4639802213,0.006539333500000022,0.015497151099999995,-1,-1,-1,-1
163,881,0.2928563755,0.4639802213,0.006539333500000022,0.015497151099999995,-1,-1,-1,-1
164,881,0.2928563755,0.4639802213,0.006539333500000022,0.015497151099999995,-1,-1,-1,-1
165,881,0.2928563755,0.4639802213,0.006539333500000022,0.015497151099999995,-1,-1,-1,-1
166,881,0.2928563755,0.4639802213,0.006539333500000022,0.015497151099999995,-1,-1,-1,-1
167,881,0.2928563755,0.4639802213,0.006539333500000022,0.015497151099999995,-1,-1,-1,-1
168,881,0.2928563755,0.4639802213,0.006539333500000022,0.015497151099999995,-1,-1,-1,-1
169,881,0.2928563755,0.4639802213,0.006539333500000022,0.015497151099999995,-1,-1,-1,-1
170,881,0.2928563755,0.4639802213,0.006539333500000022,0.015497151099999995,-1,-1,-1,-1
171,881,0.2928563755,0.4639802213,0.006539333500000022,0.015497151099999995,-1,-1,-1,-1
172,881,0.2928563755,0.4639802213,0.006539333500000022,0.015497151099999995,-1,-1,-1,-1
173,881,0.2928563755,0.4639802213,0.006539333500000022,0.015497151099999995,-1,-1,-1,-1
174,881,0.2928563755,0.4639802213,0.006539333500000022,0.015497151099999995,-1,-1,-1,-1
175,881,0.2928563755,0.4639802213,0.006539333500000022,0.015497151099999995,-1,-1,-1,-1
176,881,0.2928563755,0.4639802213,0.006539333500000022,0.015497151099999995,-1,-1,-1,-1
177,881,0.2928563755,0.4639802213,0.006539333500000022,0.015497151099999995,-1,-1,-1,-1
178,881,0.2928563755,0.4639802213,0.006539333500000022,0.015497151099999995,-1,-1,-1,-1
179,881,0.2928563755,0.4639802213,0.006539333500000022,0.015497151099999995,-1,-1,-1,-1
180,881,0.2928563755,0.4639802213,0.006539333500000022,0.015497151099999995,-1,-1,-1,-1
181,881,0.2928563755,0.4639802213,0.006539333500000022,0.015497151099999995,-1,-1,-1,-1
182,881,0.2928563755,0.4639802213,0.006539333500000022,0.015497151099999995,-1,-1,-1,-1
183,881,0.2928563755,0.4639802213,0.006539333500000022,0.015497151099999995,-1,-1,-1,-1
184,881,0.2928563755,0.4639802213,0.006539333500000022,0.015497151099999995,-1,-1,-1,-1
185,881,0.2928563755,0.4639802213,0.006539333500000022,0.015497151099999995,-1,-1,-1,-1
186,881,0.2928563755,0.4639802213,0.006539333500000022,0.015497151099999995,-1,-1,-1,-1
187,881,0.2928563755,0.4639802213,0.006539333500000022,0.015497151099999995,-1,-1,-1,-1
188,881,0.2928563755,0.4639802213,0.006539333500000022,0.015497151099999995,-1,-1,-1,-1
189,881,0.2928563755,0.4639802213,0.006539333500000022,0.015497151099999995,-1,-1,-1,-1
190,881,0.2928952743,0.4643261815,0.006500434700000002,0.0151511909,-1,-1,-1,-1
191,881,0.2928952743,0.4643261815,0.006500434700000002,0.0151511909,-1,-1,-1,-1
192,881,0.2928952743,0.4643261815,0.006500434700000002,0.0151511909,-1,-1,-1,-1
193,881,0.2928952743,0.4643261815,0.006500434700000002,0.0151511909,-1,-1,-1,-1
194,881,0.2928952743,0.4639110841,0.006500434700000002,0.015566288300000009,-1,-1,-1,-1
195,881,0.2928952743,0.4637035354,0.0066561846000000036,0.015773837000000013,-1,-1,-1,-1
196,881,0.2928952743,0.4637035354,0.0066561846000000036,0.015773837000000013,-1,-1,-1,-1
197,881,0.2928952743,0.4637035354,0.0066561846000000036,0.015773837000000013,-1,-1,-1,-1
198,881,0.2928952743,0.4637035354,0.0066561846000000036,0.015773837000000013,-1,-1,-1,-1
199,881,0.2928952743,0.4637035354,0.0066561846000000036,0.015773837000000013,-1,-1,-1,-1
200,881,0.2928952743,0.4637035354,0.0066561846000000036,0.015773837000000013,-1,-1,-1,-1
201,881,0.2928952743,0.4640494956,0.0066561846000000036,0.015427876800000018,-1,-1,-1,-1
202,881,0.2928952743,0.4640494956,0.0066561846000000036,0.015427876800000018,-1,-1,-1,-1
203,881,0.2928952743,0.4640494956,0.006539333599999975,0.015289465300000027,-1,-1,-1,-1
204,881,0.2928952743,0.4640494956,0.006539333599999975,0.015289465300000027,-1,-1,-1,-1
205,881,0.2928952743,0.4640494956,0.006539333599999975,0.015289465300000027,-1,-1,-1,-1
206,881,0.2928952743,0.4640494956,0.006539333599999975,0.015289465300000027,-1,-1,-1,-1
207,881,0.2928952743,0.4640494956,0.006227988199999979,0.0151511909,-1,-1,-1,-1
208,881,0.2928952743,0.4640494956,0.00630578599999998,0.0151511909,-1,-1,-1,-1
209,881,0.2928952743,0.4640494956,0.00630578599999998,0.0151511909,-1,-1,-1,-1
210,881,0.2928952743,0.4640494956,0.00630578599999998,0.0151511909,-1,-1,-1,-1
211,881,0.2928952743,0.4640494956,0.00630578599999998,0.0151511909,-1,-1,-1,-1
212,881,0.2928952743,0.4640494956,0.00630578599999998,0.0151511909,-1,-1,-1,-1
213,881,0.2928952743,0.4640494956,0.00630578599999998,0.0151511909,-1,-1,-1,-1
214,881,0.2928952743,0.4640494956,0.00630578599999998,0.0151511909,-1,-1,-1,-1
215,881,0.2928952743,0.4640494956,0.00630578599999998,0.0151511909,-1,-1,-1,-1
216,881,0.2928952743,0.4640494956,0.00630578599999998,0.0151511909,-1,-1,-1,-1
217,881,0.2928952743,0.4640494956,0.00630578599999998,0.0151511909,-1,-1,-1,-1
218,881,0.2928952743,0.4643261815,0.00630578599999998,0.014874504999999982,-1,-1,-1,-1
219,881,0.2928952743,0.4643261815,0.00630578599999998,0.014874504999999982,-1,-1,-1,-1
220,881,0.2928952743,0.4643261815,0.00630578599999998,0.014874504999999982,-1,-1,-1,-1
221,881,0.2928952743,0.4643953186,0.00630578599999998,0.014805367899999977,-1,-1,-1,-1
222,881,0.2928952743,0.4643953186,0.00630578599999998,0.014805367899999977,-1,-1,-1,-1
223,881,0.2928952743,0.4643953186,0.00630578599999998,0.014805367899999977,-1,-1,-1,-1
224,881,0.2928952743,0.4646028673,0.00630578599999998,0.014597819199999973,-1,-1,-1,-1
225,881,0.2928952743,0.4646028673,0.00630578599999998,0.014597819199999973,-1,-1,-1,-1
226,881,0.2928952743,0.4646028673,0.00630578599999998,0.014597819199999973,-1,-1,-1,-1
227,881,0.2928952743,0.4646028673,0.00630578599999998,0.014597819199999973,-1,-1,-1,-1
228,881,0.2928952743,0.4646028673,0.00630578599999998,0.014597819199999973,-1,-1,-1,-1
229,881,0.2928952743,0.4646028673,0.00630578599999998,0.014597819199999973,-1,-1,-1,-1
230,881,0.2928952743,0.4646028673,0.00630578599999998,0.014597819199999973,-1,-1,-1,-1
231,881,0.2928952743,0.4646028673,0.00630578599999998,0.014597819199999973,-1,-1,-1,-1
232,881,0.2928952743,0.4646028673,0.00630578599999998,0.014528544899999996,-1,-1,-1,-1
233,881,0.2928952743,0.4646028673,0.00630578599999998,0.014597819199999973,-1,-1,-1,-1
234,881,0.2928952743,0.4646028673,0.00630578599999998,0.014597819199999973,-1,-1,-1,-1
