27,211,0.2402353783,0.3926183178,0.002748313800000013,0.011212978699999987,-1,-1,-1,-1
28,211,0.2402978172,0.3906200616,0.002748313799999985,0.011212978699999987,-1,-1,-1,-1
29,211,0.2409849535,0.39111966,0.002748313800000013,0.011212978700000042,-1,-1,-1,-1
30,211,0.2414533609,0.3912306361,0.0024985582000000006,0.011157422000000028,-1,-1,-1,-1
31,211,0.2419218454,0.3915637017,0.0024985582000000006,0.011157422000000028,-1,-1,-1,-1
32,211,0.2420155423,0.3917857911,0.0024985582000000006,0.011157421999999972,-1,-1,-1,-1
33,211,0.242296633,0.3921188567,0.0024985582000000006,0.011157421999999972,-1,-1,-1,-1
34,211,0.2427651175,0.3924517851,0.0024985582000000006,0.011157421999999972,-1,-1,-1,-1
35,211,0.2429525113,0.3921742761,0.0024985582000000006,0.01115742209999998,-1,-1,-1,-1
36,211,0.2436708284,0.3919523239,0.002498558299999981,0.011157421999999972,-1,-1,-1,-1
37,211,0.2437645253,0.3927848506,0.002498558299999981,0.01115742209999998,-1,-1,-1,-1
38,211,0.2433272217,0.3930069401,0.0025922551999999766,0.011434930900000029,-1,-1,-1,-1
39,211,0.2436752277,0.3930545404,0.0024383575999999962,0.011608459800000026,-1,-1,-1,-1
40,211,0.2440232337,0.3933400056,0.002411576099999979,0.011418058200000025,-1,-1,-1,-1
41,211,0.2443712398,0.3932924052,0.0024115759999999986,0.011798724200000055,-1,-1,-1,-1
42,211,0.2445586336,0.3935778704,0.002598969800000017,0.011798724100000046,-1,-1,-1,-1
43,211,0.2451743781,0.3935778704,0.0025989698999999977,0.011798724100000046,-1,-1,-1,-1
44,211,0.2459506577,0.3937205344,0.0025989698999999977,0.011798724099999991,-1,-1,-1,-1
45,211,0.2459774393,0.3938631984,0.002866631199999997,0.011703797700000018,-1,-1,-1,-1
46,211,0.2471285836,0.393815598,0.002866631199999997,0.012036863300000034,-1,-1,-1,-1
47,211,0.2477711097,0.3940534628,0.002866631200000025,0.012036863300000034,-1,-1,-1,-1
48,211,0.2483600727,0.3944339916,0.002866631200000025,0.012036863200000025,-1,-1,-1,-1
49,211,0.248627734,0.3949573215,0.002866631200000025,0.012036863299999978,-1,-1,-1,-1
50,211,0.2491363523,0.3949097211,0.002866631199999997,0.012036863299999978,-1,-1,-1,-1
51,211,0.2490828663,0.3951001227,0.002866631199999997,0.012036863299999978,-1,-1,-1,-1
52,211,0.2498860047,0.395528389,0.0025184708000000056,0.011894199300000019,-1,-1,-1,-1
53,211,0.250341137,0.3952427867,0.0023310770000000147,0.011466070100000003,-1,-1,-1,-1
54,211,0.2509568043,0.3952903871,0.0023310770000000147,0.011466070100000003,-1,-1,-1,-1
55,211,0.2518669918,0.3950047847,0.0027594276999999834,0.011751672499999977,-1,-1,-1,-1
56,211,0.2531786712,0.3947193196,0.002197246300000011,0.011608871199999982,-1,-1,-1,-1
57,211,0.2544100831,0.3948621207,0.0021972462999999554,0.01160887129999999,-1,-1,-1,-1
58,211,0.2551596583,0.3943387908,0.002197246300000011,0.01160887129999999,-1,-1,-1,-1
59,211,0.2568461253,0.3941485264,0.002197246300000011,0.011608871300000045,-1,-1,-1,-1
