54,1438,0.318742035,0.411865886,0.002799021200000029,0.013525644399999981,-1,-1,-1,-1
55,1438,0.3193955979,0.411924049,0.002922818400000027,0.014488900699999974,-1,-1,-1,-1
56,1438,0.3203432178,0.411982212,0.003445792199999964,0.014430737699999974,-1,-1,-1,-1
57,1438,0.321290992,0.4120984009,0.0027267805000000256,0.014314548799999993,-1,-1,-1,-1
58,1438,0.3222387663,0.4125049933,0.0027267804000000173,0.014314548799999993,-1,-1,-1,-1
59,1438,0.3226637211,0.4130276373,0.002726780399999962,0.014314548900000001,-1,-1,-1,-1
60,1438,0.3240362957,0.413201852,0.0027267805000000256,0.014314548900000001,-1,-1,-1,-1
61,1438,0.3252268792,0.4130276373,0.002647284800000038,0.015360111400000043,-1,-1,-1,-1
62,1438,0.3265992996,0.413260015,0.002532749100000009,0.015276021899999992,-1,-1,-1,-1
63,1438,0.3278877477,0.4135089912,0.0025327492000000174,0.015276021799999984,-1,-1,-1,-1
64,1438,0.3288680921,0.4138077625,0.0029529186999999735,0.015475065600000004,-1,-1,-1,-1
65,1438,0.3299325629,0.413708172,0.0028408529999999765,0.015574656100000028,-1,-1,-1,-1
66,1438,0.3313891098,0.4139571482,0.0028408529999999765,0.015574655999999965,-1,-1,-1,-1
67,1438,0.3328177174,0.4142061243,0.0028408529000000238,0.01557465600000002,-1,-1,-1,-1
68,1438,0.3343130088,0.4143522373,0.003383276200000007,0.015534717899999995,-1,-1,-1,-1
69,1438,0.3365205715,0.4144034239,0.0033396951000000397,0.0155784578,-1,-1,-1,-1
70,1438,0.3386374629,0.4144734586,0.0033825557999999645,0.015602828199999974,-1,-1,-1,-1
71,1438,0.3405206136,0.4145672592,0.002972839000000005,0.015604612500000004,-1,-1,-1,-1
72,1438,0.3418247576,0.4146928848,0.0031665591000000215,0.015636511700000022,-1,-1,-1,-1
73,1438,0.3432531131,0.4152150605,0.003142756699999971,0.015556640199999971,-1,-1,-1,-1
74,1438,0.3439523667,0.4151814522,0.0036285553000000026,0.015607715699999969,-1,-1,-1,-1
75,1438,0.3457715839,0.4153024814,0.0026641873000000094,0.015439086099999999,-1,-1,-1,-1
76,1438,0.3470587675,0.4154747726,0.002873066800000046,0.01545678490000002,-1,-1,-1,-1
77,1438,0.3482011479,0.4158369167,0.0028610693000000187,0.015401722800000017,-1,-1,-1,-1
78,1438,0.3498827942,0.4161819386,0.00266699640000001,0.015366914999999981,-1,-1,-1,-1
79,1438,0.351014006,0.416223045,0.0033257503999999938,0.015183281800000004,-1,-1,-1,-1
80,1438,0.352640904,0.4162272356,0.002526997100000039,0.015938914199999987,-1,-1,-1,-1
81,1438,0.3537235457,0.4163441513,0.0036350414000000386,0.015916924899999962,-1,-1,-1,-1
82,1438,0.3554320096,0.4166578375,0.0035056206000000367,0.015756798500000002,-1,-1,-1,-1
83,1438,0.3571226705,0.4169952324,0.002960844799999973,0.01540823349999998,-1,-1,-1,-1
84,1438,0.3591125749,0.4168671861,0.002914495000000017,0.015285794699999966,-1,-1,-1,-1
85,1438,0.36091551,0.4171308828,0.0028011913000000055,0.015177656600000033,-1,-1,-1,-1
86,1438,0.3622553632,0.4172680108,0.0027771595999999676,0.015050451100000029,-1,-1,-1,-1
87,1438,0.3638891191,0.4174051389,0.0027531277000000243,0.014923245400000007,-1,-1,-1,-1
88,1438,0.3649617741,0.4174473406,0.002708720299999967,0.015098652099999998,-1,-1,-1,-1
89,1438,0.3663508461,0.4175438017,0.002707668699999999,0.015104430700000004,-1,-1,-1,-1
90,1438,0.3678912429,0.4175453363,0.0027066171999999833,0.01511020930000001,-1,-1,-1,-1
91,1438,0.3694375165,0.4175536515,0.002705565600000015,0.015115987800000008,-1,-1,-1,-1
92,1438,0.3708523104,0.4179015111,0.002704513999999991,0.015121766400000014,-1,-1,-1,-1
93,1438,0.3727034176,0.4178972148,0.002703462400000023,0.015127544999999964,-1,-1,-1,-1
94,1438,0.3739861127,0.4180915506,0.002702410799999999,0.015133323600000026,-1,-1,-1,-1
95,1438,0.3760275212,0.4184189206,0.0027013592999999836,0.015139102199999976,-1,-1,-1,-1
96,1438,0.3776445924,0.4184824536,0.002700307600000007,0.015144880799999982,-1,-1,-1,-1
97,1438,0.3792382586,0.4188309032,0.0026992560999999915,0.01515065929999998,-1,-1,-1,-1
98,1438,0.3800151807,0.4189961235,0.0026982044999999677,0.015156437900000042,-1,-1,-1,-1
99,1438,0.382724492,0.4189477594,0.0026971528999999994,0.015162216499999992,-1,-1,-1,-1
100,1438,0.384498841,0.4190038144,0.002833801200000041,0.0154413927,-1,-1,-1,-1
101,1438,0.3854382148,0.4189529399,0.0033103774000000086,0.015539730500000015,-1,-1,-1,-1
102,1438,0.3853090014,0.4189655326,0.0032793644999999927,0.015384748099999956,-1,-1,-1,-1
103,1438,0.3850887018,0.4189306622,0.0028095177999999943,0.01565693459999995,-1,-1,-1,-1
104,1438,0.3851308422,0.4189907181,0.0026918949999999997,0.015191109400000014,-1,-1,-1,-1
105,1438,0.3849817299,0.4190281772,0.002736295700000002,0.015986862899999954,-1,-1,-1,-1
106,1438,0.3850819099,0.4190145221,0.0027328802999999624,0.015986452099999993,-1,-1,-1,-1
107,1438,0.3849684549,0.4190957934,0.0027294648000000254,0.015986041299999976,-1,-1,-1,-1
108,1438,0.3850079431,0.4190260453,0.0027260493999999857,0.015985630600000023,-1,-1,-1,-1
109,1438,0.3855629804,0.4189610436,0.0027226340000000016,0.01598521979999995,-1,-1,-1,-1
110,1438,0.3856698059,0.4189487789,0.002719218500000009,0.015984808900000036,-1,-1,-1,-1
111,1438,0.3859870829,0.4189365141,0.0027158030000000166,0.01598439810000002,-1,-1,-1,-1
112,1438,0.3861363272,0.4190666389,0.002712387599999977,0.01598398740000001,-1,-1,-1,-1
113,1438,0.3858403441,0.4189831793,0.0027089720999999845,0.015983576599999993,-1,-1,-1,-1
114,1438,0.385581778,0.4190041387,0.002705556599999992,0.01598316590000004,-1,-1,-1,-1
115,1438,0.3855631654,0.4186835963,0.0027021412999999606,0.01598275499999996,-1,-1,-1,-1
116,1438,0.3858260038,0.4189591332,0.004819371800000027,0.016245759699999973,-1,-1,-1,-1
117,1438,0.3857077257,0.4190947497,0.0037556334000000136,0.01611364120000003,-1,-1,-1,-1
118,1438,0.3862840705,0.4188506605,0.0026918948999999914,0.015981522699999973,-1,-1,-1,-1
119,1438,0.3867632638,0.4190019323,0.0028401775999999934,0.016298024199999983,-1,-1,-1,-1
120,1438,0.3865846106,0.4190011756,0.0028804002000000217,0.0164411706,-1,-1,-1,-1
121,1438,0.3865612691,0.4190004188,0.0028018328000000148,0.016425005599999987,-1,-1,-1,-1
122,1438,0.3865379276,0.4189996621,0.0028379981000000165,0.016408840599999974,-1,-1,-1,-1
123,1438,0.386514586,0.4189989053,0.0028741635000000265,0.016392675600000017,-1,-1,-1,-1
124,1438,0.3864912445,0.4189981485,0.0027648854999999806,0.016376510700000013,-1,-1,-1,-1
125,1438,0.3863610854,0.4189973918,0.0029464941999999827,0.016360345599999992,-1,-1,-1,-1
126,1438,0.3863496125,0.418996635,0.0029826594999999845,0.01634418059999998,-1,-1,-1,-1
127,1438,0.3863915484,0.4189958782,0.003018824799999986,0.016328015699999976,-1,-1,-1,-1
128,1438,0.3863724456,0.4189951215,0.003054990199999996,0.01631185060000001,-1,-1,-1,-1
129,1438,0.3863533429,0.4189943647,0.003091155499999998,0.016295685700000007,-1,-1,-1,-1
130,1438,0.3863342402,0.418993608,0.0031273207999999997,0.016279520599999986,-1,-1,-1,-1
131,1438,0.3863151374,0.4189928512,0.0031634862000000097,0.016263355699999982,-1,-1,-1,-1
132,1438,0.386264158,0.4189446312,0.003098006299999956,0.01640278860000005,-1,-1,-1,-1
133,1438,0.3862769319,0.4189913377,0.003235816899999966,0.016231025699999957,-1,-1,-1,-1
134,1438,0.3865044975,0.4189905809,0.002811678799999995,0.016499228499999963,-1,-1,-1,-1
135,1438,0.3864924411,0.4189905809,0.0028266924000000526,0.016476897499999976,-1,-1,-1,-1
136,1438,0.3864803847,0.4189905809,0.0028417059999999994,0.016454566599999998,-1,-1,-1,-1
137,1438,0.3864683283,0.4189905809,0.00285671970000001,0.016432235599999956,-1,-1,-1,-1
138,1438,0.3864562719,0.4189905809,0.0029602388000000146,0.016409904699999978,-1,-1,-1,-1
139,1438,0.3864442156,0.4189905809,0.002969351900000028,0.01638757369999999,-1,-1,-1,-1
140,1438,0.3864321592,0.4189905809,0.0029784652000000023,0.016365242799999957,-1,-1,-1,-1
141,1438,0.3864201028,0.4189905809,0.002987578400000024,0.01634291179999997,-1,-1,-1,-1
142,1438,0.3864080464,0.4189905809,0.002996691699999998,0.016320580799999984,-1,-1,-1,-1
143,1438,0.3863959901,0.4189905809,0.0030058048000000115,0.016298249900000006,-1,-1,-1,-1
144,1438,0.3863839337,0.4189905809,0.003014918099999986,0.016275918899999964,-1,-1,-1,-1
145,1438,0.3863718773,0.4189905809,0.0030240314000000157,0.016451765299999976,-1,-1,-1,-1
146,1438,0.3863598209,0.4189905809,0.0030331446000000373,0.016404662199999975,-1,-1,-1,-1
147,1438,0.3863477646,0.4189905809,0.0030422578000000033,0.016357558999999966,-1,-1,-1,-1
148,1438,0.3863357082,0.4189905809,0.0030513709999999694,0.016310455899999965,-1,-1,-1,-1
149,1438,0.3863236518,0.4189905809,0.0030604842999999993,0.016263352799999964,-1,-1,-1,-1
150,1438,0.3863115954,0.4189905809,0.003069597500000021,0.016216249699999963,-1,-1,-1,-1
151,1438,0.3862995391,0.4189905809,0.0030787107000000424,0.016169146499999953,-1,-1,-1,-1
152,1438,0.3862874827,0.4189905809,0.0030878239000000085,0.016499228499999963,-1,-1,-1,-1
153,1438,0.3862754263,0.4189905809,0.003096937199999983,0.016074940300000007,-1,-1,-1,-1
154,1438,0.3862754263,0.4189947648,0.003060816799999977,0.016447581400000022,-1,-1,-1,-1
155,1438,0.3862754263,0.4189989487,0.003053670800000019,0.016434949000000032,-1,-1,-1,-1
156,1438,0.3862754263,0.4190031326,0.003046524900000014,0.016422316599999986,-1,-1,-1,-1
157,1438,0.3862754263,0.4190073165,0.0030393789000000004,0.016409684199999997,-1,-1,-1,-1
158,1438,0.3862754263,0.4190115004,0.003032232899999987,0.01639705189999996,-1,-1,-1,-1
159,1438,0.3862754263,0.4190156843,0.0030250868999999736,0.01638441949999997,-1,-1,-1,-1
160,1438,0.3862754263,0.4190198682,0.0030179409000000157,0.016371787100000035,-1,-1,-1,-1
161,1438,0.3862754263,0.4190240521,0.0030107949000000023,0.01635915469999999,-1,-1,-1,-1
162,1438,0.3862754263,0.419028236,0.003003648899999989,0.0163465223,-1,-1,-1,-1
163,1438,0.3862754263,0.4190610898,0.002660096599999995,0.016305220100000017,-1,-1,-1,-1
164,1438,0.3862754263,0.41906169,0.0026950014000000078,0.016296171400000004,-1,-1,-1,-1
165,1438,0.3862754263,0.4190622901,0.0027299062000000207,0.016287122799999998,-1,-1,-1,-1
166,1438,0.3862754263,0.4190628903,0.002764810999999978,0.016278074099999984,-1,-1,-1,-1
167,1438,0.3862754263,0.4190634904,0.0027403642000000117,0.01626902549999998,-1,-1,-1,-1
168,1438,0.3862754263,0.4190640906,0.002790106899999978,0.01625997680000002,-1,-1,-1,-1
169,1438,0.3862754263,0.4190646907,0.0028398495999999995,0.016250928299999967,-1,-1,-1,-1
170,1438,0.3862754263,0.4190652909,0.002889592300000021,0.01624187960000001,-1,-1,-1,-1
171,1438,0.3862754263,0.419065891,0.002847181699999979,0.016232831000000003,-1,-1,-1,-1
172,1438,0.3862754263,0.419065891,0.002855559299999977,0.016232831000000003,-1,-1,-1,-1
173,1438,0.3862754263,0.4189660262,0.002847181699999979,0.01633269580000002,-1,-1,-1,-1
174,1438,0.3862754263,0.4189771223,0.002857420999999971,0.016321599700000022,-1,-1,-1,-1
175,1438,0.3862754263,0.4189882184,0.0028676602000000107,0.016310503600000026,-1,-1,-1,-1
176,1438,0.3862754263,0.4189993145,0.002877899500000003,0.01629940750000003,-1,-1,-1,-1
177,1438,0.3862754263,0.4190104106,0.002888138699999987,0.016288311400000033,-1,-1,-1,-1
178,1438,0.3862754263,0.4190215067,0.0028983779999999792,0.016468302699999993,-1,-1,-1,-1
179,1438,0.3862754263,0.4190326027,0.0029086172000000188,0.01640943490000002,-1,-1,-1,-1
180,1438,0.3862754263,0.4190436988,0.002918856500000011,0.01635056690000003,-1,-1,-1,-1
181,1438,0.3862754263,0.4190547949,0.002929095699999995,0.016291698999999993,-1,-1,-1,-1
182,1438,0.3862754263,0.419065891,0.0029393349999999874,0.016232831000000003,-1,-1,-1,-1
183,1438,0.3862754263,0.419065891,0.0029393349999999874,0.016232831000000003,-1,-1,-1,-1
184,1438,0.3862754263,0.419065891,0.0029393349999999874,0.016232831000000003,-1,-1,-1,-1
185,1438,0.3862754263,0.419065891,0.0029393349999999874,0.016232831000000003,-1,-1,-1,-1
186,1438,0.3862754263,0.419065891,0.0029393349999999874,0.016232831000000003,-1,-1,-1,-1
187,1438,0.3864510887,0.4189896206,0.0027557384999999934,0.016270143199999976,-1,-1,-1,-1
188,1438,0.3865846106,0.4190136266,0.0026677683999999924,0.0163258369,-1,-1,-1,-1
189,1438,0.3872258247,0.4190621415,0.002686564300000027,0.016332741500000025,-1,-1,-1,-1
190,1438,0.3880544325,0.4192055828,0.0033923834999999847,0.016284226600000007,-1,-1,-1,-1
191,1438,0.3898714114,0.4191591713,0.003070541600000032,0.0164193916,-1,-1,-1,-1
192,1438,0.3904068575,0.4191023801,0.002482612900000014,0.01652995610000002,-1,-1,-1,-1
193,1438,0.3907850273,0.4190033993,0.002638685200000046,0.01667640009999999,-1,-1,-1,-1
194,1438,0.3907724718,0.419108553,0.0028650301999999517,0.016546931799999998,-1,-1,-1,-1
195,1438,0.3907599163,0.4190190222,0.0027172050000000003,0.016660777200000032,-1,-1,-1,-1
196,1438,0.3907389181,0.4191211733,0.0024713908000000284,0.01652620669999999,-1,-1,-1,-1
197,1438,0.3907280512,0.4191101169,0.0025177453000000405,0.016504843599999985,-1,-1,-1,-1
198,1438,0.3907171842,0.4190990604,0.002564099799999997,0.01648348059999999,-1,-1,-1,-1
199,1438,0.3906604721,0.4190880039,0.002610454300000009,0.016462117599999992,-1,-1,-1,-1
200,1438,0.3906725276,0.4190769475,0.002656808800000021,0.016440754599999996,-1,-1,-1,-1
201,1438,0.3906845832,0.419065891,0.0027031633000000332,0.0164193916,-1,-1,-1,-1
202,1438,0.3905785375,0.4190805689,0.0025344471000000035,0.01648619680000002,-1,-1,-1,-1
203,1438,0.3905903203,0.4190789381,0.0025531933999999867,0.016478773899999966,-1,-1,-1,-1
204,1438,0.3906021032,0.4190773072,0.002571939600000017,0.016471351099999976,-1,-1,-1,-1
205,1438,0.3907741124,0.4189943304,0.002643888799999994,0.01656928019999998,-1,-1,-1,-1
206,1438,0.3907591908,0.4190062572,0.0026537678999999925,0.016544298700000015,-1,-1,-1,-1
207,1438,0.3907442693,0.4190181839,0.002663646999999991,0.01651931740000001,-1,-1,-1,-1
208,1438,0.3907293478,0.4190301107,0.0026735259999999816,0.01649433589999999,-1,-1,-1,-1
209,1438,0.3907144263,0.4190420375,0.002683405100000036,0.01646935439999997,-1,-1,-1,-1
210,1438,0.3906995047,0.4190539642,0.0026932842000000345,0.016444373099999965,-1,-1,-1,-1
211,1438,0.3906845832,0.419065891,0.0027031633000000332,0.0164193916,-1,-1,-1,-1
212,1438,0.3906845832,0.419065891,0.0027031633000000332,0.0164193916,-1,-1,-1,-1
213,1438,0.3906845832,0.419065891,0.002344120499999991,0.0164193916,-1,-1,-1,-1
214,1438,0.3906845832,0.419065891,0.002229739200000025,0.0164193916,-1,-1,-1,-1
215,1438,0.3906845832,0.419065891,0.0023244241,0.0164193916,-1,-1,-1,-1
216,1438,0.3906845832,0.419065891,0.002419108900000022,0.0164193916,-1,-1,-1,-1
217,1438,0.3906845832,0.419065891,0.002513793699999989,0.0164193916,-1,-1,-1,-1
218,1438,0.3906845832,0.419065891,0.002608478500000011,0.0164193916,-1,-1,-1,-1
219,1438,0.3906845832,0.419065891,0.0027031633000000332,0.0164193916,-1,-1,-1,-1
220,1438,0.3906845832,0.4190721097,0.002759155000000013,0.01641317290000005,-1,-1,-1,-1
221,1438,0.3906845832,0.4190783284,0.0028151468000000013,0.016406954200000046,-1,-1,-1,-1
222,1438,0.3906845832,0.4190845471,0.0028711385000000367,0.01640073550000004,-1,-1,-1,-1
223,1438,0.3904785118,0.4190907657,0.0029271302000000166,0.016394516900000045,-1,-1,-1,-1
224,1438,0.3907847632,0.4191211733,0.0026269139000000274,0.016323504900000008,-1,-1,-1,-1
225,1438,0.3907747452,0.4191249731,0.002718526400000032,0.016323765599999984,-1,-1,-1,-1
226,1438,0.3906501917,0.4191287729,0.0028101389000000365,0.016324026200000008,-1,-1,-1,-1
227,1438,0.3906544906,0.4190805689,0.00331303439999997,0.01637629060000001,-1,-1,-1,-1
228,1438,0.3906359442,0.4190917979,0.0032858900000000135,0.016431071099999972,-1,-1,-1,-1
229,1438,0.3905066697,0.4190622852,0.0035295458000000335,0.016419842299999987,-1,-1,-1,-1
230,1438,0.3905422524,0.4190816624,0.0035322445000000036,0.016401096100000012,-1,-1,-1,-1
231,1438,0.3905778351,0.4191010396,0.003534943200000029,0.01638234989999998,-1,-1,-1,-1
232,1438,0.3906134178,0.4191204169,0.0035376418999999992,0.016363603700000007,-1,-1,-1,-1
233,1438,0.3906490005,0.4191397941,0.0035403406999999776,0.016344857499999976,-1,-1,-1,-1
234,1438,0.3906845832,0.4191591713,0.003543039400000003,0.0163261113,-1,-1,-1,-1
