1,1212,0.4293432758,0.3897487138,0.002184820300000001,0.0095542354,-1,-1,-1,-1
2,1212,0.4290833325,0.3898743679,0.001691483699999996,0.009436537599999961,-1,-1,-1,-1
3,1212,0.4280545189,0.3899723122,0.00182006619999997,0.009632426199999988,-1,-1,-1,-1
4,1212,0.4272828702,0.3898089345,0.0017098526000000058,0.009697859600000025,-1,-1,-1,-1
5,1212,0.426162212,0.3897436383,0.001709852700000014,0.009697859600000025,-1,-1,-1,-1
6,1212,0.4255927757,0.3897762864,0.0017098526000000058,0.00969785959999997,-1,-1,-1,-1
7,1212,0.4246008543,0.3897203182,0.001979983700000021,0.01010774419999999,-1,-1,-1,-1
8,1212,0.424159846,0.3897483023,0.0018697702000000094,0.010079760100000001,-1,-1,-1,-1
9,1212,0.4230103224,0.3896923341,0.0020273724999999576,0.010023792000000031,-1,-1,-1,-1
10,1212,0.4222544184,0.3896923341,0.001712476800000029,0.00985588740000004,-1,-1,-1,-1
11,1212,0.4210693919,0.3895005608,0.0019369171000000462,0.009991692499999982,-1,-1,-1,-1
12,1212,0.4202821527,0.389556529,0.0015746326999999671,0.009879756200000034,-1,-1,-1,-1
13,1212,0.4186917752,0.3895845131,0.0023146376000000024,0.009907740200000015,-1,-1,-1,-1
14,1212,0.4180460847,0.3895845131,0.0023305366999999966,0.009655746200000037,-1,-1,-1,-1
15,1212,0.417337415,0.389556529,0.001936917199999999,0.0096277622,-1,-1,-1,-1
16,1212,0.4167391133,0.3893886244,0.0018737835999999564,0.009571794000000022,-1,-1,-1,-1
17,1212,0.416172301,0.3893326562,0.0018422940999999748,0.009571793999999967,-1,-1,-1,-1
18,1212,0.4155582545,0.389248704,0.001842294000000022,0.009571794000000022,-1,-1,-1,-1
19,1212,0.4150857566,0.3891927358,0.0018422940999999748,0.009571793999999967,-1,-1,-1,-1
20,1212,0.4138575091,0.389248704,0.0021099553999999743,0.009431873500000021,-1,-1,-1,-1
21,1212,0.4133535216,0.389248704,0.0020156411000000207,0.009375905299999987,-1,-1,-1,-1
22,1212,0.4128496886,0.3891927358,0.0020627209999999896,0.009319937199999961,-1,-1,-1,-1
23,1212,0.4121882533,0.3891087835,0.002062721000000045,0.009319937200000017,-1,-1,-1,-1
24,1212,0.4111961775,0.3888569267,0.002062721099999998,0.009375768200000023,-1,-1,-1,-1
25,1212,0.410944261,0.3887728372,0.001826394900000028,0.009180016700000015,-1,-1,-1,-1
26,1212,0.4101253779,0.3886049327,0.001826394900000028,0.00918001669999996,-1,-1,-1,-1
27,1212,0.4096213904,0.3886609008,0.0018263949999999807,0.009180016800000024,-1,-1,-1,-1
28,1212,0.4087869169,0.3884370281,0.0018263948999999724,0.00918001669999996,-1,-1,-1,-1
29,1212,0.4079207994,0.3882691236,0.001826394900000028,0.009180016700000015,-1,-1,-1,-1
30,1212,0.4080782473,0.3881851713,0.001826394900000028,0.00918001669999996,-1,-1,-1,-1
31,1212,0.406220054,0.3882691236,0.0018263949999999807,0.009180016700000015,-1,-1,-1,-1
32,1212,0.4045509526,0.3880172667,0.0018263948999999724,0.009180016800000024,-1,-1,-1,-1
33,1212,0.4038896717,0.3880172667,0.0016062766000000117,0.00906794320000004,-1,-1,-1,-1
34,1212,0.4023937628,0.3879333145,0.00160627670000002,0.009067943099999975,-1,-1,-1,-1
35,1212,0.4005355696,0.3878493622,0.00160627670000002,0.009067943199999984,-1,-1,-1,-1
36,1212,0.398929293,0.3879053304,0.0016062765999999562,0.009067943099999975,-1,-1,-1,-1
37,1212,0.3974333841,0.3878773463,0.0016062766999999645,0.00906794320000004,-1,-1,-1,-1
38,1212,0.3957800275,0.3878493622,0.0016062765999999562,0.009067943199999984,-1,-1,-1,-1
39,1212,0.3941739052,0.3877374258,0.0016062766000000117,0.00906794320000004,-1,-1,-1,-1
