0,1086,0.1632868764,0.75189448185,0.1127330382,0.5253339709
0,1086,0.31133276355,0.6663377164,0.2116175357,0.4527518788
0,1086,0.31060329385,0.64132391645,0.2095078119,0.4416410969
0,1086,0.1804870063,0.7135118014,0.1247486722,0.4972468854
0,1086,0.2612154572,0.73829709395,0.1799008264,0.5154415945
0,1086,0.25111957765,0.7449870751500001,0.1728883775,0.5176188665
0,1086,0.0295826737,0.9337828484,0.0300785572,0.6606815004
0,1086,0.00818508795,0.9263748831,0.0152677323,0.6564937634
0,1086,0.34448028015,0.71014022775,0.2333091399,0.4901852657
0,1086,0.026846747400000003,1.00295403635,0.0291706852,0.7163039983
0,1086,0.00698929485,0.9663725182,0.0149881081,0.6928766494
0,1086,0.31207249825,0.68479055005,0.2126385541,0.4730196317
0,1086,0.11296839965,0.8148502522000001,0.0826950779,0.575351557
0,1086,0.1349097206,0.8105335003,0.0957360038,0.5729648158
0,1086,0.5280748790500001,0.673306304,0.3551177339,0.4649082232
0,1086,0.14809316005,0.80862811285,0.1035410173,0.5717647921
0,1086,0.31927728045,0.68374773105,0.2156518279,0.4722396437
0,1086,0.3193658834,0.6791215766500001,0.2148639712,0.4598051045
0,1086,0.4993710576,0.6067226157000001,0.3344610406,0.4113950948
0,1086,0.30017029065,0.7312908513,0.2039031319,0.5094056728
0,1086,0.36540644855000004,0.72412370015,0.2478552363,0.5037489081
0,1086,0.0565287135,0.9176463156,0.0475805824,0.654303871
0,1086,0.37044952595,0.70925955185,0.2513216357,0.4838712863
0,1086,0.37128924775000005,0.7083911534,0.2519559035,0.4832565966
0,1086,0.0276501172,1.0982078384,0.0300267692,0.7857186754
0,1086,0.0380147772,1.10738394555,0.038278348,0.7915403267
0,1086,0.1942363363,0.7345033975999999,0.1335917896,0.5166530038
0,1086,0.18647006724999998,0.7424152823,0.1284148429,0.5188180672
0,1086,0.3972900603,0.59395748015,0.2668075568,0.4051809803
0,1086,0.37303734320000004,0.5995893472,0.250472112,0.4067490496
0,1086,0.28066119145,0.65781916675,0.1910154089,0.4536580695
0,1086,0.36565427445,0.5939681798499999,0.2455263975,0.4052624633
0,1086,0.36496362649999997,0.59816119825,0.2462380772,0.4044439287
0,1086,0.32158639965,0.6891012662,0.2177351561,0.4753098004
0,1086,0.2628420323,0.75029932005,0.1811060742,0.5245008955
0,1086,0.34252846725,0.65715406445,0.2308808929,0.4512093243
0,1086,0.3329464156,0.653689044,0.2255157034,0.4513534972
0,1086,0.22596485425,0.70541098475,0.1540214185,0.4898484963
0,1086,0.3729233093,0.5923313849,0.2500855158,0.4028478752
0,1086,0.37743098695,0.6563488359,0.2546233323,0.4515234594
0,1086,0.3668092007,0.59893796255,0.2460790086,0.4078271231
0,1086,0.3321927498,0.62942333845,0.2244211322,0.4306262017
0,1086,0.38333331280000005,0.6307780291,0.257967015,0.4327402352
0,1086,0.38222110585,0.62643418475,0.2570264185,0.4279192895
0,1086,0.37508810135000004,0.62558355065,0.2525243365,0.4283601761
0,1086,0.37228410195,0.6247577456,0.2502872651,0.426980725
0,1086,0.31852982770000005,0.6446858484,0.2149142156,0.4437624008
0,1086,0.3213689827,0.6459076832,0.2171715854,0.4439100032
0,1086,0.32030248235000003,0.63528392425,0.2160837025,0.4341685201
0,1086,0.20460906165,0.69569412615,0.1411301451,0.4812739785
0,1086,0.2145255741,0.68808355065,0.1468300656,0.4753325717
0,1086,0.24804830285,0.6988701148500001,0.1699332205,0.4855403179
0,1086,0.24035019694999998,0.69673372145,0.1640737683,0.4843386481
0,1086,0.0410562604,0.9097730463,0.0374921122,0.6487547902
0,1086,0.599019949,0.6606576316,0.4021055716,0.4537466858
0,1086,0.35823535545,0.6188017294,0.2413669189,0.4233832602
0,1086,0.353710621,0.61818642235,0.2381933416,0.4221682843
0,1086,0.18357341305000002,0.7154901962,0.1296484931,0.4983987338
0,1086,0.36537793035,0.63010860575,0.2462816069,0.4306639253
0,1086,0.37526658075,0.64709803595,0.2532423449,0.4444824425
0,1086,0.36938683015,0.6469312974,0.2489205561,0.444313029
0,1086,0.58247596295,0.67250340745,0.3910306597,0.4626914441
0,1086,0.0077450830500000005,0.9111305491,0.0139021039,0.6461646156
0,1086,0.66336432685,0.7898695118500001,0.4492505483,0.5508010035
0,1086,0.05631438385,0.8042662297000001,0.0470282801,0.5700485716
0,1086,0.0339274622,0.80534690945,0.0322630688,0.5696285359
0,1086,0.38774590415,0.68271732665,0.2625571597,0.4708894113
0,1086,0.19745626030000002,0.7562050607999999,0.1374508824,0.5313890974
0,1086,0.1998541755,0.7301101695000001,0.14002145,0.510938762
0,1086,0.18623721435,0.7274702683000001,0.1298193703,0.5066414206
0,1086,0.3706052179,0.5666333121,0.2482563038,0.3823921214
0,1086,0.37441188605,0.5877297165,0.2508330843,0.3975592934
0,1086,0.37254840595,0.57073795425,0.2494859019,0.3857657819
0,1086,0.36969068905,0.5703996074,0.2476049405,0.3854268178
0,1086,0.3803150608,0.5884364519499999,0.2548344976,0.3984152773
0,1086,0.37566695370000003,0.5962639729,0.2521271666,0.4054037556
0,1086,0.3864723519,0.5750869427,0.258900974,0.387895728
0,1086,0.38605380305000003,0.5778044175,0.2583483629,0.3901671034
0,1086,0.3838502665,0.5848300707,0.257218366,0.3958533612
0,1086,0.38093694125,0.5856429812,0.2553902731,0.3972454326
0,1086,0.3717469656,0.5906069338,0.2492228714,0.4009811716
0,1086,0.3657710483,0.5918164913,0.245396889,0.4013785732
0,1086,0.36236901725,0.5879434381499999,0.2433570133,0.3985154165
0,1086,0.14332550055,0.9447671532,0.1075283067,0.679145514
0,1086,0.6576258162999999,0.66612234865,0.4417810376,0.4586381405
0,1086,0.80759704345,0.70543478505,0.5417875825,0.4876532541
0,1086,0.33177852305,0.640162508,0.2236633759,0.440022272
0,1086,0.34085504365,0.6217365611,0.2295587941,0.4253771268
0,1086,0.39010167895000003,0.63733179365,0.2621653925,0.4366563619
0,1086,0.56590982625,0.67646926085,0.3807814229,0.4663673741
0,1086,0.35371085255,0.6179748268999999,0.2377396757,0.421823833
0,1086,0.39464925865,0.62581195015,0.2651305829,0.4268943035
0,1086,0.34007822379999997,0.6708915101,0.2297819996,0.4611442256
0,1086,0.24975888864999998,0.7345187613999999,0.1712794767,0.511089931
0,1086,0.2639322814,0.73167892485,0.1815591226,0.5098531439
0,1086,0.3204940281,0.66902597255,0.2168989074,0.4592537905
0,1086,0.35665686375,0.70352919185,0.2406009815,0.4872786239
0,1086,0.3468551955,0.62328117315,0.2336370018,0.4259258345
0,1086,0.38585325000000004,0.57384398265,0.2582985816,0.3887294893
0,1086,0.37861419975,0.5873860882999999,0.2538417273,0.3984481998
0,1086,0.37771119,0.57285569155,0.2530302534,0.3876486723
0,1086,0.3073852607,0.787713365,0.2106499262,0.5518712578
0,1086,0.2212703617,0.93023956855,0.1566577436,0.6684281555
0,1086,0.2458989469,0.9253373455,0.1740375924,0.6681723206
0,1086,0.66188030385,0.6057388514000001,0.4427334427,0.4116923572
0,1086,0.347278954,0.6379812578,0.2339491962,0.437306169
0,1086,0.3943443192,0.60801585115,0.2648941024,0.4147824045
0,1086,0.4989496531,0.6168911979,0.3353543256,0.4202000698
0,1086,0.3903692244,0.5953699909,0.2618873118,0.4052468252
0,1086,0.38986270155,0.59562241655,0.2617157853,0.4053770061
0,1086,0.3843534821,0.59602267865,0.2578037014,0.4053516283
0,1086,0.3927896377,0.6017872644,0.2637786154,0.4101336158
0,1086,0.3871336714,0.6007484921499999,0.2601209632,0.4105529657
0,1086,0.6381029017,0.60823547135,0.4267699298,0.4131121383
0,1086,0.3885315226,0.60301444915,0.260893924,0.4118683551
0,1086,0.2261592328,0.9955597888500001,0.1613275384,0.6809241499
0,1086,0.2301891257,0.9565084000999999,0.1661448248,0.6780039276
0,1086,0.26407668575,0.95775204615,0.1833033977,0.6649592255
0,1086,0.23424923465,0.9466165724,0.1608191517,0.646963534
0,1086,0.23474260985,0.9607090318,0.1656757229,0.6836235174
0,1086,0.49655382184999997,0.6557065736,0.3352087635,0.4513240042
0,1086,0.32921401419999996,0.7712814903,0.2245215438,0.5381151562
0,1086,0.32071619165,0.77197567415,0.2191030999,0.5390906213
0,1086,0.30823397399999997,0.7228664736499999,0.210523582,0.5056010709
0,1086,0.7295480661,0.7393758532,0.490454802,0.514254191
0,1086,0.22107887739999998,0.7946732418,0.1544341788,0.5540025756
0,1086,0.33161343435,0.7158544695,0.2253749265,0.4996765368
0,1086,1.0572946509999999,0.7408055111,0.7085970842,0.5132464894
0,1086,0.320154782,0.7110799582,0.2174752128,0.4937937046
0,1086,0.29250204064999996,0.7179550597,0.1998879033,0.499317682
0,1086,0.3139819778,0.7271859005000001,0.2140142932,0.5059901046
0,1086,0.6715468293,0.723709563,0.4523385326,0.502499775
0,1086,0.33977085315,0.7307638861000001,0.2321916461,0.511445082
0,1086,0.6365901676,0.6205981298500001,0.4264226184,0.4241889003
0,1086,0.17119399945,0.821030484,0.1220255479,0.5760080858
0,1086,0.21487049295,0.78214940045,0.1496721535,0.5524173591
0,1086,0.16932631315000002,0.8317024369,0.1208142801,0.5772322526
0,1086,0.28219723399999996,0.82914971155,0.1962548716,0.5849786333
0,1086,0.3029254734,0.79984508605,0.2094226048,0.5656897749
0,1086,0.09308157989999999,0.88816047945,0.070179364,0.6321773709
0,1086,1.13667159285,0.9100181813999999,0.7683210627,0.6407200636
0,1086,0.1793190798,0.98055133055,0.1305599926,0.7025181293
0,1086,1.18632168815,0.7744808677,0.7968888925,0.5385025438
0,1086,0.3641127907,0.6676708703500001,0.2460091604,0.4604267903
0,1086,0.2814267815,0.9270255133,0.1942515022,0.6565305268
0,1086,0.184972036,0.8042941451500001,0.1326366832,0.5665413693
0,1086,0.13107876005,0.80540081995,0.0942844737,0.5702074225
0,1086,0.0585087745,1.11466749135,0.0489685932,0.7984614511
0,1086,0.0824540438,0.78381898075,0.0623197068,0.5635347255
0,1086,0.06468123145,0.78151927825,0.0505504037,0.5609979127
0,1086,0.3838918305,0.9899121634999999,0.2645410216,0.7120007504
0,1086,0.79888787925,0.9284041494499999,0.5415460081,0.6650490775
0,1086,0.4075389498,0.93803869375,0.279060163,0.6653612911
0,1086,0.40907510815000003,0.9228989570999999,0.2784011203,0.6428668824
0,1086,0.51341270355,0.77970895445,0.3463935801,0.5476456599
0,1086,0.27966309555,1.0419107729500001,0.1951638507,0.7124380783
0,1086,0.26921072014999997,1.016009164,0.1872431439,0.704732302
0,1086,0.64782376215,0.6076585052,0.4331880903,0.4129357288
0,1086,0.3319545714,1.0525535072499999,0.2298297742,0.7554013413
0,1086,1.0864976746500001,0.7472560501000001,0.7286852673,0.5171825068
0,1086,0.3767061866,0.7073846176999999,0.2554993288,0.4938503586
0,1086,0.433170416,0.7686184062000001,0.2931654054,0.537236538
0,1086,0.44028111540000003,0.77938487395,0.2982157764,0.5387325895
0,1086,0.5935643042,1.0763401911,0.4058289042,0.7759376866
0,1086,0.55244124415,1.08298229755,0.3776293789,0.7821290297
0,1086,1.1256167479,0.73460676045,0.7540755836,0.5097092453
0,1086,0.72639934085,0.61302075105,0.4857583799,0.4163004043
0,1086,0.73672460025,0.62240090895,0.4922067951,0.4202650917
0,1086,1.12362264015,0.71904986865,0.7535435025,0.4980913203
0,1086,1.14153405155,0.72579262795,0.7650624215,0.5040563895
0,1086,1.1150168037500001,0.71327019355,0.7465183961,0.4931356669
0,1086,1.1137040438,0.7324268819499999,0.746338566,0.5077462435
0,1086,1.1575890012,0.7237512647,0.775132534,0.5020528526
0,1086,1.10273147305,0.7174537466500001,0.7382472907,0.4975282091
0,1086,0.93443285435,0.6791702745,0.6264784661,0.4694085864
0,1086,1.0941380627000001,0.7158459646499999,0.7328070048,0.4967722271
0,1086,0.9272323170000001,0.6787980449,0.621357861,0.4677576622
0,1086,0.6966637314499999,0.6203289415,0.4660484695,0.422079026
0,1086,1.08603189145,0.7487013461500001,0.7278713237,0.5211499377
0,1086,1.08529011155,0.75594092655,0.7270475011,0.5239619273
0,1086,0.9391440179,0.6815300604,0.6291799314,0.4704520912
0,1086,1.07706431095,0.73037855615,0.7217885889,0.5057555321
0,1086,1.10693888055,0.7204498278,0.7425758713,0.4986807696
0,1086,1.105513283,0.7214511507,0.7403597158,0.4994545846
0,1086,0.6531169423500001,0.60506839915,0.4369813483,0.4108345899
0,1086,1.0633617953,0.7210304291,0.7112736974,0.4986232924
0,1086,1.0545120691499998,0.7084782607,0.7066498249,0.490536027
0,1086,0.94181237275,0.6900137671,0.6306949809,0.476429164
0,1086,1.03485285415,0.6973521836,0.6948251835,0.4808682092
0,1086,0.49131420475,0.6253264125,0.3293266975,0.4266966316
0,1086,0.9696564828,0.7433143398,0.6547861982,0.5139288074
0,1086,0.9545326917499999,0.73679054835,0.6389546637,0.5124787101
0,1086,0.9447954691,0.73526363215,0.6368050376,0.5050887151
0,1086,0.65515319055,0.6023994163999999,0.4381308719,0.4087949062
0,1086,1.00367980295,0.68579173585,0.6716684655,0.4697470019
0,1086,0.97893625775,0.67368107135,0.6553432857,0.4610247445
0,1086,0.9621672138999999,0.6818310952,0.6458579796,0.4653953384
0,1086,0.960114372,0.6850703224,0.6446011754,0.4675480558
0,1086,0.658005775,0.5895054718,0.4398609458,0.3989831898
0,1086,0.65520412955,0.59014300145,0.4381691533,0.3995413627
0,1086,0.6620349732,0.5950988607000001,0.4427102886,0.403160227
0,1086,0.6581112804,0.5977327947,0.439741625,0.4047555946
0,1086,1.0322777331,0.7670614482,0.6930616134,0.5319659264
0,1086,0.47356921595,0.7776351137499999,0.3217892681,0.5452768889
0,1086,0.65256873065,0.5954411856,0.4361510425,0.4020418236
0,1086,0.6364810347000001,0.58997050155,0.4253092152,0.3993033607
0,1086,0.9807547030500001,0.6817714232000001,0.6584402229,0.466950376
0,1086,0.9171320382000001,0.6556027993,0.6142964798,0.4468392792
0,1086,0.9728953546000001,0.6824717113500001,0.653122345,0.4661221017
0,1086,0.7995588681500001,0.66256295045,0.5362941965,0.4557600315
0,1086,0.79314912045,0.6631038390999999,0.5320139307,0.4556308108
0,1086,0.4278100708,0.5954647896,0.2868205964,0.4045647738
0,1086,0.8643356103000001,0.6936017666000001,0.5791772764,0.478408627
0,1086,0.37042938185,0.65524401305,0.2500327245,0.4512724257
0,1086,0.5816477410500001,0.5971465691,0.3890438841,0.4050992228
0,1086,0.8563995119000001,0.62944147125,0.572992879,0.4309357567
0,1086,0.86059931125,0.6386015718,0.5752142217,0.4359483918
0,1086,1.08181475925,0.7322226255,0.7257920861,0.5087015436
0,1086,0.843360934,0.62554740445,0.5638847692,0.4277172279
0,1086,0.82355322415,0.6616245232,0.5513775451,0.4521703858
0,1086,0.82136361865,0.6585848884000001,0.5503748185,0.4485710006
0,1086,0.81949786185,0.6615526425,0.5490976387,0.4521133202
0,1086,0.810688115,0.65902776405,0.5434806098,0.4467337901
0,1086,0.80255902135,0.66057902925,0.5382678515,0.4461048339
0,1086,0.78668032965,0.66208934715,0.5261726159,0.4519096125
0,1086,0.7865182509499999,0.6613150521,0.5275840895,0.4505610262
0,1086,0.78309237125,0.6575819193,0.5239899567,0.450955547
0,1086,0.77115141915,0.6606040640999999,0.5168052413,0.44835577
0,1086,0.76840156175,0.6601207898,0.5143167937,0.4452338976
0,1086,0.772824148,0.6497890356,0.5184780474,0.4397336518
0,1086,0.8491270487,0.6298611212,0.5681811204,0.4309939098
0,1086,0.9916629054499999,0.6901744013,0.6629055671,0.4699459084
0,1086,1.0011778487499998,0.6854535261,0.6698885331,0.470076638
0,1086,0.6264207352,0.5919930379,0.4193283584,0.401795591
0,1086,0.85153615635,0.6317595608,0.5694624193,0.4312412778
0,1086,0.7696585975000001,0.6743986438,0.516132229,0.4652643344
0,1086,1.17961587665,0.7529224171,0.7924633733,0.5236953926
0,1086,1.105145982,0.728272136,0.7405089826,0.5057013472
0,1086,0.67659139375,0.60187968675,0.4523698059,0.4079084721
0,1086,1.11074016535,0.7240717101,0.7440274787,0.5013612066
0,1086,1.1354634122,0.7236513313499999,0.7603981948,0.5019978447
0,1086,1.1462121396,0.72244293205,0.7677186394,0.5021335035
0,1086,1.0937926807,0.7314798810500001,0.7330976658,0.5064283849
0,1086,0.57175538595,0.6797550597,0.3853626919,0.4687597396
0,1086,0.55494227215,0.5956878984,0.3711646015,0.4040672408
0,1086,1.09564307875,0.72670173455,0.7330079823,0.5036464369
0,1086,0.7536311794,0.6057328155999999,0.50414767,0.4116103254
0,1086,0.5509391609500001,0.59676487435,0.3687246231,0.4035605093
0,1086,0.5520081082499999,0.5968608296,0.3689200437,0.4038654536
0,1086,0.34426371215,0.619807442,0.2312862439,0.424960109
0,1086,0.43392797615,0.595638086,0.2907110951,0.4042130028
0,1086,0.44991057459999995,0.5969715964,0.3012262098,0.4039085804
0,1086,0.4455349311,0.59748853435,0.2980744054,0.4030615761
0,1086,1.20916219845,0.8583510428500001,0.8141445581,0.6010484981
0,1086,0.45151987825000006,0.5977385544,0.3020157653,0.4044258774
0,1086,0.4537134786,0.59590015195,0.3036146792,0.4034372449
0,1086,0.4490901703,0.597132251,0.3007179296,0.4053614822
0,1086,0.53482176705,0.58986821065,0.3575399323,0.3983055505
0,1086,0.5373660766499999,0.59045686225,0.3590749229,0.3988044483
0,1086,0.6053164215,0.6022347839,0.4049772364,0.4091088324
0,1086,0.8973674721,0.80101801735,0.6044814594,0.5605046245
0,1086,0.9063796628999999,0.80192887215,0.6103400626,0.5609230141
0,1086,0.6704348193,0.60201536255,0.4487040738,0.4084046941
0,1086,0.84297518685,0.61905091135,0.5634923845,0.4207726463
0,1086,1.0727896022,0.72551330235,0.7183580784,0.5038334091
0,1086,1.08100343975,0.7263947326,0.7238953027,0.504133415
0,1086,0.8598644004,0.63132515925,0.575321348,0.4313071479
0,1086,1.0847581848,0.7337583897,0.7261744374,0.5095549212
0,1086,0.76330835575,0.6433448068500001,0.5115464835,0.4404119917
0,1086,0.55689640055,0.6317037675,0.3727602273,0.4303164562
0,1086,0.64724097365,0.6122502283,0.4333033977,0.416608778
0,1086,0.6477457329,0.622041231,0.4336204544,0.4242333456
0,1086,0.6591785298,0.6216607708499999,0.4407279894,0.4238883457
0,1086,0.6543530623,0.62060402845,0.4380019808,0.4233938229
0,1086,0.6535639708000001,0.62140150645,0.4368955238,0.4239654391
0,1086,0.6957199224,0.604965159,0.4653379104,0.410524313
0,1086,0.69288456735,0.60660330405,0.4631937833,0.4114831721
0,1086,0.81895204265,0.63395929905,0.5485728125,0.4334137739
0,1086,0.7713852754500001,0.6146131693,0.5158942049,0.4179878176
0,1086,0.7949958909,0.62275825475,0.5320451116,0.4254904349
0,1086,0.8225474103,0.6275372929,0.549985521,0.4288124484
0,1086,0.66993306615,0.61459759975,0.4481127561,0.4177100343
0,1086,0.6566308077,0.6197286339,0.4403084372,0.4228606162
0,1086,0.8000635503,0.6189620207,0.53556546,0.4224848886
0,1086,0.5097329777,0.60503863175,0.3417419226,0.4113399497
0,1086,1.0693259813,0.7153058305,0.7174391696,0.4964815492
0,1086,1.04319234135,0.7015556274,0.6987268027,0.4798054996
0,1086,1.0543661984000001,0.7017589235999999,0.706401613,0.4806730064
0,1086,0.08121568565,0.8034561999500001,0.0618700543,0.5685596533
0,1086,0.5141654431,0.6178067166,0.3445608564,0.4204565906
0,1086,0.8499444146999999,0.71476466755,0.5717198058,0.4958744041
0,1086,0.8604096021,0.7169049018,0.5789355476,0.497420388
0,1086,0.8477761881999999,0.7195674373000001,0.5686626936,0.4978792448
0,1086,1.06525248155,0.70418071355,0.7133537069,0.4866757313
0,1086,1.00548234915,0.684310568,0.6732248837,0.4704749998
0,1086,1.0195429813999999,0.683204922,0.6820263722,0.4691279224
0,1086,0.9722924991999999,0.69089080775,0.6521932484,0.4754775677
0,1086,1.00849816995,0.69137648265,0.6747059739,0.4776626589
0,1086,0.7869756215499999,0.6605006326,0.5259367529,0.4446500726
0,1086,0.7563310239000001,0.60741419315,0.505529352,0.4105825959
0,1086,0.6196943937999999,0.90497596935,0.4212070816,0.6415922345
0,1086,0.62795967745,0.5946630692,0.4194817707,0.4001743558
0,1086,0.6572689523499999,0.6009725495,0.4390309131,0.4042089868
0,1086,0.64226214875,0.59110022195,0.4294902271,0.4010412551
0,1086,0.64690801775,0.59125118525,0.4325349905,0.3998457583
0,1086,1.01748311605,0.70029085625,0.6822401617,0.4826017139
0,1086,0.64609152725,0.5888280921,0.4321304113,0.3999972016
0,1086,0.5083834028,0.6601144796,0.3415696562,0.4544266718
0,1086,0.75052081275,0.6070466961,0.5017066111,0.4112369298
0,1086,0.85629921015,0.6220275819,0.5718746295,0.421029853
0,1086,0.86373699975,0.63130074175,0.5779899345,0.4320896051
0,1086,0.45823376969999996,0.5967112634,0.306594587,0.4044614312
0,1086,0.9359499621,0.7284774441499999,0.6290034972,0.5011867633
0,1086,1.0213832688,0.67398889635,0.6828534364,0.4567706139
0,1086,1.0565141265,0.6966037464,0.7073074012,0.4753416254
0,1086,0.37978996460000003,0.71693103405,0.2575497782,0.4886859219
0,1086,0.39284991545000003,0.7134564112499999,0.2670428795,0.4869137333
0,1086,0.409137084,0.7126733367,0.278661681,0.4897515122
0,1086,0.4236961467,0.70761699545,0.2869533164,0.4817960739
0,1086,0.44060365195,0.7107186342,0.2988725809,0.4913599116
0,1086,0.4553216289,0.70257745835,0.307803578,0.4783012175
0,1086,0.44255423,0.7037189075,0.299395709,0.4794773724
0,1086,0.6476936362000001,0.60160536775,0.4333828934,0.4079184829
0,1086,0.4817664598,0.702408182,0.3267866934,0.4850516938
0,1086,0.4906243671,0.69296855795,0.3307996066,0.4721953355
0,1086,0.2522435159,1.00524619415,0.1824552632,0.7212482661
0,1086,0.48131209929999996,0.68429280365,0.3247313816,0.4660808115
0,1086,0.49416061465,0.6926177966,0.3342449357,0.4773699234
0,1086,0.49381469255,0.6929636882,0.3331607067,0.4766704582
0,1086,0.57387498885,0.6115703795,0.3840995589,0.4156200068
0,1086,0.5774921609,0.61100582225,0.386554189,0.4158414411
0,1086,0.49477473850000003,0.5882191343000001,0.3310254362,0.397708679
0,1086,0.50431113785,0.5952023606,0.3375230923,0.4035562568
0,1086,0.6145842852000001,0.5959293983,0.4113267666,0.4048114256
0,1086,0.63526245675,0.597522963,0.4250460303,0.4059574016
0,1086,0.5606587092499999,0.7326229764000001,0.3776835595,0.5089036052
0,1086,0.5687888834,0.7110877087,0.384626083,0.489459051
0,1086,0.568383764,0.6992203275,0.3826479516,0.4751384664
0,1086,0.56597126175,0.69812085445,0.3810534063,0.4784126051
0,1086,0.543264505,0.71547929065,0.3655707268,0.4967074795
0,1086,0.5569992819,0.71468736835,0.374008233,0.4956580761
0,1086,0.9905166975,0.6832287813,0.6634847282,0.47213292
0,1086,0.49337190905,0.5988819944,0.3303027197,0.406915994
0,1086,0.5943378653,0.61112539255,0.398277428,0.4160925813
0,1086,0.5896045503,0.6111286758500001,0.3949500304,0.4161669311
0,1086,0.55576408815,0.65159106025,0.3733710323,0.4422520829
0,1086,1.0191396193,1.16645722465,0.6895653452,0.8350201979
0,1086,0.50242853685,0.5876927060999999,0.3364559973,0.3979538142
0,1086,0.5191476026,0.58814154445,0.347184243,0.3983841839
0,1086,0.37491548760000004,0.6838420402500001,0.2519555948,0.4599885101
0,1086,0.37947491455000004,0.66159228655,0.2558819117,0.4559723813
0,1086,0.6091194546,0.590884332,0.4073743628,0.4003275236
0,1086,0.36736390524999996,0.5973328897,0.2465282559,0.4049710996
0,1086,0.32919931139999997,0.6755431356,0.223264045,0.4675540916
0,1086,0.32273492595000003,0.67935976965,0.2186974523,0.4672494217
0,1086,0.2655630322,0.8053075576500001,0.183393751,0.5662565547
0,1086,0.26143888235,0.79703180745,0.1802728681,0.5616849119
0,1086,0.32416397155,0.72373205295,0.2200419817,0.5027708271
0,1086,0.3660181114,0.57349007685,0.245084463,0.3875267221
0,1086,0.55686584935,0.8008760849000001,0.3761356269,0.5591629142
0,1086,0.56044462655,0.80067985095,0.3793774429,0.5619423685
0,1086,0.5001413942999999,0.601564832,0.3343911152,0.4060560318
0,1086,0.49768501760000006,0.5978085307500001,0.3332314402,0.4056779077
0,1086,0.50154589255,0.59649727305,0.3362994757,0.4050104693
0,1086,0.542262067,0.81070553755,0.3657880666,0.5612976443
0,1086,0.5640490861,0.7903970941999999,0.3790694092,0.5376440906
0,1086,0.5150160285500001,0.6245294859499999,0.3454587721,0.4268875819
0,1086,0.5337065356,0.6304386533499999,0.3587217458,0.4268907369
0,1086,0.52051074535,0.6270536463,0.3487443381,0.4282064008
0,1086,0.52689849675,0.6261088239,0.3532353061,0.42789821
0,1086,0.5273660855,0.6241461639,0.353524804,0.4238204118
0,1086,0.51979380525,0.61349451315,0.3487176093,0.4167625533
0,1086,1.37871175565,0.89050044335,0.9277684887,0.6314637765
0,1086,0.20892228345,0.8240186412,0.1460973157,0.5801468506
0,1086,0.82047479245,0.7840959862500001,0.5549128665,0.5507605363
0,1086,0.50260040605,0.58045819125,0.3361417191,0.3919096619
0,1086,0.50046685235,0.57927638555,0.3348487945,0.3920388825
0,1086,0.61686784895,0.61600932845,0.4133032001,0.4196586325
0,1086,0.61414838905,0.61671110285,0.4110881251,0.4197748213
0,1086,0.51659739475,0.60477292005,0.3463943519,0.4096005463
0,1086,0.5129146589,0.60338722735,0.34427992,0.4088086239
0,1086,0.51212610775,0.60354834165,0.3436116929,0.4087088963
0,1086,0.52167755735,0.60514336635,0.3492435403,0.4088086239
0,1086,0.5747209577500001,0.6463418482,0.3849621261,0.4367156224
0,1086,0.5758210904500001,0.6460670828,0.3859208599,0.43644703
0,1086,0.580753993,0.6472808928,0.390379721,0.4420502956
0,1086,0.5846006598,0.64538051235,0.3922323572,0.4420073593
0,1086,0.53740854645,0.63211646435,0.3606407571,0.4287870707
0,1086,0.5531719951,0.5886293821499999,0.370101983,0.3984893529
0,1086,0.5634869047,0.6285303167,0.3778947248,0.4256411924
0,1086,0.5641522762,0.6296159348,0.3785919718,0.4271635818
0,1086,0.5576026214500001,0.5924115852,0.3731313103,0.401600937
0,1086,0.6796442696,0.7656803662,0.457505785,0.5343332488
0,1086,0.6893117003,0.76900258365,0.4634010956,0.5340108227
0,1086,0.56295389745,0.6316171403499999,0.3772232561,0.4278528959
0,1086,0.56195394925,0.6283372401,0.3768524819,0.4253008564
0,1086,0.5119295295,0.6008311412,0.3439360046,0.406671819
0,1086,0.51304200645,0.6014739523,0.3435331233,0.4080902284
0,1086,0.5092120878,0.59506724135,0.3410912926,0.4009202651
0,1086,0.50068366315,0.59502149285,0.3354296535,0.4044233521
0,1086,0.52277300075,0.61758580185,0.3500605711,0.4208081751
0,1086,0.5070130663,0.59401111625,0.3402827516,0.4014239787
0,1086,0.50648978375,0.59171950715,0.3393735675,0.4004718337
0,1086,0.50682265445,0.58514701935,0.3393754199,0.3943731051
0,1086,0.49547954645,0.5955681879,0.3317189785,0.4041160758
0,1086,0.71569486575,0.70441642015,0.4805717085,0.4870666855
0,1086,0.53067384895,0.604938424,0.3554457503,0.4096865562
0,1086,0.53436160155,0.6058153961,0.3579798887,0.4098138564
0,1086,0.54024158365,0.60698133135,0.3619566815,0.4102732619
0,1086,0.6888571699,0.91827032775,0.4676929384,0.6469856195
0,1086,0.6393062162500001,0.94156254485,0.4356780815,0.6690440799
0,1086,0.6580240812,0.9306350076000001,0.447618339,0.6647629254
0,1086,0.5139184746000001,0.59699565545,0.3440183816,0.4030750783
0,1086,0.6016078487500001,0.57669313545,0.4020630659,0.3893378153
0,1086,0.84175603485,0.67365263455,0.5639729091,0.4620424601
0,1086,0.8186094217,0.6697612040500001,0.5487487836,0.4611687803
0,1086,0.5785147734,0.5950187699,0.3870832726,0.4035044268
0,1086,0.6096981121,0.6119316349999999,0.4080063178,0.4157423334
0,1086,0.5146474084,0.57662982875,0.3441268972,0.3888276851
0,1086,0.48114667385,0.71417814885,0.3253820117,0.4958793425
0,1086,0.49428618705000005,0.5760558919,0.3308235325,0.3891899922
0,1086,0.49283002615000004,0.5754854416999999,0.3294325889,0.3881700818
0,1086,0.61785418355,0.6170903787500001,0.4131391147,0.4165037005
0,1086,0.5081791065,0.5950007791,0.3409483546,0.4017574558
0,1086,0.7093603858499999,0.70415464365,0.4767948127,0.4872653177
0,1086,0.51236425015,0.59710311495,0.3430456525,0.4034082223
0,1086,0.78516105995,0.6117258755999999,0.5257499765,0.4163537784
0,1086,0.7892231501,0.6179800381,0.5275447386,0.4147814704
0,1086,0.5612483668,0.6019728648,0.3751770516,0.4091303038
0,1086,0.56757352505,0.5960401687,0.3805782843,0.4025599408
0,1086,0.55857391465,0.60972315505,0.3748396193,0.4113063413
0,1086,0.5653543714,0.60006958245,0.3785924348,0.4066930815
0,1086,0.5578890165,0.6067296802,0.3740888092,0.4107301982
0,1086,0.84186488615,0.6713753735,0.5642393355,0.461396494
0,1086,0.57866973865,0.59746674005,0.3872837099,0.4029622807
0,1086,0.5544147448,0.60229502475,0.3712888618,0.4057122665
0,1086,0.55118729565,0.6015559841,0.3691230279,0.4061206422
0,1086,0.5596480331,0.59750713865,0.3749206586,0.4049726085
0,1086,0.5464625484,0.5956041518,0.3659720644,0.4008149132
0,1086,0.54534196745,0.59404986875,0.3651633691,0.3998553607
0,1086,0.5416481949,0.5992268572,0.362513769,0.4038251236
0,1086,0.528940462,0.5847273342,0.3538518302,0.395314297
0,1086,0.5203030843,0.57482322405,0.3477951478,0.3878830083
0,1086,0.56311597605,0.5912144217499999,0.3770537681,0.3992748279
0,1086,0.56761574265,0.58944415365,0.3798217629,0.3969233411
0,1086,0.56287687145,0.5900943722,0.3767110875,0.398246001
0,1086,0.5593074363499999,0.58429775565,0.3742203245,0.3924262701
0,1086,0.66731316785,0.64695698545,0.4471006135,0.4432372875
0,1086,0.56985080735,0.5846297238,0.3812880345,0.39353027
0,1086,0.77652199275,0.6168034678,0.5199094335,0.4207185986
0,1086,0.77129373465,0.63622434335,0.5162526303,0.4350660699
0,1086,0.7697320542499999,0.6149533397,0.5152841717,0.420684853
0,1086,0.532808039,0.5779495507,0.3562089092,0.389786849
0,1086,0.5441063106499999,0.58588118885,0.3640195569,0.3932696339
0,1086,0.5448154433500001,0.59397311825,0.3640211005,0.3985295457
0,1086,0.54403399265,0.593625512,0.3643864721,0.4002003606
0,1086,0.3011401899,0.9521893424999999,0.2101679608,0.680770649
0,1086,0.289887249,0.96663364135,0.2039529904,0.6930272697
0,1086,0.6568247618,0.61986834855,0.4404293016,0.4229562285
0,1086,0.7657119050000001,0.65037135165,0.513928268,0.4427488005
0,1086,0.7643394498,0.6506159495,0.512475236,0.4449485696
0,1086,0.22919733495,0.8012580258,0.1584560655,0.565449002
0,1086,0.41632338035000005,0.74208107945,0.2818791739,0.5189339817
0,1086,0.6517857364,0.6104332513,0.4361962702,0.4154138298
0,1086,0.5890202868,0.57159704425,0.3936984744,0.3855019907
0,1086,0.58481430595,0.57159922605,0.3907694815,0.3853820981
0,1086,0.58304883765,0.57153172705,0.3896836677,0.3856973215
0,1086,0.6195384429,0.58438725155,0.4141852998,0.3950741329
0,1086,0.62153487145,0.5848061105,0.4154239607,0.3949821048
0,1086,0.63392837295,0.6032486787,0.4239925191,0.4093587034
0,1086,0.55429511535,0.60245037765,0.3713663509,0.4064207853
0,1086,0.54603489225,0.5959547075,0.3655529753,0.4011250702
0,1086,0.28029506335,0.9859608477499999,0.1974569971,0.7068338649
0,1086,0.2502681303,0.99046102945,0.1774310564,0.7114823667
0,1086,0.41638935215000006,0.71276868455,0.2817872207,0.4905189779
0,1086,0.5789434972,0.56784379565,0.3867108776,0.3827871223
0,1086,0.5788707162,0.56916302595,0.3867987088,0.3838414641
0,1086,0.6347731114999999,0.59414781305,0.424510399,0.4028971217
0,1086,0.5241758831000001,0.63860284975,0.3514956618,0.4364249445
0,1086,0.5211496417,0.6380352413,0.3495687782,0.4362767934
0,1086,0.87862765655,0.69482575205,0.5889706863,0.4821262587
0,1086,0.7988300223,0.6352354236,0.5348087842,0.4299276968
0,1086,0.7943755270999999,0.6354687134,0.5312933522,0.4306220886
0,1086,0.6323193178,0.59346892455,0.4232321386,0.4024919011
0,1086,0.6293527381499999,0.5941777176,0.4208004957,0.4025956068
0,1086,0.57657714885,0.5693604236,0.3851509091,0.3835742434
0,1086,0.5805030026,0.56863722685,0.3878886492,0.3838293925
0,1086,0.5748817289,0.5692171423,0.3839627954,0.3839154024
0,1086,0.5831774548,0.57040708345,0.389616562,0.3843523109
0,1086,0.5804514485000001,0.5695416205,0.3878631134,0.3842510682
0,1086,0.87338269925,0.65569580135,0.5847467621,0.4510296225
0,1086,0.8549726772499999,0.66119335015,0.5727395121,0.4551081667
0,1086,0.81112024755,0.6409322763,0.5452586899,0.4389559958
0,1086,0.80943954085,0.63921752,0.5423968439,0.4383359562
0,1086,0.63396819805,0.6012716849499999,0.4237109653,0.4046186921
0,1086,0.5545144476,0.60280608805,0.37150044,0.4062728797
0,1086,0.55428495835,0.60268545055,0.3709249877,0.4059297963
0,1086,0.5667615109999999,0.59865338905,0.379053047,0.4062041829
0,1086,0.64653367475,0.5985399468,0.4327099325,0.4058983698
0,1086,0.59498118035,0.57051030915,0.3974977525,0.3841362573
0,1086,0.61981453795,0.60177974695,0.4148368633,0.4091676611
0,1086,0.612937841,0.5803437034,0.4097745162,0.3928003516
0,1086,0.60286445475,0.5698849195,0.4028076037,0.384293462
0,1086,0.8658259452,0.66172995505,0.5795659564,0.4538137653
0,1086,0.56545008985,0.60120031745,0.3786547965,0.4081774729
0,1086,0.50840501325,0.5742441277,0.3398386561,0.3873311078
0,1086,0.5944078078,0.69359950315,0.399698472,0.4710184947
0,1086,0.5914961804500001,0.70432756145,0.3975996305,0.4851222027
0,1086,0.6094436133500001,0.69311389685,0.4107432835,0.4718755761
0,1086,0.6350128335,0.5946552991,0.4244810704,0.4029526784
0,1086,0.7831711830499999,0.6343717395999999,0.5242993599,0.433328819
0,1086,0.8617549237,0.66125186405,0.5769103362,0.4548814133
0,1086,0.64449093755,0.6024682449000001,0.4306113483,0.405775848
0,1086,0.6107213812000001,0.58138625855,0.4082459786,0.3932087273
0,1086,0.50290375485,0.59438094525,0.3366112841,0.4035507697
0,1086,0.5910760554,0.5762339179,0.394953735,0.387837565
0,1086,0.59261784385,0.57368243165,0.3962113111,0.3875883145
0,1086,0.5040511946499999,0.5801322413000001,0.3375703267,0.390618004
0,1086,0.68215041255,1.1038192158,0.4659278247,0.7908017662
0,1086,0.5070856930500001,0.592797855,0.3401547867,0.4011571696
0,1086,0.5065150218000001,0.59300176845,0.3394132382,0.4013098475
0,1086,0.5725650846,0.5674135401,0.3825726236,0.382790003
0,1086,0.57413994885,0.5677792537999999,0.3836227389,0.3826808102
0,1086,0.57716402795,0.5678803532500001,0.3858199081,0.3829856173
0,1086,0.5336661657499999,0.58036147365,0.3568820759,0.3915243319
0,1086,0.5852042201000001,0.6813338450499999,0.3926982176,0.4684022565
0,1086,0.9370052334000001,0.67883411365,0.6276770084,0.4672418557
0,1086,0.5274054171,0.60499912485,0.353147938,0.4082776121
0,1086,0.48864296985,0.59495474595,0.3270768271,0.4032699243
0,1086,0.49048971855,0.59849268985,0.3280474313,0.4027068183
0,1086,0.9395971434499999,0.6800212515,0.6296215571,0.4682081512
0,1086,0.49759057475,0.5788446792499999,0.3329239561,0.3914632539
0,1086,0.5648570868,0.59298709055,0.3779356304,0.3993594661
0,1086,0.5843078377,0.56958690265,0.3904917868,0.3842680843
0,1086,0.6202690783,0.58155428585,0.4149005238,0.3938160095
0,1086,0.5614437102,0.59151936615,0.3756884484,0.4005530425
0,1086,0.58580359215,0.5696964384000001,0.3915130367,0.3845123964
0,1086,0.6687603113,0.6027886559,0.4475399238,0.409400268
0,1086,0.53323309225,0.64033884335,0.3591269851,0.4339254609
0,1086,0.53405306805,0.64078440145,0.3591526497,0.4373358751
0,1086,0.51378341705,0.5731385618,0.3435026131,0.3867748554
0,1086,1.1747327104499998,0.9034588025,0.7906505621,0.6365284856
0,1086,0.7503079572,0.63010227165,0.502201403,0.4299446393
0,1086,0.7548245928,0.6297284884500001,0.5055214796,0.4304432077
0,1086,0.7514504661,0.6312907506500001,0.5030263944,0.4315531061
0,1086,0.74524766285,0.6312469455,0.4989253413,0.4314433646
0,1086,0.7410843431,0.6293190154,0.4966011334,0.4311580366
0,1086,0.49448176025,0.66376733585,0.3326141157,0.4564564787
0,1086,0.50321199605,0.66567437495,0.3374693749,0.4558349301
0,1086,0.48425925654999996,0.6562606086,0.3250885721,0.4499852946
0,1086,0.511452478,0.6652090678,0.3436471958,0.4573868126
0,1086,0.9887101761,0.7055412577,0.6631426884,0.488160772
0,1086,0.57233771145,0.6112999351499999,0.3833734465,0.4172336189
0,1086,0.55464103745,0.61235702055,0.3715114499,0.4166179689
0,1086,0.57427486005,0.6124820573,0.3847471017,0.4177871278
0,1086,0.7662285835,0.65849888105,0.5139721064,0.4522576303
0,1086,0.58079554495,0.6367333725,0.3890402373,0.4353409644
0,1086,0.5796576148,0.6369006183,0.3882232304,0.4354435162
0,1086,0.80431010905,0.64367627095,0.5390240009,0.4425416989
0,1086,0.83373802705,0.6741902995,0.5582803979,0.463983102
0,1086,0.6493733885,0.6128218445,0.4345455376,0.417094933
0,1086,0.71661537,0.64347000865,0.4801405938,0.4403616513
0,1086,0.6647032509499999,0.6182338856,0.4452776145,0.4179808216
0,1086,0.647331738,0.62332950655,0.4337511978,0.4254956477
0,1086,0.6546437132,0.6184997507000001,0.4385846664,0.4214334046
0,1086,0.58179155145,0.6173776807,0.3896616353,0.420829026
0,1086,0.6020660946,0.6093201714500001,0.4034778494,0.4144824091
0,1086,0.72417190275,0.6101232462999999,0.4850924963,0.415531643
0,1086,0.51049343195,0.6372709582,0.3429865323,0.4364643142
0,1086,0.59745815915,0.61848037145,0.4003352095,0.4205630399
0,1086,0.6089293608999999,0.6182670138,0.4079664902,0.4206100916
0,1086,0.6065219426499999,0.6188978886500001,0.4060142913,0.4206526165
0,1086,0.6315604038,0.61274262485,0.423127019,0.4175365055
0,1086,0.49049424104999995,0.61570729245,0.3287697643,0.4199294197
0,1086,0.48519766494999994,0.62285496445,0.3246353693,0.4194099307
0,1086,0.558003475,0.6112727740999999,0.3736836126,0.4153342672
0,1086,0.5481472403,0.6087219007,0.367356988,0.414339323
0,1086,0.5534278401,0.60726933425,0.3706342184,0.4130932079
0,1086,0.5877450365,0.61808490205,0.3934883896,0.4209362983
0,1086,0.49143630400000005,0.63569492995,0.330236499,0.4355590837
0,1086,0.50837306055,0.60387351955,0.3404360317,0.4108141505
0,1086,0.54921140245,0.6335286321,0.3684751763,0.433247927
0,1086,0.51177810165,0.6053009826,0.3430549141,0.4107924766
0,1086,0.51166889155,0.6081402705,0.3428408159,0.413121192
0,1086,0.5030754039,0.6033085564,0.3375630718,0.4105495362
0,1086,0.48881680424999996,0.62757933765,0.3279640019,0.4290567605
0,1086,0.4889728576,0.62447504915,0.3276172564,0.4236495435
0,1086,0.4820139771,0.620606086,0.323087441,0.423141966
0,1086,0.4992177775,0.60565380165,0.3341285478,0.4089715901
0,1086,0.3829595568,0.59661488075,0.2573612102,0.4066134013
0,1086,0.22609096685000002,0.70541791225,0.1545528821,0.4900283353
0,1086,0.37851952135,0.5974317554,0.2541198851,0.4067697634
0,1086,0.3829759911,0.6381978189999999,0.2578893716,0.4372279782
0,1086,0.39916600495,0.66362922665,0.2679374765,0.4483634519
0,1086,0.3932950529,0.63941317905,0.2649617124,0.4384561231
0,1086,0.2955836378,0.72251084025,0.2018376324,0.5036842977
0,1086,0.2621591949,0.72211932155,0.1798580942,0.5016727811
0,1086,0.272251343,0.7213908736,0.1867238748,0.5024165086
0,1086,0.34399485455,0.6195013317,0.2315385463,0.4251572322
0,1086,0.3704618817,0.65519546465,0.2502013634,0.4513056225
0,1086,0.38601860880000005,0.63386924235,0.260013451,0.4334728971
0,1086,0.4972211987,0.60249824955,0.3332056256,0.4095825761
0,1086,0.49546569939999996,0.60258790935,0.3318416952,0.4094351109
0,1086,0.59536731345,0.5949291728,0.3982765019,0.4030068632
0,1086,0.4987151793,0.5756784268,0.3335200582,0.3886839466
0,1086,0.502343339,0.57531587235,0.3359411854,0.3885049307
0,1086,0.5001440184,0.57522556005,0.3344852752,0.3882827041
0,1086,0.49199241974999997,0.5737116544,0.3289849739,0.3870409524
0,1086,0.48281742414999995,0.5728965702,0.3227944645,0.386270593
0,1086,0.4093084242,0.54087844805,0.2771304236,0.3778521825
0,1086,0.4730768827,0.5405564938,0.318070875,0.3765572324
0,1086,0.47105066795000006,0.5410926498499999,0.3171757377,0.3772495643
0,1086,0.57277439765,0.5347609746499999,0.3830866445,0.3618931567
0,1086,0.6318328503,0.5905891007,0.42235182,0.3997224362
0,1086,0.6264772003,0.58922831065,0.418772938,0.3987347487
0,1086,0.6277666621,0.5883720047,0.4201194566,0.3986640888
0,1086,0.57800012225,0.5656829847,0.3860269057,0.3803555242
0,1086,0.60966442865,0.5823290937500001,0.4077763179,0.3937998227
0,1086,0.60620709985,0.57682051705,0.4050705121,0.3895018927
0,1086,0.59935696655,0.57651399945,0.4004074503,0.3889230459
0,1086,0.598427891,0.5839972867500001,0.400343545,0.3952650093
0,1086,0.6021397315,0.57786011135,0.4023812596,0.3901764315
0,1086,0.6127589708,0.59441842885,0.4099665408,0.4031918463
0,1086,0.367255766,0.5766414315999999,0.246038103,0.3883270122
0,1086,0.36977084085,0.57501437615,0.2477110635,0.3891231871
0,1086,0.39140814255,0.62967940545,0.2636605295,0.4304705059
0,1086,0.37896041075,0.61721690725,0.2546131445,0.4206309425
0,1086,0.37680671395,0.5759873034,0.2521888337,0.3889831294
0,1086,0.36937451995,0.58341090685,0.2478205051,0.3958455421
0,1086,0.5638339845,0.53613946555,0.3768267036,0.3610827155
0,1086,0.608205178,0.57591487405,0.4064789168,0.3891359445
0,1086,0.49933501445000006,0.57335028295,0.3337715117,0.3869629249
0,1086,0.48399280305000003,0.586272486,0.3239202165,0.3965568044
0,1086,0.48425236045,0.57019130415,0.3235940525,0.3835643667
0,1086,0.49249197634999997,0.5673463234,0.3291587531,0.3819222218
0,1086,0.4929837693,0.5665201068,0.3293520126,0.3808912
0,1086,0.4926239547,0.56823125175,0.3294171528,0.3816824365
0,1086,0.49556190045,0.5844306115,0.3317155825,0.3955940968
0,1086,0.5407887148499999,0.5623366909,0.3611276105,0.3778896318
0,1086,0.54222411435,0.562415499,0.3622819193,0.3785734588
0,1086,0.5383526298,0.57597868415,0.3595594438,0.3883798101
0,1086,0.542284315,0.57082108345,0.3625606946,0.3848875753
0,1086,0.5409108141500001,0.5671050291999999,0.3614008289,0.3822835458
0,1086,0.544147139,0.56702889605,0.3634084432,0.3818001343
0,1086,0.5435819476,0.5674893989500001,0.3631258088,0.3820094663
0,1086,0.62275096565,0.57793960535,0.4161883545,0.3908407793
0,1086,0.5756908101,0.5693392983000001,0.3848307652,0.3836922156
0,1086,0.6033624221,0.70704002935,0.4056981608,0.4787161777
0,1086,0.53607176285,0.5818530572,0.3585192247,0.3931548168
0,1086,0.5404600039,0.58213872815,0.3612577366,0.3933157253
0,1086,0.59879859585,0.577371693,0.4000664677,0.3902531134
0,1086,0.5274867651,0.5770827298000001,0.3527175806,0.3901544832
0,1086,0.5838740071499999,0.5751129377499999,0.3900248459,0.3880898333
0,1086,0.7644237655999999,0.62441727245,0.5113072246,0.4258292619
0,1086,0.6249512221,0.58940389215,0.4179085494,0.3993224283
0,1086,0.49824846995000005,0.5841333491,0.3335158905,0.3954297588
0,1086,0.51995365785,0.57471265545,0.3475177885,0.3876714437
0,1086,0.5658595046,0.5953418696,0.3782718278,0.4015499072
0,1086,0.4985475437,0.6080170856,0.3345456302,0.4137782694
0,1086,0.60965039555,0.6119160384,0.4081723597,0.4161891538
0,1086,0.61578430185,0.6154625993,0.4115629727,0.4158225256
0,1086,0.61122974065,0.61390727065,0.4087094279,0.4155752871
0,1086,0.61233959495,0.61439783615,0.4094886403,0.4157393507
0,1086,0.61314494955,0.6180052116,0.4102226251,0.414326154
0,1086,0.6534035129,0.6923453632500001,0.4385136862,0.4790440305
0,1086,1.2746378854,0.8965077636,0.8578633464,0.6377836544
0,1086,1.20999566865,0.8260232437999999,0.8134226135,0.5789498448
0,1086,1.176636022,0.7821539959499999,0.7896538556,0.5443317399
0,1086,0.6587835209,0.6550524455,0.441515846,0.448977593
0,1086,0.50671152285,0.70195302895,0.3409111537,0.4874114111
0,1086,0.5688141214,0.60849830235,0.3808061206,0.4138089971
0,1086,0.75524363045,0.6166839235,0.5059351661,0.4208930876
0,1086,0.5353849353,0.60793525965,0.358383233,0.4133035001
0,1086,0.53228498805,0.6079336135,0.3563992359,0.4135013092
0,1086,0.6247273991,0.6280130225,0.4177004712,0.421480342
0,1086,0.6259927704,0.622641723,0.4191105556,0.4236425246
0,1086,0.654445833,0.6194041418,0.4378043992,0.4214955686
0,1086,0.6400121882500001,0.63456610115,0.4290996947,0.4342753821
0,1086,0.6588005006000001,0.64954595805,0.4413648814,0.4455233409
0,1086,0.8038373588500001,0.69121975795,0.5386847795,0.4763480925
0,1086,0.7826297523999999,0.66346886685,0.5240591102,0.4553674311
0,1086,0.89631388365,0.7360595326,0.6014820781,0.5125865312
0,1086,0.363149619,0.6423679699,0.24474842,0.4394350176
0,1086,0.35831620185,0.64854772165,0.2412981513,0.4449993251
0,1086,0.50579400325,0.5894274866,0.3381632259,0.3997762096
0,1086,0.50423997765,0.6202326219000001,0.3387125953,0.4234919044
0,1086,0.5657062632000001,0.5922266502,0.3786209144,0.4002109232
0,1086,0.63387334335,0.59075371315,0.4236268387,0.3993070645
0,1086,0.61685863465,0.6132486705,0.4127549111,0.4173219608
0,1086,0.62293643,0.58205388415,0.4165707058,0.3936840453
0,1086,0.64126721745,0.6002886751000001,0.4287361755,0.4072154512
0,1086,0.5937062387500001,0.57143145215,0.3966989363,0.3853746905
0,1086,0.57388841825,0.5729650215,0.3835210153,0.3873463344
0,1086,0.6309732546,0.58232189365,0.4218187356,0.3940398137
0,1086,0.6281599935,0.5819335114499999,0.4198684662,0.3937077769
0,1086,0.5861139342,0.5712606669,0.3917830134,0.385777442
0,1086,0.6257757393,0.5841583153500001,0.418179761,0.3951002599
0,1086,0.60291794065,0.5789099949500001,0.4031868677,0.3917963537
0,1086,0.59966864945,0.5797484203000001,0.4011564081,0.392139296
0,1086,0.56634049235,0.59166148135,0.3786088485,0.3989516391
0,1086,0.584506577,0.59554468565,0.3906311744,0.4028244179
0,1086,0.58173371985,0.59728916455,0.3891340307,0.4052475111
0,1086,0.59340091345,0.5829997191,0.3965844007,0.3944075164
0,1086,0.6051007543,0.60174364215,0.404826795,0.4080896797
0,1086,0.5759292973000001,0.6094154672000001,0.385625105,0.4145771878
0,1086,0.58212888305,0.57172123835,0.3892491837,0.3861948713
0,1086,0.60878565115,0.5760103491499999,0.4070715073,0.3890906761
0,1086,0.6111843380499999,0.5749836485,0.4087223941,0.3893163322
0,1086,0.61996452485,0.57910101375,0.4144494821,0.3917536917
0,1086,0.61646740765,0.5884880305,0.4121521329,0.3984361282
0,1086,0.6251057370499999,0.59861696855,0.4183055649,0.4064397157
0,1086,0.62289398075,0.5999656234999999,0.4165947861,0.407257976
0,1086,0.5022807554,0.61198684855,0.3367363162,0.4165843605
0,1086,0.50414682105,0.6166094365,0.3379097657,0.4204486344
0,1086,0.62480828405,0.58659176535,0.4179008313,0.3979660229
0,1086,0.4894490654,0.5886392338,0.3276367574,0.3969841792
0,1086,0.49286236465,0.60605408395,0.3301906539,0.4128814067
0,1086,0.60640108815,0.58432546545,0.4054371369,0.3950227549
0,1086,0.6335740382,0.5912541345,0.4236722208,0.3998404084
0,1086,1.0818503392999999,0.74337140545,0.7254035604,0.5164827673
0,1086,0.5214196206999999,0.70818936615,0.3519538042,0.4919536133
0,1086,0.570065523,0.76648503075,0.3842857178,0.5362115521
0,1086,0.90989298795,0.93862094125,0.6154816607,0.6497934939
0,1086,1.1471732093,0.9340501375500001,0.7756252532,0.6664260583
0,1086,0.44170401165000006,0.7826243070000001,0.2993740985,0.5462249186
0,1086,0.8471323500500001,0.9150666350500001,0.5776822937,0.6459521285
0,1086,0.30336671325,0.9118345409999999,0.2123460407,0.643387606
0,1086,1.0501378748999999,0.76116016565,0.7058426732,0.5200349637
0,1086,1.0104539962,0.76173521125,0.6800229256,0.5262625215
0,1086,0.6024229061999999,0.6262089402,0.4034437238,0.4267063712
0,1086,0.6056239595999999,0.62617039355,0.405467546,0.4266306495
0,1086,1.35311814635,0.9275790221,0.9101463709,0.6516338594
0,1086,1.32279600805,0.9177972102999999,0.8928261825,0.6477372118
0,1086,1.0984009628,0.7795984585,0.7377392898,0.54761699
0,1086,1.0769788723,0.7463426575000001,0.7207807684,0.5166246082
0,1086,1.2764024589,0.8578089883,0.8580774446,0.6066421614
0,1086,1.1074569149,0.7292830612500001,0.7425582742,0.5056781643
0,1086,1.11733066945,0.7260998023,0.7479727819,0.5025429858
0,1086,1.00170174865,0.71836892245,0.6712456717,0.4969535749
0,1086,0.9820436143,0.7087172915,0.657891934,0.4893654964
0,1086,0.8478143153,0.68356802935,0.5692579082,0.4709035405
0,1086,0.9658910097,0.6966490147,0.646406886,0.4774612832
0,1086,0.9984430415500001,0.72068590935,0.6686465475,0.4959221417
0,1086,1.0217230165,0.7156086484999999,0.6840133022,0.4936605058
0,1086,1.0437728145,0.71314405935,0.7001841214,0.4948974301
0,1086,1.2452125052,0.96567353315,0.8368226038,0.6791171183
0,1086,1.10630183425,0.8957023294,0.7444961175,0.635140118
0,1086,1.10279375755,0.7416251432000001,0.7417400085,0.5133713204
0,1086,1.04443918935,0.7334829384499999,0.7003755285,0.5110312193
0,1086,1.03308442165,0.72748741545,0.6932814229,0.5035373813
0,1086,1.0215805417000001,0.72307470825,0.6843850026,0.4995298947
0,1086,0.87745657215,0.7269950874,0.5882086079,0.503378256
0,1086,0.36361582670000003,0.9841131979,0.2548927688,0.701294374
0,1086,0.90486137185,0.72493537595,0.6078418903,0.5033313415
0,1086,1.01643824895,0.7168776722,0.6807987421,0.4982397458
0,1086,1.02227400675,0.71892695825,0.6844478273,0.4969919845
0,1086,1.0239633294,0.71555336625,0.6857160542,0.4936528239
0,1086,1.02951336575,0.71787035305,0.6908599677,0.4959196725
0,1086,0.93205616385,0.68845728915,0.6251438641,0.4757253093
0,1086,0.80335691145,0.76481572475,0.5395811517,0.5320128409
0,1086,0.28155405185,1.03715683825,0.2013605809,0.7451801517
0,1086,1.0164982952500001,0.7030201968500001,0.6820376405,0.4893410789
0,1086,1.05977391415,0.73542776425,0.7104328951,0.5100217343
0,1086,1.1175392107,0.7523355056500001,0.7503409826,0.5256802055
0,1086,1.1058022461,0.7572640667,0.7418888122,0.5251922672
0,1086,0.82308080345,0.9529930358500001,0.5547927739,0.6771264069
0,1086,0.8141764335999999,0.94276190095,0.5501506868,0.6712976223
0,1086,0.8177185468499999,0.9431511404499999,0.5516183477,0.6685182807
0,1086,1.17607816265,0.7982286619000001,0.7891256335,0.5593797738
0,1086,1.07984943975,0.7396365579499999,0.7235927559,0.5123245233
0,1086,1.4496210138,0.94770952945,0.9769653812,0.6711715567
0,1086,1.24990584005,0.88105094255,0.8417621439,0.6208637043
0,1086,1.22732064225,0.79580378545,0.8245844303,0.5550540367
0,1086,1.38262850215,0.8701987392,0.9292284315,0.6142012956
0,1086,1.47416767205,0.8610721529,0.9929696453,0.60981232
0,1086,0.7012963290500001,0.6074359465,0.4687559023,0.4120342502
0,1086,1.13590596415,0.7314486733000001,0.7623792591,0.5087811062
0,1086,1.1234720613,0.7264507694,0.7536270116,0.505812049
0,1086,1.05810529035,0.7504595725000001,0.7089144079,0.519303922
0,1086,1.1916177239999999,0.74876081225,0.7989354056,0.5134382627
0,1086,1.1999961873,0.75268427795,0.8070036812,0.5182645583
0,1086,1.23439143945,0.74169194835,0.8268387129,0.5104821001
0,1086,1.2440294081499998,0.7411274654,0.8329146559,0.5087945496
0,1086,1.25523892245,0.7415463351,0.8414004769,0.508142822
0,1086,1.29503587025,0.7373177878499999,0.8679051225,0.5096425773
0,1086,1.3675069493,0.722895075,0.9158069294,0.502702111
0,1086,1.3486177623,0.7162592101,0.9031936596,0.4976629168
0,1086,1.3331014321499999,0.7327312775,0.8927523981,0.5074771024
0,1086,0.4232613128,0.9336191277500001,0.291399983,0.6690628731
0,1086,0.43630933930000004,0.9424490689,0.300044178,0.6707811512
0,1086,1.0815654667999999,0.72289260585,0.724522933,0.5010288269
0,1086,0.73838019515,0.94963720825,0.5050732163,0.6766236535
0,1086,0.5484747935000001,0.6852780082500001,0.3688558296,0.4727377331
0,1086,0.46911637500000003,0.74729288205,0.3196390246,0.5204200193
0,1086,0.85711307655,0.7106873579499999,0.5754272393,0.4904718283
0,1086,0.74808446185,0.6486538966,0.5007139179,0.445269838
0,1086,0.86536504125,0.7179771452,0.5798768387,0.4895364188
0,1086,0.68470067005,0.6944943082499999,0.4609112587,0.4788905295
0,1086,1.43088016735,0.9135002804000001,0.9616937127,0.6433793754
0,1086,1.4129665395,0.9112338433,0.9497917366,0.6422978726
0,1086,1.22567546665,0.7546160719499999,0.8212483885,0.5222008501
0,1086,1.24201739455,0.75601342475,0.8336233255,0.5257980405
0,1086,1.38108427845,0.7491057436499999,0.9249316491,0.5206478701
0,1086,1.3348535796999998,0.7405166165,0.8938758348,0.5133510182
0,1086,1.3771442234,0.74863385505,0.9223186324,0.5206849079
0,1086,1.3400109225999999,0.7123473358,0.8976573614,0.496154245
0,1086,1.1645267395999999,0.7220764717,0.779519463,0.4968486346
0,1086,1.0575300509,0.75023855065,0.709570791,0.5219365101
0,1086,1.1471465049,0.72000187655,0.7673326916,0.4959933365
0,1086,1.14636003755,0.71632505495,0.7668140399,0.4878160831
0,1086,1.11385909905,0.73265644755,0.7464807321,0.5079902813
0,1086,1.12968662015,0.7236327439,0.7566126549,0.5048356236
0,1086,0.59523548945,0.6763813305,0.3994555083,0.4657402012
0,1086,1.2091714873,1.3538769001,0.8306796684,0.974317051
0,1086,1.31153482165,1.3994008249,0.8879158939,0.9877938604
0,1086,1.3036160829,1.4081036031,0.889005757,1.0233660308
0,1086,0.8184150992000001,0.77971595045,0.5506747412,0.5449509565
0,1086,0.6266026492000001,0.7980962175999999,0.4220310586,0.5561867066
0,1086,0.6375167172,0.79636634795,0.4305804762,0.5593624895
0,1086,0.9057822101,0.9553785424,0.6128374632,0.6832678176
0,1086,0.42889520550000004,0.7101957157500001,0.289457586,0.4885823533
0,1086,0.9740286703500001,0.67334155845,0.6514283915,0.4598203311
0,1086,0.91508567945,0.6564043926500001,0.6127031695,0.4498567599
0,1086,0.9964017766,0.68238906225,0.666705617,0.4691475387
0,1086,1.2451032179,0.7475511861499999,0.8368432882,0.5168010177
0,1086,0.6172232216,0.6135997018,0.4136258138,0.4169869748
