1,656,0.5478644516,0.4355393303,0.003513093500000064,0.01663105549999999,-1,-1,-1,-1
2,656,0.5478644516,0.4355393303,0.003513093500000064,0.01663105549999999,-1,-1,-1,-1
3,656,0.5478644516,0.4355393303,0.003513093500000064,0.01663105549999999,-1,-1,-1,-1
4,656,0.5478644516,0.4355393303,0.003513093500000064,0.01663105549999999,-1,-1,-1,-1
5,656,0.5478644516,0.4355393303,0.003513093500000064,0.01663105549999999,-1,-1,-1,-1
6,656,0.5478644516,0.4355393303,0.003513093500000064,0.01663105549999999,-1,-1,-1,-1
7,656,0.5478644516,0.4355393303,0.003513093500000064,0.01663105549999999,-1,-1,-1,-1
8,656,0.5478644516,0.4355393303,0.003513093500000064,0.01663105549999999,-1,-1,-1,-1
9,656,0.5478644516,0.4355393303,0.003513093500000064,0.01663105549999999,-1,-1,-1,-1
10,656,0.5478644516,0.4355393303,0.003513093500000064,0.01663105549999999,-1,-1,-1,-1
11,656,0.5478644516,0.4355393303,0.003513093500000064,0.01663105549999999,-1,-1,-1,-1
12,656,0.5478644516,0.4355393303,0.003513093500000064,0.01663105549999999,-1,-1,-1,-1
13,656,0.5478644516,0.4355393303,0.003513093500000064,0.01663105549999999,-1,-1,-1,-1
14,656,0.5478644516,0.4355393303,0.003513093500000064,0.01663105549999999,-1,-1,-1,-1
15,656,0.5478644516,0.4355393303,0.003513093500000064,0.01663105549999999,-1,-1,-1,-1
16,656,0.5478644516,0.4355393303,0.003513093500000064,0.01663105549999999,-1,-1,-1,-1
17,656,0.5478644516,0.4355393303,0.003513093500000064,0.01663105549999999,-1,-1,-1,-1
18,656,0.5478644516,0.4355393303,0.003513093500000064,0.01663105549999999,-1,-1,-1,-1
19,656,0.5478644516,0.4355393303,0.003513093500000064,0.01663105549999999,-1,-1,-1,-1
20,656,0.5478644516,0.4355393303,0.003513093500000064,0.01663105549999999,-1,-1,-1,-1
21,656,0.5478644516,0.4355393303,0.003513093500000064,0.01663105549999999,-1,-1,-1,-1
22,656,0.5478644516,0.4355393303,0.003513093500000064,0.01663105549999999,-1,-1,-1,-1
23,656,0.5478644516,0.4355393303,0.003513093500000064,0.01663105549999999,-1,-1,-1,-1
24,656,0.5478644516,0.4355393303,0.003513093500000064,0.01663105549999999,-1,-1,-1,-1
25,656,0.5478644516,0.4355393303,0.003513093500000064,0.01663105549999999,-1,-1,-1,-1
26,656,0.5478644516,0.4355393303,0.003513093500000064,0.01663105549999999,-1,-1,-1,-1
27,656,0.5478644516,0.4355393303,0.003513093500000064,0.01663105549999999,-1,-1,-1,-1
28,656,0.5478644516,0.4355393303,0.003513093500000064,0.01663105549999999,-1,-1,-1,-1
29,656,0.5478644516,0.4355393303,0.003513093500000064,0.01663105549999999,-1,-1,-1,-1
30,656,0.5478644516,0.4355393303,0.003513093500000064,0.01663105549999999,-1,-1,-1,-1
31,656,0.5478644516,0.4355393303,0.003513093500000064,0.01663105549999999,-1,-1,-1,-1
32,656,0.5478644516,0.4355393303,0.003513093500000064,0.01663105549999999,-1,-1,-1,-1
33,656,0.5478644516,0.4355393303,0.003513093500000064,0.01663105549999999,-1,-1,-1,-1
34,656,0.5478644516,0.4355393303,0.003513093500000064,0.01663105549999999,-1,-1,-1,-1
35,656,0.5478644516,0.4355393303,0.003513093500000064,0.01663105549999999,-1,-1,-1,-1
36,656,0.5478644516,0.4355393303,0.003513093500000064,0.01663105549999999,-1,-1,-1,-1
37,656,0.5478644516,0.4355393303,0.003513093500000064,0.01663105549999999,-1,-1,-1,-1
38,656,0.5478644516,0.4355393303,0.003513093500000064,0.01663105549999999,-1,-1,-1,-1
39,656,0.5478644516,0.4355393303,0.003513093500000064,0.01663105549999999,-1,-1,-1,-1
40,656,0.5478644516,0.4355393303,0.003513093500000064,0.01663105549999999,-1,-1,-1,-1
41,656,0.5478644516,0.4355393303,0.003513093500000064,0.01663105549999999,-1,-1,-1,-1
42,656,0.5478644516,0.4355393303,0.003513093500000064,0.01663105549999999,-1,-1,-1,-1
43,656,0.5478644516,0.4355393303,0.003513093500000064,0.01663105549999999,-1,-1,-1,-1
44,656,0.5478644516,0.4355393303,0.003513093500000064,0.01663105549999999,-1,-1,-1,-1
45,656,0.5478644516,0.4355393303,0.003513093500000064,0.01663105549999999,-1,-1,-1,-1
46,656,0.5478644516,0.4355393303,0.003513093500000064,0.01663105549999999,-1,-1,-1,-1
47,656,0.5478644516,0.4355393303,0.003513093500000064,0.01663105549999999,-1,-1,-1,-1
48,656,0.5478644516,0.4355393303,0.003513093500000064,0.01663105549999999,-1,-1,-1,-1
49,656,0.5478644516,0.4355393303,0.003513093500000064,0.01663105549999999,-1,-1,-1,-1
50,656,0.5478644516,0.4355393303,0.003513093500000064,0.01663105549999999,-1,-1,-1,-1
51,656,0.5478644516,0.4355393303,0.003513093500000064,0.01663105549999999,-1,-1,-1,-1
52,656,0.5478644516,0.4355393303,0.003513093500000064,0.01663105549999999,-1,-1,-1,-1
53,656,0.5478644516,0.4355393303,0.003513093500000064,0.01663105549999999,-1,-1,-1,-1
54,656,0.5478644516,0.4355393303,0.003513093500000064,0.01663105549999999,-1,-1,-1,-1
55,656,0.5478644516,0.4355393303,0.003513093500000064,0.01663105549999999,-1,-1,-1,-1
56,656,0.5478644516,0.4355393303,0.003513093500000064,0.01663105549999999,-1,-1,-1,-1
57,656,0.5478644516,0.4355393303,0.003513093500000064,0.01663105549999999,-1,-1,-1,-1
58,656,0.5478644516,0.4355393303,0.003513093500000064,0.01663105549999999,-1,-1,-1,-1
59,656,0.5478644516,0.4355393303,0.003513093500000064,0.01663105549999999,-1,-1,-1,-1
60,656,0.5478644516,0.4355393303,0.003513093500000064,0.01663105549999999,-1,-1,-1,-1
61,656,0.5478644516,0.4355393303,0.003513093500000064,0.01663105549999999,-1,-1,-1,-1
62,656,0.5478644516,0.4355393303,0.003513093500000064,0.01663105549999999,-1,-1,-1,-1
63,656,0.5478644516,0.4355393303,0.003513093500000064,0.01663105549999999,-1,-1,-1,-1
64,656,0.5478644516,0.4355393303,0.003513093500000064,0.01663105549999999,-1,-1,-1,-1
65,656,0.5478644516,0.4355393303,0.003513093500000064,0.01663105549999999,-1,-1,-1,-1
66,656,0.5478644516,0.4355393303,0.003513093500000064,0.01663105549999999,-1,-1,-1,-1
67,656,0.5478644516,0.4355393303,0.003513093500000064,0.01663105549999999,-1,-1,-1,-1
68,656,0.5478644516,0.4355393303,0.003513093500000064,0.01663105549999999,-1,-1,-1,-1
69,656,0.5478644516,0.4355393303,0.003513093500000064,0.01663105549999999,-1,-1,-1,-1
70,656,0.5478644516,0.4355393303,0.003513093500000064,0.01663105549999999,-1,-1,-1,-1
71,656,0.5478644516,0.4355393303,0.003513093500000064,0.01663105549999999,-1,-1,-1,-1
72,656,0.5478644516,0.4355393303,0.003513093500000064,0.01663105549999999,-1,-1,-1,-1
73,656,0.5478644516,0.4355393303,0.003513093500000064,0.01663105549999999,-1,-1,-1,-1
74,656,0.5478644516,0.4355393303,0.003513093500000064,0.01663105549999999,-1,-1,-1,-1
75,656,0.5478644516,0.4355393303,0.003513093500000064,0.01663105549999999,-1,-1,-1,-1
76,656,0.5478644516,0.4355393303,0.003513093500000064,0.01663105549999999,-1,-1,-1,-1
77,656,0.5478644516,0.4355393303,0.003513093500000064,0.01663105549999999,-1,-1,-1,-1
78,656,0.5478644516,0.4355393303,0.003513093500000064,0.01663105549999999,-1,-1,-1,-1
79,656,0.5478644516,0.4355393303,0.003513093500000064,0.01663105549999999,-1,-1,-1,-1
80,656,0.5478644516,0.4355393303,0.003513093500000064,0.01663105549999999,-1,-1,-1,-1
81,656,0.5478644516,0.4355393303,0.003513093500000064,0.01663105549999999,-1,-1,-1,-1
82,656,0.5478644516,0.4355393303,0.003513093500000064,0.01663105549999999,-1,-1,-1,-1
83,656,0.5478644516,0.4355393303,0.003513093500000064,0.01663105549999999,-1,-1,-1,-1
84,656,0.5478644516,0.4355393303,0.003513093500000064,0.01663105549999999,-1,-1,-1,-1
85,656,0.5478644516,0.4355393303,0.003513093500000064,0.01663105549999999,-1,-1,-1,-1
86,656,0.5478644516,0.4355393303,0.003513093500000064,0.01663105549999999,-1,-1,-1,-1
87,656,0.5478644516,0.4355393303,0.003513093500000064,0.01663105549999999,-1,-1,-1,-1
88,656,0.5478644516,0.4355393303,0.003513093500000064,0.01663105549999999,-1,-1,-1,-1
89,656,0.5478644516,0.4355393303,0.003513093500000064,0.01663105549999999,-1,-1,-1,-1
90,656,0.5478644516,0.4355393303,0.003513093500000064,0.01663105549999999,-1,-1,-1,-1
91,656,0.5478644516,0.4355393303,0.003513093500000064,0.01663105549999999,-1,-1,-1,-1
92,656,0.5478644516,0.4355393303,0.003513093500000064,0.01663105549999999,-1,-1,-1,-1
93,656,0.5478644516,0.4355393303,0.003513093500000064,0.01663105549999999,-1,-1,-1,-1
94,656,0.5478644516,0.4355393303,0.003513093500000064,0.01663105549999999,-1,-1,-1,-1
95,656,0.5478644516,0.4355393303,0.003513093500000064,0.01663105549999999,-1,-1,-1,-1
96,656,0.5478644516,0.4355393303,0.003513093500000064,0.01663105549999999,-1,-1,-1,-1
97,656,0.5478644516,0.4355393303,0.003513093500000064,0.01663105549999999,-1,-1,-1,-1
98,656,0.5478644516,0.4355393303,0.003513093500000064,0.01663105549999999,-1,-1,-1,-1
99,656,0.5478644516,0.4355393303,0.003513093500000064,0.01663105549999999,-1,-1,-1,-1
100,656,0.5478644516,0.4355393303,0.003513093500000064,0.01663105549999999,-1,-1,-1,-1
101,656,0.5478644516,0.4355393303,0.003513093500000064,0.01663105549999999,-1,-1,-1,-1
102,656,0.5478644516,0.4355393303,0.003513093500000064,0.01663105549999999,-1,-1,-1,-1
103,656,0.5478644516,0.4355393303,0.003513093500000064,0.01663105549999999,-1,-1,-1,-1
104,656,0.5478644516,0.4355393303,0.003513093500000064,0.01663105549999999,-1,-1,-1,-1
105,656,0.5478644516,0.4355393303,0.003513093500000064,0.01663105549999999,-1,-1,-1,-1
106,656,0.5478644516,0.4355393303,0.003513093500000064,0.01663105549999999,-1,-1,-1,-1
107,656,0.5478644516,0.4355393303,0.003513093500000064,0.01663105549999999,-1,-1,-1,-1
108,656,0.5478644516,0.4355393303,0.003513093500000064,0.01663105549999999,-1,-1,-1,-1
109,656,0.5478644516,0.4355393303,0.003513093500000064,0.01663105549999999,-1,-1,-1,-1
110,656,0.5478644516,0.4355393303,0.003513093500000064,0.01663105549999999,-1,-1,-1,-1
111,656,0.5478644516,0.4355393303,0.003513093500000064,0.01663105549999999,-1,-1,-1,-1
112,656,0.5478644516,0.4355393303,0.003513093500000064,0.01663105549999999,-1,-1,-1,-1
113,656,0.5478644516,0.4355393303,0.003513093500000064,0.01663105549999999,-1,-1,-1,-1
114,656,0.5478644516,0.4355393303,0.003513093500000064,0.01663105549999999,-1,-1,-1,-1
115,656,0.5478644516,0.4355393303,0.003513093500000064,0.01663105549999999,-1,-1,-1,-1
116,656,0.5478644516,0.4355393303,0.003513093500000064,0.01663105549999999,-1,-1,-1,-1
117,656,0.5478644516,0.4355393303,0.003513093500000064,0.01663105549999999,-1,-1,-1,-1
118,656,0.5478644516,0.4355393303,0.003513093500000064,0.01663105549999999,-1,-1,-1,-1
119,656,0.5478644516,0.4355393303,0.003513093500000064,0.01663105549999999,-1,-1,-1,-1
120,656,0.5478644516,0.4355393303,0.003513093500000064,0.01663105549999999,-1,-1,-1,-1
121,656,0.5478644516,0.4355393303,0.003513093500000064,0.01663105549999999,-1,-1,-1,-1
122,656,0.5478644516,0.4355393303,0.003513093500000064,0.01663105549999999,-1,-1,-1,-1
123,656,0.5478644516,0.4355393303,0.003513093500000064,0.01663105549999999,-1,-1,-1,-1
124,656,0.5478644516,0.4355393303,0.003513093500000064,0.01663105549999999,-1,-1,-1,-1
125,656,0.5478644516,0.4355393303,0.003513093500000064,0.01663105549999999,-1,-1,-1,-1
126,656,0.5478644516,0.4355393303,0.003513093500000064,0.01663105549999999,-1,-1,-1,-1
127,656,0.5478644516,0.4355393303,0.003513093500000064,0.01663105549999999,-1,-1,-1,-1
128,656,0.5478644516,0.4355393303,0.003513093500000064,0.01663105549999999,-1,-1,-1,-1
129,656,0.5478644516,0.4355393303,0.003513093500000064,0.01663105549999999,-1,-1,-1,-1
130,656,0.5478644516,0.4355393303,0.003513093500000064,0.01663105549999999,-1,-1,-1,-1
131,656,0.5478644516,0.4355393303,0.003513093500000064,0.01663105549999999,-1,-1,-1,-1
132,656,0.5478644516,0.4355393303,0.003513093500000064,0.01663105549999999,-1,-1,-1,-1
133,656,0.5478644516,0.4355393303,0.003513093500000064,0.01663105549999999,-1,-1,-1,-1
134,656,0.5478644516,0.4355393303,0.003513093500000064,0.01663105549999999,-1,-1,-1,-1
135,656,0.5478644516,0.4355393303,0.003513093500000064,0.01663105549999999,-1,-1,-1,-1
136,656,0.5478644516,0.4355393303,0.003513093500000064,0.01663105549999999,-1,-1,-1,-1
137,656,0.5478644516,0.4355393303,0.003513093500000064,0.01663105549999999,-1,-1,-1,-1
138,656,0.5478644516,0.4355393303,0.003513093500000064,0.01663105549999999,-1,-1,-1,-1
139,656,0.5478644516,0.4355393303,0.003513093500000064,0.01663105549999999,-1,-1,-1,-1
140,656,0.5478644516,0.4355393303,0.003513093500000064,0.01663105549999999,-1,-1,-1,-1
141,656,0.5478644516,0.4355393303,0.003513093500000064,0.01663105549999999,-1,-1,-1,-1
142,656,0.5478644516,0.4355393303,0.003513093500000064,0.01663105549999999,-1,-1,-1,-1
143,656,0.5478644516,0.4355393303,0.003513093500000064,0.01663105549999999,-1,-1,-1,-1
144,656,0.5478644516,0.4355393303,0.003513093500000064,0.01663105549999999,-1,-1,-1,-1
145,656,0.5478644516,0.4355393303,0.003513093500000064,0.01663105549999999,-1,-1,-1,-1
146,656,0.5478644516,0.4355393303,0.003513093500000064,0.01663105549999999,-1,-1,-1,-1
147,656,0.5478644516,0.4355393303,0.003513093500000064,0.01663105549999999,-1,-1,-1,-1
148,656,0.5478644516,0.4355393303,0.003513093500000064,0.01663105549999999,-1,-1,-1,-1
149,656,0.5478644516,0.4355393303,0.003513093500000064,0.01663105549999999,-1,-1,-1,-1
150,656,0.5478644516,0.4355393303,0.003513093500000064,0.01663105549999999,-1,-1,-1,-1
151,656,0.5478644516,0.4355393303,0.003513093500000064,0.01663105549999999,-1,-1,-1,-1
152,656,0.5478644516,0.4355393303,0.003513093500000064,0.01663105549999999,-1,-1,-1,-1
153,656,0.5478644516,0.4355393303,0.003513093500000064,0.01663105549999999,-1,-1,-1,-1
154,656,0.5478644516,0.4355393303,0.003513093500000064,0.01663105549999999,-1,-1,-1,-1
155,656,0.5478644516,0.4355393303,0.003513093500000064,0.01663105549999999,-1,-1,-1,-1
156,656,0.5478644516,0.4355393303,0.003513093500000064,0.01663105549999999,-1,-1,-1,-1
157,656,0.5478644516,0.4355393303,0.003513093500000064,0.01663105549999999,-1,-1,-1,-1
158,656,0.5478644516,0.4355393303,0.003513093500000064,0.01663105549999999,-1,-1,-1,-1
159,656,0.5478644516,0.4355393303,0.003513093500000064,0.01663105549999999,-1,-1,-1,-1
160,656,0.5478644516,0.4355393303,0.003513093500000064,0.01663105549999999,-1,-1,-1,-1
161,656,0.5478644516,0.4355393303,0.003513093500000064,0.01663105549999999,-1,-1,-1,-1
162,656,0.5478644516,0.4355393303,0.003513093500000064,0.01663105549999999,-1,-1,-1,-1
163,656,0.5478644516,0.4355393303,0.003513093500000064,0.01663105549999999,-1,-1,-1,-1
164,656,0.5478644516,0.4355393303,0.003513093500000064,0.01663105549999999,-1,-1,-1,-1
165,656,0.5478644516,0.4355393303,0.003513093500000064,0.01663105549999999,-1,-1,-1,-1
166,656,0.5478644516,0.4355393303,0.003513093500000064,0.01663105549999999,-1,-1,-1,-1
167,656,0.5478644516,0.4355393303,0.003513093500000064,0.01663105549999999,-1,-1,-1,-1
168,656,0.5478644516,0.4355393303,0.003513093500000064,0.01663105549999999,-1,-1,-1,-1
169,656,0.5478644516,0.4355393303,0.003513093500000064,0.01663105549999999,-1,-1,-1,-1
170,656,0.5478644516,0.4355393303,0.003513093500000064,0.01663105549999999,-1,-1,-1,-1
171,656,0.5478644516,0.4355393303,0.003513093500000064,0.01663105549999999,-1,-1,-1,-1
172,656,0.5478644516,0.4355393303,0.003513093500000064,0.01663105549999999,-1,-1,-1,-1
173,656,0.5478644516,0.4355393303,0.003513093500000064,0.01663105549999999,-1,-1,-1,-1
174,656,0.5478644516,0.4355393303,0.003513093500000064,0.01663105549999999,-1,-1,-1,-1
175,656,0.5478644516,0.4355393303,0.003513093500000064,0.01663105549999999,-1,-1,-1,-1
176,656,0.5478644516,0.4355393303,0.003513093500000064,0.01663105549999999,-1,-1,-1,-1
177,656,0.5478644516,0.4355393303,0.003513093500000064,0.01663105549999999,-1,-1,-1,-1
178,656,0.5478644516,0.4355393303,0.003513093500000064,0.01663105549999999,-1,-1,-1,-1
179,656,0.5478644516,0.4355393303,0.003513093500000064,0.01663105549999999,-1,-1,-1,-1
180,656,0.5478644516,0.4355393303,0.003513093500000064,0.01663105549999999,-1,-1,-1,-1
181,656,0.5478644516,0.4355393303,0.003513093500000064,0.01663105549999999,-1,-1,-1,-1
182,656,0.5478644516,0.4355393303,0.003513093500000064,0.01663105549999999,-1,-1,-1,-1
183,656,0.5478644516,0.4355393303,0.003513093500000064,0.01663105549999999,-1,-1,-1,-1
184,656,0.5478644516,0.4355393303,0.003513093500000064,0.01663105549999999,-1,-1,-1,-1
185,656,0.5478644516,0.4355393303,0.003513093500000064,0.01663105549999999,-1,-1,-1,-1
186,656,0.5478644516,0.4355393303,0.003513093500000064,0.01663105549999999,-1,-1,-1,-1
187,656,0.5478644516,0.4355393303,0.003513093500000064,0.01663105549999999,-1,-1,-1,-1
188,656,0.5478644516,0.4355393303,0.003513093500000064,0.01663105549999999,-1,-1,-1,-1
189,656,0.5478644516,0.4355393303,0.003513093500000064,0.01663105549999999,-1,-1,-1,-1
190,656,0.5478644516,0.4355393303,0.003513093500000064,0.01663105549999999,-1,-1,-1,-1
191,656,0.5478644516,0.4355393303,0.003513093500000064,0.01663105549999999,-1,-1,-1,-1
192,656,0.5478644516,0.4355393303,0.003513093500000064,0.01663105549999999,-1,-1,-1,-1
193,656,0.5478644516,0.4355393303,0.003513093500000064,0.01663105549999999,-1,-1,-1,-1
194,656,0.5478644516,0.4355393303,0.003513093500000064,0.01663105549999999,-1,-1,-1,-1
195,656,0.5478644516,0.4355393303,0.003513093500000064,0.01663105549999999,-1,-1,-1,-1
196,656,0.5478644516,0.4355393303,0.003513093500000064,0.01663105549999999,-1,-1,-1,-1
197,656,0.5477716809,0.4355393303,0.0036058642000000862,0.01663105549999999,-1,-1,-1,-1
198,656,0.5477105541,0.4355393303,0.0036669910000000083,0.01663105549999999,-1,-1,-1,-1
199,656,0.5475884548,0.4355393303,0.0037890903000000753,0.01663105549999999,-1,-1,-1,-1
200,656,0.5477105541,0.4355393303,0.0036669910000000083,0.01663105549999999,-1,-1,-1,-1
201,656,0.5475884548,0.4355393303,0.0037890903000000753,0.01663105549999999,-1,-1,-1,-1
202,656,0.5475274824,0.4355393303,0.00385006269999999,0.01663105549999999,-1,-1,-1,-1
203,656,0.5476190182,0.4355393303,0.0037585269000000032,0.01663105549999999,-1,-1,-1,-1
204,656,0.5477105541,0.4355393303,0.0036669910000000083,0.01663105549999999,-1,-1,-1,-1
205,656,0.5477411175,0.4355393303,0.0036364276000000473,0.01663105549999999,-1,-1,-1,-1
206,656,0.5477716809,0.4355393303,0.0036058642000000862,0.01663105549999999,-1,-1,-1,-1
207,656,0.5477411175,0.4355393303,0.0036364276000000473,0.01663105549999999,-1,-1,-1,-1
208,656,0.5478020899,0.4355393303,0.0035754552000000217,0.01663105549999999,-1,-1,-1,-1
209,656,0.5478020899,0.4355393303,0.0035754552000000217,0.01663105549999999,-1,-1,-1,-1
210,656,0.5478020899,0.4355393303,0.0035754552000000217,0.01663105549999999,-1,-1,-1,-1
211,656,0.5478020899,0.4355393303,0.0035754552000000217,0.01663105549999999,-1,-1,-1,-1
212,656,0.5478020899,0.4355393303,0.0035754552000000217,0.01663105549999999,-1,-1,-1,-1
213,656,0.5478020899,0.4355393303,0.0035754552000000217,0.01663105549999999,-1,-1,-1,-1
214,656,0.5475884548,0.4355393303,0.0037890903000000753,0.01663105549999999,-1,-1,-1,-1
215,656,0.5475884548,0.4355393303,0.0037890903000000753,0.01663105549999999,-1,-1,-1,-1
216,656,0.5475884548,0.4355393303,0.0037890903000000753,0.01663105549999999,-1,-1,-1,-1
217,656,0.5475884548,0.4355393303,0.0037890903000000753,0.01663105549999999,-1,-1,-1,-1
218,656,0.5475884548,0.4355393303,0.0037890903000000753,0.01663105549999999,-1,-1,-1,-1
219,656,0.5475884548,0.4355393303,0.0037890903000000753,0.01663105549999999,-1,-1,-1,-1
220,656,0.5475884548,0.4355393303,0.0037890903000000753,0.01663105549999999,-1,-1,-1,-1
221,656,0.5475884548,0.4355393303,0.0037890903000000753,0.01663105549999999,-1,-1,-1,-1
222,656,0.5475884548,0.4355393303,0.0037890903000000753,0.01663105549999999,-1,-1,-1,-1
223,656,0.5475884548,0.4355393303,0.0037890903000000753,0.01663105549999999,-1,-1,-1,-1
224,656,0.5475884548,0.4355393303,0.0037890903000000753,0.01663105549999999,-1,-1,-1,-1
225,656,0.5475884548,0.4355393303,0.0037890903000000753,0.01663105549999999,-1,-1,-1,-1
226,656,0.5475884548,0.4355393303,0.0037890903000000753,0.01663105549999999,-1,-1,-1,-1
227,656,0.5475884548,0.4355393303,0.0037890903000000753,0.01663105549999999,-1,-1,-1,-1
228,656,0.5475884548,0.4355393303,0.0037890903000000753,0.01663105549999999,-1,-1,-1,-1
229,656,0.5475884548,0.4355393303,0.0037890903000000753,0.01663105549999999,-1,-1,-1,-1
230,656,0.5475884548,0.4355393303,0.0037890903000000753,0.01663105549999999,-1,-1,-1,-1
231,656,0.5475884548,0.4355393303,0.0037890903000000753,0.01663105549999999,-1,-1,-1,-1
232,656,0.5475884548,0.4355393303,0.0037890903000000753,0.01663105549999999,-1,-1,-1,-1
233,656,0.5475884548,0.4355393303,0.0037890903000000753,0.01663105549999999,-1,-1,-1,-1
234,656,0.5475884548,0.4355393303,0.0037890903000000753,0.01663105549999999,-1,-1,-1,-1
