205,806,0.5403835182,0.4034956246,0.002023976599999977,0.011898863300000007,-1,-1,-1,-1
206,806,0.5369519272,0.4034548831,0.002088344900000094,0.012313960600000007,-1,-1,-1,-1
207,806,0.5322162975,0.4041055132,0.003369538099999958,0.011907231100000026,-1,-1,-1,-1
208,806,0.5291050047,0.4042274635,0.003369538099999958,0.011541380200000007,-1,-1,-1,-1
209,806,0.5255361871,0.404268205,0.003781372199999966,0.011663193399999994,-1,-1,-1,-1
210,806,0.521418463,0.4038210083,0.0035066103999999987,0.012354427800000012,-1,-1,-1,-1
211,806,0.5184902419,0.403251724,0.0029347042999999795,0.012517119700000023,-1,-1,-1,-1
212,806,0.5147841977,0.4034550202,0.002500024700000103,0.012395169399999961,-1,-1,-1,-1
213,806,0.5112840705,0.4032923284,0.002500024699999992,0.012395169400000017,-1,-1,-1,-1
214,806,0.5075550265,0.4035363662,0.002500024700000103,0.012395169300000008,-1,-1,-1,-1
215,806,0.5028195512,0.4036177121,0.00407836210000001,0.01223247749999995,-1,-1,-1,-1
216,806,0.4994109599,0.4035363662,0.0035978374000000257,0.012313823399999979,-1,-1,-1,-1
217,806,0.4962309766,0.4033736743,0.002408334499999998,0.01227321910000001,-1,-1,-1,-1
218,806,0.4926393136,0.40333307,0.0024083343999999896,0.01227321910000001,-1,-1,-1,-1
219,806,0.4886358164,0.4034142787,0.002408334400000045,0.01227321910000001,-1,-1,-1,-1
220,806,0.485149318,0.4035498447,0.0025066128999999826,0.012312405999999998,-1,-1,-1,-1
221,806,0.4816628197,0.4036854108,0.0026048912999999674,0.012351592800000033,-1,-1,-1,-1
222,806,0.4781763213,0.4038209768,0.002703169800000016,0.012390779799999974,-1,-1,-1,-1
223,806,0.4746898229,0.4039565428,0.002801448300000009,0.012429966700000017,-1,-1,-1,-1
224,806,0.4712033245,0.4040921089,0.002899726800000002,0.012469153499999996,-1,-1,-1,-1
225,806,0.4677168262,0.4042276749,0.002998005199999987,0.012508340399999984,-1,-1,-1,-1
226,806,0.4642303278,0.404363241,0.00309628369999998,0.01254752720000002,-1,-1,-1,-1
227,806,0.4607438294,0.404498807,0.003194562199999973,0.012586714100000007,-1,-1,-1,-1
228,806,0.457257331,0.404634373,0.0032928407000000215,0.012625901100000003,-1,-1,-1,-1
229,806,0.4537708327,0.4047699391,0.0033911191000000063,0.012665087900000038,-1,-1,-1,-1
230,806,0.4502843343,0.4049055051,0.0034893975999999993,0.01270427479999997,-1,-1,-1,-1
231,806,0.4464733418,0.4049930343,0.003587676100000048,0.012743461600000006,-1,-1,-1,-1
232,806,0.4428524444,0.4051245973,0.0036859545999999854,0.012782648399999985,-1,-1,-1,-1
233,806,0.439624383,0.405635676,0.00378423299999997,0.012821835399999981,-1,-1,-1,-1
234,806,0.4360703119,0.4061248946,0.004115408599999981,0.012905467599999998,-1,-1,-1,-1
