5,1332,0.3618733267,0.378663584,0.0011533825999999747,0.006219738799999985,-1,-1,-1,-1
6,1332,0.3606506362,0.3786869041,0.0011009000000000158,0.006239903800000002,-1,-1,-1,-1
7,1332,0.3593228261,0.3787804588,0.0011009000000000158,0.0062399036999999935,-1,-1,-1,-1
8,1332,0.3589677967,0.3787804588,0.0011009000000000158,0.0062399036999999935,-1,-1,-1,-1
9,1332,0.3578207429,0.3786694483,0.0010951886000000188,0.006245733799999986,-1,-1,-1,-1
10,1332,0.356673689,0.3785584379,0.0010894772999999747,0.006251563800000026,-1,-1,-1,-1
11,1332,0.3555266352,0.3784474275,0.001083765999999986,0.006257393800000011,-1,-1,-1,-1
12,1332,0.3543795814,0.3783364171,0.0010780546000000446,0.006263223799999995,-1,-1,-1,-1
13,1332,0.3535119203,0.3784766119,0.0010780546999999974,0.006006291500000038,-1,-1,-1,-1
14,1332,0.352618018,0.3784065145,0.0010780546000000446,0.006006291499999983,-1,-1,-1,-1
15,1332,0.3520001124,0.3784299717,0.001078054599999989,0.006006291500000038,-1,-1,-1,-1
16,1332,0.3513559655,0.3781963594,0.0010780546000000446,0.006006291499999983,-1,-1,-1,-1
17,1332,0.3508300588,0.3782198167,0.0011569328999999628,0.006052657299999986,-1,-1,-1,-1
18,1332,0.3503567892,0.3783132342,0.0011569327999999546,0.006052657299999986,-1,-1,-1,-1
19,1332,0.3495548857,0.3781964966,0.0011569329000000184,0.006052657299999986,-1,-1,-1,-1
20,1332,0.3488318605,0.3781964966,0.0011569329000000184,0.006052657299999986,-1,-1,-1,-1
21,1332,0.348069319,0.378266594,0.0011569329000000184,0.006052657299999986,-1,-1,-1,-1
22,1332,0.347109659,0.3782199539,0.0011569328999999628,0.006052657199999978,-1,-1,-1,-1
