1,950,0.2602893706,0.4274685261,0.004585591100000008,0.020458703199999984,-1,-1,-1,-1
2,950,0.261095519,0.426752051,0.004131539299999987,0.0203256416,-1,-1,-1,-1
3,950,0.261959321,0.4264449119,0.00384357959999998,0.019967609800000008,-1,-1,-1,-1
4,950,0.2623047801,0.4260866058,0.00384357959999998,0.019967609800000008,-1,-1,-1,-1
5,950,0.2628230459,0.4254214349,0.0037860030999999905,0.019199967799999995,-1,-1,-1,-1
6,950,0.2629670644,0.425063266,0.0037860030999999905,0.019199967699999987,-1,-1,-1,-1
7,950,0.2633413889,0.4245004291,0.003786003100000046,0.019199967699999987,-1,-1,-1,-1
8,950,0.2633701772,0.4240910931,0.0037860029999999822,0.019199967799999995,-1,-1,-1,-1
9,950,0.2636580597,0.423579286,0.0035844080999999917,0.01807415680000002,-1,-1,-1,-1
10,950,0.263686848,0.4232722841,0.003584408100000047,0.01807415680000002,-1,-1,-1,-1
11,950,0.2638308664,0.4229141151,0.003440389700000046,0.016999375600000033,-1,-1,-1,-1
12,950,0.2636581369,0.4226582802,0.0034403895999999823,0.016999375599999977,-1,-1,-1,-1
13,950,0.2630822946,0.4219931093,0.0038435024000000317,0.017715713500000008,-1,-1,-1,-1
14,950,0.2621897043,0.4216861074,0.004016309100000004,0.018688023399999976,-1,-1,-1,-1
15,950,0.2607213488,0.4212254673,0.004131462200000047,0.01863685650000002,-1,-1,-1,-1
16,950,0.2602857361,0.4210249708,0.0038380296000000147,0.018570406699999986,-1,-1,-1,-1
17,950,0.2595680845,0.4206178205,0.004037415399999966,0.018253811499999995,-1,-1,-1,-1
18,950,0.2600275638,0.4201448252,0.003948092900000033,0.017871508699999983,-1,-1,-1,-1
19,950,0.2603838816,0.4196752955,0.003962009099999997,0.017748845700000015,-1,-1,-1,-1
20,950,0.2611576333,0.4192752688,0.0039285708999999835,0.018017319700000034,-1,-1,-1,-1
21,950,0.2616548207,0.4187436894,0.003838586899999996,0.017298805799999983,-1,-1,-1,-1
22,950,0.2620710026,0.4184175924,0.0036815765000000056,0.017230107600000044,-1,-1,-1,-1
23,950,0.2614432796,0.4180214072,0.004058077499999979,0.017850714300000015,-1,-1,-1,-1
24,950,0.2611408219,0.417625222,0.003916285399999997,0.01734454969999999,-1,-1,-1,-1
25,950,0.2603966317,0.4173981759,0.003899014600000028,0.016500106899999978,-1,-1,-1,-1
26,950,0.2601045509,0.4168751364,0.004000691599999995,0.016233555999999982,-1,-1,-1,-1
27,950,0.2595961126,0.4165880037,0.004636014299999991,0.01719751959999999,-1,-1,-1,-1
28,950,0.2597825286,0.4161203051,0.0032121662999999856,0.017270423100000043,-1,-1,-1,-1
29,950,0.2594506703,0.4156024911,0.003385341900000005,0.016998646699999953,-1,-1,-1,-1
30,950,0.2592576787,0.4153806706,0.0030389203000000253,0.01699494829999998,-1,-1,-1,-1
31,950,0.2585207422,0.4150783077,0.0031106838000000137,0.016717680000000013,-1,-1,-1,-1
32,950,0.2580271039,0.4145316327,0.0031824470999999854,0.016440411600000038,-1,-1,-1,-1
33,950,0.2577301518,0.414120269,0.0032542106000000293,0.016163143200000007,-1,-1,-1,-1
34,950,0.2579329809,0.4136523885,0.0033259740000000093,0.015885874799999977,-1,-1,-1,-1
35,950,0.2575223551,0.413203484,0.003600254199999986,0.01544997640000001,-1,-1,-1,-1
36,950,0.2578415077,0.4128391492,0.0033445437999999883,0.015363136300000024,-1,-1,-1,-1
37,950,0.2575895261,0.4124184346,0.0035412642999999577,0.015054069700000006,-1,-1,-1,-1
38,950,0.2573714463,0.4118593579,0.0035205709000000196,0.01502580320000002,-1,-1,-1,-1
39,950,0.2572881812,0.4113002813,0.0034998774999999704,0.01499753669999998,-1,-1,-1,-1
40,950,0.2569510701,0.4114178984,0.00334655880000001,0.01526172330000003,-1,-1,-1,-1
41,950,0.2564734853,0.4109796256,0.0035068553000000002,0.015699996100000002,-1,-1,-1,-1
42,950,0.2560910697,0.4104719624,0.003381578800000007,0.015700104599999987,-1,-1,-1,-1
43,950,0.25570594,0.4100112823,0.0031955741999999954,0.015032916100000016,-1,-1,-1,-1
44,950,0.255291987,0.4094788463,0.003292238900000022,0.015057797500000025,-1,-1,-1,-1
45,950,0.2549542572,0.4089916511,0.0032491611000000087,0.0146990226,-1,-1,-1,-1
46,950,0.2545671149,0.4084856475,0.003319015099999989,0.015543304500000021,-1,-1,-1,-1
47,950,0.2546876839,0.4080147269,0.0033571287999999977,0.015675946800000007,-1,-1,-1,-1
48,950,0.2550076428,0.4076808656,0.003417900400000007,0.01567139270000001,-1,-1,-1,-1
49,950,0.2555920986,0.4069991693,0.003277694500000039,0.01573277489999997,-1,-1,-1,-1
50,950,0.255713241,0.4062385415,0.003473840400000039,0.015816571800000012,-1,-1,-1,-1
51,950,0.2561754625,0.4050690236,0.0030750610999999983,0.015181527299999997,-1,-1,-1,-1
52,950,0.2565108511,0.404407106,0.0031522012999999904,0.014997474799999966,-1,-1,-1,-1
53,950,0.2563384703,0.4037733782,0.002848611100000009,0.01371374360000005,-1,-1,-1,-1
54,950,0.2560392051,0.4029141316,0.0031478763000000187,0.014685749699999973,-1,-1,-1,-1
55,950,0.255543656,0.4024877248,0.0031991754999999844,0.0138715284,-1,-1,-1,-1
56,950,0.2547532146,0.4008206898,0.003259877000000022,0.014748972999999999,-1,-1,-1,-1
57,950,0.2543870527,0.3997387488,0.0029279429999999884,0.014984944,-1,-1,-1,-1
58,950,0.2535978757,0.3989875779,0.0031142646000000274,0.01477738540000001,-1,-1,-1,-1
59,950,0.2532121809,0.3983250135,0.003182671100000034,0.014030045400000024,-1,-1,-1,-1
60,950,0.2527946938,0.3980876131,0.003187629399999947,0.014436722099999966,-1,-1,-1,-1
61,950,0.2530197263,0.3976245567,0.0029308757999999546,0.01422294759999998,-1,-1,-1,-1
62,950,0.2528207722,0.3974076705,0.0033406094000000275,0.01397974240000005,-1,-1,-1,-1
63,950,0.2526367912,0.3971907843,0.003470178200000007,0.01405163260000003,-1,-1,-1,-1
64,950,0.2525948734,0.3969254746,0.0030226185000000183,0.01402681309999998,-1,-1,-1,-1
65,950,0.2525495017,0.3966179316,0.0030679901999999815,0.01409265030000001,-1,-1,-1,-1
66,950,0.2523448851,0.396420914,0.0031093703999999778,0.013999675900000008,-1,-1,-1,-1
67,950,0.2525617372,0.3962721827,0.0029949880999999845,0.013667327800000018,-1,-1,-1,-1
68,950,0.2523815738,0.3959205119,0.003099926400000008,0.013823384300000019,-1,-1,-1,-1
69,950,0.2525889714,0.3957017998,0.003055688000000001,0.013703680900000015,-1,-1,-1,-1
70,950,0.2529141461,0.3954991831,0.002844817299999969,0.013137649600000023,-1,-1,-1,-1
71,950,0.2536064676,0.3951757135,0.00274531779999998,0.012537827099999954,-1,-1,-1,-1
72,950,0.2539724707,0.3952388085,0.0024230759000000157,0.01200558700000004,-1,-1,-1,-1
73,950,0.254320168,0.3948161664,0.0030651389999999945,0.012172394099999984,-1,-1,-1,-1
74,950,0.2548395722,0.3947048045,0.0027904735000000014,0.012767030299999982,-1,-1,-1,-1
75,950,0.2549183643,0.3943065324,0.0031196566000000203,0.013358721899999981,-1,-1,-1,-1
76,950,0.255018574,0.3942225621,0.0028290429999999755,0.013249272699999981,-1,-1,-1,-1
77,950,0.2553823187,0.3938038906,0.0028188613999999834,0.013377952200000043,-1,-1,-1,-1
78,950,0.2551704463,0.3936591501,0.0030035662999999824,0.013329410399999964,-1,-1,-1,-1
79,950,0.2554357938,0.393527591,0.0028469658000000453,0.013219263799999992,-1,-1,-1,-1
80,950,0.2550728395,0.3932653982,0.0029923488000000442,0.013143041099999975,-1,-1,-1,-1
81,950,0.2553142585,0.3929871558,0.0028053419999999885,0.013227864099999986,-1,-1,-1,-1
82,950,0.254841721,0.3926546428,0.0032778794999999694,0.013125389099999996,-1,-1,-1,-1
83,950,0.2552705835,0.392674263,0.002903429100000021,0.012815776899999964,-1,-1,-1,-1
84,950,0.2550013757,0.3923796336,0.0030638126000000487,0.012771990800000022,-1,-1,-1,-1
85,950,0.2551238117,0.3926650981,0.0028869645000000332,0.012486526300000023,-1,-1,-1,-1
86,950,0.2549878866,0.3929505625,0.002886975100000022,0.012829469400000015,-1,-1,-1,-1
87,950,0.2548973435,0.3931876035,0.0028415265000000245,0.012495718600000039,-1,-1,-1,-1
88,950,0.255065123,0.3934972796,0.0025377552999999997,0.012282752299999977,-1,-1,-1,-1
89,950,0.2548793394,0.3938069558,0.0027374312999999817,0.012079525399999957,-1,-1,-1,-1
90,950,0.2549934647,0.3940460552,0.002722129299999987,0.012033924899999993,-1,-1,-1,-1
91,950,0.2546437406,0.3944167225,0.003067884700000023,0.011895007100000021,-1,-1,-1,-1
92,950,0.2550235884,0.3945229369,0.0028240285999999726,0.011595510400000009,-1,-1,-1,-1
93,950,0.2552707826,0.3950552142,0.0027399935999999903,0.0116432172,-1,-1,-1,-1
94,950,0.255224285,0.3953555345,0.0026233319999999782,0.011681312300000024,-1,-1,-1,-1
95,950,0.2549524154,0.3955798,0.0026232181999999993,0.011312050800000029,-1,-1,-1,-1
96,950,0.2547119464,0.3957780335,0.0024285446000000266,0.011162103599999973,-1,-1,-1,-1
97,950,0.2532997451,0.3957063601,0.003052040300000003,0.011137067300000025,-1,-1,-1,-1
98,950,0.2529111864,0.395529185,0.0025159016999999895,0.011120960100000021,-1,-1,-1,-1
99,950,0.2521526637,0.3954004335,0.002508980900000013,0.011130175600000014,-1,-1,-1,-1
100,950,0.2511977258,0.3952178781,0.002502060000000028,0.011139391200000015,-1,-1,-1,-1
101,950,0.2505386007,0.395083609,0.002277554600000009,0.011034838300000016,-1,-1,-1,-1
102,950,0.2501203554,0.3948941556,0.0023017171999999975,0.011060306500000006,-1,-1,-1,-1
103,950,0.2493938905,0.3947047021,0.002823885799999981,0.011123615999999947,-1,-1,-1,-1
104,950,0.2494779115,0.394563535,0.0027398647999999637,0.01102307739999997,-1,-1,-1,-1
105,950,0.2486439498,0.3942654374,0.0030026921999999623,0.011176179000000008,-1,-1,-1,-1
106,950,0.2485806079,0.3940961033,0.0025764794000000257,0.011103807399999999,-1,-1,-1,-1
107,950,0.2474700835,0.3939267691,0.0028982981000000296,0.011079859299999995,-1,-1,-1,-1
108,950,0.2472571661,0.393612439,0.0024466930999999803,0.011213115900000015,-1,-1,-1,-1
109,950,0.2461287127,0.3935513952,0.002446693100000008,0.011213115900000015,-1,-1,-1,-1
110,950,0.2453945735,0.3934140811,0.002184434400000018,0.010926141800000011,-1,-1,-1,-1
111,950,0.2444092125,0.3931737472,0.0021844343999999905,0.010926141700000003,-1,-1,-1,-1
112,950,0.2435011861,0.3930707273,0.002126472000000018,0.010376748200000008,-1,-1,-1,-1
113,950,0.242786342,0.3928989818,0.0021843573000000227,0.0102394341,-1,-1,-1,-1
114,950,0.2425351973,0.3927959619,0.0021650621000000037,0.0102394341,-1,-1,-1,-1
115,950,0.2422840526,0.3924526081,0.0022036522999999975,0.010548356500000022,-1,-1,-1,-1
116,950,0.2420146933,0.3922122741,0.0021639043999999996,0.010582650800000037,-1,-1,-1,-1
117,950,0.2414156969,0.3921779799,0.0021639043999999996,0.010582650800000037,-1,-1,-1,-1
118,950,0.2408746629,0.3919376459,0.0021639043999999996,0.010582650799999982,-1,-1,-1,-1
