172,151,0.2325719135,0.3918357235,0.0027715450999999947,0.01389862850000001,-1,-1,-1,-1
173,151,0.2342877091,0.3928912999,0.0038932837,0.01383991670000001,-1,-1,-1,-1
174,151,0.2372902548,0.3941814489,0.003794338500000022,0.013898628400000002,-1,-1,-1,-1
175,151,0.2402928005,0.3950024527,0.004091251200000007,0.013664055899999972,-1,-1,-1,-1
176,151,0.2439882711,0.395119739,0.0029693581000000135,0.013664055899999972,-1,-1,-1,-1
177,151,0.2462319028,0.3950611644,0.0035962937999999833,0.01360534419999998,-1,-1,-1,-1
178,151,0.248640546,0.3951784507,0.003860250500000023,0.01360534419999998,-1,-1,-1,-1
179,151,0.2512902233,0.3951260491,0.0039236155999999855,0.013566934700000033,-1,-1,-1,-1
180,151,0.2539718533,0.3951750213,0.004153381299999981,0.013517962500000036,-1,-1,-1,-1
181,151,0.2568649573,0.3947969617,0.00359830050000004,0.013873113499999978,-1,-1,-1,-1
182,151,0.2592060677,0.3947969617,0.003598300599999993,0.013873113499999978,-1,-1,-1,-1
183,151,0.2620442194,0.3946872202,0.002928143900000013,0.013847735799999983,-1,-1,-1,-1
184,151,0.2640336191,0.3947308424,0.002928143900000013,0.013847735799999983,-1,-1,-1,-1
185,151,0.2649360885,0.394984071,0.002928143900000013,0.013847735799999983,-1,-1,-1,-1
186,151,0.265290269,0.3951777648,0.0029281438999999576,0.013847735799999983,-1,-1,-1,-1
