1,606,0.6244142014,0.45523629,0.00471648899999999,0.022773426500000027,-1,-1,-1,-1
2,606,0.6230504253,0.4545947135,0.00471648899999999,0.02277342649999997,-1,-1,-1,-1
3,606,0.62076419,0.4537392783,0.004739797399999968,0.022872742599999996,-1,-1,-1,-1
4,606,0.6177962983,0.452955175,0.004498994799999934,0.022872742599999996,-1,-1,-1,-1
5,606,0.6163923884,0.4524561253,0.004860044299999977,0.022445025000000007,-1,-1,-1,-1
6,606,0.6131437147,0.4513156364,0.004539128500000045,0.022445025000000007,-1,-1,-1,-1
7,606,0.6116998254,0.450602728,0.004860044299999977,0.022302498100000012,-1,-1,-1,-1
8,606,0.6086917998,0.4500323463,0.004538974300000054,0.021946112500000003,-1,-1,-1,-1
9,606,0.6074084456,0.4493907699,0.004177924700000002,0.02130453600000004,-1,-1,-1,-1
10,606,0.6044805332,0.4480364221,0.004579108000000054,0.022088502200000026,-1,-1,-1,-1
11,606,0.6033172716,0.4472523188,0.003696782599999948,0.021874643400000005,-1,-1,-1,-1
12,606,0.6009509232,0.4466107424,0.003777050199999965,0.02173211650000001,-1,-1,-1,-1
13,606,0.5983840603,0.4458978339,0.003817029599999966,0.02201730740000002,-1,-1,-1,-1
14,606,0.5968600579,0.4456126431,0.003897142700000078,0.021589589700000023,-1,-1,-1,-1
15,606,0.5950952528,0.4450422615,0.0032955994000000155,0.021233204000000006,-1,-1,-1,-1
16,606,0.5934909828,0.444329353,0.004538819899999935,0.021304536099999993,-1,-1,-1,-1
17,606,0.5915256634,0.4439016354,0.0036564944999999405,0.020876818399999997,-1,-1,-1,-1
18,606,0.590482803,0.4432600589,0.004498840400000037,0.020591764800000023,-1,-1,-1,-1
19,606,0.5885174835,0.4426184825,0.003576381300000042,0.02023524189999998,-1,-1,-1,-1
20,606,0.5869531929,0.4417630472,0.004458861099999933,0.020164047100000027,-1,-1,-1,-1
21,606,0.584225795,0.4413353295,0.003937430899999983,0.01973632950000004,-1,-1,-1,-1
22,606,0.5829021526,0.4404798943,0.0034964226000000487,0.019664997500000003,-1,-1,-1,-1
23,606,0.580014374,0.4397669858,0.004338614200000035,0.019736329499999983,-1,-1,-1,-1
24,606,0.5788914005,0.4392679362,0.003616669500000058,0.01873836740000001,-1,-1,-1,-1
25,606,0.5762442701,0.4381986421,0.003937430899999983,0.019950188300000005,-1,-1,-1,-1
26,606,0.5748348032,0.4375876561,0.0033500886999999757,0.019796275799999985,-1,-1,-1,-1
27,606,0.5730128848,0.437037851,0.0032123990000000324,0.01881847870000003,-1,-1,-1,-1
28,606,0.5710532766,0.4364879087,0.003006173199999962,0.0176575504,-1,-1,-1,-1
29,606,0.5693687391,0.4356935171,0.003178131000000084,0.0175353258,-1,-1,-1,-1
30,606,0.5675122439,0.4348380819,0.002971905100000005,0.019551689300000008,-1,-1,-1,-1
31,606,0.5658619744,0.4345936326,0.003728272200000049,0.019001884199999985,-1,-1,-1,-1
32,606,0.5644180851,0.4341659149,0.0030407499999999255,0.01863521039999999,-1,-1,-1,-1
33,606,0.5632491121,0.4337381973,0.0035564688000000455,0.018329717299999992,-1,-1,-1,-1
34,606,0.5616676875,0.432882762,0.0026627208000000735,0.018879659600000043,-1,-1,-1,-1
35,606,0.5597769242,0.4329438058,0.0026627207999999625,0.018879659599999987,-1,-1,-1,-1
36,606,0.5568547232,0.4312941161,0.0036253136000000685,0.01894070339999998,-1,-1,-1,-1
37,606,0.5557201726,0.4309274422,0.0031784396000000825,0.019001884299999994,-1,-1,-1,-1
38,606,0.5539323678,0.4306219492,0.0030410587000000433,0.018696391199999995,-1,-1,-1,-1
39,606,0.5527979716,0.429705333,0.0030410587000000433,0.018696391300000004,-1,-1,-1,-1
40,606,0.5503226446,0.4289719852,0.0030410586999999323,0.018696391199999995,-1,-1,-1,-1
41,606,0.5498516903,0.4288565508,0.0029199627999999533,0.01752613489999999,-1,-1,-1,-1
42,606,0.5482767488,0.4287411164,0.0027988668999999744,0.016355878699999993,-1,-1,-1,-1
43,606,0.5468154168,0.4278175042,0.0031884731000000333,0.015374789300000025,-1,-1,-1,-1
44,606,0.5459386484,0.4274135182,0.0031884731000000333,0.015374789299999969,-1,-1,-1,-1
45,606,0.5443474991,0.427009395,0.0031884731000000333,0.015374789299999969,-1,-1,-1,-1
46,606,0.5443474991,0.427009395,0.0031884731000000333,0.015374789299999969,-1,-1,-1,-1
47,606,0.541132476,0.4260283056,0.0031884730999999222,0.015374789300000025,-1,-1,-1,-1
48,606,0.5393139534,0.4255088166,0.0031884731000000333,0.015374789299999969,-1,-1,-1,-1
49,606,0.5371056703,0.4249893276,0.0031884731000000333,0.015374789299999969,-1,-1,-1,-1
50,606,0.5351247604,0.4245852044,0.0031884731000000333,0.015374789299999969,-1,-1,-1,-1
51,606,0.5331762662,0.4241812184,0.0031884730999999222,0.015374789299999969,-1,-1,-1,-1
52,606,0.5316175326,0.4238348467,0.0031884731000000333,0.015374789300000025,-1,-1,-1,-1
53,606,0.5299288274,0.4230268746,0.0031884730999999222,0.015374789300000025,-1,-1,-1,-1
54,606,0.5280321984,0.4227087613,0.0031884730999999222,0.015374789299999969,-1,-1,-1,-1
55,606,0.5261712267,0.4225815983,0.0031884730999999222,0.015374789299999969,-1,-1,-1,-1
56,606,0.5245249706,0.422136322,0.0031884730999999222,0.015374789299999969,-1,-1,-1,-1
57,606,0.5221629443,0.4218182088,0.0031884731000000333,0.015374789300000025,-1,-1,-1,-1
58,606,0.5203019726,0.4215000955,0.0031884731000000333,0.015374789299999969,-1,-1,-1,-1
59,606,0.5182620969,0.4212457695,0.0031884730999999222,0.015374789300000025,-1,-1,-1,-1
60,606,0.5162938446,0.4206733302,0.0031884730999999222,0.015374789300000025,-1,-1,-1,-1
61,606,0.513788726,0.4205461672,0.004091328399999927,0.015580554600000018,-1,-1,-1,-1
62,606,0.5119175665,0.4202734595,0.003613427900000077,0.015561349900000021,-1,-1,-1,-1
63,606,0.5108747061,0.4198372368,0.0026624121000000667,0.015397835099999979,-1,-1,-1,-1
64,606,0.5091393839,0.4192364019,0.003078877099999988,0.015212508999999985,-1,-1,-1,-1
65,606,0.5069758654,0.418755734,0.0029436571000001077,0.015653121300000017,-1,-1,-1,-1
66,606,0.506096936,0.4183551774,0.002628143999999999,0.015492898600000027,-1,-1,-1,-1
67,606,0.5043390772,0.4179145651,0.0026957539999999947,0.015372594500000003,-1,-1,-1,-1
68,606,0.503054488,0.4174739529,0.002267557700000089,0.01541265009999998,-1,-1,-1,-1
69,606,0.5010485717,0.4171935632,0.002402777500000064,0.01517231619999998,-1,-1,-1,-1
70,606,0.4995836894,0.4168731179,0.0026506807000000743,0.0146115369,-1,-1,-1,-1
71,606,0.4980737337,0.4164325057,0.002763363999999935,0.013890534999999982,-1,-1,-1,-1
72,606,0.4963384116,0.4161921717,0.00269575400000005,0.01517231619999998,-1,-1,-1,-1
73,606,0.4949636758,0.4159117821,0.0025605341000000115,0.014891926499999986,-1,-1,-1,-1
74,606,0.4937692333,0.4155112255,0.002357704199999977,0.014972037799999949,-1,-1,-1,-1
75,606,0.4928677673,0.4151907802,0.002312630900000001,0.014931982200000027,-1,-1,-1,-1
76,606,0.4915831781,0.4150305575,0.0022900942999999896,0.014651592599999985,-1,-1,-1,-1
77,606,0.4907042487,0.4147902236,0.0024478508999999926,0.014491369899999995,-1,-1,-1,-1
78,606,0.4892168297,0.4142695,0.0024478508999999926,0.0146115369,-1,-1,-1,-1
79,606,0.4881350705,0.414029166,0.0027633639000000376,0.014491369899999995,-1,-1,-1,-1
80,606,0.4865348139,0.4136286094,0.002448005100000039,0.014411258599999976,-1,-1,-1,-1
81,606,0.4854981279,0.4133882754,0.002470387500000004,0.014571481300000022,-1,-1,-1,-1
82,606,0.4844389053,0.4131479415,0.0019520445000000275,0.014130868899999982,-1,-1,-1,-1
83,606,0.483357146,0.4129476632,0.001952044499999972,0.014130868900000038,-1,-1,-1,-1
84,606,0.4812837741,0.4147813071,0.0016590679999999858,0.011255777899999986,-1,-1,-1,-1
85,606,0.4799766483,0.4147813071,0.0016590680000000413,0.011255777899999986,-1,-1,-1,-1
86,606,0.4798188917,0.4143406948,0.001659068099999994,0.011255777899999986,-1,-1,-1,-1
87,606,0.4782863994,0.4132992476,0.0013210182999999764,0.0103344977,-1,-1,-1,-1
88,606,0.4782863994,0.4132992476,0.0013210182999999764,0.0103344977,-1,-1,-1,-1
89,606,0.4775239735,0.4130985491,0.001330731200000046,0.010296246399999986,-1,-1,-1,-1
90,606,0.4767615476,0.4128978505,0.0013404439999999962,0.01025799519999998,-1,-1,-1,-1
91,606,0.4759991218,0.412697152,0.001350156800000002,0.010219743899999967,-1,-1,-1,-1
92,606,0.4752366959,0.4124964535,0.001359869700000016,0.010181492599999953,-1,-1,-1,-1
93,606,0.47447427,0.4122957549,0.0013695825000000217,0.010143241400000003,-1,-1,-1,-1
94,606,0.4737118441,0.4120950564,0.0013792953999999802,0.010104990099999989,-1,-1,-1,-1
95,606,0.4729494183,0.4118943578,0.0013890082000000414,0.010066738999999991,-1,-1,-1,-1
96,606,0.4721869924,0.4116936593,0.0013987209999999917,0.010028487699999977,-1,-1,-1,-1
97,606,0.4714245665,0.4114929608,0.0014084339000000057,0.009990236400000019,-1,-1,-1,-1
98,606,0.4706621406,0.4112922622,0.0014181468000000197,0.009951985200000013,-1,-1,-1,-1
99,606,0.4698997148,0.4110915637,0.0014278596000000254,0.009913733899999999,-1,-1,-1,-1
100,606,0.4691372889,0.4108908652,0.0014375723999999757,0.009875482599999985,-1,-1,-1,-1
101,606,0.468374863,0.4106901666,0.0014472853000000452,0.00983723139999998,-1,-1,-1,-1
102,606,0.4676124371,0.4104894681,0.0014569982000000037,0.009798980100000021,-1,-1,-1,-1
103,606,0.4668500113,0.4102887695,0.0014667109000000011,0.009760728900000015,-1,-1,-1,-1
104,606,0.4660875854,0.410088071,0.0014764238000000152,0.009722477600000001,-1,-1,-1,-1
105,606,0.4653251595,0.4098873725,0.0014861367000000292,0.009684226299999987,-1,-1,-1,-1
106,606,0.4645627336,0.4096866739,0.0014958494999999794,0.009645975099999982,-1,-1,-1,-1
107,606,0.4638003077,0.4094859754,0.0015055623999999934,0.009607723900000031,-1,-1,-1,-1
108,606,0.4630378819,0.4092852769,0.0015152751999999992,0.009569472600000017,-1,-1,-1,-1
109,606,0.462275456,0.4090845783,0.001524988000000005,0.009531221400000012,-1,-1,-1,-1
110,606,0.4615130301,0.4088838798,0.001534700900000019,0.009492970099999998,-1,-1,-1,-1
111,606,0.4607506042,0.4086831813,0.0015444137999999774,0.00945471880000004,-1,-1,-1,-1
112,606,0.4599881784,0.4084824827,0.0015541264999999749,0.009416467600000034,-1,-1,-1,-1
113,606,0.4592257525,0.4082817842,0.0015638394000000444,0.00937821630000002,-1,-1,-1,-1
114,606,0.4584633266,0.4080810856,0.001573552300000003,0.009339965100000014,-1,-1,-1,-1
115,606,0.4577009007,0.4078803871,0.0015832650999999531,0.0093017138,-1,-1,-1,-1
116,606,0.4569384749,0.4076796886,0.0015929779000000144,0.009263462500000041,-1,-1,-1,-1
117,606,0.456176049,0.40747899,0.0016026908000000284,0.009225211300000036,-1,-1,-1,-1
118,606,0.4554136231,0.4072782915,0.001612403699999987,0.009186960000000022,-1,-1,-1,-1
119,606,0.4546511972,0.407077593,0.0016221164999999926,0.009148708700000008,-1,-1,-1,-1
120,606,0.4538887714,0.4068768944,0.0016318292999999984,0.009110457599999955,-1,-1,-1,-1
121,606,0.4531263455,0.4066761959,0.0016415421999999569,0.009072206299999996,-1,-1,-1,-1
122,606,0.4523639196,0.4064754973,0.0016512550000000181,0.00903395509999999,-1,-1,-1,-1
123,606,0.4516014937,0.4062747988,0.0016609678999999766,0.008995703799999977,-1,-1,-1,-1
124,606,0.4508390679,0.4060741003,0.0016706806999999824,0.008957452499999963,-1,-1,-1,-1
125,606,0.450076642,0.4058734018,0.0016803935999999964,0.008919201200000004,-1,-1,-1,-1
126,606,0.4493142161,0.4056727032,0.0016901064000000021,0.008880949999999999,-1,-1,-1,-1
127,606,0.4483578808,0.4055868868,0.0016998192000000079,0.008842698600000032,-1,-1,-1,-1
128,606,0.4480429851,0.4048313163,0.0016998192000000079,0.008842698699999985,-1,-1,-1,-1
129,606,0.4476987609,0.4041856245,0.0016998192000000079,0.008842698699999985,-1,-1,-1,-1
130,606,0.4473616373,0.4039609287,0.0017680466000000172,0.007974505999999992,-1,-1,-1,-1
131,606,0.4462026977,0.4027625511,0.0021473107000000158,0.009659724500000022,-1,-1,-1,-1
132,606,0.4456337245,0.4023504717,0.001789193999999994,0.009959456000000033,-1,-1,-1,-1
133,606,0.4450227651,0.4020881894,0.0019997419000000183,0.009472752299999998,-1,-1,-1,-1
134,606,0.4447699224,0.401788595,0.0019997418999999628,0.009472752299999998,-1,-1,-1,-1
135,606,0.4443485179,0.4017511457,0.0016836112999999986,0.009248056500000046,-1,-1,-1,-1
136,606,0.4440323873,0.401414102,0.001852173200000029,0.00951020159999999,-1,-1,-1,-1
137,606,0.4436109828,0.4010021597,0.0016626183000000294,0.008948324899999971,-1,-1,-1,-1
138,606,0.4433169258,0.4008645713,0.0018046301000000375,0.009453135899999965,-1,-1,-1,-1
139,606,0.4430072784,0.4006719749,0.0016189343000000411,0.009150386499999996,-1,-1,-1,-1
140,606,0.4428059922,0.4006444023,0.0016189341999999773,0.009150386499999996,-1,-1,-1,-1
141,606,0.4429299437,0.4006444023,0.0016189342999999856,0.009150386499999996,-1,-1,-1,-1
142,606,0.4431776925,0.4004518059,0.0016189342999999856,0.009150386499999996,-1,-1,-1,-1
143,606,0.4433141473,0.4000070783,0.0016669403999999832,0.008921849799999992,-1,-1,-1,-1
144,606,0.4434604812,0.3999030982,0.0018569583000000445,0.008921849800000048,-1,-1,-1,-1
145,606,0.4437528402,0.399643148,0.0018569583999999972,0.008921849699999984,-1,-1,-1,-1
146,606,0.4438990197,0.3993831977,0.0018569583999999972,0.008921849799999992,-1,-1,-1,-1
147,606,0.444206043,0.399149311,0.001784100100000019,0.008583983000000017,-1,-1,-1,-1
148,606,0.4445570591,0.3988634343,0.001784100100000019,0.008583983000000017,-1,-1,-1,-1
149,606,0.4448645455,0.398594156,0.001784100100000019,0.008583983000000017,-1,-1,-1,-1
150,606,0.4449120885,0.3984813966,0.0017841001999999717,0.008583983000000017,-1,-1,-1,-1
151,606,0.4449120885,0.3982842734,0.0017841001999999717,0.008583983000000017,-1,-1,-1,-1
152,606,0.4446902723,0.3978898897,0.0017841000999999634,0.008583983000000017,-1,-1,-1,-1
153,606,0.4448645455,0.3974673848,0.001784100100000019,0.008583983000000017,-1,-1,-1,-1
154,606,0.4445635422,0.3975518858,0.0017841002000000272,0.008583983000000017,-1,-1,-1,-1
155,606,0.444579287,0.3972702616,0.001784100100000019,0.008583983000000017,-1,-1,-1,-1
156,606,0.4441830433,0.3972138819,0.0017841000999999634,0.009344354599999993,-1,-1,-1,-1
157,606,0.4441196011,0.3970448799,0.001784100100000019,0.009231732400000026,-1,-1,-1,-1
158,606,0.4437710548,0.3968758779,0.0016596853999999994,0.009006350800000007,-1,-1,-1,-1
159,606,0.443168894,0.3964252517,0.0016596853999999994,0.009006350800000007,-1,-1,-1,-1
160,606,0.4424559023,0.396368872,0.0016752758000000423,0.0094007344,-1,-1,-1,-1
161,606,0.4416317709,0.396284371,0.0017070740999999834,0.009006350799999951,-1,-1,-1,-1
162,606,0.4408076395,0.3961717488,0.001707228499999991,0.009654100200000015,-1,-1,-1,-1
163,606,0.4401895795,0.3959746256,0.001754771600000038,0.009597857599999982,-1,-1,-1,-1
164,606,0.4395239765,0.3957211226,0.0016280414999999548,0.00951335670000003,-1,-1,-1,-1
165,606,0.4389377149,0.3954676197,0.0015011570999999835,0.009541477899999984,-1,-1,-1,-1
166,606,0.4382404679,0.3953549974,0.001501157100000039,0.009400597199999972,-1,-1,-1,-1
167,606,0.437543221,0.3951859954,0.0015962432000000137,0.009231595300000006,-1,-1,-1,-1
168,606,0.436877618,0.3945099876,0.0015645992999999692,0.008640225499999987,-1,-1,-1,-1
169,606,0.4362120149,0.3942002421,0.0015803441000000196,0.008640225499999987,-1,-1,-1,-1
170,606,0.4356098541,0.3938341169,0.001580344099999964,0.008640225500000043,-1,-1,-1,-1
171,606,0.4351185243,0.3935524927,0.0017231276000000406,0.008583708600000017,-1,-1,-1,-1
172,606,0.4345004643,0.3934679917,0.0017231276999999934,0.008583708599999962,-1,-1,-1,-1
173,606,0.4339140483,0.3933834907,0.00196084299999999,0.008752710599999991,-1,-1,-1,-1
174,606,0.4332643444,0.3931299878,0.001960843099999998,0.008752710599999991,-1,-1,-1,-1
175,606,0.4327731689,0.3931299878,0.001802314699999974,0.008414706599999988,-1,-1,-1,-1
176,606,0.4323295365,0.3929892442,0.0017229732999999858,0.008020323100000004,-1,-1,-1,-1
177,606,0.4318857497,0.392876622,0.001786415500000027,0.008020322999999996,-1,-1,-1,-1
178,606,0.4314896603,0.3926512403,0.0016754301999999943,0.008217446300000042,-1,-1,-1,-1
179,606,0.4312519449,0.3923977373,0.0016913293999999968,0.008020323100000004,-1,-1,-1,-1
180,606,0.4311568588,0.3922851151,0.0016121424000000162,0.007682319100000001,-1,-1,-1,-1
181,606,0.4307924134,0.3920598706,0.0014693587999999869,0.007794941299999969,-1,-1,-1,-1
182,606,0.4304279679,0.3918063676,0.0017229733000000413,0.008217446300000042,-1,-1,-1,-1
183,606,0.4301902526,0.3916937454,0.0017070740999999834,0.009794706499999972,-1,-1,-1,-1
184,606,0.4299253697,0.3915525903,0.0016840745000000212,0.010025986799999997,-1,-1,-1,-1
185,606,0.4294734018,0.3913310496,0.001684074400000013,0.010025986799999997,-1,-1,-1,-1
186,606,0.4292395455,0.3912202107,0.001684074400000013,0.010025986799999997,-1,-1,-1,-1
187,606,0.4290058435,0.3909155407,0.0015283245000000112,0.008696605299999993,-1,-1,-1,-1
188,606,0.4289123009,0.3908601212,0.0014505268000000182,0.007865724699999965,-1,-1,-1,-1
189,606,0.4285538756,0.3908325487,0.0014505267999999627,0.007865724600000013,-1,-1,-1,-1
190,606,0.4282734023,0.3907494195,0.0014505268000000182,0.007865724600000013,-1,-1,-1,-1
191,606,0.4277748175,0.3907771292,0.0014505267999999627,0.007865724699999965,-1,-1,-1,-1
192,606,0.4275099346,0.3907494195,0.0017620266000000218,0.008142684800000022,-1,-1,-1,-1
193,606,0.427213871,0.390583161,0.0014815532999999936,0.007838014899999968,-1,-1,-1,-1
194,606,0.4269488338,0.3903062008,0.0014815532999999936,0.007838014900000023,-1,-1,-1,-1
195,606,0.4264970202,0.3903062008,0.0015439149999999513,0.009361364599999977,-1,-1,-1,-1
196,606,0.4262944991,0.3902507814,0.0013724203000000101,0.009222953099999986,-1,-1,-1,-1
197,606,0.426107414,0.3901953619,0.0013724202999999546,0.009222953100000042,-1,-1,-1,-1
198,606,0.4259516641,0.3901399424,0.0012010800999999738,0.008696742400000013,-1,-1,-1,-1
199,606,0.4256711909,0.3899184017,0.0013256489999999843,0.00855819370000005,-1,-1,-1,-1
200,606,0.425281739,0.389779853,0.001310058599999997,0.008585903499999992,-1,-1,-1,-1
201,606,0.4246116595,0.3896414415,0.0016061223999999652,0.00905669459999997,-1,-1,-1,-1
202,606,0.4244091384,0.3895583123,0.0013566755000000152,0.009112114100000013,-1,-1,-1,-1
203,606,0.4237089586,0.3894753202,0.0016828394999999774,0.009001275200000047,-1,-1,-1,-1
204,606,0.4234128949,0.3893367715,0.0015738610000000097,0.008890573499999999,-1,-1,-1,-1
205,606,0.4233195067,0.38919836,0.0014957545000000017,0.008835153999999956,-1,-1,-1,-1
206,606,0.4231793473,0.38919836,0.0013554405999999797,0.008391935299999986,-1,-1,-1,-1
207,606,0.4228209219,0.3891706503,0.0014645736000000187,0.008530484000000005,-1,-1,-1,-1
208,606,0.4223535179,0.3891429405,0.0013554407000000435,0.00841964510000004,-1,-1,-1,-1
209,606,0.421667848,0.3888936901,0.0014489831999999758,0.008391935299999986,-1,-1,-1,-1
210,606,0.4208108378,0.38919836,0.0014644193000000194,0.0077548856999999916,-1,-1,-1,-1
211,606,0.4199226468,0.3889491096,0.0015423713999999644,0.007782595399999981,-1,-1,-1,-1
212,606,0.4192213865,0.3888382706,0.0012930788999999665,0.007367223700000036,-1,-1,-1,-1
213,606,0.4185045357,0.3885890201,0.0012930789999999748,0.007367223799999989,-1,-1,-1,-1
214,606,0.4177410681,0.3885336007,0.001293078900000022,0.007367223700000036,-1,-1,-1,-1
215,606,0.4171801216,0.3885336007,0.0012930788999999665,0.007367223700000036,-1,-1,-1,-1
216,606,0.4164476804,0.3883951892,0.0012930789999999748,0.007367223700000036,-1,-1,-1,-1
217,606,0.4159801221,0.3882567776,0.001371030999999967,0.007450215799999993,-1,-1,-1,-1
218,606,0.4155594894,0.3882567776,0.0012773341000000271,0.007394796300000006,-1,-1,-1,-1
219,606,0.4151854736,0.3882290679,0.0012773340999999716,0.007394796300000006,-1,-1,-1,-1
220,606,0.4147802769,0.3881460759,0.0012773341999999799,0.007394796199999998,-1,-1,-1,-1
221,606,0.4143284634,0.3880352369,0.002072136999999974,0.0073116670999999744,-1,-1,-1,-1
222,606,0.4141103518,0.387924398,0.0013552862999999804,0.007145545799999986,-1,-1,-1,-1
223,606,0.413736336,0.3877028572,0.0018850519999999982,0.007394796300000006,-1,-1,-1,-1
224,606,0.4134246819,0.3875921555,0.0012773342000000354,0.007200828100000001,-1,-1,-1,-1
225,606,0.4129103523,0.387425897,0.001807254199999997,0.0072286750999999705,-1,-1,-1,-1
226,606,0.4124895652,0.3873981873,0.0014645735999999632,0.007145545800000042,-1,-1,-1,-1
227,606,0.4121935015,0.3873150581,0.0017760734000000222,0.007311804199999994,-1,-1,-1,-1
228,606,0.4116793263,0.3871766466,0.0015735521999999946,0.007256247499999979,-1,-1,-1,-1
229,606,0.4115390125,0.3871213643,0.0016047330999999776,0.007837877699999996,-1,-1,-1,-1
230,606,0.4113986987,0.3868166943,0.0016047329999999693,0.007837877800000004,-1,-1,-1,-1
231,606,0.4113519274,0.3867612748,0.001604733100000033,0.007837877800000004,-1,-1,-1,-1
232,606,0.4113519274,0.3865951536,0.001604733100000033,0.007837877699999996,-1,-1,-1,-1
233,606,0.4110246829,0.3865674439,0.0016047330000000248,0.007837877700000051,-1,-1,-1,-1
234,606,0.4104481459,0.3864567421,0.0014645736999999714,0.007422368800000023,-1,-1,-1,-1
