69,1676,0.2572104164,0.3913749462,0.0021189855000000035,0.0110196964,-1,-1,-1,-1
70,1676,0.2565760714,0.3910267912,0.002806816400000023,0.011509966699999985,-1,-1,-1,-1
71,1676,0.2560763289,0.3911749423,0.002452867500000011,0.012101885099999987,-1,-1,-1,-1
72,1676,0.2557015413,0.3915080078,0.002744377500000006,0.012175960699999988,-1,-1,-1,-1
73,1676,0.2552434761,0.3917300973,0.0022863124000000457,0.012101885099999987,-1,-1,-1,-1
74,1676,0.2547021334,0.3918041728,0.0022863124000000457,0.012101885199999995,-1,-1,-1,-1
75,1676,0.2543898618,0.3920262622,0.0022863124999999984,0.012101885200000051,-1,-1,-1,-1
76,1676,0.2535986093,0.3919523239,0.00228631239999999,0.012101885099999987,-1,-1,-1,-1
77,1676,0.2533655247,0.3922853895,0.0021030092000000056,0.011583630699999958,-1,-1,-1,-1
78,1676,0.2531573694,0.3922113139,0.0021030092000000056,0.011583630699999958,-1,-1,-1,-1
79,1676,0.2529075368,0.3922113139,0.0021030090999999973,0.011583630699999958,-1,-1,-1,-1
80,1676,0.2526785428,0.3919152861,0.0021030090999999973,0.011583630800000022,-1,-1,-1,-1
81,1676,0.2526785428,0.3919152861,0.0021444549999999896,0.011805720200000036,-1,-1,-1,-1
82,1676,0.2526369426,0.3919892245,0.0021444549999999896,0.011805720099999972,-1,-1,-1,-1
83,1676,0.2526369426,0.3919892245,0.0021444549999999896,0.011805720099999972,-1,-1,-1,-1
84,1676,0.2526369426,0.3919892245,0.0021444549999999896,0.011805720099999972,-1,-1,-1,-1
85,1676,0.2527410588,0.3919892245,0.002144455000000045,0.011805720099999972,-1,-1,-1,-1
86,1676,0.2527410588,0.3919892245,0.002144455000000045,0.011805720099999972,-1,-1,-1,-1
87,1676,0.2527410588,0.3919892245,0.002144455000000045,0.011805720099999972,-1,-1,-1,-1
88,1676,0.2527410588,0.3919892245,0.0021443778000000413,0.011657706200000006,-1,-1,-1,-1
89,1676,0.2528449435,0.3918047215,0.0020821705000000357,0.011842209200000009,-1,-1,-1,-1
90,1676,0.2527200658,0.3922117254,0.0019779770000000196,0.011731233100000016,-1,-1,-1,-1
91,1676,0.2527200658,0.3921007493,0.0022278868999999757,0.011842209200000009,-1,-1,-1,-1
92,1676,0.2527200658,0.3921007493,0.0022278868999999757,0.011842209200000009,-1,-1,-1,-1
93,1676,0.2527200658,0.3921007493,0.0022278868999999757,0.011842209200000009,-1,-1,-1,-1
94,1676,0.2527825046,0.3921007493,0.0024568809000000136,0.011398167600000009,-1,-1,-1,-1
95,1676,0.2527825046,0.3919156976,0.002415280799999975,0.011583219300000003,-1,-1,-1,-1
96,1676,0.2527825046,0.3919156976,0.002415280799999975,0.011583219300000003,-1,-1,-1,-1
97,1676,0.2529282211,0.3920266738,0.002269564299999971,0.011472243100000001,-1,-1,-1,-1
98,1676,0.2529282211,0.3921377871,0.002352841800000005,0.01136112979999998,-1,-1,-1,-1
99,1676,0.2529282211,0.3923228388,0.0023320030999999797,0.011176078099999986,-1,-1,-1,-1
100,1676,0.2530948534,0.3923967771,0.0022903257999999926,0.011176078100000042,-1,-1,-1,-1
101,1676,0.2530948534,0.3921748249,0.0022903257999999926,0.011398030300000028,-1,-1,-1,-1
102,1676,0.2530948534,0.3921748249,0.0021653708000000105,0.011398030300000028,-1,-1,-1,-1
103,1676,0.2530948534,0.3921748249,0.0021653708000000105,0.011398030300000028,-1,-1,-1,-1
104,1676,0.2530948534,0.3921748249,0.0021653708000000105,0.011398030300000028,-1,-1,-1,-1
105,1676,0.2530948534,0.3921748249,0.0023527646000000013,0.011398030300000028,-1,-1,-1,-1
106,1676,0.2529907371,0.3922118626,0.0023527647000000096,0.011398030399999981,-1,-1,-1,-1
107,1676,0.2524909946,0.3921748249,0.002352764699999954,0.011398030300000028,-1,-1,-1,-1
108,1676,0.251887213,0.3922489004,0.0023527647000000096,0.011398030300000028,-1,-1,-1,-1
109,1676,0.2515124254,0.3923970515,0.0020820932999999764,0.011434930900000029,-1,-1,-1,-1
110,1676,0.2507004113,0.3923600137,0.002082093300000032,0.011434930899999973,-1,-1,-1,-1
111,1676,0.2496384874,0.3923970515,0.0020820932999999764,0.011434930900000029,-1,-1,-1,-1
112,1676,0.2490138671,0.3925450654,0.002227886999999984,0.011286917000000007,-1,-1,-1,-1
113,1676,0.2479311817,0.3924709898,0.0022278868999999757,0.011286917100000016,-1,-1,-1,-1
114,1676,0.2471607678,0.3926930793,0.0022278869000000034,0.011286916999999952,-1,-1,-1,-1
115,1676,0.2462029601,0.3922489004,0.0022279640999999795,0.01202712370000003,-1,-1,-1,-1
116,1676,0.2453909461,0.3925078904,0.0022279640999999795,0.012027123699999975,-1,-1,-1,-1
117,1676,0.2441207897,0.392544791,0.0022279640999999795,0.011583219199999994,-1,-1,-1,-1
118,1676,0.2431005431,0.3926188665,0.0023528417999999773,0.011657157600000023,-1,-1,-1,-1
119,1676,0.2423718066,0.3931369838,0.002352841800000005,0.011657157500000015,-1,-1,-1,-1
