30,753,0.5372503063,0.402852402,0.0021224585999999324,0.011285408100000005,-1,-1,-1,-1
31,753,0.5357769341,0.4028835412,0.0016312830999999361,0.011347686400000001,-1,-1,-1,-1
32,753,0.5333389624,0.4027899865,0.001631283000000039,0.01134768650000001,-1,-1,-1,-1
33,753,0.5309536276,0.4023847659,0.0016312831000000472,0.011347686400000001,-1,-1,-1,-1
34,753,0.5309536276,0.4023847659,0.0016312831000000472,0.011347686400000001,-1,-1,-1,-1
35,753,0.5279367006,0.4025822092,0.0017247742000000565,0.011337306699999994,-1,-1,-1,-1
36,753,0.5249197737,0.4027796525,0.0018182652000000576,0.011326927000000042,-1,-1,-1,-1
37,753,0.5219028467,0.4029770958,0.001911756300000067,0.01131654729999998,-1,-1,-1,-1
38,753,0.5202365237,0.4029148175,0.0019117564000000753,0.01131654729999998,-1,-1,-1,-1
39,753,0.5177809549,0.402852402,0.002578285500000055,0.011254131800000011,-1,-1,-1,-1
40,753,0.5149044446,0.4027901237,0.002858758800000083,0.011316410100000007,-1,-1,-1,-1
41,753,0.5132557188,0.4028836784,0.0025781311000000473,0.011534658500000017,-1,-1,-1,-1
42,753,0.5113087682,0.4026031516,0.002753484799999928,0.011690491500000011,-1,-1,-1,-1
43,753,0.5095722111,0.4027278454,0.0021045528000001035,0.011565797699999991,-1,-1,-1,-1
44,753,0.5078884454,0.4027278454,0.0018413679000000016,0.01153465859999997,-1,-1,-1,-1
45,753,0.5053626425,0.4028836784,0.0019642390000000898,0.011316410100000007,-1,-1,-1,-1
46,753,0.5032227411,0.4026342907,0.00235014060000005,0.011409964800000005,-1,-1,-1,-1
47,753,0.5008374064,0.4026342907,0.0028586044000000754,0.011409964800000005,-1,-1,-1,-1
48,753,0.498521997,0.4024783206,0.0028586043999999644,0.011409964699999997,-1,-1,-1,-1
49,753,0.4972415756,0.4025407361,0.00285860440000002,0.011409964699999997,-1,-1,-1,-1
50,753,0.4942597914,0.4028525392,0.0023675833000000313,0.01097346779999997,-1,-1,-1,-1
51,753,0.4925057916,0.4025407361,0.0023675832999999757,0.010973467699999961,-1,-1,-1,-1
52,753,0.4906465179,0.4026654299,0.0019116019999999567,0.010131750200000011,-1,-1,-1,-1
53,753,0.4885768506,0.4025720124,0.0019116020000000122,0.010131750200000011,-1,-1,-1,-1
54,753,0.4885768506,0.4025720124,0.0019116020000000122,0.010131750200000011,-1,-1,-1,-1
55,753,0.4870599369,0.4024582716,0.0019116020000000122,0.010131750200000011,-1,-1,-1,-1
56,753,0.4855430231,0.4023445309,0.0019116019999999567,0.010131750200000011,-1,-1,-1,-1
57,753,0.4840261094,0.4022307901,0.0019116020000000122,0.010131750200000011,-1,-1,-1,-1
58,753,0.4825091956,0.4021170493,0.0019116020000000122,0.010131750200000011,-1,-1,-1,-1
59,753,0.4809922819,0.4020033085,0.0019116020000000122,0.010131750200000011,-1,-1,-1,-1
60,753,0.4794753681,0.4018895678,0.0019116019999999567,0.010131750200000011,-1,-1,-1,-1
61,753,0.4779584544,0.401775827,0.0019116020000000122,0.010131750200000011,-1,-1,-1,-1
62,753,0.4764415406,0.4016620862,0.0019116020000000122,0.010131750200000011,-1,-1,-1,-1
63,753,0.4749246269,0.4015483454,0.0019116020000000122,0.010131750200000011,-1,-1,-1,-1
64,753,0.4734077131,0.4014346047,0.0019116019999999567,0.010131750200000011,-1,-1,-1,-1
65,753,0.4718907994,0.4013208639,0.0019116020000000122,0.010131750200000011,-1,-1,-1,-1
66,753,0.4703738856,0.4012071231,0.0019116020000000122,0.010131750200000011,-1,-1,-1,-1
67,753,0.4688569719,0.4010933823,0.0019116020000000122,0.010131750199999956,-1,-1,-1,-1
68,753,0.4673400582,0.4009796416,0.0019116019999999567,0.010131750200000011,-1,-1,-1,-1
69,753,0.4658231444,0.4008659008,0.0019116020000000122,0.010131750200000011,-1,-1,-1,-1
70,753,0.4643062307,0.40075216,0.0019116020000000122,0.010131750199999956,-1,-1,-1,-1
71,753,0.4627893169,0.4006384193,0.0019116019999999567,0.010131750200000011,-1,-1,-1,-1
72,753,0.4612724032,0.4005246785,0.0019116020000000122,0.010131750200000011,-1,-1,-1,-1
73,753,0.4597554894,0.4004109377,0.0019116020000000122,0.010131750199999956,-1,-1,-1,-1
74,753,0.4582385757,0.4002971969,0.0019116020000000122,0.010131750200000011,-1,-1,-1,-1
75,753,0.4567216619,0.4001834562,0.0019116019999999567,0.010131750200000011,-1,-1,-1,-1
76,753,0.4552047482,0.4000697154,0.0019116020000000122,0.010131750199999956,-1,-1,-1,-1
77,753,0.4536878344,0.3999559746,0.0019116020000000122,0.010131750200000011,-1,-1,-1,-1
78,753,0.4521709207,0.3998422338,0.0019116020000000122,0.010131750200000011,-1,-1,-1,-1
79,753,0.4506540069,0.3997284931,0.0019116020000000122,0.010131750199999956,-1,-1,-1,-1
80,753,0.4491370932,0.3996147523,0.0019116020000000122,0.010131750200000011,-1,-1,-1,-1
81,753,0.4479034431,0.4004425464,0.0019116019999999567,0.01013175030000002,-1,-1,-1,-1
82,753,0.446669793,0.4012703406,0.0019116020000000122,0.010131750200000011,-1,-1,-1,-1
83,753,0.4455952887,0.400624786,0.0016788261000000304,0.009882911299999964,-1,-1,-1,-1
84,753,0.4445359117,0.400624786,0.0016788261999999832,0.009882911299999964,-1,-1,-1,-1
85,753,0.4436430898,0.4004364421,0.0018452270000000048,0.009775364600000003,-1,-1,-1,-1
86,753,0.4429166687,0.4003020087,0.0018452268999999966,0.009775364600000003,-1,-1,-1,-1
87,753,0.4423263937,0.4001406887,0.0019512727000000063,0.009613907300000002,-1,-1,-1,-1
88,753,0.4419783105,0.4000598914,0.001572934799999981,0.009129947200000044,-1,-1,-1,-1
89,753,0.4412670167,0.3997908875,0.0020269093999999988,0.009452724400000001,-1,-1,-1,-1
90,753,0.4407222781,0.3995220207,0.0019966547000000445,0.010098141900000024,-1,-1,-1,-1
91,753,0.4400563663,0.3992799035,0.002329610599999976,0.010259599100000016,-1,-1,-1,-1
92,753,0.4393904546,0.3989302395,0.0024205290000000046,0.010044368500000012,-1,-1,-1,-1
93,753,0.4389363256,0.3986881222,0.0022843828999999927,0.00972159119999999,-1,-1,-1,-1
94,753,0.4386487518,0.3986343489,0.0021331095000000078,0.009883048399999983,-1,-1,-1,-1
95,753,0.4382401592,0.3984730288,0.001996963399999996,0.009936684599999968,-1,-1,-1,-1
96,753,0.4377710573,0.3983654821,0.002102854799999998,0.009909798000000025,-1,-1,-1,-1
97,753,0.4372715463,0.3980966154,0.0019061993000000221,0.010017207400000006,-1,-1,-1,-1
98,753,0.4363787244,0.3980429792,0.0021633642000000175,0.010017070300000042,-1,-1,-1,-1
99,753,0.4356523033,0.3980429792,0.001664007600000017,0.01004395690000004,-1,-1,-1,-1
100,753,0.4345172896,0.3978278858,0.00202721809999995,0.00945217570000001,-1,-1,-1,-1
101,753,0.4339876783,0.3977203391,0.0019515814000000131,0.009479062400000016,-1,-1,-1,-1
102,753,0.4333822759,0.3976665657,0.00175492599999999,0.0091831718,-1,-1,-1,-1
103,753,0.4325045814,0.3975321323,0.0017549260000000455,0.0091831718,-1,-1,-1,-1
104,753,0.4318238511,0.3963755937,0.001694107800000011,0.009774815900000011,-1,-1,-1,-1
105,753,0.430734065,0.3961605003,0.0021633642000000175,0.01047400660000003,-1,-1,-1,-1
106,753,0.4298563705,0.3960528164,0.0021331095000000078,0.010205139899999993,-1,-1,-1,-1
107,753,0.4287213568,0.3959451325,0.0022087462,0.010447394299999968,-1,-1,-1,-1
108,753,0.427919299,0.3955685819,0.0018909177000000499,0.0106624877,-1,-1,-1,-1
109,753,0.4268296674,0.3957567886,0.0019818360000000146,0.01058182769999999,-1,-1,-1,-1
110,753,0.4259671002,0.3956492419,0.001830408299999975,0.01050116769999998,-1,-1,-1,-1
111,753,0.4247564498,0.3954610352,0.0019060450000000229,0.010366597100000041,-1,-1,-1,-1
112,753,0.4236365635,0.3954610352,0.0019514270000000056,0.01004381980000002,-1,-1,-1,-1
113,753,0.4227286143,0.3954610352,0.00195142699999995,0.01004381980000002,-1,-1,-1,-1
114,753,0.4221685939,0.3954072618,0.0014823251000000148,0.008725823999999993,-1,-1,-1,-1
115,753,0.4208367704,0.3952459418,0.002193773199999971,0.009075487900000012,-1,-1,-1,-1
116,753,0.4200044579,0.3952998523,0.0019364540999999846,0.008456682800000004,-1,-1,-1,-1
117,753,0.4190509723,0.3954075362,0.0019364540999999846,0.008456682800000004,-1,-1,-1,-1
118,753,0.4181428688,0.3951654189,0.0019364539999999764,0.008456682800000004,-1,-1,-1,-1
119,753,0.4172196379,0.3950040988,0.0015886795000000231,0.008725549599999993,-1,-1,-1,-1
120,753,0.4162511793,0.3948965521,0.0015886796000000314,0.008725549599999993,-1,-1,-1,-1
121,753,0.415161702,0.3947350949,0.0019214810999999554,0.008779322899999997,-1,-1,-1,-1
122,753,0.4142688802,0.3944392043,0.0015127340999999683,0.008913893499999992,-1,-1,-1,-1
123,753,0.4130582298,0.3943585443,0.0015127340999999683,0.008994553500000002,-1,-1,-1,-1
124,753,0.4119687525,0.3943585443,0.0015127341000000238,0.008994553500000002,-1,-1,-1,-1
125,753,0.4106824654,0.3942778842,0.0015127341000000238,0.00899455360000001,-1,-1,-1,-1
126,753,0.4095777064,0.3944393415,0.0013159242999999932,0.008698525700000015,-1,-1,-1,-1
127,753,0.4095777064,0.3944393415,0.0013159242999999932,0.008698525700000015,-1,-1,-1,-1
128,753,0.4075196162,0.3943317948,0.0011872647000000236,0.008590910399999985,-1,-1,-1,-1
129,753,0.4054615259,0.3942242481,0.0010586052000000068,0.00848329510000001,-1,-1,-1,-1
130,753,0.4039179197,0.3942780214,0.0014369429999999683,0.008429521800000006,-1,-1,-1,-1
131,753,0.4027223966,0.3939283574,0.0014369431000000321,0.008429521800000006,-1,-1,-1,-1
132,753,0.4012848361,0.3935518068,0.0014369431000000321,0.008429521800000006,-1,-1,-1,-1
133,753,0.4012848361,0.3935518068,0.0014369431000000321,0.008429521800000006,-1,-1,-1,-1
134,753,0.3993794085,0.3936555811,0.0014570486000000105,0.008248036800000025,-1,-1,-1,-1
135,753,0.3974739809,0.3937593555,0.0014771540999999888,0.008066551599999972,-1,-1,-1,-1
136,753,0.3955685534,0.3938631298,0.0014972594999999589,0.00788506659999999,-1,-1,-1,-1
137,753,0.3936631258,0.3939669041,0.0015173649999999927,0.007703581600000009,-1,-1,-1,-1
138,753,0.3920089974,0.3937926895,0.001345870299999996,0.0078125,-1,-1,-1,-1
139,753,0.3903794122,0.3939452302,0.001345870299999996,0.0078125,-1,-1,-1,-1
140,753,0.3883821401,0.3938363117,0.0017501408000000218,0.007943092400000018,-1,-1,-1,-1
141,753,0.3867891384,0.3937710155,0.0014807814999999724,0.008879462100000013,-1,-1,-1,-1
142,753,0.3851595533,0.3939670413,0.0012969379999999697,0.008792354800000013,-1,-1,-1,-1
143,753,0.3836156383,0.3939234191,0.0013704137000000172,0.00826971059999998,-1,-1,-1,-1
144,753,0.3819982477,0.3939887153,0.0012969379999999697,0.00842225139999997,-1,-1,-1,-1
145,753,0.3804299437,0.3939669041,0.001431694799999994,0.008509358799999978,-1,-1,-1,-1
146,753,0.3788107008,0.3938579857,0.001764341899999966,0.008705384599999977,-1,-1,-1,-1
147,753,0.3779029059,0.3937522223,0.0015886796000000314,0.008675617199999985,-1,-1,-1,-1
148,753,0.3764000509,0.3935406955,0.0015886794999999676,0.008675617100000033,-1,-1,-1,-1
149,753,0.3752988422,0.3935671706,0.0014695131000000416,0.008543241499999965,-1,-1,-1,-1
150,753,0.3743762287,0.3935406955,0.0014695131999999944,0.008543241400000012,-1,-1,-1,-1
151,753,0.3732898386,0.3933291686,0.0014695131999999944,0.00854324150000002,-1,-1,-1,-1
152,753,0.3721142281,0.3932763555,0.0014695131999999944,0.008543241499999965,-1,-1,-1,-1
153,753,0.3711468501,0.3930910295,0.0017226645000000262,0.00806723749999999,-1,-1,-1,-1
154,753,0.3701348618,0.3929059778,0.0015142777000000107,0.007961337000000013,-1,-1,-1,-1
155,753,0.3691974297,0.3928795027,0.001499459099999989,0.008014287200000025,-1,-1,-1,-1
156,753,0.3680516108,0.392482787,0.001722510200000027,0.008358052700000007,-1,-1,-1,-1
157,753,0.3670843871,0.3924034988,0.0016183167999999637,0.008331577400000012,-1,-1,-1,-1
158,753,0.3662063839,0.3921918348,0.001573706499999994,0.008278764299999963,-1,-1,-1,-1
159,753,0.3652837704,0.3919008825,0.0013802927000000076,0.00833157750000002,-1,-1,-1,-1
160,753,0.3641231329,0.3918480694,0.0015439148999999985,0.007987675000000027,-1,-1,-1,-1
161,753,0.3628285103,0.391742306,0.0014545401999999652,0.008067100400000027,-1,-1,-1,-1
162,753,0.3616826914,0.3916100675,0.0014545401000000124,0.008067100300000019,-1,-1,-1,-1
163,753,0.3603135126,0.3913984035,0.0013505011000000122,0.007987812099999991,-1,-1,-1,-1
164,753,0.3591826667,0.3912132146,0.0012463077000000045,0.007749810199999985,-1,-1,-1,-1
165,753,0.3578286152,0.3910546381,0.0012463077000000045,0.007749810199999985,-1,-1,-1,-1
166,753,0.3578286152,0.3910546381,0.0012463077000000045,0.007749810199999985,-1,-1,-1,-1
167,753,0.3562140031,0.3909672065,0.0012654763999999652,0.007713745200000011,-1,-1,-1,-1
168,753,0.3545993909,0.3908797749,0.001284645299999998,0.007677680100000028,-1,-1,-1,-1
169,753,0.3529847788,0.3907923434,0.0013038140000000142,0.0076416149999999905,-1,-1,-1,-1
170,753,0.3513701666,0.3907049118,0.0013229828000000388,0.007605549900000008,-1,-1,-1,-1
171,753,0.3497555545,0.3906174802,0.0013421516000000078,0.007569484900000034,-1,-1,-1,-1
172,753,0.3481409423,0.3905300486,0.0013613204000000323,0.007533419799999996,-1,-1,-1,-1
173,753,0.3465263302,0.390442617,0.0013804892000000013,0.007497354800000022,-1,-1,-1,-1
174,753,0.344911718,0.3903551854,0.0013996580000000258,0.0074612896999999845,-1,-1,-1,-1
175,753,0.3432971059,0.3902677539,0.0014188266999999866,0.007425224600000002,-1,-1,-1,-1
176,753,0.3416824937,0.3901803223,0.0014379956000000194,0.00738915950000002,-1,-1,-1,-1
177,753,0.3400678816,0.3900928907,0.00145716429999998,0.007353094500000046,-1,-1,-1,-1
178,753,0.3391542211,0.3899709404,0.0014571643000000356,0.00735309449999999,-1,-1,-1,-1
179,753,0.3383385795,0.3898234753,0.00145716429999998,0.007353094399999982,-1,-1,-1,-1
180,753,0.3378824439,0.3897989206,0.00145716429999998,0.00735309449999999,-1,-1,-1,-1
181,753,0.3377027681,0.3896760101,0.00145716429999998,0.00735309449999999,-1,-1,-1,-1
182,753,0.337564461,0.3895777914,0.0014571643000000356,0.007619903600000033,-1,-1,-1,-1
183,753,0.3370254337,0.389528682,0.0017489058999999862,0.007816341000000004,-1,-1,-1,-1
184,753,0.3365416675,0.3894795727,0.001997735200000017,0.008332263399999984,-1,-1,-1,-1
185,753,0.336196054,0.3891602248,0.001970104699999975,0.008676165899999977,-1,-1,-1,-1
186,753,0.3359885934,0.3891111155,0.0018319519000000173,0.008627056600000016,-1,-1,-1,-1
187,753,0.3355048272,0.3890374515,0.0018319518999999618,0.00862705659999996,-1,-1,-1,-1
188,753,0.3352283673,0.388767213,0.0017766907999999804,0.008700720499999981,-1,-1,-1,-1
189,753,0.3350073229,0.3887181036,0.0015831224999999782,0.008602364700000031,-1,-1,-1,-1
190,753,0.3347861241,0.3886689943,0.0015278614999999496,0.00803733299999998,-1,-1,-1,-1
191,753,0.3342332043,0.3883496464,0.0016799067000000112,0.008283016899999995,-1,-1,-1,-1
192,753,0.3340396361,0.3883496464,0.001721429699999999,0.008258462199999983,-1,-1,-1,-1
193,753,0.3336524997,0.3883496464,0.001721429699999999,0.008258462199999983,-1,-1,-1,-1
194,753,0.3333760398,0.3882758452,0.001721429699999999,0.008258462199999983,-1,-1,-1,-1
195,753,0.3330305807,0.3881530719,0.001666168599999962,0.007693430400000034,-1,-1,-1,-1
196,753,0.3326158137,0.3880794079,0.002067043099999999,0.007324836000000001,-1,-1,-1,-1
197,753,0.3320905245,0.3879319427,0.001956520900000036,0.007447746600000027,-1,-1,-1,-1
198,753,0.3315514972,0.3878335868,0.002136196700000037,0.007644321099999962,-1,-1,-1,-1
199,753,0.3312474067,0.3877353682,0.0016385380999999755,0.007816340899999996,-1,-1,-1,-1
200,753,0.3308880552,0.3877108135,0.0017629527000000422,0.007644321100000018,-1,-1,-1,-1
201,753,0.3305978572,0.3875633483,0.0016109074999999806,0.007423191900000015,-1,-1,-1,-1
202,753,0.3303905509,0.3874895471,0.0017351677999999926,0.007251446400000028,-1,-1,-1,-1
203,753,0.3299896764,0.3872438633,0.0017351677999999926,0.0072514463000000196,-1,-1,-1,-1
204,753,0.329740847,0.3870472887,0.0016109074999999806,0.007546239600000004,-1,-1,-1,-1
205,753,0.3293814955,0.3870718434,0.0016109074999999806,0.007546239600000004,-1,-1,-1,-1
206,753,0.3285658539,0.3869981794,0.0019704134000000373,0.008086716700000052,-1,-1,-1,-1
207,753,0.3281649794,0.3869245154,0.002177719700000025,0.008160380700000025,-1,-1,-1,-1
208,753,0.327902412,0.3867771874,0.002177719700000025,0.008160380600000017,-1,-1,-1,-1
209,753,0.3278056279,0.3867771874,0.001749214599999993,0.007398637200000002,-1,-1,-1,-1
210,753,0.3275983215,0.3869492072,0.0017492147000000013,0.0073986373000000105,-1,-1,-1,-1
211,753,0.3273910152,0.3870965352,0.001749214599999993,0.0073986373000000105,-1,-1,-1,-1
212,753,0.3271006629,0.3870228712,0.001749214599999993,0.0073986373000000105,-1,-1,-1,-1
213,753,0.326865726,0.3869983166,0.001749214599999993,0.007398637200000002,-1,-1,-1,-1
214,753,0.3267552038,0.3868999607,0.001749214599999993,0.007398637200000002,-1,-1,-1,-1
215,753,0.326534005,0.3867771874,0.001749214599999993,0.007398637200000002,-1,-1,-1,-1
216,753,0.3265753737,0.3867771874,0.001749214599999993,0.007398637200000002,-1,-1,-1,-1
217,753,0.3270038788,0.3867771874,0.001749214599999993,0.007398637200000002,-1,-1,-1,-1
218,753,0.3277641049,0.386728078,0.001749214599999993,0.0073986373000000105,-1,-1,-1,-1
219,753,0.3279853036,0.3866298594,0.001749214599999993,0.007398637200000002,-1,-1,-1,-1
220,753,0.3280266723,0.3864087302,0.001749214599999993,0.007398637200000002,-1,-1,-1,-1
221,753,0.3283583933,0.3853030842,0.001749214599999993,0.007398637200000002,-1,-1,-1,-1
222,753,0.3286348531,0.3852786667,0.001528170200000012,0.00739877440000003,-1,-1,-1,-1
223,753,0.3286899599,0.385327776,0.001528170200000012,0.0073987743999999744,-1,-1,-1,-1
224,753,0.3289389436,0.3852048655,0.001528170200000012,0.00739877440000003,-1,-1,-1,-1
225,753,0.3289251283,0.3851681021,0.001528170200000012,0.0073987743999999744,-1,-1,-1,-1
226,753,0.3289389436,0.3850575375,0.001528170200000012,0.00739877440000003,-1,-1,-1,-1
227,753,0.3286487456,0.3850575375,0.001528170200000012,0.00739877440000003,-1,-1,-1,-1
228,753,0.3287040067,0.3849591816,0.0013898630999999995,0.00693196140000002,-1,-1,-1,-1
229,753,0.328538069,0.3848118536,0.0013898630999999995,0.00693196140000002,-1,-1,-1,-1
230,753,0.328579592,0.3848118536,0.0013898630999999995,0.007030179999999997,-1,-1,-1,-1
231,753,0.3283999163,0.3847134978,0.0013898630999999995,0.007030179999999997,-1,-1,-1,-1
232,753,0.3282893941,0.3846643884,0.0013898629999999912,0.007030180100000005,-1,-1,-1,-1
233,753,0.3284553317,0.3844923686,0.0013898630999999995,0.007030179999999997,-1,-1,-1,-1
234,753,0.3286902686,0.3844923686,0.0014451241999999809,0.007054871799999973,-1,-1,-1,-1
