1,1245,0.4181495063,0.3864312272,0.002002211700000034,0.007820044699999973,-1,-1,-1,-1
2,1245,0.4179144151,0.3863416507,0.0017527648999999812,0.007799879700000012,-1,-1,-1,-1
3,1245,0.4178472682,0.3862520741,0.0016016457999999956,0.007799879700000012,-1,-1,-1,-1
4,1245,0.4178472682,0.3862048853,0.0015849748999999802,0.007847068499999998,-1,-1,-1,-1
5,1245,0.4173269185,0.3860556368,0.0020548487000000004,0.008026221599999994,-1,-1,-1,-1
6,1245,0.4173269185,0.3860556368,0.0015344990000000225,0.00799631700000003,-1,-1,-1,-1
7,1245,0.4171086526,0.3860556368,0.0014170304999999717,0.007847205700000026,-1,-1,-1,-1
8,1245,0.4167560929,0.3859065255,0.0014170306000000354,0.007847205700000026,-1,-1,-1,-1
9,1245,0.4167170066,0.3858468535,0.001407956400000021,0.0076669553,-1,-1,-1,-1
10,1245,0.4164901822,0.3860268296,0.0014100316999999807,0.007460366900000015,-1,-1,-1,-1
11,1245,0.4163145154,0.3858407377,0.0014176126000000067,0.007487619300000026,-1,-1,-1,-1
12,1245,0.4164410306,0.3856909353,0.0014251935000000326,0.007514871800000045,-1,-1,-1,-1
13,1245,0.4161361696,0.3856289536,0.0014327745000000114,0.007542124300000008,-1,-1,-1,-1
14,1245,0.41616104,0.3856201965,0.001469505900000001,0.007680713700000008,-1,-1,-1,-1
15,1245,0.4159836016,0.385578174,0.0014734429000000104,0.007694049099999989,-1,-1,-1,-1
16,1245,0.4158211361,0.3855057374,0.0014773801000000364,0.007707384500000025,-1,-1,-1,-1
17,1245,0.4156412021,0.3854333009,0.001719830099999986,0.007681185899999998,-1,-1,-1,-1
18,1245,0.4155361331,0.3854140889,0.001465393199999998,0.007593948600000011,-1,-1,-1,-1
19,1245,0.4154574211,0.3854083203,0.0013942210999999816,0.007546492500000002,-1,-1,-1,-1
20,1245,0.4152337645,0.3852959196,0.0015729587000000156,0.007605668600000004,-1,-1,-1,-1
21,1245,0.4148678646,0.3851835188,0.0016244259999999566,0.007718069399999972,-1,-1,-1,-1
22,1245,0.4148163973,0.3850178934,0.0014960632000000085,0.007803720600000008,-1,-1,-1,-1
23,1245,0.4144705221,0.3850364778,0.001602216299999959,0.007731911599999974,-1,-1,-1,-1
24,1245,0.4142507175,0.3849715964,0.0015225613000000027,0.007716955999999997,-1,-1,-1,-1
25,1245,0.4140015255,0.3848801027,0.0017867262999999856,0.0076753881000000135,-1,-1,-1,-1
26,1245,0.4138896527,0.3848165519,0.001509147200000005,0.007658964800000001,-1,-1,-1,-1
27,1245,0.4135482945,0.3847796134,0.0015958103999999529,0.007695903300000029,-1,-1,-1,-1
28,1245,0.4134541447,0.3847145841,0.0014653654999999821,0.0076544833000000145,-1,-1,-1,-1
29,1245,0.4132189094,0.3846495548,0.0014009868000000036,0.0076396756000000066,-1,-1,-1,-1
30,1245,0.4130604106,0.3845579132,0.0015594856000000212,0.007651480200000005,-1,-1,-1,-1
31,1245,0.4128689712,0.3844946581,0.0014662839999999844,0.007661373500000013,-1,-1,-1,-1
32,1245,0.4127513273,0.3845112399,0.0014341980999999504,0.007538342399999953,-1,-1,-1,-1
33,1245,0.4125369348,0.3844418435,0.001423295300000016,0.007495538700000026,-1,-1,-1,-1
34,1245,0.4121578396,0.3842926101,0.0014733767999999814,0.007437487200000037,-1,-1,-1,-1
35,1245,0.412063231,0.3842570839,0.001456930000000023,0.007396069599999999,-1,-1,-1,-1
36,1245,0.4119731143,0.3842188965,0.0014404831000000007,0.0073546519999999616,-1,-1,-1,-1
37,1245,0.4117199584,0.3841511398,0.0014240363000000422,0.007313234400000035,-1,-1,-1,-1
38,1245,0.4115304378,0.3841099954,0.00140758940000002,0.0072718169000000055,-1,-1,-1,-1
39,1245,0.4111120444,0.384038437,0.001391142600000006,0.007230399299999968,-1,-1,-1,-1
40,1245,0.4108758223,0.3839668786,0.0013746956999999838,0.007188981599999977,-1,-1,-1,-1
41,1245,0.4104088619,0.3839485448,0.0013582489000000253,0.007147564100000003,-1,-1,-1,-1
42,1245,0.4101928919,0.3838636802,0.0013418020999999558,0.007106146500000021,-1,-1,-1,-1
43,1245,0.4103264458,0.3837788156,0.0012227544999999784,0.007019438900000008,-1,-1,-1,-1
44,1245,0.4100405247,0.383693951,0.0012576079999999656,0.0070006663000000136,-1,-1,-1,-1
45,1245,0.4099642254,0.3836090864,0.0012924615000000084,0.006981893699999964,-1,-1,-1,-1
46,1245,0.4096739245,0.3835859721,0.0014259320000000186,0.006972771400000022,-1,-1,-1,-1
47,1245,0.4095401593,0.3835338261,0.001427550500000041,0.006973600800000035,-1,-1,-1,-1
48,1245,0.4091741586,0.3835082925,0.0016260839000000193,0.006944001799999988,-1,-1,-1,-1
49,1245,0.4090645337,0.3834531897,0.001406148900000015,0.007371814300000001,-1,-1,-1,-1
50,1245,0.4087939493,0.3832384129,0.0014108471000000011,0.0073230742000000015,-1,-1,-1,-1
51,1245,0.408367218,0.3833125699,0.0014155454000000511,0.007274334100000002,-1,-1,-1,-1
52,1245,0.4082624059,0.3832093114,0.0013844539999999794,0.007136396400000022,-1,-1,-1,-1
53,1245,0.4081456154,0.3830900855,0.0013963102000000283,0.007105495899999981,-1,-1,-1,-1
54,1245,0.4078794308,0.3830706558,0.0012729194000000166,0.0069555668999999876,-1,-1,-1,-1
55,1245,0.4077126184,0.3830512261,0.0013298579000000088,0.006964342600000006,-1,-1,-1,-1
56,1245,0.4076056979,0.3831116334,0.0013867965000000093,0.006973118200000017,-1,-1,-1,-1
57,1245,0.4073789936,0.3830123668,0.0014437350000000015,0.006981893700000019,-1,-1,-1,-1
58,1245,0.4071723047,0.3829293061,0.0014912780000000403,0.0070543232000000455,-1,-1,-1,-1
59,1245,0.4069356699,0.3828462455,0.0015388210999999763,0.007126752600000008,-1,-1,-1,-1
60,1245,0.4068255645,0.3829335038,0.001537694199999995,0.007124200999999997,-1,-1,-1,-1
61,1245,0.4066555671,0.382902485,0.0015365674000000218,0.007121649600000002,-1,-1,-1,-1
62,1245,0.4066510289,0.3828714663,0.0014373598000000376,0.007101531800000005,-1,-1,-1,-1
63,1245,0.4066392093,0.3827072487,0.0012402214999999717,0.006999489000000025,-1,-1,-1,-1
64,1245,0.4066250485,0.3826452051,0.0012881101000000172,0.0070164470999999895,-1,-1,-1,-1
65,1245,0.4064970623,0.3826470311,0.0013359984999999908,0.007033405200000009,-1,-1,-1,-1
66,1245,0.4062565857,0.3826222448,0.0014729608999999866,0.007191079399999967,-1,-1,-1,-1
67,1245,0.406130902,0.3826063292,0.0015537257000000082,0.007180382600000035,-1,-1,-1,-1
68,1245,0.4061324886,0.3825769703,0.0014772741999999894,0.007289578500000005,-1,-1,-1,-1
69,1245,0.4058346156,0.382654335,0.00152755269999999,0.007101237699999985,-1,-1,-1,-1
70,1245,0.4059244534,0.3824945239,0.0015275527999999983,0.007101237699999985,-1,-1,-1,-1
71,1245,0.4055649475,0.3826275855,0.001490506200000019,0.00694609060000001,-1,-1,-1,-1
72,1245,0.4054900826,0.3824945239,0.0014755332999999982,0.006866116400000011,-1,-1,-1,-1
73,1245,0.4052804609,0.3824146869,0.0015503981000000167,0.006919341099999976,-1,-1,-1,-1
74,1245,0.4050858122,0.3822524066,0.0012358110999999838,0.007108233700000022,-1,-1,-1,-1
75,1245,0.4048312715,0.3822257943,0.0012358112000000476,0.007108233700000022,-1,-1,-1,-1
76,1245,0.4048312715,0.3820927327,0.0012358112000000476,0.007108233700000022,-1,-1,-1,-1
77,1245,0.4041488432,0.3820927327,0.0012413681000000287,0.00664677050000001,-1,-1,-1,-1
78,1245,0.4040676752,0.382050656,0.0012573187000000097,0.006646793400000017,-1,-1,-1,-1
79,1245,0.4039865072,0.3820085792,0.0012732693999999989,0.006646816300000025,-1,-1,-1,-1
80,1245,0.4039053393,0.3819665025,0.001289219900000027,0.006646839099999968,-1,-1,-1,-1
81,1245,0.4038241713,0.3819244258,0.0013051706000000163,0.006646861899999967,-1,-1,-1,-1
82,1245,0.4033509274,0.381882349,0.001321121099999989,0.006646884899999983,-1,-1,-1,-1
83,1245,0.4032904437,0.3819459534,0.0013370717999999782,0.006646907700000038,-1,-1,-1,-1
84,1245,0.4032904437,0.3819459534,0.0013370717999999782,0.006646907700000038,-1,-1,-1,-1
85,1245,0.4029273875,0.3817993113,0.0013370717999999782,0.006646907699999982,-1,-1,-1,-1
86,1245,0.4026631221,0.3817113809,0.0013370718000000337,0.006646907699999982,-1,-1,-1,-1
87,1245,0.402481594,0.3817407367,0.0013370717999999782,0.006646907699999982,-1,-1,-1,-1
88,1245,0.4021185378,0.3820794265,0.0011884225000000082,0.006601365000000026,-1,-1,-1,-1
89,1245,0.4020358006,0.3817699554,0.0013537425999999853,0.006822768499999965,-1,-1,-1,-1
90,1245,0.4015901614,0.3816234504,0.001452687900000027,0.006822768599999973,-1,-1,-1,-1
91,1245,0.4014416665,0.3814179594,0.001436171300000011,0.0068521243999999926,-1,-1,-1,-1
92,1245,0.4010566757,0.3813891363,0.001603706500000024,0.00685650710000002,-1,-1,-1,-1
93,1245,0.4011009617,0.3814188877,0.0015071309000000421,0.006890245800000028,-1,-1,-1,-1
94,1245,0.4010131923,0.3814340297,0.0014105550999999883,0.00692398449999998,-1,-1,-1,-1
95,1245,0.4005733262,0.3814590028,0.0013139793999999982,0.0069577230999999795,-1,-1,-1,-1
96,1245,0.4002035399,0.3814473153,0.001436171300000011,0.007174901700000014,-1,-1,-1,-1
97,1245,0.3998239671,0.3813298918,0.001320555199999962,0.007028259600000031,-1,-1,-1,-1
98,1245,0.3993948446,0.3813592477,0.001320555199999962,0.007028259499999967,-1,-1,-1,-1
99,1245,0.3992463497,0.3812711801,0.0013205551000000093,0.007028259600000031,-1,-1,-1,-1
100,1245,0.3989161723,0.3812418243,0.0013205552000000176,0.0070282595000000225,-1,-1,-1,-1
101,1245,0.3986190281,0.3811831125,0.0016836112999999986,0.006940329200000039,-1,-1,-1,-1
102,1245,0.3988172271,0.3812418243,0.001435862600000004,0.00682290560000004,-1,-1,-1,-1
103,1245,0.3988172271,0.3811831125,0.001419345999999988,0.006822905700000048,-1,-1,-1,-1
104,1245,0.3987676774,0.3812124684,0.0014193458999999797,0.006822905699999993,-1,-1,-1,-1
105,1245,0.3988007106,0.3810658263,0.0014193458999999797,0.006822905699999993,-1,-1,-1,-1
106,1245,0.3985200829,0.381124538,0.001419345999999988,0.006822905699999993,-1,-1,-1,-1
107,1245,0.398635699,0.3810072517,0.001419345999999988,0.006822905699999993,-1,-1,-1,-1
108,1245,0.398635699,0.3810659634,0.001419345999999988,0.006822905699999993,-1,-1,-1,-1
109,1245,0.3981570267,0.3810659634,0.001518291199999966,0.0066466333999999905,-1,-1,-1,-1
110,1245,0.3982721798,0.38094854,0.0012711596999999686,0.006558702899999991,-1,-1,-1,-1
111,1245,0.3981070139,0.38094854,0.0012711598000000324,0.006558702899999991,-1,-1,-1,-1
112,1245,0.3979254858,0.3809191841,0.0012711598000000324,0.006558702999999999,-1,-1,-1,-1
113,1245,0.3976778914,0.3807138303,0.001271159700000024,0.006558702899999991,-1,-1,-1,-1
114,1245,0.3973311974,0.3807138303,0.001271159700000024,0.006558702899999991,-1,-1,-1,-1
115,1245,0.3969184371,0.3806552557,0.0012711596999999686,0.006558703000000055,-1,-1,-1,-1
116,1245,0.396802821,0.380772542,0.001271159700000024,0.006558702999999999,-1,-1,-1,-1
117,1245,0.3962911155,0.380596544,0.0016014914999999963,0.006558702999999999,-1,-1,-1,-1
118,1245,0.3964397648,0.3805379695,0.0013041929000000008,0.006675851999999982,-1,-1,-1,-1
119,1245,0.3961756537,0.3805379695,0.0015354251999999957,0.006851987199999965,-1,-1,-1,-1
120,1245,0.3959282137,0.3803777468,0.0013535883000000415,0.0069242794999999635,-1,-1,-1,-1
121,1245,0.3957136524,0.3801430371,0.0014195002999999873,0.006806855999999972,-1,-1,-1,-1
122,1245,0.3954825745,0.3799375461,0.0014195003999999956,0.006806855999999972,-1,-1,-1,-1
123,1245,0.3952184635,0.3799375461,0.0014195002999999873,0.006806855999999972,-1,-1,-1,-1
124,1245,0.3951854303,0.3800254765,0.0014195003000000428,0.006806855999999972,-1,-1,-1,-1
125,1245,0.395036781,0.3797320551,0.0015022377000000198,0.006718925599999981,-1,-1,-1,-1
126,1245,0.395036781,0.3794094149,0.0014692044999999876,0.006748281499999953,-1,-1,-1,-1
127,1245,0.395036781,0.3794094149,0.0014692044999999876,0.006748281499999953,-1,-1,-1,-1
128,1245,0.3948057032,0.3792332798,0.0015681495999999573,0.0067482814,-1,-1,-1,-1
129,1245,0.3947891866,0.3792626356,0.0013866215000000182,0.006484215899999979,-1,-1,-1,-1
130,1245,0.3944617877,0.3792410989,0.0014804727999999656,0.006570088599999968,-1,-1,-1,-1
131,1245,0.3940979597,0.3791548146,0.0012862871000000053,0.00644086789999998,-1,-1,-1,-1
132,1245,0.3937946411,0.3790900671,0.001419808999999994,0.006527152199999997,-1,-1,-1,-1
133,1245,0.3932488219,0.3790346476,0.0016070484999999857,0.0069528121999999914,-1,-1,-1,-1
134,1245,0.393139689,0.3790069379,0.0017317718000000037,0.00709136090000001,-1,-1,-1,-1
135,1245,0.3928590613,0.3790069379,0.0014821708000000156,0.006814263499999973,-1,-1,-1,-1
136,1245,0.3925940241,0.3789792281,0.001560122900000016,0.0069528123,-1,-1,-1,-1
137,1245,0.3924067847,0.3788683892,0.0015602772000000154,0.007146780399999997,-1,-1,-1,-1
138,1245,0.3920793858,0.37878526,0.0013574473999999892,0.006564738699999961,-1,-1,-1,-1
139,1245,0.3919702529,0.3788683892,0.001435399400000037,0.0065370290000000275,-1,-1,-1,-1
140,1245,0.3917208061,0.37878526,0.001435399400000037,0.006537028899999964,-1,-1,-1,-1
141,1245,0.3914089976,0.37878526,0.0014353995000000452,0.006537028899999964,-1,-1,-1,-1
142,1245,0.3912998647,0.3786467113,0.00146658030000002,0.006592448400000006,-1,-1,-1,-1
143,1245,0.3909412849,0.3786190015,0.0014665802999999644,0.006592448500000014,-1,-1,-1,-1
144,1245,0.3910815987,0.3786467113,0.001326112200000007,0.006481609499999985,-1,-1,-1,-1
145,1245,0.3908943593,0.3785912918,0.0013261120999999987,0.006481609499999985,-1,-1,-1,-1
146,1245,0.3907082004,0.3786190015,0.0012316434000000376,0.006398480300000009,-1,-1,-1,-1
147,1245,0.3905521418,0.3785358723,0.001356521200000016,0.006121382899999972,-1,-1,-1,-1
148,1245,0.3905053705,0.3784804528,0.001200617000000015,0.0060935360000000105,-1,-1,-1,-1
149,1245,0.3904897801,0.3784804528,0.0012006169000000066,0.0060935360000000105,-1,-1,-1,-1
150,1245,0.3903182854,0.3784804528,0.0012006169999999594,0.0060935360000000105,-1,-1,-1,-1
151,1245,0.3900688387,0.3784804528,0.0012006169000000066,0.0060935360000000105,-1,-1,-1,-1
152,1245,0.3898036471,0.3784804528,0.001200617000000015,0.0060935360000000105,-1,-1,-1,-1
153,1245,0.389725695,0.3783971864,0.0013254947000000405,0.006065963500000049,-1,-1,-1,-1
154,1245,0.3895697908,0.3784526059,0.001309904200000045,0.006065963499999993,-1,-1,-1,-1
155,1245,0.3893359344,0.378341767,0.001153845699999989,0.005733446600000025,-1,-1,-1,-1
156,1245,0.3890708972,0.378230928,0.0012785691000000154,0.0057334465999999695,-1,-1,-1,-1
157,1245,0.3889773547,0.3781200891,0.0012785690000000072,0.005733446600000025,-1,-1,-1,-1
158,1245,0.3888682217,0.3780923793,0.0012006169999999594,0.0057334465999999695,-1,-1,-1,-1
159,1245,0.3889305834,0.3780369599,0.0012473882000000325,0.006121382899999972,-1,-1,-1,-1
160,1245,0.3885874397,0.3780369599,0.0012473883000000408,0.006121382899999972,-1,-1,-1,-1
161,1245,0.3886653919,0.3780923793,0.0012473882000000325,0.006121382899999972,-1,-1,-1,-1
162,1245,0.3886653919,0.3780923793,0.0012473882000000325,0.006121382899999972,-1,-1,-1,-1
163,1245,0.3886653919,0.3780923793,0.0012473882000000325,0.006121382899999972,-1,-1,-1,-1
164,1245,0.3886653919,0.3780923793,0.0012473882000000325,0.006121382899999972,-1,-1,-1,-1
165,1245,0.3886653919,0.3780923793,0.0012473882000000325,0.006121382899999972,-1,-1,-1,-1
166,1245,0.3883691738,0.378230928,0.001247388199999977,0.006121382899999972,-1,-1,-1,-1
167,1245,0.3881509079,0.3779259837,0.001247388199999977,0.006121382899999972,-1,-1,-1,-1
168,1245,0.388057211,0.3778152819,0.001138409600000001,0.005982834299999962,-1,-1,-1,-1
169,1245,0.388057211,0.3778152819,0.001138409600000001,0.005982834299999962,-1,-1,-1,-1
170,1245,0.3882132696,0.3777320156,0.001138409600000001,0.0059828341999999535,-1,-1,-1,-1
