159,1469,0.3199787723,0.3969996115,0.0021125795999999974,0.011590626800000003,-1,-1,-1,-1
160,1469,0.3220445806,0.3971546214,0.0021125795999999974,0.011590626800000003,-1,-1,-1,-1
161,1469,0.3238484388,0.3966374644,0.0021125795999999974,0.011590626800000003,-1,-1,-1,-1
162,1469,0.3257687622,0.396715038,0.0021125795999999974,0.011590626800000003,-1,-1,-1,-1
163,1469,0.3276890856,0.3967926115,0.0021125795999999974,0.011590626800000003,-1,-1,-1,-1
164,1469,0.3299003015,0.3967926115,0.0027747867000000315,0.01334319909999998,-1,-1,-1,-1
165,1469,0.3324898554,0.3980337883,0.002542010799999994,0.01261917929999995,-1,-1,-1,-1
166,1469,0.334293868,0.3980337883,0.003269203800000009,0.012515747899999985,-1,-1,-1,-1
167,1469,0.3368832675,0.3988611023,0.0027165926999999646,0.012102159499999987,-1,-1,-1,-1
168,1469,0.3387163,0.3988093866,0.0037929492999999592,0.012205590900000007,-1,-1,-1,-1
169,1469,0.3411020978,0.398912818,0.0041712871999999845,0.012205590900000007,-1,-1,-1,-1
170,1469,0.3435460896,0.3989645337,0.004316694900000029,0.012205590900000007,-1,-1,-1,-1
171,1469,0.3462810512,0.3989645337,0.003618367399999989,0.012050443799999977,-1,-1,-1,-1
172,1469,0.3493650221,0.3988095238,0.00292019440000002,0.012102022300000015,-1,-1,-1,-1
173,1469,0.3520417897,0.3990681023,0.0026583987000000087,0.01184344380000002,-1,-1,-1,-1
174,1469,0.3544275876,0.3993782593,0.0026583987000000087,0.01184344380000002,-1,-1,-1,-1
175,1469,0.3570171414,0.3996368378,0.0026583987000000087,0.01184344380000002,-1,-1,-1,-1
176,1469,0.3597812771,0.3995851221,0.0026583987999999614,0.011843443799999964,-1,-1,-1,-1
177,1469,0.3624288706,0.3997402692,0.0026583987000000087,0.01184344380000002,-1,-1,-1,-1
178,1469,0.3650766184,0.4002574262,0.0023672746000000244,0.011998590899999995,-1,-1,-1,-1
179,1469,0.3676369981,0.400464289,0.0026872641999999836,0.01236060080000001,-1,-1,-1,-1
180,1469,0.3702555718,0.4007227303,0.0024544883000000017,0.012567600800000023,-1,-1,-1,-1
181,1469,0.3726123498,0.4009295931,0.002774477899999961,0.012515885100000013,-1,-1,-1,-1
182,1469,0.3754927191,0.4009813088,0.0027744779000000164,0.012515885100000013,-1,-1,-1,-1
183,1469,0.3775295076,0.4014984658,0.0038800086999999928,0.01303290490000003,-1,-1,-1,-1
184,1469,0.3798862856,0.40160176,0.0038800086999999928,0.01303290490000003,-1,-1,-1,-1
185,1469,0.3833879564,0.4017067004,0.003666064899999988,0.013289974400000015,-1,-1,-1,-1
186,1469,0.3856865405,0.4017067004,0.00407326819999998,0.013393543000000008,-1,-1,-1,-1
187,1469,0.3887996856,0.4020169946,0.003287727000000018,0.013290111599999987,-1,-1,-1,-1
188,1469,0.3915324861,0.4019409986,0.003128118099999966,0.013230439600000032,-1,-1,-1,-1
189,1469,0.3946067323,0.4022825691,0.0029788514000000377,0.013040586800000031,-1,-1,-1,-1
190,1469,0.3971686557,0.4024722848,0.0026800090999999915,0.013116582799999998,-1,-1,-1,-1
191,1469,0.3996879754,0.4028388215,0.002978851399999982,0.013508908799999997,-1,-1,-1,-1
192,1469,0.4023567163,0.4030665352,0.003192332100000028,0.013470910799999958,-1,-1,-1,-1
193,1469,0.4045129799,0.4033321097,0.004153072599999974,0.01381248140000002,-1,-1,-1,-1
194,1469,0.4073098401,0.4035976842,0.004409311199999988,0.01309161670000003,-1,-1,-1,-1
195,1469,0.4097651002,0.4034458294,0.0045372761999999955,0.013357191099999999,-1,-1,-1,-1
196,1469,0.4128393464,0.4034078314,0.004729609600000018,0.013509045999999969,-1,-1,-1,-1
197,1469,0.4160631681,0.4035976842,0.0042813462999999885,0.01324333430000002,-1,-1,-1,-1
198,1469,0.4188600283,0.4037494019,0.0038756865999999834,0.013281332299999948,-1,-1,-1,-1
199,1469,0.4222119692,0.4035598234,0.002829430299999991,0.013432912799999974,-1,-1,-1,-1
200,1469,0.4252862155,0.4034459666,0.002680163499999999,0.013584767599999992,-1,-1,-1,-1
201,1469,0.4281897388,0.4035219626,0.0025948022000000237,0.013774483299999973,-1,-1,-1,-1
202,1469,0.430260641,0.4034081057,0.0034061215999999783,0.013736485399999998,-1,-1,-1,-1
203,1469,0.4329719854,0.4036356822,0.004089476100000045,0.013433050000000002,-1,-1,-1,-1
204,1469,0.4355669419,0.4035976842,0.00422716569999998,0.013584904900000028,-1,-1,-1,-1
205,1469,0.4385132231,0.4035598234,0.004440800899999986,0.013622765699999984,-1,-1,-1,-1
206,1469,0.4418438624,0.4033701077,0.004440800799999978,0.013774620500000001,-1,-1,-1,-1
207,1469,0.4450463823,0.4033321097,0.0032878813000000173,0.01373675969999999,-1,-1,-1,-1
208,1469,0.4486971654,0.4028766823,0.0032878814000000256,0.01373675969999999,-1,-1,-1,-1
209,1469,0.4521130117,0.4027629627,0.00328788139999997,0.01373675969999999,-1,-1,-1,-1
210,1469,0.4549738656,0.4028028693,0.0032565051999999817,0.013776415700000044,-1,-1,-1,-1
211,1469,0.4578347194,0.402842776,0.00322512920000001,0.01381607159999998,-1,-1,-1,-1
212,1469,0.4606955732,0.4028826827,0.003193753200000038,0.013855727500000026,-1,-1,-1,-1
213,1469,0.463556427,0.4029225893,0.0031623771000000023,0.01389538349999997,-1,-1,-1,-1
214,1469,0.4664172808,0.402962496,0.003131001099999975,0.013935039400000016,-1,-1,-1,-1
215,1469,0.4692781347,0.4030024027,0.0030996249999999947,0.013974695300000006,-1,-1,-1,-1
216,1469,0.4721389885,0.4030423093,0.0030682489999999674,0.014014351400000014,-1,-1,-1,-1
217,1469,0.4749998423,0.403082216,0.0030368729000000427,0.014054007300000004,-1,-1,-1,-1
218,1469,0.4778606961,0.4031221227,0.0030054969000000153,0.01409366320000005,-1,-1,-1,-1
219,1469,0.48072155,0.4031620293,0.0029741207999999797,0.014133319199999994,-1,-1,-1,-1
220,1469,0.4835824038,0.403201936,0.0029427446999999995,0.01417297510000004,-1,-1,-1,-1
221,1469,0.4864432576,0.4032418427,0.002911368699999972,0.014212630999999976,-1,-1,-1,-1
222,1469,0.4893041114,0.4032817493,0.0028799927000000003,0.01425228700000003,-1,-1,-1,-1
223,1469,0.4914925921,0.4034381552,0.0029004382999999745,0.01432214300000001,-1,-1,-1,-1
224,1469,0.4933143401,0.40327979,0.0028112081999999705,0.014094983899999969,-1,-1,-1,-1
225,1469,0.4953647269,0.4033163669,0.0027540802000000086,0.014376794699999973,-1,-1,-1,-1
226,1469,0.4976465518,0.4035741035,0.0027953312000000285,0.01445610180000001,-1,-1,-1,-1
227,1469,0.4991937745,0.4041104464,0.0028796489000000314,0.014458452600000005,-1,-1,-1,-1
228,1469,0.5017371745,0.4046866882,0.0025850774000000243,0.014320079600000035,-1,-1,-1,-1
229,1469,0.5031908142,0.4048449062,0.0035277320000000056,0.014520030500000003,-1,-1,-1,-1
230,1469,0.5054729692,0.4054012116,0.0033282105999999922,0.014361812500000015,-1,-1,-1,-1
231,1469,0.5078615944,0.4053803451,0.0038509812000000476,0.014621504000000007,-1,-1,-1,-1
232,1469,0.5103620796,0.4055053434,0.0028062709999999713,0.014735330800000002,-1,-1,-1,-1
233,1469,0.5124258786,0.4055308884,0.002965805300000013,0.014912944799999994,-1,-1,-1,-1
234,1469,0.5144896776,0.4056359961,0.0031253396000000544,0.015090558699999979,-1,-1,-1,-1
