7,871,0.7031171276,0.4594303372,0.004190273600000016,0.015137473200000029,-1,-1,-1,-1
8,871,0.7030861011,0.4590434983,0.004190273600000016,0.015137473199999973,-1,-1,-1,-1
9,871,0.7031171276,0.4589329337,0.004190273600000016,0.015137473200000029,-1,-1,-1,-1
10,871,0.7029887768,0.4589329337,0.004318624399999971,0.015773082500000035,-1,-1,-1,-1
11,871,0.7028604259,0.4589329337,0.0044469753000000445,0.016408691700000033,-1,-1,-1,-1
12,871,0.7028604259,0.4589329337,0.0044469753000000445,0.016408691700000033,-1,-1,-1,-1
13,871,0.7028604259,0.4589329337,0.0044469753000000445,0.016408691700000033,-1,-1,-1,-1
14,871,0.7028604259,0.4589329337,0.0044469753000000445,0.016408691700000033,-1,-1,-1,-1
15,871,0.7028604259,0.4589329337,0.0044469753000000445,0.016408691700000033,-1,-1,-1,-1
16,871,0.7028604259,0.4589329337,0.0044469753000000445,0.016408691700000033,-1,-1,-1,-1
17,871,0.7028604259,0.4589329337,0.0044469753000000445,0.016408691700000033,-1,-1,-1,-1
18,871,0.7028604259,0.4589329337,0.0044469753000000445,0.016408691700000033,-1,-1,-1,-1
19,871,0.7028604259,0.4589329337,0.0044469753000000445,0.016408691700000033,-1,-1,-1,-1
20,871,0.7028604259,0.4589329337,0.0044469753000000445,0.016408691700000033,-1,-1,-1,-1
21,871,0.7028604259,0.4589329337,0.0044469753000000445,0.016408691700000033,-1,-1,-1,-1
22,871,0.7028604259,0.4589329337,0.0044469753000000445,0.016408691700000033,-1,-1,-1,-1
23,871,0.7028604259,0.4589329337,0.0044469753000000445,0.016408691700000033,-1,-1,-1,-1
24,871,0.7028604259,0.4589329337,0.0044469753000000445,0.016408691700000033,-1,-1,-1,-1
25,871,0.7028604259,0.4589329337,0.0044469753000000445,0.016408691700000033,-1,-1,-1,-1
26,871,0.7028604259,0.4589329337,0.0044469753000000445,0.016408691700000033,-1,-1,-1,-1
27,871,0.7028604259,0.4589329337,0.0044469753000000445,0.016408691700000033,-1,-1,-1,-1
28,871,0.7028604259,0.4589329337,0.0044469753000000445,0.016408691700000033,-1,-1,-1,-1
29,871,0.7028604259,0.4589329337,0.0044469753000000445,0.016408691700000033,-1,-1,-1,-1
30,871,0.7028604259,0.4589329337,0.0044469753000000445,0.016408691700000033,-1,-1,-1,-1
31,871,0.7028604259,0.4589329337,0.0044469753000000445,0.016408691700000033,-1,-1,-1,-1
32,871,0.7028604259,0.4589329337,0.0044469753000000445,0.016408691700000033,-1,-1,-1,-1
33,871,0.7028604259,0.4589329337,0.0044469753000000445,0.016408691700000033,-1,-1,-1,-1
34,871,0.7028604259,0.4589329337,0.0044469753000000445,0.016408691700000033,-1,-1,-1,-1
35,871,0.7028604259,0.4589329337,0.0044469753000000445,0.016408691700000033,-1,-1,-1,-1
36,871,0.7028604259,0.4589329337,0.0044469753000000445,0.016408691700000033,-1,-1,-1,-1
37,871,0.7028604259,0.4589329337,0.0044469753000000445,0.016408691700000033,-1,-1,-1,-1
38,871,0.7028604259,0.4589329337,0.0044469753000000445,0.016408691700000033,-1,-1,-1,-1
39,871,0.7028604259,0.4589329337,0.0044469753000000445,0.016408691700000033,-1,-1,-1,-1
40,871,0.7028604259,0.4589329337,0.0044469753000000445,0.016408691700000033,-1,-1,-1,-1
41,871,0.7028604259,0.4589329337,0.0044469753000000445,0.016408691700000033,-1,-1,-1,-1
42,871,0.7028604259,0.4589329337,0.0044469753000000445,0.016408691700000033,-1,-1,-1,-1
43,871,0.7028604259,0.4589329337,0.0044469753000000445,0.016408691700000033,-1,-1,-1,-1
44,871,0.7028604259,0.4589329337,0.0044469753000000445,0.016408691700000033,-1,-1,-1,-1
45,871,0.7028604259,0.4589329337,0.0044469753000000445,0.016408691700000033,-1,-1,-1,-1
46,871,0.7028604259,0.4589329337,0.0044469753000000445,0.016408691700000033,-1,-1,-1,-1
47,871,0.7028604259,0.4589329337,0.0044469753000000445,0.016408691700000033,-1,-1,-1,-1
48,871,0.7028604259,0.4589329337,0.0044469753000000445,0.016408691700000033,-1,-1,-1,-1
49,871,0.7028604259,0.4589329337,0.0044469753000000445,0.016408691700000033,-1,-1,-1,-1
50,871,0.7028604259,0.4589329337,0.0044469753000000445,0.016408691700000033,-1,-1,-1,-1
51,871,0.7028604259,0.4589329337,0.0044469753000000445,0.016408691700000033,-1,-1,-1,-1
52,871,0.7028604259,0.4589329337,0.0044469753000000445,0.016408691700000033,-1,-1,-1,-1
53,871,0.7028604259,0.4589329337,0.0044469753000000445,0.016408691700000033,-1,-1,-1,-1
54,871,0.7028604259,0.4589329337,0.0044469753000000445,0.016408691700000033,-1,-1,-1,-1
55,871,0.7028604259,0.4589329337,0.0044469753000000445,0.016408691700000033,-1,-1,-1,-1
56,871,0.7028604259,0.4589329337,0.0044469753000000445,0.016408691700000033,-1,-1,-1,-1
57,871,0.7028604259,0.4589329337,0.0044469753000000445,0.016408691700000033,-1,-1,-1,-1
58,871,0.7028604259,0.4589329337,0.0044469753000000445,0.016408691700000033,-1,-1,-1,-1
59,871,0.7028604259,0.4589329337,0.0044469753000000445,0.016408691700000033,-1,-1,-1,-1
60,871,0.7028604259,0.4589329337,0.0044469753000000445,0.016408691700000033,-1,-1,-1,-1
61,871,0.7028604259,0.4589329337,0.0044469753000000445,0.016408691700000033,-1,-1,-1,-1
62,871,0.7028604259,0.4589329337,0.0044469753000000445,0.016408691700000033,-1,-1,-1,-1
63,871,0.7028604259,0.4589329337,0.0044469753000000445,0.016408691700000033,-1,-1,-1,-1
64,871,0.7028604259,0.4589329337,0.0044469753000000445,0.016408691700000033,-1,-1,-1,-1
65,871,0.7028604259,0.4589329337,0.0044469753000000445,0.016408691700000033,-1,-1,-1,-1
66,871,0.7028604259,0.4589329337,0.0044469753000000445,0.016408691700000033,-1,-1,-1,-1
67,871,0.7028604259,0.4589329337,0.0044469753000000445,0.016408691700000033,-1,-1,-1,-1
68,871,0.7028604259,0.4589329337,0.0044469753000000445,0.016408691700000033,-1,-1,-1,-1
69,871,0.7028604259,0.4589329337,0.0044469753000000445,0.016408691700000033,-1,-1,-1,-1
70,871,0.7028604259,0.4589329337,0.0044469753000000445,0.016408691700000033,-1,-1,-1,-1
71,871,0.7028604259,0.4589329337,0.0044469753000000445,0.016408691700000033,-1,-1,-1,-1
72,871,0.7028604259,0.4589329337,0.0044469753000000445,0.016408691700000033,-1,-1,-1,-1
73,871,0.7028604259,0.4589329337,0.0044469753000000445,0.016408691700000033,-1,-1,-1,-1
74,871,0.7028604259,0.4589329337,0.0044469753000000445,0.016408691700000033,-1,-1,-1,-1
75,871,0.7028604259,0.4589329337,0.0044469753000000445,0.016408691700000033,-1,-1,-1,-1
76,871,0.7028604259,0.4589329337,0.0044469753000000445,0.016408691700000033,-1,-1,-1,-1
77,871,0.7028604259,0.4589329337,0.0044469753000000445,0.016408691700000033,-1,-1,-1,-1
78,871,0.7028604259,0.4589329337,0.0044469753000000445,0.016408691700000033,-1,-1,-1,-1
79,871,0.7028604259,0.4589329337,0.0044469753000000445,0.016408691700000033,-1,-1,-1,-1
80,871,0.7028604259,0.4589329337,0.0044469753000000445,0.016408691700000033,-1,-1,-1,-1
81,871,0.7028604259,0.4589329337,0.0044469753000000445,0.016408691700000033,-1,-1,-1,-1
82,871,0.7028604259,0.4589329337,0.0044469753000000445,0.016408691700000033,-1,-1,-1,-1
83,871,0.7028604259,0.4589329337,0.0044469753000000445,0.016408691700000033,-1,-1,-1,-1
84,871,0.7028604259,0.4589329337,0.0044469753000000445,0.016408691700000033,-1,-1,-1,-1
85,871,0.7028604259,0.4589329337,0.0044469753000000445,0.016408691700000033,-1,-1,-1,-1
86,871,0.7028604259,0.4589329337,0.0044469753000000445,0.016408691700000033,-1,-1,-1,-1
87,871,0.7028604259,0.4589329337,0.0044469753000000445,0.016408691700000033,-1,-1,-1,-1
88,871,0.7028604259,0.4589329337,0.0044469753000000445,0.016408691700000033,-1,-1,-1,-1
89,871,0.7028604259,0.4589329337,0.0044469753000000445,0.016408691700000033,-1,-1,-1,-1
90,871,0.7028604259,0.4589329337,0.0044469753000000445,0.016408691700000033,-1,-1,-1,-1
91,871,0.7028604259,0.4589329337,0.0044469753000000445,0.016408691700000033,-1,-1,-1,-1
92,871,0.7028604259,0.4589329337,0.0044469753000000445,0.016408691700000033,-1,-1,-1,-1
93,871,0.7028604259,0.4589329337,0.0044469753000000445,0.016408691700000033,-1,-1,-1,-1
94,871,0.7028604259,0.4589329337,0.0044469753000000445,0.016408691700000033,-1,-1,-1,-1
95,871,0.7028604259,0.4589329337,0.0044469753000000445,0.016408691700000033,-1,-1,-1,-1
96,871,0.7028604259,0.4589329337,0.0044469753000000445,0.016408691700000033,-1,-1,-1,-1
97,871,0.7028604259,0.4589329337,0.0044469753000000445,0.016408691700000033,-1,-1,-1,-1
98,871,0.7028604259,0.4589329337,0.0044469753000000445,0.016408691700000033,-1,-1,-1,-1
99,871,0.7028604259,0.4589329337,0.0044469753000000445,0.016408691700000033,-1,-1,-1,-1
100,871,0.7028604259,0.4589329337,0.0044469753000000445,0.016408691700000033,-1,-1,-1,-1
101,871,0.7028604259,0.4589329337,0.0044469753000000445,0.016408691700000033,-1,-1,-1,-1
102,871,0.7028604259,0.4589329337,0.0044469753000000445,0.016408691700000033,-1,-1,-1,-1
103,871,0.7028604259,0.4589329337,0.0044469753000000445,0.016408691700000033,-1,-1,-1,-1
104,871,0.7028604259,0.4589329337,0.0044469753000000445,0.016408691700000033,-1,-1,-1,-1
105,871,0.7028604259,0.4589329337,0.0044469753000000445,0.016408691700000033,-1,-1,-1,-1
106,871,0.7028604259,0.4589329337,0.0044469753000000445,0.016408691700000033,-1,-1,-1,-1
107,871,0.7028604259,0.4589329337,0.0044469753000000445,0.016408691700000033,-1,-1,-1,-1
108,871,0.7028604259,0.4589329337,0.0044469753000000445,0.016408691700000033,-1,-1,-1,-1
109,871,0.7028604259,0.4589329337,0.0044469753000000445,0.016408691700000033,-1,-1,-1,-1
110,871,0.7028604259,0.4589329337,0.0044469753000000445,0.016408691700000033,-1,-1,-1,-1
111,871,0.7028604259,0.4589329337,0.0044469753000000445,0.016408691700000033,-1,-1,-1,-1
112,871,0.7028604259,0.4589329337,0.0044469753000000445,0.016408691700000033,-1,-1,-1,-1
113,871,0.7028604259,0.4589329337,0.0044469753000000445,0.016408691700000033,-1,-1,-1,-1
114,871,0.7028604259,0.4589329337,0.0044469753000000445,0.016408691700000033,-1,-1,-1,-1
115,871,0.7028604259,0.4589329337,0.0044469753000000445,0.016408691700000033,-1,-1,-1,-1
116,871,0.7028604259,0.4589329337,0.0044469753000000445,0.016408691700000033,-1,-1,-1,-1
117,871,0.7028604259,0.4589329337,0.0044469753000000445,0.016408691700000033,-1,-1,-1,-1
118,871,0.7028604259,0.4589329337,0.0044469753000000445,0.016408691700000033,-1,-1,-1,-1
119,871,0.7028604259,0.4589329337,0.0044469753000000445,0.016408691700000033,-1,-1,-1,-1
120,871,0.7028604259,0.4589329337,0.0044469753000000445,0.016408691700000033,-1,-1,-1,-1
121,871,0.7028604259,0.4589329337,0.0044469753000000445,0.016408691700000033,-1,-1,-1,-1
122,871,0.7028604259,0.4589329337,0.0044469753000000445,0.016408691700000033,-1,-1,-1,-1
123,871,0.7028604259,0.4589329337,0.0044469753000000445,0.016408691700000033,-1,-1,-1,-1
124,871,0.7028604259,0.4589329337,0.0044469753000000445,0.016408691700000033,-1,-1,-1,-1
125,871,0.7028604259,0.4589329337,0.0044469753000000445,0.016408691700000033,-1,-1,-1,-1
126,871,0.7028604259,0.4589329337,0.0044469753000000445,0.016408691700000033,-1,-1,-1,-1
127,871,0.7028604259,0.4589329337,0.0044469753000000445,0.016408691700000033,-1,-1,-1,-1
128,871,0.7028604259,0.4589329337,0.0044469753000000445,0.016408691700000033,-1,-1,-1,-1
129,871,0.7028604259,0.4589329337,0.0044469753000000445,0.016408691700000033,-1,-1,-1,-1
130,871,0.7028604259,0.4589329337,0.0044469753000000445,0.016408691700000033,-1,-1,-1,-1
131,871,0.7028604259,0.4589329337,0.0044469753000000445,0.016408691700000033,-1,-1,-1,-1
132,871,0.7028604259,0.4589329337,0.0044469753000000445,0.016408691700000033,-1,-1,-1,-1
133,871,0.7028604259,0.4589329337,0.0044469753000000445,0.016408691700000033,-1,-1,-1,-1
134,871,0.7028604259,0.4589329337,0.0044469753000000445,0.016408691700000033,-1,-1,-1,-1
135,871,0.7028604259,0.4589329337,0.0044469753000000445,0.016408691700000033,-1,-1,-1,-1
136,871,0.7028604259,0.4589329337,0.0044469753000000445,0.016408691700000033,-1,-1,-1,-1
137,871,0.7028604259,0.4589329337,0.0044469753000000445,0.016408691700000033,-1,-1,-1,-1
138,871,0.7028604259,0.4589329337,0.0044469753000000445,0.016408691700000033,-1,-1,-1,-1
139,871,0.7028604259,0.4589329337,0.0044469753000000445,0.016408691700000033,-1,-1,-1,-1
140,871,0.7028604259,0.4589329337,0.0044469753000000445,0.016408691700000033,-1,-1,-1,-1
141,871,0.7028604259,0.4589329337,0.0044469753000000445,0.016408691700000033,-1,-1,-1,-1
142,871,0.7028604259,0.4589329337,0.0044469753000000445,0.016408691700000033,-1,-1,-1,-1
143,871,0.7028604259,0.4589329337,0.0044469753000000445,0.016408691700000033,-1,-1,-1,-1
144,871,0.7028604259,0.4589329337,0.0044469753000000445,0.016408691700000033,-1,-1,-1,-1
145,871,0.7028604259,0.4589329337,0.0044469753000000445,0.016408691700000033,-1,-1,-1,-1
146,871,0.7028604259,0.4589329337,0.0044469753000000445,0.016408691700000033,-1,-1,-1,-1
147,871,0.7028604259,0.4589329337,0.0044469753000000445,0.016408691700000033,-1,-1,-1,-1
148,871,0.7028604259,0.4589329337,0.0044469753000000445,0.016408691700000033,-1,-1,-1,-1
149,871,0.7028604259,0.4589329337,0.0044469753000000445,0.016408691700000033,-1,-1,-1,-1
150,871,0.7028604259,0.4589329337,0.0044469753000000445,0.016408691700000033,-1,-1,-1,-1
151,871,0.7028604259,0.4589329337,0.0044469753000000445,0.016408691700000033,-1,-1,-1,-1
152,871,0.7028604259,0.4589329337,0.0044469753000000445,0.016408691700000033,-1,-1,-1,-1
153,871,0.7028604259,0.4589329337,0.0044469753000000445,0.016408691700000033,-1,-1,-1,-1
154,871,0.7028604259,0.4589329337,0.0044469753000000445,0.016408691700000033,-1,-1,-1,-1
155,871,0.7028604259,0.4589329337,0.0044469753000000445,0.016408691700000033,-1,-1,-1,-1
156,871,0.7028604259,0.4589329337,0.0044469753000000445,0.016408691700000033,-1,-1,-1,-1
157,871,0.7028604259,0.4589329337,0.0044469753000000445,0.016408691700000033,-1,-1,-1,-1
158,871,0.7028604259,0.4589329337,0.0044469753000000445,0.016408691700000033,-1,-1,-1,-1
159,871,0.7028604259,0.4589329337,0.0044469753000000445,0.016408691700000033,-1,-1,-1,-1
160,871,0.7028604259,0.4589329337,0.0044469753000000445,0.016408691700000033,-1,-1,-1,-1
161,871,0.7028604259,0.4589329337,0.0044469753000000445,0.016408691700000033,-1,-1,-1,-1
162,871,0.7028604259,0.4589329337,0.0044469753000000445,0.016408691700000033,-1,-1,-1,-1
163,871,0.7028604259,0.4589329337,0.0044469753000000445,0.016408691700000033,-1,-1,-1,-1
164,871,0.7028604259,0.4589329337,0.0044469753000000445,0.016408691700000033,-1,-1,-1,-1
165,871,0.7028604259,0.4589329337,0.0044469753000000445,0.016408691700000033,-1,-1,-1,-1
166,871,0.7028604259,0.4589329337,0.0044469753000000445,0.016408691700000033,-1,-1,-1,-1
167,871,0.7028604259,0.4589329337,0.0044469753000000445,0.016408691700000033,-1,-1,-1,-1
168,871,0.7028604259,0.4589329337,0.0044469753000000445,0.016408691700000033,-1,-1,-1,-1
169,871,0.7028604259,0.4589329337,0.0044469753000000445,0.016408691700000033,-1,-1,-1,-1
170,871,0.7028604259,0.4589329337,0.0044469753000000445,0.016408691700000033,-1,-1,-1,-1
171,871,0.7028604259,0.4589329337,0.0044469753000000445,0.016408691700000033,-1,-1,-1,-1
172,871,0.7028604259,0.4589329337,0.0044469753000000445,0.016408691700000033,-1,-1,-1,-1
173,871,0.7028604259,0.4589329337,0.0044469753000000445,0.016408691700000033,-1,-1,-1,-1
174,871,0.7028604259,0.4589329337,0.0044469753000000445,0.016408691700000033,-1,-1,-1,-1
175,871,0.7028604259,0.4589329337,0.0044469753000000445,0.016408691700000033,-1,-1,-1,-1
176,871,0.7028604259,0.4589329337,0.0044469753000000445,0.016408691700000033,-1,-1,-1,-1
177,871,0.7028604259,0.4589329337,0.0044469753000000445,0.016408691700000033,-1,-1,-1,-1
178,871,0.7028604259,0.4589329337,0.0044469753000000445,0.016408691700000033,-1,-1,-1,-1
179,871,0.7028604259,0.4589329337,0.0044469753000000445,0.016408691700000033,-1,-1,-1,-1
180,871,0.7028604259,0.4589329337,0.0044469753000000445,0.016408691700000033,-1,-1,-1,-1
181,871,0.7028604259,0.4589329337,0.0044469753000000445,0.016408691700000033,-1,-1,-1,-1
182,871,0.7028604259,0.4589329337,0.0044469753000000445,0.016408691700000033,-1,-1,-1,-1
183,871,0.7028604259,0.4589329337,0.0044469753000000445,0.016408691700000033,-1,-1,-1,-1
184,871,0.7028604259,0.4589329337,0.0044469753000000445,0.016408691700000033,-1,-1,-1,-1
185,871,0.7028604259,0.4589329337,0.0044469753000000445,0.016408691700000033,-1,-1,-1,-1
186,871,0.7028604259,0.4589329337,0.0044469753000000445,0.016408691700000033,-1,-1,-1,-1
187,871,0.7028604259,0.4589329337,0.0044469753000000445,0.016408691700000033,-1,-1,-1,-1
188,871,0.7028604259,0.4589329337,0.0044469753000000445,0.016408691700000033,-1,-1,-1,-1
189,871,0.7028604259,0.4589329337,0.0044469753000000445,0.016408691700000033,-1,-1,-1,-1
190,871,0.7028604259,0.4589329337,0.0044469753000000445,0.016408691700000033,-1,-1,-1,-1
191,871,0.7028604259,0.4589329337,0.0044469753000000445,0.016408691700000033,-1,-1,-1,-1
192,871,0.7028604259,0.4589329337,0.0044469753000000445,0.016408691700000033,-1,-1,-1,-1
193,871,0.7028604259,0.4589329337,0.0044469753000000445,0.016408691700000033,-1,-1,-1,-1
194,871,0.7028604259,0.4589329337,0.0044469753000000445,0.016408691700000033,-1,-1,-1,-1
195,871,0.7028604259,0.4589329337,0.0044469753000000445,0.016408691700000033,-1,-1,-1,-1
196,871,0.7028604259,0.4589329337,0.0044469753000000445,0.016408691700000033,-1,-1,-1,-1
197,871,0.7028604259,0.4589329337,0.0044469753000000445,0.016408691700000033,-1,-1,-1,-1
198,871,0.7028604259,0.4589329337,0.0044469753000000445,0.016408691700000033,-1,-1,-1,-1
199,871,0.7028604259,0.4589329337,0.0044469753000000445,0.016408691700000033,-1,-1,-1,-1
200,871,0.7028604259,0.4589329337,0.0044469753000000445,0.016408691700000033,-1,-1,-1,-1
201,871,0.7028604259,0.4589329337,0.0044469753000000445,0.016408691700000033,-1,-1,-1,-1
202,871,0.7028604259,0.4589329337,0.0044469753000000445,0.016408691700000033,-1,-1,-1,-1
203,871,0.7028604259,0.4589329337,0.0044469753000000445,0.016408691700000033,-1,-1,-1,-1
204,871,0.7028604259,0.4589329337,0.0044469753000000445,0.016408691700000033,-1,-1,-1,-1
205,871,0.7028604259,0.4589329337,0.0044469753000000445,0.016408691700000033,-1,-1,-1,-1
206,871,0.7028604259,0.4589329337,0.0044469753000000445,0.016408691700000033,-1,-1,-1,-1
207,871,0.7028604259,0.4589329337,0.0044469753000000445,0.016408691700000033,-1,-1,-1,-1
208,871,0.7028604259,0.4589329337,0.0044469753000000445,0.016408691700000033,-1,-1,-1,-1
209,871,0.7028604259,0.4589329337,0.0044469753000000445,0.016408691700000033,-1,-1,-1,-1
210,871,0.7028604259,0.4589329337,0.0044469753000000445,0.016408691700000033,-1,-1,-1,-1
211,871,0.7028604259,0.4589329337,0.0044469753000000445,0.016408691700000033,-1,-1,-1,-1
212,871,0.7028604259,0.4589329337,0.0044469753000000445,0.016408691700000033,-1,-1,-1,-1
213,871,0.7028604259,0.4589329337,0.0044469753000000445,0.016408691700000033,-1,-1,-1,-1
214,871,0.7028604259,0.4589329337,0.0044469753000000445,0.016408691700000033,-1,-1,-1,-1
215,871,0.7028604259,0.4589329337,0.0044469753000000445,0.016408691700000033,-1,-1,-1,-1
216,871,0.7028604259,0.4589329337,0.0044469753000000445,0.016408691700000033,-1,-1,-1,-1
217,871,0.7028604259,0.4589329337,0.0044469753000000445,0.016408691700000033,-1,-1,-1,-1
218,871,0.7028604259,0.4589329337,0.0044469753000000445,0.016408691700000033,-1,-1,-1,-1
219,871,0.7028604259,0.4589329337,0.0044469753000000445,0.016408691700000033,-1,-1,-1,-1
220,871,0.7028604259,0.4589329337,0.0044469753000000445,0.016408691700000033,-1,-1,-1,-1
221,871,0.7028604259,0.4589329337,0.0044469753000000445,0.016408691700000033,-1,-1,-1,-1
222,871,0.7028604259,0.4589329337,0.0044469753000000445,0.016408691700000033,-1,-1,-1,-1
223,871,0.7028604259,0.4589329337,0.0044469753000000445,0.016408691700000033,-1,-1,-1,-1
224,871,0.7028604259,0.4589329337,0.0044469753000000445,0.016408691700000033,-1,-1,-1,-1
225,871,0.7028604259,0.4589329337,0.0044469753000000445,0.016408691700000033,-1,-1,-1,-1
226,871,0.7028604259,0.4589329337,0.0044469753000000445,0.016408691700000033,-1,-1,-1,-1
227,871,0.7028604259,0.4589329337,0.0044469753000000445,0.016408691700000033,-1,-1,-1,-1
228,871,0.7028604259,0.4589329337,0.0044469753000000445,0.016408691700000033,-1,-1,-1,-1
229,871,0.7028604259,0.4589329337,0.0044469753000000445,0.016408691700000033,-1,-1,-1,-1
230,871,0.7028604259,0.4589329337,0.0044469753000000445,0.016408691700000033,-1,-1,-1,-1
231,871,0.7028604259,0.4589329337,0.0044469753000000445,0.016408691700000033,-1,-1,-1,-1
232,871,0.7028604259,0.4589329337,0.0044469753000000445,0.016408691700000033,-1,-1,-1,-1
233,871,0.7028604259,0.4589329337,0.0044469753000000445,0.016408691700000033,-1,-1,-1,-1
234,871,0.7028604259,0.4589329337,0.0044469753000000445,0.016408691700000033,-1,-1,-1,-1
