3,1322,0.3936063211,0.3868401516,0.0015803441000000196,0.008035275299999978,-1,-1,-1,-1
4,1322,0.3942311729,0.3866123007,0.0017195774000000053,0.008264360799999981,-1,-1,-1,-1
5,1322,0.3944556133,0.3865268395,0.0018635958000000064,0.008349822000000007,-1,-1,-1,-1
6,1322,0.3947600124,0.3864128455,0.001975816099999972,0.008549277199999983,-1,-1,-1,-1
7,1322,0.3952567449,0.3862420602,0.0018155897000000087,0.00866313409999997,-1,-1,-1,-1
8,1322,0.3958335906,0.3861849946,0.001863750200000014,0.008720199699999986,-1,-1,-1,-1
9,1322,0.3966989362,0.3859856766,0.0018637502999999667,0.008720199600000034,-1,-1,-1,-1
10,1322,0.3975161214,0.3857578257,0.0016553633999999984,0.008805523699999984,-1,-1,-1,-1
11,1322,0.3982371399,0.3857294301,0.0016714169,0.0086060684,-1,-1,-1,-1
12,1322,0.398797932,0.3856155732,0.001927809899999966,0.008577535699999972,-1,-1,-1,-1
13,1322,0.3997433909,0.3855017164,0.0017194229999999977,0.008577535599999964,-1,-1,-1,-1
14,1322,0.400560576,0.3853023983,0.001719423100000006,0.008577535699999972,-1,-1,-1,-1
15,1322,0.4016983682,0.3851600087,0.0016712624999999925,0.008691392500000006,-1,-1,-1,-1
16,1322,0.4027879999,0.385017619,0.0016712624999999925,0.008691392500000006,-1,-1,-1,-1
17,1322,0.4043471966,0.384903625,0.0015060966000000064,0.008662996899999997,-1,-1,-1,-1
18,1322,0.4054687809,0.3847043069,0.0015703106000000133,0.008435146100000013,-1,-1,-1,-1
19,1322,0.4065584125,0.3844764561,0.001570310699999966,0.008435146000000004,-1,-1,-1,-1
20,1322,0.4073275915,0.3844193905,0.0015703107000000216,0.008435146000000004,-1,-1,-1,-1
21,1322,0.4081608302,0.3842200724,0.0015703106000000133,0.008435146000000004,-1,-1,-1,-1
22,1322,0.4086254557,0.3839352931,0.0015703106000000133,0.008435146000000004,-1,-1,-1,-1
23,1322,0.4091862478,0.3838499691,0.001570310699999966,0.008435146000000004,-1,-1,-1,-1
24,1322,0.409522754,0.3837930407,0.0017146378000000295,0.008264086400000037,-1,-1,-1,-1
25,1322,0.4101156532,0.383764645,0.0015062509000000057,0.008207020799999964,-1,-1,-1,-1
26,1322,0.4108527251,0.3835938598,0.0015703107000000216,0.00755200100000003,-1,-1,-1,-1
27,1322,0.4118620893,0.3832805477,0.0015704649999999654,0.007893708700000002,-1,-1,-1,-1
28,1322,0.4128876613,0.3832236193,0.0015704650000000209,0.008349410400000035,-1,-1,-1,-1
29,1322,0.4142015789,0.3831145636,0.0015383580000000174,0.008202082399999977,-1,-1,-1,-1
30,1322,0.4160282826,0.3832284204,0.001538357999999962,0.008202082499999985,-1,-1,-1,-1
31,1322,0.4178389327,0.3830860308,0.0014262922000000122,0.007888907500000042,-1,-1,-1,-1
