1,2403,0.8530750798,0.4865617373,0.006179364600000015,0.031801314000000025,-1,-1,-1,-1
2,2403,0.8454859396,0.4893718065,0.006120244500000038,0.03008893459999995,-1,-1,-1,-1
3,2403,0.8414541944,0.4885287172,0.006594594700000012,0.0341637749,-1,-1,-1,-1
4,2403,0.8377385798,0.4897933512,0.006594594600000003,0.03416377500000001,-1,-1,-1,-1
5,2403,0.831465827,0.4905675777,0.008200716999999913,0.03372974720000005,-1,-1,-1,-1
6,2403,0.8275790265,0.4922256352,0.006814249800000005,0.03306471350000001,-1,-1,-1,-1
7,2403,0.8190280652,0.492778321,0.01007913149999995,0.03306471350000001,-1,-1,-1,-1
8,2403,0.812859969,0.4933004164,0.007331203499999939,0.033064713400000056,-1,-1,-1,-1
9,2403,0.8035342718,0.4926478657,0.0085795179,0.033401620099999974,-1,-1,-1,-1
10,2403,0.7945663825,0.4920253569,0.007130689100000032,0.03298172140000005,-1,-1,-1,-1
11,2403,0.7851080895,0.4900331365,0.006149727299999963,0.03235893820000002,-1,-1,-1,-1
12,2403,0.7755797168,0.4881651983,0.005308924999999909,0.033106140900000025,-1,-1,-1,-1
13,2403,0.7650546375,0.4874179956,0.005534908999999977,0.03260818870000004,-1,-1,-1,-1
14,2403,0.7567319756,0.4861367632,0.005534908999999977,0.03260818870000004,-1,-1,-1,-1
15,2403,0.7457787,0.4850385248,0.008275581799999987,0.032552083300000034,-1,-1,-1,-1
16,2403,0.7363982047,0.4844396103,0.010016769800000103,0.03155370969999999,-1,-1,-1,-1
17,2403,0.7290396793,0.4828421851,0.009792175099999967,0.031753439299999964,-1,-1,-1,-1
18,2403,0.7214188952,0.4814443523,0.009155746199999926,0.03175343930000002,-1,-1,-1,-1
19,2403,0.7136111804,0.4796471974,0.011234057599999958,0.03065547519999995,-1,-1,-1,-1
20,2403,0.7091174339,0.477750315,0.008537994899999957,0.03055561039999999,-1,-1,-1,-1
21,2403,0.702994874,0.4760530249,0.008537994899999957,0.03055561039999999,-1,-1,-1,-1
22,2403,0.6974337237,0.4743557349,0.004831024499999947,0.030555610400000044,-1,-1,-1,-1
23,2403,0.6900753527,0.4729580392,0.0048310245000000585,0.030555610499999997,-1,-1,-1,-1
24,2403,0.6822114506,0.4717600732,0.0048310245000000585,0.03055561039999999,-1,-1,-1,-1
25,2403,0.6744035814,0.4704622423,0.004831024499999947,0.030555610499999997,-1,-1,-1,-1
26,2403,0.6661463685,0.4696635983,0.0048310245000000585,0.030555610400000044,-1,-1,-1,-1
27,2403,0.6578329682,0.4694638687,0.004831024499999947,0.026537149699999985,-1,-1,-1,-1
28,2403,0.6491665452,0.4683635726,0.0048310245000000585,0.026537149699999985,-1,-1,-1,-1
29,2403,0.6410572098,0.4674834455,0.004831024499999947,0.02653714970000004,-1,-1,-1,-1
30,2403,0.6313385104,0.4666031812,0.005829892099999956,0.026975018399999995,-1,-1,-1,-1
31,2403,0.6232910735,0.4661631176,0.007563361999999962,0.02741508199999998,-1,-1,-1,-1
32,2403,0.6152436366,0.4648427898,0.0045301756999999165,0.028075314500000004,-1,-1,-1,-1
33,2403,0.6064534164,0.4640725414,0.004282426900000025,0.02862553109999999,-1,-1,-1,-1
34,2403,0.597229906,0.4646226208,0.005830046399999955,0.027305203300000025,-1,-1,-1,-1
35,2403,0.5877700694,0.464703418,0.008291635299999989,0.02687734850000001,-1,-1,-1,-1
36,2403,0.5792654163,0.4642991576,0.008427935800000008,0.02623083370000001,-1,-1,-1,-1
37,2403,0.5714884192,0.4636525056,0.009201128199999964,0.02671575409999999,-1,-1,-1,-1
38,2403,0.5639841774,0.4626825276,0.009201128200000075,0.02671575409999999,-1,-1,-1,-1
39,2403,0.5567074632,0.4621166728,0.008609926900000064,0.02671575409999999,-1,-1,-1,-1
40,2403,0.5489758481,0.461550818,0.009054331299999996,0.026715754100000044,-1,-1,-1,-1
41,2403,0.5428361542,0.4614700208,0.00679078700000002,0.025664978800000016,-1,-1,-1,-1
42,2403,0.5367873787,0.4604191084,0.005107947499999987,0.025745913200000026,-1,-1,-1,-1
43,2403,0.5294652824,0.4588023412,0.0041527639999999755,0.02663509409999998,-1,-1,-1,-1
44,2403,0.5206421834,0.458074892,0.005972058300000027,0.026715891200000008,-1,-1,-1,-1
45,2403,0.5126831952,0.457751566,0.007518288599999923,0.02615003640000002,-1,-1,-1,-1
46,2403,0.5052700261,0.45742824,0.007836734600000006,0.02615003640000002,-1,-1,-1,-1
47,2403,0.4974474927,0.4579131604,0.008882682199999992,0.025341789999999975,-1,-1,-1,-1
48,2403,0.4910347348,0.4576706316,0.007973189500000033,0.024937666800000036,-1,-1,-1,-1
49,2403,0.4847585862,0.456862248,0.007245533400000004,0.02493766679999998,-1,-1,-1,-1
50,2403,0.4775274083,0.4559730672,0.006426804600000002,0.02493766679999998,-1,-1,-1,-1
51,2403,0.4693865832,0.4545988288,0.00547162109999999,0.02590778199999999,-1,-1,-1,-1
52,2403,0.4634429273,0.454032974,0.004456854400000043,0.025341927200000003,-1,-1,-1,-1
53,2403,0.4553021023,0.4536288508,0.007913297499999972,0.024856869599999998,-1,-1,-1,-1
54,2403,0.4502992744,0.4524971412,0.007049340999999987,0.025261129999999965,-1,-1,-1,-1
55,2403,0.4456604289,0.4516887576,0.008186207000000001,0.02526113000000002,-1,-1,-1,-1
56,2403,0.4432499333,0.4504762508,0.005002673499999999,0.02526113000000002,-1,-1,-1,-1
57,2403,0.4386109334,0.449910396,0.006912886299999976,0.023725297199999995,-1,-1,-1,-1
58,2403,0.4360184467,0.4480512372,0.004593617900000013,0.024533680800000013,-1,-1,-1,-1
59,2403,0.4317888112,0.4472428536,0.004502699499999985,0.024129557600000018,-1,-1,-1,-1
60,2403,0.4266950649,0.4461920784,0.005548801400000025,0.0242103548,-1,-1,-1,-1
61,2403,0.42261377,0.4454285517,0.004993103100000007,0.023979211599999994,-1,-1,-1,-1
62,2403,0.417329697,0.4446648878,0.007141031299999989,0.022375887799999994,-1,-1,-1,-1
63,2403,0.4142793767,0.4443593948,0.004262823000000027,0.02237588780000005,-1,-1,-1,-1
64,2403,0.4086515426,0.4430614267,0.007699662400000029,0.02176503900000004,-1,-1,-1,-1
65,2403,0.4059451378,0.4419161366,0.0043915598,0.021765038999999986,-1,-1,-1,-1
66,2403,0.4016921938,0.4409233872,0.006066989999999994,0.022757651200000006,-1,-1,-1,-1
67,2403,0.3988936356,0.4398761786,0.004597168200000001,0.02254914229999999,-1,-1,-1,-1
68,2403,0.3960950775,0.4388945406,0.004191971500000002,0.022549142199999983,-1,-1,-1,-1
69,2403,0.3909030035,0.4383055029,0.006364597299999997,0.02254914220000004,-1,-1,-1,-1
70,2403,0.3881029017,0.4375842266,0.005227113900000024,0.022107706999999976,-1,-1,-1,-1
71,2403,0.3837608917,0.4370792784,0.00660678910000001,0.021170102700000026,-1,-1,-1,-1
72,2403,0.3818942086,0.4362138292,0.004577718800000019,0.02117010269999997,-1,-1,-1,-1
73,2403,0.3780796488,0.4350598969,0.005754564199999979,0.021025792599999982,-1,-1,-1,-1
74,2403,0.375482377,0.4341944477,0.004334292000000017,0.021314138500000024,-1,-1,-1,-1
75,2403,0.3729258563,0.4334731715,0.0044965249999999735,0.021241983399999997,-1,-1,-1,-1
76,2403,0.3699635215,0.4327518952,0.005551579899999992,0.021241983399999997,-1,-1,-1,-1
77,2403,0.3682996683,0.432102774,0.004050268500000009,0.021241983399999997,-1,-1,-1,-1
78,2403,0.3654821238,0.4321821995,0.005485976700000006,0.0202672042,-1,-1,-1,-1
79,2403,0.3634697243,0.4313872592,0.004278413499999967,0.0202672042,-1,-1,-1,-1
80,2403,0.3612782665,0.4308308696,0.00499402929999998,0.020108353299999993,-1,-1,-1,-1
81,2403,0.3590421985,0.430115492,0.003965370099999976,0.019790377199999987,-1,-1,-1,-1
82,2403,0.3564483225,0.4290821382,0.005396601899999964,0.019949365299999966,-1,-1,-1,-1
83,2403,0.3553301342,0.4282077726,0.0037420103000000426,0.019790377200000042,-1,-1,-1,-1
84,2403,0.3537201528,0.4275719575,0.004681140400000006,0.019472401100000036,-1,-1,-1,-1
85,2403,0.3528705519,0.4268565799,0.004099663899999995,0.019472401100000036,-1,-1,-1,-1
86,2403,0.3522571228,0.4261070452,0.004099663899999995,0.019472401100000036,-1,-1,-1,-1
87,2403,0.351183699,0.4254938644,0.004301104499999986,0.01933481260000003,-1,-1,-1,-1
88,2403,0.3509154203,0.4249488604,0.0036493939000000197,0.01933481269999998,-1,-1,-1,-1
89,2403,0.3492670031,0.4247444668,0.004607819100000021,0.018721631800000027,-1,-1,-1,-1
90,2403,0.349458719,0.4242676399,0.003572831100000007,0.01838088430000001,-1,-1,-1,-1
91,2403,0.3478816165,0.4234167314,0.004389861900000014,0.018380884399999964,-1,-1,-1,-1
92,2403,0.3476954576,0.4229202881,0.003448107700000036,0.01838088440000002,-1,-1,-1,-1
93,2403,0.3466712748,0.4222582723,0.004379210999999994,0.018380884399999964,-1,-1,-1,-1
94,2403,0.3464814113,0.4216675885,0.0035970656000000045,0.017705562399999986,-1,-1,-1,-1
95,2403,0.3458167344,0.4212878828,0.0039057868999999856,0.017578947999999983,-1,-1,-1,-1
96,2403,0.3446635062,0.4203143382,0.004187186299999979,0.017865099099999948,-1,-1,-1,-1
97,2403,0.3449115637,0.4198292806,0.0034153832000000106,0.017865099100000004,-1,-1,-1,-1
98,2403,0.344390751,0.4194325649,0.003936195899999995,0.017967158799999994,-1,-1,-1,-1
99,2403,0.3452624254,0.4187901654,0.003162077399999963,0.017967158799999994,-1,-1,-1,-1
100,2403,0.3452837272,0.4184123802,0.0031620774000000185,0.017967158699999985,-1,-1,-1,-1
101,2403,0.3458861967,0.4179304776,0.0031620774000000185,0.017967158799999994,-1,-1,-1,-1
102,2403,0.345916297,0.4172344419,0.0031620774000000185,0.01796715880000005,-1,-1,-1,-1
103,2403,0.3457656411,0.4167525394,0.003162077399999963,0.01676740939999999,-1,-1,-1,-1
104,2403,0.3453388339,0.4162973864,0.003724567600000006,0.01676740939999999,-1,-1,-1,-1
105,2403,0.3444566629,0.4154881797,0.003724567600000006,0.01676740939999999,-1,-1,-1,-1
106,2403,0.3442005787,0.4152353627,0.003212244600000025,0.01676740939999999,-1,-1,-1,-1
107,2403,0.3430053643,0.414628492,0.003760996700000019,0.0166809879,-1,-1,-1,-1
108,2403,0.3425314772,0.4144177882,0.002940878700000038,0.016680987999999952,-1,-1,-1,-1
109,2403,0.3410587225,0.4140567386,0.0037386142999999983,0.015760530800000006,-1,-1,-1,-1
110,2403,0.3401953835,0.4138310825,0.0029262144000000156,0.015760530800000006,-1,-1,-1,-1
111,2403,0.3393280311,0.413333679,0.003393772800000028,0.015760530800000006,-1,-1,-1,-1
112,2403,0.3380689115,0.4128364127,0.002945972600000013,0.015343924499999995,-1,-1,-1,-1
113,2403,0.3368726167,0.4123361285,0.002622432600000002,0.015343924399999986,-1,-1,-1,-1
114,2403,0.3352189513,0.4117732915,0.0026224327000000103,0.015343924499999995,-1,-1,-1,-1
115,2403,0.3338114911,0.41133556,0.0026224326999999548,0.015343924499999995,-1,-1,-1,-1
116,2403,0.3317003008,0.4112104546,0.0026224327000000103,0.015343924499999995,-1,-1,-1,-1
117,2403,0.3299410528,0.4112728701,0.002622432600000002,0.014843777499999988,-1,-1,-1,-1
118,2403,0.326527985,0.4114605282,0.003678104999999987,0.014343493200000001,-1,-1,-1,-1
119,2403,0.3254020786,0.4108976913,0.003079957500000008,0.013718103600000031,-1,-1,-1,-1
120,2403,0.3224817299,0.410209749,0.003502133899999982,0.013718103599999976,-1,-1,-1,-1
121,2403,0.3216725715,0.4095843594,0.0028335979999999927,0.014843914600000008,-1,-1,-1,-1
122,2403,0.3204058882,0.4093342859,0.003431745400000019,0.014656256600000028,-1,-1,-1,-1
123,2403,0.3199673496,0.4085213755,0.00316655389999998,0.014906330099999976,-1,-1,-1,-1
124,2403,0.3198969612,0.4080210912,0.002814766000000024,0.014906330099999976,-1,-1,-1,-1
125,2403,0.3195652402,0.4075387772,0.002814766000000024,0.014906330100000031,-1,-1,-1,-1
126,2403,0.3189017982,0.4072170973,0.0028147661000000324,0.014906330099999976,-1,-1,-1,-1
127,2403,0.3186026473,0.4067445228,0.0028147661000000324,0.014906330099999976,-1,-1,-1,-1
