131,785,0.5406304952,0.4026157718,0.00238518040000002,0.012414922899999958,-1,-1,-1,-1
132,785,0.5390728422,0.4026589826,0.0019579101000000154,0.012416020299999997,-1,-1,-1,-1
133,785,0.5368092979,0.4027021933,0.00305325320000005,0.012459368199999987,-1,-1,-1,-1
134,785,0.5352272559,0.4029183841,0.0026883446000000033,0.01232973599999998,-1,-1,-1,-1
135,785,0.5325014016,0.4030481535,0.003686131699999984,0.0121999666,-1,-1,-1,-1
136,785,0.5303840369,0.4028751734,0.003686131699999984,0.0121999666,-1,-1,-1,-1
137,785,0.5286803587,0.4028319627,0.003686131699999984,0.0121999666,-1,-1,-1,-1
138,785,0.5277068062,0.4031348493,0.0017634158000000566,0.012199829500000037,-1,-1,-1,-1
139,785,0.5259545044,0.4033510401,0.0017634157999999456,0.012199829499999981,-1,-1,-1,-1
140,785,0.5237398925,0.4032644815,0.0025907887000000684,0.01215661870000001,-1,-1,-1,-1
141,785,0.5221336158,0.4031347121,0.0018850519999999982,0.012372946800000006,-1,-1,-1,-1
142,785,0.5195537867,0.4031779229,0.002615177700000082,0.01228652520000001,-1,-1,-1,-1
143,785,0.5182306074,0.4034002866,0.0020218153999999045,0.012309022300000028,-1,-1,-1,-1
144,785,0.5161922753,0.4035274497,0.0028621546999999525,0.012277197200000034,-1,-1,-1,-1
145,785,0.5148870018,0.4036227876,0.0025222526999999495,0.012277197300000042,-1,-1,-1,-1
146,785,0.5135636682,0.4036544755,0.00252240700000006,0.012340847300000013,-1,-1,-1,-1
147,785,0.5122046773,0.4034954874,0.002236376699999987,0.0126586863,-1,-1,-1,-1
148,785,0.510810029,0.4035273125,0.0020753785999999552,0.012658686199999991,-1,-1,-1,-1
149,785,0.5088073542,0.4035591375,0.002164753500000005,0.012722199200000006,-1,-1,-1,-1
150,785,0.5070013349,0.4039088015,0.0019145349000000422,0.01246787319999998,-1,-1,-1,-1
151,785,0.5046410066,0.4038769764,0.0028800605000000035,0.012404360300000028,-1,-1,-1,-1
152,785,0.5020662713,0.4039404894,0.0020395669999999644,0.012436185300000013,-1,-1,-1,-1
153,785,0.4997596605,0.4038134635,0.002897812000000055,0.012531386099999986,-1,-1,-1,-1
154,785,0.4970953961,0.4039088015,0.0025224070000000043,0.01288104999999995,-1,-1,-1,-1
155,785,0.4939841033,0.4038769764,0.003720399799999996,0.01259503620000002,-1,-1,-1,-1
156,785,0.4923747394,0.4040994774,0.0030231528999999924,0.012436048099999986,-1,-1,-1,-1
