1,1303,0.3374422074,0.381249369,0.001242448699999954,0.005719317299999971,-1,-1,-1,-1
2,1303,0.3374422074,0.381249369,0.001242448699999954,0.005719317299999971,-1,-1,-1,-1
3,1303,0.3374422074,0.381249369,0.001242448699999954,0.005719317299999971,-1,-1,-1,-1
4,1303,0.3374422074,0.381249369,0.001242448699999954,0.005719317299999971,-1,-1,-1,-1
5,1303,0.3374422074,0.381249369,0.001242448699999954,0.005719317299999971,-1,-1,-1,-1
6,1303,0.3374422074,0.381249369,0.001242448699999954,0.005719317299999971,-1,-1,-1,-1
7,1303,0.3374422074,0.381249369,0.001242448699999954,0.005719317299999971,-1,-1,-1,-1
8,1303,0.3374422074,0.381249369,0.001242448699999954,0.005719317299999971,-1,-1,-1,-1
9,1303,0.3374422074,0.381249369,0.001242448699999954,0.005719317299999971,-1,-1,-1,-1
10,1303,0.3374298585,0.3814260529,0.0012547975999999683,0.005542633399999997,-1,-1,-1,-1
11,1303,0.3374298585,0.3814260529,0.0012547975999999683,0.005542633399999997,-1,-1,-1,-1
12,1303,0.3374298585,0.3814260529,0.0012547975999999683,0.005542633399999997,-1,-1,-1,-1
13,1303,0.3374298585,0.3814260529,0.0012547975999999683,0.005542633399999997,-1,-1,-1,-1
14,1303,0.3374298585,0.3814039674,0.0012424487000000095,0.0055647188999999875,-1,-1,-1,-1
15,1303,0.3374298585,0.3814039674,0.0012424487000000095,0.0055647188999999875,-1,-1,-1,-1
16,1303,0.3374298585,0.3814039674,0.0012424487000000095,0.0055647188999999875,-1,-1,-1,-1
17,1303,0.3374298585,0.3814039674,0.0012921528000000015,0.005741402800000017,-1,-1,-1,-1
18,1303,0.3374298585,0.3814039674,0.0012921528000000015,0.005741402800000017,-1,-1,-1,-1
19,1303,0.3374298585,0.3814039674,0.0012921528000000015,0.005741402800000017,-1,-1,-1,-1
20,1303,0.3377155801,0.381161027,0.001304501599999952,0.00598434320000002,-1,-1,-1,-1
21,1303,0.338026308,0.381161027,0.001416258700000006,0.006205060900000003,-1,-1,-1,-1
22,1303,0.337939403,0.381161027,0.0014162586999999505,0.006205060900000003,-1,-1,-1,-1
23,1303,0.337939403,0.381161027,0.0014162586999999505,0.006205060900000003,-1,-1,-1,-1
24,1303,0.3379766039,0.381161027,0.001416258700000006,0.006205060900000003,-1,-1,-1,-1
25,1303,0.3384984971,0.3812272835,0.0013664002999999592,0.0061829754000000126,-1,-1,-1,-1
26,1303,0.3386352607,0.3814702238,0.0013664002000000064,0.0061829754000000126,-1,-1,-1,-1
27,1303,0.3386601127,0.3814923093,0.0013041929000000008,0.006028376999999974,-1,-1,-1,-1
28,1303,0.3389086333,0.3814923093,0.001304193000000009,0.006028376999999974,-1,-1,-1,-1
29,1303,0.3394056745,0.3815585658,0.001391098000000035,0.0060946333999999935,-1,-1,-1,-1
30,1303,0.3397162481,0.3815143948,0.0013910979999999795,0.0060946333999999935,-1,-1,-1,-1
31,1303,0.3400143185,0.3815364803,0.0012544887999999532,0.005984205999999992,-1,-1,-1,-1
32,1303,0.3405734127,0.3814039674,0.0014533052999999851,0.006536343100000008,-1,-1,-1,-1
33,1303,0.3408344365,0.3814260529,0.0014656540999999912,0.0066908043000000195,-1,-1,-1,-1
34,1303,0.3412319151,0.3814923093,0.0013415481999999868,0.006558428599999999,-1,-1,-1,-1
35,1303,0.3418780687,0.3816027367,0.0013415482000000423,0.006558428599999999,-1,-1,-1,-1
36,1303,0.3425117191,0.3815585658,0.0013415481999999868,0.006558428599999999,-1,-1,-1,-1
37,1303,0.3430336123,0.3815585658,0.001515203899999984,0.006646633299999982,-1,-1,-1,-1
38,1303,0.3439991381,0.3815100051,0.0015400559000000036,0.006801231800000029,-1,-1,-1,-1
39,1303,0.3449712241,0.381388192,0.001349111900000033,0.006463159200000013,-1,-1,-1,-1
40,1303,0.3453988802,0.3818090508,0.0011581677999999984,0.006125086700000004,-1,-1,-1,-1
41,1303,0.3460758802,0.3819103331,0.0012015945999999667,0.006233547900000025,-1,-1,-1,-1
42,1303,0.3465392451,0.3818342457,0.0012450212999999821,0.00634200909999999,-1,-1,-1,-1
43,1303,0.3476652029,0.3817836731,0.0012884481999999586,0.006450470300000011,-1,-1,-1,-1
44,1303,0.34822723,0.3818705061,0.0012405963000000075,0.0063089037999999875,-1,-1,-1,-1
45,1303,0.3487159357,0.3820008242,0.0013383066000000055,0.006200396800000008,-1,-1,-1,-1
46,1303,0.3494803295,0.3819821681,0.0013383066000000055,0.006200396800000008,-1,-1,-1,-1
47,1303,0.3498154464,0.3820379991,0.0013383067000000137,0.006200396799999952,-1,-1,-1,-1
48,1303,0.3504122046,0.3821124862,0.0013383066000000055,0.006200396800000008,-1,-1,-1,-1
49,1303,0.3509462924,0.3822056293,0.0013532795999999792,0.006460484299999958,-1,-1,-1,-1
50,1303,0.3515537014,0.3823172913,0.001353279700000043,0.006460484300000013,-1,-1,-1,-1
51,1303,0.3518468323,0.3822986353,0.0013532795999999792,0.006460484200000005,-1,-1,-1,-1
52,1303,0.3524960731,0.3823358102,0.001227630000000035,0.006199985299999988,-1,-1,-1,-1
53,1303,0.3534595921,0.3822613231,0.001133315700000026,0.006125635399999996,-1,-1,-1,-1
54,1303,0.3539413516,0.3821311422,0.0011333156999999705,0.006125635399999996,-1,-1,-1,-1
