1,2401,0.8674151819,0.4960207719,0.008232360900000013,0.028018248899999987,-1,-1,-1,-1
2,2401,0.8561408362,0.4969030938,0.008232360900000013,0.02801824900000005,-1,-1,-1,-1
3,2401,0.8465681619,0.497659213,0.008232361000000021,0.028018248899999987,-1,-1,-1,-1
4,2401,0.8327033362,0.4989091691,0.008232360900000013,0.028018248899999987,-1,-1,-1,-1
5,2401,0.8196155618,0.5001591252,0.008232360900000013,0.02801824889999993,-1,-1,-1,-1
6,2401,0.805074019,0.5010775247,0.010694567300000068,0.028055286700000015,-1,-1,-1,-1
7,2401,0.7939193027,0.5022582065,0.009522198300000007,0.028055286700000015,-1,-1,-1,-1
8,2401,0.7801316573,0.5033077471,0.010465959100000033,0.028055286700000015,-1,-1,-1,-1
9,2401,0.7680838104,0.5039637271,0.00826755509999999,0.027924282799999922,-1,-1,-1,-1
10,2401,0.7548708496,0.503176606,0.008710570100000092,0.028448984399999988,-1,-1,-1,-1
11,2401,0.7405508143,0.5025206259,0.009079492000000022,0.028711403899999932,-1,-1,-1,-1
12,2401,0.7253450577,0.5023893476,0.00907949210000003,0.028711403900000043,-1,-1,-1,-1
13,2401,0.7095487174,0.5027829082,0.00907949209999992,0.028711403899999932,-1,-1,-1,-1
14,2401,0.6923498565,0.5033076099,0.009079492000000022,0.028711403900000043,-1,-1,-1,-1
15,2401,0.6747819193,0.5051444089,0.009079492000000022,0.028711403900000043,-1,-1,-1,-1
16,2401,0.6573615509,0.5069810707,0.009079491999999911,0.028711403900000043,-1,-1,-1,-1
17,2401,0.6386124462,0.5088177325,0.009079492000000022,0.028711403900000043,-1,-1,-1,-1
18,2401,0.6203801408,0.5113102371,0.009079491999999911,0.028711403900000043,-1,-1,-1,-1
19,2401,0.6019264824,0.5127534755,0.009079492000000022,0.028711403899999932,-1,-1,-1,-1
20,2401,0.5823654408,0.5138030161,0.0098176445,0.028711403900000043,-1,-1,-1,-1
21,2401,0.5652403642,0.5151149762,0.0098176445,0.028711403899999932,-1,-1,-1,-1
22,2401,0.5485581483,0.5151149762,0.0098176445,0.030023775500000016,-1,-1,-1,-1
23,2401,0.5326878692,0.516295658,0.009817644600000008,0.030023775500000016,-1,-1,-1,-1
24,2401,0.5168177446,0.5173453358,0.0098176445,0.030023775500000016,-1,-1,-1,-1
25,2401,0.5005785436,0.5180013158,0.009005244600000073,0.03395951850000001,-1,-1,-1,-1
26,2401,0.4819032233,0.5189197153,0.009817335799999993,0.0344843574,-1,-1,-1,-1
27,2401,0.4604968004,0.5191821347,0.010407919599999982,0.03553389810000007,-1,-1,-1,-1
28,2401,0.4427812945,0.5190508564,0.009374475100000002,0.0338283774,-1,-1,-1,-1
29,2401,0.423884621,0.5186572958,0.009817335799999993,0.03369723629999999,-1,-1,-1,-1
30,2401,0.4062428994,0.5183948764,0.009743397099999995,0.034090796799999934,-1,-1,-1,-1
31,2401,0.3877154566,0.5189197153,0.009743396999999987,0.03579631750000001,-1,-1,-1,-1
32,2401,0.3688187831,0.5199692559,0.009743397099999995,0.03579631750000001,-1,-1,-1,-1
33,2401,0.351915214,0.5202316754,0.00974339710000005,0.03579631750000001,-1,-1,-1,-1
34,2401,0.3362664425,0.5203628165,0.010186103300000027,0.03605873699999995,-1,-1,-1,-1
35,2401,0.3212081004,0.5210187965,0.010186103300000027,0.03605873699999995,-1,-1,-1,-1
36,2401,0.307256987,0.521281216,0.010186103300000027,0.036058736900000055,-1,-1,-1,-1
37,2401,0.2936013198,0.5214124943,0.010186103400000035,0.03605873699999995,-1,-1,-1,-1
38,2401,0.2800193599,0.5216749137,0.010186103400000035,0.03605873700000006,-1,-1,-1,-1
39,2401,0.2684304272,0.5223307566,0.010186103300000027,0.03632115640000011,-1,-1,-1,-1
40,2401,0.2578749389,0.5228554583,0.010702748300000009,0.04235625509999996,-1,-1,-1,-1
41,2401,0.2476884496,0.52338016,0.010329349999999987,0.042225114000000064,-1,-1,-1,-1
42,2401,0.2377234679,0.5236425795,0.010333672099999996,0.04314337619999997,-1,-1,-1,-1
43,2401,0.2295300059,0.5229865995,0.010333672099999996,0.04314337619999997,-1,-1,-1,-1
44,2401,0.2203031766,0.5240362773,0.011736115599999986,0.03802667699999995,-1,-1,-1,-1
45,2401,0.2111501318,0.5235114384,0.012769482700000001,0.03815795529999999,-1,-1,-1,-1
46,2401,0.2028828854,0.521937196,0.012769482700000001,0.043668078000000055,-1,-1,-1,-1
47,2401,0.1965348046,0.5217858899,0.01276948280000001,0.04250742400000007,-1,-1,-1,-1
48,2401,0.1904081542,0.5216546116,0.012769482799999982,0.04250742399999996,-1,-1,-1,-1
49,2401,0.18465058,0.5149636701,0.012769482799999982,0.04250742399999996,-1,-1,-1,-1
50,2401,0.1746855211,0.521917031,0.01276948280000001,0.03988350390000006,-1,-1,-1,-1
51,2401,0.166639705,0.521261051,0.009447873699999998,0.03988350380000005,-1,-1,-1,-1
52,2401,0.1554198486,0.5220483093,0.011662331100000006,0.03935866499999996,-1,-1,-1,-1
53,2401,0.1430189789,0.5237539672,0.011662331199999987,0.04486878750000001,-1,-1,-1,-1
54,2401,0.1318729069,0.5253283467,0.011662331199999987,0.04486878750000001,-1,-1,-1,-1
55,2401,0.1251557499,0.5280835451,0.011662331199999987,0.044868787600000015,-1,-1,-1,-1
56,2401,0.1210220495,0.5293955052,0.011662331199999987,0.04486878750000001,-1,-1,-1,-1
57,2401,0.1149687204,0.5301826264,0.013803544599999995,0.04486878750000001,-1,-1,-1,-1
58,2401,0.1064061049,0.5335936677,0.013877328999999994,0.042376008499999895,-1,-1,-1,-1
59,2401,0.0973269216,0.5360863095,0.013877328999999994,0.04258122519999996,-1,-1,-1,-1
60,2401,0.0865890562,0.5372429853,0.013877328999999994,0.04258122519999996,-1,-1,-1,-1
61,2401,0.0722719538,0.5381104922,0.013877329000000008,0.04258122520000007,-1,-1,-1,-1
62,2401,0.0535621339,0.5376767387,0.0138773289,0.04258122519999996,-1,-1,-1,-1
63,2401,0.0377632466,0.5367023711,0.011109797300000002,0.04231016360000006,-1,-1,-1,-1
