69,2070,0.4173350996,0.3826315636,0.0014591710000000369,0.008583159999999979,-1,-1,-1,-1
70,2070,0.4162450049,0.3825589971,0.0020420367000000272,0.008710322899999956,-1,-1,-1,-1
71,2070,0.4153260961,0.3825589971,0.0018378176000000135,0.009118561400000003,-1,-1,-1,-1
72,2070,0.4149432817,0.3826042654,0.001735630900000007,0.008846539700000045,-1,-1,-1,-1
73,2070,0.4145257362,0.3826359533,0.0017720600000000197,0.008476984999999992,-1,-1,-1,-1
74,2070,0.4145257362,0.3826359533,0.0017720600000000197,0.008399205700000023,-1,-1,-1,-1
75,2070,0.4145694203,0.382558174,0.0017283759000000232,0.008476985000000048,-1,-1,-1,-1
76,2070,0.4145694203,0.3826359533,0.0016627726999999815,0.008399205700000023,-1,-1,-1,-1
77,2070,0.4145694203,0.3826359533,0.0016627726999999815,0.008399205700000023,-1,-1,-1,-1
78,2070,0.4145694203,0.3826359533,0.0016627726999999815,0.008399205700000023,-1,-1,-1,-1
79,2070,0.4145694203,0.3826359533,0.0016627726999999815,0.008399205700000023,-1,-1,-1,-1
80,2070,0.4146350236,0.3825969951,0.0017283759000000232,0.008399342799999987,-1,-1,-1,-1
81,2070,0.4147663845,0.3825969951,0.001597015000000035,0.008399342799999987,-1,-1,-1,-1
82,2070,0.4147663845,0.3825969951,0.00150964690000005,0.00855490149999999,-1,-1,-1,-1
83,2070,0.4147663845,0.3825969951,0.00150964690000005,0.00855490149999999,-1,-1,-1,-1
84,2070,0.4147663845,0.3825969951,0.00150964690000005,0.00855490149999999,-1,-1,-1,-1
85,2070,0.4147663845,0.3825969951,0.00150964690000005,0.00855490149999999,-1,-1,-1,-1
86,2070,0.4147663845,0.3825969951,0.00150964690000005,0.00855490149999999,-1,-1,-1,-1
87,2070,0.4148100685,0.3825969951,0.0014659629000000063,0.00855490149999999,-1,-1,-1,-1
88,2070,0.4148100685,0.3825969951,0.0014659629000000063,0.00855490149999999,-1,-1,-1,-1
89,2070,0.4148100685,0.3825969951,0.0014659629000000063,0.00855490149999999,-1,-1,-1,-1
90,2070,0.4148100685,0.3825969951,0.0014659629000000063,0.00855490149999999,-1,-1,-1,-1
91,2070,0.4148100685,0.3825969951,0.0014659629000000063,0.00855490149999999,-1,-1,-1,-1
92,2070,0.4147007812,0.382558174,0.0017064567000000253,0.008243784200000048,-1,-1,-1,-1
93,2070,0.414460133,0.3825969951,0.0019471048999999963,0.008204963100000018,-1,-1,-1,-1
94,2070,0.414460133,0.3825969951,0.001969024099999994,0.008243784199999993,-1,-1,-1,-1
95,2070,0.4143726105,0.3826359533,0.0020565465999999866,0.008204825999999998,-1,-1,-1,-1
96,2070,0.4143726105,0.3826359533,0.0020565465999999866,0.008204825999999998,-1,-1,-1,-1
97,2070,0.4143726105,0.382558174,0.0020565465999999866,0.008282605300000023,-1,-1,-1,-1
98,2070,0.4143726105,0.382558174,0.0020565465999999866,0.008282605300000023,-1,-1,-1,-1
99,2070,0.4143726105,0.382558174,0.0020565465999999866,0.008282605300000023,-1,-1,-1,-1
100,2070,0.4143726105,0.382558174,0.0022096723999999734,0.008360384600000048,-1,-1,-1,-1
101,2070,0.4143726105,0.382558174,0.0022096723999999734,0.008360384600000048,-1,-1,-1,-1
102,2070,0.4143726105,0.382558174,0.0022096723999999734,0.008360384600000048,-1,-1,-1,-1
103,2070,0.4143726105,0.382558174,0.0022096723999999734,0.008360384600000048,-1,-1,-1,-1
104,2070,0.4143726105,0.382558174,0.0022096723999999734,0.008360384600000048,-1,-1,-1,-1
105,2070,0.4143726105,0.382558174,0.0022096723999999734,0.008360384600000048,-1,-1,-1,-1
106,2070,0.4142193304,0.3826359533,0.002319114000000011,0.008204825999999998,-1,-1,-1,-1
107,2070,0.4142193304,0.3826359533,0.0022098267000000282,0.008204825999999998,-1,-1,-1,-1
108,2070,0.414460133,0.3826747744,0.001969024099999994,0.008166004900000023,-1,-1,-1,-1
109,2070,0.414460133,0.3826359533,0.002100230599999975,0.008204825999999998,-1,-1,-1,-1
110,2070,0.4145475011,0.3825969951,0.0019253401000000059,0.007816066600000005,-1,-1,-1,-1
111,2070,0.4146131044,0.3825969951,0.0018160527000000148,0.008010446299999974,-1,-1,-1,-1
112,2070,0.4146131044,0.3825969951,0.0018160527000000148,0.008010446299999974,-1,-1,-1,-1
113,2070,0.4146787076,0.3824803947,0.00159732380000005,0.008010446299999974,-1,-1,-1,-1
114,2070,0.4146787076,0.3824803947,0.00159732380000005,0.008010446299999974,-1,-1,-1,-1
115,2070,0.4146787076,0.3824803947,0.00159732380000005,0.008010446299999974,-1,-1,-1,-1
116,2070,0.4146787076,0.3824803947,0.00159732380000005,0.008010446299999974,-1,-1,-1,-1
117,2070,0.4146787076,0.3824803947,0.00159732380000005,0.008010446299999974,-1,-1,-1,-1
118,2070,0.4146787076,0.3824803947,0.00159732380000005,0.008010446299999974,-1,-1,-1,-1
119,2070,0.4146787076,0.3824803947,0.00159732380000005,0.008010446299999974,-1,-1,-1,-1
120,2070,0.4146787076,0.3824803947,0.00159732380000005,0.008010446299999974,-1,-1,-1,-1
121,2070,0.4148539069,0.3824803947,0.0014877276999999967,0.008088225599999999,-1,-1,-1,-1
122,2070,0.4148539069,0.3824803947,0.0014877276999999967,0.008088225599999999,-1,-1,-1,-1
123,2070,0.4148539069,0.3824803947,0.0014877276999999967,0.008088225599999999,-1,-1,-1,-1
124,2070,0.4148539069,0.3824803947,0.0014877276999999967,0.008088225599999999,-1,-1,-1,-1
125,2070,0.4148539069,0.3824803947,0.0014877276999999967,0.008088225599999999,-1,-1,-1,-1
126,2070,0.4148539069,0.3824803947,0.0014877276999999967,0.008088225599999999,-1,-1,-1,-1
127,2070,0.4148539069,0.3824803947,0.0014877276999999967,0.008088225599999999,-1,-1,-1,-1
128,2070,0.4148539069,0.3824803947,0.0014877276999999967,0.008088225599999999,-1,-1,-1,-1
129,2070,0.4148539069,0.3824803947,0.0014877276999999967,0.008088225599999999,-1,-1,-1,-1
130,2070,0.4148539069,0.3824803947,0.0014877276999999967,0.008088225599999999,-1,-1,-1,-1
131,2070,0.4148539069,0.3824803947,0.0014877276999999967,0.008088225599999999,-1,-1,-1,-1
132,2070,0.4148756718,0.3825192157,0.0017285302999999752,0.00820496319999997,-1,-1,-1,-1
133,2070,0.4148756718,0.3825192157,0.001684691799999971,0.008282742499999995,-1,-1,-1,-1
134,2070,0.4148756718,0.3825192157,0.001684691799999971,0.008282742499999995,-1,-1,-1,-1
135,2070,0.4148756718,0.3825192157,0.001684691799999971,0.008282742499999995,-1,-1,-1,-1
136,2070,0.4148756718,0.3825192157,0.001684691799999971,0.008282742499999995,-1,-1,-1,-1
137,2070,0.4148756718,0.3825192157,0.0015534852999999904,0.008282742499999995,-1,-1,-1,-1
138,2070,0.4148756718,0.3825192157,0.0015534852999999904,0.008282742499999995,-1,-1,-1,-1
139,2070,0.4148756718,0.3825192157,0.0015534852999999904,0.008282742499999995,-1,-1,-1,-1
140,2070,0.4148756718,0.3825192157,0.0015534852999999904,0.008282742499999995,-1,-1,-1,-1
141,2070,0.4148756718,0.3825192157,0.0015534852999999904,0.008282742499999995,-1,-1,-1,-1
142,2070,0.4148756718,0.3825192157,0.0015534852999999904,0.008282742499999995,-1,-1,-1,-1
143,2070,0.4148756718,0.3825192157,0.0015534852999999904,0.008282742499999995,-1,-1,-1,-1
144,2070,0.4148756718,0.3825192157,0.0015534852999999904,0.008282742499999995,-1,-1,-1,-1
145,2070,0.4148756718,0.3825192157,0.0015534852999999904,0.008282742499999995,-1,-1,-1,-1
146,2070,0.4148756718,0.3824803947,0.0015315660999999925,0.008321563500000018,-1,-1,-1,-1
147,2070,0.4148756718,0.3824803947,0.0015315660999999925,0.008321563500000018,-1,-1,-1,-1
148,2070,0.4147443109,0.3824803947,0.0015315660999999925,0.008321563500000018,-1,-1,-1,-1
149,2070,0.4147443109,0.3824803947,0.0015315660999999925,0.008321563500000018,-1,-1,-1,-1
150,2070,0.4147443109,0.3824803947,0.0015315660999999925,0.008321563500000018,-1,-1,-1,-1
151,2070,0.4147443109,0.3824803947,0.0015315660999999925,0.008321563500000018,-1,-1,-1,-1
152,2070,0.4147443109,0.3824803947,0.0015315660999999925,0.008321563500000018,-1,-1,-1,-1
153,2070,0.4147443109,0.3824803947,0.0015315660999999925,0.008321563500000018,-1,-1,-1,-1
154,2070,0.4147443109,0.3824803947,0.0015315660999999925,0.008321563500000018,-1,-1,-1,-1
155,2070,0.4147443109,0.3824803947,0.0015315660999999925,0.008321563500000018,-1,-1,-1,-1
156,2070,0.4147443109,0.3824803947,0.0015315660999999925,0.008321563500000018,-1,-1,-1,-1
157,2070,0.4147443109,0.3824803947,0.0015315660999999925,0.008321563500000018,-1,-1,-1,-1
158,2070,0.4147443109,0.3824803947,0.0015315660999999925,0.008321563500000018,-1,-1,-1,-1
159,2070,0.4147443109,0.3824803947,0.0015315660999999925,0.008321563500000018,-1,-1,-1,-1
160,2070,0.4147443109,0.3824803947,0.0015315660999999925,0.008321563500000018,-1,-1,-1,-1
161,2070,0.4147443109,0.3824803947,0.0015315660999999925,0.008321563500000018,-1,-1,-1,-1
162,2070,0.4147443109,0.3824803947,0.0015315660999999925,0.008321563500000018,-1,-1,-1,-1
163,2070,0.4147443109,0.3824803947,0.0015315660999999925,0.008321563500000018,-1,-1,-1,-1
164,2070,0.4147443109,0.3824803947,0.0015315660999999925,0.008321563500000018,-1,-1,-1,-1
165,2070,0.4147443109,0.3824803947,0.0015315660999999925,0.008321563500000018,-1,-1,-1,-1
166,2070,0.4146567884,0.3825192157,0.001531566100000048,0.00832156359999997,-1,-1,-1,-1
167,2070,0.4146567884,0.3825192157,0.001531566100000048,0.00832156359999997,-1,-1,-1,-1
168,2070,0.4146567884,0.3825192157,0.001531566100000048,0.00832156359999997,-1,-1,-1,-1
169,2070,0.4145692659,0.3826747744,0.0015315662000000008,0.008321563500000018,-1,-1,-1,-1
170,2070,0.4145692659,0.3826747744,0.0015315662000000008,0.008321563500000018,-1,-1,-1,-1
171,2070,0.4145692659,0.3826359533,0.0016410078000000383,0.008360384599999993,-1,-1,-1,-1
172,2070,0.4145692659,0.3826359533,0.0016410078000000383,0.008360384599999993,-1,-1,-1,-1
173,2070,0.4150286432,0.3825969951,0.001641162099999982,0.008204963100000018,-1,-1,-1,-1
174,2070,0.4150286432,0.3825969951,0.001641162099999982,0.008204963100000018,-1,-1,-1,-1
175,2070,0.4150286432,0.3825969951,0.001641162099999982,0.008204963100000018,-1,-1,-1,-1
176,2070,0.4149630399,0.3826747744,0.0016411621999999904,0.008204963100000018,-1,-1,-1,-1
177,2070,0.4149630399,0.3826747744,0.0016411621999999904,0.008204963100000018,-1,-1,-1,-1
178,2070,0.4149630399,0.3826747744,0.0016411621999999904,0.008204963100000018,-1,-1,-1,-1
179,2070,0.4149630399,0.3826747744,0.0016411621999999904,0.008204963100000018,-1,-1,-1,-1
180,2070,0.41461295,0.3827913748,0.0016411622000000459,0.008204963100000018,-1,-1,-1,-1
181,2070,0.41461295,0.3827913748,0.0016411622000000459,0.008204963100000018,-1,-1,-1,-1
182,2070,0.41461295,0.3827913748,0.0016411622000000459,0.008204963100000018,-1,-1,-1,-1
183,2070,0.4149192015,0.3827135954,0.001641162099999982,0.008204963200000026,-1,-1,-1,-1
184,2070,0.4149192015,0.3827135954,0.001641162099999982,0.008204963200000026,-1,-1,-1,-1
185,2070,0.4149192015,0.3827135954,0.001641162099999982,0.008204963200000026,-1,-1,-1,-1
186,2070,0.4149192015,0.3827135954,0.001641162099999982,0.008204963200000026,-1,-1,-1,-1
187,2070,0.4149192015,0.3827135954,0.001641162099999982,0.008204963200000026,-1,-1,-1,-1
188,2070,0.4149192015,0.3827135954,0.001641162099999982,0.008204963200000026,-1,-1,-1,-1
189,2070,0.4149192015,0.3827135954,0.001641162099999982,0.008204963200000026,-1,-1,-1,-1
190,2070,0.4149192015,0.3827135954,0.001641162099999982,0.008204963200000026,-1,-1,-1,-1
191,2070,0.4149192015,0.3827135954,0.001641162099999982,0.008204963200000026,-1,-1,-1,-1
192,2070,0.4149192015,0.3827135954,0.001641162099999982,0.008204963200000026,-1,-1,-1,-1
193,2070,0.4149192015,0.3827135954,0.001641162099999982,0.008204963200000026,-1,-1,-1,-1
194,2070,0.4149192015,0.3827135954,0.001641162099999982,0.008204963200000026,-1,-1,-1,-1
195,2070,0.4149192015,0.3827135954,0.001641162099999982,0.008204963200000026,-1,-1,-1,-1
196,2070,0.4149192015,0.3827135954,0.001641162099999982,0.008204963200000026,-1,-1,-1,-1
197,2070,0.4149192015,0.3827135954,0.001641162099999982,0.008204963200000026,-1,-1,-1,-1
198,2070,0.4149192015,0.3827135954,0.001641162099999982,0.008204963200000026,-1,-1,-1,-1
199,2070,0.4149192015,0.3827135954,0.001641162099999982,0.008204963200000026,-1,-1,-1,-1
200,2070,0.4149192015,0.3827135954,0.001641162099999982,0.008204963200000026,-1,-1,-1,-1
201,2070,0.4149192015,0.3827135954,0.001641162099999982,0.008204963200000026,-1,-1,-1,-1
202,2070,0.4153788874,0.3827915119,0.0014440437000000084,0.008360384700000001,-1,-1,-1,-1
203,2070,0.4156633741,0.3828692912,0.0014658084999999987,0.008360384700000001,-1,-1,-1,-1
204,2070,0.416057148,0.3829081123,0.0015315660999999925,0.008282605300000023,-1,-1,-1,-1
205,2070,0.416057148,0.3827525537,0.001640853500000039,0.008438163900000017,-1,-1,-1,-1
206,2070,0.4162977962,0.3827525537,0.0016408534999999835,0.008438163900000017,-1,-1,-1,-1
207,2070,0.4162977962,0.3827525537,0.0016408534999999835,0.008438163900000017,-1,-1,-1,-1
208,2070,0.4162977962,0.3827525537,0.0016408534999999835,0.008438163900000017,-1,-1,-1,-1
209,2070,0.4162977962,0.3827525537,0.0016408534999999835,0.008438163900000017,-1,-1,-1,-1
210,2070,0.4162977962,0.3827525537,0.0016408534999999835,0.008438163900000017,-1,-1,-1,-1
211,2070,0.4162977962,0.3827525537,0.0016408534999999835,0.008438163900000017,-1,-1,-1,-1
212,2070,0.4162977962,0.3827525537,0.0016408534999999835,0.008438163900000017,-1,-1,-1,-1
213,2070,0.4162977962,0.3827525537,0.0016408534999999835,0.008438163900000017,-1,-1,-1,-1
214,2070,0.4162977962,0.3827525537,0.0016408534999999835,0.008438163900000017,-1,-1,-1,-1
215,2070,0.4162977962,0.3827525537,0.0016408534999999835,0.008438163900000017,-1,-1,-1,-1
216,2070,0.4162977962,0.3827525537,0.0016408534999999835,0.008438163900000017,-1,-1,-1,-1
217,2070,0.4162977962,0.3827525537,0.0016408534999999835,0.008438163900000017,-1,-1,-1,-1
218,2070,0.4162977962,0.3827525537,0.0016408534999999835,0.008438163900000017,-1,-1,-1,-1
219,2070,0.4162977962,0.3827525537,0.0016408534999999835,0.008438163900000017,-1,-1,-1,-1
220,2070,0.4161009864,0.3826747744,0.0018376633000000142,0.008515943200000042,-1,-1,-1,-1
221,2070,0.4161009864,0.3826747744,0.0015533309999999911,0.008399342800000043,-1,-1,-1,-1
222,2070,0.4161009864,0.3826747744,0.0015533309999999911,0.008399342800000043,-1,-1,-1,-1
223,2070,0.4161009864,0.3826747744,0.0015533309999999911,0.008399342800000043,-1,-1,-1,-1
224,2070,0.4161009864,0.3826747744,0.0015533309999999911,0.008399342800000043,-1,-1,-1,-1
225,2070,0.4157070581,0.3826747744,0.0015533309999999911,0.008399342800000043,-1,-1,-1,-1
226,2070,0.4155539324,0.3827525537,0.0017066110000000245,0.008282605300000023,-1,-1,-1,-1
227,2070,0.4155539324,0.3827525537,0.0017066110000000245,0.008282605300000023,-1,-1,-1,-1
228,2070,0.4157945806,0.3827525537,0.00181589839999996,0.008243784199999993,-1,-1,-1,-1
229,2070,0.4157945806,0.3827525537,0.00181589839999996,0.008243784199999993,-1,-1,-1,-1
230,2070,0.4160352288,0.3826747744,0.0017941336000000252,0.008088225600000054,-1,-1,-1,-1
231,2070,0.4160352288,0.3826747744,0.0017941336000000252,0.008088225600000054,-1,-1,-1,-1
232,2070,0.4160352288,0.3826747744,0.0017941336000000252,0.008088225600000054,-1,-1,-1,-1
233,2070,0.4160352288,0.3826747744,0.0017941336000000252,0.008088225600000054,-1,-1,-1,-1
234,2070,0.4160352288,0.3826747744,0.0017941336000000252,0.008088225600000054,-1,-1,-1,-1
