128,1454,0.3195587571,0.413628335,0.002628298299999998,0.012896002399999995,-1,-1,-1,-1
129,1454,0.3215055533,0.4133977406,0.003089219199999993,0.012817399999999979,-1,-1,-1,-1
130,1454,0.3237443998,0.4130517804,0.00260252009999995,0.012875014299999987,-1,-1,-1,-1
131,1454,0.3258858448,0.4131095319,0.0036081795999999833,0.014258992299999995,-1,-1,-1,-1
132,1454,0.3279298882,0.4127059574,0.003608333999999991,0.014143489300000034,-1,-1,-1,-1
133,1454,0.3298441143,0.4124176115,0.003900384300000004,0.013797529099999983,-1,-1,-1,-1
134,1454,0.3318233263,0.4120716513,0.003348699399999988,0.014489449499999973,-1,-1,-1,-1
135,1454,0.3335754737,0.4116103253,0.0036081795999999833,0.014374083699999984,-1,-1,-1,-1
136,1454,0.3354574385,0.411552711,0.0034457922000000196,0.014431697999999993,-1,-1,-1,-1
137,1454,0.3375972369,0.4113283124,0.0033163865999999986,0.014323031099999994,-1,-1,-1,-1
138,1454,0.3396260501,0.4111039139,0.003231127999999972,0.014103250700000014,-1,-1,-1,-1
139,1454,0.3417103945,0.4108795153,0.003231809799999985,0.014038926200000024,-1,-1,-1,-1
140,1454,0.3437669025,0.4105507708,0.003449419699999956,0.014128331199999955,-1,-1,-1,-1
141,1454,0.3465313856,0.4104279289,0.0033416372999999777,0.0139871419,-1,-1,-1,-1
142,1454,0.3482962292,0.4102063195,0.003233855100000016,0.013845952599999989,-1,-1,-1,-1
143,1454,0.3510466268,0.4100519955,0.003233855100000016,0.013845952599999989,-1,-1,-1,-1
144,1454,0.3528994174,0.4093316795,0.0032338550999999605,0.013845952500000036,-1,-1,-1,-1
145,1454,0.3554080324,0.4093218652,0.0032176238999999662,0.013794259399999953,-1,-1,-1,-1
146,1454,0.3579166474,0.4093120509,0.0032013927999999803,0.013742566199999973,-1,-1,-1,-1
147,1454,0.3604252625,0.4093022366,0.0031851614999999778,0.013690872999999992,-1,-1,-1,-1
148,1454,0.3629338775,0.4092924223,0.003168930399999992,0.013639179899999965,-1,-1,-1,-1
149,1454,0.3654424925,0.409282608,0.0031526991999999976,0.013587486699999984,-1,-1,-1,-1
150,1454,0.3679511075,0.4092727936,0.0031364681000000116,0.013535793699999965,-1,-1,-1,-1
151,1454,0.3704597225,0.4092629793,0.0031202369000000174,0.013484100499999985,-1,-1,-1,-1
152,1454,0.3729683375,0.409253165,0.003104005799999976,0.013432407300000004,-1,-1,-1,-1
153,1454,0.3756130986,0.4090496741,0.0030877746000000372,0.013380714100000024,-1,-1,-1,-1
154,1454,0.378136841,0.4088750665,0.0030715433999999875,0.013329020899999988,-1,-1,-1,-1
155,1454,0.3807137297,0.4087820242,0.003519814199999971,0.0134651368,-1,-1,-1,-1
156,1454,0.3830574076,0.4087790449,0.003475337799999978,0.013468116099999983,-1,-1,-1,-1
157,1454,0.3855443192,0.4086864776,0.0035054306000000257,0.013646693300000012,-1,-1,-1,-1
158,1454,0.3877427784,0.4087294728,0.0035719049000000336,0.01309518329999998,-1,-1,-1,-1
159,1454,0.3903146001,0.4085454671,0.0033797065999999765,0.013146950400000024,-1,-1,-1,-1
160,1454,0.3925287682,0.4085061439,0.0034954577999999903,0.013010001300000018,-1,-1,-1,-1
161,1454,0.3949950329,0.4084594817,0.003136215599999992,0.013100834399999983,-1,-1,-1,-1
162,1454,0.397084349,0.4083599789,0.003426368600000007,0.012935997300000002,-1,-1,-1,-1
163,1454,0.399545597,0.4083925776,0.0030968408000000003,0.012815193900000021,-1,-1,-1,-1
164,1454,0.4014697215,0.4082050073,0.0029325818000000003,0.012782457999999997,-1,-1,-1,-1
165,1454,0.4032821661,0.4080394538,0.0032767094999999746,0.012727842599999983,-1,-1,-1,-1
166,1454,0.4049461158,0.407961968,0.00302037439999997,0.012648123600000005,-1,-1,-1,-1
167,1454,0.4067901657,0.4077072819,0.002693535100000033,0.01283970830000003,-1,-1,-1,-1
168,1454,0.4084323119,0.4074525958,0.0028609585000000104,0.012830054500000021,-1,-1,-1,-1
169,1454,0.4105494773,0.4071980297,0.002627610099999955,0.012635549099999976,-1,-1,-1,-1
170,1454,0.4124634731,0.406811081,0.0025948689999999996,0.012599709399999992,-1,-1,-1,-1
171,1454,0.4143960309,0.4065452596,0.0029947928999999873,0.012547929600000007,-1,-1,-1,-1
172,1454,0.4161716553,0.406294299,0.0025824816000000195,0.012622617899999966,-1,-1,-1,-1
173,1454,0.4180105817,0.4060966362,0.002695445299999988,0.012464032199999975,-1,-1,-1,-1
174,1454,0.4195245507,0.4058804454,0.0024767163000000147,0.012507791599999984,-1,-1,-1,-1
175,1454,0.4209382295,0.4056025641,0.0028973048,0.012433265400000004,-1,-1,-1,-1
176,1454,0.422314733,0.4054200894,0.002537111699999983,0.012307366399999964,-1,-1,-1,-1
177,1454,0.423671324,0.4051406032,0.00261823550000001,0.01210220649999999,-1,-1,-1,-1
178,1454,0.4247430811,0.4048282631,0.0027114381000000187,0.012194240500000009,-1,-1,-1,-1
179,1454,0.4261288591,0.4048096188,0.002614571300000035,0.011728238700000004,-1,-1,-1,-1
180,1454,0.4269939016,0.404526566,0.0027658392000000087,0.01192322400000001,-1,-1,-1,-1
181,1454,0.427858944,0.4042435132,0.0025452523999999754,0.012074175399999998,-1,-1,-1,-1
182,1454,0.4278318109,0.4040513893,0.002540432799999992,0.012024120999999999,-1,-1,-1,-1
183,1454,0.4279254735,0.4037270268,0.00239934289999999,0.011841675800000007,-1,-1,-1,-1
184,1454,0.4277854684,0.4034657266,0.0024947764000000094,0.011882669899999976,-1,-1,-1,-1
185,1454,0.4280741227,0.4034093403,0.0021663484999999705,0.0117373375,-1,-1,-1,-1
186,1454,0.4281010741,0.4031863181,0.00223345420000004,0.011714607200000005,-1,-1,-1,-1
187,1454,0.428295391,0.4030183381,0.0021832071999999814,0.011933617100000016,-1,-1,-1,-1
188,1454,0.4287375081,0.4027622905,0.0022894305000000226,0.011830306799999968,-1,-1,-1,-1
189,1454,0.4296258818,0.4027705828,0.0022407272000000145,0.011520454000000013,-1,-1,-1,-1
190,1454,0.4301425551,0.4025143981,0.002294107599999984,0.011732604899999999,-1,-1,-1,-1
191,1454,0.4309129096,0.4023838584,0.0022426105999999724,0.011510736999999993,-1,-1,-1,-1
192,1454,0.4316584764,0.4021175479,0.002230436800000013,0.011463118200000011,-1,-1,-1,-1
193,1454,0.4325009536,0.4019473111,0.0022182631000000064,0.01141549930000002,-1,-1,-1,-1
194,1454,0.4327559342,0.4016890067,0.0022060893999999998,0.011367880499999983,-1,-1,-1,-1
195,1454,0.4334709438,0.4014845214,0.002193915699999993,0.011320261599999992,-1,-1,-1,-1
196,1454,0.4339473119,0.4013736079,0.0021817419999999865,0.01127264280000001,-1,-1,-1,-1
197,1454,0.434579474,0.4012123701,0.0021695681999999716,0.01122502390000002,-1,-1,-1,-1
198,1454,0.4348149035,0.4009630647,0.002157394499999965,0.011177405000000029,-1,-1,-1,-1
199,1454,0.4352090775,0.4008194404,0.0021354813000000195,0.011180741800000005,-1,-1,-1,-1
200,1454,0.4355784766,0.400719987,0.0021257425000000274,0.011120384099999991,-1,-1,-1,-1
201,1454,0.4357166434,0.4004735715,0.0021160037000000353,0.011060026199999962,-1,-1,-1,-1
202,1454,0.4359290578,0.4002711897,0.002208760300000001,0.01115627880000003,-1,-1,-1,-1
203,1454,0.4362902758,0.4002449431,0.002070593399999987,0.01105028690000004,-1,-1,-1,-1
204,1454,0.4366026596,0.4002345551,0.002076641499999976,0.011000890699999988,-1,-1,-1,-1
205,1454,0.4370637544,0.3998099613,0.0020655219999999863,0.010868521199999981,-1,-1,-1,-1
206,1454,0.4370814741,0.3996301522,0.00207347760000004,0.010828344300000015,-1,-1,-1,-1
207,1454,0.4371703347,0.399450343,0.0020814332999999907,0.010788167399999993,-1,-1,-1,-1
208,1454,0.4370715369,0.3993145677,0.0020893888999999888,0.010747990499999971,-1,-1,-1,-1
209,1454,0.4370346892,0.3991274195,0.002097344599999995,0.010707813599999949,-1,-1,-1,-1
210,1454,0.4371267634,0.3989843052,0.0021053003000000015,0.010667636699999983,-1,-1,-1,-1
211,1454,0.4370949633,0.3987861487,0.002113255900000055,0.010627459700000008,-1,-1,-1,-1
212,1454,0.437335764,0.3984999245,0.002121211600000006,0.010587282899999995,-1,-1,-1,-1
213,1454,0.4372420652,0.3983899727,0.002129167300000012,0.010547106000000028,-1,-1,-1,-1
214,1454,0.4369995629,0.398191679,0.0021371227999999465,0.010506928999999998,-1,-1,-1,-1
215,1454,0.4368473118,0.3980201468,0.002136642699999969,0.0104571034,-1,-1,-1,-1
216,1454,0.4365743701,0.3978045809,0.002083952,0.01040677470000001,-1,-1,-1,-1
217,1454,0.4363225096,0.3975951684,0.0020909303999999684,0.010357020800000005,-1,-1,-1,-1
218,1454,0.4361380532,0.3975883204,0.0020334155000000242,0.01029504520000002,-1,-1,-1,-1
219,1454,0.435677384,0.3973246498,0.002111579099999983,0.010218791400000038,-1,-1,-1,-1
220,1454,0.435721281,0.3971554598,0.0021168844999999714,0.010178717999999976,-1,-1,-1,-1
221,1454,0.4356376762,0.3968729617,0.0021088377000000325,0.00987745969999998,-1,-1,-1,-1
222,1454,0.4357453241,0.395967406,0.002149839099999995,0.010556399100000002,-1,-1,-1,-1
223,1454,0.4359167231,0.3957794228,0.0021485454999999876,0.010819966800000025,-1,-1,-1,-1
224,1454,0.4362098539,0.3961244477,0.002025365800000012,0.010512665600000026,-1,-1,-1,-1
225,1454,0.4363353182,0.3955214566,0.0022611053000000103,0.010851316700000002,-1,-1,-1,-1
226,1454,0.4367580125,0.395275217,0.0020932603999999633,0.011022109000000002,-1,-1,-1,-1
227,1454,0.4368301924,0.3952034664,0.0020636841000000183,0.010867243400000004,-1,-1,-1,-1
228,1454,0.4370025523,0.3951372616,0.002082422599999967,0.010593660899999968,-1,-1,-1,-1
229,1454,0.4370368367,0.3946241116,0.0020907417000000095,0.010804610200000009,-1,-1,-1,-1
230,1454,0.4372707093,0.3945112165,0.0021117184999999705,0.010502133600000019,-1,-1,-1,-1
231,1454,0.4374143967,0.3946344371,0.0020530838000000218,0.010265604799999994,-1,-1,-1,-1
232,1454,0.4379405898,0.394833105,0.0019305438000000175,0.009991489599999959,-1,-1,-1,-1
233,1454,0.4385518356,0.3949564627,0.0019033985999999947,0.009735344699999982,-1,-1,-1,-1
234,1454,0.4393754816,0.3950040988,0.001876253399999972,0.009479199600000043,-1,-1,-1,-1
