1,717,0.5403296464,0.4026796963,0.0017635700999999449,0.012699153399999996,-1,-1,-1,-1
2,717,0.5384834933,0.4026034259,0.0022116789999999664,0.013098887000000003,-1,-1,-1,-1
3,717,0.5368305997,0.4025652907,0.002362026299999931,0.01317515739999997,-1,-1,-1,-1
4,717,0.5347914959,0.4024888832,0.0026194997999999803,0.0135186484,-1,-1,-1,-1
5,717,0.5331815145,0.4025270184,0.0023404157999999953,0.013022616599999981,-1,-1,-1,-1
6,717,0.5314857087,0.4025652907,0.0021687667999999993,0.013098887000000003,-1,-1,-1,-1
7,717,0.5294464505,0.4028323742,0.002168766699999991,0.013098887000000003,-1,-1,-1,-1
8,717,0.5278850927,0.4032528215,0.0021687667999999993,0.013098886999999948,-1,-1,-1,-1
9,717,0.5278850927,0.4032528215,0.0021687667999999993,0.013098886999999948,-1,-1,-1,-1
10,717,0.5242184104,0.4032949348,0.0021687667999999993,0.013098887000000003,-1,-1,-1,-1
11,717,0.5226570527,0.4032108454,0.0021687667999999993,0.013098887000000003,-1,-1,-1,-1
12,717,0.521095695,0.4031267559,0.002168766699999991,0.013098887000000003,-1,-1,-1,-1
13,717,0.5186354953,0.403168732,0.002930999599999984,0.012545652500000004,-1,-1,-1,-1
14,717,0.5167666512,0.4032107082,0.003002005400000063,0.012125342300000008,-1,-1,-1,-1
15,717,0.5150838117,0.4027781893,0.002445998400000038,0.012815342300000032,-1,-1,-1,-1
16,717,0.5129547156,0.4029943802,0.002344583499999997,0.012851419799999986,-1,-1,-1,-1
17,717,0.510845995,0.403066398,0.002689270799999921,0.012527133600000018,-1,-1,-1,-1
18,717,0.5088791319,0.4032466485,0.002993515600000052,0.012382960599999993,-1,-1,-1,-1
19,717,0.5067906327,0.4033547439,0.003054333699999967,0.012346883100000039,-1,-1,-1,-1
20,717,0.5047831727,0.4029943802,0.003074709300000089,0.013067610600000001,-1,-1,-1,-1
21,717,0.5034246449,0.4031385531,0.0019796749999999586,0.012599151499999961,-1,-1,-1,-1
22,717,0.5010320552,0.4029584398,0.0022635441999999673,0.012490918899999981,-1,-1,-1,-1
23,717,0.499004374,0.4030666724,0.002871879399999999,0.012562936700000027,-1,-1,-1,-1
24,717,0.4961454608,0.4033550183,0.0037437082999999816,0.012671032100000035,-1,-1,-1,-1
25,717,0.494434682,0.4032469229,0.0027576525999999935,0.012490781699999953,-1,-1,-1,-1
26,717,0.4930355573,0.4033910958,0.0022305109999999906,0.012094340400000014,-1,-1,-1,-1
27,717,0.4908658643,0.4033910958,0.002514534600000007,0.01231053120000003,-1,-1,-1,-1
28,717,0.4888179619,0.4035352688,0.002514534600000007,0.012310531199999974,-1,-1,-1,-1
29,717,0.4888179619,0.4035352688,0.002514534600000007,0.012310531199999974,-1,-1,-1,-1
30,717,0.4871509675,0.403946779,0.002514534600000007,0.01231053120000003,-1,-1,-1,-1
31,717,0.4854839731,0.4043582892,0.0025145345999999513,0.012310531199999974,-1,-1,-1,-1
32,717,0.4838169786,0.4047697994,0.002514534600000007,0.012310531199999974,-1,-1,-1,-1
33,717,0.4821499842,0.4051813095,0.002514534600000007,0.01231053120000003,-1,-1,-1,-1
34,717,0.4804829898,0.4055928197,0.002514534600000007,0.01231053120000003,-1,-1,-1,-1
35,717,0.4788159954,0.4060043299,0.0025145345999999513,0.012310531199999974,-1,-1,-1,-1
36,717,0.4771490009,0.4064158401,0.002514534600000007,0.01231053120000003,-1,-1,-1,-1
37,717,0.4754820065,0.4068273503,0.002514534600000007,0.012310531199999974,-1,-1,-1,-1
38,717,0.4738150121,0.4072388605,0.002514534600000007,0.012310531199999974,-1,-1,-1,-1
39,717,0.4721480177,0.4076503707,0.002514534600000007,0.01231053120000003,-1,-1,-1,-1
40,717,0.4704810232,0.4080618808,0.002514534600000007,0.012310531199999974,-1,-1,-1,-1
41,717,0.4688140288,0.408473391,0.002514534600000007,0.012310531199999974,-1,-1,-1,-1
42,717,0.4671470344,0.4088849012,0.002514534600000007,0.01231053120000003,-1,-1,-1,-1
43,717,0.46548004,0.4092964114,0.002514534600000007,0.012310531199999974,-1,-1,-1,-1
44,717,0.4638130455,0.4097079216,0.002514534600000007,0.012310531199999974,-1,-1,-1,-1
45,717,0.4621460511,0.4101194318,0.002514534600000007,0.01231053120000003,-1,-1,-1,-1
46,717,0.4604790567,0.4105309419,0.002514534600000007,0.012310531199999974,-1,-1,-1,-1
47,717,0.4588120622,0.4109424521,0.002514534700000015,0.012310531199999974,-1,-1,-1,-1
48,717,0.4571450678,0.4113539623,0.0025145345999999513,0.01231053120000003,-1,-1,-1,-1
49,717,0.4554780734,0.4117654725,0.002514534600000007,0.012310531199999974,-1,-1,-1,-1
50,717,0.4524396157,0.4092008471,0.0024531736999999776,0.012474972000000029,-1,-1,-1,-1
51,717,0.449401158,0.4066362216,0.0023918126999999956,0.01263941289999998,-1,-1,-1,-1
52,717,0.4475106802,0.4056222441,0.0023304517999999663,0.012803853800000042,-1,-1,-1,-1
53,717,0.4458753091,0.4054607755,0.0028024068999999985,0.012965322400000034,-1,-1,-1,-1
54,717,0.4438954437,0.4064691859,0.0032514779999999743,0.012446633600000034,-1,-1,-1,-1
55,717,0.4428648036,0.4059975945,0.002292255199999982,0.013027006299999977,-1,-1,-1,-1
56,717,0.4402650619,0.406220507,0.0034306649000000466,0.013127419799999984,-1,-1,-1,-1
57,717,0.4395972978,0.4062613857,0.0024635955999999792,0.013413845199999996,-1,-1,-1,-1
58,717,0.4378704655,0.4065886898,0.002302443100000051,0.01349573989999997,-1,-1,-1,-1
59,717,0.4356831754,0.4071206619,0.0030852058999999987,0.01316843569999998,-1,-1,-1,-1
60,717,0.4337490368,0.4076527712,0.002463749900000034,0.012882010300000024,-1,-1,-1,-1
61,717,0.4311242887,0.407857302,0.0036379711999999786,0.01312741980000004,-1,-1,-1,-1
62,717,0.4295126094,0.4080209541,0.002578748599999958,0.013413982300000016,-1,-1,-1,-1
63,717,0.4269798603,0.4083891369,0.0036839706999999833,0.013168572900000008,-1,-1,-1,-1
64,717,0.4260589448,0.4081846061,0.0026709018999999667,0.013659529100000012,-1,-1,-1,-1
65,717,0.4244472655,0.4083073795,0.0022334439000000206,0.013659529000000004,-1,-1,-1,-1
66,717,0.4226974334,0.4083073795,0.0027399010999999973,0.013945954400000016,-1,-1,-1,-1
67,717,0.4208326027,0.4086348208,0.0023712879000000187,0.013577634399999983,-1,-1,-1,-1
68,717,0.4179513072,0.4090206995,0.003557086300000012,0.013354721900000033,-1,-1,-1,-1
69,717,0.4153265592,0.4093013634,0.003754359099999993,0.013389702100000012,-1,-1,-1,-1
70,717,0.412524142,0.4094768127,0.003971390200000036,0.01324937009999999,-1,-1,-1,-1
71,717,0.410294094,0.4095820274,0.0033399009000000257,0.013284487399999989,-1,-1,-1,-1
72,717,0.407511435,0.4096521248,0.0035371738000000152,0.013319604699999987,-1,-1,-1,-1
73,717,0.40581424,0.4097573395,0.002530742400000008,0.013284487399999989,-1,-1,-1,-1
74,717,0.4033078865,0.4097924568,0.0027477734999999948,0.013354584800000013,-1,-1,-1,-1
75,717,0.4011962331,0.4099327888,0.00335950469999996,0.013284487399999989,-1,-1,-1,-1
76,717,0.3982556632,0.4100380035,0.003754359099999993,0.013144155399999968,-1,-1,-1,-1
77,717,0.3957689135,0.4098275741,0.003971544500000035,0.013319467500000015,-1,-1,-1,-1
78,717,0.3939138075,0.4096171447,0.0030833534999999967,0.013529896900000005,-1,-1,-1,-1
79,717,0.3919995814,0.409652262,0.002767531599999984,0.013389564899999984,-1,-1,-1,-1
80,717,0.3895721062,0.4096171447,0.0027084115000000075,0.013565014200000003,-1,-1,-1,-1
81,717,0.3872039054,0.409652262,0.002708411600000016,0.013565014200000003,-1,-1,-1,-1
82,717,0.3842435774,0.4096171447,0.0032215062000000017,0.01381056089999999,-1,-1,-1,-1
83,717,0.3820726495,0.4090558168,0.003063749700000007,0.014266674099999987,-1,-1,-1,-1
84,717,0.3800201163,0.4090558168,0.0028664768000000174,0.014336771499999956,-1,-1,-1,-1
85,717,0.3778887048,0.4093012263,0.002609929400000044,0.013880932600000007,-1,-1,-1,-1
86,717,0.3754414714,0.4093363436,0.0026692038999999723,0.014231694000000017,-1,-1,-1,-1
87,717,0.3732114234,0.4097573395,0.0026692039999999806,0.014231694000000017,-1,-1,-1,-1
88,717,0.371849654,0.4097573395,0.002669203900000028,0.014231694000000017,-1,-1,-1,-1
89,717,0.3693376235,0.4097705237,0.0027478249000000288,0.014193558800000006,-1,-1,-1,-1
90,717,0.366825593,0.409783708,0.002826445899999974,0.014155423599999994,-1,-1,-1,-1
91,717,0.3643135624,0.4097968922,0.0029050669999999834,0.014117288400000039,-1,-1,-1,-1
92,717,0.3618015319,0.4098100764,0.00298368800000004,0.01407915329999998,-1,-1,-1,-1
93,717,0.3592895014,0.4098232607,0.0030623089000000325,0.01404101799999996,-1,-1,-1,-1
94,717,0.3567774709,0.4098364449,0.003140929899999978,0.014002882900000013,-1,-1,-1,-1
95,717,0.3542654403,0.4098496291,0.003219550999999987,0.013964747700000002,-1,-1,-1,-1
96,717,0.3517534098,0.4098628134,0.003298171999999988,0.01392661249999999,-1,-1,-1,-1
97,717,0.3492413793,0.4098759976,0.003376792999999989,0.013888477300000035,-1,-1,-1,-1
98,717,0.3474748763,0.4099133097,0.00348191259999997,0.014112761599999968,-1,-1,-1,-1
99,717,0.3459817459,0.4098759976,0.002956160399999963,0.013963238699999991,-1,-1,-1,-1
100,717,0.3445937352,0.4099133097,0.0030192938000000447,0.014374495200000004,-1,-1,-1,-1
101,717,0.3430164783,0.4101750433,0.0028300477000000046,0.01456119290000002,-1,-1,-1,-1
102,717,0.3411658488,0.4104366396,0.0024725485000000047,0.014224835200000008,-1,-1,-1,-1
103,717,0.338633254,0.410698236,0.0029862606000000125,0.014150210900000015,-1,-1,-1,-1
104,717,0.3364462726,0.4107355482,0.002923127200000042,0.014374495099999995,-1,-1,-1,-1
105,717,0.3341750104,0.4109223831,0.0025024943999999993,0.013963375999999972,-1,-1,-1,-1
106,717,0.3320510082,0.4108476217,0.002271107800000005,0.0139260638,-1,-1,-1,-1
107,717,0.3301162521,0.4106980989,0.002523487499999977,0.014823063700000028,-1,-1,-1,-1
108,717,0.3284338756,0.4109223831,0.00283900060000003,0.014561467299999964,-1,-1,-1,-1
109,717,0.326414993,0.4110345938,0.0030282467000000146,0.014262421699999972,-1,-1,-1,-1
110,717,0.3247955957,0.411408401,0.0030913801999999935,0.014636091500000004,-1,-1,-1,-1
111,717,0.3228608396,0.411408401,0.0028180076000000054,0.014972449300000024,-1,-1,-1,-1
112,717,0.3200008459,0.4111468046,0.0035118586000000285,0.015271494999999968,-1,-1,-1,-1
113,717,0.318402596,0.4112963274,0.0030282467000000146,0.015346256499999988,-1,-1,-1,-1
114,717,0.318402596,0.4112963274,0.0030282467000000146,0.015346256499999988,-1,-1,-1,-1
115,717,0.3163229353,0.4114434166,0.0030381572000000023,0.015365288600000027,-1,-1,-1,-1
116,717,0.3142432746,0.4115905058,0.00304806769999999,0.015384320600000001,-1,-1,-1,-1
117,717,0.3121636139,0.411737595,0.003057978299999986,0.015403352699999984,-1,-1,-1,-1
118,717,0.3100839532,0.4118846843,0.0030678888000000293,0.01542238459999995,-1,-1,-1,-1
119,717,0.3080042925,0.4120317735,0.0030777994000000253,0.015441416700000044,-1,-1,-1,-1
120,717,0.3059246318,0.4121788627,0.003087709900000013,0.015460448700000018,-1,-1,-1,-1
121,717,0.3038449711,0.412325952,0.003097620399999945,0.015479480699999992,-1,-1,-1,-1
122,717,0.3017653104,0.4124730412,0.0031075308999999884,0.015498512700000022,-1,-1,-1,-1
123,717,0.2996856497,0.4126201304,0.003117441399999976,0.015517544800000005,-1,-1,-1,-1
124,717,0.297605989,0.4127672196,0.003127351999999972,0.01553657679999998,-1,-1,-1,-1
125,717,0.2955263284,0.4129143088,0.003137262400000007,0.015555608899999962,-1,-1,-1,-1
126,717,0.2934466677,0.4130613981,0.003147172899999995,0.01557464080000004,-1,-1,-1,-1
127,717,0.291367007,0.4132084873,0.003157083499999991,0.015593672900000022,-1,-1,-1,-1
128,717,0.2892873463,0.4133555765,0.0031669939999999785,0.015612704899999996,-1,-1,-1,-1
129,717,0.2872076856,0.4135026658,0.0031769045000000218,0.01563173689999997,-1,-1,-1,-1
130,717,0.2851280249,0.413649755,0.0031868151000000178,0.0156507689,-1,-1,-1,-1
131,717,0.2830483642,0.4137968442,0.0031967256000000055,0.015669800999999983,-1,-1,-1,-1
132,717,0.2809687035,0.4139439334,0.003206636199999946,0.015688832999999958,-1,-1,-1,-1
133,717,0.2788890428,0.4140910226,0.003216546699999989,0.015707865099999996,-1,-1,-1,-1
134,717,0.2768093821,0.4142381118,0.003226457199999977,0.015726897200000034,-1,-1,-1,-1
135,717,0.2747297214,0.414385201,0.003236367799999973,0.01574592920000001,-1,-1,-1,-1
136,717,0.2726500607,0.4145322903,0.003246278300000016,0.01576496110000003,-1,-1,-1,-1
137,717,0.2705704,0.4146793795,0.003256188800000004,0.015783993200000013,-1,-1,-1,-1
138,717,0.2684907393,0.4148264687,0.0032660992999999916,0.015803025299999995,-1,-1,-1,-1
139,717,0.2664110786,0.414973558,0.0032760097999999793,0.01582205719999996,-1,-1,-1,-1
140,717,0.2643314179,0.4151206472,0.003285920400000031,0.01584108919999999,-1,-1,-1,-1
141,717,0.2622517572,0.4152677364,0.0032958309000000185,0.01586012130000003,-1,-1,-1,-1
142,717,0.2596685322,0.4150381023,0.0035512976999999557,0.015437890600000004,-1,-1,-1,-1
143,717,0.2571775376,0.4150803528,0.003551297700000011,0.015437890600000004,-1,-1,-1,-1
144,717,0.2551135816,0.4144900805,0.002863312500000048,0.016491820899999954,-1,-1,-1,-1
145,717,0.2517210438,0.414785148,0.004642627399999988,0.016239003899999993,-1,-1,-1,-1
146,717,0.2486132241,0.4148272614,0.004642627400000016,0.015986049599999996,-1,-1,-1,-1
147,717,0.2461222295,0.4144899433,0.0035038318999999762,0.01590168580000001,-1,-1,-1,-1
148,717,0.2434652201,0.4145320566,0.002792075000000005,0.016112526800000027,-1,-1,-1,-1
149,717,0.2398355071,0.4137309434,0.004191817199999975,0.01594379909999999,-1,-1,-1,-1
150,717,0.2380088035,0.4125925121,0.003551220599999988,0.016449844800000002,-1,-1,-1,-1
151,717,0.2375817648,0.4114539437,0.0024125021999999996,0.015395777300000024,-1,-1,-1,-1
152,717,0.2359211532,0.4112009895,0.003693541099999975,0.0157330953,-1,-1,-1,-1
153,717,0.2354228771,0.4095986258,0.0024361965999999957,0.01653420859999999,-1,-1,-1,-1
154,717,0.2344027077,0.409725103,0.003290351100000005,0.016365618100000034,-1,-1,-1,-1
155,717,0.2328844166,0.408628785,0.003361511399999989,0.01644998200000003,-1,-1,-1,-1
156,717,0.2312948881,0.4085865345,0.004073190999999976,0.016281391600000028,-1,-1,-1,-1
157,717,0.229776597,0.4081648527,0.0033615113000000085,0.0163235048,-1,-1,-1,-1
158,717,0.2278074956,0.4083334431,0.003361511400000017,0.016323504899999952,-1,-1,-1,-1
159,717,0.2263841363,0.4085863973,0.0033615112999999808,0.016323504900000008,-1,-1,-1,-1
