0,1086,0.1607256092,0.7536446536,0.1107054342,0.5268501874
0,1086,0.3073804755,0.65202193295,0.2079978562,0.4498398871
0,1086,0.25927622465,0.6913417083,0.1772645013,0.477634812
0,1086,0.31129946025,0.66618881085,0.2113951793,0.4525643579
0,1086,0.31107363065000004,0.6417661062,0.2096575417,0.4423869278
0,1086,0.1832715608,0.71336278795,0.127858836,0.4971475431
0,1086,0.1879518908,0.7156960988000001,0.1298135818,0.4994267376
0,1086,0.18684882975,0.7304840452,0.1285138653,0.5076507684
0,1086,0.60336442875,0.77102997645,0.4061884101,0.5404442831
0,1086,0.0686543582,0.90592056965,0.055030335,0.6455421067
0,1086,0.2128604861,0.8120223499000001,0.1477764506,0.5692233152
0,1086,0.28601700345000003,0.7931610721,0.1960328239,0.5552213926
0,1086,0.30028995875,0.74091683025,0.2054164063,0.5157399543
0,1086,0.279373708,0.7587464005,0.1941684562,0.529457372
0,1086,0.2689554463,0.7612576984,0.1843353756,0.5313021272
0,1086,0.25071638760000003,0.76312014945,0.1714977426,0.5322730655
0,1086,0.36399154040000004,0.67184722165,0.2456281984,0.4634877561
0,1086,0.13676494245,0.7713883511499999,0.0984994449,0.5448738631
0,1086,0.1868386419,0.76723024435,0.1301653696,0.5363977011
0,1086,0.16834330605,0.6992828116,0.1170115289,0.4882656118
0,1086,0.17951785765,0.70008076975,0.1242203245,0.4874521527
0,1086,0.33269519365,0.7069823465,0.2248332751,0.4887831804
0,1086,0.3169169135,0.70927923675,0.2148584914,0.4906117487
0,1086,0.32353250125,0.70614597875,0.2199412781,0.4907961145
0,1086,0.311098637,0.684538899,0.2104143718,0.4730436376
0,1086,0.30905640735,0.6500845833,0.2093515217,0.4487358872
0,1086,0.26945024925,0.6916496704499999,0.1853544645,0.4786471777
0,1086,0.27552121404999996,0.68735376945,0.1868927453,0.4763161303
0,1086,0.26412168185,0.68538534915,0.1799702887,0.4754729037
0,1086,0.2499700926,0.6892774014,0.171461082,0.4784552672
0,1086,0.36201375635,0.6476974991,0.2438761281,0.4439252298
0,1086,0.28316445765,0.6576631966,0.1913925119,0.4534341968
0,1086,0.28423020205000005,0.653913054,0.1913587841,0.4417091366
0,1086,0.49449364780000005,0.70355045425,0.3334552268,0.4869074231
0,1086,0.35536625455,0.7255389543499999,0.2409506083,0.5032350433
0,1086,0.36546078345,0.7244612238999999,0.2471331373,0.5040110532
0,1086,0.3825253507,0.68092024045,0.2584294022,0.4711888685
0,1086,0.37130344885,0.7097208093,0.2513574473,0.4833707278
0,1086,0.37189785305,0.70738646965,0.2519958057,0.4817756345
0,1086,0.32819330455,0.6824533296499999,0.2223052339,0.4710958625
0,1086,0.33485604939999997,0.68083875735,0.2265012188,0.4700132623
0,1086,0.3233576492,0.7017911602,0.2191059556,0.4848483976
0,1086,0.2902662813,0.67851059065,0.196862435,0.4683619265
0,1086,0.28763346795,0.6786319922,0.1942646229,0.4684977316
0,1086,0.6014951216,0.7855221694500001,0.4082918824,0.5514878483
0,1086,0.3285322805,0.66508776035,0.2229516962,0.4583753095
0,1086,0.39457049619999995,0.60553150845,0.2651741898,0.4119577945
0,1086,0.38917628694999995,0.6339031251,0.2613905021,0.4329683604
0,1086,0.36850658869999997,0.63600104035,0.2476839732,0.4349995391
0,1086,0.38572991589999994,0.61987623625,0.2598347786,0.4236255147
0,1086,0.34247150815,0.61629763335,0.2312297479,0.4214974891
0,1086,0.35688087960000003,0.6401868569,0.2405894816,0.4390772602
0,1086,0.3129437096,0.67643126285,0.2116893906,0.4661745033
0,1086,0.32374239305,0.6740155771999999,0.2190787881,0.4634800742
0,1086,0.3704269507,0.67658778175,0.250034654,0.4658631117
0,1086,0.36453357775,0.67331570065,0.2460715221,0.4650381297
0,1086,0.34484765845,0.68091591935,0.2347274053,0.4707571727
0,1086,0.32255265865,0.6891889222,0.2195157831,0.4768428896
0,1086,0.31320187775,0.6913865651,0.2125105891,0.47883511
0,1086,0.3090360318,0.69942540705,0.209324663,0.4824250301
0,1086,0.2920414671,0.7086205818,0.1990476412,0.4916632098
0,1086,0.29431118575,0.70179054295,0.1998848933,0.4858581569
0,1086,0.35656393865,0.59316267705,0.2399251907,0.4046303521
0,1086,0.38240228665,0.5958827581999999,0.2564064291,0.4045063442
0,1086,0.3645829731,0.597503915,0.2451723714,0.4032840978
0,1086,0.37235364145,0.59289806275,0.2497508619,0.4020730999
0,1086,0.38456372125000005,0.5724969053,0.2574309205,0.3863478236
0,1086,0.3855921104,0.5755918223500001,0.258237532,0.3894105727
0,1086,0.38911909629999997,0.5721609589,0.2607315366,0.3871047658
0,1086,0.38442340750000004,0.57302277295,0.2575551808,0.3873408473
0,1086,0.37340703695,0.5747276764,0.2502644969,0.3889986304
0,1086,0.3697882064,0.59080741785,0.2478734508,0.4005895315
0,1086,0.37077055745,0.5809376070000001,0.2485881405,0.3934910374
0,1086,0.38341049299999996,0.5820088901,0.2570635422,0.394741405
0,1086,0.38182737045000004,0.59856216635,0.2562696655,0.4069817017
0,1086,0.37353071845,0.59694238125,0.2507234883,0.4066807355
0,1086,0.3506440543,0.6462274426,0.2360843896,0.443230703
0,1086,0.34704270515,0.6447713096000001,0.2342806085,0.4431750092
0,1086,0.3716413057,0.6484715199,0.2508506042,0.4456795854
0,1086,0.29432916875,0.6602809438,0.1997451969,0.455943437
0,1086,0.32124842705,0.6406413241,0.2169840373,0.4402805762
0,1086,0.3408814779,0.63118071195,0.229628951,0.4314580425
0,1086,0.39630597265,0.6469705986000001,0.2672075823,0.44320121
0,1086,0.3478045134,0.6258489194000001,0.2342862426,0.4238790176
0,1086,0.39457929469999997,0.62684454945,0.2649372462,0.4283817129
0,1086,0.36768909485,0.61826790545,0.2471932607,0.4219658111
0,1086,0.31944119854999997,0.64513834935,0.2163380895,0.4436987507
0,1086,0.32145044655,0.6406411183,0.2172519301,0.4375152266
0,1086,0.3225127178,0.63668822815,0.2173693214,0.4363275489
0,1086,0.20272867695000002,0.6972136117500001,0.1407235593,0.4846360477
0,1086,0.1938956238,0.6909978057499999,0.1330506784,0.4787481399
0,1086,0.2227129389,0.7013034277,0.1526848098,0.4875868604
0,1086,0.2251899639,0.6988530363000001,0.1538045418,0.4862496598
0,1086,0.29286173945,0.7067525065,0.1983503943,0.4889268046
0,1086,0.28812572395,0.70815712955,0.1947453019,0.4891733115
0,1086,0.1836224611,0.6927250003500001,0.1254620014,0.4760660567
0,1086,0.18208989155,0.71019345235,0.1262438379,0.4946714997
0,1086,0.35315820295,0.65090064875,0.2383437661,0.4467750803
0,1086,0.37037554865,0.56673053625,0.2479901475,0.3826336213
0,1086,0.3928560899,0.5735004916,0.263073496,0.3875497678
0,1086,0.3616287037,0.5722460773,0.2422045568,0.3871243822
0,1086,0.36584930915,0.5891019658,0.2454921295,0.398988814
0,1086,0.3652175111,0.58631953775,0.2449387466,0.3967441881
0,1086,0.36601023005,0.59851826975,0.2454095465,0.4059995149
0,1086,0.36342932045,0.59242466515,0.2439519191,0.4023880581
0,1086,0.3620096272,0.5817283634,0.2431135094,0.3945954488
0,1086,0.37328690575,0.56636475405,0.2500419861,0.3829215557
0,1086,0.2643241644,0.68092504155,0.180567124,0.4736599735
0,1086,0.29460867735,0.74007387795,0.2013049339,0.5127272747
0,1086,0.006387133949999999,0.9627480982,0.0142303517,0.6898155464
0,1086,0.5996459585,1.01420000615,0.4121541396,0.7271482455
0,1086,0.2192076792,0.9320723207499999,0.1562452148,0.6695279029
0,1086,0.2516307042,0.9260465502,0.1777271972,0.6678178554
0,1086,0.129908475,1.05915013955,0.0975990594,0.7605793585
0,1086,0.28442527525,0.7104955159499999,0.1922933605,0.4869709361
0,1086,0.30495130235,0.70862949825,0.2068395341,0.4903726493
0,1086,0.34074915225,0.70655497175,0.2314030949,0.4897452021
0,1086,0.45461349949999996,0.7169776056,0.3088345526,0.49836636
0,1086,0.27881496115,0.72361991785,0.1902696927,0.5030261229
0,1086,0.27010242295,0.7308060681499999,0.1847993837,0.5094311877
0,1086,0.4204597446,0.74094906675,0.2855026352,0.5162971669
0,1086,0.3081508894,0.7123696271,0.2092659288,0.4937782036
0,1086,0.2990368978,0.70984289675,0.2037743952,0.4938200425
0,1086,0.29493368355,0.7101613529999999,0.2004564135,0.4932728438
0,1086,0.2637465855,0.7201432374000001,0.1799838724,0.5016498268
0,1086,0.25511246255,0.7198061937,0.1745694419,0.5025864708
0,1086,0.2729420024,0.7346231531,0.1881490864,0.512235907
0,1086,0.2626084461,0.7324910808,0.180193417,0.5114870582
0,1086,0.38589867065000005,0.7422001889000001,0.2613915827,0.5172002026
0,1086,0.2655962889,0.7460821585999999,0.18222488,0.5200139756
0,1086,0.25502227735,0.7430573388499999,0.1752241625,0.5203795521
0,1086,0.1558145101,0.8089997251000001,0.1102342484,0.5709107286
0,1086,0.1323993152,0.8211260963,0.0959961786,0.5773104434
0,1086,0.26381323075,0.7769937431,0.1821491661,0.546430684
0,1086,0.2430091446,0.82288698265,0.1685244644,0.5590193405
0,1086,0.2525634945,0.8071345257,0.1737927732,0.565723161
0,1086,0.27967333695,0.81668704355,0.1919641865,0.5650736981
0,1086,0.25683806,0.7956784057,0.1736926736,0.5396353508
0,1086,0.25893829065,0.8056726361,0.1777684115,0.565351771
0,1086,0.21911077935,0.78829965915,0.1518210077,0.5589542509
0,1086,0.1272168501,0.9680748152,0.0945214944,0.689118139
0,1086,0.1101600395,0.9677184295500001,0.0823973162,0.6890391251
0,1086,0.07788176625,1.0549451868,0.0613337283,0.7598011538
0,1086,0.05124341235,1.13156126125,0.0455674155,0.8198472553
0,1086,0.0008110106999999998,1.1321659852,0.0126478466,0.8198902694
0,1086,0.08249263785,0.78067679575,0.0612780813,0.5563510235
0,1086,0.06567864145,0.7790439822999999,0.0508948673,0.5551929548
0,1086,0.73332905245,0.9646180254000001,0.4964493969,0.6820695772
0,1086,1.1572589011,1.23556576425,0.7864241682,0.8993177643
0,1086,0.42276064405,0.99662702525,0.2903926255,0.7136699271
0,1086,0.814206148,0.970014977,0.5529271714,0.6983535752
0,1086,0.4733786578,0.92601853175,0.3228295044,0.6605576983
0,1086,0.11036885090000001,1.09930689995,0.0822976764,0.7837995703
0,1086,0.58664030395,1.05206783235,0.4054653849,0.7580950845
0,1086,0.40762257465,0.9380571440500001,0.2795324293,0.6656881837
0,1086,0.40700293260000003,0.9221911928,0.2825108948,0.6426922562
0,1086,0.44826572755,0.8001935155,0.3049906643,0.5624359384
0,1086,0.44652353629999997,0.7998297909000001,0.305172038,0.5607194436
0,1086,0.8670430956499999,0.7793497567,0.5840186431,0.5456361552
0,1086,0.48035143595,0.77515481785,0.3248290919,0.5442889407
0,1086,0.74813918265,0.7854260084,0.5068529943,0.5501158048
0,1086,0.74424898615,0.78453586735,0.5018689985,0.5478444293
0,1086,0.47580636445,0.78438860795,0.3233495453,0.5492223715
0,1086,0.47952475755,0.7783426038,0.3262505989,0.5454627636
0,1086,0.36145933155,0.8159253077499999,0.2444155413,0.5553385417
0,1086,0.3730144593,0.8270322486999999,0.2547703608,0.572171796
0,1086,0.5238425423,0.7036343379500001,0.3523833898,0.4871229281
0,1086,0.37609275745000004,1.04415574185,0.2597755813,0.7474293045
0,1086,0.7403032197999999,0.9255424935500001,0.5024666828,0.6548350201
0,1086,1.1169800393,0.7315628731499999,0.7485187554,0.5082780785
0,1086,0.9856673072,0.7002493602,0.6611027894,0.4800421298
0,1086,0.9920336796,0.7103557327,0.6628487624,0.4803079786
0,1086,1.1281610740499999,0.7746374551499999,0.7568923563,0.5412218019
0,1086,1.1208135855,0.7189432822499999,0.7506924618,0.4970926723
0,1086,1.13461111,0.72764750085,0.7604471272,0.5052929715
0,1086,1.1145484735,0.72642113925,0.7456647818,0.5030997869
0,1086,1.12166966945,0.71408859105,0.7512500123,0.4937296429
0,1086,1.1405425715000002,0.72667875745,0.7638112626,0.5036334051
0,1086,1.10921214955,0.7217536944,0.7447863155,0.501326638
0,1086,1.10237188995,0.7192308736499999,0.7390470331,0.4988080697
0,1086,1.10465434325,0.72584801405,0.7402731195,0.5045763593
0,1086,1.0965140586,0.7157849209,0.734244874,0.496651237
0,1086,1.0949456003,0.71952649,0.7331402694,0.498829195
0,1086,0.95950441595,0.6999064865,0.6422467127,0.4808702668
0,1086,1.160150693,0.7770870918999999,0.7799357736,0.5418438992
0,1086,1.0881300382999999,0.75220896,0.728873896,0.5212489794
0,1086,1.08027655565,0.7510404183,0.7237051305,0.5206949218
0,1086,1.0959714037000001,0.7249775579,0.7337202022,0.5033287352
0,1086,1.07605494685,0.73100422005,0.7213659495,0.5061728243
0,1086,1.1033174259,0.7220921099,0.7394494512,0.5002986342
0,1086,1.05400314215,0.71733570595,0.7065251015,0.4961488951
0,1086,0.9497660356,0.68980162305,0.6364719274,0.4758666015
0,1086,1.06299480295,0.72112645295,0.7112664425,0.4984872129
0,1086,1.0534134846,0.7083865579999999,0.7054717446,0.4899682518
0,1086,1.0781444494999999,0.7194003558000001,0.7222515164,0.4983335748
0,1086,1.0042470011,0.6970746062,0.6724685166,0.48045709
0,1086,1.13673241095,0.7842707044000001,0.7629102597,0.5477047832
0,1086,1.0138841981,0.69548109045,0.6792931086,0.4798130443
0,1086,1.2195463465,0.7529866845,0.817383044,0.5217742298
0,1086,0.99622302705,0.6978682432500001,0.6677716315,0.4807880979
0,1086,0.92178145755,0.68362797565,0.6172523315,0.4697268369
0,1086,1.28795635175,0.75272220745,0.8646670997,0.5225383053
0,1086,1.18194124225,0.7513416589499999,0.7940926497,0.5220710807
0,1086,1.03707811705,0.6965185594500001,0.6950156645,0.4819277637
0,1086,1.18859850735,0.7633840091999999,0.7965114807,0.5321568766
0,1086,0.8084812211000001,0.7022013192500001,0.542869033,0.4854075307
0,1086,0.857515186,0.7029109355000001,0.575954844,0.485884632
0,1086,0.972470014,0.7429898478,0.6547861982,0.5132798234
0,1086,0.9500215025000001,0.73707251555,0.6365525036,0.5130426445
0,1086,1.12153923485,0.78530028575,0.7517754559,0.5469348091
0,1086,0.9464534566,0.7330060429,0.6368050376,0.500354328
0,1086,0.8235953646,0.68935236855,0.5516986152,0.4761195557
0,1086,0.99508384555,0.6798047863,0.6669427149,0.467613352
0,1086,1.0040136593,0.68651346925,0.6718910364,0.4702281575
0,1086,0.97391351735,0.672782974,0.6515500277,0.4591435002
0,1086,0.96152291265,0.68260600765,0.6459555355,0.4669451633
0,1086,0.9599959002,0.6851854138,0.6443642318,0.4675480558
0,1086,0.85764153015,0.65109125615,0.5741227377,0.4466920883
0,1086,0.85328176865,0.65195855715,0.5717147119,0.4464008617
0,1086,0.8658460289500001,0.6523449161,0.5794684005,0.4474929272
0,1086,0.8527543183999999,0.6620329675000001,0.570484149,0.4543897712
0,1086,0.8479860415,0.66346461435,0.5676443766,0.4565633395
0,1086,1.0900949719000002,0.74490099675,0.7313052302,0.5170461529
0,1086,1.0480245236,0.7252345588,0.7012590888,0.50068465
0,1086,0.8430804608,0.6604192180999999,0.5648198858,0.4528882326
0,1086,1.0361664631,0.72144641815,0.6933569052,0.4967896485
0,1086,1.03396659265,0.7222028803,0.6922314619,0.4986200002
0,1086,0.823031794,0.6535371892499999,0.5512941904,0.4476464281
0,1086,0.9586963381,0.67134124455,0.6425900108,0.4633891259
0,1086,0.9171943226999999,0.6559912843,0.6143380028,0.4470982692
0,1086,0.8341115681,0.63995790855,0.5586477762,0.4382385605
0,1086,1.0146734439,0.6942865538,0.680306023,0.4770700546
0,1086,0.9607998102499999,0.6743764212000001,0.6433954645,0.4641636268
0,1086,1.03698056105,0.72695324845,0.6946096961,0.5038153017
0,1086,0.9451992764999999,0.70442255645,0.6341926384,0.4874200533
0,1086,0.9393233077,0.70317705865,0.6306122436,0.4854099999
0,1086,0.7605701525,0.66883042685,0.510008743,0.4610092435
0,1086,0.61472938425,0.67862753395,0.4128234473,0.4669376185
0,1086,0.83889798245,0.6804829889999999,0.5629448673,0.4696869184
0,1086,0.6053640163,0.67907768,0.4077310902,0.4685172108
0,1086,0.8563535450499999,0.6910987679,0.5745577259,0.4765527604
0,1086,0.7959783191,0.6674466547,0.5331930916,0.4592900052
0,1086,0.66225030625,0.687228664,0.4444706171,0.4743561464
0,1086,0.956476478,0.7496858649,0.6418083286,0.5222890548
0,1086,0.9707363897,0.77448079905,0.6541369574,0.5433378931
0,1086,0.98870936915,0.7837150007,0.6634137223,0.5474112246
0,1086,0.63826019515,0.6862249406,0.4281988461,0.4745890728
0,1086,0.6347157665,0.6866492287,0.4257821762,0.4740719158
0,1086,0.5525774674,0.6808694164,0.370896014,0.4708422224
0,1086,0.73615724785,0.6577203994,0.4937647569,0.4514857358
0,1086,0.6485223984,0.69002179195,0.4361076672,0.4776268557
0,1086,0.7957889187,0.6983304609,0.533932479,0.4832327278
0,1086,0.8948499275999999,0.6833691228000001,0.5999810754,0.4706223278
0,1086,0.9177332728500001,0.65568620285,0.6142091117,0.4504807777
0,1086,0.8684317238500001,0.68377866455,0.5818174605,0.4707228785
0,1086,0.7684014074000001,0.62422399015,0.5140645684,0.4259318703
0,1086,0.86059931125,0.6386015718,0.5752142217,0.4359483918
0,1086,0.8641276865499999,0.63130286805,0.5779528879,0.4316093487
0,1086,0.85577477,0.63232819685,0.5724885218,0.4323461259
0,1086,0.84342152055,0.62523203475,0.5639046817,0.4276244963
0,1086,0.80186246895,0.62430245545,0.5365576901,0.4263252937
0,1086,0.82355322415,0.6616245232,0.5513775451,0.4521703858
0,1086,0.8214993016,0.6588863347,0.5504652738,0.4487719648
0,1086,0.8195843037999999,0.6616753472,0.5492705226,0.4521680538
0,1086,0.8104159771499999,0.65881781475,0.5434120737,0.4468549173
0,1086,0.80255902135,0.66065708295,0.5382678515,0.4461048339
0,1086,0.78639908455,0.6634312118000001,0.5271620675,0.4522926104
0,1086,0.7863702191,0.661288234,0.5275961296,0.4503326266
0,1086,0.7835278997499999,0.65931185745,0.5256528837,0.4497947559
0,1086,0.77114586215,0.6605235412,0.5168361135,0.4481949986
0,1086,0.7684674737500001,0.659998428,0.5143167937,0.4452338976
0,1086,0.77327974345,0.65002991825,0.5184362157,0.4398436677
0,1086,0.8602651206,0.6558073301,0.575632539,0.4503650004
0,1086,0.76812857495,0.6290767609,0.5138180545,0.428616697
0,1086,0.8420898125,0.6603405384000001,0.563286919,0.4483676434
0,1086,0.8478431036,0.6553270051,0.5668972712,0.4477993804
0,1086,0.7162976444,0.62454018455,0.4795356042,0.4261789209
0,1086,0.83614040705,0.649884305,0.5594660419,0.446770965
0,1086,0.8281554090500001,0.6518530681,0.5540431987,0.4472442254
0,1086,0.9127211833,0.65658045925,0.610417706,0.4505817399
0,1086,0.9068510031,0.6646206043,0.607180455,0.4571167112
0,1086,0.87284196125,0.66351612435,0.5853884393,0.4554172263
0,1086,0.7604854085999999,0.6497306668,0.5099253882,0.4453459712
0,1086,0.86632910055,0.6625374355,0.5802196737,0.4556129778
0,1086,0.81374839155,0.6429424669,0.5442815871,0.4375307276
0,1086,0.80394896155,0.63227847025,0.5381738459,0.4317182671
0,1086,0.8085904313000001,0.6327336918500001,0.5414194324,0.4329724757
0,1086,0.79394045005,0.62154074105,0.5308912659,0.4236052125
0,1086,0.7978433041999999,0.6334035954,0.534074182,0.4314697026
0,1086,0.8312259506,0.64729701105,0.5562604348,0.4441958799
0,1086,0.76245983535,0.6633842972999999,0.5107428821,0.4541340734
0,1086,0.8257129609,0.64646256385,0.5526215374,0.4429511365
0,1086,0.7860368774000001,0.62757090125,0.5254361614,0.4275539873
0,1086,0.7819752633999999,0.6279708406,0.522877634,0.427849878
0,1086,0.80127767375,0.63411211415,0.5357644309,0.4324686249
0,1086,0.78825040875,0.62116858,0.5272329191,0.4230921708
0,1086,0.78432432345,0.6202566278,0.5246376539,0.4231646002
0,1086,0.8168441711000001,0.63159738685,0.5467527464,0.4325948277
0,1086,0.65506057415,0.615672861,0.4385204781,0.4175930224
0,1086,0.6442081732,0.6125570929999999,0.4314126344,0.4167275732
0,1086,0.72867310095,0.6104719092499999,0.4871914827,0.4157088343
0,1086,0.7790583878499999,0.617169667,0.5211492581,0.4203353262
0,1086,0.7592675033,0.60563836925,0.5074377124,0.4111210153
0,1086,0.7252001987,0.6123541906000001,0.4848987822,0.4161973376
0,1086,0.7859547576000001,0.6224467945500001,0.5253836788,0.4240570733
0,1086,0.71402896445,0.61394798475,0.4772689141,0.4166280857
0,1086,0.81000391145,0.61598486995,0.5417976159,0.4164551399
0,1086,0.8098963993,0.61168615675,0.541596484,0.4166186547
0,1086,0.7303698305999999,0.61029187155,0.4886544048,0.4158820147
0,1086,0.7221381372,0.60901571705,0.4833665968,0.4143974431
0,1086,0.73198371855,0.6120754341,0.4896655021,0.4162573102
0,1086,0.7365008545,0.6113675634,0.4923443304,0.4143391858
0,1086,0.7409114603,0.61298371185,0.4955088916,0.4147748493
0,1086,0.79250806075,0.6287108415,0.5304147547,0.42841052
0,1086,0.7367644253000001,0.61180241425,0.4925840524,0.4143734801
0,1086,0.7349000577,0.6116500791999999,0.491606641,0.4155851638
0,1086,0.7359872967,0.61033276925,0.492036844,0.4154172593
0,1086,0.7465753552000001,0.61139191225,0.500163931,0.4161873705
0,1086,0.74676475565,0.6093566869,0.4990287629,0.4115956474
0,1086,0.74056061615,0.6104239919000001,0.4954150263,0.4146507146
0,1086,0.74400633125,0.6113872483,0.4976796511,0.4159824282
0,1086,0.7522216353,0.6159791771500001,0.5035072278,0.4198715311
0,1086,0.7605698437999999,0.6160766413000001,0.5088544342,0.4198859346
0,1086,0.7509388985500001,0.61394738115,0.5016595311,0.4158425077
0,1086,0.76032271245,0.611601793,0.5083796209,0.4156128736
0,1086,0.76095736625,0.61063606745,0.5091975779,0.4153862573
0,1086,0.7450139974500001,0.6086680588,0.4979266281,0.4141161362
0,1086,0.76681704995,0.6116797781000001,0.5123715411,0.4157175396
0,1086,0.7711615297500001,0.60892067005,0.5154028751,0.4144139473
0,1086,0.8014488597,0.61489129555,0.53592157,0.4194348969
0,1086,0.8011595879,0.60931169285,0.5354300858,0.4147822673
0,1086,0.8078775939,0.60972390955,0.5400613676,0.4146706053
0,1086,0.80693668875,0.60992130705,0.5393727649,0.4141378101
0,1086,0.81049693935,0.62051404035,0.5419084469,0.4237905385
0,1086,0.843378454,0.6275953187000001,0.563904373,0.4281216254
0,1086,0.84191542395,0.6195494122,0.5627858759,0.4212900776
0,1086,0.77676065275,0.62495761235,0.5194585461,0.4261025183
0,1086,0.8426727172499999,0.6358486368,0.5637926159,0.434494728
0,1086,0.84289283545,0.63477419855,0.5644576015,0.4338962251
0,1086,0.84261390585,0.62566469075,0.5635786721,0.4275888303
0,1086,0.8616552151500001,0.6336566868,0.5763094103,0.433995404
0,1086,0.700463606,0.6298646921,0.469004129,0.4298137942
0,1086,1.10850587245,0.72863044205,0.7427069235,0.5068454027
0,1086,1.05103270345,0.69335628855,0.7036248197,0.4770386411
0,1086,1.0569480342,0.7019179116500001,0.7076923766,0.4803542073
0,1086,0.93888870535,0.67425597985,0.6291490593,0.4644530701
0,1086,1.0058176976,0.6847353362999999,0.6729218738,0.4687925248
0,1086,1.01116791415,0.6840300412,0.6762599223,0.4681888092
0,1086,0.99854985915,0.6823625871000001,0.6683566583,0.4664344536
0,1086,1.01819703395,0.68190016375,0.6814050707,0.4672517537
0,1086,0.7865915722500001,0.6618494933,0.5265764233,0.4434404466
0,1086,0.7528632353,0.60831558265,0.5031082056,0.4115129297
0,1086,0.79687569465,0.62515665605,0.5335806911,0.4268495839
0,1086,0.71556182535,0.628493855,0.4787087233,0.4247643758
0,1086,0.8477724836,0.6671388296,0.5669128616,0.4516662606
0,1086,0.8543213874500001,0.67373024925,0.5726149431,0.4647017719
0,1086,0.7496992283,0.6069846921,0.5011621812,0.4113568224
0,1086,0.85761893395,0.6313803016,0.5734609025,0.4298278302
0,1086,0.85647402355,0.6215904675999999,0.5724557973,0.4205446582
0,1086,0.8445884097,0.6208196019,0.56516411,0.4229138408
0,1086,0.75023925895,0.61168883175,0.5018288647,0.4153814561
0,1086,0.87034471505,0.70351931505,0.5841939967,0.4863230495
0,1086,1.0213832688,0.67398889635,0.6828534364,0.4567706139
0,1086,1.0565141265,0.6966037464,0.7073074012,0.4753416254
0,1086,0.3566657009,0.6950297783999999,0.2415672018,0.4817239188
0,1086,0.5011013631,0.6939399077499999,0.3378805916,0.4794053545
0,1086,0.5008861070999999,0.69083202735,0.3372318138,0.4779013467
0,1086,0.3799178138,0.71690956585,0.2575938482,0.4885625999
0,1086,0.393181868,0.71362500165,0.2675170754,0.4869137333
0,1086,0.41047689565,0.7125113994,0.2795630699,0.4895414944
0,1086,0.42294942709999994,0.7094443292,0.286004616,0.4824910122
0,1086,0.44099457025,0.7117170078,0.2989837205,0.4916213708
0,1086,0.45551627765,0.70236990965,0.3078813757,0.4781629431
0,1086,0.4427877776,0.7041340048,0.299395709,0.4794773724
0,1086,0.52048133965,0.69429828245,0.3512179671,0.4810576505
0,1086,0.48171451745,0.7025004335,0.3266828087,0.4851132862
0,1086,0.49064312190000003,0.6942881313,0.330608045,0.4724374528
0,1086,0.36888800695,0.7914105231499999,0.2522933419,0.5566871611
0,1086,0.6924360147999999,0.78067337945,0.4663728464,0.5454434217
0,1086,0.69318100355,0.7795539504,0.4668921155,0.5430378872
0,1086,0.48131209929999996,0.6840830600500001,0.3247313816,0.4660808115
0,1086,0.63767964495,0.6503949461,0.4275591757,0.4462874164
0,1086,0.47971593325,0.6758274100499999,0.3240717987,0.4673824833
0,1086,0.49416061465,0.6926472896,0.3342449357,0.4773699234
0,1086,0.49399175650000005,0.69296628905,0.3341001702,0.4768057037
0,1086,0.53813471545,0.6887523567,0.3621798869,0.4754558938
0,1086,0.54517595545,0.68798476125,0.3665431179,0.4757332385
0,1086,0.24571923255,0.72025935765,0.1689365139,0.5014222503
0,1086,0.520030042,0.6899439154,0.3500580284,0.4746552454
0,1086,0.5262411202,0.6860925514,0.3541688792,0.4731332142
0,1086,0.5211232958500001,0.685137531,0.3505854231,0.4724901754
0,1086,0.46295167460000003,0.74962235195,0.3121932854,0.5159857753
0,1086,0.5294752818,0.68132428225,0.3561355198,0.4711533397
0,1086,0.5356717607,0.68513263235,0.3602835666,0.4729245681
0,1086,0.47248334054999996,0.74110825595,0.3195005631,0.5178615325
0,1086,0.53207102825,0.66966290605,0.3580866699,0.4619316131
0,1086,0.5279502561,0.65037527235,0.3542692136,0.4463307643
0,1086,0.5149485917500001,0.66919545465,0.3462830579,0.4602369375
0,1086,0.5893152762,0.66887259685,0.3964254092,0.4615325735
0,1086,0.53514312935,0.6767522569,0.3598198673,0.4672239068
0,1086,0.5756402693,0.6763497001500001,0.3866830618,0.4669175029
0,1086,0.5606365585499999,0.7329366314000001,0.3781687149,0.508746812
0,1086,0.5675340087,0.71130630015,0.3845382518,0.4896855301
0,1086,0.56841247505,0.70065122,0.3827053737,0.4754246174
0,1086,0.5658278607,0.6985065274,0.3813124234,0.4782067026
0,1086,0.5543571682499999,0.71566729165,0.3750191407,0.4964653623
0,1086,0.55670105725,0.7144326993500001,0.3742258815,0.4946466707
0,1086,0.8699139627500001,0.7038633426,0.5840175625,0.488660407
0,1086,0.8539643551,0.7747196672500001,0.5727855116,0.5388657883
0,1086,0.9168330737000001,0.75753947665,0.6168205848,0.5292713601
0,1086,0.5576447794,0.6636747992500001,0.3745434784,0.4567905045
0,1086,0.6131860149999999,0.6677749006,0.4121837878,0.4601027784
0,1086,0.66930377625,0.66737191535,0.4493341541,0.4598038699
0,1086,0.6610280210499999,0.6680977479,0.4441656005,0.4600911184
0,1086,0.50887809425,0.66396477675,0.3421648707,0.4562354867
0,1086,0.4964495512,0.6632333912,0.3339474828,0.4556010434
0,1086,0.47359638335,0.65426751915,0.3186427811,0.4505296127
0,1086,0.5533422836999999,0.6941978315,0.3716622602,0.4788925872
0,1086,0.5498599308000001,0.6919000887,0.3715117586,0.4783375694
0,1086,0.48996776000000003,0.6658397701500001,0.3303181558,0.4563361745
0,1086,0.52265087015,0.6412470038,0.3512145711,0.4402637034
0,1086,0.55576408815,0.65146238825,0.3733710323,0.4422520829
0,1086,0.5643668007,0.67905871975,0.3788898878,0.4674034713
0,1086,0.5243880509500001,0.6329598882,0.3522238489,0.4328258058
0,1086,0.609003789,0.6548780079000001,0.4084656924,0.4500518254
0,1086,0.6617945410999999,0.63838592975,0.4440259042,0.4376054891
0,1086,0.48937952165,0.6332156537,0.3284015843,0.4342893588
0,1086,0.5104671761,0.6873366997,0.3436118472,0.4762793668
0,1086,0.38256232005,0.6889047602,0.2565105453,0.4641980582
0,1086,0.38663296410000003,0.6815799928499999,0.2618355238,0.4625133885
0,1086,0.65663650615,0.68103446945,0.4412450975,0.4699383637
0,1086,0.6610430592000001,0.6810596851,0.4436266118,0.4698438716
0,1086,0.66770211155,0.67801542785,0.4487697149,0.4694212067
0,1086,0.6074912943999999,0.63900947505,0.4073454974,0.4377075487
0,1086,0.38872546384999995,0.66554920065,0.2609491079,0.4499124537
0,1086,0.3862490649,0.6562832273,0.2604202684,0.4519065946
0,1086,0.38050920055,0.6392359769,0.2566243091,0.4372090478
0,1086,0.38607086334999996,0.6381402865,0.2597508297,0.4367163562
0,1086,0.3904059782,0.63156848005,0.262296599,0.4323756189
0,1086,0.40130411205,0.63024163125,0.2696101941,0.4310884395
0,1086,0.39439700835,0.6407720251,0.2658291419,0.4393315862
0,1086,0.38909434629999995,0.5995262668,0.2612787396,0.4081197224
0,1086,0.37484655349999996,0.6040789468000001,0.252016027,0.4134478102
0,1086,0.3718180525,0.6051873747500001,0.2496120146,0.4125368183
0,1086,0.3771018639,0.6194068951,0.2534334434,0.421948664
0,1086,0.43724884425,0.59710302525,0.2927742997,0.4045279789
0,1086,0.39543771539999995,0.6006286000500001,0.2651434914,0.4066597759
0,1086,0.3924467881,0.6028736912,0.2629599638,0.406795827
0,1086,0.37393670030000004,0.61649672435,0.251208335,0.4200886821
0,1086,0.38240943035,0.60631211275,0.2569283995,0.4134069315
0,1086,0.50903184145,0.683816199,0.3437662079,0.4685705726
0,1086,0.36853820825,0.5863324239,0.2473604333,0.397997848
0,1086,0.37399183604999997,0.57254325625,0.2502243607,0.3866495803
0,1086,0.9094431414499999,0.6893213390999999,0.6100521801,0.4771128538
0,1086,0.5005428223499999,0.65831740205,0.3361965171,0.4512364853
0,1086,0.5178896861,0.65621169975,0.3477747428,0.4495667429
0,1086,0.5076699211,0.63094641155,0.3397920392,0.4278423289
0,1086,0.50961981275,0.62799427035,0.3416397359,0.4285445419
0,1086,0.5137611755,0.6260893789499999,0.3445658698,0.4281796253
0,1086,0.5103076629500001,0.69293943665,0.3448638663,0.4760649593
0,1086,0.5104434327,0.6934146552,0.344466542,0.4757170786
0,1086,0.48843034875,0.67149052265,0.3272386123,0.4543628243
0,1086,0.51115886195,0.66156317055,0.3438083483,0.4509611321
0,1086,0.5346028671999999,0.6427153704999999,0.359791465,0.4385522842
0,1086,0.53410102235,0.62990662715,0.3591120209,0.4270400883
0,1086,0.52623312985,0.6274028514,0.3537062695,0.426992385
0,1086,0.5256375791,0.6242270556,0.3522039532,0.4270515716
0,1086,0.52720624295,0.62472097905,0.3534182423,0.4247147431
0,1086,0.5198480597499999,0.61345233705,0.3488261183,0.4167006865
0,1086,0.5018319408499999,0.6321979964,0.3369172269,0.433275088
0,1086,0.5029635497,0.6354260674000001,0.33773611,0.434728066
0,1086,0.49796305640000005,0.6251921579999999,0.334525409,0.4275737408
0,1086,0.50270499625,0.6011443282,0.3364596441,0.4076196944
0,1086,0.49909859505,0.59828830115,0.3344105261,0.4072773523
0,1086,0.5787314770499999,0.60574743915,0.3872516029,0.4110841147
0,1086,0.499188505,0.5925375632,0.3341296828,0.4016902248
0,1086,0.48529282825,0.5851541512,0.3246166917,0.395438401
0,1086,0.49934786480000004,0.58299892455,0.3343497466,0.3942630691
0,1086,0.4996966814,0.58276494075,0.3342398418,0.3941492123
0,1086,0.5012031890499999,0.58194026515,0.3352217801,0.3931468605
0,1086,0.4925250867,0.5822778255000001,0.3294061932,0.3940578524
0,1086,0.5023690195,0.5799463938,0.3361852488,0.3923653636
0,1086,0.5306709161000001,0.5786947643,0.3548281534,0.390363678
0,1086,0.53267974985,0.579083757,0.3563300823,0.3906667018
0,1086,0.52385355605,0.58466014665,0.3504357917,0.3956547179
0,1086,0.52145031025,0.5848191063,0.3487190229,0.3952898384
0,1086,0.5351731525,0.57902028515,0.3578827958,0.3913055347
0,1086,0.49279228485000004,0.57352806415,0.3294080455,0.3864208017
0,1086,0.4942439695,0.58049308515,0.330564361,0.3921471151
0,1086,0.4932729811,0.58596882205,0.330063152,0.3963052219
0,1086,0.50176079205,0.57626702735,0.3356659797,0.3886286643
0,1086,0.49715516179999997,0.61902812825,0.333243444,0.4216236919
0,1086,0.51122745255,0.7020776838,0.3432511065,0.4752502656
0,1086,0.5166802092,0.6050810194,0.3464111772,0.4095953336
0,1086,0.5128268277,0.60366096395,0.3441622972,0.4087706259
0,1086,0.5118588323,0.60350547395,0.3433941988,0.4086544371
0,1086,0.52146577455,0.60539419435,0.3492435403,0.4090595205
0,1086,0.5791889306,0.6474331592,0.388432616,0.4369058868
0,1086,0.5775060911000001,0.6489525307,0.3868464062,0.4396551866
0,1086,0.58046858015,0.647391183,0.3903053191,0.4420944666
0,1086,0.5826124178000001,0.64522707995,0.390724717,0.4419276595
0,1086,0.56407002485,0.63211800965,0.3781782643,0.4319953527
0,1086,0.5771125131,0.6606630918499999,0.3877112888,0.4538259741
0,1086,0.59490326445,0.6195769532000001,0.3983468903,0.421631511
0,1086,0.61405544565,0.62692239735,0.4114252487,0.4283066771
0,1086,0.6192083121,0.6269822066,0.4147171434,0.4281826692
0,1086,0.61858756515,0.6200429267500001,0.4144619853,0.4222536083
0,1086,0.7270493112499999,0.64563693605,0.4874034711,0.4412202381
0,1086,0.5995669224,0.61747927685,0.4019626336,0.4206074853
0,1086,0.5787561716,0.61943471215,0.3876980138,0.4218092923
0,1086,0.57390449905,0.61832112195,0.3848327719,0.4213762247
0,1086,0.5929943237499999,0.63658299285,0.3974940479,0.4351572925
0,1086,0.59969566255,0.63846833645,0.4015154509,0.4351006385
0,1086,0.73509930415,0.6317499374,0.4921134069,0.4309809412
0,1086,0.56280948335,0.63188639595,0.3774028739,0.4282037491
0,1086,0.56205028765,0.62849706925,0.3769092557,0.4258875829
0,1086,0.5112413125999999,0.60059842055,0.3430319144,0.4063004811
0,1086,0.51449809025,0.6013862276999999,0.3446858885,0.4070324572
0,1086,0.50935573005,0.5950603404,0.3410970933,0.4013565334
0,1086,0.50766314045,0.5963222294,0.3409086913,0.4035325252
0,1086,0.6075761585,0.6108731777,0.4066107408,0.4151323428
0,1086,0.5081515892999999,0.5936870872,0.3402394486,0.4008877542
0,1086,0.50658417535,0.59186416025,0.3394404057,0.4004456329
0,1086,0.5063959326,0.58518885695,0.3391954354,0.3946496337
0,1086,0.51312350885,0.5750191087000001,0.3431293159,0.3877943542
0,1086,0.49153129835,0.57775606095,0.3288199141,0.3903700869
0,1086,0.5641607832,0.61367241985,0.3777786456,0.4177184021
0,1086,0.5303226785,0.604908588,0.3551793238,0.4096436198
0,1086,0.5341214164,0.60585606905,0.3577739716,0.4098952023
0,1086,0.5402218126,0.6069721233500001,0.3619171394,0.4102732619
0,1086,0.6340638306499999,0.6399189403,0.4247198663,0.436972006
0,1086,0.6347340041,0.6414606012499999,0.425598487,0.4384729959
0,1086,0.6737904088,0.64311680165,0.4512825516,0.4415787843
0,1086,0.64024630355,0.63952743295,0.4292832295,0.4382031689
0,1086,0.6983193245,0.6117105043,0.4671588888,0.4160246182
0,1086,0.5291234605499999,0.6195373831000001,0.3541128013,0.4213515682
0,1086,0.66215258465,0.6102546037500001,0.4429097225,0.4146168319
0,1086,0.5178722248500001,0.62048655155,0.3483504097,0.4237536379
0,1086,0.652083341,0.6233204058499999,0.4360831238,0.4240370455
0,1086,0.65644164225,0.6221622532,0.4394772053,0.424552282
0,1086,0.6026170259,0.6113632126,0.4034923474,0.4161167244
0,1086,0.7699494129,0.61250695485,0.5155166388,0.4164333287
0,1086,0.6562910801,0.61107340535,0.4389999222,0.4148298677
0,1086,0.6713798111,0.6140379179,0.449758086,0.4177882252
0,1086,0.57349135895,0.6041313155,0.3837770481,0.409815594
0,1086,0.7107982668,0.6117508906,0.4756038794,0.4164658122
0,1086,0.56820945775,0.61484363565,0.3806895783,0.4188536783
0,1086,0.69754594385,0.61032172655,0.4666293937,0.4154110863
0,1086,0.56699714485,0.5984488017,0.3797510657,0.4064995248
0,1086,0.5664948529,0.59779747365,0.3788417272,0.4051047099
0,1086,0.6250605112000001,0.5983057587,0.4183546516,0.4061986958
0,1086,0.6043867592000001,0.6100193199999999,0.403953577,0.4116942776
0,1086,0.50874232985,0.5945304934,0.3408508759,0.4014603812
0,1086,0.5616912584,0.6135328689999999,0.3759621298,0.417349259
0,1086,0.5290411501,0.6197952405,0.3543807788,0.421491022
0,1086,0.56976791055,0.61183541505,0.3821220449,0.4172074181
0,1086,0.65600456705,0.6134301555499999,0.4391736499,0.4174473405
0,1086,0.65214097665,0.62024759445,0.4359564701,0.4166544835
0,1086,0.5022507322499999,0.6097840616000001,0.3364984465,0.4144452236
0,1086,0.7151284415,0.6227768814,0.4787035864,0.4246940664
0,1086,0.5811682390499999,0.60426145795,0.3889551267,0.4106857529
0,1086,0.5850274317499999,0.6089040076000001,0.3917363965,0.4145365834
0,1086,0.562473633,0.5953991889,0.3762018518,0.4035694258
0,1086,0.5562391287,0.594423316,0.3721603626,0.4027645574
0,1086,0.56294463575,0.6020251795,0.3764202721,0.4089353388
0,1086,0.5524668694,0.5939669596,0.3696619008,0.4017802272
0,1086,0.56757293375,0.5957797383,0.3805771017,0.4023304438
0,1086,0.48748599175,0.6141177857,0.3268126105,0.4182612866
0,1086,0.49121973605,0.6136836585500001,0.3294724139,0.4184734239
0,1086,0.55836120575,0.60959448305,0.3747621303,0.4113754785
0,1086,0.5586221523,0.6069794108,0.375013275,0.409797258
0,1086,0.55741412615,0.60636334925,0.3736048887,0.4099975363
0,1086,0.6462403309,0.6219442469,0.4324372802,0.423716463
0,1086,0.5778195975,0.59700815765,0.3873554876,0.4029414299
0,1086,0.55459442055,0.60305450475,0.3715772075,0.4072943279
0,1086,0.55149401015,0.60048408365,0.3692029867,0.4049406463
0,1086,0.5494797584,0.5994315251,0.368013175,0.4044514734
0,1086,0.546330956,0.59601232185,0.3659283804,0.4016907879
0,1086,0.5474605808,0.59526888655,0.366803324,0.3999965059
0,1086,0.5417050767,0.5991427677000001,0.36268372,0.4038251236
0,1086,0.5794745606,0.59674497775,0.3874155198,0.4046322975
0,1086,0.54301266445,0.58480070175,0.3631955799,0.3953578781
0,1086,0.54836903065,0.5880550401,0.3668690637,0.3981212558
0,1086,0.5750305493,0.5853065178,0.3845570068,0.3962889386
0,1086,0.56449055745,0.59191779645,0.3779005905,0.3993465715
0,1086,0.5630879596,0.59115159475,0.377215075,0.3991916987
0,1086,0.5676476181000001,0.58950067045,0.3798855138,0.3969233411
0,1086,0.56250864425,0.5898942996500001,0.3763836887,0.3982823529
0,1086,0.5593761267999999,0.5842746413,0.3743577054,0.3922807254
0,1086,0.56061554845,0.5922432595,0.3751642397,0.4019455254
0,1086,0.5698068146,0.5848114832,0.3812003576,0.39353027
0,1086,0.53689842295,0.5813523567000001,0.3586804165,0.3912122214
0,1086,0.5450017565999999,0.5896429916,0.3646289726,0.3991029452
0,1086,0.5911172055,0.58762177935,0.3955231714,0.3978314249
0,1086,0.534203412,0.5787571622000001,0.357037746,0.3903232942
0,1086,0.540752268,0.58822389785,0.3620448214,0.3987195357
0,1086,0.6030767006,0.5869379313,0.4030712516,0.3970885022
0,1086,0.5355161418000001,0.5849211137,0.3584567086,0.3954312678
0,1086,0.5391787096,0.5845034622,0.3606913396,0.3954356574
0,1086,0.5353384727,0.57806354475,0.357840501,0.3900491313
0,1086,0.541500163,0.58300074785,0.3621874506,0.3933225841
0,1086,0.5270249267,0.5802878528,0.352250794,0.3887418352
0,1086,0.5273038864499999,0.5808443758999999,0.3525871569,0.3921648354
0,1086,0.539081744,0.5755076804,0.360274738,0.3878195246
0,1086,0.58181942485,0.6086109293499999,0.3895639251,0.4144479671
0,1086,0.52278486325,0.5779771918,0.3493761361,0.3897367794
0,1086,0.48735802755,0.57274850895,0.3258198963,0.3856550527
0,1086,0.52220709145,0.5765953401499999,0.3492060307,0.3892356721
0,1086,0.52306047425,0.56960000315,0.3495516441,0.3835919393
0,1086,0.5311407127000001,0.58789283905,0.3554131802,0.3977095021
0,1086,0.62076488285,0.66440865285,0.4169959693,0.4574730969
0,1086,0.62722972535,0.6646469811,0.4210717073,0.4580440896
0,1086,0.69690511575,0.63967484405,0.4667181511,0.4375662565
0,1086,0.77759697865,0.6201610841,0.5202820601,0.4223264492
0,1086,0.76352546385,0.6402676678,0.5121196245,0.4392664272
0,1086,0.724972303,0.6435926639,0.4857321398,0.4398484304
0,1086,0.72917968445,0.6412894164,0.4889363565,0.4389347334
0,1086,0.78356253925,0.63309749045,0.5248060763,0.4335034057
0,1086,0.77770877175,0.62315883555,0.5201767861,0.4240831369
0,1086,0.6407507267,0.62042790235,0.4297415262,0.4231499223
0,1086,0.65354020155,0.61585542645,0.4375984821,0.4194288611
0,1086,0.65078609695,0.61032735075,0.4355785189,0.4152069671
0,1086,0.64107586305,0.595320796,0.4287863427,0.403371891
0,1086,0.6447337711500001,0.5938796322,0.4309699281,0.4027278454
0,1086,0.64238891015,0.5929937863,0.4294957841,0.4015969588
0,1086,0.6448893165,0.592227127,0.4311936352,0.401673675
0,1086,0.6512902677,0.59234871625,0.435385626,0.4013593255
0,1086,0.7972774181,0.640465669,0.533802816,0.4386922046
0,1086,0.64131746175,0.59749527285,0.4291460029,0.4054575289
0,1086,0.65882337875,0.6069068689,0.4403694097,0.4119645162
0,1086,0.63344107485,0.5873075393,0.4235601403,0.397360524
0,1086,0.55404775235,0.6022181371,0.3711865207,0.4063807296
0,1086,0.5461321395000001,0.5965892879,0.3655745858,0.4011634798
0,1086,0.6324426519999999,0.6669237450000001,0.424412946,0.4586643412
0,1086,0.6356348853,0.6669331190000001,0.4263221296,0.4600022278
0,1086,0.55815968795,0.68805748705,0.3758298427,0.4760472635
0,1086,0.54976278795,0.60893646595,0.3682079009,0.4139615035
0,1086,0.6552301394,0.58786065185,0.4379525854,0.3989361381
0,1086,0.61077150065,0.58703985375,0.4083542441,0.3978459931
0,1086,0.6130305683999999,0.5868677653000001,0.4099046422,0.397365188
0,1086,0.6250355029,0.5824807788,0.4179773942,0.3940568922
0,1086,0.62219958955,0.58145606715,0.4159876857,0.3932988525
0,1086,0.6557067277999999,0.5911310868,0.4385695648,0.4012453744
0,1086,0.6235194500500001,0.57816114615,0.4167034559,0.3911381789
0,1086,0.6318461651,0.5879418386999999,0.4224584832,0.3984540984
0,1086,0.6356669366500001,0.5827938165,0.4250217957,0.3946168484
0,1086,0.6296491105,0.5838965817999999,0.4208424818,0.3949674726
0,1086,0.63524121015,0.59429713015,0.4253505839,0.4029397837
0,1086,0.6670601062,0.59622864975,0.445904473,0.4036664099
0,1086,0.64051528725,0.6031162301499999,0.4283354553,0.4089966935
0,1086,0.6384791558,0.603130295,0.4269974574,0.4090245404
0,1086,0.6675583823,0.60913157955,0.4468784886,0.4152541559
0,1086,0.6280485777,0.60766207525,0.4197128518,0.4097943483
0,1086,0.6254056802,0.607042349,0.4179857294,0.409275291
0,1086,0.6302586034,0.5934344931,0.4215786276,0.4022153524
0,1086,0.6298196018,0.59436805065,0.4212674366,0.4028377241
0,1086,0.6029400914,0.59219221895,0.4032228338,0.4010131339
0,1086,0.59966625685,0.59017407205,0.4009907791,0.3993176271
0,1086,0.5890216254,0.58515373965,0.3938100772,0.3963031643
0,1086,0.61154025385,0.58106558705,0.4088698085,0.3930697671
0,1086,0.60918807845,0.5814188503,0.4072744915,0.3930902064
0,1086,0.6138866979,0.58455638695,0.4103593952,0.3950240423
0,1086,0.6227644342,0.5849620947,0.4162752596,0.3952351048
0,1086,0.6335061966,0.5837114616000001,0.4236029128,0.3948737808
0,1086,0.62583493665,0.5845520817,0.4183864499,0.3952754348
0,1086,0.6203703587,0.5806626099,0.4146198962,0.3922093934
0,1086,0.61665665415,0.58024364285,0.4122737691,0.3923361449
0,1086,0.6006339579,0.5770118705,0.4014223714,0.3898521452
0,1086,0.6027431272,0.5782873488,0.4028854014,0.3902053758
0,1086,0.6328186259999999,0.59132399835,0.423163548,0.4007210439
0,1086,0.6293024165000001,0.59754108995,0.4212123298,0.4058759185
0,1086,0.6198151037499999,0.5915048938999999,0.4144220059,0.4009493466
0,1086,0.6023748228,0.57426148065,0.4026124918,0.3874859805
0,1086,0.55540890435,0.58737566285,0.3715912543,0.3976739733
0,1086,0.5919701448,0.5739893902,0.395802101,0.3879599268
0,1086,0.6129714482,0.58996247665,0.410078761,0.4002423367
0,1086,0.6111685933,0.5854651313,0.4085621678,0.3960101544
0,1086,0.6114128567,0.5834771017,0.4088915734,0.3945468882
0,1086,0.61597762145,0.5792266678,0.4115600055,0.390112507
0,1086,0.64211411695,0.59472292725,0.4291234663,0.4008700583
0,1086,0.55439981035,0.6028117746,0.3715315167,0.4063307972
0,1086,0.5543137928999999,0.60261917385,0.3708952422,0.4058417615
0,1086,0.6181414487000001,0.57922063205,0.4130650216,0.3913427097
0,1086,0.59281341695,0.57172672555,0.3960450647,0.3863306765
0,1086,0.58995280585,0.57184819565,0.3942103343,0.3860570085
0,1086,0.5989552552999999,0.5808021693000001,0.4003991148,0.3924093974
0,1086,0.6101183236000001,0.57804048465,0.4077711102,0.3902637337
0,1086,0.600867066,0.5803126294,0.4017801794,0.3916613716
0,1086,0.5950614479,0.5702403449,0.3976181538,0.3842031996
0,1086,0.5807289679000001,0.5697866104,0.3883207046,0.384707462
0,1086,0.5765657466,0.56999429605,0.385199224,0.3844713805
0,1086,0.5753789681,0.5704612423,0.3845538422,0.384543124
0,1086,0.58940567455,0.576412476,0.3940393027,0.3892399246
0,1086,0.58164261985,0.57625562285,0.3889174319,0.3894679401
0,1086,0.57936999565,0.5688169972,0.3871403089,0.3840583408
0,1086,0.60211071175,0.56955713525,0.4022302949,0.3836378935
0,1086,0.60050713635,0.5699495298499999,0.4012314273,0.3845346191
0,1086,0.6366712060999999,0.59727338405,0.4258933158,0.4045243143
0,1086,0.52666301965,0.57902954465,0.3521163459,0.3909240457
0,1086,0.5057330308,0.5742040035,0.3381249444,0.3876516902
0,1086,0.51026992115,0.5753189088999999,0.3411073461,0.3876090282
0,1086,0.38262136295000004,0.57546760865,0.2563381245,0.3897245707
0,1086,0.5939998327,0.69326911255,0.3999084024,0.4709925683
0,1086,0.5915453443500001,0.7044726947,0.3975016115,0.484831662
0,1086,0.6096709865500001,0.6931435271499999,0.4108710941,0.4721661169
0,1086,0.61780733505,0.5814377541,0.4126474761,0.3907132048
0,1086,0.5720252855,0.53541386825,0.3823608408,0.3616260733
0,1086,0.6349651361499999,0.5943398608,0.4244143867,0.4022570542
0,1086,0.62778324895,0.60349743685,0.4198667683,0.4096145383
0,1086,0.619843892,0.58266781955,0.4140075476,0.3905019523
0,1086,0.63361162495,0.5970456268,0.4236646571,0.405217195
0,1086,0.59861265965,0.58281476245,0.3999948163,0.3916247641
0,1086,0.57736847855,0.5697624206,0.3857005873,0.3841524442
0,1086,0.36864589915,0.5755623979,0.2469935181,0.3897857516
0,1086,0.5123083256,0.5968516127,0.3439239548,0.404591736
0,1086,0.52436729125,0.56730839405,0.3503537019,0.3816768123
0,1086,0.49753717620000004,0.57651879545,0.3329564876,0.3893915051
0,1086,0.52433986935,0.5774189620000001,0.3505231899,0.3898428172
0,1086,0.6248116029,0.57894367185,0.4175666406,0.3914305029
0,1086,0.6500931698,0.6004815079,0.4347956018,0.4054347576
0,1086,0.65292146535,0.5962183547,0.4370889377,0.4053154136
0,1086,0.5038337005,0.5801609112499999,0.3375715616,0.3906325447
0,1086,0.368299321,0.582217742,0.247063675,0.3948164408
0,1086,0.4961488567,0.5735076934500001,0.3320028476,0.3874042231
0,1086,0.52299659535,0.65402948975,0.3510382913,0.4480498655
0,1086,0.5122612504,0.57468473995,0.3423967204,0.3877283721
0,1086,0.4936076177,0.5664803254999999,0.3298035174,0.3811828382
0,1086,0.49297350430000003,0.56622737125,0.3293518582,0.3811748819
0,1086,0.375486236,0.58642420375,0.2517736036,0.3980709633
0,1086,0.36671936285,0.58408238785,0.2458619775,0.3961530927
0,1086,0.543056041,0.57304074325,0.3629066168,0.3860834837
0,1086,0.52110704045,0.5699631789999999,0.3480744129,0.38323816
0,1086,0.37818326339999997,0.57863385775,0.2533047838,0.3922114511
0,1086,0.375722755,0.60173424555,0.252059711,0.4096720155
0,1086,0.38228312025,0.5959789192,0.2564840725,0.4047592984
0,1086,0.5000181374,0.59061804515,0.3344471482,0.4001559153
0,1086,0.49760478615000003,0.5907013115,0.3329922993,0.4003408298
0,1086,0.49271942675,0.595359634,0.3299631263,0.4040757458
0,1086,0.6416540432,0.5931417891999999,0.4292721156,0.4032937002
0,1086,0.64452636265,0.5936629018,0.4311015977,0.4035030322
0,1086,0.6466836005000001,0.5937973894,0.4327311828,0.4036978234
0,1086,0.6276533047999999,0.6061506565,0.4198655334,0.4111848026
0,1086,0.5683411925999999,0.6063482389,0.3801491926,0.4109504952
0,1086,0.51562677515,0.57467712665,0.3451483529,0.3872626565
0,1086,0.49690310140000005,0.61730377735,0.3330419152,0.4204609411
0,1086,0.5371419451,0.5846996155,0.3591987202,0.3944217828
0,1086,0.5385753379,0.58346468025,0.360215648,0.3944512759
0,1086,0.6268018259,0.59095844505,0.418971631,0.3985103409
0,1086,0.5273506190499999,0.6050559847,0.3530596437,0.408122465
0,1086,0.48580771505000003,0.5774134614499999,0.3247250937,0.3897919635
0,1086,0.48739536825,0.5805761188999999,0.3256289565,0.3899254464
0,1086,0.4940694782,0.6178396113,0.3315104372,0.421047686
0,1086,0.50852136515,0.61843148235,0.3411755735,0.4216759563
0,1086,0.54129162185,0.56273937375,0.3615332703,0.3785871765
0,1086,0.79314248285,0.61802235875,0.5307173015,0.4209496045
0,1086,0.48504206944999995,0.60328057235,0.3248752457,0.4099193455
0,1086,0.49778812355,0.60101040455,0.3335337963,0.4084877671
0,1086,0.5290201997499999,0.579479588,0.3534578477,0.3894318836
0,1086,0.5472749484,0.5851181422,0.3657979456,0.3953809238
0,1086,0.6549038981499999,0.5934587733500001,0.4380703625,0.4030954795
0,1086,0.66287654735,0.59542314695,0.4432962415,0.4040858969
0,1086,0.7866522332999999,0.61511912195,0.5265746868,0.4195731027
0,1086,0.48788586315,0.593771239,0.3264404489,0.4019762408
0,1086,0.51502245335,0.60481091805,0.3450066499,0.4103445939
0,1086,0.52624323595,0.5778838429500001,0.3517880209,0.3897338987
0,1086,0.65822311465,0.593559667,0.4404459725,0.4033194894
0,1086,0.58311579735,0.5701764955999999,0.3898524251,0.3847444998
0,1086,0.37566077514999996,0.5882752519500001,0.2519528935,0.3987509493
0,1086,0.38121357165,0.578004224,0.2552167025,0.3908023042
0,1086,0.53600376705,0.5846435787,0.3585144395,0.3949058802
0,1086,0.509739799,0.65956676,0.3423465532,0.4521083818
0,1086,0.5072064993000001,0.6577447385,0.3407736184,0.4524804056
0,1086,0.50203231205,0.5745184129500001,0.3357044155,0.3868492053
0,1086,0.50876513665,0.5802170852499999,0.3403560729,0.3923542523
0,1086,0.49857563735,0.5737949419,0.3338720005,0.385868939
0,1086,0.37890200509999994,0.5753834507,0.2537275004,0.3888015072
0,1086,0.5040439396999999,0.57337374015,0.3369738772,0.3867264319
0,1086,0.4808202292,0.6546390628,0.32327962,0.4495837778
0,1086,0.53232002785,0.6185045356,0.3567888421,0.4216195766
0,1086,0.5175460776,0.6309236804,0.348114238,0.4293522396
0,1086,0.4858777779,0.610456983,0.3262996856,0.415496136
0,1086,0.37734353649999997,0.65344934265,0.2547780788,0.4498472947
0,1086,0.38225490415,0.6518329391,0.2574568531,0.4473310584
0,1086,0.39712242470000003,0.5952639531,0.2662648248,0.4036849288
0,1086,0.37784073715,0.5899353156,0.2536798801,0.4000009054
0,1086,0.39822903600000004,0.63412219665,0.2676636408,0.4345667459
0,1086,0.39758743605,0.6337075794,0.2668470731,0.4333226884
0,1086,0.39901727855,0.6635135866,0.2680921459,0.4486817024
0,1086,0.5215620956,0.5836118025,0.3490329924,0.3946146536
0,1086,0.5391118954,0.57450931355,0.3602966358,0.3877341793
0,1086,0.5820710751,0.5692560319,0.3888523226,0.383599484
0,1086,0.5783619435,0.56622174705,0.3864498538,0.3798151843
0,1086,0.58578591785,0.56805072695,0.3912943077,0.3829485795
0,1086,0.58320076325,0.5687648699500001,0.3896202667,0.3834490009
0,1086,0.58425751615,0.56843207875,0.3904315861,0.3835856291
0,1086,0.5871910627,0.56804517125,0.392289625,0.3826930189
0,1086,0.58642666885,0.56413213105,0.3915576469,0.3791803295
0,1086,0.3883148003,0.5865303101,0.2599781024,0.397944349
0,1086,0.3858162034,0.5737447352,0.258285461,0.3872717102
0,1086,0.5016330583,0.57185464295,0.3351402274,0.3847974501
0,1086,0.50201926855,0.5719902423000001,0.3353303997,0.3853205056
0,1086,0.48385665694999996,0.56918950115,0.3233753235,0.3830068797
0,1086,0.48256759145,0.5534466661499999,0.3222784369,0.3708291357
0,1086,0.5184428532500001,0.5744444061,0.3463290573,0.387404909
0,1086,0.5419380069499999,0.5628214055,0.3621085723,0.3786516496
0,1086,0.5284005028000001,0.5765968491,0.353304614,0.3891604992
0,1086,0.5271033332999999,0.57677826555,0.3522369016,0.3888270221
0,1086,0.5223041070500001,0.5646846796,0.3490505895,0.3802958522
0,1086,0.5367963595,0.5752159157500001,0.3588727748,0.3881806673
0,1086,0.54376972725,0.5618007406000001,0.3631389295,0.3777708366
0,1086,0.54035789435,0.5665755263,0.3610766715,0.3812352398
0,1086,0.54453296335,0.56208551995,0.3638053043,0.3777085583
0,1086,0.6475933789,0.58639964905,0.433120326,0.3977661561
0,1086,0.70585595725,0.6423468504500001,0.4728524127,0.4394600595
0,1086,0.64160248865,0.58242460485,0.4288655297,0.3939198525
0,1086,0.60797052995,0.57210433245,0.4062328527,0.3857684981
0,1086,0.52337025025,0.5749265371,0.3498486169,0.3877893396
0,1086,0.6184571517499999,0.6118961015,0.4145183269,0.4160706238
0,1086,0.6545098872499999,0.61440648785,0.4372753383,0.4148407719
0,1086,0.64491982405,0.6142526224,0.4313620159,0.4158311326
0,1086,0.61364728535,0.6143048903499999,0.4099128233,0.4157946787
0,1086,0.61104176035,0.59642865375,0.4085944807,0.4038267239
0,1086,0.4952778769,0.6045225722,0.331469223,0.4107484428
0,1086,0.5936657191,0.6036469033,0.3973227076,0.4101979518
0,1086,0.60252339495,0.6061681465,0.4026963097,0.4091884668
0,1086,0.4913992575,0.58461305685,0.3287947708,0.3956731107
0,1086,0.52697305295,0.57703416915,0.3522467807,0.3893415727
0,1086,0.4909712155,0.58600649995,0.3285335926,0.3958094645
0,1086,0.58359430565,0.5700322474999999,0.3898396131,0.3845370882
0,1086,0.7778721264,0.632995494,0.5201523972,0.4320861756
0,1086,0.59206407325,0.6107619959,0.3963317123,0.4118468184
0,1086,0.6655276911,0.5964263217,0.445167401,0.4045454396
0,1086,0.6562444430500001,0.6004589117,0.4384554923,0.4067292962
0,1086,0.6591956638,0.59589654445,0.4406714934,0.4045020917
0,1086,0.6125404734,0.58076606725,0.409262502,0.3923457473
0,1086,0.35456516145,0.6596060334,0.2390773649,0.4526981054
0,1086,0.6042719921,0.5893678146,0.403887665,0.3995965078
0,1086,0.60126921485,0.57234457035,0.4019788415,0.3851251657
0,1086,0.3894708842,0.5720271429,0.2608460722,0.3870632012
0,1086,0.52838105345,0.5968482779000001,0.3543834919,0.4059062346
0,1086,0.38167277825,0.5958679431,0.2558156909,0.404570543
0,1086,0.514441903,0.57432835435,0.343748302,0.3869176565
0,1086,0.6579590036,0.58888611785,0.4398779254,0.3990797623
0,1086,0.64894349415,0.6081443858,0.4345915371,0.4124967626
0,1086,0.50168801065,0.58886965665,0.3360876929,0.3990476629
0,1086,0.66739151845,0.6034825654,0.4464990701,0.4097806596
0,1086,0.6689428427,0.5973066546,0.4472758128,0.405114861
0,1086,0.75244476365,0.91695940225,0.5085108275,0.6494498657
0,1086,0.74769037915,0.9641007312000001,0.5096162039,0.6907973216
0,1086,0.78409170195,1.34769630565,0.5385248619,0.9787732433
0,1086,0.40342990850000005,0.78984509435,0.277038579,0.5528265579
0,1086,1.0501378748999999,0.76116002835,0.7058426732,0.5204709119
0,1086,1.0114743199,0.7592946966,0.6806588914,0.5172192702
0,1086,1.11009208225,0.7613808147000001,0.7457506063,0.531181
0,1086,1.11249447395,0.7655376869,0.7453713423,0.532304479
0,1086,0.6614216212,0.7563160369499999,0.4469325148,0.5280359447
0,1086,0.75602029595,0.75401647165,0.5085538941,0.5248941817
0,1086,0.7640062201,0.75385377985,0.5142301974,0.5243537047
0,1086,1.0153633587500002,0.7849210601500001,0.6806639853,0.5470180755
0,1086,1.02346698285,0.78359874325,0.6869875227,0.5462623679
0,1086,0.61888253405,0.9590386971,0.4207061813,0.6865883222
0,1086,1.09124657935,0.7790172398499999,0.7353422237,0.5472298767
0,1086,1.0596877809,0.75638695745,0.711124122,0.5202154885
0,1086,1.28069962725,0.8581343719,0.8616791411,0.6063129368
0,1086,1.3769570612,0.8537940255500001,0.924944461,0.5999724823
0,1086,1.188514458,0.77752084535,0.797071038,0.5423116725
0,1086,1.16529877425,0.7578391809,0.7807971059,0.525375124
0,1086,0.58788275255,0.67538864965,0.3954104881,0.4616653607
0,1086,1.3205600944,0.7696825561,0.8838427028,0.5274529428
0,1086,1.40937317855,0.8588703947,0.9454007943,0.603527285
0,1086,1.4048176105999999,0.85284517285,0.9431139416,0.6007253093
0,1086,1.3167210685000001,0.8776455941,0.8859338262,0.620433929
0,1086,1.47500577305,0.8593937246,0.9888869611,0.6012092694
0,1086,1.3537443102,0.92360438945,0.9102172224,0.6501579729
0,1086,0.98493833905,0.70873546745,0.6593818227,0.4862618685
0,1086,0.9742768049999999,0.71385785945,0.6521673158,0.4933910903
0,1086,1.12671826525,0.73229443765,0.7558627709,0.5072569335
0,1086,1.1324686617,0.72421505995,0.75980545,0.5031590473
0,1086,1.08814941055,0.7373535911,0.7292476031,0.5104028118
0,1086,1.124624209,0.71910323055,0.7533698468,0.4908793809
0,1086,1.12414353005,0.72310948255,0.7528746579,0.5030093873
0,1086,1.3270792068,0.7633431305,0.889878512,0.528840213
0,1086,1.1906822215,0.7477398044500001,0.7983468286,0.5144939763
0,1086,1.19975708275,0.7524949053000001,0.8052526143,0.5189025682
0,1086,1.2350843643,0.74063273675,0.82768924,0.5097949809
0,1086,1.2451841028500001,0.7408629197,0.8338912955,0.5087244522
0,1086,1.2548930775,0.7418655458,0.8405118228,0.5090558716
0,1086,0.6142360476500001,0.794637713,0.4159862965,0.5524856732
0,1086,0.71085592045,0.7946954645,0.4803759793,0.555589987
0,1086,0.94992271165,0.713392281,0.6371684025,0.4935781996
0,1086,1.29444250805,0.7352791331,0.8680190407,0.5066283888
0,1086,1.03649934185,0.7273286331,0.6955387927,0.5061257726
0,1086,1.35431019635,0.7237790431,0.9069608307,0.5032903256
0,1086,1.36274044755,0.7215983416,0.9128688293,0.503678262
0,1086,1.12755544015,0.76802717365,0.7575164363,0.5359177191
0,1086,1.44863109905,0.7510919969000001,0.9691612167,0.5171371012
0,1086,1.4589616839500001,0.7535141984,0.9762979259,0.517381962
0,1086,1.4947500408,0.75122718475,0.9992386934,0.5165800257
0,1086,1.3400448047,0.71266990735,0.8977238908,0.4958934717
0,1086,1.15153281645,0.72097288345,0.7707783295,0.4979487935
0,1086,1.0733481561,0.7386799547,0.7195199508,0.5121990064
0,1086,1.16290612605,0.7169660996,0.7785244669,0.494523497
0,1086,1.1666884638,0.7155229472,0.7802326478,0.4871892532
0,1086,1.14643158365,0.7210401687,0.7677613511,0.4968934914
0,1086,1.15653163095,0.72002643125,0.7743011477,0.4973140759
0,1086,1.13122551845,0.71726416815,0.7569490067,0.4968277837
0,1086,1.1300922799,0.7225507267,0.7562523772,0.4997528758
0,1086,1.20529631375,1.34787689905,0.8218655223,0.9628795137
0,1086,1.25596866235,1.38357671255,0.8560917495,0.9636898177
0,1086,1.297539244,1.4041668896,0.8821023986,1.0198892818
0,1086,0.16632839825,0.74901513835,0.1164744311,0.5247970605
0,1086,0.9703422298,0.67185840165,0.649553836,0.4588315599
0,1086,0.91425676295,0.65525505585,0.6121990277,0.4498615611
0,1086,0.8460370070000001,0.6542405639,0.566250037,0.448382931
0,1086,1.24512019755,0.7447791836,0.8360721025,0.5121549726
0,1086,0.64324918515,0.61089182335,0.4305734153,0.4152755829
