87,1648,0.3906717713,0.3763291072,0.0016041155999999557,0.006298066800000002,-1,-1,-1,-1
88,1648,0.3894052424,0.3764062006,0.0013446353000000077,0.006145114600000001,-1,-1,-1,-1
89,1648,0.3886653919,0.3764062006,0.001344635400000016,0.006145114600000001,-1,-1,-1,-1
90,1648,0.3873988629,0.3763303418,0.001344635400000016,0.006145114499999993,-1,-1,-1,-1
91,1648,0.3865521949,0.3763809601,0.0014228962000000234,0.006600953399999998,-1,-1,-1,-1
92,1648,0.3856556684,0.3764315783,0.0013660914999999996,0.006929766599999998,-1,-1,-1,-1
93,1648,0.3849014624,0.3763810972,0.0013660914999999996,0.006929766599999998,-1,-1,-1,-1
94,1648,0.3841046528,0.3764570933,0.0013660914999999996,0.00692976649999999,-1,-1,-1,-1
95,1648,0.3833932047,0.3764570933,0.0013660914999999996,0.00692976649999999,-1,-1,-1,-1
96,1648,0.3823971156,0.3765077115,0.0013660914999999996,0.006929766599999998,-1,-1,-1,-1
97,1648,0.381415382,0.3765077115,0.0013660914999999996,0.006929766599999998,-1,-1,-1,-1
