0,1086,0.1578241697,0.75243722235,0.1108215134,0.5260745891
0,1086,0.1892730633,0.74335809925,0.1314976562,0.5201654189
0,1086,0.2220834563,0.7105588917000001,0.1539877678,0.4931268876
0,1086,0.24849120205000003,0.6964922901,0.1700711417,0.4820554754
0,1086,0.25109237154999997,0.699150916,0.1696084457,0.4699778706
0,1086,0.26950331075,0.67715713455,0.1833230015,0.4693340993
0,1086,0.26425099750000003,0.6862214425000001,0.1803203014,0.4752504028
0,1086,0.2955195208,0.6610689567,0.2002436274,0.4556620872
0,1086,0.3112421152,0.66629011605,0.2116382972,0.4525897357
0,1086,0.3127560071,0.6402804116,0.2107092006,0.4405881268
0,1086,0.3174840345,0.6380125341,0.2138838584,0.4394518904
0,1086,0.3278626641,0.6289718206,0.2207650236,0.4310642076
0,1086,0.18474655369999998,0.7141942858,0.1279528416,0.497701875
0,1086,0.2021083423,0.70671821225,0.1393852526,0.4919968241
0,1086,0.2620559122,0.74561212185,0.1796897382,0.5199515601
0,1086,0.27729917835,0.76211004715,0.1908782595,0.5356845183
0,1086,0.2934273169,0.7458023862000001,0.20048443,0.5188239658
0,1086,0.32875347935,0.7312663652,0.2236470909,0.5097440882
0,1086,0.33735144335,0.69502381115,0.2293416087,0.4822025291
0,1086,0.301372181,0.72138832375,0.205486486,0.4999659801
0,1086,0.29444239235,0.7223055571999999,0.2003042911,0.5023738466
0,1086,0.2838718538,0.7247527935,0.1928985314,0.5034391626
0,1086,0.36365985805,0.67254106255,0.2455892223,0.4634877561
0,1086,0.28011749465,0.7160276554,0.1904091575,0.4981040778
0,1086,0.23734335485000002,0.7046152215,0.1622180449,0.4916523728
0,1086,0.26711496595,0.710192355,0.1816278131,0.4895734566
0,1086,0.28706785199999996,0.7025889126,0.195350164,0.4878614886
0,1086,0.28024187074999996,0.70283075555,0.1907809351,0.4860471867
0,1086,0.34859935485,0.67956479525,0.2356658407,0.4682370955
0,1086,0.3284882106,0.6807339541,0.2228751334,0.4702368606
0,1086,0.3373168666,0.67759027065,0.229160235,0.4686587773
0,1086,0.31088531070000003,0.684538899,0.2104143718,0.4730436376
0,1086,0.30583042465,0.67962213515,0.2078392507,0.4702648447
0,1086,0.3465259443,0.67548330175,0.2350995688,0.4656445889
0,1086,0.3500462156,0.67157780625,0.2359996456,0.4632968059
0,1086,0.34509112365,0.6710237486,0.2331340177,0.4632498914
0,1086,0.33231720305,0.6734699561,0.2244960743,0.4657603662
0,1086,0.35612748395,0.6975719411,0.2411247271,0.4838018748
0,1086,0.33420337415,0.6695169973,0.2261725079,0.4597688898
0,1086,0.30535858275,0.6758275471999999,0.2068017157,0.4644062928
0,1086,0.30727597335,0.67260135185,0.2064633573,0.4542597275
0,1086,0.3444506429,0.74263654865,0.235508007,0.5174764769
0,1086,0.35529343495,0.7251952576,0.2409020619,0.5033213276
0,1086,0.36546078345,0.7244612238999999,0.2471331373,0.5040110532
0,1086,0.36912171585,0.7069660224000001,0.2495941859,0.4880446198
0,1086,0.3714633279,0.70878526275,0.251514818,0.4848179443
0,1086,0.37216219559999997,0.70735395875,0.2522234876,0.4817106127
0,1086,0.3372579394,0.65468926955,0.227811509,0.4493275313
0,1086,0.34829009335,0.6660133616,0.2352983081,0.457805065
0,1086,0.345009274,0.6671146865,0.2332279462,0.4595432338
0,1086,0.32930362055,0.6685144398,0.2225469627,0.4601564146
0,1086,0.32317176045,0.66734843595,0.2187097891,0.4613435437
0,1086,0.31852110634999997,0.6698986920500001,0.2149923221,0.4610497107
0,1086,0.30825191835,0.76167039515,0.2114505947,0.5354137311
0,1086,0.3551010244,0.64691264135,0.2401318024,0.4442422457
0,1086,0.360051061,0.64081574455,0.2422534892,0.4366710399
0,1086,0.3740076541,0.6500040604,0.2518323378,0.4458806868
0,1086,0.36224807575,0.6525416277,0.2439144095,0.447788955
0,1086,0.37215602130000003,0.6334573687,0.251260123,0.4337361396
0,1086,0.3610784081,0.62460129525,0.2426179346,0.4246856179
0,1086,0.38270784355,0.6397206612,0.2573841493,0.4388340456
0,1086,0.3695098942,0.62639536365,0.2483281972,0.4288145061
0,1086,0.36209907915,0.62366554295,0.2436406509,0.4264394249
0,1086,0.37632526310000003,0.6158658690000001,0.2533667596,0.4210512526
0,1086,0.2396864334,0.73579656445,0.1637646612,0.5107840265
0,1086,0.23280584705000001,0.7347883141,0.1608534969,0.512066905
0,1086,0.30637184455,0.7019899982,0.2083895463,0.4863341608
0,1086,0.2928804171,0.70867668715,0.199760633,0.4899852617
0,1086,0.28304482815,0.7158343045,0.1918149969,0.4954361238
0,1086,0.2786400705,0.7128315703,0.189834087,0.4945020862
0,1086,0.27173050305,0.7210505941500001,0.1861266535,0.5025460037
0,1086,0.27460554685,0.7306507838,0.1878696937,0.5101472512
0,1086,0.26481711505,0.73222214535,0.1818072573,0.5094737125
0,1086,0.2694438047,0.7454481954000001,0.1836659908,0.5201943632
0,1086,0.24495410545000001,0.7305398762499999,0.1676161903,0.5083147047
0,1086,0.23541114575,0.74898091265,0.1625042295,0.5230896193
0,1086,0.2334940253,0.74337449185,0.1606195634,0.5188099737
0,1086,0.37367739955,0.59445550085,0.2509489319,0.4053671293
0,1086,0.3731657327,0.59578289335,0.250780756,0.4056989603
0,1086,0.3645503259,0.597503915,0.2451506066,0.4032840978
0,1086,0.36858160795,0.58962111185,0.2472466695,0.3998216151
0,1086,0.3700138817,0.58596596425,0.2480790592,0.3973396731
0,1086,0.37114144745,0.5755203532,0.2484361725,0.3882056106
0,1086,0.37215301125,0.57929573645,0.2494554929,0.3926430097
0,1086,0.37211658205,0.5767876622,0.2492100595,0.389715517
0,1086,0.3722996924,0.57744062435,0.2495665554,0.3912104711
0,1086,0.37254176845,0.57804893535,0.2497918447,0.3918320197
0,1086,0.36927160000000003,0.57863008545,0.2475436594,0.3920499939
0,1086,0.36745763114999996,0.5807572193,0.2461656821,0.3933483734
0,1086,0.36251894005,0.5841078342,0.2428033989,0.3953480014
0,1086,0.36477943565000004,0.5838165391,0.2444540543,0.3959401942
0,1086,0.3691427088,0.58153466955,0.247238334,0.3943142361
0,1086,0.36199978665,0.57662304995,0.2426605381,0.3905627217
0,1086,0.36252916645,0.5875955575,0.2433107051,0.3991390228
0,1086,0.36328923815,0.59538658925,0.2440988705,0.4031633821
0,1086,0.3565173217,0.63882434715,0.2405659416,0.4384957673
0,1086,0.34059432855,0.64163489645,0.2303796839,0.4394879679
0,1086,0.3547604663,0.6229450211500001,0.2390331406,0.4243377373
0,1086,0.35129248465,0.6229308919500001,0.2358322415,0.4231025963
0,1086,0.3397289829,0.6311685718,0.228881151,0.4331838654
0,1086,0.31541193605,0.6425595376000001,0.2131809773,0.4409762004
0,1086,0.3200607378,0.6360627014,0.2164628386,0.4371895686
0,1086,0.347791277,0.6256607127,0.2345772896,0.4242551568
0,1086,0.3192378799,0.6444431824,0.2159931964,0.4436839356
0,1086,0.32165960515,0.64159209735,0.2170145235,0.4387716301
0,1086,0.3211666545,0.63632347475,0.2166681382,0.4351684039
0,1086,0.18599594860000002,0.69166427975,0.1283801118,0.4800709369
0,1086,0.2013871309,0.6912115273999999,0.1374518086,0.4804332212
0,1086,0.19732563265,0.70102859375,0.1364093341,0.4876435145
0,1086,0.18651155175,0.69760568655,0.1286469241,0.4837467297
0,1086,0.18201074315,0.7100944792,0.1260855411,0.4934460982
0,1086,0.37037153525,0.5667172301,0.2479822751,0.3826665438
0,1086,0.3408215474,0.6926769884,0.2304719916,0.4777182156
0,1086,0.0043969238,0.96990208035,0.0126892924,0.6937178183
0,1086,0.0013093640500000002,0.99015693865,0.0131453509,0.7108311879
0,1086,0.039243063300000006,0.99471786545,0.037834484,0.7123397225
0,1086,0.0542241094,0.98223401125,0.0458548306,0.6976740007
0,1086,0.053125987900000005,0.95223458465,0.0483193524,0.6803695437
0,1086,0.0827303878,0.9485621526499999,0.0604338058,0.6562339503
0,1086,0.0849768752,0.9599225966,0.0668303558,0.6844984318
0,1086,0.07670588555,0.9359924942,0.0619515567,0.6679820562
0,1086,0.12434871389999999,0.9392843974,0.0939515178,0.6722080656
0,1086,0.15193276485,0.90938565865,0.1099280741,0.6518475811
0,1086,0.1377264162,0.9224097156,0.1027018358,0.6589161706
0,1086,0.21704211545000002,0.9321642293000001,0.1548014027,0.6697111712
0,1086,0.24923741994999998,0.9246489230999999,0.1775277633,0.6671450026
0,1086,0.2917799803,1.03959165995,0.2045200342,0.7228278583
0,1086,0.31362995835,0.9930314124499999,0.2245602111,0.7136566209
0,1086,0.2311869514,0.75219585955,0.1582478124,0.5169639839
0,1086,0.25504396495,0.75689115125,0.1744721175,0.5277106983
0,1086,0.26378656494999997,0.7598743377,0.1802391849,0.5290709446
0,1086,0.2668351873,0.7670428606999999,0.1833348872,0.5385549454
0,1086,0.25453928295,0.7746637931,0.1754161871,0.543822402
0,1086,0.23515548595000002,0.7815890327999999,0.1629071879,0.5486021946
0,1086,0.26185817624999996,0.7985053477499999,0.1822641647,0.5629963061
0,1086,0.2304404248,0.7686319867,0.1595784782,0.5398516788
0,1086,0.22241035355,0.7644281313000001,0.1545001679,0.538969494
0,1086,0.21015327085,0.76446249415,0.1450881831,0.5360164865
0,1086,0.21345979125,0.80852735635,0.1501472755,0.5636157971
0,1086,0.17613311510000002,0.8723309486999999,0.1276526874,0.621396911
0,1086,0.1893962045,0.7872857159,0.131124335,0.554783661
0,1086,0.17247993925,0.787287362,0.1216091601,0.5559806668
0,1086,0.1585463073,0.9251266416999999,0.1169083388,0.662675367
0,1086,0.3071551861,0.80553127525,0.2079384274,0.5491963079
0,1086,0.30844097155,0.78548410285,0.2104621465,0.5468099781
0,1086,0.3328455023,0.7936734964500001,0.226946858,0.5451316185
0,1086,0.31740870649999997,0.7806320865499999,0.2147058288,0.5297170479
0,1086,0.3189664367,0.7876342139,0.2181037692,0.5533261562
0,1086,0.05872036425,1.0444525242,0.0523175241,0.7540655124
0,1086,0.03424803065,1.0446867538,0.0344948919,0.7486948988
0,1086,0.05496515615,1.1258217583,0.0483981535,0.81602092
0,1086,0.08262082845,0.7797654767000001,0.0612780813,0.5545283854
0,1086,0.06769760725,0.77910092125,0.0514717011,0.5532563543
0,1086,0.6359273431,1.17073416815,0.4359233606,0.8370784005
0,1086,0.7156784550499999,1.0399025714,0.4856057173,0.738562737
0,1086,0.5852515985,1.0528637328000001,0.4027254838,0.7584830208
0,1086,0.5544394425,1.010727441,0.3795916112,0.7291810702
0,1086,0.33847727250000004,1.02477730695,0.2425707774,0.7341055845
0,1086,0.42276064405,0.99633470125,0.2903926255,0.7136699271
0,1086,0.7023283448,0.91853261575,0.477416423,0.6584902363
0,1086,0.4929329846,0.9266882638,0.3376427218,0.6617656096
0,1086,0.3962905752,0.9192549208,0.2739189508,0.652111921
0,1086,0.4023128779,0.8713571983,0.2751828556,0.6176211162
0,1086,0.4076413295,0.93757174355,0.2797006824,0.6650306947
0,1086,0.40888204159999997,0.9214424811499999,0.2779402766,0.6423871747
0,1086,0.60240345675,0.8040660885500001,0.4060764987,0.5656838763
0,1086,0.5914580534,0.8064828715499999,0.4001654128,0.5653450493
0,1086,0.5718386635,0.78767166325,0.3885423664,0.5535530469
0,1086,0.48021992065,0.77515481785,0.3247414151,0.5442889407
0,1086,0.2824169663,0.80179834825,0.1949006658,0.5585038991
0,1086,0.48995220375000004,0.79157482675,0.3314977797,0.5557296331
0,1086,0.488463164,0.7915303128,0.3306804402,0.5540227406
0,1086,0.6992944639,0.8357485388,0.4727567388,0.587915454
0,1086,0.71078969975,0.82777759945,0.4811169103,0.5837364963
0,1086,0.40932034865,0.7853472002499999,0.2756654641,0.5335532005
0,1086,0.40556726295,0.77641369055,0.2746115669,0.5348242819
0,1086,0.41253733985,0.7527191895500001,0.2799921153,0.5258014699
0,1086,0.38185010005,1.0406230932,0.2630654693,0.744749279
0,1086,0.70916026895,1.1069887389,0.4837252961,0.7959417854
0,1086,1.121718679,0.7364963725,0.7521960886,0.5102829192
0,1086,1.0849828567,0.7370819121500001,0.7262770872,0.5070711959
0,1086,1.0870493596,0.7453444211,0.726624553,0.5093125296
0,1086,1.12703138585,0.7414073062,0.7555884721,0.5154119642
0,1086,1.1193679982,0.7230486446,0.7489839984,0.5020575166
0,1086,1.1225665047,0.7164086643,0.7513565212,0.491630013
0,1086,1.12323118155,0.7271223189,0.7523259059,0.504687061
0,1086,1.1116637822,0.72620295935,0.7440865988,0.5030626119
0,1086,1.1187196835000002,0.7143136983,0.7491145874,0.4940511856
0,1086,1.1199813502,0.7221229061000001,0.7498581426,0.4978043462
0,1086,1.10648482875,0.7212542333,0.7409669705,0.5006909602
0,1086,1.1069722225,0.71808215415,0.74304698,0.4963687897
0,1086,1.1016148282,0.7257371065,0.7384411676,0.5052423532
0,1086,1.09639898265,0.7159898632,0.7341681567,0.4967878652
0,1086,1.0966385504,0.720611628,0.7349513826,0.4988992924
0,1086,1.06191111415,0.7357495128,0.7110146803,0.509110468
0,1086,1.1180920532999998,0.7556447617,0.7506054024,0.5264997004
0,1086,1.08777207605,0.7505240844500001,0.7285160881,0.5216417169
0,1086,1.08027655565,0.7510404183,0.7237051305,0.5206949218
0,1086,1.08932610165,0.7256440319999999,0.7300104533,0.5042666138
0,1086,1.07605494685,0.7308789089500001,0.7213659495,0.5060892835
0,1086,1.08418836255,0.7230416485,0.7263903879,0.5006503558
0,1086,1.05673331855,0.7179332486,0.7078705087,0.4973445292
0,1086,1.0727579582,0.71698254405,0.7182284154,0.4962003365
0,1086,1.06354170265,0.7210188377,0.7116310423,0.4984154694
0,1086,1.05279974675,0.7086111166,0.7056884669,0.4901608482
0,1086,1.06710203055,0.7242439357,0.7152964897,0.5018036022
0,1086,1.03568069025,0.72114579495,0.6944136581,0.4978380917
0,1086,1.0891897240000001,0.74318676535,0.7299513332,0.5149669623
0,1086,1.0432114049,0.7161045430499999,0.6997188784,0.4964816863
0,1086,1.0669275259,0.71812330725,0.715493917,0.4968988413
0,1086,1.02702653895,0.7180576681,0.6883965265,0.4966229786
0,1086,1.00190457865,0.70763352535,0.6716025535,0.4861718805
0,1086,1.057289943,0.72555555285,0.708863665,0.5007614691
0,1086,1.04274415525,0.70882922795,0.6983756323,0.4893029437
0,1086,1.0348865048,0.6972108914,0.6945007174,0.4814438036
0,1086,1.01789626225,0.7160745013,0.6813462593,0.492647317
0,1086,0.94015662355,0.6993543494,0.6300035997,0.4834618132
0,1086,0.94690388095,0.7520922911,0.6363790023,0.5240820944
0,1086,0.972470014,0.74343532985,0.6547861982,0.5131468989
0,1086,0.9638453455,0.7414632058499999,0.6469769398,0.5155399503
0,1086,0.9825674370999999,0.7548627846,0.6586138786,0.5248674322
0,1086,0.9464534566,0.7330060429,0.6368050376,0.500354328
0,1086,0.9057915488999999,0.73170183335,0.6071833878,0.5094657563
0,1086,0.98975570275,0.6754726705,0.6629449291,0.466179716
0,1086,1.0035684318,0.6837384031,0.671594218,0.4683781134
0,1086,0.973495586,0.67283078015,0.6515230146,0.4587600907
0,1086,0.96152291265,0.68260600765,0.6459555355,0.4669451633
0,1086,0.9603452183,0.6851854138,0.6443642318,0.4675480558
0,1086,0.93559657915,0.6775710659,0.6267905833,0.4667160778
0,1086,0.9291125066000001,0.6789013391000001,0.6230090566,0.46720237
0,1086,0.9267368966,0.67717318425,0.620320712,0.4660048155
0,1086,0.9219851363,0.6881959671,0.6176828432,0.4737606614
0,1086,0.9139902592,0.69058997875,0.6129293078,0.4772540089
0,1086,0.95384192795,0.7033119722000001,0.6389914015,0.4870721726
0,1086,0.96265954715,0.7077597966,0.6447967503,0.488409922
0,1086,0.91022810485,0.68593776065,0.6099117119,0.4716703595
0,1086,0.9408537162,0.68778162425,0.6303490588,0.4721994509
0,1086,0.93830545375,0.6899610911,0.6288204255,0.4748444962
0,1086,0.8728865715,0.6822615564,0.5847135746,0.4692505586
0,1086,0.93137906095,0.6740442472,0.6240202731,0.4651061694
0,1086,0.9171943226999999,0.6559912843,0.6143380028,0.4470982692
0,1086,0.90423459045,0.6719180736,0.6064490943,0.461953981
0,1086,0.87363537485,0.6654731588,0.5851272611,0.4578571922
0,1086,0.8857688919,0.6664803118,0.594500347,0.4574113672
0,1086,0.87254944785,0.6733648786,0.5845619925,0.4631962552
0,1086,0.89346816835,0.68896278605,0.5987503581,0.4777385177
0,1086,0.87376943705,0.70116062645,0.5871594187,0.4853810555
0,1086,0.86792634715,0.7021048838,0.5818646949,0.485348819
0,1086,0.8488687527000001,0.7040894224,0.5698460222,0.4877771248
0,1086,0.80910020725,0.70729504125,0.5451245505,0.4901504227
0,1086,0.8614347111,0.7143355095,0.5784795664,0.4960970422
0,1086,0.7988196352,0.7082988333,0.5362343046,0.491374178
0,1086,0.85523018565,0.69309537795,0.5737033399,0.4764965179
0,1086,0.83823191635,0.6933591007000001,0.5625287111,0.4795510364
0,1086,0.79004901875,0.70503978405,0.5306896709,0.4880989419
0,1086,0.83850459445,0.70700203135,0.5617783641,0.4891783871
0,1086,0.8045562163,0.7531857282500001,0.5412971788,0.5266407183
0,1086,0.8057615412,0.7444260902,0.5406675418,0.5179965146
0,1086,0.7389074139,0.7149709816,0.4962711104,0.4957547858
0,1086,0.72983486805,0.7162445320999999,0.4906017533,0.4968903364
0,1086,0.70613418325,0.69574254965,0.4767117667,0.4811258275
0,1086,0.7839602638500001,0.6834982749,0.5258285461,0.470212306
0,1086,0.79277170855,0.6850220361,0.5328536525,0.4734847986
0,1086,0.8403211102,0.6681030462499999,0.562960149,0.4601070309
0,1086,0.84675223705,0.6634040508000001,0.5672001267,0.4555039222
0,1086,0.8499717364999999,0.6574984472000001,0.569315176,0.4523203202
0,1086,0.84140178905,0.65530992655,0.5633676611,0.4490502967
0,1086,0.84168326555,0.64376072725,0.5635181627,0.4400232323
0,1086,0.86059931125,0.6386015718,0.5752142217,0.4359483918
0,1086,0.8642057158500001,0.63141453,0.5778085607,0.4320090822
0,1086,0.85616005415,0.6322522694,0.5727453779,0.4322955076
0,1086,0.84342152055,0.62523203475,0.5639046817,0.4276244963
0,1086,0.82928733555,0.63434421755,0.5543287659,0.4324411895
0,1086,0.82355322415,0.6616245232,0.5513775451,0.4521703858
0,1086,0.8220211949,0.6586143128,0.5508132026,0.448311599
0,1086,0.8195843037999999,0.6616753472,0.5492705226,0.4521680538
0,1086,0.8104159771499999,0.65881781475,0.5434120737,0.4468549173
0,1086,0.80255902135,0.66065708295,0.5382678515,0.4461048339
0,1086,0.7863879706,0.6634312118000001,0.5271398396,0.4522926104
0,1086,0.7865758275,0.661288234,0.5275961296,0.4503326266
0,1086,0.7835278997499999,0.65903105635,0.5256528837,0.4497947559
0,1086,0.7707741617499999,0.6606246406,0.5168361135,0.4481949986
0,1086,0.7685195705000001,0.66011015855,0.514295955,0.4453083847
0,1086,0.77336718875,0.64988615685,0.5186111063,0.4398436677
0,1086,0.7925023493500001,0.6439218872,0.5303320173,0.4405376
0,1086,0.7648854582,0.638642862,0.5118573658,0.4358877596
0,1086,0.7781510505,0.6455944821499999,0.5204282332,0.4376713173
0,1086,0.78915511635,0.63990111745,0.5275268217,0.4347962429
0,1086,0.7622429586999999,0.6293949427,0.510478308,0.4301035576
0,1086,0.77879049485,0.6347312621500001,0.5208761941,0.4335206347
0,1086,0.7742576952,0.636069766,0.518066522,0.4337956744
0,1086,0.8314858167499999,0.64964383385,0.5568110391,0.4454702535
0,1086,0.8315729533,0.63945481235,0.5567722946,0.4376751749
0,1086,0.8222543566,0.6385796235,0.5501412708,0.4363467536
0,1086,0.8080837425,0.64356703345,0.541285293,0.4378764135
0,1086,0.81598885885,0.63815149435,0.5465320107,0.4364381135
0,1086,0.80986413795,0.62181838705,0.5415548067,0.4245917889
0,1086,0.79864435865,0.62547243735,0.5341246579,0.4265058185
0,1086,0.7938205119,0.6215853235000001,0.5306909058,0.424391785
0,1086,0.791439345,0.6228435102000001,0.5297650508,0.424811272
0,1086,0.7938998532,0.6213414915,0.530763764,0.4238720216
0,1086,0.7873448522,0.6226463184000001,0.5267854276,0.4240942482
0,1086,0.7952470356,0.6329238876,0.5319321196,0.4317105852
0,1086,0.77288566075,0.638201564,0.5171204457,0.4361665032
0,1086,0.79122293135,0.63293760535,0.5296752129,0.4325470901
0,1086,0.78608665865,0.6275001866000001,0.5257743655,0.4276954168
0,1086,0.7829503595,0.6279707033499999,0.5236154778,0.4279843113
0,1086,0.7895039713500001,0.6234988043,0.5278358517,0.4249479002
0,1086,0.7881293899999999,0.62073805025,0.5270788672,0.4227789959
0,1086,0.78380266175,0.6202522382,0.5243979319,0.4221782982
0,1086,0.79992786725,0.60805391765,0.5348736157,0.4128565777
0,1086,0.77487699,0.6188567374,0.5187747286,0.4222625248
0,1086,0.7935503808000001,0.6070673411999999,0.5310910086,0.4127879892
0,1086,0.7850622443999999,0.6173335248,0.5249749318,0.4200314794
0,1086,0.751602109,0.6116367731500001,0.5023176734,0.4153455615
0,1086,0.77780868425,0.6163146432,0.5206136267,0.4198039028
0,1086,0.7481800110500001,0.6123406279,0.5000254695,0.4151538796
0,1086,0.7426825345,0.6090190259,0.4962552112,0.4137667466
0,1086,0.7523797777500001,0.61237492215,0.5032721365,0.4171028893
0,1086,0.75380738205,0.6159315767,0.5041857971,0.4205272368
0,1086,0.7642021809,0.61059223945,0.5109220948,0.4152006569
0,1086,0.7590489287,0.60608590905,0.507291996,0.4106920631
0,1086,0.7491698486,0.6173943628,0.5011151012,0.4204450678
0,1086,0.74674345395,0.6121566736499999,0.4995026501,0.4172406149
0,1086,0.75854023325,0.6166988072499999,0.5073893975,0.4201532925
0,1086,0.7444080548,0.61619145835,0.4975223576,0.4184269209
0,1086,0.8031563197,0.6150816970999999,0.5365237308,0.4162298954
0,1086,0.8058462081,0.61154520745,0.5392852424,0.4162596627
0,1086,0.8053698512,0.61091563405,0.538634458,0.4162197443
0,1086,0.7961800684,0.6086142854,0.5322388342,0.4146642952
0,1086,0.7939902314,0.61026047705,0.5312569462,0.4156062891
0,1086,0.7983129464500001,0.6103973795500001,0.5336544755,0.4156641777
0,1086,0.8041646034000001,0.61293295785,0.5372983124,0.4157393507
0,1086,0.80851518045,0.6137128086,0.5399809457,0.4154043646
0,1086,0.8112655008999999,0.61815576335,0.5422921874,0.4206740161
0,1086,0.8099559825,0.61330354125,0.5413918018,0.4163751657
0,1086,0.81007700125,0.6133403047,0.5416190207,0.4163499252
0,1086,0.8112895811,0.6096024393,0.5421069546,0.4139387664
0,1086,0.81066318575,0.60782688985,0.5416151617,0.4098134449
0,1086,0.8429904685,0.6192040007,0.5633985332,0.4211594852
0,1086,0.84528071715,0.62844910795,0.5656420105,0.4289038083
0,1086,0.86165521515,0.63362938855,0.5762476661,0.4339405333
0,1086,0.77555440165,0.6178973906,0.5187421585,0.4218752744
0,1086,1.0557217934,0.69453710745,0.7065482556,0.4764312217
0,1086,1.0057174404,0.6831081437000001,0.6728550356,0.4677077298
0,1086,1.01405885705,0.68298194095,0.6781871147,0.4669104575
0,1086,0.9975688201499999,0.6850400062499999,0.6677026323,0.4682193997
0,1086,0.7865979782,0.6618494933,0.5265117462,0.4434404466
0,1086,0.7522501148,0.6083156512,0.5026994586,0.4110477628
0,1086,0.8250265963500001,0.6359167452,0.5519622631,0.4342312112
0,1086,0.76640830295,0.63564575215,0.5123172061,0.4298880527
0,1086,0.91572334315,0.6927341912,0.6126726061,0.471021787
0,1086,0.84439337505,0.6494438985,0.5653356047,0.4459044184
0,1086,0.75002060715,0.6069554735,0.5012776429,0.4105949418
0,1086,0.8575814896,0.63144688675,0.5734359396,0.4298722203
0,1086,0.8557847262,0.6240060846,0.5718610458,0.4224455188
0,1086,0.96016492505,0.7518962652000001,0.6456858675,0.5235161024
0,1086,1.0213832688,0.67398889635,0.6828534364,0.4567706139
0,1086,0.36486495145,0.7344950984,0.2480173149,0.5142284018
0,1086,0.41467550470000003,0.7391030083,0.2811937356,0.515230342
0,1086,0.42745494365000003,0.7288115842,0.2892096829,0.507448844
0,1086,0.37995246775,0.71654042275,0.2578707711,0.4885625999
0,1086,0.3929289481,0.7137374181,0.2670112356,0.4871385662
0,1086,0.4104606878,0.71231002365,0.2795306542,0.4894838801
0,1086,0.4230614544,0.7085518561499999,0.286507137,0.4823499943
0,1086,0.44086166569999996,0.7113458070500001,0.2990216932,0.4914188977
0,1086,0.45551627765,0.70223149815,0.3078813757,0.4781629431
0,1086,0.4428266765,0.7039957305,0.299395709,0.4794773724
0,1086,0.46968056305,0.70304866105,0.3172291465,0.4858541787
0,1086,0.48048542095,0.7029004414,0.3242246157,0.4851747414
0,1086,0.49064312190000003,0.6939032129,0.330608045,0.4724374528
0,1086,0.41477550175,0.76467493295,0.2831267937,0.5354039915
0,1086,0.48754718575,0.7514256443,0.3313517545,0.5233841382
0,1086,0.4933420824,0.75070225935,0.332877455,0.5213768283
0,1086,0.4812333754,0.6839781197,0.3245739338,0.4658709308
0,1086,0.51735947315,0.7232836287,0.3491030721,0.5027996438
0,1086,0.4696895931,0.6781881563000001,0.3157375598,0.4690139284
0,1086,0.49416061465,0.6927039437,0.3342449357,0.4773699234
0,1086,0.49414979709999995,0.69296628905,0.3341001702,0.4768057037
0,1086,0.48786084890000003,0.72314315945,0.3296721566,0.5012179939
0,1086,0.49356916105,0.7212076232,0.3337480489,0.5013874074
0,1086,0.43992955905000003,0.73168694965,0.2996910009,0.5104414957
0,1086,0.49763027544999994,0.7208579264,0.3360727595,0.4979744456
0,1086,0.5054566924999999,0.7169319032,0.3414730264,0.4970708612
0,1086,0.5098369396,0.7127002099,0.3436098406,0.4938233348
0,1086,0.48276748839999994,0.72132501655,0.32501062,0.4946938595
0,1086,0.51600308235,0.70852014495,0.3481825007,0.4925098527
0,1086,0.5228978031,0.71222235925,0.3522548074,0.4940033109
0,1086,0.4940493761,0.7144241363499999,0.33344494,0.4968186735
0,1086,0.5266210060500001,0.6957129203,0.3547940397,0.4826276404
0,1086,0.5203838667,0.6783416704,0.3497080114,0.4678942904
0,1086,0.4849391857,0.6819210341999999,0.3275557132,0.4722625914
0,1086,0.49384870155,0.70431236615,0.3328539921,0.4868862979
0,1086,0.5471847445,0.70425524535,0.3688528968,0.4893162499
0,1086,0.5610273996,0.71880329325,0.377869564,0.5010421331
0,1086,0.54007641835,0.7144362128,0.3639939973,0.4960699612
0,1086,0.561939285,0.7322468373,0.379095033,0.508668484
0,1086,0.5675330825,0.7112055437,0.384283248,0.4894840172
0,1086,0.5685728557499999,0.70009105805,0.3828977071,0.4754445081
0,1086,0.5658278607,0.6985065274,0.3813124234,0.4782067026
0,1086,0.554286008,0.71566729165,0.3748768202,0.4964653623
0,1086,0.5567333185000001,0.71415471035,0.3741209162,0.4945856269
0,1086,0.73767732635,0.73089813465,0.4956552115,0.5099468357
0,1086,0.71455950145,0.72635488235,0.4807209753,0.5021807015
0,1086,0.74727965585,0.7129160299999999,0.5029609455,0.4947693068
0,1086,0.6533731836000001,0.68531366735,0.4388068222,0.4733072779
0,1086,0.64699146515,0.6982778451,0.4356799339,0.4829903362
0,1086,0.66203593195,0.6873056435,0.4449004223,0.475650685
0,1086,0.6524662767,0.6872279164,0.4386519934,0.4755520548
0,1086,0.63635366355,0.6783902205,0.4275919001,0.4668562726
0,1086,0.6031430427,0.6760567326,0.4058242734,0.4653681774
0,1086,0.58901463445,0.6730876164999999,0.3956059087,0.4644418216
0,1086,0.5999767185,0.67100464465,0.4023618102,0.4607214463
0,1086,0.59638006455,0.6684364662,0.4021779667,0.4607114324
0,1086,0.558717747,0.66571723445,0.3762429118,0.4587152339
0,1086,0.5363986173999999,0.66375779795,0.3609885316,0.4576355143
0,1086,0.55576408815,0.65154730075,0.3733710323,0.4422482419
0,1086,0.5442452425500001,0.66076942255,0.3655085195,0.4533096401
0,1086,0.52994740565,0.6534100487000001,0.3567642987,0.4490250562
0,1086,0.5509196294500001,0.6609652712,0.3703656309,0.4548080236
0,1086,0.4831246789,0.6554982705,0.3247065296,0.450422066
0,1086,0.55263296005,0.6529659845,0.3715349127,0.4491556486
0,1086,0.49587064555,0.64809537225,0.3331818541,0.4451777923
0,1086,0.51382813465,0.6564493581999999,0.3452732307,0.4521975468
0,1086,0.38271752964999994,0.688533148,0.2567252609,0.4641980582
0,1086,0.3863971397,0.6814953546,0.261935318,0.4626826648
0,1086,0.6428233562,0.6575801560000001,0.4309756394,0.4519459644
0,1086,0.64849039465,0.6578698711500001,0.4349050435,0.4516322407
0,1086,0.65419250185,0.65649415785,0.4391745041,0.4523148331
0,1086,0.5953706357,0.6548917194,0.3998772216,0.4501481236
0,1086,0.3710130966,0.67973880415,0.2494165168,0.4605802913
0,1086,0.37530164634999996,0.6667536955,0.2536698467,0.4578218006
0,1086,0.39190000334999997,0.66005238415,0.2656380435,0.4515873839
0,1086,0.38114069835,0.65490612455,0.2576419315,0.4491216287
0,1086,0.394067559,0.6527568662500001,0.265561635,0.4478082969
0,1086,0.39634359815,0.64719488285,0.2667530675,0.4442632337
0,1086,0.39630084190000003,0.64606793465,0.2666266,0.4435764487
0,1086,0.37097828825,0.6364427501000001,0.2500717777,0.435876374
0,1086,0.38544975039999996,0.6313453313999999,0.259931254,0.4319649112
0,1086,0.39072421695,0.62894193305,0.2637262871,0.4307257921
0,1086,0.39386558540000005,0.6248575292999999,0.2649404106,0.4270945818
0,1086,0.38866624085,0.6129594749,0.2611210657,0.4182015202
0,1086,0.37676695185,0.6216100506,0.2531326717,0.4256383116
0,1086,0.3608376827,0.6164061677,0.242202473,0.4212102406
0,1086,0.36183497885,0.61582865975,0.2430603515,0.4199224237
0,1086,0.37407225190000004,0.59752666005,0.2512930018,0.4078400177
0,1086,0.3720907776,0.5991278246,0.2495286598,0.4076121668
0,1086,0.36335522735,0.59259853695,0.2436962979,0.4025665253
0,1086,0.3818043817,0.6006113017,0.2564182376,0.4086717214
0,1086,0.38757722670000005,0.5920254117,0.259659888,0.4011429032
0,1086,0.39537035435,0.598437404,0.2653172049,0.407090483
0,1086,0.39161881225,0.6013897942499999,0.2631421865,0.4070519363
0,1086,0.3774908403,0.585720829,0.25275225,0.3972592874
0,1086,0.38280774425,0.59915952265,0.2567519855,0.4081447219
0,1086,0.3839270609,0.5972006168999999,0.2574972956,0.406341497
0,1086,0.39919672269999995,0.5992214387,0.2673359332,0.4059539722
0,1086,0.5237876112,0.6341146316,0.3522972566,0.4312481618
0,1086,0.374880795,0.5804552243,0.2512236938,0.392903783
0,1086,0.38173890405,0.5757772405,0.2556730617,0.3891380022
0,1086,0.37684931745,0.5730569987,0.2521179821,0.3872965392
0,1086,0.38009513559999997,0.586791975,0.2549701034,0.3978704106
0,1086,0.3683556626,0.58589710135,0.24659411,0.3960282617
0,1086,0.7726341394,0.65866407445,0.5187242526,0.4535439383
0,1086,0.4927758348,0.641166797,0.3307438824,0.4382452822
0,1086,0.5014629728,0.6397910765,0.3365107954,0.4369829802
0,1086,0.5041531079,0.6389626885999999,0.3376383158,0.4340195442
0,1086,0.50762819825,0.63486788205,0.3403011205,0.4337144657
0,1086,0.5113678973,0.6332700542,0.343024042,0.4339312052
0,1086,0.5020643694,0.6359073167,0.3363341958,0.4341853892
0,1086,0.5146631827,0.64365235,0.3461092478,0.4390190972
0,1086,0.5150367379,0.64418106345,0.3460428852,0.4388887791
0,1086,0.55343256885,0.6763270058,0.3707313113,0.457864737
0,1086,0.50090127965,0.6427210816,0.3353821105,0.4356149148
0,1086,0.53468647895,0.64268859985,0.3597355747,0.4388521711
0,1086,0.53433952795,0.6297483791,0.3590406549,0.427038888
0,1086,0.50649858235,0.63086791425,0.3400598549,0.4319348695
0,1086,0.5261796393,0.6274000742,0.3535992884,0.426992385
0,1086,0.5244146703,0.6242616624,0.3521698898,0.426346316
0,1086,0.526881054,0.62438805375,0.3531454682,0.4244275881
0,1086,0.5198682192499999,0.61334270525,0.3488664373,0.4167006865
0,1086,0.48665325605,0.6275423582,0.3268198475,0.4284891064
0,1086,0.48875640234999995,0.6200169965,0.3277193871,0.4231191074
0,1086,0.49862874580000005,0.62415215805,0.3346141664,0.4258568345
0,1086,0.5013570472,0.61493920395,0.3363155292,0.4194184357
0,1086,0.50494876315,0.60604059655,0.3388178693,0.4111672439
0,1086,0.50452585885,0.60383993455,0.3388677167,0.4113026963
0,1086,0.53042000275,0.60899934635,0.3550760649,0.4140961987
0,1086,0.50039660025,0.59774767415,0.3350920669,0.4062980119
0,1086,0.49382751994999996,0.58991225845,0.3306281119,0.3993139233
0,1086,0.49887763235,0.5890286844,0.3339768113,0.3997287464
0,1086,0.498038392,0.5879472508,0.333413395,0.3983815318
0,1086,0.4915698907,0.58778763475,0.3290802144,0.3975298003
0,1086,0.4977903344,0.58538657565,0.3332331018,0.3961899933
0,1086,0.50588450015,0.58539182835,0.3386923741,0.3972339097
0,1086,0.50484505595,0.580477383,0.3375695549,0.3923239362
0,1086,0.50823256315,0.5805965499,0.3397835213,0.3921209268
0,1086,0.49814257955,0.58171957255,0.3334007375,0.3928258665
0,1086,0.49571460865000005,0.58198963775,0.3315062695,0.3933978943
0,1086,0.4877438435,0.5809856875,0.3261999686,0.3925213338
0,1086,0.5111764811,0.57983463605,0.3417238624,0.3913391431
0,1086,0.5019829706000001,0.5759275953,0.3356937646,0.389001374
0,1086,0.49808457505,0.5758826100000001,0.3332729269,0.3889500698
0,1086,0.49624167369999994,0.5769247294000001,0.331809125,0.3893577596
0,1086,0.4926694139,0.57739857965,0.3293435228,0.3894953481
0,1086,0.49272672124999994,0.58310255305,0.3293152901,0.3932612129
0,1086,0.5058962672,0.5788591708,0.3381297296,0.3902587376
0,1086,0.4906014526,0.6102897010999999,0.3285655612,0.4147083398
0,1086,0.485125347,0.60649332445,0.324663926,0.4107965919
0,1086,0.51491139085,0.5734138644,0.3439901851,0.386320251
0,1086,0.49598646935,0.5727617939,0.3316789991,0.3863502928
0,1086,0.51509396125,0.6501805523499999,0.3449072839,0.4385990433
0,1086,0.5163210121,0.6055691635,0.3460731274,0.4095202978
0,1086,0.51288988405,0.60361912495,0.3442884099,0.4087706259
0,1086,0.5120173607,0.60350547395,0.3433941988,0.4086544371
0,1086,0.52172155005,0.6050290294,0.3492435403,0.408766785
0,1086,0.57915697795,0.6482230239,0.3883687107,0.4378529562
0,1086,0.5774014345,0.6484316014,0.3868464062,0.4395063496
0,1086,0.58175942095,0.6475474276,0.3912486169,0.4421422042
0,1086,0.5877530125,0.6452270799000001,0.3941705092,0.442028896
0,1086,0.5984931441,0.6428138952,0.4015974164,0.4408738664
0,1086,0.6070205723000001,0.6416798669,0.4072125858,0.439094503
0,1086,0.55407682625,0.6343540536000001,0.3719545927,0.4335319312
0,1086,0.60112208795,0.62744253595,0.4027111283,0.4276722339
0,1086,0.61273085665,0.6359833007,0.4106464993,0.4354575728
0,1086,0.6179564511,0.6365888119,0.4145566084,0.4356837776
0,1086,0.6254348341,0.6390716461,0.4191400384,0.4372574712
0,1086,0.6354465139,0.6334409996,0.4258346588,0.4323529848
0,1086,0.606677922,0.6240132515,0.406691317,0.4254968822
0,1086,0.5808981876,0.62843880005,0.3891738558,0.4284744445
0,1086,0.57460157385,0.62704347515,0.3851105353,0.4280395413
0,1086,0.5854336725,0.62736005475,0.3921322654,0.4278944997
0,1086,0.5913021974,0.6286921947999999,0.3960588028,0.4277354724
0,1086,0.5889994495499999,0.63367135425,0.3949109771,0.4325717819
0,1086,0.5628591199999999,0.63177476985,0.377435965,0.4281308163
0,1086,0.54653961725,0.6324490573,0.3661876377,0.4310499412
0,1086,0.5622160092,0.6283565613,0.377029758,0.425465477
0,1086,0.51112615955,0.60062366115,0.3428016083,0.4063004811
0,1086,0.5144724664,0.6014530327500001,0.3444219318,0.4069992603
0,1086,0.5094693019000001,0.59500584305,0.3411719674,0.4013316587
0,1086,0.50767678075,0.5963284105,0.3409566901,0.4036219726
0,1086,0.6110949633,0.6105296867,0.4090906986,0.4149515436
0,1086,0.5078425506500001,0.5937006677000001,0.3402376783,0.4008938928
0,1086,0.50651533055,0.59167986305,0.3394428755,0.4005516707
0,1086,0.5063562927,0.5852893939,0.3395182652,0.3945395904
0,1086,0.51003953795,0.5744180681,0.3408947915,0.3870455054
0,1086,0.51773487825,0.57522604015,0.3461819517,0.3885703641
0,1086,0.49496722615,0.57033609445,0.3308933035,0.3843549173
0,1086,0.48244410290000006,0.57556671905,0.3226081512,0.3885666603
0,1086,0.5372328635,0.6070610311,0.3597223114,0.4120818024
0,1086,0.5306253797,0.60488595385,0.355397281,0.4095574727
0,1086,0.53451040515,0.60586608295,0.3579113525,0.4097325105
0,1086,0.5212557669,0.60803402705,0.349422753,0.4138406849
0,1086,0.5402218126,0.6069721233500001,0.3619171394,0.4102732619
0,1086,0.6278912312,0.6290507527,0.4203266086,0.4288147804
0,1086,0.6284498964,0.6296391806,0.4212876578,0.4293390706
0,1086,0.6414262121000001,0.62926197845,0.4298261158,0.4311314243
0,1086,0.6362588132,0.62761109005,0.4261787286,0.4288847407
0,1086,0.62536848725,0.61969731855,0.4186244739,0.4219623817
0,1086,0.59765656975,0.62108298155,0.4005548647,0.4222296023
0,1086,0.6324367047,0.61870604505,0.4233977676,0.4212493361
0,1086,0.63305155795,0.6183833597,0.4239996197,0.4219174274
0,1086,0.6450952451,0.6165485022,0.4315449986,0.4189269308
0,1086,0.6429756172500001,0.6151552931,0.4304806563,0.4193079702
0,1086,0.6325919444,0.61494192755,0.4235261956,0.4186336465
0,1086,0.6550064598500001,0.6159300677499999,0.4395287617,0.4186447579
0,1086,0.64291330125,0.61320807515,0.4303414053,0.4166884549
0,1086,0.58826369465,0.61876736835,0.3939649009,0.4213833579
0,1086,0.58621279435,0.61192726415,0.3923706643,0.4157711757
0,1086,0.6125775508,0.6131197653,0.410654063,0.4171961696
0,1086,0.5802296453,0.6077909495,0.3887597062,0.4133004822
0,1086,0.5950398899,0.61048622865,0.398984091,0.4155179471
0,1086,0.5790853571,0.60335087075,0.387815394,0.4105064431
0,1086,0.575038442,0.60281316215,0.38514103,0.4088693933
0,1086,0.57908301895,0.6040669102,0.3879687623,0.4110730034
0,1086,0.6024352550000001,0.6129480472,0.4026873568,0.411262719
0,1086,0.5086081921500001,0.5943086797,0.3410595261,0.4010102098
0,1086,0.5339409688,0.6077565867,0.3574596934,0.4137297088
0,1086,0.5972479,0.6203207737,0.3995822384,0.4212887058
0,1086,0.61969511405,0.62301960165,0.4162088845,0.4231863199
0,1086,0.6424329102499999,0.6200456497,0.4303652203,0.4236460912
0,1086,0.6559842682,0.61325594085,0.4390672234,0.4174473405
0,1086,0.6518790177,0.62020532975,0.435720222,0.4167142671
0,1086,0.5944761789999999,0.6150830786,0.3983935072,0.4182849428
0,1086,0.629709007,0.61643209275,0.4215990032,0.4196808551
0,1086,0.60892412545,0.61182345945,0.4078238867,0.4160405683
0,1086,0.58462943515,0.6018423900500001,0.3914336953,0.4089765285
0,1086,0.57522211335,0.6001123995,0.3847138885,0.4058711402
0,1086,0.5659791216,0.5999137538,0.3787943,0.4069246704
0,1086,0.56359567375,0.60217304015,0.3770523789,0.4090984787
0,1086,0.5606047155,0.6006988375,0.3751166966,0.407373479
0,1086,0.567587603,0.5957797383,0.3806064402,0.4023304438
0,1086,0.54277087115,0.60776726395,0.3637830931,0.4128278711
0,1086,0.54586881465,0.60747341175,0.3654589581,0.4132029699
0,1086,0.55843992965,0.60959448305,0.3747621303,0.4113754785
0,1086,0.5587379228,0.6072194705,0.375013275,0.409797258
0,1086,0.5574499377500001,0.60629078265,0.3736048887,0.4099975363
0,1086,0.64120960875,0.61577775105,0.4290944851,0.4190374725
0,1086,0.57772327645,0.59746556435,0.3872742939,0.4029414299
0,1086,0.5546222054500001,0.6030796082500001,0.3715772075,0.4072943279
0,1086,0.55127034165,0.60072551505,0.3692039129,0.4049406463
0,1086,0.54959722685,0.5993936643,0.3681625961,0.4044514734
0,1086,0.54683749035,0.5958594381,0.3661387739,0.402064595
0,1086,0.5473590911,0.5956536901,0.366253805,0.4008025444
0,1086,0.5417050767,0.598987895,0.36268372,0.4038251236
0,1086,0.55569408565,0.59386989255,0.3718640095,0.4018960045
0,1086,0.5508366167000001,0.5893859544,0.3685697994,0.3988047226
0,1086,0.55575878335,0.5915647837,0.3719678325,0.4011944818
0,1086,0.5551524864499999,0.58933938565,0.3715449461,0.3993807285
0,1086,0.56442163545,0.59166388195,0.3779516839,0.3989792117
0,1086,0.5628902237,0.59117731545,0.377215075,0.3992431401
0,1086,0.56766351725,0.58950067045,0.3799173121,0.3969233411
0,1086,0.56248325185,0.59002365755,0.3763739639,0.3981731601
0,1086,0.5593761267999999,0.5842214166499999,0.3743577054,0.3921742761
0,1086,0.5545232516,0.5868313779,0.3711671056,0.3976856882
0,1086,0.5697248491,0.58484810945,0.3810771778,0.3937494787
0,1086,0.53959521175,0.58496203145,0.3605936771,0.3940510279
0,1086,0.5395897143999999,0.5851059105499999,0.3609885316,0.3954578801
0,1086,0.54515058595,0.58480633905,0.3645934697,0.3954648761
0,1086,0.53821667585,0.581834796,0.3597076369,0.3927956876
0,1086,0.5367684692,0.5842379282,0.3591945524,0.395403558
0,1086,0.5460369761,0.5866095984,0.3657470066,0.3970598322
0,1086,0.53184027595,0.58148106795,0.3557121485,0.3929236913
0,1086,0.534367422,0.5811854464999999,0.3573301848,0.3928349202
0,1086,0.5360694475,0.57810751,0.3583540588,0.390069845
0,1086,0.5409781925,0.58121134355,0.3618063342,0.3916455963
0,1086,0.5266514987,0.57813326545,0.351720874,0.3869723901
0,1086,0.5265520057,0.57860099995,0.3519365158,0.3902845269
0,1086,0.52585802895,0.57677689385,0.3515535471,0.3888448551
0,1086,0.52838792245,0.57598483425,0.3532525945,0.3884799645
0,1086,0.5807081593,0.60130491695,0.3885942408,0.4082498735
0,1086,0.5286056481,0.5771107824,0.3532465744,0.3891126244
0,1086,0.51597394765,0.57557735025,0.3449244991,0.3879527387
0,1086,0.5171246907,0.57556123195,0.345687689,0.3883062985
0,1086,0.5231178963500001,0.5695953390999999,0.3495485569,0.3835828856
0,1086,0.55550972115,0.5806401937,0.3713890805,0.3925340912
0,1086,0.6659767555,0.6502118051,0.4466258002,0.4462039932
0,1086,0.67142201445,0.64992368385,0.4503470049,0.4460452991
0,1086,0.6974558745,0.6397834196,0.467752676,0.4374157734
0,1086,0.7304833364000001,0.62570506905,0.4887001744,0.4264742373
0,1086,0.73467434675,0.63195682955,0.4920961185,0.4323755945
0,1086,0.73887112005,0.6361491817,0.4945384123,0.4347351992
0,1086,0.7399145586,0.6350059393999999,0.4950683324,0.4348516232
0,1086,0.7376432775499999,0.61631848425,0.4937530255,0.4202752427
0,1086,0.74205228005,0.6169139006,0.4966929779,0.4198553442
0,1086,0.74374422695,0.61754745225,0.4980803713,0.4206996681
0,1086,0.7533063762500001,0.6168908549000001,0.5038367877,0.4197790738
0,1086,0.66873951615,0.61031069865,0.4475285011,0.4153895495
0,1086,0.66198858775,0.614587723,0.4431262905,0.4190219944
0,1086,0.6610048475,0.6122983088,0.4423155884,0.4167548714
0,1086,0.6484124164,0.61148690725,0.4342737086,0.4162432015
0,1086,0.6456120871,0.6027780503,0.4319290846,0.408889248
0,1086,0.6536635903,0.5999465559,0.4372490096,0.4071644214
0,1086,0.6512696418999999,0.5994275786,0.4355061238,0.4070497414
0,1086,0.6616957656,0.5975939717000001,0.4425798538,0.4054181592
0,1086,0.6601408161,0.5955847134,0.4414102634,0.4034422628
0,1086,0.66385100525,0.5962123414,0.4436443247,0.403436227
0,1086,0.71453975605,0.63418354905,0.4790313053,0.4333303017
0,1086,0.64460488,0.59770714255,0.4311434294,0.4056571213
0,1086,0.6454510151,0.5993582498,0.4315716258,0.4066494592
0,1086,0.6473812102000001,0.59440748895,0.4330219982,0.4033643463
0,1086,0.64077029965,0.59282015995,0.4286346679,0.4021855027
0,1086,0.5544080300500001,0.6027319332500001,0.3714125047,0.4071828031
0,1086,0.54622961825,0.5960315266,0.3655963507,0.4015868078
0,1086,0.67545959555,0.6517512987,0.4527679639,0.4465431142
0,1086,0.677985407,0.65156643705,0.454715995,0.4473568477
0,1086,0.70737439365,0.6982852062,0.4765464465,0.4835738868
0,1086,0.6432059289500001,0.61357046175,0.4306727453,0.4173274307
0,1086,0.6621835453,0.61266683455,0.443023795,0.4164227661
0,1086,0.6647084991500001,0.59330733005,0.4446783865,0.4019058813
0,1086,0.66438627145,0.5922478441,0.4446127833,0.4014283684
0,1086,0.6553379602,0.5877167532500001,0.4380064572,0.3989361381
0,1086,0.6371838385999999,0.5898428583499999,0.4262900226,0.3999775853
0,1086,0.63924408985,0.5895133593999999,0.4273026283,0.399474146
0,1086,0.6413367569,0.58700761715,0.4288156712,0.3976964703
0,1086,0.63889778175,0.5861480665500001,0.4271089057,0.3969354127
0,1086,0.6423108496,0.5850010618,0.4292977394,0.3957533592
0,1086,0.6464253321,0.5886830275,0.4324050188,0.3989937524
0,1086,0.6349092575499999,0.5838315599499999,0.4244551379,0.3953949159
0,1086,0.6470089696,0.5927440817,0.4326702104,0.4026993126
0,1086,0.6370128070000001,0.5872042601999999,0.4260084688,0.3980639672
0,1086,0.63602574795,0.58697311725,0.4251651967,0.3972946791
0,1086,0.63554121,0.5943824542,0.425326658,0.4031104318
0,1086,0.638241286,0.59629668945,0.4267393664,0.4039300639
0,1086,0.6331251849999999,0.5981397839,0.4234596478,0.4053657804
0,1086,0.6309922415,0.59780070815,0.4221997748,0.4048132089
0,1086,0.6283305765,0.60180681625,0.4206598594,0.4095408073
0,1086,0.6283029975,0.60251885285,0.420053155,0.4066356599
0,1086,0.62476645175,0.6016629124,0.4176611093,0.4057199484
0,1086,0.6310206047,0.5933795537,0.4220468034,0.4022997162
0,1086,0.62772191815,0.5944218925,0.4205346867,0.4031530938
0,1086,0.61841860315,0.5951306172,0.4136088341,0.403072571
0,1086,0.6188207126,0.59922857185,0.413857046,0.4055432645
0,1086,0.3971627128,0.5962444937,0.2661277526,0.4042446106
0,1086,0.61170320585,0.59581887495,0.4091071843,0.4035243495
0,1086,0.6200610003,0.5890336517,0.414579145,0.3990008856
0,1086,0.6249411114,0.58859619445,0.4178676438,0.3986711123
0,1086,0.6244368552499999,0.5855684882000001,0.4178241141,0.3963764168
0,1086,0.6220242359,0.5861566075,0.4158680048,0.3966901404
0,1086,0.6282623387999999,0.5887670185,0.4202965082,0.3982936014
0,1086,0.6292131189,0.5878653844,0.4203783194,0.3970037268
0,1086,0.6345776909,0.58674938165,0.424289972,0.3973018123
0,1086,0.6328165905500001,0.5877333517000001,0.4228859077,0.3976173192
0,1086,0.62675762725,0.5830816137,0.4188614175,0.3940519538
0,1086,0.6233829609,0.5823845883000001,0.4168136694,0.3940221864
0,1086,0.61647376025,0.5821305296,0.4120501005,0.3939125092
0,1086,0.62321535955,0.57904099885,0.4165765715,0.3916215903
0,1086,0.61424337245,0.58317226475,0.4106563123,0.3939828167
0,1086,0.6179294342999999,0.5866208468,0.4132195366,0.3972425518
0,1086,0.6124868974,0.59229585615,0.4098034588,0.4017881835
0,1086,0.59762993155,0.58748348385,0.3996101777,0.3978103271
0,1086,0.60671212485,0.58121408705,0.4055180219,0.3931515245
0,1086,0.6128570483,0.5775918329499999,0.4096038512,0.3899805171
0,1086,0.6174882716500001,0.5774439165999999,0.4125332493,0.390343513
0,1086,0.59885972255,0.5829105540499999,0.4003038743,0.3939372739
0,1086,0.60553473915,0.5776772546,0.4047065481,0.3902897396
0,1086,0.5942809233499999,0.5871102940999999,0.3975151953,0.3976173192
0,1086,0.60017984575,0.5804377439999999,0.4011243011,0.3923365564
0,1086,0.5917135974500001,0.58132842415,0.3955853787,0.3931352005
0,1086,0.6029734332500001,0.5790700804,0.4029394277,0.3912265208
0,1086,0.6072043037,0.57638209855,0.4055529074,0.3881270083
0,1086,0.6452449363,0.59482279215,0.4310312092,0.4007504401
0,1086,0.55440718655,0.6027345102,0.3715315167,0.4063307972
0,1086,0.5543137928999999,0.60261917385,0.3708952422,0.4058417615
0,1086,0.6137055873,0.5756401772,0.4102189204,0.3884019108
0,1086,0.6015175811,0.5743274627,0.4022026644,0.3882223462
0,1086,0.59885246765,0.5748935233,0.4002100231,0.3878293344
0,1086,0.5980723290000001,0.577174021,0.3997963366,0.3899104454
0,1086,0.60409541145,0.57479061335,0.4038535513,0.3878215153
0,1086,0.5920945653,0.5776422315,0.3959032072,0.3897296462
0,1086,0.59515352395,0.57029610735,0.3976544285,0.3845890783
0,1086,0.5835971614000001,0.5744522937,0.3901765824,0.3880692568
0,1086,0.53092254965,0.5640523397,0.3546277933,0.379323405
0,1086,0.58073091605,0.5720195296,0.3880675531,0.3858726428
0,1086,0.5794923190000001,0.57271381305,0.3874700232,0.3864946029
0,1086,0.5762013903500001,0.57144510595,0.3850968829,0.3851726289
0,1086,0.5811442167,0.5707819194,0.38829647,0.384899784
0,1086,0.5750180361,0.5710949571999999,0.384382965,0.3856954102
0,1086,0.58277492475,0.56936867815,0.3893796571,0.3838740733
0,1086,0.5803789592,0.56851779185,0.3878572728,0.3834248715
0,1086,0.5855353134,0.5686466235000001,0.3911496718,0.3829847942
0,1086,0.5754471518000001,0.5668363681999999,0.3842851004,0.3811577348
0,1086,0.70609381795,0.6387272258500001,0.4729242201,0.4372126143
0,1086,0.5818672417999999,0.5684478541,0.388803699,0.3834308936
0,1086,0.57453920265,0.56825059375,0.3840322577,0.3835121023
0,1086,0.5794497229,0.56646969435,0.3870716184,0.3812131543
0,1086,0.5928790973,0.57364274415,0.3958899322,0.3851716687
0,1086,0.5844135748,0.56954705275,0.3905584706,0.3843571121
0,1086,0.5800759639499999,0.56820587405,0.3875566195,0.3831730009
0,1086,0.6009320912,0.5710393319,0.401508659,0.3851770186
0,1086,0.6021066984,0.57020351295,0.4023689108,0.3847912771
0,1086,0.61964832985,0.5916945614,0.4142000353,0.4001274036
0,1086,0.54275557795,0.5631279273500001,0.3625180911,0.3782004747
0,1086,0.54038691425,0.5634089342499999,0.3609170627,0.3789114627
0,1086,0.5217482546,0.56450470345,0.3484649454,0.3793430213
0,1086,0.5203181033,0.57596960765,0.3478536772,0.3885345609
0,1086,0.50782245625,0.574071422,0.3395907529,0.3873311078
0,1086,0.50678453545,0.57473371215,0.3386846561,0.3869686863
0,1086,0.39212824095,0.5709926232,0.2624357551,0.38584411
0,1086,0.5939998327,0.69326911255,0.3999084024,0.4709925683
0,1086,0.59211740485,0.7040661023,0.3977958229,0.484831662
0,1086,0.60973628105,0.69311451415,0.4108710941,0.4723404687
0,1086,0.6105357147,0.57855388365,0.4076816948,0.3885057537
0,1086,0.5255604217500001,0.5529017307499999,0.3509592587,0.3712034915
0,1086,0.5202447819,0.5636930276,0.3474742588,0.3792878762
0,1086,0.5327043086500001,0.5589069935,0.3558032495,0.3755932902
0,1086,0.5720252855,0.53541386825,0.3823608408,0.3616260733
0,1086,0.5683762003499999,0.5362810321,0.3796406979,0.3614325166
0,1086,0.6350371453,0.5944678468,0.4244623928,0.4023423782
0,1086,0.62226732735,0.5988840675,0.4163067491,0.4062606998
0,1086,0.6168003576000001,0.5912694508,0.412361909,0.400275122
0,1086,0.590434025,0.5799242124999999,0.394480311,0.3893555648
0,1086,0.58278337215,0.57093096215,0.3894297857,0.3849792095
0,1086,0.39190171675,0.56938031425,0.2622492875,0.3841871499
0,1086,0.38909628565,0.56928551465,0.2603915959,0.3845039943
0,1086,0.5122037510999999,0.5968917343,0.3437148058,0.4044680718
0,1086,0.5238111685,0.56704645465,0.3498210806,0.3814899773
0,1086,0.5357160001500001,0.5757404193,0.3579266085,0.3883873472
0,1086,0.5296113076,0.5767153013999999,0.35419404,0.3891891692
0,1086,0.59312792665,0.58389390685,0.3967358285,0.3949621227
0,1086,0.60829354945,0.58628078525,0.4065790969,0.3968771125
0,1086,0.6716875547500001,0.6072706603,0.4489478471,0.4102584468
0,1086,0.5038835976,0.58019870925,0.3375981888,0.3906239483
0,1086,0.3799276929,0.58049610305,0.2545077162,0.3931542681
0,1086,0.64614879495,0.5876841737,0.4320933647,0.3975052456
0,1086,0.49393872129999994,0.57378575105,0.3301313794,0.3869455035
0,1086,0.5223774284,0.5600926822,0.3488878934,0.3764027712
0,1086,0.54054150635,0.5712819293,0.3610595375,0.3851628894
0,1086,0.5415264043,0.57115030805,0.3617515362,0.3849268079
0,1086,0.585791552,0.5682662319,0.3913839912,0.3831060586
0,1086,0.6050386241,0.57013122065,0.4040326096,0.3845997781
0,1086,0.5969518253,0.6035150077,0.3992779936,0.4088759778
0,1086,0.48323906015,0.5787104025,0.3231953391,0.390908819
0,1086,0.58055980735,0.56473714985,0.3876145047,0.3796416555
0,1086,0.5749834525499999,0.569438683,0.3840955455,0.3836051082
0,1086,0.53554268515,0.6388343521,0.3591588951,0.4349741614
0,1086,0.50229217815,0.57280473025,0.3358070653,0.3861914419
0,1086,0.49354625945,0.5664531644999999,0.3297626119,0.3811647308
0,1086,0.4919336539,0.5660521278,0.3286314572,0.3809297468
0,1086,0.38911608630000005,0.58910107415,0.2605969342,0.3990125457
0,1086,0.3783280537,0.5781140258999999,0.2534673256,0.3922538388
0,1086,0.57341383655,0.5695303171999999,0.3831507041,0.3836673866
0,1086,0.4919085704,0.60308043125,0.3300727224,0.4098631029
0,1086,0.48369349785,0.5967621994,0.3236232267,0.4040624396
0,1086,0.52562888065,0.5734388992,0.3512687517,0.3863384956
0,1086,0.52930559635,0.56379570465,0.3534940145,0.3792493295
0,1086,0.5278427979,0.56961461235,0.3525074958,0.3829673727
0,1086,0.5420692906,0.5753704874000001,0.3623090868,0.387820555
0,1086,0.542511611,0.57857041345,0.362385804,0.3893193501
0,1086,0.52120397895,0.56975268105,0.3481037415,0.3831985159
0,1086,0.39862751795,0.5991392011,0.2677173583,0.408565958
0,1086,0.38618844404999997,0.5983905581,0.2588454813,0.4062264056
0,1086,0.37636941035000004,0.59668311695,0.2524656023,0.4055706999
0,1086,0.38744582715,0.5969411467,0.2596704617,0.4062799046
0,1086,0.49516426745,0.59448163315,0.3316717441,0.4030242847
0,1086,0.49163751310000003,0.59414506955,0.328973366,0.4026035631
0,1086,0.48947152475,0.5899382649,0.3275294767,0.3994062434
0,1086,0.66226448195,0.6007813958,0.4430909419,0.4074449482
0,1086,0.66658181975,0.6015595507,0.4458610977,0.4078822682
0,1086,0.6698967142000001,0.60141139965,0.4481126018,0.4080304193
0,1086,0.67444657085,0.6105798935,0.4512851757,0.4149134084
0,1086,0.5866643069999999,0.5722058845,0.3917705102,0.3849715276
0,1086,0.5564464392999999,0.60085624455,0.3722242872,0.4062336759
0,1086,0.54346154625,0.56257380115,0.3630094209,0.3783229737
0,1086,0.5117355753,0.57437814965,0.341953551,0.3866268415
0,1086,0.52745049035,0.6053734120500001,0.3531797363,0.4087408585
0,1086,0.61554093525,0.6181605645,0.4127738975,0.419803217
0,1086,0.4986043484,0.57391421725,0.333846994,0.3858586507
0,1086,0.39932723459999997,0.6628864137,0.2684468666,0.4486817024
0,1086,0.4840689029,0.56914965125,0.3234870806,0.3833244443
0,1086,0.6729536121999999,0.6622398141,0.4512316126,0.454447797
0,1086,0.6075932901500001,0.57262582425,0.4059813595,0.3861161593
0,1086,0.62543635465,0.613553559,0.4183809641,0.4174305416
0,1086,0.6398528727,0.6165296441,0.4278770042,0.4165828516
0,1086,0.5708246159,0.61271047965,0.3815013608,0.4147048995
0,1086,0.57427438335,0.6129135749,0.3842248997,0.4146915934
0,1086,0.48903740484999997,0.58443693885,0.3268974857,0.3946323151
0,1086,0.59142502025,0.61065849585,0.3960612725,0.4119267925
0,1086,0.7247281555,1.0944401370999999,0.4950068968,0.7863452996
0,1086,0.8719196565,1.46701196845,0.602833351,1.0773258073
0,1086,1.0576333182,1.2036514164,0.725391829,0.879573067
0,1086,0.85390554,0.9031667429500001,0.5778804928,0.6414040277
0,1086,0.6692840569,0.8178267856,0.4538041868,0.5671811624
0,1086,0.84226119175,0.7770857202,0.5688028531,0.542420591
0,1086,1.0501785489,0.7616688861500001,0.7058425188,0.5209069973
0,1086,1.0113685829,0.7603469121499999,0.6807011862,0.5176701707
0,1086,0.8795242327999999,0.76531319685,0.592712851,0.5350009657
0,1086,0.8796508857,0.76991946065,0.5920807442,0.5370232279
0,1086,0.82361759255,0.7722677238,0.5526306447,0.5397677266
0,1086,0.85091364515,0.82758582615,0.5729364763,0.5807778645
0,1086,0.8613299773,0.82749810145,0.5800538904,0.5802059739
0,1086,1.01669170905,0.784779425,0.6816205581,0.5469235606
0,1086,1.02338748715,0.7834571081,0.6865093135,0.5463568828
0,1086,1.0541804254,0.9070862991499999,0.7133659014,0.6438471487
0,1086,1.0930624778,0.7772742013,0.7340347892,0.546067851
0,1086,1.0596877809,0.7607246974,0.7112417448,0.520947053
0,1086,1.2722044673,1.26901916855,0.8677339366,0.9302298975
0,1086,1.28018259625,0.8579375230499999,0.8602017555,0.6067069089
0,1086,1.397158082,0.8997691449,0.9424437078,0.6413510774
0,1086,1.44227530035,0.8552339716999999,0.9699938379,0.6014282038
0,1086,1.4659284421,0.8748692017999999,0.9856913874,0.618541299
0,1086,1.4961098807,0.88481336255,1.0050767666,0.6244238569
0,1086,1.42445421175,0.8817433431,0.9584908841,0.6227234118
0,1086,1.188671983,0.77738359985,0.7973697258,0.5420561119
0,1086,1.1738926477,0.7618495482000001,0.787314829,0.5286670958
0,1086,1.1069006764,0.76196354225,0.7438686416,0.5257013307
0,1086,1.2279892553,0.7604155007,0.8212510126,0.5205489656
0,1086,1.09651621955,0.74451793015,0.7353954781,0.5146791651
0,1086,1.1150215117,0.74703389205,0.747688604,0.5175725007
0,1086,1.12840805105,0.73241501615,0.7555546671,0.5073664007
0,1086,1.13267828345,0.7264583827,0.7594334409,0.5052640272
0,1086,1.13732245435,0.7228560482,0.7610102347,0.4968203762
0,1086,1.1262117309500002,0.7189192763,0.7534268059,0.4908332894
0,1086,1.12611456085,0.7206332334,0.7539724707,0.4974527618
0,1086,1.23073208925,0.75628201705,0.8256061433,0.5237159691
0,1086,1.19258888395,0.7488759723,0.7993955547,0.5140227736
0,1086,1.20067521965,0.75286027595,0.8056743275,0.5189990035
0,1086,1.2350843643,0.74060639885,0.82768924,0.5097949809
0,1086,1.2451841028500001,0.740960864,0.8338912955,0.5087244522
0,1086,1.2548930775,0.7412095657,0.8405118228,0.5090558716
0,1086,1.21295831215,0.7656439304,0.8157685863,0.5291328114
0,1086,1.18260113395,0.7706474586000001,0.7930568899,0.5363532558
0,1086,1.2447756646500001,0.7548708095500001,0.8343932763,0.5252903487
0,1086,1.29606931475,0.73567276225,0.8680301547,0.5072779215
0,1086,1.2769451909,0.7480361752,0.8572556286,0.5216473412
0,1086,1.3861043175,0.75393732055,0.9285725532,0.5233073191
0,1086,1.3450145223,0.72988876595,0.900684682,0.5055507269
0,1086,1.3573655333999999,0.72356484135,0.908825044,0.5031475245
0,1086,1.3641873468999999,0.72080223535,0.9138334288,0.5031475245
0,1086,1.3705633669,0.7501015795,0.9187204862,0.5254941936
0,1086,1.34072437735,0.7127542025,0.8981769393,0.4963989686
0,1086,1.148348897,0.721018289,0.768396082,0.4965537042
0,1086,1.1424312509,0.72344042185,0.7651231736,0.4988761095
0,1086,1.17016491585,0.71708460365,0.7833636601,0.4946024997
0,1086,1.1736295401,0.7154876584500001,0.784860032,0.4871657273
0,1086,1.15134303005,0.7270839094499999,0.7710356487,0.5009226519
0,1086,1.13021167785,0.7180617148,0.7567520425,0.4973594814
0,1086,1.13187676585,0.7211505961,0.7574420345,0.4988194554
0,1086,1.20529631375,1.34787689905,0.8218655223,0.9628795137
0,1086,1.25268799625,1.3861108048,0.8494525353,0.9660355888
0,1086,1.2960443419,1.403998534,0.8822251578,1.0198892818
0,1086,0.1672911454,0.74842308335,0.1173559846,0.5254412433
0,1086,0.9700410722999999,0.6713321910000001,0.6489848628,0.458689719
0,1086,0.91685851125,0.6561886819,0.6137003391,0.4507510162
0,1086,0.7847880999000001,0.6391528173000001,0.5253913968,0.4354900838
0,1086,1.24512019755,0.7446650524,0.8360721025,0.5121549726
0,1086,0.63384471595,0.6123988095,0.4243398433,0.4165329192
