0,1086,0.16326113679999998,0.7517206786999999,0.1128760534,0.525414631
0,1086,0.31133276355,0.6663377164,0.2116175357,0.4527518788
0,1086,0.31682171165,0.63654988515,0.2138109231,0.4381518647
0,1086,0.18314884409999999,0.71490376495,0.1262812704,0.4981748611
0,1086,0.39363418325,0.74914429035,0.2677590357,0.5237626093
0,1086,0.3818994955,0.75489488405,0.258047051,0.5249431539
0,1086,0.3448126572,0.71066431215,0.2335307246,0.4905346553
0,1086,0.310614292,0.68478574885,0.2102724372,0.4731123633
0,1086,0.5299984441,0.6510776756000001,0.356053005,0.4475071936
0,1086,0.3145120908,0.6843587171000001,0.2124689118,0.4715115086
0,1086,0.3161043592,0.6774412278999999,0.2128155286,0.457788741
0,1086,0.49641590065,0.5995719257500001,0.3323313271,0.4065775785
0,1086,0.2979119175,0.73223071895,0.2029288076,0.5096628795
0,1086,0.36547506185,0.72412370015,0.2479924629,0.5037489081
0,1086,0.37105735945,0.7097518799,0.2514280673,0.4840992744
0,1086,0.3742067408,0.7066932460500001,0.2536108038,0.4832795051
0,1086,0.19476189559999998,0.7359830564500001,0.1338027234,0.5171541111
0,1086,0.18787910965,0.74192281715,0.1299988145,0.5181198367
0,1086,0.28066119145,0.65781916675,0.1910154089,0.4536580695
0,1086,0.36985666535,0.5939682485,0.2483280429,0.4044184138
0,1086,0.3647243675,0.59796791595,0.2462380772,0.4044439287
0,1086,0.23672394425,0.7423497117,0.1624052071,0.5161433916
0,1086,0.2246510138,0.8095127668,0.1564238872,0.569895345
0,1086,0.3242845848,0.6737877264500001,0.2190854256,0.4641931199
0,1086,0.31506439305,0.67111634305,0.2135080675,0.4641558077
0,1086,0.23802809855,0.7082661166499999,0.1628052327,0.4919183589
0,1086,0.3434622332,0.6811064580499999,0.2320406814,0.4708430455
0,1086,0.36660776009999996,0.59893796255,0.246015412,0.4078271231
0,1086,0.3770717897,0.6477462655,0.2544612536,0.4456570884
0,1086,0.36377782810000003,0.6383713203,0.244775819,0.4372097336
0,1086,0.3670989742,0.6373894766,0.2476461548,0.4366976522
0,1086,0.35722028005,0.6372433145499999,0.2404072589,0.4360371453
0,1086,0.37744183070000004,0.61546153995,0.2536733198,0.4198584993
0,1086,0.3655550206,0.6146146096,0.2458491656,0.4201106304
0,1086,0.38490316034999994,0.61870947795,0.2591200889,0.4234294889
0,1086,0.35701339815,0.6164330955499999,0.2397971485,0.4193886683
0,1086,0.3581915557,0.621588067,0.241272373,0.4250463932
0,1086,0.3551293496,0.6218083732,0.238758919,0.4248576378
0,1086,0.32024948225,0.64466019625,0.2161651541,0.4433431881
0,1086,0.32125413845,0.6442343991499999,0.2170325065,0.4428592279
0,1086,0.32054135085,0.63499878575,0.2162170935,0.4334546087
0,1086,0.20460910025,0.69569405755,0.1412158925,0.4812738413
0,1086,0.21321840975,0.69052118445,0.1462729009,0.4771608657
0,1086,0.2456412033,0.6988365065,0.1680927788,0.4858742066
0,1086,0.23842959055000001,0.69603274745,0.1632849855,0.4838714235
0,1086,0.6388170512,0.64545698845,0.4281681284,0.4418538583
0,1086,0.18330230425,0.71288177705,0.1299310245,0.4949372113
0,1086,0.35833078895,0.6040371716999999,0.2413552647,0.4115757568
0,1086,0.67221490205,0.652133252,0.4503449651,0.4464953766
0,1086,0.9549960823,0.7855218951,0.642379926,0.5464101074
0,1086,0.21050787585000003,0.8075609449,0.1469169707,0.5696502098
0,1086,0.1538878965,0.80864574005,0.1098370014,0.5701572157
0,1086,0.17704009945000002,0.7928312987,0.1245454851,0.5550490984
0,1086,0.16239814515,0.80551364805,0.1149414757,0.5673293135
0,1086,0.20787834249999998,0.7427510228,0.1442050088,0.5164381848
0,1086,0.25512191715,0.69269269515,0.1737054083,0.4807033225
0,1086,0.2504483019,0.69629105155,0.1714549076,0.4833699047
0,1086,0.1845689232,0.7012338104,0.1281290442,0.491409021
0,1086,0.37008708715,0.5665843056,0.2479720101,0.3822942456
0,1086,0.37169178165,0.58818274325,0.2488487013,0.3986236491
0,1086,0.37360145415,0.58735474335,0.2504514277,0.3980055299
0,1086,0.36953053995,0.6036029381,0.2481655783,0.411380554
0,1086,0.38015657105,0.5727918356999999,0.2544971425,0.3868331556
0,1086,0.3668641917,0.59047421515,0.245818525,0.4008926925
0,1086,0.38244330795,0.59620224325,0.2568751451,0.4046424237
0,1086,0.37048066820000003,0.58344245755,0.2484058406,0.3957964327
0,1086,0.37663379145,0.58038389235,0.2523705933,0.3928343715
0,1086,0.3670897511,0.5917440619000001,0.2461165182,0.4008592214
0,1086,0.36873708775,0.57913743425,0.2472201967,0.3916885327
0,1086,0.3813980936,0.56743396575,0.2556491358,0.3829184829
0,1086,0.37653534795,0.56713973505,0.2521253915,0.3829060547
0,1086,0.36383640805,0.5835310738999999,0.2438251119,0.3952030054
0,1086,0.7375331412,0.65382628955,0.4941492692,0.4481516507
0,1086,0.8185062105500001,0.702843513,0.5479756685,0.485418642
0,1086,0.3359730029,0.62043715265,0.2262165778,0.4241113953
0,1086,0.37869975405,0.6235606711499999,0.2547039085,0.4263237847
0,1086,0.65135314065,0.65817315185,0.4375458451,0.4520910975
0,1086,0.31683656885,0.69948192395,0.2145280053,0.4828327199
0,1086,0.1929356551,0.79271339515,0.1352186734,0.5557770963
0,1086,0.20887041830000003,0.79046417375,0.146445862,0.5585204975
0,1086,0.35591323145,0.64682766025,0.2401812749,0.4437784505
0,1086,0.39965880125,0.66363094145,0.2704158907,0.4575157589
0,1086,0.3701133671,0.62341718415,0.2486034222,0.4257833077
0,1086,0.34650996805,0.61948692815,0.2336785249,0.4245668227
0,1086,0.39147382909999995,0.6342154769,0.2639407712,0.4349225828
0,1086,0.26878422175,0.6817922055500001,0.1824892997,0.4719366199
0,1086,0.39320652710000004,0.5712466063,0.2632388934,0.3866571576
0,1086,0.37060450395,0.571172805,0.2480621567,0.3864118852
0,1086,0.31227637010000003,0.7251818828500001,0.212510512,0.5051171107
0,1086,0.21404558975000001,0.9381559800499999,0.1571748517,0.6741142761
0,1086,0.25133363725,0.9251603187,0.1769294615,0.6674635274
0,1086,0.63465710945,0.5980243643,0.4245898947,0.406025167
0,1086,0.34744064674999997,0.6381263224,0.2335284091,0.4373477336
0,1086,0.3878004706,0.59806709495,0.2601935898,0.4072253279
0,1086,0.38733232485,0.5960676452,0.2597099079,0.40477046
0,1086,0.38449343350000004,0.59534611995,0.2579502014,0.4049292181
0,1086,0.38161169009999996,0.5962510096,0.2559267534,0.404828024
0,1086,0.4003322767,0.5947640803500001,0.2685252818,0.4051864673
0,1086,0.3921487709,0.5939310736,0.2630487212,0.4054941552
0,1086,0.6251190121,0.59971445255,0.4180096556,0.4066324493
0,1086,0.38196305345000003,0.59492073645,0.2565482865,0.4052567019
0,1086,0.22138783015000002,1.010336281,0.1540982901,0.6919744368
0,1086,0.24070046690000002,0.98041538815,0.1674065686,0.6942359355
0,1086,0.19396867495,1.0034002043499999,0.1372317675,0.7035905785
0,1086,0.22051248965,0.95928794755,0.1532780949,0.6564382067
0,1086,0.21948857705000002,0.9740960590000001,0.1567162463,0.6983866348
0,1086,0.53868516545,0.6477435905,0.3623672807,0.4451065974
0,1086,0.33471071890000004,0.7261262774,0.2269616766,0.503517765
0,1086,0.32684303505,0.72463091175,0.2218717893,0.5023745325
0,1086,0.35487453875,0.6755003117,0.2408030395,0.467171368
0,1086,0.7835732818000001,0.69907231365,0.5255803342,0.4831759365
0,1086,0.31764125075,0.7280671937000001,0.2162657973,0.5058511444
0,1086,0.36150764645,0.6731108955,0.2443300255,0.465497398
0,1086,0.98945662895,0.6982787451,0.6627512065,0.4814708274
0,1086,0.36304835845,0.66869276985,0.2448851835,0.4609964861
0,1086,0.3056598176,0.6800342832499999,0.207689135,0.4703854233
0,1086,0.3472180973,0.6834953941,0.2352804794,0.4712984728
0,1086,0.6400611206,0.67818253195,0.4298802964,0.4677686363
0,1086,0.35164553495,0.7211359472,0.2390077483,0.5007023458
0,1086,0.6124811603,0.59455740055,0.4095993426,0.4031416167
0,1086,0.5592659905,0.67569304525,0.3765804984,0.4638242511
0,1086,0.26776521005,0.7384205531,0.1833793431,0.5176290176
0,1086,0.5568276328499999,0.68137950875,0.3743604839,0.4651179667
0,1086,0.34187089095,0.7454920235,0.2329891503,0.5221265002
0,1086,0.27700836295,0.71363165475,0.1898235133,0.4975431613
0,1086,0.34277729655,0.76116318345,0.2339417097,0.5318423299
0,1086,0.18927780995,0.9404425821,0.1352167439,0.6693213144
0,1086,0.2745259354,1.0300466155,0.1991796196,0.7357027354
0,1086,0.22839611135,1.0457977497,0.1638866061,0.7494449822
0,1086,0.2618563239,1.04397343375,0.1912266514,0.7493799603
0,1086,0.1815157858,1.0714900953000002,0.1318606352,0.769569248
0,1086,-0.01567920465,0.9641085729,-0.0001558373,0.6931750228
0,1086,0.016282228949999998,1.01262706695,0.0232472505,0.7309909825
0,1086,1.40177222975,0.7584892623999999,0.9398141745,0.527024265
0,1086,0.3840634385,0.6473625816499999,0.2589359366,0.4450120825
0,1086,0.1920580763,0.99688471215,0.1377968818,0.7144626725
0,1086,0.33695793955,0.69377179745,0.2295039189,0.4784556787
0,1086,0.43402696315,0.79117269255,0.2955229553,0.5559898577
0,1086,0.12455613604999999,0.8171643582000001,0.0900118487,0.578480151
0,1086,0.13477662325,0.8188728967500001,0.0960713523,0.5772836939
0,1086,0.1367001109,0.8033112726,0.0974522624,0.5687971066
0,1086,0.1190854411,0.80880802035,0.0873369334,0.5707306153
0,1086,0.0845294224,0.8044224741999999,0.0643449182,0.5698820388
0,1086,0.05749068895,1.11466769715,0.0482898695,0.7984615883
0,1086,0.0824540438,0.78381898075,0.0623197068,0.5635347255
0,1086,0.06468123145,0.78151927825,0.0505504037,0.5609979127
0,1086,0.23900254825,1.00940191065,0.1697129479,0.7253052735
0,1086,0.8293665631,0.92600327085,0.563212683,0.6622749475
0,1086,0.40802451045,0.9382020372,0.2796216883,0.6654487414
0,1086,0.40999756730000003,0.9237747632,0.2789426174,0.6452917588
0,1086,0.57061929175,0.7861660093,0.3868155341,0.5521615242
0,1086,0.60976692165,1.1607095531,0.4143755433,0.7950194078
0,1086,0.6202908432500001,1.12846392305,0.4247953487,0.7927318455
0,1086,0.6377869255,0.59998263335,0.4264138198,0.4068102305
0,1086,0.3319914636,1.0525535072499999,0.2299035586,0.7554013413
0,1086,0.96076762615,0.70621504735,0.6432959019,0.4847371471
0,1086,0.46209736570000004,0.70257725255,0.3125776434,0.4827563123
0,1086,0.4845228775,0.7137113545,0.326409436,0.4948956468
0,1086,0.4892174472,0.7214586955,0.3293833478,0.4949691736
0,1086,0.31122884030000003,0.9332485442999999,0.2195522122,0.6647164224
0,1086,0.30895842695,0.9299571898500001,0.2147469659,0.6630454703
0,1086,1.1257657059,0.73439585085,0.75407404,0.5094616409
0,1086,0.707112791,0.60858236795,0.4728118396,0.4128933569
0,1086,0.73672460025,0.62240090895,0.4922067951,0.4202650917
0,1086,1.1239073583,0.71871165905,0.7531873926,0.4977540023
0,1086,1.12981180665,0.7252165885999999,0.7581704623,0.5042770392
0,1086,1.1122211784,0.7136816557500001,0.7450917952,0.4931358041
0,1086,1.12909827465,0.7428899144000001,0.7568431153,0.5122228752
0,1086,1.1612931932500001,0.7254766075,0.7778406369,0.5020529898
0,1086,1.1030508451499998,0.718567829,0.7396068991,0.498239197
0,1086,0.8902668061500001,0.65552385395,0.5963607013,0.4515728431
0,1086,1.09639002975,0.7122706539,0.7355302349,0.4934013786
0,1086,0.88212891395,0.6559639861,0.5906941227,0.4508009486
0,1086,0.66912900165,0.61217704445,0.4476249765,0.4159378457
0,1086,1.0846765281,0.74888475165,0.7267569944,0.5207540451
0,1086,1.0957289032,0.7546340421,0.734889947,0.522338027
0,1086,0.8868537383999999,0.6587416816,0.5938551196,0.4528075726
0,1086,1.0591604078499999,0.72787500875,0.7095812875,0.5035858047
0,1086,1.1067801979,0.72087185265,0.7415469034,0.4992436065
0,1086,1.1085013189,0.72327999345,0.7436443556,0.5004392405
0,1086,0.6256665292,0.59755316155,0.4184633214,0.4049691791
0,1086,1.06348327715,0.7210304291,0.7115166611,0.4986232924
0,1086,1.05098708985,0.70785506595,0.7040293989,0.4892896375
0,1086,0.8944676534,0.6756276119,0.5991319376,0.465440744
0,1086,1.03340394815,0.69612184385,0.6929581917,0.4811540859
0,1086,0.9728744387999999,0.7433143398,0.6547861982,0.5139288074
0,1086,0.96337138115,0.7420270715999999,0.6483820845,0.5119954358
0,1086,0.9447954691,0.73526363215,0.6368050376,0.5050887151
0,1086,0.6469897516,0.5941540546499999,0.4325107558,0.4034786147
0,1086,1.00363627325,0.68502505405,0.6716394457,0.4692358807
0,1086,0.9804882767,0.6732041072,0.656377965,0.4607067684
0,1086,0.9621672138999999,0.6818310952,0.6458579796,0.4653953384
0,1086,0.960114372,0.6850703224,0.6446011754,0.4675480558
0,1086,0.64088795335,0.5852937973000001,0.4283916425,0.3955451246
0,1086,0.63864571085,0.58585601695,0.4269128677,0.3952750233
0,1086,0.6508592638,0.58673086275,0.4350527666,0.3974335021
0,1086,0.64313536685,0.59005699155,0.4297239291,0.3986151441
0,1086,1.0322777331,0.7670614482,0.6930616134,0.5319659264
0,1086,0.26831932615,0.7471133174,0.1860521745,0.5218112676
0,1086,0.64000053405,0.5900933434,0.4277723477,0.3988395656
0,1086,0.6166016243,0.5854608788,0.412227924,0.3954951922
0,1086,0.9807547030500001,0.6823014748,0.6584402229,0.466950376
0,1086,0.9171320382000001,0.6556027993,0.6142964798,0.4468392792
0,1086,0.9732431291500001,0.6825599847,0.6533541947,0.4661809506
0,1086,0.74216017815,0.64424640205,0.4968399293,0.4414327251
0,1086,0.73698060745,0.6451497121,0.4938870105,0.4413265502
0,1086,0.36759377719999997,0.58732223245,0.2465775162,0.3987449135
0,1086,0.86234211995,0.69407969095,0.5782281129,0.4781274143
0,1086,0.40029669655,0.6354340195,0.2693197759,0.4359985986
0,1086,0.5492235198,0.5920451652500001,0.367353129,0.4011782949
0,1086,0.8035934691,0.635478945,0.537759542,0.4346445252
0,1086,0.86059931125,0.6386015718,0.5752142217,0.4359483918
0,1086,1.0998933985000001,0.71948828615,0.7362896892,0.4986323461
0,1086,0.843360934,0.62554740445,0.5638847692,0.4277172279
0,1086,0.82355322415,0.6616245232,0.5513775451,0.4521703858
0,1086,0.82170236305,0.65822377015,0.5506006481,0.4483302551
0,1086,0.81949786185,0.6615526425,0.5490976387,0.4521133202
0,1086,0.810688115,0.65902776405,0.5434806098,0.4467337901
0,1086,0.80255902135,0.66057902925,0.5382678515,0.4461048339
0,1086,0.7730066795,0.66190237505,0.517836679,0.4519628371
0,1086,0.78665979965,0.66122369225,0.5277125175,0.4503783065
0,1086,0.7799544513,0.6573385674500001,0.5225178194,0.4506800957
0,1086,0.77115141915,0.6608268394,0.5168052413,0.44835577
0,1086,0.76840156175,0.6601207898,0.5143167937,0.4452338976
0,1086,0.772824148,0.6497890356,0.5184780474,0.4397336518
0,1086,0.7996863701000001,0.63532729585,0.5350080638,0.4346806027
0,1086,0.97829427185,0.68845235075,0.6544760877,0.4683830517
0,1086,1.00188304525,0.6845706555,0.6702091401,0.4693358826
0,1086,0.62150527545,0.58778431285,0.4157126151,0.3978487367
0,1086,0.8033856224,0.63722013165,0.537550692,0.4363104017
0,1086,0.7756643835499999,0.67705884725,0.5195230689,0.4673073103
0,1086,1.1804789069,0.7499283936500001,0.7911488382,0.5222350071
0,1086,1.108086629,0.72344625185,0.7431425292,0.5021127989
0,1086,0.65951310645,0.5963569102,0.4410726767,0.4036499486
0,1086,1.1158806058,0.7259399226000001,0.7481857996,0.5031480732
0,1086,1.1337729317999998,0.7460179598000001,0.7606070448,0.5191343972
0,1086,1.1391737889,0.74301771995,0.7630189296,0.5174572721
0,1086,1.0932742605999999,0.7306631296499999,0.7321373884,0.5054418085
0,1086,0.47751158635,0.7323429983,0.3241642607,0.5097143208
0,1086,0.55560478805,0.5919424197500001,0.3717780307,0.4017810503
0,1086,1.1188934165,0.72899450965,0.7500189864,0.5053811763
0,1086,0.75380113045,0.60573281555,0.5044875721,0.4115527111
0,1086,0.5494258865,0.59804638115,0.3675411402,0.4031670859
0,1086,0.54845318305,0.59801325295,0.3666744053,0.4035107141
0,1086,0.3767505267,0.59316734105,0.2530054014,0.4029971237
0,1086,0.3818323895,0.5963008445,0.2561164994,0.4041356268
0,1086,0.38697323824999996,0.59686717065,0.2592392407,0.4034115481
0,1086,0.39294097019999996,0.5965717189499999,0.2629701638,0.4039095651
0,1086,0.38819538565,0.59513169725,0.2600185227,0.4036888647
0,1086,0.37520829295,0.5950299933000001,0.2517599427,0.4041912488
0,1086,0.5001980446500001,0.5866264711,0.3346340789,0.3970002974
0,1086,0.5029431169,0.58702215795,0.3363139856,0.3967063273
0,1086,0.5525996182,0.5975544647,0.3693979442,0.404662863
0,1086,0.9502235605,0.9427545620000001,0.64225582,0.6706223004
0,1086,0.9625437767,0.9455351381,0.650341384,0.671759497
0,1086,0.65503618515,0.5940816252,0.4378718547,0.40285007
0,1086,0.84266908965,0.61910543905,0.5632883197,0.4208089981
0,1086,1.0712436033500001,0.7279973019999999,0.7173839085,0.5057906494
0,1086,1.07818759325,0.73070640905,0.7220982363,0.5060005301
0,1086,0.8599307203,0.63124285305,0.5753655612,0.4312522771
0,1086,1.0919178937,0.72526782425,0.731673689,0.5036738723
0,1086,0.636924204,0.6327282733999999,0.4266907428,0.4320839808
0,1086,0.4988180607,0.624006016,0.3346155556,0.4256791904
0,1086,0.62752989345,0.6126324032,0.4205982833,0.416608778
0,1086,0.6144914373,0.6339233586999999,0.411626998,0.4332749508
0,1086,0.6229283261,0.6347873676,0.4173000598,0.4338388852
0,1086,0.6268043985,0.63349035975,0.4203389574,0.4334300979
0,1086,0.6193501695,0.6338069641,0.4150079588,0.4334748176
0,1086,0.6673571732,0.6008024713,0.446298247,0.4073283478
0,1086,0.6642440280999999,0.6000221404,0.444066501,0.4067553598
0,1086,0.8733992802999999,0.6540837021,0.584549798,0.4489087302
0,1086,0.75617905585,0.62559109535,0.5064791329,0.4259055323
0,1086,0.7935137202,0.6260577712,0.5306296246,0.4274369754
0,1086,0.82213472715,0.62733571145,0.5500075945,0.4287689633
0,1086,0.7557442992000001,0.6125634032,0.5052095168,0.4160169968
0,1086,0.527470866,0.6044679072,0.3529512826,0.4101993236
0,1086,0.7460251366499999,0.611682453,0.4990366353,0.4167742134
0,1086,0.77931694185,0.6184368388,0.5210958493,0.420909686
0,1086,0.8044226943499999,0.6260565366999999,0.5381519267,0.4277867766
0,1086,0.79786568645,0.6164599822,0.5334848331,0.4201299724
0,1086,0.80253617595,0.616283847,0.5369943763,0.4201977378
0,1086,0.79393620525,0.6097293965999999,0.5312526241,0.4145441282
0,1086,0.8127157962,0.6156220369500001,0.5433129742,0.4192458671
0,1086,1.06935523255,0.71907462915,0.7184405069,0.4933410207
0,1086,1.0417116370500001,0.70003749045,0.6977396665,0.4787934083
0,1086,1.05468896645,0.7017589235999999,0.7066167917,0.4806730064
0,1086,0.9962611541,0.7179993679,0.6669102992,0.497038899
0,1086,1.00321124125,0.719969297,0.6719727103,0.4985018908
0,1086,0.98614404995,0.7205551110499999,0.6600640967,0.4977634675
0,1086,1.06491690145,0.704075156,0.7129983687,0.4866053596
0,1086,1.0048888325499998,0.6842784,0.6725410661,0.470154966
0,1086,1.01479083515,0.68461276875,0.6788582747,0.4700664869
0,1086,0.8132621555999999,0.6712334235499999,0.5459162662,0.4616689273
0,1086,0.83081288165,0.6722189025,0.5576401101,0.4633079172
0,1086,0.83696716255,0.65162363975,0.5608892469,0.4463795993
0,1086,0.962540921,0.6913627649,0.6446308126,0.4752206354
0,1086,0.9197586386000001,0.6693711097,0.6162707522,0.4615723548
0,1086,0.9293705976000001,0.67126902095,0.6222613338,0.4625025515
0,1086,1.005721531,0.6952515934,0.6736597176,0.479171605
0,1086,1.01304470775,0.6943939633,0.6776209199,0.4794001418
0,1086,0.7749311705999999,0.66684259605,0.5183817264,0.4514792885
0,1086,0.75623261895,0.6075450599000001,0.5054637487,0.4106698404
0,1086,0.6235317217,0.59165592575,0.4165298002,0.3981695935
0,1086,0.64150153685,0.59322605275,0.4284027565,0.3985819473
0,1086,0.62772029735,0.58725234075,0.4197059245,0.3972874087
0,1086,0.63075248025,0.58776085565,0.4214620853,0.3967965897
0,1086,1.1115196866,0.7437357473,0.7451459758,0.517008978
0,1086,0.6383782811000001,0.5834158453,0.4266845684,0.3943791208
0,1086,0.33879564135,0.6638982992,0.2307120223,0.4570814568
0,1086,0.7496969901,0.60709237605,0.501157396,0.4112673831
0,1086,0.85591014425,0.62328789485,0.5717392553,0.4211221731
0,1086,0.8635330122,0.6311225489000001,0.5778539428,0.4319708098
0,1086,0.40044642540000003,0.5955011921,0.268152308,0.4043200142
0,1086,0.9247508156,0.7300098246,0.6214825844,0.5055881762
0,1086,0.92428781095,0.7331522735,0.6190422973,0.503783751
0,1086,1.0213832688,0.67398889635,0.6828534364,0.4567706139
0,1086,1.0565141265,0.6966037464,0.7073074012,0.4753416254
0,1086,0.37888602875,0.71686313145,0.2575825027,0.4886277589
0,1086,0.39285778785000003,0.7137520275,0.2670586243,0.4870413078
0,1086,0.40928129535,0.7132148426,0.2784120027,0.4897801822
0,1086,0.42445405734999997,0.7090417149,0.2871865553,0.481744221
0,1086,0.44084692425,0.7112873697,0.2988725809,0.4913599116
0,1086,0.4553216289,0.70254288975,0.307803578,0.4782320803
0,1086,0.4425931288,0.7040648677,0.299395709,0.4794773724
0,1086,0.6655742308,0.59520160615,0.4450946972,0.4031240123
0,1086,0.4817664598,0.702408182,0.3267866934,0.4850516938
0,1086,0.49140234465,0.6946680428500001,0.3322258987,0.4722529499
0,1086,0.5978001141,1.1012246332,0.410255967,0.7959155846
0,1086,0.48131209929999996,0.68429280365,0.3247313816,0.4660808115
0,1086,0.49416061465,0.6926177966,0.3342449357,0.4773699234
0,1086,0.4931013149,0.69263857885,0.3329046224,0.4765404145
0,1086,0.5740441681,0.6050722401499999,0.3839492116,0.4102414369
0,1086,0.57716031295,0.60460683075,0.3862656769,0.4107598065
0,1086,0.5038859516,0.59048224,0.3371339492,0.4000220306
0,1086,0.6081644268499999,0.589760415,0.4069342807,0.4001932274
0,1086,0.628705979,0.59075404705,0.4204475066,0.4003071011
0,1086,0.5620921792,0.7339557874,0.3800213512,0.510001295
0,1086,0.5682770236,0.7109945656,0.3839008968,0.4895591902
0,1086,0.568383764,0.6993181346999999,0.3826479516,0.4751384664
0,1086,0.56572366735,0.69831619445,0.3810534063,0.4781193209
0,1086,0.5421623701,0.71564836125,0.3655707268,0.4969100899
0,1086,0.55728322835,0.71418276305,0.3748789813,0.4947832989
0,1086,0.9902539589999999,0.6878815265,0.6635360906,0.475328868
0,1086,0.59339694,0.6050860608499999,0.3975858924,0.4111269139
0,1086,0.5892344412,0.60550107865,0.3945220784,0.4118552319
0,1086,0.55572796775,0.65186966655,0.3732987915,0.4429807667
0,1086,0.50155796005,0.5833668388,0.3354517751,0.3945217238
0,1086,0.57150810025,0.58614703775,0.3818969871,0.3964965837
0,1086,0.37678884675,0.6846190789,0.2525800607,0.460654504
0,1086,0.36895728315,0.6499730584500001,0.2489927197,0.4465577921
0,1086,0.59669232255,0.5860802093999999,0.3989331363,0.3964541732
0,1086,0.30544063545,0.69987531375,0.2075280597,0.4868960375
0,1086,0.29911566645,0.70352069115,0.2031911435,0.4866126299
0,1086,0.0112002137,0.96422364225,0.0204139612,0.6880880775
0,1086,0.0019269223499999997,0.9531620378,0.0110183387,0.680213985
0,1086,0.40843686170000004,0.7408256583999999,0.2779106394,0.515176843
0,1086,0.3683899711,0.5733499708,0.2466747634,0.3875512706
0,1086,0.5475370026499999,0.7994804494000001,0.3712650903,0.5591524716
0,1086,0.56633789735,0.80218865065,0.3827626415,0.5632742265
0,1086,0.49618779415,0.5961436344,0.3317146949,0.4021442948
0,1086,0.49330059449999997,0.59341151595,0.3302363446,0.4017666467
0,1086,0.49721812495,0.593534526,0.3329818027,0.4031048076
0,1086,0.5419654629,0.8112914230499999,0.3653787022,0.5626798389
0,1086,0.5639401074,0.7954139972,0.378657575,0.5411323626
0,1086,0.5154957327,0.6159964185,0.3458190498,0.4200729068
0,1086,0.533734424,0.6303861835,0.3587217458,0.4270685914
0,1086,0.52409353265,0.62765300165,0.3519150597,0.4284767765
0,1086,0.52712857135,0.6262669661,0.3535985167,0.4280424744
0,1086,0.5272680360499999,0.6244016685,0.3534594377,0.4239907482
0,1086,0.5198258472499999,0.61343289905,0.3487816933,0.4167625533
0,1086,0.022055895149999998,0.9941098973,0.0271832149,0.7115248916
0,1086,1.05269241515,0.78155863205,0.7071585975,0.5482046559
0,1086,0.5021210844,0.5779949384499999,0.3358106156,0.3899385667
0,1086,0.49964451915,0.5767505574,0.3340851039,0.3900073228
0,1086,0.63551873715,0.6258989026499999,0.4261416821,0.4269692021
0,1086,0.63253114055,0.62616983605,0.4233455937,0.4270716733
0,1086,0.51651867085,0.6050704568,0.3463943519,0.409565429
0,1086,0.5129146589,0.60338722735,0.34427992,0.4088086239
0,1086,0.51234421925,0.6036188506,0.3436116929,0.4088499142
0,1086,0.52167755735,0.60514336635,0.3492435403,0.4088086239
0,1086,0.5755590633500001,0.64636654,0.3858833503,0.4367156224
0,1086,0.57576544345,0.6460670828,0.3858095659,0.43644703
0,1086,0.5807043661,0.647435354,0.390528679,0.4420944666
0,1086,0.58533788615,0.64535828965,0.3923073765,0.4419629139
0,1086,0.5370421767,0.6317237756,0.360430861,0.4284923598
0,1086,0.54739431385,0.5855821049000001,0.3660994119,0.3953490988
0,1086,0.56352317945,0.6285947897999999,0.3779672743,0.4256411924
0,1086,0.5635757392,0.629208245,0.3782249022,0.4269188582
0,1086,0.55055391305,0.5888299266,0.3685183375,0.398623475
0,1086,0.67076983275,0.8340694201500001,0.4536294505,0.5859189811
0,1086,0.6843005387000001,0.8343948981,0.4646562018,0.5823308444
0,1086,0.56211433,0.63113633525,0.3767265236,0.4271431425
0,1086,0.56195394925,0.6280848346,0.3768524819,0.4253008564
0,1086,0.5123541755,0.6008448589,0.3437720736,0.4065327216
0,1086,0.5111272401,0.60112003585,0.3425370342,0.4078542841
0,1086,0.5092120878,0.59506724135,0.3410912926,0.4009202651
0,1086,0.50051108795,0.5949287612,0.3352697359,0.4043037338
0,1086,0.5223558367500001,0.61688929855,0.3500411217,0.4199933305
0,1086,0.50648978375,0.59174927455,0.3393735675,0.4004718337
0,1086,0.5068656502,0.5851986998500001,0.3394062426,0.3945685767
0,1086,0.4909643877,0.5988291687,0.3288203946,0.4063294254
0,1086,0.85142069725,0.743664512,0.5730829645,0.5172949918
0,1086,0.53067384895,0.605385758,0.3554457503,0.4096865562
0,1086,0.53436160155,0.6058153961,0.3579798887,0.4098138564
0,1086,0.54024158365,0.60698133135,0.3619566815,0.4102732619
0,1086,0.69422248255,1.24091278345,0.4755407871,0.8935069499
0,1086,0.7166630442999999,1.3064859580000001,0.4938771314,0.9511503382
0,1086,0.51384014355,0.59746084145,0.3441113891,0.4034532369
0,1086,0.58846375315,0.5715721728000001,0.3932311991,0.385533267
0,1086,0.8783203715000001,0.6796517758,0.5882590838,0.4667864496
0,1086,0.8640215067,0.6755624693,0.5785274182,0.465871068
0,1086,0.6019033667,0.59221639945,0.402568523,0.4010166613
0,1086,0.60850211205,0.611931566,0.4071455929,0.4156651576
0,1086,0.4947275537,0.57404911605,0.3306814362,0.3867345025
0,1086,0.40184314855,0.7628818045000001,0.2730749841,0.5337654132
0,1086,0.5755974990499999,0.62150919025,0.3849006905,0.4196322945
0,1086,0.8466082993499999,0.7439279377,0.5695241803,0.5175862184
0,1086,0.51241862105,0.5969756467,0.3430211091,0.4031877996
0,1086,0.5613852847,0.60199158945,0.3752823256,0.4090928545
0,1086,0.5675321564,0.5959518267,0.380495547,0.4025599408
0,1086,0.55837131635,0.6094830954,0.3747817341,0.4112377528
0,1086,0.5594853844500001,0.59608651245,0.3742853103,0.4037253959
0,1086,0.5579249826,0.6067934675,0.3740888092,0.4107301982
0,1086,0.88146327845,0.6784116060000001,0.5902917939,0.4663786226
0,1086,0.5786547656500001,0.59722613175,0.3872537639,0.4029622807
0,1086,0.5544502477,0.60245264105,0.3712888618,0.4057122665
0,1086,0.5515822273,0.6008920477499999,0.3693578104,0.4060827813
0,1086,0.5570484458,0.59405172065,0.3726987918,0.4024846307
0,1086,0.5464625484,0.5957149908,0.3659720644,0.4008149132
0,1086,0.54532035695,0.59404986875,0.3651633691,0.3998553607
0,1086,0.5416481949,0.5992268572,0.362513769,0.4038251236
0,1086,0.5237862521000001,0.58138580975,0.350201348,0.3927306657
0,1086,0.51519109225,0.5744541330499999,0.3443699123,0.3876215487
0,1086,0.5630163363,0.59100502125,0.3771443778,0.3993070645
0,1086,0.56761574265,0.58944415365,0.3798217629,0.3969233411
0,1086,0.562938307,0.5900943722,0.3768339586,0.398246001
0,1086,0.5593256509,0.58436264035,0.3742567536,0.3924262701
0,1086,0.6675224949999999,0.6690909592500001,0.447914094,0.4608690487
0,1086,0.56985080735,0.5847090121,0.3812880345,0.39353027
0,1086,0.83665519665,0.65549300625,0.5606544109,0.4494901431
0,1086,0.5371338412,0.5783016153,0.3590926744,0.3901529742
0,1086,0.5441063106499999,0.5837982945,0.3643801433,0.3931629102
0,1086,0.54455056375,0.59365014455,0.3638445141,0.3983142299
0,1086,0.54426221485,0.59357818595,0.3646200197,0.4001512513
0,1086,0.5274809765999999,0.60467607315,0.3532922652,0.4110743751
0,1086,0.7659009196000001,0.6502330773,0.513816974,0.4428673214
0,1086,0.7642741130999999,0.6504306859,0.5123808888,0.4449485696
0,1086,0.18654001585000002,0.8181220277500001,0.1313107255,0.5758705721
0,1086,0.18236783335,0.79942727755,0.1284908965,0.5667041983
0,1086,0.65198980105,0.6104332512999999,0.4364003349,0.4153414004
0,1086,0.58459386795,0.5693504097,0.3905303769,0.3835566848
0,1086,0.58474631095,0.5694979736,0.3906319245,0.383817707
0,1086,0.5846916554,0.56925349415,0.390630557,0.3838676649
0,1086,0.61989421815,0.58276227285,0.4142570309,0.3938499023
0,1086,0.6223020372,0.5832954931000001,0.4160115404,0.3939487184
0,1086,0.6282488281,0.6060717112,0.4202974344,0.4114164944
0,1086,0.55429511535,0.60257260225,0.3713663509,0.4064207853
0,1086,0.54712791985,0.59428073755,0.3662673563,0.4007017423
0,1086,0.5441111099,0.580767614,0.363407375,0.3893171266
0,1086,0.41669003415,0.7125787429,0.2819341485,0.4902898194
0,1086,0.5779734951,0.5686368153,0.38618883,0.3834269154
0,1086,0.63467709915,0.59414781305,0.4243183743,0.4028971217
0,1086,0.5127098612,0.64905517205,0.3440951504,0.4447530925
0,1086,0.5090470668,0.6490395787000001,0.3418935048,0.4448384166
0,1086,0.9226509707999999,0.6812184859,0.6186276846,0.4713008048
0,1086,0.6316386645500001,0.5935033559,0.4225707033,0.4025610382
0,1086,0.62926521565,0.594143149,0.4208199451,0.4025956068
0,1086,0.58022276085,0.5680747329,0.3878002005,0.3834616212
0,1086,0.57491792645,0.5687051294,0.3840345731,0.3834675198
0,1086,0.5829750147499999,0.5681933146,0.3894496043,0.3831115806
0,1086,0.9690020544,0.6867581321,0.649877839,0.475186204
0,1086,0.9403299484500001,0.68946777355,0.6302724959,0.4761445219
0,1086,0.8614630713,0.66169120125,0.5776600658,0.4547982841
0,1086,0.85670339415,0.6604450832,0.5740756577,0.455053296
0,1086,0.55444449705,0.60291931565,0.3715128707,0.4062960467
0,1086,0.5543106745,0.60273566745,0.370936836,0.4058899315
0,1086,0.5704577533499999,0.6037495117,0.3817702571,0.409861594
0,1086,0.65628393005,0.60360774905,0.4395341643,0.4092663833
0,1086,0.59481038035,0.57027834295,0.3973771969,0.3841362573
0,1086,0.637047533,0.6069428300499999,0.4263267502,0.4125298223
0,1086,0.6209888042,0.58284107495,0.4151266622,0.3944298763
0,1086,0.60007423205,0.5699279245,0.4008191301,0.3842653408
0,1086,0.9511185707,0.688030012,0.6371123696,0.4739481822
0,1086,0.5670588736,0.60423900785,0.3796025708,0.4106226515
0,1086,0.50830923245,0.57404371225,0.3398048511,0.3871308295
0,1086,0.5944078078,0.6934708998,0.399698472,0.4711810494
0,1086,0.5914961804500001,0.70438558735,0.3975996305,0.4851222027
0,1086,0.6094138989,0.6931730201,0.4106838546,0.4720997232
0,1086,0.6347867724,0.5948124352999999,0.4242648112,0.4031273046
0,1086,0.9344792663999999,0.6869077357,0.6258492922,0.4742874208
0,1086,0.65335910625,0.60730237855,0.4369859791,0.4093006775
0,1086,0.6183832215,0.5843491707999999,0.4133794542,0.3950861306
0,1086,0.50864280585,0.59476394325,0.3405170711,0.4037211435
0,1086,0.5806383598,0.5718581058,0.3878265962,0.3842925018
0,1086,0.58203779315,0.56931314325,0.3891789497,0.3841957921
0,1086,0.50383169385,0.5802714759,0.3374761667,0.390618004
0,1086,0.5070856930500001,0.5928745369,0.3401547867,0.4011571696
0,1086,0.5071813966000001,0.5930152118,0.3397463484,0.4013905076
0,1086,0.51673863475,0.5768642069500001,0.3454314503,0.3888436205
0,1086,0.5233243234,0.71476891255,0.3517610078,0.4935801201
0,1086,0.9848361031,0.68513347515,0.6597163222,0.4724473295
0,1086,0.5274054171,0.60499912485,0.353147938,0.4082776121
0,1086,0.4833064814,0.5987312452,0.3236698212,0.4062304688
0,1086,0.48559682045,0.6017103721,0.3249629573,0.405181315
0,1086,0.9890475462999999,0.68552032465,0.6624631696,0.4726696933
0,1086,0.50171466545,0.57665429685,0.3355348577,0.3895450453
0,1086,0.5691047825,0.5894108882,0.3805153052,0.3977089534
0,1086,0.61696861665,0.58012696,0.4124710419,0.3930478188
0,1086,0.5613616676000001,0.59156113645,0.3755181886,0.4004017363
0,1086,0.7123143406,0.6085424379,0.4766145242,0.4141219392
0,1086,0.53337894175,0.6401318502,0.3592584577,0.4338720648
0,1086,0.53403858415,0.64084809135,0.3591664037,0.4373548581
0,1086,0.5027353575,0.57279989975,0.3361048556,0.3866587645
0,1086,0.8009751886,0.62061401325,0.5357340068,0.4228526447
0,1086,0.8075396617,0.6204797826999999,0.5405506908,0.4235795604
0,1086,0.79696058645,0.62143017355,0.5331250571,0.4239154553
0,1086,0.79086932415,0.62179129845,0.5293708137,0.4238869739
0,1086,0.78661871535,0.6193316009500001,0.5266134699,0.4234819419
0,1086,0.5143257754,0.67891084265,0.3469347684,0.4671303521
0,1086,0.5156313366,0.68385526965,0.3463955868,0.4689325825
0,1086,0.51934844845,0.67812210555,0.3492444665,0.4669459863
0,1086,0.47730042100000003,0.65214319735,0.3209523248,0.4485833465
0,1086,0.47699061919999997,0.65110860895,0.3191574194,0.4392624491
0,1086,0.47599970115,0.6515503872499999,0.3194638253,0.4478358695
0,1086,0.47602609684999997,0.67628825595,0.3205662689,0.4676783739
0,1086,0.51390722975,0.6952656173,0.3458477609,0.4808536684
0,1086,1.1453878559,0.75032506615,0.7679632548,0.5217074247
0,1086,0.57429492695,0.6105758468,0.3848239733,0.4167039788
0,1086,0.5534182698,0.61299221825,0.3709166984,0.4167665315
0,1086,0.57577478225,0.61219885555,0.3857044463,0.4176152451
0,1086,0.85054279575,0.6807079072,0.5700854355,0.4694037852
0,1086,0.5837778405,0.6369504874999999,0.391446816,0.4354898094
0,1086,0.58182057855,0.6368054114499999,0.3898624585,0.4354877517
0,1086,0.8961961874,0.6686504605,0.6009232412,0.4618502752
0,1086,0.97477859095,0.7067324982,0.6532482261,0.4884332192
0,1086,0.6653660754499999,0.61257808115,0.4462145835,0.4167319629
0,1086,0.7622818471999999,0.6650194302,0.5110545362,0.4566756326
0,1086,0.57592525595,0.6115360689,0.3861478009,0.4158431936
0,1086,0.72809398895,0.63129216825,0.4876432775,0.4317698457
0,1086,0.75037656275,0.6238421216,0.5021840485,0.4255247932
0,1086,0.6305938823,0.62416918795,0.422383927,0.4259889359
0,1086,0.6021801619,0.6095103503,0.4036204424,0.4146470614
0,1086,0.52065088645,0.6588655981,0.3503773779,0.4533929392
0,1086,0.66148768755,0.6259466407500001,0.4429489301,0.4261944269
0,1086,0.64636088645,0.6096378996,0.4324366627,0.414247003
0,1086,0.64367686565,0.6099513552,0.4304638653,0.4138849626
0,1086,0.7583088465500001,0.61549988095,0.5076348309,0.4198608313
0,1086,0.48690088919999996,0.6104606483,0.3263741964,0.416431657
0,1086,0.48613105315,0.6167326741,0.3251972217,0.4159292126
0,1086,0.6146741279000001,0.6205557074,0.4118202154,0.4226421806
0,1086,0.6275709315,0.6136925979,0.4198425336,0.4184384438
0,1086,0.6374214235,0.6128220244,0.4264084172,0.417533762
0,1086,0.6487139599,0.6095197902,0.4342812722,0.4140933648
0,1086,0.5154146434,0.6537219281,0.3470063918,0.4502612946
0,1086,0.5503362283,0.60860728935,0.3685023438,0.4129989673
0,1086,0.6509252119,0.64633048535,0.4361044256,0.4429485301
0,1086,0.5835285481,0.61041267475,0.390670382,0.4145811659
0,1086,0.5848146035999999,0.6131015483,0.3914546884,0.4167980822
0,1086,0.5970929881,0.6102667186,0.3998486648,0.4155888676
0,1086,0.5295320771500001,0.64793436535,0.3553584415,0.4446755031
0,1086,0.5109395376,0.6148790182,0.3418698876,0.416342792
0,1086,0.5105158947499999,0.6115675673,0.3420997305,0.416098617
0,1086,0.71992687845,0.6117334141999999,0.4823419235,0.416464383
0,1086,0.5373910830999999,0.6077527457,0.3599137186,0.4133694822
0,1086,0.5339511565999999,0.6086580448000001,0.3578005216,0.4132017148
0,1086,0.54897569375,0.6091189592999999,0.3679852357,0.4138439772
0,1086,0.4836773671,0.6180451301500001,0.3245063238,0.4217136799
0,1086,0.4964041692,0.60958700695,0.332455433,0.4140653807
0,1086,0.4906656586,0.6075336056,0.3290369626,0.4139054324
0,1086,0.48396100485000004,0.604368934,0.3242999437,0.410814562
0,1086,0.48322192615000004,0.5739751924,0.3230869779,0.3868258852
0,1086,0.5876994494,0.6099434612,0.3931764268,0.412096206
0,1086,0.37680252560000005,0.59766603075,0.2528899396,0.4059529571
0,1086,0.23803259435000002,0.7083417011,0.1629346641,0.4919617068
0,1086,0.37586540995,0.59895178125,0.2522091321,0.4065512405
0,1086,0.39544464044999994,0.6484087614,0.2662432915,0.4450997386
0,1086,0.3992654518,0.66374713025,0.2680037744,0.4484420543
0,1086,0.40147926310000004,0.6475503633,0.2702687942,0.4447886758
0,1086,0.21439170489999998,0.8029412149,0.1491539648,0.5669401426
0,1086,0.20862354254999999,0.77875770415,0.1459885687,0.5469338489
0,1086,0.2216875008,0.7770264172,0.1553226014,0.5468830934
0,1086,0.4005184356,0.6341001797,0.269406681,0.4343674278
0,1086,0.37238566995,0.64243257805,0.2509875221,0.4414578285
0,1086,0.3872017058,0.6314192626,0.26078263,0.4326273386
0,1086,0.39869620845,0.60806585215,0.2675034145,0.4142571541
0,1086,0.39759006015000004,0.64463598455,0.2675988093,0.4414897907
0,1086,0.5075794105,0.61016034,0.340235826,0.415230973
0,1086,0.50442489775,0.6110327243,0.3381655413,0.4157419766
0,1086,0.49904665555000005,0.57986512915,0.3338389673,0.3919901847
0,1086,0.49564512755,0.578088375,0.3315053433,0.3905905686
0,1086,0.49372705085,0.57840390815,0.3302241373,0.3907796441
0,1086,0.517174086,0.5775526978500001,0.3457923454,0.3901750597
0,1086,0.492976544,0.5746167794,0.3296133452,0.3877789904
0,1086,0.49545454265,0.5761805172,0.3314317133,0.3892164674
0,1086,0.55810095365,0.59205216125,0.3732706979,0.4015623903
0,1086,0.49531859065000006,0.57488843515,0.3313248817,0.3883876319
0,1086,0.4869275045,0.5740087179,0.325388249,0.3865342368
0,1086,0.5028992784999999,0.58946040905,0.3362411274,0.3986818121
0,1086,0.49216349695,0.58341817735,0.3290476135,0.3939305523
0,1086,0.4845562966,0.5886570325,0.3242500852,0.3982627366
0,1086,0.4449815508,0.5431459826,0.3008149006,0.3818994504
0,1086,0.47342288205000005,0.54056438145,0.3188011551,0.3754366341
0,1086,0.47035126000000005,0.5435201327,0.3173754804,0.380446884
0,1086,0.5715655996,0.5347605632000001,0.3821672726,0.3619535146
0,1086,0.6428196993499999,0.59542973145,0.4298955781,0.4041158015
0,1086,0.6359777138,0.5928486291,0.4252586832,0.4012914658
0,1086,0.6384141988500001,0.5920824002,0.4272557027,0.4014178058
0,1086,0.57654079685,0.5650853049,0.3851155605,0.3801725302
0,1086,0.61863489245,0.5863435347,0.4137593357,0.3965794386
0,1086,0.6050966636999999,0.5775524920999999,0.4044129542,0.3904857654
0,1086,0.60047683905,0.5787472051,0.4014157339,0.391081662
0,1086,0.6025101309500001,0.59037834805,0.4032275087,0.4002546239
0,1086,0.6040599777,0.5788781699500001,0.4036961034,0.3907779523
0,1086,0.6612282845499999,0.61645374065,0.4429409033,0.4209553659
0,1086,0.3691781732,0.57442492695,0.2471812978,0.3869107977
0,1086,0.3712419748,0.572014797,0.2487063808,0.386738915
0,1086,0.36267449220000003,0.6348358132,0.2439688062,0.4336362004
0,1086,0.3635292689,0.5798517145,0.2433752278,0.3920885406
0,1086,0.373971225,0.577559008,0.2504501928,0.39102199
0,1086,0.37476741715,0.5946384949,0.2517942107,0.4043964654
0,1086,0.380305722,0.5885626547,0.2551600442,0.3999683944
0,1086,0.3749696295,0.59490818465,0.2525394638,0.4039786245
0,1086,0.37535475934999996,0.5934504056000001,0.2532708245,0.403409889
0,1086,0.38198807925,0.59590808445,0.2563522871,0.4039259829
0,1086,0.37433358660000005,0.58826786155,0.2510089782,0.3991146053
0,1086,0.3936541343,0.595725622,0.2638983992,0.4048090936
0,1086,0.3956798088,0.5929623987,0.2652118538,0.4018813266
0,1086,0.5638339845,0.53613946555,0.3768267036,0.3610827155
0,1086,0.6112520252,0.57881616595,0.4085058262,0.3912402385
0,1086,0.49917610020000003,0.57319767355,0.3336981904,0.3869191655
0,1086,0.48963962355,0.59008861085,0.3276470995,0.3996959611
0,1086,0.49206671274999997,0.5670644934,0.3287478451,0.3815997188
0,1086,0.48374312475000003,0.5693286671,0.3233134249,0.3828234742
0,1086,0.49399089520000006,0.5880457035,0.3307877208,0.3983353032
0,1086,0.5084208351999999,0.57537624885,0.3398357232,0.3879404477
0,1086,0.49483053985000003,0.574269917,0.3307387885,0.387601895
0,1086,0.5417911328,0.5775607227499999,0.3618987962,0.3897033083
0,1086,0.5406112774,0.5772435697,0.3611039934,0.3889381354
0,1086,0.52553070725,0.576378532,0.3514524409,0.3891043938
0,1086,0.6231993833,0.5781728747,0.4165603636,0.3909185586
0,1086,0.6041298259,0.70376616495,0.4060734114,0.4792012353
0,1086,0.528096644,0.5793097285,0.3531621392,0.391546143
0,1086,0.53195180065,0.5798205753000001,0.3558856781,0.3918767394
0,1086,0.5986839059,0.57451182845,0.4001430306,0.3881112329
0,1086,0.5224006596999999,0.5757166534,0.3492893854,0.3889759962
0,1086,0.58321041085,0.575467883,0.3895197779,0.3885492388
0,1086,0.8078911776,0.63892832725,0.5407914934,0.4356641613
0,1086,0.62796488175,0.5890971646000001,0.4200327059,0.3993696172
0,1086,0.4977948041,0.5886054539,0.3332136524,0.399213647
0,1086,0.52911187375,0.57377045585,0.3536422007,0.3869999627
0,1086,0.56666191,0.5950962655500001,0.379220837,0.4005253553
0,1086,0.5872067301999999,0.6127213624,0.3935722074,0.417101929
0,1086,0.6041765368500001,0.6118032463499999,0.4041773999,0.4160526353
0,1086,0.6167849275,0.6149301166000001,0.4123407616,0.4157848934
0,1086,0.6139814235000001,0.6145399192000001,0.4104274538,0.4162881674
0,1086,0.6085426333,0.6143211997,0.4071979286,0.4158625584
0,1086,0.61236797535,0.61724669185,0.4094077553,0.4139498777
0,1086,0.6882939539,0.72973924315,0.4624241472,0.5081244403
0,1086,1.41840528185,0.9250286287999999,0.9557645667,0.6544229406
0,1086,0.72854734605,0.6551951095,0.4878047387,0.4497177996
0,1086,0.46760333215,0.75774905565,0.3165385371,0.5308986899
0,1086,0.50744288345,0.60527052935,0.3401202099,0.4122621901
0,1086,0.5628696937,0.617827979,0.3770613318,0.4206683918
0,1086,0.77606332865,0.6269257582000001,0.5190934833,0.4287032556
0,1086,0.57159122345,0.6153791652,0.3828263925,0.4191551932
0,1086,0.5684780783000001,0.615527042,0.380544325,0.419576052
0,1086,0.6068622404999999,0.6392825866,0.405754348,0.4292189036
0,1086,0.6074730455,0.63256475845,0.4067641752,0.4303742077
0,1086,0.61237955245,0.62698604745,0.4100594659,0.4274578263
0,1086,0.67492640085,0.61978659115,0.4514458651,0.4212513937
0,1086,0.6560231671,0.62698289245,0.4392468992,0.4271716753
0,1086,0.6522944318,0.63102727955,0.436709828,0.4271955441
0,1086,0.6167241865499999,0.6508236925499999,0.4137844965,0.4470296807
0,1086,0.66364001495,0.6590944320000001,0.4447836605,0.4526255388
0,1086,0.8976920926,0.7306885074,0.6020833128,0.5068887506
0,1086,0.8794433478,0.6898351627,0.5895215994,0.4754189932
0,1086,1.02396711135,0.791607612,0.6867933371,0.5538884444
0,1086,0.33890396395,0.6638250467,0.2287631423,0.4538191152
0,1086,0.33366955654999997,0.6745959727499999,0.2257734085,0.4648548613
0,1086,0.49683962055,0.58956514365,0.3322597037,0.3999014521
0,1086,0.50489369495,0.6321832694,0.3390114375,0.4325213008
0,1086,0.5653836108,0.5927155488,0.3784058128,0.4005368556
0,1086,0.6451094849000001,0.59551745605,0.4312422202,0.4034676405
0,1086,0.5729549995500001,0.61769779815,0.3836102357,0.4207485031
0,1086,0.6188493465,0.5801941766500001,0.4136475786,0.3918129521
0,1086,0.6412596536999999,0.60028846935,0.428752229,0.4072726539
0,1086,0.5817699175,0.569606519,0.3886797474,0.3844044382
0,1086,0.6223480072,0.57991234665,0.415827305,0.3917156937
0,1086,0.6194758191499999,0.57960424735,0.4139437967,0.3921329859
0,1086,0.58004501465,0.5689111005499999,0.3877299665,0.3839090923
0,1086,0.60148778945,0.5844370588000001,0.4022804621,0.395271731
0,1086,0.58238064525,0.57522857785,0.3892633849,0.3888267477
0,1086,0.5792093062,0.5753346157,0.3872909648,0.3883735152
0,1086,0.565804861,0.5901948543,0.3782375598,0.3990162494
0,1086,0.54015599065,0.59173137305,0.3612162135,0.4002818437
0,1086,0.5494295912,0.59207061155,0.3674463628,0.4012711637
0,1086,0.5525288438,0.59812868735,0.369532701,0.4059284573
0,1086,0.6037050255,0.57955520655,0.4035638164,0.3916859263
0,1086,0.6046121257,0.5785932534,0.4043030494,0.3915222742
0,1086,0.6406768652,0.5840739515,0.4281278402,0.394879405
0,1086,0.62476691545,0.5941227783,0.4180128971,0.4026635094
0,1086,0.638012292,0.6041388198,0.4268546738,0.4108863056
0,1086,0.63581473695,0.6052485811,0.4253448725,0.4117469536
0,1086,0.5065027501,0.6201578605,0.3398443674,0.4231673438
0,1086,0.49633285465,0.6276926457500001,0.3329342597,0.4289022993
0,1086,0.5974125917499999,0.58184119135,0.3994962595,0.3936592163
0,1086,0.5018903002,0.5897981387,0.335894279,0.4004546866
0,1086,0.5043433992999999,0.60299627315,0.337975369,0.4085970971
0,1086,0.50011360945,0.61336870025,0.3350909863,0.4180086685
0,1086,0.49380033695,0.6137693941,0.3312685541,0.4178116824
0,1086,0.59757930125,0.57992002855,0.3996586469,0.3919236539
0,1086,0.64444882145,0.597051094,0.4310316723,0.4053752228
0,1086,0.9545505204,0.7055594787999999,0.639503107,0.487077934
0,1086,0.5244541190500001,0.6713479661999999,0.3530956097,0.4630151816
0,1086,0.55429851115,0.7523321448,0.3742075125,0.5246309392
0,1086,0.9133750548999999,0.91719260295,0.6161555992,0.6503258775
0,1086,1.31842281725,0.8632916754500001,0.8884448105,0.6107497871
0,1086,0.4791629363,0.7202206738,0.3234086654,0.4981835032
0,1086,0.7008578283,0.7262818360000001,0.4728475028,0.4998647436
0,1086,0.1646546659,1.0088615605,0.1243435814,0.7199877474
0,1086,1.0501378748999999,0.76125577795,0.7058426732,0.5200349637
0,1086,1.00878666985,0.7629582121,0.6800758713,0.5258862452
0,1086,0.593598881,0.61769478025,0.397455149,0.4202398511
0,1086,0.59656005805,0.61781330115,0.3992461953,0.4202398511
0,1086,1.00475037105,0.95515988245,0.6767869095,0.6768479377
0,1086,0.991596376,0.94551805965,0.669457867,0.6700007517
0,1086,1.09586165335,0.7777084348000001,0.7352230573,0.54627101
0,1086,1.0775601944,0.7449679389999999,0.7212957154,0.5157081292
0,1086,1.2753445483999999,0.8590217694,0.856098387,0.6066421614
0,1086,1.0960302152,0.7258141312999999,0.7344605158,0.5024797472
0,1086,1.1245481865,0.72533236595,0.7531505004,0.5022641051
0,1086,0.93191137355,0.6897722671,0.6243442761,0.4751642556
0,1086,0.92518194485,0.6882072842,0.6202325721,0.4745534068
0,1086,0.7502472857,0.6531952756999999,0.5027605854,0.4482202392
0,1086,0.75612996915,0.69742440725,0.5088831453,0.4792268873
0,1086,0.9000675482,0.6918217589,0.6034614444,0.476191848
0,1086,0.9455806244,0.6761531366,0.633035088,0.4648541754
0,1086,0.9657452160000001,0.6870320895500001,0.6471930446,0.4744480549
0,1086,1.2450782115,0.9585225689,0.8368226038,0.6743498088
0,1086,0.9592738011499999,0.91186156485,0.6472578761,0.6480398241
0,1086,1.000874916,0.71396883555,0.6718922884,0.4925219373
0,1086,0.97957284095,0.6978421109999999,0.6570440311,0.483249189
0,1086,0.9480864376,0.691217083,0.6353608396,0.4766719672
0,1086,1.03937770435,0.69877457115,0.6953347279,0.4830998033
0,1086,0.7108960542,0.70670127095,0.4776459572,0.4882594389
0,1086,0.04313387725,0.97929897375,0.0416183261,0.7001119089
0,1086,0.81360213485,0.68667947625,0.5460467009,0.4735148403
0,1086,0.9291381305499999,0.6810950038,0.6226898389,0.4702670396
0,1086,0.93236812665,0.68322645875,0.6244476977,0.4702898109
0,1086,1.0265813628,0.7148724885,0.6874614098,0.4931989054
0,1086,1.03187384845,0.7168703332499999,0.6914230753,0.4952529927
0,1086,0.8363641528,0.6574451539,0.5609814002,0.4523308828
0,1086,0.8030180898,0.76421118605,0.5402591036,0.5321634611
0,1086,0.9150173748499999,0.6697113083999999,0.6133232361,0.462716959
0,1086,0.9380813221,0.69470123965,0.6289429878,0.4790165951
0,1086,1.0207429037,0.7167767786,0.6843447144,0.4995710478
0,1086,1.01235077955,0.7209691797,0.6784379507,0.4994736522
0,1086,0.370106498,0.99162932715,0.2609041118,0.7071152023
0,1086,0.36571563284999997,0.98099475495,0.2567161537,0.7017906801
0,1086,0.3672427611,0.9777446907,0.2584750158,0.6959270526
0,1086,1.08153405445,0.75492821805,0.7248833651,0.5252534481
0,1086,0.9614452693,0.69772811695,0.6435651068,0.4806310303
0,1086,0.9566451169500001,0.92098321285,0.6463602691,0.6540469387
0,1086,1.0493215388000001,0.72858146995,0.7023700222,0.5041015899
0,1086,1.32962854975,0.88365593225,0.8955103595,0.6242492307
0,1086,1.4699696033,0.8600666459999999,0.9896275834,0.6088279384
0,1086,1.4079691914999999,0.9102741535500001,0.9474011536,0.6413318727
0,1086,1.4284330884,0.90909093405,0.962181801,0.6440634767
0,1086,1.30421986445,0.8564281654000001,0.8766122967,0.60346679
0,1086,1.34925704685,0.84555970655,0.9052468103,0.5965227571
0,1086,1.41151524095,0.85357783475,0.9489510887,0.6017297187
0,1086,1.3713252909,0.84622110505,0.9218953756,0.5943922623
0,1086,1.49816249115,0.86355176285,1.0033116529,0.5946946003
0,1086,0.6659684678,0.59989737795,0.4449878796,0.4054043043
0,1086,1.13847622285,0.73330982125,0.7623792591,0.5091195217
0,1086,1.1248742733,0.72481239685,0.7537227152,0.5051430371
0,1086,1.05900833265,0.7505113382499999,0.7095164361,0.5193384325
0,1086,1.1916811663,0.74873776655,0.7989777004,0.5134382627
0,1086,1.1999548186,0.75270032765,0.8070036812,0.5182645583
0,1086,1.2344961731500002,0.74159880525,0.8270481803,0.5104821001
0,1086,1.2440294081499998,0.7408481731000001,0.8329146559,0.5087945496
0,1086,1.25523892245,0.7411738997,0.8414004769,0.508142822
0,1086,1.2953620343,0.73718033665,0.8680915902,0.5096425773
0,1086,1.35948150885,0.7235377489,0.9100673383,0.5025130812
0,1086,1.36378840185,0.7205732185,0.9129744119,0.5021992204
0,1086,1.3345392243,0.7325761990499999,0.893824124,0.5075482973
0,1086,1.03611969185,0.7057770414,0.6941030845,0.4879042878
0,1086,0.2587432174,1.0154854911,0.182677774,0.731650392
0,1086,0.4798252977,0.6842590581,0.323575838,0.472374763
0,1086,0.28439031255,0.72183442305,0.1946175685,0.5012488587
0,1086,0.72862421765,0.7019476791,0.4897367163,0.4841789742
0,1086,0.6847248275,0.62924205915,0.4586237886,0.4313454203
0,1086,0.7363268129,0.7102814514,0.4938513532,0.4843490736
0,1086,0.5253775815,0.66871492385,0.3536647374,0.4593140111
0,1086,1.0362152410499998,0.72759496205,0.6945498041,0.5028783833
0,1086,1.0525991551,0.7701583543,0.7063326138,0.5369358462
0,1086,1.2204226516999999,0.756281194,0.8192838408,0.5269431934
0,1086,1.2074719496,0.76543939965,0.8120764344,0.5331918765
0,1086,1.2163842691,0.7567689952,0.8171363758,0.5247963746
0,1086,1.34022069865,0.7119744889,0.8977972121,0.4959056804
0,1086,1.1576363128,0.71682760265,0.7749258452,0.4933493885
0,1086,1.0591867263,0.7506395874,0.7097716142,0.522203868
0,1086,1.1296228692499999,0.7429478717,0.7577549235,0.512673227
0,1086,1.1405782288,0.73327600715,0.7645886228,0.5108516547
0,1086,0.5326515172499999,0.6595146735,0.3574292843,0.4526029046
0,1086,1.2101336988,1.352323489,0.8306796684,0.974317051
0,1086,1.30105145825,1.4208404117,0.8814070465,0.9971330024
0,1086,1.3080975999,1.4158938044,0.894196526,1.0259671522
0,1086,0.6840442515,0.71323939735,0.4596015088,0.4942765673
0,1086,0.5351438239999999,0.73588181985,0.3607054342,0.5117051695
0,1086,0.54565431615,0.7324840160999999,0.3676459511,0.5104847064
0,1086,0.8868684026,0.93450590795,0.6002092204,0.6668947919
0,1086,0.4290115548,0.7105662306,0.2895351522,0.4886435342
0,1086,0.9793910041,0.6736198219,0.6553914462,0.4605678082
0,1086,0.9152983882999999,0.6568827286000001,0.6131282786,0.449907241
0,1086,0.996531208,0.68238906225,0.6669644798,0.4691475387
0,1086,1.24520802875,0.74745818025,0.8370529099,0.5168010177
0,1086,0.61391544065,0.6118876971,0.4111054135,0.4160976568
