51,2203,0.3780760986,0.3877504576,0.0012711596999999686,0.009298949100000009,-1,-1,-1,-1
52,2203,0.3765471566,0.3874885869,0.0015474651999999867,0.009528034600000013,-1,-1,-1,-1
53,2203,0.3752576279,0.3874558016,0.0012895286999999866,0.009560819900000017,-1,-1,-1,-1
54,2203,0.3731390283,0.3876194537,0.0022474906999999655,0.009331597199999986,-1,-1,-1,-1
55,2203,0.3718494996,0.3875866684,0.0018606629999999846,0.009135296999999987,-1,-1,-1,-1
56,2203,0.3702100354,0.3874884497,0.0018606629999999846,0.009135297099999995,-1,-1,-1,-1
57,2203,0.3685520479,0.387390231,0.0016947252999999773,0.009069726500000042,-1,-1,-1,-1
58,2203,0.3668756915,0.3875210978,0.0016947253000000329,0.009069726499999986,-1,-1,-1,-1
59,2203,0.3650150286,0.3874884497,0.0016947252999999773,0.009069726499999986,-1,-1,-1,-1
60,2203,0.3630438434,0.3871937937,0.0016947252999999773,0.009069726499999986,-1,-1,-1,-1
61,2203,0.361605511,0.3873643046,0.0016947253999999856,0.009069726499999986,-1,-1,-1,-1
62,2203,0.360032885,0.3875006584,0.0016947252999999773,0.009069726500000042,-1,-1,-1,-1
63,2203,0.3582494023,0.3872961277,0.0022235647999999664,0.009143664800000006,-1,-1,-1,-1
64,2203,0.3566002134,0.3872279507,0.0019358366000000182,0.009007311000000018,-1,-1,-1,-1
65,2203,0.3547784493,0.3871257539,0.0019358365999999627,0.009007311000000018,-1,-1,-1,-1
66,2203,0.3529373901,0.3868870661,0.0019358365999999627,0.009007310999999962,-1,-1,-1,-1
67,2203,0.3513840591,0.3870574398,0.0019358366000000182,0.009007310999999962,-1,-1,-1,-1
68,2203,0.3497540109,0.386955243,0.0019358365999999627,0.009007311000000018,-1,-1,-1,-1
69,2203,0.3479513875,0.386955243,0.0019358366000000182,0.009007311000000018,-1,-1,-1,-1
70,2203,0.3462254814,0.3869892629,0.0019358366000000182,0.009007310999999962,-1,-1,-1,-1
71,2203,0.3449980057,0.386852909,0.0019358366000000182,0.009007310999999962,-1,-1,-1,-1
72,2203,0.3436363906,0.3865461814,0.0019358366000000182,0.009007310999999962,-1,-1,-1,-1
73,2203,0.3423514927,0.3865802013,0.0019358366000000182,0.009007311000000018,-1,-1,-1,-1
74,2203,0.3407405852,0.3864778673,0.0019358366000000182,0.009007311000000018,-1,-1,-1,-1
75,2203,0.3396282626,0.3865802013,0.0019358366000000182,0.009007311000000018,-1,-1,-1,-1
76,2203,0.3387652323,0.386852909,0.001379675299999994,0.009075625099999984,-1,-1,-1,-1
77,2203,0.3371926062,0.3871686903,0.002396139999999991,0.007464619299999975,-1,-1,-1,-1
78,2203,0.3372501828,0.3869642967,0.0021084117999999874,0.007703032800000009,-1,-1,-1,-1
79,2203,0.3374610394,0.3865895293,0.0013031124000000283,0.008555038699999962,-1,-1,-1,-1
80,2203,0.3370391718,0.3864871954,0.0013605345000000102,0.008589195699999996,-1,-1,-1,-1
81,2203,0.3362528588,0.3865213524,0.001724979999999987,0.008282330999999976,-1,-1,-1,-1
82,2203,0.3362528588,0.3863509787,0.0016099813000000074,0.00889578609999997,-1,-1,-1,-1
83,2203,0.3361048269,0.386409416,0.0015428345000000343,0.009056008800000015,-1,-1,-1,-1
84,2203,0.3355952825,0.3865262908,0.0016579875000000133,0.008997434199999987,-1,-1,-1,-1
85,2203,0.3360719481,0.3866723842,0.0014607145999999682,0.009085090299999987,-1,-1,-1,-1
86,2203,0.3362857376,0.3867308216,0.0019373801999999496,0.009318839700000026,-1,-1,-1,-1
87,2203,0.3361214979,0.3867600403,0.0016741953000000143,0.008968215499999987,-1,-1,-1,-1
88,2203,0.3361872555,0.3867892589,0.0016741953000000143,0.008968215599999996,-1,-1,-1,-1
89,2203,0.3361216522,0.3870522271,0.0016082833999999657,0.008792903399999996,-1,-1,-1,-1
90,2203,0.3361216522,0.3870522271,0.0016082833999999657,0.008792903399999996,-1,-1,-1,-1
91,2203,0.3362201343,0.3871106645,0.0016082834000000212,0.008792903399999996,-1,-1,-1,-1
92,2203,0.3362858919,0.3871398831,0.0016082833999999657,0.008792903499999949,-1,-1,-1,-1
93,2203,0.3364996814,0.3871106645,0.0016082834000000212,0.008792903399999996,-1,-1,-1,-1
94,2203,0.336429293,0.3871106645,0.0016210951999999779,0.009234750300000039,-1,-1,-1,-1
95,2203,0.3362039264,0.387160734,0.001452070400000005,0.009359992900000003,-1,-1,-1,-1
96,2203,0.3364011993,0.387235907,0.001452070400000005,0.009359992799999994,-1,-1,-1,-1
97,2203,0.3364011993,0.387235907,0.001649188899999987,0.00946013200000001,-1,-1,-1,-1
98,2203,0.3364011993,0.387235907,0.001649188899999987,0.00946013200000001,-1,-1,-1,-1
99,2203,0.3363308109,0.3873360461,0.0015788004999999772,0.009334889499999999,-1,-1,-1,-1
100,2203,0.3362604224,0.3873610123,0.0015788005000000327,0.009334889499999999,-1,-1,-1,-1
101,2203,0.3367253566,0.3875112211,0.0016632357999999958,0.009535442099999958,-1,-1,-1,-1
102,2203,0.3367395578,0.387586394,0.0016632357999999958,0.009535442200000022,-1,-1,-1,-1
103,2203,0.3369368307,0.3876865332,0.0016632356999999875,0.009535442099999958,-1,-1,-1,-1
104,2203,0.3367678058,0.3877617061,0.0017476710000000062,0.009184680800000011,-1,-1,-1,-1
105,2203,0.336753759,0.3877617061,0.0017476710000000062,0.009535304999999994,-1,-1,-1,-1
106,2203,0.3368101006,0.3879370182,0.0016488801999999803,0.009610477900000025,-1,-1,-1,-1
107,2203,0.3367256654,0.3881372965,0.0016488802000000358,0.00961047789999997,-1,-1,-1,-1
108,2203,0.336965233,0.3882374357,0.001648880300000044,0.00961047789999997,-1,-1,-1,-1
109,2203,0.3368525498,0.3882374357,0.0016488801999999803,0.00961047789999997,-1,-1,-1,-1
110,2203,0.3369090458,0.3883126086,0.0016488802000000358,0.009610477900000025,-1,-1,-1,-1
111,2203,0.3369511862,0.3884127478,0.0016488802000000358,0.00961047789999997,-1,-1,-1,-1
112,2203,0.3367962082,0.3884127478,0.0016488801999999803,0.00961047789999997,-1,-1,-1,-1
113,2203,0.3367962082,0.3884127478,0.0016488801999999803,0.00961047789999997,-1,-1,-1,-1
114,2203,0.3367539134,0.3884127478,0.0016488801999999803,0.00961047789999997,-1,-1,-1,-1
115,2203,0.336810255,0.3884629545,0.0016488801999999803,0.009610477999999978,-1,-1,-1,-1
116,2203,0.3369511862,0.3887134396,0.0016488802000000358,0.009610477900000025,-1,-1,-1,-1
117,2203,0.3370568461,0.3887760608,0.0016488801000000275,0.009610478000000033,-1,-1,-1,-1
118,2203,0.3371625059,0.3888386821,0.0016488801999999803,0.009610477900000025,-1,-1,-1,-1
119,2203,0.3372190019,0.3890390976,0.0016488802000000358,0.009610477900000025,-1,-1,-1,-1
120,2203,0.3373176384,0.3890891672,0.0016488801999999803,0.009610477900000025,-1,-1,-1,-1
121,2203,0.3375149112,0.3891392368,0.0019304340000000364,0.009935724400000012,-1,-1,-1,-1
122,2203,0.3369936354,0.3892395131,0.0018035496000000095,0.009860551400000028,-1,-1,-1,-1
123,2203,0.3370357759,0.3892644793,0.0016064310000000193,0.009660273100000005,-1,-1,-1,-1
124,2203,0.3364439572,0.3893396523,0.0018179051000000168,0.009685239299999981,-1,-1,-1,-1
125,2203,0.3362607312,0.3893647556,0.0017615633999999991,0.010311314800000027,-1,-1,-1,-1
126,2203,0.3358099981,0.3896902765,0.0017473622999999994,0.010311314800000027,-1,-1,-1,-1
127,2203,0.3353873587,0.3894397914,0.0016908662999999824,0.010236279000000015,-1,-1,-1,-1
128,2203,0.3353733119,0.3892393759,0.001409003799999975,0.010186209499999987,-1,-1,-1,-1
129,2203,0.3356409732,0.3896650359,0.0015218414000000013,0.010286485799999967,-1,-1,-1,-1
130,2203,0.3361059074,0.3896900021,0.0017050674999999904,0.009885929200000032,-1,-1,-1,-1
131,2203,0.336359522,0.3894897238,0.0017050673999999821,0.009885929199999977,-1,-1,-1,-1
132,2203,0.3363877699,0.3894646204,0.0017050674999999904,0.009885929199999977,-1,-1,-1,-1
133,2203,0.3367259741,0.3892893083,0.0017050674999999904,0.009885929199999977,-1,-1,-1,-1
134,2203,0.336923247,0.3891640658,0.0017050674000000376,0.009885929199999977,-1,-1,-1,-1
135,2203,0.3366697868,0.3892643421,0.0015215326999999945,0.010061104099999996,-1,-1,-1,-1
136,2203,0.3363738775,0.3893644813,0.00152153270000005,0.010061104099999996,-1,-1,-1,-1
137,2203,0.3363879243,0.3894646204,0.0017611004000000485,0.009760686699999965,-1,-1,-1,-1
138,2203,0.3365571036,0.38951469,0.0016905574999999673,0.009735583300000017,-1,-1,-1,-1
139,2203,0.3367684232,0.3895397934,0.0016905575999999756,0.009735583200000009,-1,-1,-1,-1
140,2203,0.336599244,0.38951469,0.0016905575999999756,0.009735583300000017,-1,-1,-1,-1
141,2203,0.3366555856,0.38951469,0.0014653455000000482,0.00951020159999999,-1,-1,-1,-1
142,2203,0.336616131,0.38951469,0.001493531800000003,0.009530256899999978,-1,-1,-1,-1
143,2203,0.3365766765,0.38951469,0.001521717899999997,0.009550312100000014,-1,-1,-1,-1
144,2203,0.3365372219,0.38951469,0.0015499042000000074,0.009570367400000002,-1,-1,-1,-1
145,2203,0.3364977674,0.38951469,0.0015780903000000013,0.009590422599999981,-1,-1,-1,-1
146,2203,0.3364583128,0.38951469,0.0016062766000000117,0.009610477900000025,-1,-1,-1,-1
147,2203,0.3363033347,0.3894646204,0.0016062766999999645,0.00961047789999997,-1,-1,-1,-1
148,2203,0.3364161723,0.3893644813,0.00160627670000002,0.00961047789999997,-1,-1,-1,-1
149,2203,0.3365148087,0.3894145508,0.0014228962999999761,0.009660410400000041,-1,-1,-1,-1
150,2203,0.3365711504,0.3893894475,0.0014228961999999679,0.009660410300000033,-1,-1,-1,-1
151,2203,0.3365711504,0.3893894475,0.0014228961999999679,0.009660410300000033,-1,-1,-1,-1
152,2203,0.3365430567,0.3893894475,0.0017328523999999845,0.00956040829999999,-1,-1,-1,-1
153,2203,0.3365430567,0.389439517,0.0017328523999999845,0.009560408399999998,-1,-1,-1,-1
154,2203,0.3365713047,0.389439517,0.0016763563999999676,0.009510338799999962,-1,-1,-1,-1
155,2203,0.3366276464,0.3894895866,0.0016482627000000138,0.00928495709999999,-1,-1,-1,-1
156,2203,0.336740484,0.3893643441,0.001408540700000016,0.00923488750000001,-1,-1,-1,-1
157,2203,0.336740484,0.3892391016,0.0015917668000000051,0.009785789999999961,-1,-1,-1,-1
158,2203,0.3366418475,0.3892891711,0.0015917668000000051,0.009785790100000025,-1,-1,-1,-1
159,2203,0.3366348241,0.3892891711,0.0015917668000000051,0.009785790100000025,-1,-1,-1,-1
160,2203,0.3366278007,0.3892891711,0.0015917668000000051,0.009785790100000025,-1,-1,-1,-1
161,2203,0.3366559715,0.3893517238,0.0015917668000000051,0.009785790000000016,-1,-1,-1,-1
162,2203,0.3366841423,0.3894142765,0.0015917668000000051,0.009785790000000016,-1,-1,-1,-1
163,2203,0.3366841423,0.3894142765,0.0015917668000000051,0.009785790000000016,-1,-1,-1,-1
164,2203,0.3367827788,0.3894643461,0.0013521991000000066,0.010186620899999999,-1,-1,-1,-1
165,2203,0.3367827788,0.3894893123,0.0014508354999999695,0.010236827700000006,-1,-1,-1,-1
166,2203,0.3367123903,0.3895393818,0.0014508355999999778,0.010236827800000015,-1,-1,-1,-1
167,2203,0.3367123903,0.3895393818,0.0014508355999999778,0.010236827800000015,-1,-1,-1,-1
168,2203,0.3367264372,0.3895393818,0.0013802927000000076,0.010236827800000015,-1,-1,-1,-1
169,2203,0.3367154776,0.3895310293,0.0013943909999999948,0.010236827700000006,-1,-1,-1,-1
170,2203,0.336704518,0.3895226767,0.0014084891999999738,0.010236827799999959,-1,-1,-1,-1
171,2203,0.3366935584,0.3895143242,0.0014225875000000165,0.010236827700000006,-1,-1,-1,-1
172,2203,0.3366825988,0.3895059716,0.0014366858000000038,0.010236827800000015,-1,-1,-1,-1
173,2203,0.3366716391,0.3894976191,0.0014507841000000465,0.01023682769999995,-1,-1,-1,-1
174,2203,0.3366606795,0.3894892665,0.0014648823999999783,0.010236827800000015,-1,-1,-1,-1
175,2203,0.3366497199,0.389480914,0.001478980700000021,0.010236827700000006,-1,-1,-1,-1
176,2203,0.3366387603,0.3894725614,0.0014930789,0.010236827800000015,-1,-1,-1,-1
177,2203,0.3366278007,0.3894642089,0.0015071772000000427,0.010236827700000006,-1,-1,-1,-1
178,2203,0.3366560487,0.3894391055,0.0015071771999999872,0.010236827700000006,-1,-1,-1,-1
179,2203,0.3366560487,0.3894391055,0.0015071771999999872,0.010236827700000006,-1,-1,-1,-1
180,2203,0.3366135223,0.3894391055,0.001549703599999952,0.010549934099999991,-1,-1,-1,-1
181,2203,0.336570996,0.3894391055,0.001592229899999964,0.010863040400000024,-1,-1,-1,-1
182,2203,0.3362045439,0.3894891751,0.0016204778000000197,0.010487312800000037,-1,-1,-1,-1
183,2203,0.3357536565,0.3896144176,0.0016204778000000197,0.010487312800000037,-1,-1,-1,-1
184,2203,0.3348236337,0.3896895906,0.0016204778999999725,0.010487312799999982,-1,-1,-1,-1
185,2203,0.3340487434,0.3894642089,0.0016204777999999642,0.010487312799999982,-1,-1,-1,-1
186,2203,0.3335134207,0.3894391055,0.0016204778999999725,0.010487312799999982,-1,-1,-1,-1
187,2203,0.3327385304,0.3895392447,0.0018037039000000088,0.01041227699999997,-1,-1,-1,-1
188,2203,0.3318509568,0.3897646264,0.0018037039000000088,0.010412277000000025,-1,-1,-1,-1
189,2203,0.3311464549,0.3896644872,0.0018037039000000088,0.01041227699999997,-1,-1,-1,-1
190,2203,0.3307097687,0.3896144176,0.0015499350000000023,0.010287034500000014,-1,-1,-1,-1
191,2203,0.3293430597,0.3896644872,0.0017189598999999833,0.010287034499999959,-1,-1,-1,-1
192,2203,0.3288217839,0.3897646264,0.0017330066999999838,0.009936410200000023,-1,-1,-1,-1
193,2203,0.3278777143,0.3897145568,0.0017330066999999838,0.009936410200000023,-1,-1,-1,-1
194,2203,0.3273985789,0.3899399385,0.0017330066999999838,0.009936410199999968,-1,-1,-1,-1
195,2203,0.3268067603,0.3901902863,0.0017330066999999838,0.009936410299999976,-1,-1,-1,-1
196,2203,0.3262431896,0.3900399404,0.001733006799999992,0.009936410299999976,-1,-1,-1,-1
197,2203,0.3261305064,0.3899647675,0.0017330066999999838,0.009936410200000023,-1,-1,-1,-1
198,2203,0.3262573908,0.3900650438,0.0017330066999999838,0.009936410299999976,-1,-1,-1,-1
199,2203,0.3255388421,0.3898897317,0.0017330066999999838,0.009936410299999976,-1,-1,-1,-1
200,2203,0.3254825004,0.3898646283,0.001733006799999992,0.009936410299999976,-1,-1,-1,-1
201,2203,0.3253275224,0.389764352,0.0017330066999999838,0.009936410300000031,-1,-1,-1,-1
202,2203,0.3255388421,0.3898895945,0.0017330066999999838,0.009936410300000031,-1,-1,-1,-1
203,2203,0.3255388421,0.3898895945,0.0017330066999999838,0.009936410300000031,-1,-1,-1,-1
204,2203,0.3255388421,0.3898895945,0.0017330066999999838,0.009936410300000031,-1,-1,-1,-1
205,2203,0.3244257476,0.3897142824,0.0017330067000000393,0.009936410299999976,-1,-1,-1,-1
206,2203,0.3256234317,0.3891883461,0.0017330066999999838,0.009936410299999976,-1,-1,-1,-1
207,2203,0.3255710814,0.3891311041,0.0017330066999999838,0.009936410299999976,-1,-1,-1,-1
208,2203,0.3255187311,0.3890738622,0.0017330066999999838,0.009936410299999976,-1,-1,-1,-1
209,2203,0.3254663808,0.3890166202,0.0017330066999999838,0.009936410300000031,-1,-1,-1,-1
210,2203,0.3254140305,0.3889593782,0.0017330066999999838,0.009936410300000031,-1,-1,-1,-1
211,2203,0.3253616802,0.3889021362,0.0017330066999999838,0.009936410299999976,-1,-1,-1,-1
212,2203,0.3253093299,0.3888448943,0.0017330066999999838,0.009936410299999976,-1,-1,-1,-1
213,2203,0.3252569796,0.3887876523,0.0017330066999999838,0.009936410299999976,-1,-1,-1,-1
214,2203,0.3253415178,0.3888043879,0.0017330067000000393,0.009936410300000031,-1,-1,-1,-1
215,2203,0.3254260559,0.3888211235,0.0017330066999999838,0.009936410200000023,-1,-1,-1,-1
216,2203,0.3255105941,0.3888378591,0.0017330066999999838,0.009936410199999968,-1,-1,-1,-1
217,2203,0.3256655721,0.3886124774,0.001733006799999992,0.009936410300000031,-1,-1,-1,-1
218,2203,0.3257642086,0.3881866802,0.0017330066999999838,0.009936410299999976,-1,-1,-1,-1
219,2203,0.3259191867,0.3880865411,0.001690866300000038,0.009235573399999975,-1,-1,-1,-1
220,2203,0.3261022584,0.387485569,0.0016908662999999824,0.00923557340000003,-1,-1,-1,-1
221,2203,0.3262430352,0.3866091456,0.001690866300000038,0.00923557340000003,-1,-1,-1,-1
222,2203,0.3266233798,0.3864839031,0.0016908662999999824,0.009235573399999975,-1,-1,-1,-1
223,2203,0.3272432921,0.383679321,0.0016908662999999824,0.009235573299999966,-1,-1,-1,-1
224,2203,0.3274827054,0.3836292514,0.0016908662999999824,0.00923557340000003,-1,-1,-1,-1
225,2203,0.327412317,0.3842051201,0.0016908662999999824,0.009235573399999975,-1,-1,-1,-1
226,2203,0.327412317,0.3842051201,0.0016908662999999824,0.009235573399999975,-1,-1,-1,-1
227,2203,0.3270177712,0.3836791838,0.001690866300000038,0.00923557340000003,-1,-1,-1,-1
228,2203,0.3268769943,0.3832535238,0.0016908662999999824,0.00923557340000003,-1,-1,-1,-1
229,2203,0.3264966498,0.3829529692,0.001690866300000038,0.009235573300000022,-1,-1,-1,-1
230,2203,0.3267079695,0.3829529692,0.001690866300000038,0.009235573300000022,-1,-1,-1,-1
231,2203,0.3266375038,0.3829279344,0.0016908663999999907,0.009235573399999975,-1,-1,-1,-1
232,2203,0.3265670382,0.3829028996,0.0016908662999999824,0.009235573399999975,-1,-1,-1,-1
233,2203,0.3265670382,0.3826775179,0.0016908662999999824,0.00923557340000003,-1,-1,-1,-1
234,2203,0.3265670382,0.3826775179,0.0016908662999999824,0.00923557340000003,-1,-1,-1,-1
