87,1697,0.2625779984,0.395867216,0.001849934899999961,0.010581278999999999,-1,-1,-1,-1
88,1697,0.2628056803,0.3960666713,0.0020816302999999703,0.010381823700000015,-1,-1,-1,-1
89,1697,0.262831227,0.3962935619,0.002081630300000026,0.010381823700000015,-1,-1,-1,-1
90,1697,0.2627546642,0.3963388303,0.0024899911999999857,0.010744793799999985,-1,-1,-1,-1
91,1697,0.2623463031,0.3963842358,0.002489991299999994,0.010744793899999994,-1,-1,-1,-1
92,1697,0.2625249755,0.3957945123,0.002628684300000017,0.011470596899999963,-1,-1,-1,-1
93,1697,0.262422866,0.3961573452,0.0029604824000000196,0.01187897269999999,-1,-1,-1,-1
94,1697,0.2628566965,0.3962027508,0.003037122499999989,0.012287211099999973,-1,-1,-1,-1
95,1697,0.2627802108,0.3959759973,0.0027818871999999994,0.01265004409999998,-1,-1,-1,-1
96,1697,0.262703648,0.3959759973,0.0027818871999999994,0.01265004409999998,-1,-1,-1,-1
97,1697,0.2626270851,0.3959759973,0.0027818871999999994,0.01265004409999998,-1,-1,-1,-1
98,1697,0.2628567737,0.3958399178,0.002322432799999996,0.012831391999999997,-1,-1,-1,-1
99,1697,0.2618869259,0.3958853234,0.0026797775999999884,0.012882284600000016,-1,-1,-1,-1
100,1697,0.2610702038,0.3959307289,0.0026797776999999967,0.012882284700000024,-1,-1,-1,-1
101,1697,0.2602024656,0.3957492439,0.0026797775999999884,0.012882284600000016,-1,-1,-1,-1
102,1697,0.259641056,0.3960214029,0.002679777600000044,0.012882284600000016,-1,-1,-1,-1
103,1697,0.2598451207,0.3962935619,0.0026797776999999967,0.012882284600000016,-1,-1,-1,-1
104,1697,0.2599216836,0.3961120768,0.0031647786999999816,0.013109175299999998,-1,-1,-1,-1
105,1697,0.2597175417,0.3961120768,0.003266811099999989,0.013063769700000005,-1,-1,-1,-1
106,1697,0.2597430883,0.3959305918,0.0031136854000000103,0.013290660299999979,-1,-1,-1,-1
107,1697,0.2603301218,0.3960212657,0.0026797776999999967,0.013381471499999964,-1,-1,-1,-1
108,1697,0.2610957505,0.3960212657,0.002858372900000017,0.013426877000000004,-1,-1,-1,-1
109,1697,0.2610957505,0.3960212657,0.002858372900000017,0.013426877000000004,-1,-1,-1,-1
110,1697,0.2610957505,0.3960212657,0.002858372900000017,0.013426877000000004,-1,-1,-1,-1
111,1697,0.2610957505,0.3960212657,0.002858372900000017,0.013426877000000004,-1,-1,-1,-1
112,1697,0.2610702038,0.3959759973,0.0028583728999999614,0.013426877100000012,-1,-1,-1,-1
113,1697,0.2610702038,0.3959759973,0.0028583728999999614,0.013426877100000012,-1,-1,-1,-1
114,1697,0.2611467667,0.3959759973,0.002858372900000017,0.013426877100000012,-1,-1,-1,-1
115,1697,0.260993641,0.3959759973,0.0027563405000000096,0.013517413799999989,-1,-1,-1,-1
116,1697,0.2604066847,0.3959759973,0.0027563405000000096,0.013517413799999989,-1,-1,-1,-1
117,1697,0.2604066847,0.3959759973,0.0027563405000000096,0.013517413799999989,-1,-1,-1,-1
118,1697,0.2604066847,0.3959759973,0.0027563405000000096,0.013517413799999989,-1,-1,-1,-1
119,1697,0.2601514494,0.3961574824,0.0027563405000000096,0.013517413800000044,-1,-1,-1,-1
120,1697,0.2604577009,0.3961574824,0.0027563405000000096,0.013517413800000044,-1,-1,-1,-1
121,1697,0.2604577009,0.3961574824,0.0026287614000000126,0.013562682200000009,-1,-1,-1,-1
122,1697,0.2604577009,0.3961574824,0.0026287614000000126,0.013562682200000009,-1,-1,-1,-1
123,1697,0.2604577009,0.3961574824,0.0026287614000000126,0.013562682200000009,-1,-1,-1,-1
124,1697,0.2604577009,0.3961574824,0.0026287614000000126,0.013562682200000009,-1,-1,-1,-1
125,1697,0.2604577009,0.3961574824,0.0026287614000000126,0.013562682200000009,-1,-1,-1,-1
126,1697,0.2604577009,0.3961574824,0.0026287614000000126,0.013562682200000009,-1,-1,-1,-1
127,1697,0.259768635,0.3961120768,0.0026287614999999653,0.013562682200000009,-1,-1,-1,-1
128,1697,0.2591561321,0.3961574824,0.0026287614000000126,0.013562682200000009,-1,-1,-1,-1
129,1697,0.2588498806,0.3960214029,0.002628761399999957,0.013562682200000009,-1,-1,-1,-1
130,1697,0.2568847926,0.396475047,0.0026287614999999653,0.0135626821,-1,-1,-1,-1
131,1697,0.2556852562,0.3967018004,0.0027818099999999957,0.01369876169999995,-1,-1,-1,-1
132,1697,0.2551493161,0.3969285539,0.0027818099999999957,0.013608087699999993,-1,-1,-1,-1
133,1697,0.2538222778,0.3971099018,0.00303696819999999,0.013744304400000018,-1,-1,-1,-1
134,1697,0.2530055557,0.3972459813,0.0032156406000000137,0.013880383900000015,-1,-1,-1,-1
135,1697,0.2521169512,0.3975110267,0.0032735534000000177,0.013876386200000035,-1,-1,-1,-1
136,1697,0.2516187841,0.3979030768,0.0035671926999999992,0.013682693900000042,-1,-1,-1,-1
137,1697,0.2510632592,0.3980528268,0.0035089797000000256,0.013764361400000036,-1,-1,-1,-1
138,1697,0.251060668,0.3983498299,0.003437169100000026,0.013797817499999976,-1,-1,-1,-1
139,1697,0.2508627644,0.3984913019,0.0033747434999999992,0.01395388219999999,-1,-1,-1,-1
140,1697,0.25127859,0.3990662224,0.003442452599999979,0.014139196199999982,-1,-1,-1,-1
141,1697,0.2517804427,0.3998725604,0.00344273500000003,0.014258390899999973,-1,-1,-1,-1
142,1697,0.2522982387,0.4006222248,0.003575800600000012,0.014764855500000007,-1,-1,-1,-1
143,1697,0.2525990293,0.4015261675,0.003442414100000013,0.014687266600000026,-1,-1,-1,-1
144,1697,0.2529184204,0.4023639908,0.0035879571999999915,0.014675659899999971,-1,-1,-1,-1
145,1697,0.2530100332,0.4033175229,0.003756673600000038,0.014713779799999993,-1,-1,-1,-1
146,1697,0.253560277,0.4042930948,0.0037464603999999846,0.014662826000000018,-1,-1,-1,-1
147,1697,0.2538874312,0.4051364281,0.0036790179999999784,0.014712880300000009,-1,-1,-1,-1
148,1697,0.2541029826,0.4060458807,0.003726033999999989,0.014560918700000036,-1,-1,-1,-1
149,1697,0.2540129022,0.4070115279,0.0032240641999999875,0.014992281200000013,-1,-1,-1,-1
150,1697,0.2538511727,0.4077434713,0.0033857936999999727,0.014982711500000023,-1,-1,-1,-1
151,1697,0.2538761964,0.4085881329,0.003738336100000017,0.014564395799999963,-1,-1,-1,-1
152,1697,0.25390122,0.4088311366,0.0035252241000000017,0.015257487400000047,-1,-1,-1,-1
153,1697,0.254239763,0.4093304554,0.003732114299999978,0.015159411099999964,-1,-1,-1,-1
154,1697,0.2548981027,0.4096958895,0.003995461899999997,0.01509480599999996,-1,-1,-1,-1
155,1697,0.2554811143,0.4101282659,0.0037515806000000262,0.015105236699999969,-1,-1,-1,-1
156,1697,0.2559639389,0.410499741,0.0037760621999999855,0.015126773400000015,-1,-1,-1,-1
157,1697,0.255873005,0.4109630904,0.0038669961000000197,0.015198276799999966,-1,-1,-1,-1
158,1697,0.2560141009,0.4114041256,0.004026903500000012,0.015258760500000024,-1,-1,-1,-1
159,1697,0.2563447131,0.4119026379,0.003991312999999996,0.015295443900000039,-1,-1,-1,-1
160,1697,0.2565785412,0.4124870231,0.003955722499999981,0.01533212719999999,-1,-1,-1,-1
161,1697,0.2564058734,0.4127841483,0.004014009099999993,0.015580143099999999,-1,-1,-1,-1
162,1697,0.2564723531,0.4131720694,0.004165177899999983,0.015579060899999997,-1,-1,-1,-1
163,1697,0.2568925405,0.4134256771,0.003793382600000006,0.015669355800000007,-1,-1,-1,-1
164,1697,0.2573749132,0.4137346455,0.004036504800000007,0.01583323619999999,-1,-1,-1,-1
165,1697,0.2584619164,0.4141367799,0.003820095500000009,0.016032897000000046,-1,-1,-1,-1
166,1697,0.2595778778,0.4144441525,0.004082651699999995,0.016026353400000026,-1,-1,-1,-1
167,1697,0.2607059564,0.4149772498,0.0034382621000000335,0.015751148699999995,-1,-1,-1,-1
168,1697,0.2618178529,0.4152382337,0.004430378100000021,0.015404291999999986,-1,-1,-1,-1
169,1697,0.2627121395,0.4155636222,0.0036570330999999845,0.015895517700000028,-1,-1,-1,-1
170,1697,0.2633887776,0.4158890107,0.004006738799999965,0.015831039699999994,-1,-1,-1,-1
171,1697,0.264005294,0.4162064381,0.004006738700000012,0.015831039699999994,-1,-1,-1,-1
