1,1078,0.4184707308,0.4134309375,0.0035194221999999553,0.014403165100000004,-1,-1,-1,-1
2,1078,0.4178677982,0.4135236348,0.0035518380000000294,0.014654781900000025,-1,-1,-1,-1
3,1078,0.4179757775,0.4138722393,0.0034336709000000187,0.014731014300000012,-1,-1,-1,-1
4,1078,0.41778043,0.4143916976,0.003239549300000033,0.014644349200000017,-1,-1,-1,-1
5,1078,0.4178632127,0.4147253054,0.0034486797000000124,0.014180971999999958,-1,-1,-1,-1
6,1078,0.4178060675,0.4149696453,0.0034815903000000037,0.01436942529999996,-1,-1,-1,-1
7,1078,0.4180575201,0.4152600767,0.003522342399999989,0.014598482900000043,-1,-1,-1,-1
8,1078,0.4185733042,0.4155071601,0.0035667329999999886,0.014740982000000014,-1,-1,-1,-1
9,1078,0.4186995177,0.4155844607,0.003586698999999971,0.014966705199999986,-1,-1,-1,-1
10,1078,0.4189759627,0.415766496,0.00367562560000001,0.015044482999999997,-1,-1,-1,-1
11,1078,0.4189267909,0.4161766564,0.003603006899999983,0.015067115799999975,-1,-1,-1,-1
12,1078,0.4194841021,0.416578161,0.003386678300000001,0.014968635000000008,-1,-1,-1,-1
13,1078,0.4192702276,0.4168834893,0.0034543733000000354,0.015182795699999974,-1,-1,-1,-1
14,1078,0.4193942099,0.4172753762,0.0033547800000000016,0.015137280500000017,-1,-1,-1,-1
15,1078,0.4191876399,0.4176116869,0.0033421578999999757,0.015190552299999993,-1,-1,-1,-1
16,1078,0.4189282786,0.4176809598,0.0033823271000000266,0.015424303200000045,-1,-1,-1,-1
17,1078,0.4189464886,0.4179234324,0.0036807106999999784,0.01548485439999997,-1,-1,-1,-1
18,1078,0.419153443,0.4181875446,0.003692948400000007,0.015653535399999974,-1,-1,-1,-1
19,1078,0.4201072971,0.4185670683,0.0034696832000000177,0.015533824799999985,-1,-1,-1,-1
20,1078,0.4204279638,0.4189899399,0.0033347122999999868,0.01566261010000003,-1,-1,-1,-1
21,1078,0.4206269944,0.4194126743,0.0034615370000000145,0.015727059599999982,-1,-1,-1,-1
22,1078,0.4206608594,0.4197641445,0.0034032830000000347,0.015678613200000024,-1,-1,-1,-1
23,1078,0.4206089453,0.4199857081,0.0035282097000000068,0.015630304099999992,-1,-1,-1,-1
24,1078,0.4209161223,0.420215528,0.0035620153000000543,0.01609309040000001,-1,-1,-1,-1
25,1078,0.4207816735,0.4204972099,0.0037452420999999902,0.016157643100000008,-1,-1,-1,-1
26,1078,0.4210648253,0.4210015398,0.0038516965000000014,0.016129454300000012,-1,-1,-1,-1
27,1078,0.4211530196,0.4214093182,0.0037392675999999847,0.01619795420000003,-1,-1,-1,-1
28,1078,0.4214768069,0.4218133472,0.0036832958999999943,0.01609694899999997,-1,-1,-1,-1
29,1078,0.4219201675,0.4221702371,0.0035322944000000245,0.016216200199999975,-1,-1,-1,-1
30,1078,0.4219347606,0.4222241033,0.0036637264000000114,0.01624889260000001,-1,-1,-1,-1
31,1078,0.4224419013,0.4226146625,0.0039117179,0.01655093969999999,-1,-1,-1,-1
32,1078,0.4228516791,0.4230052218,0.00379414480000001,0.01672308010000001,-1,-1,-1,-1
33,1078,0.4235118739,0.4235256876,0.0037185136999999813,0.016678892599999995,-1,-1,-1,-1
34,1078,0.4236201265,0.4238945958,0.0039024656999999685,0.01687268409999998,-1,-1,-1,-1
35,1078,0.4244298247,0.4244799692,0.003433750099999966,0.016850010400000004,-1,-1,-1,-1
36,1078,0.4242896262,0.424838109,0.0037201282000000058,0.017141266200000005,-1,-1,-1,-1
37,1078,0.4244174492,0.4252250102,0.003583969699999967,0.01722245840000003,-1,-1,-1,-1
38,1078,0.4241188509,0.4255254213,0.003939681400000006,0.017276466699999993,-1,-1,-1,-1
39,1078,0.4239664322,0.4257391367,0.004067711099999982,0.0174089858,-1,-1,-1,-1
40,1078,0.4243283988,0.4261862205,0.004192752299999991,0.017308273799999996,-1,-1,-1,-1
41,1078,0.4247527271,0.4266333043,0.00408517199999997,0.01738067900000001,-1,-1,-1,-1
42,1078,0.4259159591,0.4270803881,0.0037013067999999705,0.017539642800000033,-1,-1,-1,-1
43,1078,0.4262284986,0.4275274719,0.0037004875999999687,0.0176330851,-1,-1,-1,-1
44,1078,0.4265728009,0.4281910209,0.0036776523000000005,0.017467850800000018,-1,-1,-1,-1
45,1078,0.4262373633,0.4286200659,0.004061867900000016,0.017514946899999995,-1,-1,-1,-1
46,1078,0.4258641774,0.4288327829,0.004508066300000002,0.017735160299999997,-1,-1,-1,-1
47,1078,0.4258538626,0.4290669956,0.0045183810999999685,0.018106995199999976,-1,-1,-1,-1
48,1078,0.4253970167,0.4292820492,0.004390663299999986,0.0184114306,-1,-1,-1,-1
49,1078,0.4254304395,0.4297892382,0.004357240500000026,0.01842373060000002,-1,-1,-1,-1
50,1078,0.4250045292,0.4303397751,0.004442168200000041,0.01865235860000003,-1,-1,-1,-1
51,1078,0.425325467,0.4310562046,0.0039994399000000125,0.018541976800000026,-1,-1,-1,-1
52,1078,0.4251935416,0.431772689,0.0037417591000000194,0.018344981400000016,-1,-1,-1,-1
53,1078,0.4256278496,0.432207755,0.0034534762000000274,0.018559173699999987,-1,-1,-1,-1
54,1078,0.4259159266,0.4327147931,0.0035795487999999986,0.01865818330000002,-1,-1,-1,-1
55,1078,0.4263014052,0.4331137358,0.00365684329999999,0.018865288199999997,-1,-1,-1,-1
56,1078,0.4271984349,0.4333395612,0.003685205600000019,0.018942486599999975,-1,-1,-1,-1
57,1078,0.4273538307,0.4337617191,0.003747739799999983,0.01907358749999999,-1,-1,-1,-1
58,1078,0.4279536982,0.4344518093,0.0038102740000000024,0.019204688199999986,-1,-1,-1,-1
59,1078,0.4281654619,0.4350033325,0.00387280830000003,0.019335788999999992,-1,-1,-1,-1
60,1078,0.4285007583,0.4356415515,0.003935342399999986,0.019466889799999998,-1,-1,-1,-1
61,1078,0.4287311607,0.4362729645,0.003954794500000025,0.01942890399999997,-1,-1,-1,-1
62,1078,0.4288155379,0.4368106056,0.0038704173000000397,0.019583869099999984,-1,-1,-1,-1
63,1078,0.4288156342,0.4373048987,0.003950223599999969,0.01972817199999999,-1,-1,-1,-1
64,1078,0.4282556793,0.4373707335,0.004138071199999982,0.020062719200000023,-1,-1,-1,-1
65,1078,0.4284939232,0.4378358446,0.004119019399999979,0.02037677299999996,-1,-1,-1,-1
66,1078,0.4285768224,0.4383171768,0.004230923300000022,0.020588047100000006,-1,-1,-1,-1
67,1078,0.4291398714,0.4390333755,0.00413064740000002,0.02069436120000001,-1,-1,-1,-1
68,1078,0.4293377545,0.4396052413,0.00415195639999999,0.020858312399999968,-1,-1,-1,-1
69,1078,0.4299399699,0.4403588939,0.004271222600000013,0.020920890000000025,-1,-1,-1,-1
70,1078,0.4301340173,0.4409503347,0.004183838399999973,0.021028338099999988,-1,-1,-1,-1
71,1078,0.430782811,0.4415851235,0.00411960840000003,0.02112950349999998,-1,-1,-1,-1
72,1078,0.4311394,0.4421548905,0.004128391000000009,0.021150351799999967,-1,-1,-1,-1
73,1078,0.4314228222,0.4427680053,0.004748287199999979,0.02117120010000001,-1,-1,-1,-1
74,1078,0.4323402996,0.4431880286,0.005241202800000011,0.02130139339999998,-1,-1,-1,-1
75,1078,0.4330826292,0.4434905108,0.004544100900000014,0.021383829699999968,-1,-1,-1,-1
76,1078,0.4345060442,0.4442020546,0.004600587500000031,0.0215739566,-1,-1,-1,-1
77,1078,0.4352587217,0.4446352665,0.0046570740999999916,0.021764083499999975,-1,-1,-1,-1
78,1078,0.4367508037,0.4453622732,0.004539675799999976,0.02223914440000002,-1,-1,-1,-1
79,1078,0.4374028642,0.4461449737,0.00451385639999996,0.022458384200000014,-1,-1,-1,-1
80,1078,0.4380431838,0.4468684995,0.004586354899999978,0.022628883200000005,-1,-1,-1,-1
81,1078,0.4377942111,0.447647582,0.00484275620000002,0.022625356200000002,-1,-1,-1,-1
82,1078,0.4381266819,0.4471426983,0.004917488700000028,0.02285204510000005,-1,-1,-1,-1
83,1078,0.4382521669,0.4486799147,0.004666662900000007,0.02320718429999996,-1,-1,-1,-1
84,1078,0.438346291,0.4491550388,0.004603874000000008,0.023177199300000006,-1,-1,-1,-1
85,1078,0.4393883718,0.4496554657,0.0051901434000000135,0.023288993000000036,-1,-1,-1,-1
86,1078,0.4400389477,0.4504065012,0.0069820157000000105,0.023428510100000022,-1,-1,-1,-1
87,1078,0.4407069492,0.4511080158,0.005687773100000015,0.023840186200000002,-1,-1,-1,-1
88,1078,0.4400088977,0.4517677429,0.0054463858999999615,0.024070874500000006,-1,-1,-1,-1
89,1078,0.4412343782,0.4529522893,0.005348200999999997,0.024055212600000042,-1,-1,-1,-1
90,1078,0.4417710243,0.4539140833,0.005657142400000037,0.02426216600000003,-1,-1,-1,-1
91,1078,0.4433160467,0.4545641564,0.0045191689999999896,0.024335701200000004,-1,-1,-1,-1
92,1078,0.4427706788,0.4554091579,0.00622316780000004,0.02443680890000005,-1,-1,-1,-1
93,1078,0.4433945413,0.456179901,0.005505299600000013,0.024612175000000014,-1,-1,-1,-1
94,1078,0.4436113548,0.4568393935,0.006259260099999997,0.0250101794,-1,-1,-1,-1
95,1078,0.4445795958,0.4577770809,0.005635551999999988,0.025241376499999968,-1,-1,-1,-1
96,1078,0.4456096624,0.4586609603,0.005638775500000026,0.02547055070000004,-1,-1,-1,-1
97,1078,0.4459039788,0.4596665241,0.005688992000000004,0.02585637240000005,-1,-1,-1,-1
98,1078,0.4463232963,0.4607871885,0.005488866599999975,0.025960149200000004,-1,-1,-1,-1
99,1078,0.4456735012,0.4619037376,0.005606271900000015,0.026012484600000052,-1,-1,-1,-1
100,1078,0.4454187861,0.4630717069,0.005986327799999969,0.026068956500000018,-1,-1,-1,-1
101,1078,0.4456077678,0.4639522106,0.006454922400000007,0.026524144499999958,-1,-1,-1,-1
102,1078,0.4467503754,0.4646808095,0.005844550199999965,0.026686098200000008,-1,-1,-1,-1
103,1078,0.4469190756,0.465442811,0.00670929440000001,0.027092844000000005,-1,-1,-1,-1
104,1078,0.4474740203,0.4663533142,0.006342206600000011,0.027351225400000012,-1,-1,-1,-1
105,1078,0.4492384577,0.4675142853,0.006049597800000028,0.02763733359999998,-1,-1,-1,-1
106,1078,0.449714491,0.4687865068,0.006168470300000006,0.027756497599999985,-1,-1,-1,-1
107,1078,0.4518189518,0.4702071309,0.0058488814000000056,0.027671565200000026,-1,-1,-1,-1
108,1078,0.4526456462,0.4712939213,0.006431345200000049,0.028087548000000018,-1,-1,-1,-1
109,1078,0.4540986974,0.4726033498,0.005855216700000054,0.02811394829999997,-1,-1,-1,-1
110,1078,0.4543096086,0.4733932893,0.006959457999999974,0.028604006699999962,-1,-1,-1,-1
111,1078,0.4561333569,0.4744614922,0.005887291600000011,0.0290385769,-1,-1,-1,-1
112,1078,0.4578942804,0.4756410827,0.005511600399999983,0.028869705999999995,-1,-1,-1,-1
113,1078,0.4586659732,0.4767213314,0.005390074499999953,0.029617202599999948,-1,-1,-1,-1
114,1078,0.4601772079,0.4777115919,0.005225327599999996,0.030185409100000005,-1,-1,-1,-1
115,1078,0.4605794772,0.4792351507,0.005511969700000008,0.03022018010000005,-1,-1,-1,-1
116,1078,0.4619950819,0.4807487329,0.005380336699999988,0.031211174100000072,-1,-1,-1,-1
117,1078,0.462768392,0.481996576,0.005640471000000036,0.032143895399999955,-1,-1,-1,-1
118,1078,0.4636266177,0.4834035444,0.005627678499999955,0.032168093799999964,-1,-1,-1,-1
119,1078,0.4641073351,0.4846674372,0.006153546699999957,0.03190614119999996,-1,-1,-1,-1
120,1078,0.4642085239,0.4855222684,0.006454930400000003,0.03262555239999998,-1,-1,-1,-1
121,1078,0.4658397094,0.4868304236,0.006595187499999988,0.032676957599999945,-1,-1,-1,-1
122,1078,0.4666978261,0.4881815152,0.006421505800000005,0.03297171469999999,-1,-1,-1,-1
123,1078,0.4671331876,0.4897293528,0.007838163100000017,0.03342762039999997,-1,-1,-1,-1
124,1078,0.466441202,0.4913010592,0.008409438699999994,0.03393098930000005,-1,-1,-1,-1
125,1078,0.4677622333,0.493194857,0.007651978000000004,0.034398692200000025,-1,-1,-1,-1
126,1078,0.4665066771,0.494659291,0.008981936000000024,0.034696981599999954,-1,-1,-1,-1
127,1078,0.4682970803,0.4963320645,0.007341417000000017,0.03439227349999996,-1,-1,-1,-1
128,1078,0.4690278795,0.4977557569,0.00831892679999996,0.03490058089999998,-1,-1,-1,-1
129,1078,0.4692151749,0.499317638,0.008131631400000006,0.03554683669999997,-1,-1,-1,-1
130,1078,0.4701790072,0.5003703092,0.008668956200000022,0.03633425670000001,-1,-1,-1,-1
131,1078,0.4705104901,0.5019685036,0.008958620500000014,0.036576153499999986,-1,-1,-1,-1
132,1078,0.4716383671,0.5040832641,0.008244892999999975,0.037037438399999956,-1,-1,-1,-1
133,1078,0.470945882,0.5059448874,0.008574939400000037,0.037567906300000065,-1,-1,-1,-1
134,1078,0.4715193224,0.5080407965,0.008053364200000024,0.03758808840000005,-1,-1,-1,-1
135,1078,0.4704311325,0.5100814644,0.00872740449999998,0.03821564869999994,-1,-1,-1,-1
136,1078,0.4692715846,0.5111612994,0.00855399699999998,0.03860785929999999,-1,-1,-1,-1
137,1078,0.4680111336,0.5131610943,0.008973233999999997,0.03854006409999999,-1,-1,-1,-1
138,1078,0.4653603344,0.5151741366,0.008984157800000003,0.03891911299999995,-1,-1,-1,-1
139,1078,0.4640899823,0.5172331331,0.009012061200000032,0.039620253300000075,-1,-1,-1,-1
140,1078,0.4622088869,0.5198440473,0.008719141499999972,0.03958552169999996,-1,-1,-1,-1
141,1078,0.4624370909,0.522317133,0.008180363999999996,0.040424572699999994,-1,-1,-1,-1
142,1078,0.4603530756,0.5249741729,0.008918509000000019,0.040803669599999925,-1,-1,-1,-1
143,1078,0.460857225,0.5295632811,0.00924250430000001,0.04219478930000009,-1,-1,-1,-1
144,1078,0.4593945112,0.533140298,0.009618210599999955,0.042757909000000094,-1,-1,-1,-1
145,1078,0.4597123398,0.535655834,0.009455668800000039,0.043554509799999974,-1,-1,-1,-1
146,1078,0.457528377,0.5385750511,0.009672614100000032,0.044591475099999944,-1,-1,-1,-1
147,1078,0.4567023065,0.5414184578,0.009722096300000038,0.04570425080000007,-1,-1,-1,-1
148,1078,0.4539933355,0.5441009131,0.010101765500000026,0.04670197790000008,-1,-1,-1,-1
149,1078,0.452933965,0.5471880769,0.0100222633,0.04775495079999992,-1,-1,-1,-1
150,1078,0.4505140379,0.5496443445,0.01017749950000002,0.0483802941,-1,-1,-1,-1
151,1078,0.4497784228,0.5518883149,0.010332735599999976,0.04900563749999998,-1,-1,-1,-1
152,1078,0.4508291944,0.5547697122,0.00975144299999997,0.0483487856,-1,-1,-1,-1
153,1078,0.4500362439,0.5565845964,0.009973636399999986,0.04909069219999995,-1,-1,-1,-1
154,1078,0.450451937,0.5587905445,0.009200990999999992,0.049914894900000006,-1,-1,-1,-1
155,1078,0.4459552405,0.5613813501,0.010280589199999968,0.05067614460000003,-1,-1,-1,-1
156,1078,0.4409634708,0.5649078395,0.010682908800000002,0.05128403039999996,-1,-1,-1,-1
157,1078,0.434534692,0.5682748704,0.011390773999999992,0.051604315099999964,-1,-1,-1,-1
158,1078,0.4304738565,0.5723122165,0.011239571100000012,0.05270698829999998,-1,-1,-1,-1
159,1078,0.4263125323,0.5761485983,0.011880238200000004,0.0534519041,-1,-1,-1,-1
160,1078,0.424823152,0.5801804229,0.011043558200000025,0.05422483829999991,-1,-1,-1,-1
161,1078,0.4236481013,0.5841749355,0.0127843406,0.05492328540000002,-1,-1,-1,-1
162,1078,0.4248305233,0.5883372154,0.011601918600000038,0.057353591100000045,-1,-1,-1,-1
163,1078,0.4242527711,0.5932814037,0.012054021299999995,0.055985056399999955,-1,-1,-1,-1
164,1078,0.4226290679,0.5965531888,0.012671756300000003,0.05941751900000003,-1,-1,-1,-1
165,1078,0.4226083827,0.6016128159,0.012629616700000013,0.06150919909999997,-1,-1,-1,-1
166,1078,0.4214671755,0.6070405049,0.014210905999999968,0.06200357499999998,-1,-1,-1,-1
167,1078,0.420722762,0.6111552992,0.013509269200000007,0.06347572229999998,-1,-1,-1,-1
168,1078,0.4187881457,0.6159628371,0.015443885499999976,0.06548423130000003,-1,-1,-1,-1
169,1078,0.4164278469,0.6210757699,0.015627236399999966,0.06703274689999994,-1,-1,-1,-1
170,1078,0.4174938197,0.6267488805,0.01589756349999999,0.06769254609999997,-1,-1,-1,-1
171,1078,0.4160357776,0.6325011765,0.015752107399999993,0.07033136229999992,-1,-1,-1,-1
172,1078,0.4163755877,0.6401102369,0.015768716000000016,0.07158832069999999,-1,-1,-1,-1
173,1078,0.4157888019,0.6475450415,0.015642818800000013,0.07476127020000001,-1,-1,-1,-1
174,1078,0.4146577576,0.6553317964,0.0170410614,0.0756822318999999,-1,-1,-1,-1
175,1078,0.4140722817,0.6631580067,0.019586299799999984,0.07862194069999995,-1,-1,-1,-1
176,1078,0.4151921378,0.6718662255,0.018822707999999966,0.08083808030000006,-1,-1,-1,-1
177,1078,0.4172026548,0.6798093629,0.0201080991,0.08191940099999995,-1,-1,-1,-1
178,1078,0.4180909391,0.6897474368,0.019397946900000018,0.08290554840000008,-1,-1,-1,-1
179,1078,0.418644917,0.7001208416,0.019734784200000022,0.0825065519,-1,-1,-1,-1
180,1078,0.4193771299,0.7094387615,0.0198933865,0.08474619910000003,-1,-1,-1,-1
181,1078,0.4236726034,0.7201814695,0.01951728359999999,0.08571936040000006,-1,-1,-1,-1
182,1078,0.4258301824,0.7317159626,0.0194975993,0.08574243439999996,-1,-1,-1,-1
183,1078,0.4278754871,0.743817154,0.019742975399999974,0.08774001259999997,-1,-1,-1,-1
184,1078,0.4293192871,0.7569022126,0.021709650000000025,0.09177422219999998,-1,-1,-1,-1
185,1078,0.430152385,0.7692408459,0.021381259799999996,0.09309292310000006,-1,-1,-1,-1
186,1078,0.4357957459,0.7831062582,0.021826705300000027,0.10102574659999997,-1,-1,-1,-1
187,1078,0.4400646798,0.7969716706,0.020724479599999956,0.09573032520000002,-1,-1,-1,-1
