70,1635,0.3908872587,0.3766695803,0.0012929245999999672,0.00600011850000004,-1,-1,-1,-1
71,1635,0.390217951,0.3767960574,0.0011692817999999772,0.006109722900000003,-1,-1,-1,-1
72,1635,0.3895629989,0.3766443397,0.0013543601000000072,0.006388054899999995,-1,-1,-1,-1
73,1635,0.3894649799,0.3768214352,0.0011391813999999667,0.005932490299999982,-1,-1,-1,-1
74,1635,0.3894649799,0.3768214352,0.0011391813999999667,0.005932490299999982,-1,-1,-1,-1
75,1635,0.3893510618,0.37697329,0.0011961403999999898,0.0060337268999999805,-1,-1,-1,-1
76,1635,0.3893796185,0.3770997671,0.001196140499999998,0.006033726900000036,-1,-1,-1,-1
77,1635,0.3892941027,0.37697329,0.0012530995000000211,0.0062361999999999695,-1,-1,-1,-1
78,1635,0.3888527857,0.3772263814,0.0014807814000000197,0.006691764600000039,-1,-1,-1,-1
79,1635,0.3885963927,0.377251622,0.0012245428000000058,0.006261577699999965,-1,-1,-1,-1
80,1635,0.3878275224,0.377175626,0.0014096211999999886,0.00646405080000001,-1,-1,-1,-1
81,1635,0.3874999691,0.3771503854,0.0011675837999999827,0.006261577699999965,-1,-1,-1,-1
82,1635,0.3874288089,0.3771757631,0.0011675838000000383,0.006261577799999973,-1,-1,-1,-1
83,1635,0.3871298123,0.3773023774,0.0011675838000000383,0.006261577799999973,-1,-1,-1,-1
84,1635,0.3870300954,0.3774140395,0.00146658030000002,0.006554724799999967,-1,-1,-1,-1
85,1635,0.3868877749,0.3774794728,0.0017513755999999936,0.006514532000000017,-1,-1,-1,-1
86,1635,0.3869445796,0.3775048506,0.00168036979999997,0.006539772499999985,-1,-1,-1,-1
87,1635,0.3870015387,0.3776313277,0.0016803697000000173,0.006539772499999985,-1,-1,-1,-1
88,1635,0.3869589351,0.3775554689,0.0015946996999999796,0.006615768499999952,-1,-1,-1,-1
89,1635,0.3872295293,0.3775808466,0.0015946996000000269,0.006615768500000008,-1,-1,-1,-1
90,1635,0.3872295293,0.3776062243,0.0016374574999999947,0.006919341099999976,-1,-1,-1,-1
91,1635,0.3873150451,0.3775303655,0.0016374575000000502,0.006919341099999976,-1,-1,-1,-1
92,1635,0.3873150451,0.3777833197,0.0016658599000000107,0.006843482299999981,-1,-1,-1,-1
93,1635,0.38745752,0.3778593157,0.001765422399999994,0.006919203900000004,-1,-1,-1,-1
94,1635,0.3875002778,0.3778846935,0.0018507839999999942,0.006792726700000029,-1,-1,-1,-1
95,1635,0.3875572369,0.3779605523,0.0015090295000000364,0.006716867900000034,-1,-1,-1,-1
96,1635,0.3875998405,0.3779605523,0.0015377404999999955,0.006843345100000009,-1,-1,-1,-1
97,1635,0.3875856393,0.3779857929,0.0013383066000000055,0.006792726699999974,-1,-1,-1,-1
98,1635,0.3877565165,0.3781628883,0.0015233850000000437,0.006742245599999974,-1,-1,-1,-1
99,1635,0.3877281141,0.3782387471,0.0016799066999999557,0.006868860000000032,-1,-1,-1,-1
100,1635,0.3881268276,0.3784159797,0.0015375861999999962,0.006716867899999979,-1,-1,-1,-1
101,1635,0.3885539435,0.3783653614,0.0016515042999999952,0.006792863900000001,-1,-1,-1,-1
102,1635,0.3888101821,0.3784159797,0.0016942622999999712,0.006792863900000001,-1,-1,-1,-1
103,1635,0.3893228138,0.378466598,0.0016231018999999791,0.006843482200000028,-1,-1,-1,-1
104,1635,0.3895080465,0.3786184528,0.0013951113000000293,0.006818104499999977,-1,-1,-1,-1
105,1635,0.3896931249,0.3786690711,0.0017083089999999634,0.006969959400000003,-1,-1,-1,-1
106,1635,0.3897358828,0.3789474031,0.0016229476000000354,0.0068941005,-1,-1,-1,-1
107,1635,0.389807043,0.3791246357,0.0016941078999999637,0.006413158199999991,-1,-1,-1,-1
108,1635,0.389807043,0.3792006317,0.0016941078999999637,0.006413158199999991,-1,-1,-1,-1
109,1635,0.3901202408,0.3791753911,0.001551787299999996,0.006159929700000011,-1,-1,-1,-1
110,1635,0.3905145609,0.3793233417,0.001383451200000052,0.0061877027000000195,-1,-1,-1,-1
111,1635,0.3909982559,0.3797092942,0.0014130053000000475,0.006396823699999998,-1,-1,-1,-1
112,1635,0.3913509548,0.3801727892,0.0015402134999999983,0.00658793689999998,-1,-1,-1,-1
113,1635,0.3917292313,0.3804043453,0.0015641391000000282,0.006600816399999987,-1,-1,-1,-1
114,1635,0.3922316308,0.3805806802,0.0016750761000000058,0.006695693999999974,-1,-1,-1,-1
115,1635,0.3928316828,0.3806454387,0.0016217693999999727,0.006829293299999983,-1,-1,-1,-1
116,1635,0.3933215874,0.3806904438,0.0015112832999999992,0.006843823000000027,-1,-1,-1,-1
117,1635,0.3938097169,0.380798276,0.0016035496999999843,0.007370708399999981,-1,-1,-1,-1
118,1635,0.3941527783,0.3808583705,0.001740241099999984,0.007409655600000009,-1,-1,-1,-1
119,1635,0.3947832205,0.3808590675,0.0016566986000000061,0.007250382100000008,-1,-1,-1,-1
120,1635,0.3949822248,0.3810182495,0.0018036164999999937,0.007150734899999955,-1,-1,-1,-1
121,1635,0.3951813063,0.3811377874,0.0017915428999999983,0.0069337328000000364,-1,-1,-1,-1
122,1635,0.395424998,0.3812574624,0.0016956514999999506,0.006653629399999972,-1,-1,-1,-1
123,1635,0.395379734,0.3812045767,0.0017409154999999954,0.006944517099999992,-1,-1,-1,-1
124,1635,0.3957592416,0.3812397928,0.001617955300000029,0.006909301000000034,-1,-1,-1,-1
125,1635,0.3956663438,0.3813979012,0.001624935900000013,0.006888031100000025,-1,-1,-1,-1
126,1635,0.3955120767,0.3814922223,0.0016308006999999902,0.006874982799999985,-1,-1,-1,-1
127,1635,0.3955826655,0.3816855851,0.001415112900000015,0.006721401299999985,-1,-1,-1,-1
128,1635,0.3955015564,0.3824346288,0.0014407422999999642,0.006710472299999992,-1,-1,-1,-1
129,1635,0.3952155406,0.3823329885,0.0014663715999999605,0.006699543299999999,-1,-1,-1,-1
130,1635,0.3952237979,0.382473589,0.001432843600000011,0.006480870500000013,-1,-1,-1,-1
131,1635,0.3958777286,0.381990766,0.0015823598999999966,0.006581244200000003,-1,-1,-1,-1
132,1635,0.3963863287,0.3821072348,0.0012029597000000058,0.006541320100000025,-1,-1,-1,-1
133,1635,0.3965280136,0.3820671062,0.0016064765000000092,0.007116987399999997,-1,-1,-1,-1
134,1635,0.3967105269,0.3820991099,0.0017539861999999462,0.007135876399999963,-1,-1,-1,-1
135,1635,0.3971884247,0.3822229673,0.0015486893000000168,0.0071395934999999855,-1,-1,-1,-1
136,1635,0.397318548,0.3822957948,0.0017916555999999972,0.007449215300000034,-1,-1,-1,-1
137,1635,0.3974916864,0.382462177,0.0018193404000000357,0.00743592249999997,-1,-1,-1,-1
138,1635,0.3977291933,0.3825902868,0.001782656699999996,0.00720575309999999,-1,-1,-1,-1
139,1635,0.3978805669,0.3827183966,0.0017226644999999707,0.006590253699999993,-1,-1,-1,-1
140,1635,0.3980530149,0.3828215859,0.0018749913000000173,0.006999968900000042,-1,-1,-1,-1
141,1635,0.3982584962,0.3828483677,0.0018129110000000281,0.007483210899999981,-1,-1,-1,-1
142,1635,0.3985242706,0.3829057582,0.0019058706999999786,0.007502365100000019,-1,-1,-1,-1
143,1635,0.3988033753,0.3829921617,0.0019567890000000143,0.007670973500000011,-1,-1,-1,-1
144,1635,0.3990515603,0.3831315576,0.0018521593999999975,0.007531577600000006,-1,-1,-1,-1
145,1635,0.3991561899,0.3831924198,0.001704463200000006,0.007572637800000004,-1,-1,-1,-1
146,1635,0.399431781,0.3833088012,0.001816162900000029,0.0076093459000000085,-1,-1,-1,-1
147,1635,0.3995480255,0.3834505603,0.0018102707999999579,0.007649785199999981,-1,-1,-1,-1
148,1635,0.3998237761,0.3835641219,0.0018259685000000525,0.007838534100000016,-1,-1,-1,-1
149,1635,0.3999990379,0.3836776836,0.0018515298999999819,0.007801517099999988,-1,-1,-1,-1
150,1635,0.4002317218,0.3837912452,0.001819823499999984,0.007917452499999977,-1,-1,-1,-1
151,1635,0.4004596206,0.3839048069,0.0019361488999999898,0.007956842999999991,-1,-1,-1,-1
152,1635,0.4007736525,0.3840183685,0.0019003674999999998,0.007968222200000041,-1,-1,-1,-1
153,1635,0.4010446179,0.3841319302,0.0019824865999999997,0.007959216699999994,-1,-1,-1,-1
154,1635,0.4013155833,0.3842965216,0.0017545877999999848,0.007947714800000005,-1,-1,-1,-1
155,1635,0.4016726819,0.3843845684,0.0017559146000000192,0.007980726599999988,-1,-1,-1,-1
156,1635,0.4019867139,0.3844215853,0.0017722142999999635,0.008052148100000045,-1,-1,-1,-1
157,1635,0.4025047173,0.3844982306,0.0018997471000000155,0.007975502800000034,-1,-1,-1,-1
158,1635,0.4028383148,0.3846022133,0.0017097048999999975,0.007948064799999988,-1,-1,-1,-1
159,1635,0.4033441789,0.3847317109,0.0017282513999999916,0.007977808499999961,-1,-1,-1,-1
160,1635,0.4036634209,0.3848335674,0.0018028901999999625,0.007920692799999962,-1,-1,-1,-1
161,1635,0.4043126859,0.3848079865,0.0018136711999999777,0.00786972890000004,-1,-1,-1,-1
162,1635,0.4048141044,0.3848715569,0.0017426101999999943,0.008010140599999993,-1,-1,-1,-1
163,1635,0.4050764354,0.3849918271,0.0017657434000000194,0.008046206399999978,-1,-1,-1,-1
164,1635,0.4053674774,0.3851120973,0.0017888766999999972,0.008082272199999962,-1,-1,-1,-1
165,1635,0.4055826402,0.3852323675,0.001812009999999975,0.008118337899999994,-1,-1,-1,-1
166,1635,0.4057762697,0.3854291824,0.002000048199999993,0.00837064030000001,-1,-1,-1,-1
167,1635,0.4060560324,0.3855341437,0.001990200500000039,0.008363458699999993,-1,-1,-1,-1
168,1635,0.4063357951,0.3856391049,0.0019803527999999737,0.00835627720000004,-1,-1,-1,-1
169,1635,0.4066155578,0.3857440662,0.0019705049999999558,0.008349095599999967,-1,-1,-1,-1
170,1635,0.4070101648,0.3859000572,0.001856556499999995,0.008333244500000003,-1,-1,-1,-1
171,1635,0.4071750832,0.3859539887,0.001950809599999992,0.008334732500000053,-1,-1,-1,-1
172,1635,0.4077083992,0.3860162296,0.0019352192000000046,0.008392471499999998,-1,-1,-1,-1
173,1635,0.4080565287,0.386081022,0.001785906100000012,0.008330746900000019,-1,-1,-1,-1
174,1635,0.4087394664,0.3861741643,0.001906415500000036,0.008339664199999985,-1,-1,-1,-1
175,1635,0.4094581579,0.3862673066,0.001919393399999969,0.008093432499999997,-1,-1,-1,-1
176,1635,0.4102548236,0.386334934,0.0018993821000000133,0.008218636599999996,-1,-1,-1,-1
177,1635,0.4112715046,0.3865597661,0.0018995627999999765,0.008489601100000022,-1,-1,-1,-1
178,1635,0.4114846768,0.3866827032,0.001772523799999981,0.008621675900000014,-1,-1,-1,-1
179,1635,0.4115903754,0.3868183978,0.0019537816000000374,0.00863893360000001,-1,-1,-1,-1
180,1635,0.4116721482,0.3869030626,0.0018956260000000391,0.00874924290000001,-1,-1,-1,-1
181,1635,0.4116462543,0.3869111826,0.0020556593000000123,0.008801160699999977,-1,-1,-1,-1
182,1635,0.4116203605,0.3869193027,0.0018089521999999914,0.008920615099999973,-1,-1,-1,-1
183,1635,0.4115739083,0.387112713,0.001769425499999977,0.008905671999999976,-1,-1,-1,-1
184,1635,0.4113266218,0.3872241111,0.0016866889999999635,0.008870818599999997,-1,-1,-1,-1
185,1635,0.4113263599,0.387335372,0.0016971030999999859,0.008874522499999982,-1,-1,-1,-1
186,1635,0.4112999338,0.387548704,0.001707517299999961,0.008878226399999967,-1,-1,-1,-1
187,1635,0.4115682804,0.3878294522,0.001717931400000039,0.008881930300000007,-1,-1,-1,-1
188,1635,0.4116072399,0.387811676,0.0018830838000000183,0.009073804299999988,-1,-1,-1,-1
189,1635,0.4118372715,0.3879072994,0.0017499521000000073,0.008570079600000002,-1,-1,-1,-1
190,1635,0.4117552246,0.3880538154,0.0020041110999999834,0.008525623199999999,-1,-1,-1,-1
191,1635,0.4118228633,0.3881166535,0.0019077613999999854,0.00841175529999999,-1,-1,-1,-1
192,1635,0.4120459946,0.3881583664,0.002029008599999993,0.008752628799999995,-1,-1,-1,-1
193,1635,0.4120652465,0.3881846057,0.001987621400000028,0.008785896899999979,-1,-1,-1,-1
194,1635,0.412705028,0.3883065259,0.001946234300000016,0.00881916490000001,-1,-1,-1,-1
195,1635,0.4131440379,0.3884794759,0.0019048470999999956,0.008852432999999993,-1,-1,-1,-1
196,1635,0.4135972489,0.3886778037,0.0018634599000000307,0.008885701000000024,-1,-1,-1,-1
197,1635,0.4139359243,0.3887231792,0.0018220728000000186,0.008918968999999999,-1,-1,-1,-1
198,1635,0.4140860057,0.388826199,0.0018443093000000133,0.008958491300000038,-1,-1,-1,-1
199,1635,0.4142647982,0.3889038412,0.0019050331000000087,0.009180153899999988,-1,-1,-1,-1
200,1635,0.4138678834,0.3889320396,0.0019248641999999871,0.009208292299999976,-1,-1,-1,-1
201,1635,0.4138802507,0.3890417394,0.002074401899999967,0.009246237800000001,-1,-1,-1,-1
202,1635,0.4136466774,0.3892534989,0.0020849681999999814,0.009273675600000031,-1,-1,-1,-1
203,1635,0.4136183325,0.3892788032,0.0020955343999999876,0.009301113599999966,-1,-1,-1,-1
204,1635,0.4135973197,0.389387031,0.002199421899999998,0.009385454999999987,-1,-1,-1,-1
205,1635,0.4137159332,0.3895718035,0.0022015043999999984,0.0094077199,-1,-1,-1,-1
206,1635,0.4138072556,0.3896723768,0.0020469082000000305,0.009278713599999988,-1,-1,-1,-1
207,1635,0.4139065362,0.3897984651,0.0020663994999999824,0.00931778630000002,-1,-1,-1,-1
208,1635,0.4141617597,0.3899468789,0.002165828099999989,0.00931011599999998,-1,-1,-1,-1
209,1635,0.4144579989,0.3899349132,0.002173899899999998,0.009355866399999968,-1,-1,-1,-1
210,1635,0.4153233658,0.3899654724,0.001951224500000015,0.009342552299999973,-1,-1,-1,-1
211,1635,0.4156579483,0.3899858257,0.002161843699999999,0.009449773599999989,-1,-1,-1,-1
212,1635,0.4162902538,0.3899552863,0.0022900730000000036,0.009658780199999994,-1,-1,-1,-1
213,1635,0.4165495211,0.3900862956,0.0023463188000000246,0.009680860299999983,-1,-1,-1,-1
214,1635,0.4167370107,0.3903319162,0.0022306068999999873,0.009537162099999996,-1,-1,-1,-1
215,1635,0.4166373896,0.3905775368,0.0022223298999999863,0.009630368499999986,-1,-1,-1,-1
216,1635,0.4168156193,0.3908341226,0.0022268470000000318,0.009624433900000007,-1,-1,-1,-1
217,1635,0.4170654637,0.3908270544,0.002231364099999966,0.00961849910000001,-1,-1,-1,-1
218,1635,0.4174851956,0.3908770195,0.002235881099999948,0.009612564400000023,-1,-1,-1,-1
219,1635,0.4179505217,0.3909812038,0.0022079881000000023,0.009729454999999998,-1,-1,-1,-1
220,1635,0.4184158479,0.391085388,0.002214665899999968,0.009715332000000021,-1,-1,-1,-1
221,1635,0.4189960184,0.3910875127,0.002221343599999981,0.009701208900000036,-1,-1,-1,-1
222,1635,0.4193233105,0.3912760924,0.002228021400000002,0.009687085900000003,-1,-1,-1,-1
223,1635,0.4197905692,0.3913817487,0.0022346990999999594,0.009672962800000018,-1,-1,-1,-1
224,1635,0.4199852269,0.391487405,0.0022413768999999806,0.009658839699999977,-1,-1,-1,-1
225,1635,0.4204510346,0.3915930613,0.0022480545999999935,0.0096447167,-1,-1,-1,-1
226,1635,0.4211210099,0.3916987176,0.0022547324000000146,0.00963059359999996,-1,-1,-1,-1
227,1635,0.421754942,0.3919319484,0.002261410099999972,0.009616470599999982,-1,-1,-1,-1
228,1635,0.4222085809,0.3920193798,0.002110873999999985,0.009583752000000001,-1,-1,-1,-1
229,1635,0.4226047976,0.3922088708,0.00211630359999998,0.010006344399999978,-1,-1,-1,-1
230,1635,0.4233281663,0.3922758902,0.002397359500000029,0.010117792200000031,-1,-1,-1,-1
231,1635,0.4238721293,0.3922665021,0.0021403528999999755,0.01035667729999995,-1,-1,-1,-1
232,1635,0.4244257141,0.3923334758,0.002533770599999985,0.010468307900000029,-1,-1,-1,-1
233,1635,0.4246780642,0.3924387219,0.0022096428000000223,0.01051601409999997,-1,-1,-1,-1
234,1635,0.4249304142,0.3925439679,0.0023081544999999926,0.009517609199999999,-1,-1,-1,-1
