12,1394,0.489710475,0.4028488354,0.002205504700000027,0.011811344399999979,-1,-1,-1,-1
13,1394,0.4915121723,0.4035252548,0.002205504600000019,0.011811344399999979,-1,-1,-1,-1
14,1394,0.4939229765,0.4029840919,0.0031819900000000234,0.013385861100000007,-1,-1,-1,-1
15,1394,0.4959630065,0.4032096107,0.0030450720999999903,0.013250604700000002,-1,-1,-1,-1
16,1394,0.4982631342,0.4030203066,0.0029200820999999433,0.013583919599999994,-1,-1,-1,-1
17,1394,0.4998379831,0.4031745483,0.003419489199999959,0.013721066599999998,-1,-1,-1,-1
18,1394,0.5015474687,0.40332879,0.00306775969999995,0.013652972099999994,-1,-1,-1,-1
19,1394,0.5036933318,0.4034830318,0.0031280186000000043,0.013671024500000017,-1,-1,-1,-1
20,1394,0.505243385,0.4034219057,0.0030568946000000263,0.013818434799999946,-1,-1,-1,-1
21,1394,0.50710059,0.4035689685,0.0032363237000000433,0.013886739799999992,-1,-1,-1,-1
22,1394,0.5087251427,0.4037677196,0.0029451380999999666,0.013817346600000002,-1,-1,-1,-1
23,1394,0.5105435724,0.4039233971,0.003090484200000021,0.013963321099999981,-1,-1,-1,-1
24,1394,0.512006561,0.4040503589,0.0029123935000000545,0.014267231999999963,-1,-1,-1,-1
25,1394,0.5136149573,0.4043065414,0.003045030700000062,0.013874421299999995,-1,-1,-1,-1
26,1394,0.5152233537,0.4045627239,0.0031776677999999503,0.013481610600000027,-1,-1,-1,-1
27,1394,0.5171965014,0.4047255725,0.0030804648000000157,0.013678165500000006,-1,-1,-1,-1
28,1394,0.519198103,0.4049386736,0.0031235754999999754,0.013865620999999995,-1,-1,-1,-1
29,1394,0.5214178162,0.4051087011,0.003166686199999935,0.014053076599999992,-1,-1,-1,-1
30,1394,0.5233648899,0.4053325706,0.003209796900000006,0.01424053209999998,-1,-1,-1,-1
31,1394,0.5254168663,0.4064675626,0.0026389235000000566,0.013990948499999989,-1,-1,-1,-1
32,1394,0.5272630194,0.4061927972,0.002989026299999975,0.0143969236,-1,-1,-1,-1
33,1394,0.529206111,0.406004179,0.0033391289999999962,0.014802898699999956,-1,-1,-1,-1
34,1394,0.5306685853,0.4063077515,0.0032637083999998984,0.014857303099999997,-1,-1,-1,-1
35,1394,0.532421875,0.4065251769,0.002765401499999931,0.015110312199999976,-1,-1,-1,-1
36,1394,0.533948975,0.4068574651,0.0030566696999999587,0.015209033900000002,-1,-1,-1,-1
37,1394,0.5355024809,0.407318974,0.003176818799999981,0.014704451399999985,-1,-1,-1,-1
38,1394,0.5370031749,0.4075220416,0.002962025999999951,0.015074920499999978,-1,-1,-1,-1
39,1394,0.5381511549,0.4076551032,0.003311189800000003,0.015074920500000033,-1,-1,-1,-1
40,1394,0.5404217997,0.4080541509,0.003011884500000006,0.014897550799999992,-1,-1,-1,-1
