149,2266,0.4041209039,0.3798061306,0.0015806528000000264,0.006876404700000005,-1,-1,-1,-1
150,2266,0.4044370344,0.3798328801,0.0017311544999999984,0.007277784399999987,-1,-1,-1,-1
151,2266,0.4046779914,0.3799398781,0.0017913549999999945,0.0074919175000000005,-1,-1,-1,-1
152,2266,0.4050543226,0.3800468761,0.0015354250999999874,0.0072510349000000085,-1,-1,-1,-1
153,2266,0.4051296506,0.3802341226,0.0017461274000000193,0.007304670999999985,-1,-1,-1,-1
154,2266,0.4050393496,0.3802608721,0.0018063280000000237,0.00730467100000004,-1,-1,-1,-1
155,2266,0.4049490486,0.3802876216,0.0018665287000000363,0.007304670999999985,-1,-1,-1,-1
156,2266,0.4050694499,0.3803678701,0.0016558265000000127,0.007304670999999985,-1,-1,-1,-1
157,2266,0.4049339213,0.3803946196,0.0016558264000000045,0.00730467100000004,-1,-1,-1,-1
158,2266,0.404903821,0.3805551166,0.0016558264000000045,0.007304670999999985,-1,-1,-1,-1
159,2266,0.4048886936,0.3807156136,0.0016558264999999572,0.007304670999999985,-1,-1,-1,-1
160,2266,0.4052951252,0.3809831086,0.0016408534000000308,0.0072780586999999786,-1,-1,-1,-1
161,2266,0.4052498975,0.3809563591,0.0018216098000000125,0.00746530520000005,-1,-1,-1,-1
162,2266,0.4051896969,0.3809563591,0.0018216097000000042,0.00746530520000005,-1,-1,-1,-1
163,2266,0.4051896969,0.3809563591,0.0018216097000000042,0.00746530520000005,-1,-1,-1,-1
164,2266,0.4052498975,0.3810902438,0.0018216098000000125,0.007465305199999994,-1,-1,-1,-1
165,2266,0.4054605998,0.3811972418,0.0018216097000000042,0.00746530520000005,-1,-1,-1,-1
166,2266,0.4052498975,0.3814650111,0.0018216098000000125,0.007625665000000004,-1,-1,-1,-1
167,2266,0.4052498975,0.3814650111,0.0018216098000000125,0.007625665000000004,-1,-1,-1,-1
168,2266,0.4057918577,0.3816256453,0.0018216097000000042,0.007625665000000004,-1,-1,-1,-1
169,2266,0.4058370853,0.3816256453,0.0018216098000000125,0.007625665000000004,-1,-1,-1,-1
170,2266,0.4065295471,0.3817861423,0.0018216097000000042,0.007625665000000004,-1,-1,-1,-1
171,2266,0.4065295471,0.3817861423,0.0018216097000000042,0.007625665000000004,-1,-1,-1,-1
172,2266,0.4068909053,0.3818663908,0.0018216098000000125,0.008053656999999992,-1,-1,-1,-1
173,2266,0.4071016076,0.3819466393,0.0018216096999999487,0.008053656999999992,-1,-1,-1,-1
174,2266,0.4074629658,0.3820803868,0.0017612546999999923,0.007973545699999973,-1,-1,-1,-1
175,2266,0.4073575375,0.3820535001,0.0017612547000000478,0.007973545700000029,-1,-1,-1,-1
176,2266,0.4076435677,0.3821337486,0.0016107532000000369,0.008000432400000035,-1,-1,-1,-1
177,2266,0.4077187414,0.3825351283,0.0015355795000000505,0.007304670999999985,-1,-1,-1,-1
178,2266,0.4078241697,0.3825886273,0.001535579499999995,0.00730467100000004,-1,-1,-1,-1
179,2266,0.4078090423,0.3825886273,0.001535579499999995,0.00730467100000004,-1,-1,-1,-1
180,2266,0.4075381394,0.3827223748,0.001535579499999995,0.00730467100000004,-1,-1,-1,-1
181,2266,0.4075080391,0.3827223748,0.001535579499999995,0.00730467100000004,-1,-1,-1,-1
182,2266,0.4069812063,0.3828561223,0.0019420109999999657,0.007331557699999991,-1,-1,-1,-1
183,2266,0.406845832,0.3828828718,0.0014451241999999809,0.007331557699999991,-1,-1,-1,-1
184,2266,0.4060780423,0.3833110009,0.0016709536999999774,0.007411806200000037,-1,-1,-1,-1
185,2266,0.4056867381,0.3832842514,0.001610598700000021,0.007706050700000022,-1,-1,-1,-1
186,2266,0.4049039753,0.3831505039,0.0018362740000000266,0.007706050700000022,-1,-1,-1,-1
187,2266,0.4042264866,0.3832040029,0.0018362740000000266,0.007706050699999967,-1,-1,-1,-1
188,2266,0.4037748274,0.3832307524,0.0016406991000000315,0.007973682900000001,-1,-1,-1,-1
189,2266,0.4026307064,0.3834982474,0.0016406991000000315,0.007973682900000001,-1,-1,-1,-1
190,2266,0.4019231173,0.3837122434,0.001640699099999976,0.007973682900000001,-1,-1,-1,-1
191,2266,0.4005079391,0.3838459909,0.0016406991000000315,0.007973682900000001,-1,-1,-1,-1
192,2266,0.3990626605,0.3839798756,0.001640699099999976,0.007973682900000001,-1,-1,-1,-1
193,2266,0.397587436,0.3837123806,0.001640699099999976,0.007973682900000001,-1,-1,-1,-1
194,2266,0.3963831144,0.3838728776,0.001640699099999976,0.007973682900000001,-1,-1,-1,-1
195,2266,0.394501304,0.3839531261,0.001640699099999976,0.007973682900000001,-1,-1,-1,-1
196,2266,0.3929507516,0.3839531261,0.0016406990000000232,0.007973682900000001,-1,-1,-1,-1
