51,2211,0.3525254016,0.3830270447,0.0012964749000000109,0.005778577800000018,-1,-1,-1,-1
52,2211,0.3527002922,0.3839230844,0.0012964749000000109,0.005778577700000009,-1,-1,-1,-1
53,2211,0.352618018,0.3839230844,0.001440493300000012,0.006290659199999993,-1,-1,-1,-1
54,2211,0.3527516943,0.3839048398,0.0012656027000000347,0.006528386900000016,-1,-1,-1,-1
55,2211,0.3525048716,0.3839779551,0.001553639699999998,0.006985597499999996,-1,-1,-1,-1
56,2211,0.3527209765,0.3841791937,0.001502083200000004,0.0075706571000000444,-1,-1,-1,-1
57,2211,0.3527209765,0.3841791937,0.001502083200000004,0.0075706571000000444,-1,-1,-1,-1
58,2211,0.3521087823,0.3843152732,0.001502083200000004,0.0075706571000000444,-1,-1,-1,-1
59,2211,0.3514837761,0.3843605416,0.001502083200000004,0.007570657099999989,-1,-1,-1,-1
60,2211,0.3506929866,0.3842470963,0.0015917668000000051,0.007905917400000018,-1,-1,-1,-1
61,2211,0.3496982867,0.3843830386,0.0019359909999999703,0.00835928720000001,-1,-1,-1,-1
62,2211,0.3493156267,0.3840657484,0.0014895800999999986,0.008109899499999962,-1,-1,-1,-1
63,2211,0.3484738982,0.384315136,0.0014895800999999986,0.008109899600000026,-1,-1,-1,-1
64,2211,0.3477979531,0.384315136,0.001336608600000011,0.008041859799999995,-1,-1,-1,-1
65,2211,0.3469816941,0.3842697305,0.001336608600000011,0.008041859699999987,-1,-1,-1,-1
66,2211,0.3463312184,0.3842470963,0.001336608600000011,0.008041859799999995,-1,-1,-1,-1
67,2211,0.3455277713,0.3844056728,0.0013366087000000193,0.008041859799999995,-1,-1,-1,-1
68,2211,0.344596668,0.3845643865,0.0015406734000000255,0.007248565599999979,-1,-1,-1,-1
69,2211,0.3435508748,0.3846324262,0.0017702076999999705,0.007611261500000022,-1,-1,-1,-1
70,2211,0.3430254312,0.3846776946,0.001288139399999999,0.008019362799999985,-1,-1,-1,-1
71,2211,0.3419030751,0.3847683686,0.0014922042000000135,0.007112623299999954,-1,-1,-1,-1
72,2211,0.3413036928,0.3847683686,0.0013007970000000202,0.007248565599999979,-1,-1,-1,-1
73,2211,0.34034712,0.3848590425,0.0013007970000000202,0.007248565699999987,-1,-1,-1,-1
74,2211,0.3392757029,0.3845870207,0.0013007970000000202,0.007248565599999979,-1,-1,-1,-1
75,2211,0.3387656954,0.3847910028,0.0013900173999999987,0.0075886271999999755,-1,-1,-1,-1
76,2211,0.3373372422,0.384722963,0.0017726773999999779,0.007203297300000022,-1,-1,-1,-1
77,2211,0.3368527042,0.3848815395,0.0013898629999999912,0.007611398600000041,-1,-1,-1,-1
78,2211,0.3360237876,0.3847001916,0.001721429699999999,0.008019499999999957,-1,-1,-1,-1
79,2211,0.3356283157,0.3846547861,0.0014792377999999773,0.008019499900000004,-1,-1,-1,-1
80,2211,0.3350289334,0.3849494421,0.0014664259000000124,0.007860923399999997,-1,-1,-1,-1
81,2211,0.3341489234,0.3849268079,0.0014664259999999651,0.007860923399999997,-1,-1,-1,-1
82,2211,0.3338556382,0.3849948477,0.0013642392999999586,0.007815517800000005,-1,-1,-1,-1
83,2211,0.3331414116,0.3852214639,0.0013642392000000059,0.007815517900000013,-1,-1,-1,-1
84,2211,0.3326695312,0.3854934858,0.0013642392000000059,0.008200984999999994,-1,-1,-1,-1
85,2211,0.3323123407,0.3854934858,0.0013261120999999987,0.007135531800000039,-1,-1,-1,-1
86,2211,0.3319424926,0.3855387542,0.0017470535999999925,0.00770234689999999,-1,-1,-1,-1
87,2211,0.3314578003,0.3856067939,0.0015556463999999992,0.007747615299999955,-1,-1,-1,-1
88,2211,0.3310113893,0.3859014499,0.0015556463999999992,0.007747615299999955,-1,-1,-1,-1
89,2211,0.3304502885,0.3857653704,0.0015047073999999716,0.00781565510000004,-1,-1,-1,-1
90,2211,0.3299145027,0.3859240841,0.001440956499999979,0.007679712700000008,-1,-1,-1,-1
91,2211,0.3294171528,0.3860147581,0.001542988799999978,0.007770386599999957,-1,-1,-1,-1
92,2211,0.3289963657,0.3860601636,0.0015429888999999863,0.00777038670000002,-1,-1,-1,-1
93,2211,0.3285501092,0.3863095513,0.001568303900000012,0.007928826,-1,-1,-1,-1
94,2211,0.328244012,0.386377591,0.0015683040000000203,0.007928826,-1,-1,-1,-1
95,2211,0.327823225,0.386853595,0.001568303900000012,0.007928825899999992,-1,-1,-1,-1
