37,1880,0.3618209985,0.3727172389,0.0012674551000000367,0.0053811761999999486,-1,-1,-1,-1
38,1880,0.3618209985,0.3727172389,0.0012674551000000367,0.0053811761999999486,-1,-1,-1,-1
39,1880,0.3618727093,0.3726253303,0.0012674551000000367,0.005381176300000012,-1,-1,-1,-1
40,1880,0.3618469311,0.3726712846,0.0012674551000000367,0.005381176200000004,-1,-1,-1,-1
41,1880,0.361769442,0.3726712846,0.0012992533999999778,0.0051210888000000065,-1,-1,-1,-1
42,1880,0.361769442,0.3726712846,0.0011956773999999837,0.004983226000000007,-1,-1,-1,-1
43,1880,0.3618211528,0.3728091474,0.0011956773999999837,0.004983226000000007,-1,-1,-1,-1
44,1880,0.3617306203,0.3728781474,0.0011181111999999938,0.00489124879999997,-1,-1,-1,-1
45,1880,0.3616400878,0.3729471474,0.0010405450000000038,0.004799271699999996,-1,-1,-1,-1
46,1880,0.3614590228,0.3728091474,0.0011441210000000535,0.004845363200000008,-1,-1,-1,-1
47,1880,0.3614590228,0.372910384,0.0012151269000000298,0.004989261800000033,-1,-1,-1,-1
48,1880,0.3617061542,0.3728090102,0.0010249545000000082,0.004888025199999979,-1,-1,-1,-1
49,1880,0.3617441269,0.3727752647,0.0010249545000000082,0.004888025199999979,-1,-1,-1,-1
