82,1418,0.3141559808,0.4280788262,0.003638434299999993,0.019698057200000008,-1,-1,-1,-1
83,1418,0.3177527377,0.4272611146,0.0037637751999999858,0.020292856299999995,-1,-1,-1,-1
84,1418,0.3212017715,0.4293651848,0.0032241304999999776,0.018494004699999955,-1,-1,-1,-1
85,1418,0.3239929975,0.4307003249,0.0032469673000000143,0.018574332299999996,-1,-1,-1,-1
86,1418,0.3260183951,0.43247406,0.003810283099999978,0.020697168599999982,-1,-1,-1,-1
87,1418,0.3280468935,0.4325868714,0.00440148709999999,0.020567758800000002,-1,-1,-1,-1
88,1418,0.3303711118,0.4325031203,0.005090185699999972,0.020770305099999997,-1,-1,-1,-1
89,1418,0.3328943008,0.4322149756,0.0036015215999999906,0.02095625299999998,-1,-1,-1,-1
90,1418,0.3343167562,0.4324534004,0.004794243899999995,0.020922221799999974,-1,-1,-1,-1
91,1418,0.3370946264,0.4325640905,0.004890259800000019,0.020964758400000005,-1,-1,-1,-1
92,1418,0.340039585,0.432791265,0.0054800052000000266,0.020838733100000006,-1,-1,-1,-1
93,1418,0.3444673164,0.4324848118,0.004386000300000026,0.020807177400000043,-1,-1,-1,-1
94,1418,0.3478382606,0.4324586262,0.004302577199999991,0.02071081330000002,-1,-1,-1,-1
95,1418,0.3505733548,0.4321133672,0.004314844900000003,0.020547151699999988,-1,-1,-1,-1
96,1418,0.3526762761,0.4322058004,0.005430651399999986,0.02045471849999997,-1,-1,-1,-1
97,1418,0.3563214658,0.4320599346,0.005952426799999966,0.020191934300000047,-1,-1,-1,-1
98,1418,0.3601677875,0.4320672953,0.005640963399999976,0.020337800200000034,-1,-1,-1,-1
99,1418,0.3643662443,0.4316278365,0.005437050900000018,0.020368609000000037,-1,-1,-1,-1
100,1418,0.3681622315,0.4314632552,0.004313663500000009,0.02029121020000002,-1,-1,-1,-1
101,1418,0.3718433745,0.4313969302,0.004081245600000005,0.020242032200000037,-1,-1,-1,-1
102,1418,0.3747198354,0.4313100286,0.003532542999999999,0.019909446800000008,-1,-1,-1,-1
103,1418,0.3767120651,0.4313847169,0.004730175599999997,0.01979456569999999,-1,-1,-1,-1
104,1418,0.3806951353,0.4311420071,0.005300104400000005,0.01983288179999998,-1,-1,-1,-1
105,1418,0.383639588,0.4310132809,0.00536076640000005,0.020012774999999983,-1,-1,-1,-1
106,1418,0.3873550849,0.4307866103,0.0053812597000000295,0.019830795600000006,-1,-1,-1,-1
107,1418,0.3904826502,0.4302884721,0.0037480596999999727,0.020182553500000033,-1,-1,-1,-1
108,1418,0.3939351292,0.4302217904,0.004088992999999985,0.020293418699999954,-1,-1,-1,-1
109,1418,0.3963847958,0.4303650351,0.004771766600000005,0.020099144199999974,-1,-1,-1,-1
110,1418,0.3993877102,0.4303358999,0.004384029999999983,0.019770659100000032,-1,-1,-1,-1
111,1418,0.4025178177,0.4302557348,0.006139436300000023,0.02005521779999997,-1,-1,-1,-1
112,1418,0.4060551801,0.4304394982,0.00538967239999999,0.019718227799999988,-1,-1,-1,-1
113,1418,0.409701768,0.4305437583,0.006025048300000002,0.019598494199999983,-1,-1,-1,-1
114,1418,0.4134706095,0.4304927285,0.0052736483000000445,0.019506475900000042,-1,-1,-1,-1
115,1418,0.417153112,0.4303905317,0.005269559500000021,0.019618851199999954,-1,-1,-1,-1
116,1418,0.4201602867,0.4303122723,0.003038355699999995,0.019487833499999996,-1,-1,-1,-1
117,1418,0.4227361779,0.4301319532,0.0048594268999999635,0.019514926000000044,-1,-1,-1,-1
118,1418,0.4251375007,0.4299682032,0.004354733100000008,0.019525449299999997,-1,-1,-1,-1
119,1418,0.42699285,0.4297022563,0.0047697199000000245,0.019331716400000032,-1,-1,-1,-1
120,1418,0.429899511,0.4297265954,0.005254207499999997,0.019224120799999966,-1,-1,-1,-1
121,1418,0.4326206585,0.4296243986,0.004659686300000021,0.019015734000000006,-1,-1,-1,-1
122,1418,0.4352814819,0.4293438444,0.004843883599999987,0.01902605479999997,-1,-1,-1,-1
123,1418,0.4379390809,0.4290234631,0.0033070970999999894,0.018937923199999984,-1,-1,-1,-1
124,1418,0.440470876,0.4287222352,0.004166450599999982,0.019136954299999953,-1,-1,-1,-1
125,1418,0.4427687044,0.4283408371,0.0036502526000000146,0.01885427900000003,-1,-1,-1,-1
126,1418,0.4443433534,0.4282062432,0.0044896494000000176,0.01863138980000001,-1,-1,-1,-1
127,1418,0.4470904639,0.4283474187,0.004501426400000008,0.018270206300000036,-1,-1,-1,-1
128,1418,0.4496078086,0.4280921324,0.004196841200000023,0.018164981100000033,-1,-1,-1,-1
129,1418,0.4518567716,0.4280409654,0.004218214300000023,0.017787596900000036,-1,-1,-1,-1
130,1418,0.4541344457,0.4276834824,0.0036936139000000034,0.017920785100000003,-1,-1,-1,-1
131,1418,0.4563546977,0.4278394525,0.0035640222000000166,0.017132007399999982,-1,-1,-1,-1
132,1418,0.4581238145,0.4276727826,0.003602622700000002,0.017068238299999983,-1,-1,-1,-1
133,1418,0.4597964663,0.4273984287,0.003602622599999994,0.01706823839999999,-1,-1,-1,-1
134,1418,0.4623441884,0.4269866236,0.003673474199999971,0.01706823839999999,-1,-1,-1,-1
135,1418,0.4637852992,0.4262549219,0.004419653400000001,0.017409808900000046,-1,-1,-1,-1
136,1418,0.466101326,0.426117745,0.0047541529000000304,0.017546985800000026,-1,-1,-1,-1
137,1418,0.4679798948,0.4245627074,0.0039050151999999727,0.017821339699999994,-1,-1,-1,-1
138,1418,0.4708619621,0.4242882164,0.00390501510000002,0.01782133970000005,-1,-1,-1,-1
139,1418,0.4717267021,0.4239060167,0.0038829106000000113,0.0177188868,-1,-1,-1,-1
140,1418,0.4725914421,0.4235238169,0.003860806200000011,0.01761643399999996,-1,-1,-1,-1
141,1418,0.473456182,0.4231416172,0.0038387018000000106,0.01751398110000002,-1,-1,-1,-1
142,1418,0.474320922,0.4227594175,0.0038165974000000102,0.01741152819999997,-1,-1,-1,-1
143,1418,0.475185662,0.4223772178,0.0037944929000000016,0.017309075300000032,-1,-1,-1,-1
144,1418,0.476050402,0.421995018,0.0037723885000000013,0.01720662249999999,-1,-1,-1,-1
145,1418,0.476915142,0.4216128183,0.0037502839999999926,0.017104169599999997,-1,-1,-1,-1
146,1418,0.477779882,0.4212306186,0.0037281795999999923,0.017001716700000002,-1,-1,-1,-1
147,1418,0.478644622,0.4208484189,0.0037060750999999836,0.016899263799999953,-1,-1,-1,-1
148,1418,0.479509362,0.4204662192,0.0036839706999999833,0.016796810900000014,-1,-1,-1,-1
149,1418,0.4803741019,0.4200840194,0.003661866299999983,0.016694358099999973,-1,-1,-1,-1
150,1418,0.4812388419,0.4197018197,0.00363976180000003,0.016591905200000034,-1,-1,-1,-1
151,1418,0.4821035819,0.41931962,0.003617657399999974,0.016489452399999993,-1,-1,-1,-1
152,1418,0.4829683219,0.4189374203,0.003595552900000021,0.0163869995,-1,-1,-1,-1
153,1418,0.4838975626,0.4186698612,0.0035734485000000205,0.016284546700000013,-1,-1,-1,-1
154,1418,0.4852522314,0.4184558652,0.0035134022000000154,0.0162310477,-1,-1,-1,-1
155,1418,0.4862327301,0.4180890542,0.003326317199999984,0.016398129100000047,-1,-1,-1,-1
156,1418,0.4868004685,0.4176762888,0.003300538899999983,0.016581534699999956,-1,-1,-1,-1
157,1418,0.4872907179,0.4175387004,0.0034295844000000186,0.016306357699999996,-1,-1,-1,-1
158,1418,0.4882971491,0.4168965752,0.0033520954000000325,0.016398129099999992,-1,-1,-1,-1
159,1418,0.4898909345,0.4165273477,0.00335350830000003,0.016366251300000023,-1,-1,-1,-1
160,1418,0.4914390162,0.4162982807,0.003319514400000001,0.01609325079999996,-1,-1,-1,-1
161,1418,0.49282189,0.4160651857,0.00338176480000002,0.016104942199999972,-1,-1,-1,-1
162,1418,0.4947302845,0.4158747443,0.0037654711999999813,0.01595711900000002,-1,-1,-1,-1
163,1418,0.4963896438,0.4155204163,0.0035262296999999942,0.016022413700000016,-1,-1,-1,-1
164,1418,0.4987448938,0.4152105337,0.0035332760999999824,0.015764097300000002,-1,-1,-1,-1
165,1418,0.5005137122,0.4148118975,0.002703306600000066,0.01586941009999998,-1,-1,-1,-1
166,1418,0.502063853,0.4145068846,0.003457626600000041,0.015936323099999983,-1,-1,-1,-1
167,1418,0.5036586967,0.4143434932,0.0032578942,0.01592261909999998,-1,-1,-1,-1
168,1418,0.5048361493,0.413892236,0.00328603670000005,0.015937893699999983,-1,-1,-1,-1
169,1418,0.5066200333,0.413677106,0.0035105001999999885,0.015880487499999985,-1,-1,-1,-1
170,1418,0.5077188648,0.413461976,0.0034332273000000635,0.015829905799999988,-1,-1,-1,-1
171,1418,0.5096645188,0.413246846,0.0033704642999999868,0.01598371770000001,-1,-1,-1,-1
172,1418,0.5112503724,0.412996361,0.002766807300000007,0.015617107000000019,-1,-1,-1,-1
173,1418,0.5131643195,0.412602286,0.003294382200000001,0.015538269900000012,-1,-1,-1,-1
174,1418,0.514724907,0.4122684815,0.002780205400000013,0.015517883600000004,-1,-1,-1,-1
175,1418,0.5162057364,0.4119922777,0.0030433424000000375,0.015528375699999986,-1,-1,-1,-1
176,1418,0.5176090253,0.4119031526,0.0026117535999999886,0.01521900180000002,-1,-1,-1,-1
177,1418,0.5182401445,0.4116701633,0.00364989019999995,0.015141971300000001,-1,-1,-1,-1
178,1418,0.5196968064,0.411443347,0.004186332699999906,0.01483736419999998,-1,-1,-1,-1
179,1418,0.520646831,0.4110025117,0.0035851631000000106,0.014569817799999996,-1,-1,-1,-1
180,1418,0.5219258289,0.4107920514,0.0030037208999998954,0.014425950199999982,-1,-1,-1,-1
181,1418,0.5231799748,0.4106035738,0.002946757399999944,0.014386954100000016,-1,-1,-1,-1
182,1418,0.5241434081,0.410488943,0.0030532361999999758,0.014374867800000024,-1,-1,-1,-1
183,1418,0.5256176208,0.4104407744,0.00291455169999999,0.01432241710000004,-1,-1,-1,-1
184,1418,0.5270666727,0.4103926058,0.0027758670999999957,0.0142699664,-1,-1,-1,-1
185,1418,0.5293770653,0.4095169541,0.002578208400000004,0.014682646000000021,-1,-1,-1,-1
186,1418,0.5309115313,0.4091285156,0.002633833299999999,0.014696728699999995,-1,-1,-1,-1
187,1418,0.5325622564,0.4090554052,0.0029308085000000483,0.014609479300000006,-1,-1,-1,-1
188,1418,0.5343275172,0.4090024824,0.0029381633999999712,0.014643828299999995,-1,-1,-1,-1
189,1418,0.5357876842,0.4089274054,0.002645333200000044,0.014563675900000017,-1,-1,-1,-1
190,1418,0.5372643163,0.4086900025,0.003286374499999911,0.014889557900000017,-1,-1,-1,-1
191,1418,0.5385168168,0.408518856,0.003126978800000013,0.0148353913,-1,-1,-1,-1
192,1418,0.5397693173,0.4083477095,0.002967582999999996,0.014781224699999984,-1,-1,-1,-1
193,1418,0.5413272791,0.407921638,0.002967582999999996,0.01478122470000004,-1,-1,-1,-1
