1,427,0.1406046481,0.4491776165,0.0070031980999999965,0.03865051159999999,-1,-1,-1,-1
2,427,0.1405124398,0.4491776165,0.006957204200000011,0.038732387000000035,-1,-1,-1,-1
3,427,0.1404202316,0.4491776165,0.0070954797999999986,0.03889613759999999,-1,-1,-1,-1
4,427,0.1404202316,0.4491776165,0.007102459700000008,0.03856380470000004,-1,-1,-1,-1
5,427,0.1404442204,0.4491776165,0.007102459799999988,0.03860643990000001,-1,-1,-1,-1
6,427,0.1404682092,0.4491776165,0.007102459799999988,0.038649075199999994,-1,-1,-1,-1
7,427,0.1404682092,0.4491776165,0.007150437499999995,0.03881948560000004,-1,-1,-1,-1
8,427,0.1404682092,0.4491776165,0.007102459799999988,0.03873428039999999,-1,-1,-1,-1
9,427,0.1404682092,0.4491776165,0.007054482100000009,0.038649075199999994,-1,-1,-1,-1
10,427,0.1403722539,0.4491776165,0.007198415099999994,0.038649075199999994,-1,-1,-1,-1
11,427,0.1404682092,0.4491776165,0.007102459799999988,0.038649075199999994,-1,-1,-1,-1
12,427,0.1404682092,0.4491776165,0.007095287000000006,0.03866345560000001,-1,-1,-1,-1
13,427,0.1404682092,0.4491776165,0.0070881143000000035,0.03867783610000003,-1,-1,-1,-1
14,427,0.1404682092,0.4491776165,0.007080941499999993,0.03869221649999999,-1,-1,-1,-1
15,427,0.1404682092,0.4491776165,0.0070737687000000105,0.0387065969,-1,-1,-1,-1
16,427,0.1404682092,0.4491776165,0.0070665959,0.038720977300000015,-1,-1,-1,-1
17,427,0.1404682092,0.4491776165,0.007059423199999998,0.03873535770000003,-1,-1,-1,-1
18,427,0.1404682092,0.4491776165,0.0070522503999999875,0.038749738199999995,-1,-1,-1,-1
19,427,0.1404682092,0.4491776165,0.007045077600000005,0.03876411860000001,-1,-1,-1,-1
20,427,0.140450037,0.4493389296,0.00707686669999999,0.038613165000000005,-1,-1,-1,-1
21,427,0.1404318647,0.4495002427,0.007108656000000019,0.03846221150000001,-1,-1,-1,-1
22,427,0.1404136925,0.4496615558,0.0071404451000000035,0.038311257900000006,-1,-1,-1,-1
23,427,0.1404136925,0.4496615558,0.007031558600000015,0.038311257900000006,-1,-1,-1,-1
24,427,0.140522579,0.4496615558,0.0070315585999999874,0.038311257900000006,-1,-1,-1,-1
25,427,0.1406247428,0.449622825,0.006907602799999996,0.038311257900000006,-1,-1,-1,-1
26,427,0.1407269066,0.4495840942,0.006783647000000004,0.038311257900000006,-1,-1,-1,-1
27,427,0.1406224774,0.4495453634,0.006866284199999989,0.038311257900000006,-1,-1,-1,-1
28,427,0.1405180482,0.4495066325,0.006948921400000002,0.038311257900000006,-1,-1,-1,-1
29,427,0.140413619,0.4494679017,0.007031558600000015,0.038311257900000006,-1,-1,-1,-1
30,427,0.1403863974,0.4495646635,0.007140481899999995,0.03831132309999996,-1,-1,-1,-1
31,427,0.1403591757,0.4496614253,0.007249405200000003,0.038311388400000035,-1,-1,-1,-1
32,427,0.1406859089,0.4493710094,0.007358438600000017,0.03840815019999999,-1,-1,-1,-1
33,427,0.1398749906,0.4500484723,0.007570260500000009,0.037149986199999985,-1,-1,-1,-1
34,427,0.1367161785,0.4495644023,0.007951510299999992,0.03744040209999999,-1,-1,-1,-1
35,427,0.1364983319,0.4489835706,0.0077335903000000095,0.036859700900000014,-1,-1,-1,-1
36,427,0.1346465992,0.4489835706,0.008060396900000016,0.03676293920000001,-1,-1,-1,-1
37,427,0.1334451,0.4488652627,0.007954816699999978,0.036881247100000014,-1,-1,-1,-1
38,427,0.1333394463,0.4482090848,0.00816943040000001,0.036666308000000036,-1,-1,-1,-1
39,427,0.1320868101,0.4480155613,0.0077881804999999915,0.03647265390000004,-1,-1,-1,-1
40,427,0.1320868101,0.4478220378,0.007624777199999988,0.03637576149999999,-1,-1,-1,-1
41,427,0.1323046566,0.4474348601,0.007352487400000024,0.0363757616,-1,-1,-1,-1
42,427,0.1316511169,0.4471444443,0.007352487399999996,0.0366661774,-1,-1,-1,-1
43,427,0.1312154237,0.4473379678,0.007515817199999997,0.0366661774,-1,-1,-1,-1
44,427,0.1311243911,0.4473379678,0.007639471700000011,0.0365335054,-1,-1,-1,-1
45,427,0.1311243911,0.4473379678,0.007502886000000014,0.03661446669999996,-1,-1,-1,-1
46,427,0.1310333584,0.4473379678,0.007457332900000002,0.0365335054,-1,-1,-1,-1
47,427,0.1310333584,0.4473379678,0.007457332900000002,0.0365335054,-1,-1,-1,-1
48,427,0.1310010304,0.4473379678,0.007520421500000013,0.036511611,-1,-1,-1,-1
49,427,0.1309687024,0.4473379678,0.0075835100000000155,0.03648971670000001,-1,-1,-1,-1
50,427,0.1309363744,0.4473379678,0.007646598599999999,0.03646782230000001,-1,-1,-1,-1
51,427,0.1310819238,0.4473379678,0.0075496147000000124,0.03646782230000001,-1,-1,-1,-1
52,427,0.1310819238,0.4473379678,0.0075496147000000124,0.03646782230000001,-1,-1,-1,-1
53,427,0.1312760387,0.4473379678,0.0075496147000000124,0.03646782230000001,-1,-1,-1,-1
54,427,0.1312275467,0.4473379678,0.007355426299999995,0.03655400689999999,-1,-1,-1,-1
55,427,0.1311304893,0.4473379678,0.007501049199999998,0.03655400689999999,-1,-1,-1,-1
56,427,0.1312170401,0.447414881,0.007415086200000004,0.03642068200000004,-1,-1,-1,-1
57,427,0.131260389,0.4473379678,0.00736336139999999,0.036603889499999986,-1,-1,-1,-1
58,427,0.131260389,0.4473379678,0.0074644597999999895,0.036603889499999986,-1,-1,-1,-1
59,427,0.131260389,0.4473379678,0.0074644597999999895,0.036574247199999965,-1,-1,-1,-1
60,427,0.1312369512,0.4473796236,0.0074644597999999895,0.03657431259999999,-1,-1,-1,-1
61,427,0.1312135135,0.4474212795,0.007464459700000009,0.0365743778,-1,-1,-1,-1
62,427,0.1310258642,0.4474212795,0.007698984599999986,0.03665768959999999,-1,-1,-1,-1
63,427,0.1311666379,0.4475045913,0.007538152900000011,0.03637484750000003,-1,-1,-1,-1
64,427,0.1311223338,0.4475045913,0.007538152900000011,0.03637484750000003,-1,-1,-1,-1
65,427,0.131055841,0.4475045913,0.007691086399999991,0.036380723700000006,-1,-1,-1,-1
66,427,0.1309893482,0.4475045913,0.007844019800000018,0.03638659990000004,-1,-1,-1,-1
67,427,0.1309893482,0.4474258499,0.007622499599999999,0.03630785860000002,-1,-1,-1,-1
68,427,0.1309893482,0.4474258499,0.007489514000000003,0.0362291173,-1,-1,-1,-1
69,427,0.1309893482,0.4474258499,0.007489514000000003,0.0362291173,-1,-1,-1,-1
70,427,0.1309893482,0.4475045913,0.007533817999999998,0.03638659990000004,-1,-1,-1,-1
71,427,0.1310336523,0.4473471086,0.007533817999999998,0.036622824,-1,-1,-1,-1
72,427,0.1311183908,0.4473169875,0.007500755299999995,0.036592267700000014,-1,-1,-1,-1
73,427,0.1312031293,0.4472868665,0.007467692599999992,0.03656171120000001,-1,-1,-1,-1
74,427,0.1312878678,0.4472567454,0.007434629899999989,0.03653115490000003,-1,-1,-1,-1
75,427,0.1312709201,0.4473169875,0.007468525300000001,0.03647091280000003,-1,-1,-1,-1
76,427,0.1312539724,0.4473772297,0.007502420699999984,0.03641067060000003,-1,-1,-1,-1
77,427,0.1312370247,0.4474374718,0.007536316099999996,0.03635042850000003,-1,-1,-1,-1
78,427,0.1312878678,0.4474374718,0.007587085799999976,0.03653115490000003,-1,-1,-1,-1
79,427,0.131135412,0.4471663822,0.007587085699999996,0.036802244500000025,-1,-1,-1,-1
80,427,0.1310845689,0.4472567454,0.007383713200000003,0.03662151810000003,-1,-1,-1,-1
81,427,0.1308811964,0.4473471086,0.007688771999999983,0.03644079170000003,-1,-1,-1,-1
82,427,0.1307795102,0.4473471086,0.007637928799999999,0.03644079170000003,-1,-1,-1,-1
83,427,0.1307795102,0.4473471086,0.007688771900000002,0.03648597330000003,-1,-1,-1,-1
84,427,0.1307795102,0.4473471086,0.007739615000000005,0.03653115490000003,-1,-1,-1,-1
85,427,0.1310264519,0.4473471086,0.007492673300000002,0.03653115490000003,-1,-1,-1,-1
86,427,0.1310264519,0.447119503,0.007428188799999985,0.03674282940000001,-1,-1,-1,-1
87,427,0.1310264519,0.4468918974,0.0073637041999999875,0.036954504,-1,-1,-1,-1
88,427,0.1310264519,0.4466642918,0.007299219699999998,0.03716617849999998,-1,-1,-1,-1
89,427,0.1299699879,0.4467496929,0.008259654899999996,0.03708077739999999,-1,-1,-1,-1
90,427,0.1290096261,0.447091036,0.008739798999999993,0.036824835300000025,-1,-1,-1,-1
91,427,0.1306422631,0.4469203644,0.007443299700000017,0.03614201859999999,-1,-1,-1,-1
92,427,0.1301139944,0.4474325097,0.007203190800000009,0.03494705650000002,-1,-1,-1,-1
93,427,0.130450132,0.4467496929,0.006530915599999992,0.03537380070000001,-1,-1,-1,-1
94,427,0.1292016103,0.4460668761,0.0074432996000000085,0.035459201800000006,-1,-1,-1,-1
95,427,0.1270847881,0.4456401319,0.00835957779999999,0.0355446029,-1,-1,-1,-1
96,427,0.1273674376,0.4451279867,0.005531833700000016,0.03614201860000005,-1,-1,-1,-1
97,427,0.127184711,0.4448720447,0.0056665090999999945,0.0360566175,-1,-1,-1,-1
98,427,0.1264643845,0.4456402625,0.006050697999999993,0.03537367010000003,-1,-1,-1,-1
99,427,0.1257921093,0.4458109341,0.006098748999999987,0.03537380070000001,-1,-1,-1,-1
100,427,0.1247836963,0.4458963351,0.00648286440000001,0.03537367020000004,-1,-1,-1,-1
101,427,0.1258881381,0.4467498235,0.006626944400000001,0.03503232700000003,-1,-1,-1,-1
102,427,0.1260883512,0.4470058961,0.006695714800000002,0.035315822,-1,-1,-1,-1
103,427,0.1261909191,0.4466296874,0.0067794737000000105,0.03526659240000002,-1,-1,-1,-1
104,427,0.1260613867,0.4468943785,0.006909006100000004,0.03500190129999997,-1,-1,-1,-1
105,427,0.1259318544,0.4470943005,0.007038538400000016,0.03480197930000001,-1,-1,-1,-1
106,427,0.1258943588,0.4469394295,0.006994920200000004,0.03495685030000001,-1,-1,-1,-1
107,427,0.1258568633,0.4467845584,0.006951301799999976,0.03511172140000002,-1,-1,-1,-1
108,427,0.1258193677,0.4466296874,0.00690768360000002,0.03526659240000002,-1,-1,-1,-1
109,427,0.1261322144,0.4467299749,0.006650896500000003,0.0351322228,-1,-1,-1,-1
110,427,0.1259192538,0.4467299749,0.00677925330000001,0.035232445,-1,-1,-1,-1
111,427,0.1257062931,0.4467299749,0.006907610199999997,0.0353326672,-1,-1,-1,-1
112,427,0.1257062931,0.4467299749,0.006978805300000002,0.03540768690000001,-1,-1,-1,-1
113,427,0.1257062931,0.4467299749,0.007050000299999998,0.03548270670000003,-1,-1,-1,-1
114,427,0.1262607917,0.447124204,0.006661843899999992,0.03498988759999999,-1,-1,-1,-1
115,427,0.1262607917,0.447518433,0.006550900099999979,0.0348912978,-1,-1,-1,-1
116,427,0.1263162636,0.4479126621,0.006606371999999999,0.03420142949999999,-1,-1,-1,-1
117,427,0.1261498479,0.4476943279,0.006606445500000002,0.034419763699999995,-1,-1,-1,-1
118,427,0.1263161901,0.448109842,0.006384631400000007,0.034102839600000046,-1,-1,-1,-1
119,427,0.1264271339,0.448011252,0.0064400298000000245,0.0342014296,-1,-1,-1,-1
120,427,0.1263161901,0.4477156129,0.006384631400000007,0.03439847870000001,-1,-1,-1,-1
121,427,0.1263674006,0.447575193,0.006357813800000001,0.03455987020000001,-1,-1,-1,-1
122,427,0.126418611,0.4474347731,0.006330996400000011,0.0347212616,-1,-1,-1,-1
123,427,0.1264698215,0.4472943532,0.006304178800000004,0.034882653099999994,-1,-1,-1,-1
124,427,0.1266008234,0.4471356952,0.006197569799999997,0.0350622827,-1,-1,-1,-1
125,427,0.1267318252,0.4469770373,0.006090960999999978,0.0352419122,-1,-1,-1,-1
126,427,0.1268505571,0.4469770373,0.005912863099999999,0.03513640140000002,-1,-1,-1,-1
127,427,0.1268505571,0.4469770373,0.005912863099999999,0.0352419122,-1,-1,-1,-1
128,427,0.1266582423,0.4470197378,0.0060695803999999964,0.035214946999999996,-1,-1,-1,-1
129,427,0.1264659275,0.4470624384,0.006226297700000022,0.03518798160000003,-1,-1,-1,-1
130,427,0.126321774,0.4474041732,0.006370451200000016,0.034846246800000036,-1,-1,-1,-1
131,427,0.1263631208,0.447361168,0.006367065300000002,0.03487810890000004,-1,-1,-1,-1
132,427,0.1264044676,0.4473181628,0.006363679400000016,0.03490997100000004,-1,-1,-1,-1
133,427,0.1264458143,0.4472751575,0.006360293600000011,0.0349418333,-1,-1,-1,-1
134,427,0.1264871611,0.4472321523,0.006356907699999997,0.034973695400000004,-1,-1,-1,-1
135,427,0.1263318765,0.4479908812,0.006550153199999992,0.03420382349999995,-1,-1,-1,-1
136,427,0.1261765919,0.4471461419,0.006743398700000014,0.03503741969999996,-1,-1,-1,-1
137,427,0.126224937,0.446200201,0.006743472099999981,0.03606928399999998,-1,-1,-1,-1
138,427,0.1246280077,0.4466302097,0.008001692200000007,0.03520926660000001,-1,-1,-1,-1
139,427,0.1220148773,0.4465442863,0.007566219499999985,0.03529519000000003,-1,-1,-1,-1
140,427,0.1212890405,0.4455122915,0.007614564500000004,0.03598323000000003,-1,-1,-1,-1
141,427,0.119498584,0.4455122915,0.0075178010000000045,0.03512321260000001,-1,-1,-1,-1
142,427,0.1182887824,0.4451683367,0.008292056400000011,0.03512308199999997,-1,-1,-1,-1
143,427,0.1179500732,0.4446524046,0.0074693824999999825,0.0348650506,-1,-1,-1,-1
144,427,0.1163047989,0.4444804272,0.008098455799999987,0.03486492010000003,-1,-1,-1,-1
145,427,0.1157962208,0.4463724395,0.007977960499999992,0.034161079500000024,-1,-1,-1,-1
146,427,0.1151917608,0.4491245999,0.008001765699999996,0.0340909566,-1,-1,-1,-1
147,427,0.1146908974,0.4506995575,0.008764853199999992,0.035360220100000006,-1,-1,-1,-1
148,427,0.1153065987,0.4532201948,0.007900814199999995,0.03470639270000003,-1,-1,-1,-1
149,427,0.1152495104,0.4542793508,0.007401640599999995,0.03427964850000004,-1,-1,-1,-1
150,427,0.1155786681,0.4560667664,0.00714162069999999,0.033652590500000024,-1,-1,-1,-1
151,427,0.1142037733,0.4574518568,0.0075910532999999975,0.03176318989999999,-1,-1,-1,-1
152,427,0.1141063485,0.4567695624,0.007006577900000005,0.0322826477,-1,-1,-1,-1
153,427,0.1139114989,0.4564693528,0.006909153000000001,0.0322826477,-1,-1,-1,-1
154,427,0.1161919448,0.4554608628,0.0070032715999999995,0.03323485660000003,-1,-1,-1,-1
155,427,0.1182956889,0.455010222,0.007347711600000001,0.03270469100000001,-1,-1,-1,-1
156,427,0.122562396,0.4551201726,0.005964440899999993,0.03285864790000004,-1,-1,-1,-1
157,427,0.1272199044,0.4542892751,0.006166784799999991,0.03414658479999999,-1,-1,-1,-1
158,427,0.1340652097,0.4526670466,0.005203337200000019,0.03414671539999997,-1,-1,-1,-1
159,427,0.139824074,0.4519433574,0.005958122300000007,0.0297289731,-1,-1,-1,-1
160,427,0.1468543836,0.4508798921,0.006307117599999995,0.032322344899999966,-1,-1,-1,-1
161,427,0.1543816625,0.4500675374,0.006144008300000003,0.03338424309999999,-1,-1,-1,-1
162,427,0.1616592077,0.4493746657,0.005812205500000001,0.03373159310000001,-1,-1,-1,-1
163,427,0.169252759,0.4489609798,0.005748651699999996,0.029047462100000032,-1,-1,-1,-1
164,427,0.1766582937,0.4488851113,0.0056221315999999966,0.02708454340000005,-1,-1,-1,-1
165,427,0.1837694967,0.4475721025,0.005241983899999997,0.026086500099999965,-1,-1,-1,-1
166,427,0.1913277811,0.4467776376,0.004835606299999989,0.028975380400000028,-1,-1,-1,-1
167,427,0.198520245,0.4463443643,0.006014108499999976,0.02940865370000001,-1,-1,-1,-1
168,427,0.2045343535,0.4456943237,0.007050734900000022,0.026664328399999992,-1,-1,-1,-1
169,427,0.2139618571,0.4446832221,0.0054857663,0.026447561100000017,-1,-1,-1,-1
170,427,0.2203822697,0.444972071,0.005851513400000008,0.028253258299999973,-1,-1,-1,-1
171,427,0.2290376486,0.444972071,0.005120019099999984,0.027892066599999987,-1,-1,-1,-1
172,427,0.2361082212,0.4448998588,0.005404505400000009,0.02738658110000003,-1,-1,-1,-1
173,427,0.2436258017,0.4438887571,0.004965432599999986,0.028975380500000036,-1,-1,-1,-1
174,427,0.2509808607,0.4438887571,0.004998201300000005,0.02868653160000001,-1,-1,-1,-1
175,427,0.2599612828,0.4436721205,0.0049982013999999575,0.02868653160000001,-1,-1,-1,-1
176,427,0.2678446105,0.4425888067,0.005038905299999952,0.02868653160000001,-1,-1,-1,-1
177,427,0.2735568197,0.4424650143,0.005038905199999999,0.02868653160000001,-1,-1,-1,-1
178,427,0.2776358775,0.442078359,0.005038905300000007,0.02868653160000001,-1,-1,-1,-1
179,427,0.2827760282,0.4419206804,0.005038905199999999,0.02868653160000001,-1,-1,-1,-1
180,427,0.2879161788,0.4417630019,0.005038905300000007,0.02868653160000001,-1,-1,-1,-1
181,427,0.2920751749,0.4419207457,0.006872930999999971,0.027424058400000006,-1,-1,-1,-1
182,427,0.2963514335,0.4410538074,0.007208407400000005,0.02813338339999999,-1,-1,-1,-1
183,427,0.3023351978,0.4403444823,0.007654386700000015,0.02813338339999999,-1,-1,-1,-1
184,427,0.3074790221,0.4396351572,0.007654386700000015,0.02813338339999999,-1,-1,-1,-1
185,427,0.312004647,0.4402573184,0.006873886199999957,0.0277539101,-1,-1,-1,-1
186,427,0.3165302719,0.4408794795,0.006093385600000001,0.02737443690000002,-1,-1,-1,-1
187,427,0.3216739493,0.4405982044,0.005846076400000011,0.027443253999999973,-1,-1,-1,-1
188,427,0.329231352,0.4405278204,0.004856839900000021,0.027513638000000007,-1,-1,-1,-1
189,427,0.3346520215,0.4407387114,0.007824402600000002,0.026951087900000004,-1,-1,-1,-1
190,427,0.3413387727,0.4401059078,0.006874988199999987,0.027302616400000035,-1,-1,-1,-1
191,427,0.3498457367,0.4398246327,0.0046591983,0.027794913099999985,-1,-1,-1,-1
192,427,0.3573239359,0.4396136111,0.005767019799999995,0.0276542756,-1,-1,-1,-1
193,427,0.3631403293,0.4397542486,0.008259654899999969,0.02702147199999999,-1,-1,-1,-1
194,427,0.3714891801,0.4394027201,0.005687669300000031,0.027373000500000022,-1,-1,-1,-1
195,427,0.3799464766,0.439051061,0.003759010699999954,0.027654275499999992,-1,-1,-1,-1
196,427,0.3853853673,0.4393498341,0.00742044959999999,0.027496140000000002,-1,-1,-1,-1
197,427,0.3913813281,0.4394202182,0.0070035654000000225,0.02735550240000001,-1,-1,-1,-1
198,427,0.3986220634,0.4391389431,0.005104296000000008,0.027425755900000015,-1,-1,-1,-1
199,427,0.4062805646,0.4391149159,0.0040019115000000105,0.027449783100000014,-1,-1,-1,-1
200,427,0.4099157004,0.4391150465,0.0047689664999999715,0.027383316500000032,-1,-1,-1,-1
201,427,0.4135174795,0.4395300382,0.006002867199999984,0.027027609300000033,-1,-1,-1,-1
202,427,0.4170525453,0.4398857454,0.006736418699999969,0.026612617600000055,-1,-1,-1,-1
203,427,0.4213211627,0.4399448993,0.005969510600000005,0.02679047129999995,-1,-1,-1,-1
204,427,0.4244893059,0.4420195968,0.004368834200000005,0.026197625899999966,-1,-1,-1,-1
205,427,0.4263569821,0.4432641802,0.004835532899999995,0.02714604789999997,-1,-1,-1,-1
206,427,0.4293918458,0.4455164701,0.004835532799999986,0.026197756500000002,-1,-1,-1,-1
207,427,0.4328935551,0.4465833305,0.0041685476000000166,0.025605041800000006,-1,-1,-1,-1
208,427,0.436428621,0.4470645277,0.004768672599999968,0.025960749000000005,-1,-1,-1,-1
209,427,0.4391632752,0.4467611841,0.004401896900000035,0.02673118670000002,-1,-1,-1,-1
210,427,0.4416979367,0.4481244672,0.003834834499999995,0.02708676330000004,-1,-1,-1,-1
211,427,0.4434653961,0.4496656039,0.004101687399999998,0.026612487000000018,-1,-1,-1,-1
212,427,0.445966701,0.4515030327,0.004101687399999998,0.026612487000000018,-1,-1,-1,-1
213,427,0.449234914,0.4532218923,0.004101687399999998,0.026612487100000026,-1,-1,-1,-1
214,427,0.4530033292,0.4529847542,0.004201757199999989,0.025605041800000006,-1,-1,-1,-1
215,427,0.4574766416,0.4529287342,0.004528710699999994,0.024069520199999972,-1,-1,-1,-1
216,427,0.4599066779,0.4528053336,0.0055442506000000225,0.025797781799999975,-1,-1,-1,-1
217,427,0.4637948536,0.4524968974,0.0055442506000000225,0.025797781700000022,-1,-1,-1,-1
218,427,0.467638064,0.4527436986,0.004027039199999971,0.025057247399999982,-1,-1,-1,-1
219,427,0.4719082978,0.4524970279,0.0038533497000000083,0.024255078099999994,-1,-1,-1,-1
220,427,0.4754861248,0.4526896374,0.004194556899999979,0.024801305399999973,-1,-1,-1,-1
221,427,0.4801866148,0.4542312964,0.00419220579999996,0.024287331999999995,-1,-1,-1,-1
222,427,0.4851739422,0.4542955431,0.004481247399999999,0.024094592000000026,-1,-1,-1,-1
