0,1259,0.11856099880000001,0.2405501892,0.0832517786,0.1744974918
0,1259,0.0720360425,0.22179942014999998,0.0521948494,0.1616725197
0,1259,0.7965619328,0.7654229885999999,0.5351012924,0.5325461636
0,1259,0.57626070345,0.68236614235,0.3868825941,0.4650479813
0,1259,0.4058453123,0.6592471987,0.27243592,0.4485207856
0,1259,0.5817319956,0.82002319405,0.3957576564,0.5736662547
0,1259,0.9472106673999999,0.6703817872,0.6335021148,0.4586047712
0,1259,0.9396540729,0.6684857268,0.6287867834,0.458741883
0,1259,1.0824184512000001,0.6451875585,0.724443841,0.440428447
0,1259,1.07630794645,0.6446214826000001,0.7194851679,0.4391093008
0,1259,0.93002084565,0.66753508495,0.6230296089,0.4572898037
0,1259,0.9889796816,0.6607172985,0.6627779032,0.4535503078
0,1259,0.9640142431500001,0.66605316755,0.6456913841,0.4577723067
0,1259,1.00171051815,0.6619084736,0.6703892349,0.4536226506
0,1259,1.0051425753,0.6594095783,0.6722616134,0.4521035824
0,1259,1.0965029489,0.641803378,0.7328824754,0.4366214398
0,1259,1.0613994523499999,0.6474625045,0.7094555555,0.4407714876
0,1259,1.05805343175,0.6471562229000001,0.7075016223,0.4406846502
0,1259,1.0947346812,0.64386331965,0.7316215368,0.4382304795
0,1259,1.0915525048,0.6427711262,0.7298268924,0.4377820586
0,1259,1.04283304585,0.65229798075,0.6977592881,0.4466649447
0,1259,1.0204228413499998,0.6565037221,0.6827934853,0.4508191712
0,1259,1.03609464345,0.6528929807,0.6926789443,0.4454903536
0,1259,1.02713332415,0.65441061255,0.6872978031,0.4494699911
0,1259,1.1665258929,0.6307066586,0.7802716374,0.4276954614
0,1259,1.0528603807499999,0.66201724895,0.7053382919,0.4522593675
0,1259,1.0606210090000001,0.66090102825,0.7101504604,0.4514876239
0,1259,1.41424787165,0.68979094235,0.9480755147,0.4750260643
0,1259,0.9974922294999999,0.6740860911,0.6683353788,0.4614920846
0,1259,0.7407990862,0.66862101045,0.4973639462,0.4550396031
0,1259,1.04223519845,0.6683588004,0.6983542701,0.4575543642
0,1259,1.2272045045,0.6172122454,0.819881656,0.4186063852
0,1259,0.939591768,0.67437154475,0.629714009,0.4589848973
0,1259,0.98521288275,0.6763023401,0.6602395681,0.461519507
0,1259,1.0847844927999999,0.6601142024,0.7260451052,0.4496723942
0,1259,1.0858687296,0.6618572851,0.7261819114,0.4497626268
0,1259,1.0304250484000002,0.67592332395,0.6906992956,0.4623746929
0,1259,1.13316546285,0.6283547994,0.7576264671,0.4277799484
0,1259,1.1370677625,0.6295185159,0.7598648088,0.4286879204
0,1259,1.14131013305,0.62946429495,0.7628299513,0.4282715921
0,1259,1.1259217886,0.6362959233500001,0.7525403924,0.4329225551
0,1259,1.12950608115,0.63453475485,0.7548218669,0.4316323983
0,1259,1.18672949175,0.6180195728,0.7927741943,0.4190614658
0,1259,1.1832487222,0.6185795113,0.7906665562,0.4194278808
0,1259,1.22885639145,0.59888470645,0.8201642321,0.4038873677
0,1259,1.210114973,0.6091030615999999,0.8080697426,0.411461685
0,1259,1.21323939995,0.6105441066,0.8102082393,0.4129530696
0,1259,1.20445177015,0.610860639,0.8041305769,0.4127028732
0,1259,1.20415707115,0.6143356397499999,0.8044654655,0.4163538341
0,1259,1.2528855671499999,0.59198706865,0.8361482197,0.3991059527
0,1259,1.1910802516,0.63048394985,0.7962274116,0.4275997443
0,1259,1.2135547448,0.62119129515,0.8107210788,0.4206232345
0,1259,1.24840402585,0.61081774265,0.8336278119,0.4122039169
0,1259,1.2505032881,0.6006065695,0.8351531054,0.4045152092
0,1259,1.2626359098,0.59581163915,0.8428981574,0.4018245533
0,1259,1.2538459289000001,0.59676711255,0.837057371,0.4024137423
0,1259,1.2577395416,0.59991866,0.8400250806,0.404518082
0,1259,1.2655189054,0.59616754225,0.8449188038,0.4011793443
0,1259,1.2634854013,0.5912575686,0.8434824124,0.397788243
0,1259,1.25602402735,0.59580628535,0.8383535765,0.4018349999
0,1259,1.2607492041500001,0.59343673215,0.8417344967,0.4005678257
0,1259,1.25404055805,0.5935024152999999,0.8368858857,0.3992243912
0,1259,1.25527497305,0.5932445798,0.8379105361,0.3993208918
0,1259,1.2590851942499999,0.5928390553,0.8402474091,0.39876918
0,1259,1.2690310478,0.5948184274,0.8467808962,0.4007344492
0,1259,1.22195656935,0.60346508945,0.8157097287,0.4067117403
0,1259,0.42309360134999996,0.63656895655,0.2854690855,0.4332683279
0,1259,0.43635242409999997,0.63778085925,0.2937456956,0.4320261151
0,1259,0.9698221137,0.6749169886,0.6507160356,0.4628185434
0,1259,0.97874375775,0.67331206225,0.6557903547,0.4596933083
0,1259,0.8851252004,0.66704148245,0.5935065114,0.4560915771
0,1259,1.1378703928,0.602745579,0.7599479318,0.4077122648
0,1259,1.15165428205,0.5897414384499999,0.7685030729,0.3971448621
0,1259,1.14985082105,0.5907032451,0.7677853915,0.39729229
0,1259,1.1684548455,0.58970363485,0.779917499,0.3971079073
0,1259,1.1573728833499999,0.5994223153,0.7728492775,0.402860988
0,1259,1.15902065085,0.59992727855,0.7740975755,0.4038938969
0,1259,1.45083735375,0.6021900803,0.9690350741,0.4084790462
0,1259,0.86757528895,0.7239999457,0.5828516463,0.4983361156
0,1259,0.42487364165,1.1412598276,0.3008870507,0.8195453268
0,1259,0.4551776071,0.7999571427500001,0.3131752142,0.5633777767
0,1259,0.5754816724,0.860830148,0.3937171724,0.6026655318
0,1259,0.5317205927499999,0.8640478355999999,0.3625353551,0.611198587
0,1259,0.6274140192500001,0.8390004471500001,0.4252506301,0.5827301285
0,1259,0.6245668784,0.7688529383,0.421032268,0.5389119382
0,1259,0.7192155230999999,0.77701144975,0.4871463906,0.5354247933
0,1259,1.1059076759500002,0.63812297075,0.7399157239,0.4333972231
0,1259,0.5653503737000001,0.76162564455,0.381525699,0.5274813841
0,1259,0.1349546336,1.0059191166,0.0995782226,0.7009169776
0,1259,0.2749939826,0.6994958464,0.1871632746,0.4874854792
0,1259,0.2975510224,0.6915929832,0.20295278,0.4867999202
0,1259,0.19214567935,0.68764089875,0.1325150825,0.4817821505
0,1259,0.1882074687,0.69156988645,0.1301926102,0.4834283083
0,1259,0.3299564909,0.6597592134,0.2228088528,0.4502844352
0,1259,0.15094306629999998,0.7083311352,0.1048166062,0.4908912058
0,1259,0.1453113465,0.70694643655,0.0997295764,0.4910580905
0,1259,0.7315030988,0.6953162216,0.4904532502,0.478883607
0,1259,0.25960468305,0.70584457995,0.1766665227,0.4833479673
0,1259,0.2911151018,0.692896077,0.1969663182,0.4810436682
0,1259,0.2947003774,0.7004819365,0.200314635,0.4804280484
0,1259,0.3722013906,0.70279019105,0.2510094924,0.4816062155
0,1259,0.32101089485,0.69200209875,0.2168375789,0.4790500999
0,1259,0.31334120735,0.6963045529,0.2126931671,0.4778188032
0,1259,0.30839956165,0.6919226391,0.2077528989,0.4784474608
0,1259,0.1501131553,0.68405091995,0.103472423,0.4720132609
0,1259,0.1580337704,0.6856050495999999,0.1080467604,0.4712468712
0,1259,0.33839788055000003,0.69962531915,0.2295482839,0.4814156049
0,1259,0.34324300155,0.6991910012,0.2338548867,0.4815717818
0,1259,0.39571092780000006,0.7039905672,0.2669242914,0.4894012576
0,1259,0.40143709675,0.7032107928,0.2714002487,0.4861665942
0,1259,0.3925757004,0.7018701006,0.265024581,0.4868725242
0,1259,0.21493415815,0.8149279236,0.1532850089,0.5817481468
0,1259,0.19416606865,0.8224470043500001,0.1387163995,0.5835844003
0,1259,0.40521234495,0.69586721515,0.2736013441,0.4839174383
0,1259,0.34673313885,0.6624275397,0.2346643355,0.4511384458
0,1259,0.34286061290000003,0.6621994117500001,0.2312581408,0.4511065837
0,1259,0.37137140335,0.6636202165,0.2504580289,0.4519267734
0,1259,0.5544684779,0.68139565195,0.372970243,0.4723632225
0,1259,0.55370935785,0.68285040815,0.3731163067,0.4735208379
0,1259,0.35058267415,0.7021910046,0.2370853633,0.4815428776
0,1259,0.30968481975,0.6599706267,0.2101532523,0.448837318
0,1259,0.7219971998,0.6947613759,0.4844649306,0.4778376398
0,1259,0.7283869743,0.69487217525,0.4881373904,0.4789218677
0,1259,0.42544621444999997,0.6801146685,0.2870878475,0.470127843
0,1259,0.4178575858,0.68109034965,0.2816849584,0.4702112201
0,1259,0.39694056705,0.6729306956000001,0.2678908983,0.4650549022
0,1259,0.35443925045,0.6694704507,0.2396324131,0.4618359088
0,1259,0.3285200137,0.66375038575,0.2220349648,0.4562066205
0,1259,0.32059176980000004,0.6658427988,0.2160638378,0.455736784
0,1259,0.31271263005,0.6641073552,0.2115079421,0.457054102
0,1259,0.2846009065,0.659123994,0.191962218,0.452265766
0,1259,0.72677850975,0.6972343504,0.4874646743,0.48146157
0,1259,0.1259170864,0.68230405025,0.0864980968,0.4705547831
0,1259,0.11782995275,0.7139378653499999,0.0824798303,0.4959143947
0,1259,0.13669670814999998,0.70246177065,0.0967088929,0.4875841997
0,1259,0.143072082,0.70426335445,0.098972734,0.4897783803
0,1259,0.31444493279999997,0.62942949475,0.2113006756,0.4273748809
0,1259,0.23855978505000003,0.4589482036,0.1629158849,0.3192048978
0,1259,0.25067845035,0.4625530918,0.1712675299,0.3195936142
0,1259,0.306538204,0.45844095515,0.207082387,0.3178187627
0,1259,0.3252055252,0.45835176730000005,0.2188827652,0.3172050242
0,1259,0.34713536525,0.46413314525,0.2348213467,0.3186380123
0,1259,0.34742091685,0.45729894444999997,0.2351542515,0.3190411471
0,1259,0.33191450185,0.45501146255,0.2241161527,0.3178508861
0,1259,0.23936707845,0.7066011381499999,0.1625665733,0.4800682529
0,1259,1.3155405945499998,0.76940641295,0.8812792715,0.5385735985
0,1259,0.32616636450000003,0.7510177613,0.2224020344,0.5271128798
0,1259,0.7792197286,0.71663547485,0.5227984344,0.4972760455
0,1259,0.78490512025,0.71700979005,0.5259893541,0.4952176709
0,1259,0.78066511325,0.7130597948499999,0.5243946731,0.4930891733
0,1259,0.7767999050000001,0.7116685018,0.5202808186,0.4914110554
0,1259,0.36952789965,0.8122654082,0.2528328137,0.5768381078
0,1259,0.4036753841,0.7861804752,0.2728447516,0.5547931414
0,1259,0.15508288605,0.9935067767500001,0.1144034721,0.7073422979
0,1259,0.41148397535,0.78112235545,0.2794632907,0.5545554809
0,1259,0.3179773169,0.74956300505,0.216962556,0.5267627877
0,1259,0.07456796575,0.8630484211,0.0592206191,0.6031813334
0,1259,0.1756628854,0.8034095527,0.123015796,0.5714050852
0,1259,0.1868545606,0.7997642068999999,0.1320698012,0.5688579396
0,1259,0.1961454234,0.7999417993,0.1363416146,0.5666356838
0,1259,0.20568210734999998,0.7989871093500001,0.1435879339,0.5697613105
0,1259,0.2116262699,0.7916029205999999,0.1486262514,0.5628558378
0,1259,0.22747146764999998,0.7964550461,0.1573123419,0.562563202
0,1259,0.12395874479999999,0.71377022985,0.087122027,0.4980569299
0,1259,0.3079724648,0.7732107431999999,0.210646842,0.5412420554
0,1259,0.72152344775,0.7575286133,0.4853282349,0.5267200872
0,1259,0.72528488305,0.74898099815,0.4869434589,0.5184543347
0,1259,0.74031864815,0.7408688762,0.4973834899,0.5143742792
0,1259,0.7274606304,0.7472076202,0.4889364796,0.5197122376
0,1259,0.26972429955,0.6811865238,0.1832017731,0.4698804542
0,1259,0.26206903115,0.68049900605,0.1773174909,0.4696294743
0,1259,0.8092996023500001,0.7135226451,0.5431806453,0.4928704474
0,1259,0.8042927311499999,0.7147005008,0.5391461119,0.4927994104
0,1259,0.14663010804999999,0.703241088,0.1026263113,0.4910274036
0,1259,0.5931428216,0.6873283491,0.3997341464,0.4768726338
0,1259,0.5984881815,0.69795901895,0.402381368,0.4845267371
0,1259,0.20033450655,0.7327025624,0.1409891307,0.513998854
0,1259,0.18324482814999998,0.72327135965,0.1308701755,0.5119030021
0,1259,0.7323403937999999,0.7350066936999999,0.4914886276,0.511534759
0,1259,0.2282532907,0.7265266551,0.1580754294,0.509539717
0,1259,0.46289437205,0.7382232713,0.3148331993,0.5176913402
0,1259,0.60976521355,0.8183320832500001,0.4116721389,0.5743354909
0,1259,0.6026176415,0.8163023062000001,0.4067797382,0.5735572182
0,1259,0.6805222969,0.776673208,0.4589728398,0.544344569
0,1259,0.4556859647,0.72970986885,0.3080979562,0.5115282299
0,1259,0.192624501,0.72117537725,0.1338716826,0.5059735043
0,1259,0.17807209225,0.7215567438999999,0.1242305203,0.506988001
0,1259,0.54174770705,0.84859657585,0.3682227305,0.6012347375
0,1259,0.26021142065,0.87046140345,0.1804649147,0.6190688045
0,1259,0.24499882300000003,0.87338625935,0.1731858266,0.6235904907
0,1259,0.49290481405,0.8776012068000001,0.3344179375,0.6203867754
0,1259,0.3035606491,0.8546096466499999,0.2088980446,0.6086087409
0,1259,0.13318210445,1.0321273849,0.1019411049,0.750879866
0,1259,0.09049148535000001,1.0780381625,0.0779120761,0.7763142362
0,1259,0.8044497423000001,0.74641198,0.5427140936,0.5162894046
0,1259,0.5584469515,0.83662057795,0.3785137588,0.5865935473
0,1259,0.54714023645,0.8368940833,0.3711603163,0.5885717442
0,1259,0.7939039105999999,0.72084324025,0.5325372418,0.5017717457
0,1259,1.07794719605,0.65180450885,0.7210067877,0.4464492221
0,1259,0.13717648495,1.0133670297,0.1023241181,0.7333093148
0,1259,0.1679588679,1.0200972606,0.122839535,0.7405435948
0,1259,0.3097383078,0.9432240914000001,0.2157578974,0.669816756
0,1259,1.50453826225,0.7693385100000001,1.0113247893,0.538740222
0,1259,0.8397439740999999,0.7254022077,0.5632796924,0.5034028538
0,1259,0.8332260632,0.7247339508499999,0.5584425432,0.5040786191
0,1259,0.4158409069,0.69430622995,0.280313223,0.4831569249
0,1259,0.9286989247,0.6730416909,0.6212010202,0.4604717116
0,1259,1.03036737235,0.6585969623,0.6887806293,0.4520126968
0,1259,0.38524819374999997,0.70412167225,0.2599330693,0.4879084365
0,1259,0.38557617595000004,0.71716635865,0.2600779575,0.4946525091
0,1259,0.377492929,0.7241581466,0.254560304,0.5007658674
0,1259,0.49274001474999995,0.6744391213500001,0.3320305153,0.4655666557
0,1259,0.6269312301500001,0.6186464349,0.4190696651,0.419438458
0,1259,0.62492983355,0.6165468614,0.4177489197,0.4175814418
0,1259,0.42278650245,0.6981795078,0.2860633441,0.4845801454
0,1259,1.06625838615,0.64851467435,0.7129645385,0.4434263639
0,1259,0.4100751361,0.6842969050500001,0.2761386506,0.4724262939
0,1259,0.710508052,0.64292155745,0.4756639288,0.4387290441
0,1259,0.706806497,0.64346432425,0.4733983244,0.4392653471
0,1259,0.66121998785,0.6370952198000001,0.4423121685,0.4342975906
0,1259,1.4889893065,0.6897529428,0.9958180804,0.4758424672
0,1259,1.4827593352,0.68999034215,0.9921240196,0.4752671199
0,1259,1.0870672164,0.6419973585500001,0.726777922,0.4387469339
0,1259,1.08046635475,0.64158151805,0.7224114389,0.4389097705
0,1259,0.2597371176,0.68679393955,0.1778180604,0.4742062663
0,1259,0.7201506837,0.7080443104,0.4833067068,0.4904682486
0,1259,1.16524401465,0.62556385595,0.7787250369,0.4250512929
0,1259,1.1426542427,0.631706073,0.7635299992,0.4299541498
0,1259,0.63916208495,0.89599788925,0.4345006971,0.6331430047
0,1259,1.13787690025,0.63222840375,0.7605957931,0.4307149245
0,1259,0.68785178735,0.6409382678,0.4604596335,0.4372437968
0,1259,1.07199509855,0.6468901606499999,0.7172039873,0.4396228825
0,1259,0.6817407683,0.6415259551,0.4564186346,0.4368472172
0,1259,0.8696235610499999,0.6602464826,0.5818203833,0.4527194102
0,1259,0.8318692426500001,0.6711259778,0.5565362203,0.4586781586
0,1259,0.8675165108,0.6694323859,0.5812434756,0.4596399
0,1259,0.70535945205,0.64363695455,0.4716712749,0.4375957171
0,1259,0.7026045928,0.64286436215,0.469891325,0.4376512147
0,1259,0.6997109437,0.64342567185,0.4684156992,0.4380389147
0,1259,1.1355585425,0.6339278719,0.7588533144,0.4313750198
0,1259,0.5940132765999999,0.6300702632499999,0.3975102196,0.4288317575
0,1259,0.6344228013000001,0.6311846782,0.4245207522,0.4291918082
0,1259,0.6895404802,0.63639708355,0.4611466728,0.4324551491
0,1259,0.6761307138,0.6371396575,0.4521653342,0.4332466006
0,1259,0.6728038468499999,0.6365182257499999,0.4502093711,0.4338591665
0,1259,0.6086969939,0.6271857581,0.4075848522,0.427481567
0,1259,0.38487811169999997,0.66857713465,0.259928514,0.4605781365
0,1259,0.61297846895,0.6265993766,0.4103466913,0.4269570164
0,1259,0.76644289825,0.6582551622,0.5124556813,0.4487135256
0,1259,0.6314850686,0.6276999926,0.4225366952,0.426260619
0,1259,0.60163303375,0.62771278965,0.4023315535,0.4268171623
0,1259,0.5582044916,0.6195680220500001,0.3737735936,0.4209909553
0,1259,0.63509441535,0.6228402932,0.4250046435,0.423184483
0,1259,0.7478941071,0.6585295319,0.5004552392,0.4497775236
0,1259,0.68382400525,0.64007710555,0.4577021309,0.4358702107
0,1259,0.6869363085,0.63989833855,0.4595857526,0.4356717229
0,1259,0.6824429599,0.63563759935,0.4566058136,0.4333105851
0,1259,0.7059380495500001,0.64074846595,0.4721545783,0.4361715825
0,1259,0.67901370855,0.6371194321,0.4542956539,0.433365732
0,1259,0.7091239731000001,0.638879175,0.4744701442,0.436180201
0,1259,0.69685638205,0.6359493223,0.4663602267,0.4331312262
0,1259,0.66428887765,0.6306723737,0.4446128929,0.4298473332
0,1259,0.6583333921,0.6261432513,0.4403046002,0.4257120412
0,1259,0.6546866334,0.62542824585,0.4380106896,0.4258983827
0,1259,0.65080317425,0.6258952748,0.4355952935,0.4251771746
0,1259,0.39250788505,0.668247087,0.2642538523,0.46033016
0,1259,0.611867929,0.6307231099999999,0.4098040218,0.4295987038
0,1259,0.68870656935,0.6351147422,0.4608344913,0.4326634686
0,1259,0.7151079577999999,0.64443762225,0.4786229686,0.4386896081
0,1259,0.6834935735500001,0.63548236945,0.4572765391,0.4332299493
0,1259,0.5920588787,0.6276577798,0.3963950538,0.4270892736
0,1259,0.58873229405,0.6284880839,0.3941751665,0.4274167714
0,1259,0.57779234385,0.62701440345,0.3866348705,0.4256779515
0,1259,0.66134158515,0.625404284,0.4420939545,0.424541237
0,1259,0.6890316765,0.6329757543500001,0.4606847484,0.4302742733
0,1259,0.6888014735,0.6344396891999999,0.4603773294,0.4307940566
0,1259,0.68486437225,0.6356576965,0.4581729907,0.4324530164
0,1259,0.70388426695,0.6377197315,0.4706617599,0.4327409146
0,1259,0.69364907785,0.63474721285,0.4642058599,0.4323842933
0,1259,0.6796019744499999,0.63330694005,0.4547113879,0.4310425547
0,1259,0.6911677934,0.63608293115,0.4622666682,0.4331030203
0,1259,0.66333085875,0.6246661654000001,0.4435579717,0.4244698082
0,1259,0.59472305445,0.62462112905,0.3979284259,0.4247197045
0,1259,0.6583575205500001,0.62407782515,0.4401574589,0.4232348009
0,1259,0.6313555362,0.6229748587,0.4228398436,0.4234844314
0,1259,0.6475944864500001,0.6219894555500001,0.4334748957,0.4223497345
0,1259,0.59102126015,0.62417745805,0.3957432963,0.4247664459
0,1259,0.6699422838,0.62948326695,0.4479559872,0.4278005487
0,1259,0.6320539678,0.61361084065,0.4228942134,0.4166070339
0,1259,0.89075482625,0.6659893126,0.5964562937,0.4564536828
0,1259,0.8992370299500001,0.66656002415,0.6022028881,0.4574854165
0,1259,0.7254474047,0.63605845875,0.4855025122,0.4328210923
0,1259,0.7376418328000001,0.66052495245,0.4933270232,0.4501895249
0,1259,0.7027407378,0.6444511375499999,0.4700686882,0.4389955633
0,1259,0.629343633,0.6347286701,0.4209875966,0.431594007
0,1259,0.6685131093,0.63407314505,0.4471653348,0.4313458999
0,1259,0.66691441665,0.6263254141,0.4459011633,0.425479604
0,1259,0.7071545372,0.63683855965,0.4730363978,0.4336489865
0,1259,0.81855775135,0.6470651413999999,0.5472160603,0.4412102454
0,1259,0.31176633825,0.68585668235,0.2111953157,0.4740387287
0,1259,0.65604934605,0.7730496694,0.4411291109,0.5391330146
0,1259,0.73477439765,0.75275248675,0.4936152217,0.5221780301
0,1259,0.6604267732,0.62953051025,0.4419662502,0.4285143779
0,1259,0.17777489515,0.6881322160000001,0.1224467499,0.4742163212
0,1259,1.3440582915000001,0.6790664488,0.9014037402,0.4684439142
0,1259,0.7187494857,0.692868123,0.4817210188,0.4776899508
0,1259,0.62518566555,0.73346301065,0.4219941727,0.5032316599
0,1259,0.64311116945,0.67909256535,0.4321902743,0.4689615439
0,1259,0.65309228995,0.6879268095,0.4388992143,0.47674179
0,1259,0.7290341219500001,0.6479107294500001,0.4878675987,0.4420970323
0,1259,0.72444391445,0.64755580585,0.4849353029,0.4418985467
0,1259,0.7352116337,0.64698267845,0.4920818462,0.4415065375
0,1259,0.7306542686,0.6461327159,0.4887032772,0.4410884118
0,1259,0.6551168304,0.63005185175,0.4382219428,0.4286470173
0,1259,0.6117149588499999,0.63689941115,0.4097387781,0.4346040681
0,1259,0.73493581715,0.6916011446,0.4923078483,0.4757363034
0,1259,0.6058044468,0.6350004126,0.4057164412,0.4322766932
0,1259,0.30928983045,1.0049276676,0.2150572617,0.711457219
0,1259,0.66488642295,0.68579635315,0.4456228487,0.4723134705
0,1259,0.6390866285,0.68252767305,0.4277713318,0.4679623253
0,1259,0.6396836677,0.6820867607500001,0.429092665,0.4685265731
0,1259,0.63280816505,0.6795830992,0.4240202561,0.4670078966
0,1259,0.6169274066,0.68231018765,0.4141221598,0.4645944677
0,1259,0.6412522365,0.6931752534,0.4304961406,0.4747466174
0,1259,0.66991526245,0.7102640851500001,0.4514346869,0.4851561455
0,1259,0.57640794285,0.7524477069,0.3904718829,0.5191895152
0,1259,0.5515025316,0.7245107851,0.3738198814,0.5054737644
0,1259,0.39352570254999997,0.8000247845999999,0.2694638021,0.5697938256
0,1259,0.34776910405,0.8052023222,0.2397255765,0.5726469264
0,1259,0.5406916838,0.7021294377,0.36492601,0.487812197
0,1259,0.5400887668500001,0.7002180992,0.3634985823,0.4866615026
0,1259,0.34610516765,0.8516155819,0.2355307257,0.605321061
0,1259,0.6771255802,0.6948820995,0.4546310436,0.4819067264
0,1259,0.66034808725,0.72149602295,0.4436163091,0.5011472993
0,1259,0.6775357783,0.7367495153,0.4566026102,0.5099015616
0,1259,0.71514454725,0.63808608115,0.4786250259,0.4350928391
0,1259,0.5608617056,0.6834531777499999,0.3760321446,0.4691865379
0,1259,0.55388804345,0.68032389465,0.3718105497,0.4701343069
0,1259,0.5211062845,0.6758712867,0.3519082626,0.4696903258
0,1259,0.13192406795,0.6863826694,0.0904916323,0.4747164528
0,1259,0.5079908182,0.68782913365,0.3417599182,0.4748661005
0,1259,0.5010169357500001,0.688117656,0.3362770909,0.474720762
0,1259,0.4988889457,0.6715363992000001,0.335124598,0.4625065814
0,1259,0.64761592815,0.6814155658,0.4346078203,0.4697433424
0,1259,0.6021095043,0.67753033955,0.4046272818,0.4680321871
0,1259,0.4100727115,0.6620385339,0.276654576,0.4507409522
0,1259,0.38069042045,0.6980096913,0.2584075473,0.4768130446
0,1259,0.40248437670000003,0.69885331435,0.2721058806,0.4760131387
0,1259,0.4117552366,0.69875909905,0.2783711924,0.4757466195
0,1259,0.54037575115,0.6701270857,0.3629299035,0.4618645064
0,1259,0.5824617266000001,0.67637128785,0.3918268666,0.4620990329
0,1259,0.56662894575,0.67641046265,0.3813196815,0.4611342881
0,1259,0.5627633997,0.6747331282,0.3785929624,0.4604962612
0,1259,0.55502657655,0.67492756575,0.3749851585,0.4602431919
0,1259,0.5307430383,0.6687100025,0.3578103252,0.4582170712
0,1259,0.5254861395,0.6658967295,0.3533689,0.4512549256
0,1259,1.1476212917500002,0.7438703841500001,0.7740877335,0.5197502371
0,1259,1.1281920217499999,0.7395569773999999,0.7565979961,0.5161195166
0,1259,1.1263990673,0.7441391233500001,0.7590450782,0.5175684619
0,1259,0.59909800495,0.6856948905,0.4023499217,0.4739086684
0,1259,1.0915705790499999,0.7396227911,0.7331984081,0.5156959064
0,1259,1.0936043770500001,0.7367437696,0.7333490271,0.5149919352
0,1259,0.34610068580000003,0.8025138861500001,0.236251493,0.5670854105
0,1259,0.32945232125,0.8021313442,0.2291690913,0.5686877904
0,1259,0.71893779625,0.69870072855,0.4822534021,0.4824259231
0,1259,0.7106181876,0.6967271021,0.4767934982,0.4800709952
0,1259,0.64341674245,0.6864604967,0.4320067395,0.4748627054
0,1259,0.6555041051,0.6913712538,0.4412712072,0.4800208514
0,1259,0.6541391291,0.6909870796,0.4400542052,0.478375771
0,1259,0.5238560006,0.67487135,0.3521699724,0.466451745
0,1259,0.5580137564,0.6894936056000001,0.3753973404,0.4778678044
0,1259,0.5627199037499999,0.6889043513,0.3782544001,0.4787073204
0,1259,0.51843562495,0.7096731986,0.3510484849,0.4955105678
0,1259,0.4198481819,0.6866084468,0.2839282272,0.4773113916
0,1259,0.47348281795,0.6902069135,0.3191627991,0.4786028542
0,1259,0.49062980505,0.69248088005,0.3310423073,0.4792954647
0,1259,0.6113705922,0.61369839635,0.4090050796,0.4151621367
0,1259,0.8913288685499999,0.6709615089000001,0.5968390865,0.4591005936
0,1259,0.9292361571000001,0.6594456844500001,0.6216956384,0.4526103737
0,1259,0.91200577855,0.6709052278000001,0.6101151641,0.4600256412
0,1259,0.9054998436499999,0.6694588941499999,0.6062471199,0.4592202073
0,1259,0.9074790515,0.67019551095,0.6068719318,0.4606503487
0,1259,0.8249567834,0.6653668903000001,0.551806929,0.4539173756
0,1259,0.8200776077,0.6649605823,0.5486684688,0.4544437544
0,1259,0.8388447416,0.67126348135,0.5612655116,0.4591722835
0,1259,1.0619593143000001,0.67127725785,0.7123932882,0.4601457773
0,1259,1.05969797135,0.6714920663,0.7109076701,0.4604038086
0,1259,0.704812962,0.6338386186,0.471662752,0.428701862
0,1259,0.6306119189,0.6500047532,0.4227979642,0.4431440442
0,1259,0.6215558933,0.6507524043499999,0.4167739368,0.4394210017
0,1259,0.61938528915,0.6507797614,0.4151212417,0.4394036342
0,1259,0.67013487235,0.61555978705,0.4479128461,0.4171301481
0,1259,0.57587210635,0.64452922595,0.3858467759,0.4381668857
0,1259,0.5741228681,0.64448561135,0.3842641738,0.4363948789
0,1259,0.5810694921999999,0.62575783655,0.3886941372,0.4251788721
0,1259,0.58143994165,0.62500182815,0.3890697297,0.4248005741
0,1259,0.87245747695,0.66638550045,0.5847171183,0.4575868793
0,1259,0.8680521268000001,0.6660687068,0.580948997,0.4576231812
0,1259,0.8514294409,0.66975146465,0.5704487184,0.4587969889
0,1259,0.5977687367,0.6121633317999999,0.3996182064,0.4136616112
0,1259,0.6799950566999999,0.6214379659,0.4547525674,0.4217788912
0,1259,0.8228566394999999,0.6610918096,0.5501825944,0.4506461492
0,1259,0.4927756459,0.63526623925,0.3300640406,0.4323900995
0,1259,0.8114230371,0.6617125343,0.5428783786,0.4517084392
0,1259,0.7651761552,0.64979347045,0.5119776678,0.4433689075
0,1259,0.7601271107,0.650663151,0.50885978,0.4439816014
0,1259,0.64913365385,0.6096462855,0.4337495121,0.4116424114
0,1259,0.6527928886,0.6073941914500001,0.436406873,0.4107822633
0,1259,0.65119640015,0.6081313306,0.4351177209,0.4114370048
0,1259,0.646076528,0.60871327235,0.4315396,0.4109782679
0,1259,0.60059941975,0.60316514115,0.4014113813,0.4073918149
0,1259,0.87654402895,0.670432388,0.5868578191,0.4606814274
0,1259,0.88405962575,0.6694087503999999,0.5927472445,0.46042653
0,1259,0.68601930455,0.628830055,0.4585982759,0.4269297246
0,1259,0.6825779898,0.6278227403,0.4565666086,0.4263089346
0,1259,0.6743084160999999,0.6077450671,0.4505734398,0.411116555
0,1259,0.6549667257,0.6074790702,0.4377168914,0.4109969412
0,1259,0.67190703415,0.6265642498499999,0.4494457807,0.4269724251
0,1259,0.5916659466,0.60528802355,0.39520955,0.4080969613
0,1259,0.41702109905,0.63035049435,0.2796021541,0.4280202205
0,1259,0.3133811949,0.62782881235,0.2104902716,0.4251429619
0,1259,0.424231556,0.6403063143000001,0.28433851,0.434711466
0,1259,0.41837924205,0.6402551246,0.2804099131,0.4342945872
0,1259,0.8564403531,0.6654340751000001,0.5738003964,0.4569240416
0,1259,0.64108369015,0.65043397845,0.4291989065,0.4435984719
0,1259,0.86421214915,0.6662117602000001,0.5787421707,0.457189255
0,1259,0.7684629568,0.6580215497999999,0.5144091736,0.4498381036
0,1259,0.7582466503,0.6579863578,0.5076936212,0.4507376876
0,1259,0.7138215242,0.6362401645,0.4778155036,0.4342659896
0,1259,0.42506694835,0.62531300665,0.2848774945,0.4238577673
0,1259,0.6914970623,0.6261992059,0.4628425004,0.4256108396
0,1259,0.6506291174,0.63247820835,0.4356380546,0.4312975843
0,1259,0.6541036418,0.60690215595,0.4371533558,0.4108394585
0,1259,0.65891412035,0.6072531621999999,0.4406472769,0.4109099732
0,1259,0.74332941285,0.65278374825,0.4977576129,0.4467237069
0,1259,0.37948080660000005,0.66021102945,0.2557202912,0.4467331089
0,1259,0.7214845807,0.6418786589000001,0.4837509228,0.4386709348
0,1259,0.667035867,0.6377361196,0.4461540564,0.4341359292
0,1259,0.6330328447,0.63761311075,0.4236728772,0.4352944587
0,1259,0.6049428376,0.6120575878,0.404544436,0.4145400408
0,1259,0.601015863,0.6129390581,0.4018445764,0.4141605676
0,1259,0.5986640016,0.6038202091,0.4000806436,0.4077523536
0,1259,0.59613977335,0.6034037809,0.3983995881,0.4069973246
0,1259,0.6186269038000001,0.6242456892,0.4134760408,0.4231287242
0,1259,0.6050027126,0.59663143715,0.4042837234,0.4019405107
0,1259,0.5142366597,0.610775238,0.3439757082,0.4136146014
0,1259,0.51304353645,0.60812898015,0.3430180649,0.4109632509
0,1259,0.76751552625,0.69280909965,0.5144078511,0.4767097973
0,1259,0.65949786105,0.6923027653,0.4428451395,0.4764166392
0,1259,0.50969457685,0.6714009196999999,0.3420742345,0.4588336826
0,1259,0.5071945945,0.6711213421,0.3406018414,0.4597877196
0,1259,0.43411107135000004,0.6650509456,0.2919083919,0.4544497612
0,1259,0.58356940115,0.67892927175,0.3908132371,0.4626122227
0,1259,0.4194459065,0.6594222332,0.2820434318,0.448050601
0,1259,0.6003521841,0.6808470088,0.4030620192,0.4634330654
0,1259,0.67931198105,0.62644267735,0.4547148025,0.4252424659
0,1259,0.5627199037499999,0.6889043513,0.3782544001,0.4787073204
0,1259,0.6913465902,0.61911594485,0.4623493516,0.4194341487
0,1259,0.34698140320000004,0.95891183635,0.2402081452,0.6849119821
0,1259,0.35582766415,0.9510753091499999,0.2449725565,0.6693514899
0,1259,0.34698140320000004,0.95891183635,0.2402081452,0.6849119821
