1,751,0.6443371351,0.4382474552,0.0029493415000000356,0.019136498599999996,-1,-1,-1,-1
2,751,0.6442505843,0.4382987742,0.0030574931999999277,0.019218177999999975,-1,-1,-1,-1
3,751,0.6441932755,0.4385455754,0.0031148019999999166,0.018905497900000012,-1,-1,-1,-1
4,751,0.6441932755,0.438454494,0.0031148019999999166,0.018996579300000038,-1,-1,-1,-1
5,751,0.6441932755,0.4383634126,0.0031148019999999166,0.01908766070000001,-1,-1,-1,-1
6,751,0.6441932755,0.4383634126,0.0030789472999999123,0.01908766070000001,-1,-1,-1,-1
7,751,0.6441932755,0.4383634126,0.0030789472999999123,0.01908766070000001,-1,-1,-1,-1
8,751,0.6442013575,0.4383634126,0.003100401400000008,0.01908766070000001,-1,-1,-1,-1
9,751,0.6442013575,0.4383634126,0.003100401400000008,0.01908766070000001,-1,-1,-1,-1
10,751,0.6442013575,0.4383634126,0.003100401400000008,0.01908766070000001,-1,-1,-1,-1
11,751,0.6442013575,0.4382584241,0.003100401400000008,0.019192649200000023,-1,-1,-1,-1
12,751,0.6442013575,0.4382584241,0.003100401400000008,0.019192649200000023,-1,-1,-1,-1
13,751,0.6442013575,0.4382584241,0.002982404200000066,0.019192649200000023,-1,-1,-1,-1
14,751,0.6442013575,0.4382584241,0.002982404200000066,0.019192649200000023,-1,-1,-1,-1
15,751,0.6442013575,0.4382584241,0.0029528682000000694,0.019192649200000023,-1,-1,-1,-1
16,751,0.6442013575,0.4382584241,0.0029528682000000694,0.019192649200000023,-1,-1,-1,-1
17,751,0.6442013575,0.4382584241,0.0029528682000000694,0.019192649200000023,-1,-1,-1,-1
18,751,0.6442013575,0.4382584241,0.0029528682000000694,0.019192649200000023,-1,-1,-1,-1
19,751,0.6442013575,0.4382584241,0.0029528682000000694,0.019192649200000023,-1,-1,-1,-1
20,751,0.6442013575,0.4382584241,0.0031594734000000013,0.019192649200000023,-1,-1,-1,-1
21,751,0.6442013575,0.4382584241,0.0031594734000000013,0.019192649200000023,-1,-1,-1,-1
22,751,0.6442013575,0.4382584241,0.0033071536000000012,0.019192649200000023,-1,-1,-1,-1
23,751,0.6442013575,0.4382584241,0.0033071536000000012,0.019192649200000023,-1,-1,-1,-1
24,751,0.6442013575,0.4382584241,0.0033071536000000012,0.019192649200000023,-1,-1,-1,-1
25,751,0.6442013575,0.4382584241,0.0033071536000000012,0.019192649200000023,-1,-1,-1,-1
26,751,0.6442013575,0.4382584241,0.003118034800000058,0.019192649200000023,-1,-1,-1,-1
27,751,0.6442013575,0.4382584241,0.0030870293000000437,0.019192649200000023,-1,-1,-1,-1
28,751,0.6442013575,0.4382584241,0.0030870293000000437,0.019192649200000023,-1,-1,-1,-1
29,751,0.6442013575,0.4382409261,0.003148893400000019,0.019210147200000027,-1,-1,-1,-1
30,751,0.6442013575,0.4378139207,0.003148893400000019,0.019637152599999985,-1,-1,-1,-1
31,751,0.6442013575,0.4379562559,0.003148893400000019,0.01949481740000003,-1,-1,-1,-1
32,751,0.6442013575,0.4380650312,0.00319253620000004,0.0193860421,-1,-1,-1,-1
33,751,0.6441923939,0.4380762613,0.0032014997999999517,0.01937481200000002,-1,-1,-1,-1
34,751,0.6441923939,0.4379774102,0.00330700659999994,0.019473663100000038,-1,-1,-1,-1
35,751,0.6441923939,0.4379774102,0.00330700659999994,0.019473663100000038,-1,-1,-1,-1
36,751,0.6444285352,0.4379613486,0.0033070065000000426,0.01948972469999999,-1,-1,-1,-1
37,751,0.644609278,0.4382229057,0.004326807799999943,0.019182333100000004,-1,-1,-1,-1
38,751,0.6477102671,0.438197442,0.004161641199999955,0.019140154899999984,-1,-1,-1,-1
39,751,0.65133688,0.4384668341,0.003182837699999941,0.01914015490000004,-1,-1,-1,-1
40,751,0.6540336223,0.4387721364,0.0031415460000000506,0.019140154899999984,-1,-1,-1,-1
41,751,0.6566892198,0.4386359386,0.003350649400000072,0.019140154999999992,-1,-1,-1,-1
42,751,0.6589965568,0.4387016217,0.003350649399999961,0.01914015490000004,-1,-1,-1,-1
43,751,0.6615744202,0.438582008,0.0035093503999999998,0.019140154899999984,-1,-1,-1,-1
44,751,0.6628382977,0.4385381322,0.003803829099999989,0.01885300360000003,-1,-1,-1,-1
45,751,0.6647009778,0.4384481608,0.003363433699999918,0.01885300360000003,-1,-1,-1,-1
46,751,0.6666923821,0.438915255,0.0025799207000000157,0.018853003599999973,-1,-1,-1,-1
47,751,0.6677905052,0.4390556314,0.005133391200000004,0.019237438900000015,-1,-1,-1,-1
48,751,0.6705413234,0.4389373235,0.0029384675000000415,0.01979541870000001,-1,-1,-1,-1
49,751,0.6726846692,0.4390331711,0.0031528608999999985,0.01986214650000001,-1,-1,-1,-1
50,751,0.6752371111,0.4396559199,0.0029183360000000214,0.019327149299999957,-1,-1,-1,-1
51,751,0.6769460863,0.4395607251,0.0031438972000000787,0.019367760499999997,-1,-1,-1,-1
52,751,0.67742601,0.4397031908,0.00393049599999995,0.019426000400000032,-1,-1,-1,-1
53,751,0.6796057983,0.4396027727,0.0035579893999999612,0.019426000400000032,-1,-1,-1,-1
54,751,0.6828421242,0.4397871555,0.0029687381999999873,0.019079825699999997,-1,-1,-1,-1
55,751,0.6855128571,0.4400109742,0.0036167676000000704,0.019079825699999997,-1,-1,-1,-1
56,751,0.6877618567,0.4399778062,0.006411228499999977,0.019321664800000027,-1,-1,-1,-1
57,751,0.6933836945,0.4396569645,0.004122259699999908,0.019397272199999982,-1,-1,-1,-1
58,751,0.6979608972,0.4402221263,0.003973550999999964,0.019382124599999995,-1,-1,-1,-1
59,751,0.7028891526,0.4399592634,0.003720217100000034,0.0200210656,-1,-1,-1,-1
60,751,0.7081063027,0.4400752208,0.0036892116000000197,0.0200210656,-1,-1,-1,-1
61,751,0.7127264135,0.4398015196,0.0038817101000000465,0.0200210656,-1,-1,-1,-1
62,751,0.7166721918,0.4403779115,0.0038817101000000465,0.018423778300000027,-1,-1,-1,-1
63,751,0.7223576569,0.4407646973,0.003542119300000035,0.01838486480000001,-1,-1,-1,-1
64,751,0.7275470343,0.4406696332,0.003317292800000038,0.019476535799999972,-1,-1,-1,-1
65,751,0.7325412682,0.440316407,0.0036987630000000493,0.01947653589999998,-1,-1,-1,-1
66,751,0.736453249,0.4406710696,0.00587193890000004,0.0203523538,-1,-1,-1,-1
67,751,0.7427767511,0.4408442222,0.005598179500000078,0.020492599599999994,-1,-1,-1,-1
68,751,0.7489750557,0.4410616423,0.005442270500000013,0.020732349400000016,-1,-1,-1,-1
69,751,0.7548378839,0.4411948367,0.005510159300000095,0.02083955770000001,-1,-1,-1,-1
70,751,0.7613919434,0.4413981539,0.005018626799999981,0.021052799200000027,-1,-1,-1,-1
71,751,0.767738222,0.441523905,0.005293414800000007,0.021233656300000014,-1,-1,-1,-1
72,751,0.7743012452,0.4419110826,0.0049256103000000495,0.021203622300000002,-1,-1,-1,-1
73,751,0.7801606936,0.4421717256,0.005020096299999999,0.021212110100000015,-1,-1,-1,-1
74,751,0.7866393701,0.4425978169,0.004834651100000031,0.021292810200000012,-1,-1,-1,-1
75,751,0.7934217827,0.4427844195,0.004526212700000087,0.021413599199999966,-1,-1,-1,-1
76,751,0.8001035377,0.4434962256,0.00510165100000004,0.021470663899999964,-1,-1,-1,-1
77,751,0.8074528658,0.4434894353,0.004813931800000004,0.021913469699999966,-1,-1,-1,-1
78,751,0.8151272371,0.4436328151,0.00431284799999998,0.021994430899999973,-1,-1,-1,-1
79,751,0.8222016303,0.4436328151,0.0035983992999999437,0.021991296899999957,-1,-1,-1,-1
80,751,0.8287880177,0.4439753335,0.004671982600000013,0.021991296900000012,-1,-1,-1,-1
81,751,0.8356769658,0.4443683873,0.0033909124000000013,0.021991296900000012,-1,-1,-1,-1
82,751,0.8420182483,0.4445437598,0.005067265699999934,0.02355920309999998,-1,-1,-1,-1
83,751,0.8491694939,0.4449959676,0.003847912700000067,0.023751029000000035,-1,-1,-1,-1
84,751,0.8559760056,0.4452985277,0.004398223200000051,0.02380130330000002,-1,-1,-1,-1
85,751,0.8629817752,0.445838487,0.004747218700000055,0.023807440700000015,-1,-1,-1,-1
86,751,0.870838065,0.4455515969,0.005294149399999948,0.02380744069999996,-1,-1,-1,-1
87,751,0.8784117787,0.446093515,0.005294149400000059,0.023807440700000015,-1,-1,-1,-1
88,751,0.8870819991,0.4461709505,0.005120313000000043,0.02378106299999999,-1,-1,-1,-1
89,751,0.8949738496,0.4467351982,0.0048370022999999485,0.023487774299999986,-1,-1,-1,-1
90,751,0.9034739072,0.4472681061,0.004412917799999971,0.023432015500000014,-1,-1,-1,-1
91,751,0.9116891846,0.4469325086,0.004412917799999971,0.023432015500000014,-1,-1,-1,-1
92,751,0.9199943926,0.448766934,0.004317844099999912,0.022513366400000012,-1,-1,-1,-1
93,751,0.9270720185,0.4482969669,0.005872526700000047,0.02335771400000003,-1,-1,-1,-1
94,751,0.9346444097,0.4489252002,0.009643880699999996,0.024455000100000013,-1,-1,-1,-1
95,751,0.9444136349,0.4485847711,0.009405241399999986,0.026237192500000006,-1,-1,-1,-1
96,751,0.9536187366,0.4497793414,0.008692556100000082,0.02485549720000002,-1,-1,-1,-1
97,751,0.9629950297,0.4497793414,0.010181113200000036,0.026024865000000008,-1,-1,-1,-1
98,751,0.9709599121,0.4506401424,0.011735354799999986,0.02608610830000002,-1,-1,-1,-1
99,751,0.9805914494,0.4513925597,0.012344149699999973,0.026211467700000046,-1,-1,-1,-1
100,751,0.9948711641,0.452411888,0.00554380979999991,0.02598895480000002,-1,-1,-1,-1
