100,165,0.8355138564,0.3935454814,0.0015908310000000148,0.0057367579,-1,-1,-1,-1
101,165,0.836319705,0.3935841339,0.001590831100000023,0.0057367579,-1,-1,-1,-1
102,165,0.8374306124,0.3937452729,0.001590831099999912,0.0057367579,-1,-1,-1,-1
103,165,0.8386238092,0.3939410163,0.0016726795999999489,0.005140909199999988,-1,-1,-1,-1
104,165,0.8403404255,0.3941392408,0.0017856806999999586,0.005869560499999982,-1,-1,-1,-1
105,165,0.8419346363,0.3940060465,0.0017856807000000696,0.005869560400000029,-1,-1,-1,-1
106,165,0.843437741,0.3943091289,0.0017856806999999586,0.0058695603999999735,-1,-1,-1,-1
107,165,0.8447373263,0.3945567136,0.0017856806000000613,0.005869560499999982,-1,-1,-1,-1
108,165,0.8459449237,0.3947064919,0.0017856807000000696,0.005869560499999982,-1,-1,-1,-1
109,165,0.8467384289,0.3951146934,0.0017856807000000696,0.005869560400000029,-1,-1,-1,-1
110,165,0.8470390793,0.3954265248,0.0017856805999999503,0.0058695603999999735,-1,-1,-1,-1
111,165,0.8463430723,0.3955774784,0.0018376258999999173,0.005787097399999996,-1,-1,-1,-1
112,165,0.8455224556,0.3957284319,0.001889571100000098,0.00570463459999998,-1,-1,-1,-1
113,165,0.8444946459,0.3962821024,0.001917490700000024,0.005998902600000022,-1,-1,-1,-1
114,165,0.8434976947,0.3965589377,0.0019454103999999584,0.006293170600000009,-1,-1,-1,-1
115,165,0.8422366092,0.3967830176,0.001945410300000061,0.006293170600000009,-1,-1,-1,-1
116,165,0.8408476811,0.397242538,0.0020431291000000407,0.00602417030000002,-1,-1,-1,-1
117,165,0.8351417906,0.396645514,0.0019520228999999611,0.006163763200000005,-1,-1,-1,-1
118,165,0.8384199959,0.3975608985,0.0019471736999999711,0.00603540050000001,-1,-1,-1,-1
119,165,0.8370210755,0.3980581573,0.0019471736999999711,0.00603540050000001,-1,-1,-1,-1
120,165,0.8357062079,0.3983066562,0.0021564239999999346,0.007098212800000003,-1,-1,-1,-1
121,165,0.8346430578,0.398853667,0.0021564239999999346,0.007098212800000003,-1,-1,-1,-1
122,165,0.8342201489,0.3993233728,0.0017539404999999952,0.006882751399999998,-1,-1,-1,-1
123,165,0.8335424367,0.3995189857,0.0020190300000000327,0.007226836700000017,-1,-1,-1,-1
124,165,0.8334529469,0.4001017761,0.0020190299999999217,0.007226836800000025,-1,-1,-1,-1
125,165,0.8333039443,0.4004197449,0.0020190300000000327,0.007226836800000025,-1,-1,-1,-1
126,165,0.8328767739,0.4007117278,0.0020190299999999217,0.007226836700000017,-1,-1,-1,-1
127,165,0.8324244759,0.4019175282,0.00201903009999993,0.007226836700000017,-1,-1,-1,-1
128,165,0.8316749074,0.4018663398,0.002272510799999905,0.007412655799999945,-1,-1,-1,-1
129,165,0.830601765,0.402328733,0.0023180639000000003,0.007397508300000022,-1,-1,-1,-1
130,165,0.8296539671,0.4028702593,0.0023180639000000003,0.007397508300000022,-1,-1,-1,-1
131,165,0.8295184834,0.4035923815,0.0023180639000000003,0.007397508300000022,-1,-1,-1,-1
132,165,0.8293775627,0.4035923815,0.0023180640000000086,0.007397508300000022,-1,-1,-1,-1
133,165,0.8287449627,0.4039474358,0.0023180640000000086,0.007397508200000014,-1,-1,-1,-1
134,165,0.8289336406,0.4043945508,0.002122626600000066,0.007338746100000015,-1,-1,-1,-1
135,165,0.8289633236,0.4048168552,0.0021226264999999467,0.007338746100000015,-1,-1,-1,-1
136,165,0.8290509031,0.4051284254,0.0021193937000000274,0.00733482860000001,-1,-1,-1,-1
137,165,0.8289220319,0.4055861177,0.0021830211000000155,0.007555774500000001,-1,-1,-1,-1
138,165,0.8294103316,0.4056584605,0.002343926300000021,0.007986305500000013,-1,-1,-1,-1
139,165,0.8295555136,0.4057874762,0.0023384894000000322,0.008884061399999976,-1,-1,-1,-1
140,165,0.8294868901,0.4062752025,0.0023384894000000322,0.008884061300000023,-1,-1,-1,-1
141,165,0.8287665637,0.4074334707,0.002338489300000024,0.008884061399999976,-1,-1,-1,-1
142,165,0.8278593227,0.4075678403,0.002338489300000024,0.008884061400000032,-1,-1,-1,-1
143,165,0.8268474566,0.4079874024,0.002338489300000024,0.008884061400000032,-1,-1,-1,-1
144,165,0.825161111,0.4083471577,0.0024448778000000226,0.008440994399999957,-1,-1,-1,-1
145,165,0.8229720651,0.4087007756,0.0027390625,0.008313153899999981,-1,-1,-1,-1
146,165,0.8208463527,0.4091935946,0.0027390626000000085,0.008313153900000037,-1,-1,-1,-1
147,165,0.8190846241,0.4096926815,0.0026907174999999395,0.008412135600000037,-1,-1,-1,-1
148,165,0.8175428728,0.4102309433,0.0026907174999999395,0.008412135600000037,-1,-1,-1,-1
149,165,0.8158231706,0.4106676117,0.003023695800000059,0.008990355700000008,-1,-1,-1,-1
150,165,0.8144540801,0.4109150659,0.002792697700000013,0.009176958300000038,-1,-1,-1,-1
151,165,0.8130166601,0.4113881669,0.002927299600000044,0.00940338869999996,-1,-1,-1,-1
152,165,0.8117473456,0.4118495155,0.002927299600000044,0.009403388700000015,-1,-1,-1,-1
153,165,0.8103378451,0.4122890568,0.0029272997000000522,0.009403388600000007,-1,-1,-1,-1
154,165,0.8088705952,0.41265508,0.0030924661999999215,0.009513861600000006,-1,-1,-1,-1
155,165,0.807328403,0.4132477947,0.0030924663000000407,0.009513861600000006,-1,-1,-1,-1
156,165,0.8058264739,0.413809692,0.0030924663000000407,0.009513861600000006,-1,-1,-1,-1
157,165,0.8042356428,0.4143751149,0.0030924662999999297,0.009513861600000006,-1,-1,-1,-1
158,165,0.8039141263,0.4149985166,0.0030924662999999297,0.009513861600000006,-1,-1,-1,-1
159,165,0.8037833449,0.4169652222,0.0030924661999999215,0.009513861600000006,-1,-1,-1,-1
160,165,0.7987281286,0.4169754076,0.0030924663000000407,0.009513861600000006,-1,-1,-1,-1
161,165,0.790136524,0.4211518332,0.0030924663000000407,0.009513861600000006,-1,-1,-1,-1
162,165,0.7806591325,0.4291407504,0.0030924663000000407,0.009513861600000006,-1,-1,-1,-1
163,165,0.7776630624,0.4299995926,0.0030924662999999297,0.009513861600000006,-1,-1,-1,-1
164,165,0.7746186473,0.4307725114,0.0030924662000000325,0.009513861600000006,-1,-1,-1,-1
165,165,0.7693835209,0.4300403779,0.0030924662000000325,0.009513861600000006,-1,-1,-1,-1
166,165,0.7641483945,0.4293082444,0.0030924662999999297,0.009513861600000006,-1,-1,-1,-1
167,165,0.7589132681,0.4285761109,0.0030924662999999297,0.009513861600000006,-1,-1,-1,-1
168,165,0.7562651648,0.4280382409,0.0035181671000000803,0.012757143400000004,-1,-1,-1,-1
169,165,0.7487036475,0.4292981025,0.00450799150000003,0.013069627699999975,-1,-1,-1,-1
170,165,0.7415504916,0.4304742606,0.004671835600000063,0.013074459300000008,-1,-1,-1,-1
171,165,0.7335978057,0.4318938248,0.004671835599999952,0.013074459300000008,-1,-1,-1,-1
172,165,0.7273595319,0.4328461642,0.00467183569999996,0.013074459300000008,-1,-1,-1,-1
173,165,0.7218124894,0.4341280943,0.004987768300000028,0.014133484700000032,-1,-1,-1,-1
174,165,0.7172288211,0.435659829,0.00498776820000002,0.014133484699999976,-1,-1,-1,-1
175,165,0.7121855074,0.4353658874,0.005073731400000003,0.015442053700000014,-1,-1,-1,-1
176,165,0.7079160084,0.4364331396,0.005073731299999995,0.016531504899999994,-1,-1,-1,-1
177,165,0.7047626332,0.4374317052,0.005167629500000048,0.016553116399999956,-1,-1,-1,-1
178,165,0.701609258,0.4384302709,0.005261527600000093,0.016574727800000022,-1,-1,-1,-1
179,165,0.6967327274,0.43892087,0.005261527599999982,0.016574727799999966,-1,-1,-1,-1
180,165,0.6900652261,0.4398476152,0.004603359099999982,0.015564801399999995,-1,-1,-1,-1
181,165,0.6811569542,0.4404451615,0.0046033589999999736,0.015564801399999995,-1,-1,-1,-1
182,165,0.6712497473,0.4408662907,0.0046033589999999736,0.015564801299999986,-1,-1,-1,-1
183,165,0.6595571535,0.441341481,0.005440507099999992,0.01653124370000003,-1,-1,-1,-1
184,165,0.6494980051,0.4414953074,0.004242461100000039,0.014849077799999999,-1,-1,-1,-1
185,165,0.6386394735,0.4422042407,0.004242461099999928,0.014849077800000055,-1,-1,-1,-1
186,165,0.6268513653,0.4447871659,0.004242461100000039,0.014849077799999999,-1,-1,-1,-1
187,165,0.6165287437,0.4437080307,0.004242461100000039,0.014849077799999999,-1,-1,-1,-1
188,165,0.6039328765,0.4413963257,0.004242461099999928,0.014849077799999999,-1,-1,-1,-1
189,165,0.5892785979,0.4398707284,0.004242461099999928,0.014849077799999999,-1,-1,-1,-1
190,165,0.5804288102,0.4397592108,0.004242461099999928,0.014849077799999999,-1,-1,-1,-1
191,165,0.5756545537,0.4392558146,0.004242461100000039,0.014849077799999999,-1,-1,-1,-1
192,165,0.5738773958,0.4391539601,0.004242461100000039,0.014849077799999999,-1,-1,-1,-1
193,165,0.5738089192,0.4391539601,0.004242461100000039,0.014849077799999999,-1,-1,-1,-1
194,165,0.5725582668,0.4389317084,0.004242461100000039,0.014849077799999999,-1,-1,-1,-1
195,165,0.5713076144,0.4387094567,0.004242461100000039,0.014849077799999999,-1,-1,-1,-1
196,165,0.5655702775,0.4388337714,0.004242461100000039,0.014849077799999999,-1,-1,-1,-1
197,165,0.5597530024,0.4387272159,0.004242461099999928,0.014849077799999999,-1,-1,-1,-1
198,165,0.5513189233,0.4387272159,0.004242461100000039,0.014849077799999999,-1,-1,-1,-1
199,165,0.5374242056,0.4383352068,0.004832740799999957,0.015750881699999997,-1,-1,-1,-1
200,165,0.5271136335,0.4379433282,0.005328828600000057,0.015946755700000037,-1,-1,-1,-1
201,165,0.5172846015,0.4369520751,0.005328828600000057,0.01594675569999998,-1,-1,-1,-1
202,165,0.5090340572,0.436208668,0.004377650900000085,0.014892953499999972,-1,-1,-1,-1
203,165,0.5009570555,0.4360664634,0.004377650899999974,0.01489295359999998,-1,-1,-1,-1
204,165,0.4928684451,0.436425827,0.00437765090000003,0.014892953500000028,-1,-1,-1,-1
205,165,0.4807154714,0.4342811372,0.004573088300000028,0.014832885500000004,-1,-1,-1,-1
206,165,0.4693789264,0.4339213819,0.004573088299999972,0.014832885500000004,-1,-1,-1,-1
207,165,0.4587199467,0.4329521973,0.004763529599999983,0.01380337180000002,-1,-1,-1,-1
208,165,0.4489389659,0.4326303111,0.004763529600000038,0.013803371700000011,-1,-1,-1,-1
209,165,0.440655212,0.4314651219,0.00457323519999997,0.012395690599999953,-1,-1,-1,-1
210,165,0.4331267575,0.4308747576,0.00457323519999997,0.012395690600000009,-1,-1,-1,-1
211,165,0.4265109809,0.43041811,0.004573235299999978,0.012395690599999953,-1,-1,-1,-1
212,165,0.4197522265,0.4296945515,0.004422616200000007,0.011958499699999958,-1,-1,-1,-1
213,165,0.4137195294,0.4291672586,0.004422616200000007,0.011958499800000022,-1,-1,-1,-1
214,165,0.4078622851,0.4284732117,0.004422616200000007,0.011958499799999966,-1,-1,-1,-1
215,165,0.4027462335,0.4287281091,0.004422616200000007,0.011958499800000022,-1,-1,-1,-1
216,165,0.3995560485,0.4272491298,0.003924912100000011,0.012001200299999959,-1,-1,-1,-1
217,165,0.3966657791,0.4264903139,0.0037387321999999834,0.011200859100000016,-1,-1,-1,-1
218,165,0.3934919051,0.4260495974,0.003738732200000039,0.011200859100000016,-1,-1,-1,-1
219,165,0.3892291655,0.4268913333,0.003738732200000039,0.011200859100000016,-1,-1,-1,-1
220,165,0.3841022399,0.4249064767,0.00405143210000003,0.010797097500000019,-1,-1,-1,-1
221,165,0.3790996302,0.4244681107,0.0040514320000000215,0.010797097499999964,-1,-1,-1,-1
222,165,0.3745521104,0.4234691532,0.004051431999999966,0.010797097599999972,-1,-1,-1,-1
