1,735,0.5078180839,0.4600091878,0.004997760599999901,0.027651011000000003,-1,-1,-1,-1
2,735,0.5099867044,0.4601494336,0.004163257499999906,0.027651011000000003,-1,-1,-1,-1
3,735,0.5099867044,0.4598934916,0.004677125599999998,0.027906953000000012,-1,-1,-1,-1
4,735,0.5094578478,0.4598182759,0.004798208699999917,0.027672034799999967,-1,-1,-1,-1
5,735,0.5117012635,0.4621440839,0.004396166000000035,0.027672034800000023,-1,-1,-1,-1
6,735,0.5127726425,0.4616315469,0.0043438534999999945,0.026704808999999996,-1,-1,-1,-1
7,735,0.5142537054,0.4609593073,0.0041138837999999955,0.026704808999999996,-1,-1,-1,-1
8,735,0.5154344118,0.4598739042,0.004113883900000004,0.027096165199999966,-1,-1,-1,-1
9,735,0.5167432546,0.4590945868,0.004029684199999939,0.02664447980000001,-1,-1,-1,-1
10,735,0.5173920186,0.4588518336,0.004439514900000052,0.02646244750000004,-1,-1,-1,-1
11,735,0.5174603482,0.4581841644,0.004541935900000071,0.026948084500000025,-1,-1,-1,-1
12,735,0.5179120585,0.4581841644,0.004541935799999952,0.026791907599999998,-1,-1,-1,-1
13,735,0.5195879709,0.4578050829,0.004858750200000039,0.026791907599999998,-1,-1,-1,-1
14,735,0.521553072,0.4572230759,0.004218068200000036,0.026148918600000015,-1,-1,-1,-1
15,735,0.5230814513,0.456790325,0.004909446299999898,0.026452262100000012,-1,-1,-1,-1
16,735,0.5247522206,0.4564591673,0.004876236699999925,0.026072005399999987,-1,-1,-1,-1
17,735,0.5260260905,0.4561187383,0.004377797799999916,0.026072005399999987,-1,-1,-1,-1
18,735,0.5275891488,0.4556004557,0.0038251362000000233,0.02616145449999996,-1,-1,-1,-1
19,735,0.5278501239,0.4557551961,0.004262445700000006,0.025858111000000017,-1,-1,-1,-1
20,735,0.5279585696,0.455081259,0.004142244399999995,0.02585811090000001,-1,-1,-1,-1
21,735,0.528818935,0.4542853576,0.00446273230000005,0.025616924799999996,-1,-1,-1,-1
22,735,0.5293984878,0.4539539388,0.0045500177999999725,0.025616924799999996,-1,-1,-1,-1
23,735,0.5307840361,0.453206353,0.003996033600000004,0.02518130099999999,-1,-1,-1,-1
24,735,0.5313800467,0.4527523171,0.004593366799999998,0.024632723099999976,-1,-1,-1,-1
25,735,0.5330953405,0.4519740443,0.004585284800000089,0.024425488500000037,-1,-1,-1,-1
26,735,0.5360079456,0.4512387333,0.004518571600000021,0.024240975200000014,-1,-1,-1,-1
27,735,0.5396449916,0.4503247852,0.004087139799999973,0.024130763399999977,-1,-1,-1,-1
28,735,0.5424776584,0.4496904146,0.0038676034000000303,0.024736405800000028,-1,-1,-1,-1
29,735,0.5456030405,0.449030058,0.003746373400000058,0.02500279449999998,-1,-1,-1,-1
30,735,0.5487185772,0.4484236321,0.003514346600000051,0.023865941799999957,-1,-1,-1,-1
31,735,0.5518771689,0.4477998387,0.003916536199999987,0.02396022240000001,-1,-1,-1,-1
32,735,0.5548913133,0.4472046429,0.0040531954000000425,0.023603339999999973,-1,-1,-1,-1
33,735,0.5581239655,0.4467540021,0.0038373325999999652,0.023603340000000028,-1,-1,-1,-1
34,735,0.5602182316,0.4462469496,0.003708167600000034,0.023523292799999984,-1,-1,-1,-1
35,735,0.5612007086,0.4459652828,0.004405423599999958,0.02352329280000004,-1,-1,-1,-1
36,735,0.5631303958,0.4453723069,0.003951950099999935,0.023138335099999963,-1,-1,-1,-1
37,735,0.5652140818,0.4447550426,0.003951950100000046,0.023138335100000018,-1,-1,-1,-1
38,735,0.5672366385,0.4442648352,0.004081996800000098,0.022822847400000013,-1,-1,-1,-1
39,735,0.5688636182,0.4437545182,0.0037901631000000213,0.022587537400000024,-1,-1,-1,-1
40,735,0.5698948811,0.4430164649,0.0036388094000000537,0.02257447909999999,-1,-1,-1,-1
41,735,0.570398757,0.4427013689,0.0038465900999999914,0.022039482,-1,-1,-1,-1
42,735,0.570748487,0.4418726913,0.004039676499999922,0.02203948189999999,-1,-1,-1,-1
43,735,0.5714945289,0.4415303035,0.0035231633000000206,0.0218708997,-1,-1,-1,-1
44,735,0.5714165009,0.4409758495,0.0034016395000000532,0.02248424649999997,-1,-1,-1,-1
45,735,0.5702548974,0.4405607272,0.0037144862000000334,0.020898450600000007,-1,-1,-1,-1
46,735,0.5690127678,0.4400334344,0.0036809827000000572,0.021320754900000016,-1,-1,-1,-1
47,735,0.5679566711,0.4397310049,0.0034438127999999457,0.02096308899999999,-1,-1,-1,-1
48,735,0.5668797081,0.4388389947,0.003513171000000037,0.020307302800000038,-1,-1,-1,-1
49,735,0.5654688852,0.4388389947,0.003087323199999936,0.020307302800000038,-1,-1,-1,-1
50,735,0.5642487974,0.4383434335,0.003207083700000002,0.019783013399999994,-1,-1,-1,-1
51,735,0.5614862236,0.438015671,0.004461262800000032,0.02001871510000003,-1,-1,-1,-1
52,735,0.5592649967,0.4370408713,0.003941957700000054,0.020512970500000005,-1,-1,-1,-1
53,735,0.5565216727,0.4366649238,0.004440690500000066,0.020417383999999983,-1,-1,-1,-1
54,735,0.5537172194,0.4365211523,0.0036368991000000905,0.020417383999999983,-1,-1,-1,-1
55,735,0.5513408181,0.4358981424,0.002372874600000019,0.020417383999999983,-1,-1,-1,-1
56,735,0.5466024163,0.4358528302,0.0034714385000000902,0.0202523275,-1,-1,-1,-1
57,735,0.5433634454,0.4357428796,0.0031245004000000076,0.0198331571,-1,-1,-1,-1
58,735,0.539364032,0.4356284892,0.0038072087999999615,0.01942156049999999,-1,-1,-1,-1
59,735,0.5370001211,0.4353832549,0.0030639588999999967,0.019666794799999998,-1,-1,-1,-1
60,735,0.5329306147,0.4352150644,0.003826899499999925,0.019409677600000008,-1,-1,-1,-1
61,735,0.5309190789,0.4347979834,0.002998568199999996,0.019401450799999997,-1,-1,-1,-1
62,735,0.5277171383,0.4342726493,0.003570185800000014,0.019926784899999994,-1,-1,-1,-1
63,735,0.52553735,0.4340144874,0.003354910799999944,0.019926784899999994,-1,-1,-1,-1
64,735,0.5232338337,0.4338721523,0.0032213373999999684,0.019158305799999997,-1,-1,-1,-1
65,735,0.5214688723,0.4336629588,0.0032213373999999684,0.019158305900000006,-1,-1,-1,-1
66,735,0.5189393539,0.4334537654,0.0035296288999999703,0.01931526619999996,-1,-1,-1,-1
67,735,0.5163415058,0.4331848957,0.00384673719999995,0.01931526619999996,-1,-1,-1,-1
68,735,0.5152087036,0.4329310429,0.0029791713999999248,0.019315266299999967,-1,-1,-1,-1
69,735,0.5129711658,0.4327547563,0.003222953799999928,0.018047308600000034,-1,-1,-1,-1
70,735,0.5123024172,0.4325318517,0.003222953799999928,0.01804730859999998,-1,-1,-1,-1
71,735,0.5118890597,0.4326091567,0.0032229539000000473,0.018047308500000026,-1,-1,-1,-1
72,735,0.5116186802,0.4322683359,0.002965946300000022,0.0177911053,-1,-1,-1,-1
73,735,0.5101921341,0.4320268885,0.002965946300000022,0.017791105400000007,-1,-1,-1,-1
74,735,0.5078251373,0.4320268885,0.002862349799999997,0.017439968600000022,-1,-1,-1,-1
75,735,0.5050165696,0.4318114271,0.00310921800000008,0.017045217200000018,-1,-1,-1,-1
76,735,0.5016956032,0.4318114271,0.00310921800000008,0.017045217200000018,-1,-1,-1,-1
77,735,0.5001391573,0.431761414,0.0031092180999999774,0.01704521710000001,-1,-1,-1,-1
78,735,0.4962133415,0.4303052866,0.003323596799999995,0.01756440949999999,-1,-1,-1,-1
79,735,0.4946179331,0.4300802763,0.003537975400000004,0.017791374199999987,-1,-1,-1,-1
80,735,0.492959632,0.4297434873,0.0037523541000000216,0.018018338799999978,-1,-1,-1,-1
81,735,0.4912282403,0.4296476723,0.003408545900000004,0.018010353599999973,-1,-1,-1,-1
82,735,0.4883744134,0.4295217906,0.003137872400000019,0.017594970200000004,-1,-1,-1,-1
83,735,0.4870876124,0.4290223119,0.002894530800000017,0.017594970099999996,-1,-1,-1,-1
84,735,0.4848123096,0.4288171665,0.002955953999999983,0.017594970200000004,-1,-1,-1,-1
85,735,0.4832633579,0.4288171665,0.0033753361999999676,0.017594970200000004,-1,-1,-1,-1
86,735,0.4825156996,0.4283131174,0.002835899599999969,0.017226335300000006,-1,-1,-1,-1
87,735,0.4811213346,0.4280139525,0.0031312599000000163,0.017012832599999972,-1,-1,-1,-1
88,735,0.4813677621,0.4277149182,0.0027165799000000157,0.017012832599999972,-1,-1,-1,-1
89,735,0.481007158,0.4272449512,0.0029328835999999914,0.017012832599999972,-1,-1,-1,-1
90,735,0.4816543056,0.4266799199,0.0028386915999999984,0.01662369629999999,-1,-1,-1,-1
91,735,0.4818544453,0.4265909931,0.0026827824000000278,0.01662369629999999,-1,-1,-1,-1
92,735,0.4822097593,0.4260573018,0.0028780729000000282,0.016644981199999964,-1,-1,-1,-1
93,735,0.4818512125,0.4259593648,0.002867639799999988,0.016655427799999956,-1,-1,-1,-1
94,735,0.4814092007,0.4258612972,0.002951104799999993,0.01655749080000002,-1,-1,-1,-1
95,735,0.4803689741,0.4255670944,0.002951104799999993,0.01655749089999997,-1,-1,-1,-1
96,735,0.4792748185,0.4249187515,0.0029511048000000484,0.01675845749999999,-1,-1,-1,-1
97,735,0.4782626585,0.4246872284,0.002895118600000024,0.017175146899999993,-1,-1,-1,-1
98,735,0.4763608909,0.424409479,0.002943757499999977,0.017128790100000013,-1,-1,-1,-1
99,735,0.4746413356,0.424177956,0.0026312047000000005,0.01600590959999998,-1,-1,-1,-1
100,735,0.4724511142,0.4239593606,0.002860586399999976,0.015594443600000008,-1,-1,-1,-1
101,735,0.4701073348,0.4238316507,0.003290989600000016,0.015433696399999974,-1,-1,-1,-1
102,735,0.468830673,0.4235182523,0.003224423300000001,0.015310557000000002,-1,-1,-1,-1
103,735,0.4668908466,0.4233390929,0.0033253748000000027,0.015310556899999994,-1,-1,-1,-1
104,735,0.4659963898,0.4230012755,0.002601521699999998,0.01662225989999999,-1,-1,-1,-1
105,735,0.4638938948,0.4226831761,0.0028990861000000034,0.01563845009999998,-1,-1,-1,-1
106,735,0.4628933435,0.4224277564,0.002586827100000022,0.01563845009999998,-1,-1,-1,-1
107,735,0.4613537964,0.4222668786,0.0027828522999999716,0.015887601699999976,-1,-1,-1,-1
108,735,0.4601295941,0.4219490404,0.002894971600000018,0.015883684200000026,-1,-1,-1,-1
109,735,0.4590269157,0.4216451745,0.003011499400000006,0.01600199219999998,-1,-1,-1,-1
110,735,0.4586555846,0.4212544712,0.0017890604999999948,0.01600199210000003,-1,-1,-1,-1
111,735,0.4572676851,0.4208888397,0.002340693599999999,0.01600199219999998,-1,-1,-1,-1
112,735,0.4557419509,0.4205794893,0.002340693599999999,0.01600199219999998,-1,-1,-1,-1
113,735,0.45345357,0.4208845304,0.002340693500000046,0.01600199219999998,-1,-1,-1,-1
114,735,0.4515657622,0.4211895716,0.0023406934999999907,0.01600199210000003,-1,-1,-1,-1
115,735,0.4490485872,0.4207829371,0.0023406934999999907,0.016164959400000012,-1,-1,-1,-1
116,735,0.4463024713,0.4205794893,0.0028517697000000064,0.01530076330000002,-1,-1,-1,-1
117,735,0.4430764316,0.4209195266,0.0043772101000000285,0.01524892189999999,-1,-1,-1,-1
118,735,0.4402897587,0.4208479673,0.004079498700000017,0.01550656149999996,-1,-1,-1,-1
119,735,0.4376175563,0.420747941,0.004079498700000017,0.01550656149999996,-1,-1,-1,-1
120,735,0.4349600485,0.4207979541,0.003978106300000006,0.015523798500000019,-1,-1,-1,-1
121,735,0.4332347623,0.4204799853,0.003215018799999969,0.016150072999999987,-1,-1,-1,-1
122,735,0.430427811,0.4196705034,0.0035623976999999973,0.01615007289999998,-1,-1,-1,-1
123,735,0.4280819744,0.4205195519,0.003097462399999973,0.015058140599999992,-1,-1,-1,-1
124,735,0.4269660709,0.4202766681,0.0028695501000000068,0.015058140600000047,-1,-1,-1,-1
125,735,0.4238915319,0.4195076668,0.003006209400000015,0.015057226499999965,-1,-1,-1,-1
126,735,0.4225195026,0.419388706,0.0029289160000000036,0.014971564300000018,-1,-1,-1,-1
127,735,0.4209035439,0.4191839523,0.0032248641000000022,0.015163259699999987,-1,-1,-1,-1
128,735,0.4198246706,0.4188832204,0.0028713134000000196,0.01506767320000002,-1,-1,-1,-1
129,735,0.4185137705,0.4184274869,0.0025177627999999896,0.015088044100000031,-1,-1,-1,-1
130,735,0.4171874412,0.4181536551,0.0027306866999999846,0.014890080699999975,-1,-1,-1,-1
131,735,0.4156812507,0.4178998024,0.0028167967000000127,0.014769813999999992,-1,-1,-1,-1
132,735,0.4146611556,0.4172694798,0.0028150334,0.015007735699999969,-1,-1,-1,-1
133,735,0.413618431,0.4168973192,0.0026591241999999737,0.015052917299999968,-1,-1,-1,-1
134,735,0.4127389626,0.4166740228,0.0025753654000000292,0.014718103400000015,-1,-1,-1,-1
135,735,0.4115852942,0.4162638627,0.002487932799999981,0.01478235,-1,-1,-1,-1
136,735,0.4103928321,0.415894836,0.0026651490000000333,0.014700344099999985,-1,-1,-1,-1
137,735,0.4087652647,0.4159851992,0.0029195114999999716,0.014700344099999985,-1,-1,-1,-1
138,735,0.4081786586,0.4157141096,0.002528342799999972,0.014700344099999985,-1,-1,-1,-1
139,735,0.4066965671,0.415559108,0.002659124299999982,0.014172006600000009,-1,-1,-1,-1
140,735,0.4055910968,0.4151392847,0.00262973510000003,0.014287180499999996,-1,-1,-1,-1
141,735,0.4041727796,0.4150372996,0.002639139700000015,0.014143800799999995,-1,-1,-1,-1
142,735,0.4030872938,0.4147188085,0.0026081342000000007,0.01417827460000004,-1,-1,-1,-1
143,735,0.4020103309,0.4147188085,0.0024256279000000047,0.013736774600000001,-1,-1,-1,-1
144,735,0.4009689287,0.4142987241,0.002576981799999989,0.01392951459999997,-1,-1,-1,-1
145,735,0.3995661877,0.4142274259,0.002728923399999972,0.013709221699999996,-1,-1,-1,-1
146,735,0.398784732,0.4141206093,0.002287940100000052,0.013709221599999988,-1,-1,-1,-1
147,735,0.3975402521,0.4138638462,0.002288322399999987,0.013644379599999978,-1,-1,-1,-1
148,735,0.3962957722,0.413607083,0.002288704599999969,0.013579537700000033,-1,-1,-1,-1
149,735,0.3950512923,0.4133503199,0.002289086799999951,0.013514695700000023,-1,-1,-1,-1
150,735,0.3938068123,0.4130935568,0.002289469200000005,0.013449853700000014,-1,-1,-1,-1
151,735,0.3925623324,0.4128367936,0.002289851399999987,0.013385011800000013,-1,-1,-1,-1
152,735,0.3913178525,0.4125800305,0.002290233599999969,0.01332016970000005,-1,-1,-1,-1
153,735,0.3900733726,0.4123232674,0.0022906158999999593,0.013255327699999986,-1,-1,-1,-1
154,735,0.3888288927,0.4120665043,0.002290998099999997,0.013190485699999976,-1,-1,-1,-1
155,735,0.3875844127,0.4118097411,0.002291380399999987,0.013125643799999975,-1,-1,-1,-1
156,735,0.3863399328,0.411552978,0.002291762599999969,0.013060801799999966,-1,-1,-1,-1
157,735,0.3850954529,0.4112962149,0.0022921448999999594,0.012995959800000012,-1,-1,-1,-1
158,735,0.383850973,0.4110394518,0.002292527099999997,0.012931117800000003,-1,-1,-1,-1
159,735,0.382606493,0.4107826886,0.0022929093999999872,0.012866275799999993,-1,-1,-1,-1
160,735,0.3813620131,0.4105259255,0.0022932916999999775,0.012801433799999984,-1,-1,-1,-1
161,735,0.3801175332,0.4102691624,0.0022936738999999595,0.012736591799999974,-1,-1,-1,-1
162,735,0.3788730533,0.4100123992,0.002294056099999997,0.012671749900000029,-1,-1,-1,-1
163,735,0.3776285734,0.4097556361,0.002294438299999979,0.01260690790000002,-1,-1,-1,-1
164,735,0.3764081536,0.409434657,0.0022948205999999693,0.01254206590000001,-1,-1,-1,-1
165,735,0.3751877338,0.409113678,0.002295202900000015,0.0124772239,-1,-1,-1,-1
166,735,0.3737641929,0.4087394616,0.002373843399999964,0.012563349999999973,-1,-1,-1,-1
167,735,0.3728300832,0.4083497458,0.0023781385000000155,0.012506056500000029,-1,-1,-1,-1
168,735,0.3721150206,0.4080749428,0.002349216399999965,0.012110447999999996,-1,-1,-1,-1
169,735,0.3717789565,0.4075871713,0.0023138025000000173,0.012427939700000001,-1,-1,-1,-1
170,735,0.3711974935,0.4077665297,0.0022685433000000366,0.012472175400000007,-1,-1,-1,-1
171,735,0.3707175697,0.4073937736,0.0018918204999999744,0.012420631899999979,-1,-1,-1,-1
172,735,0.369925387,0.4067063864,0.0020180014000000246,0.013494282600000018,-1,-1,-1,-1
