1,1059,0.3943269959,0.4014427296,0.0013571878000000481,0.007283901300000006,-1,-1,-1,-1
2,1059,0.3943269959,0.4013211571,0.0013571878000000481,0.007283901400000015,-1,-1,-1,-1
3,1059,0.3943610872,0.4011388637,0.0013571879000000009,0.007283901399999959,-1,-1,-1,-1
4,1059,0.3943098033,0.4011995846,0.0013571877999999926,0.007283901400000015,-1,-1,-1,-1
5,1059,0.3943782798,0.4011995846,0.0013571879000000009,0.007627856099999997,-1,-1,-1,-1
6,1059,0.3943953255,0.4013514523,0.0013571879000000009,0.007627856099999997,-1,-1,-1,-1
7,1059,0.3943440415,0.4012907313,0.0013571879000000009,0.007627856200000005,-1,-1,-1,-1
8,1059,0.3943440415,0.4012603056,0.0013571879000000009,0.007627856099999997,-1,-1,-1,-1
9,1059,0.3942927576,0.4012603056,0.0013571879000000009,0.007627856099999997,-1,-1,-1,-1
10,1059,0.394275565,0.4010780122,0.0013571877999999926,0.007627856099999997,-1,-1,-1,-1
11,1059,0.3942927576,0.4011387331,0.0013571879000000009,0.007627856099999997,-1,-1,-1,-1
12,1059,0.3942414736,0.4011387331,0.0015560050999999797,0.007749428599999997,-1,-1,-1,-1
13,1059,0.3942585193,0.4011387331,0.001556005000000027,0.007810280100000011,-1,-1,-1,-1
14,1059,0.3941900427,0.4010475864,0.0015560050999999797,0.007810280100000011,-1,-1,-1,-1
15,1059,0.3941387588,0.4009867349,0.001556005000000027,0.007810280100000011,-1,-1,-1,-1
16,1059,0.3941728501,0.4010474558,0.0011458803999999656,0.007810280100000011,-1,-1,-1,-1
17,1059,0.3940874748,0.4011994541,0.0010944494999999832,0.0078102800999999555,-1,-1,-1,-1
18,1059,0.3940189983,0.4011994541,0.0010944494000000304,0.0078102800999999555,-1,-1,-1,-1
19,1059,0.3940702822,0.4012298798,0.0010944494999999832,0.0078102800999999555,-1,-1,-1,-1
20,1059,0.3940189983,0.4012298798,0.0010944494000000304,0.0078102800999999555,-1,-1,-1,-1
21,1059,0.3940375134,0.4012298798,0.0010944495000000387,0.0078102800999999555,-1,-1,-1,-1
22,1059,0.3940560285,0.4012956935,0.0010944495000000387,0.007810280100000011,-1,-1,-1,-1
23,1059,0.3940004832,0.4012297492,0.0010944494000000304,0.007810280100000011,-1,-1,-1,-1
24,1059,0.3940560285,0.4011308982,0.0010944495000000387,0.007810280100000011,-1,-1,-1,-1
25,1059,0.3940560285,0.4010979913,0.0010944495000000387,0.007810280100000011,-1,-1,-1,-1
26,1059,0.3941117208,0.4010979913,0.0010944494999999832,0.007810280100000011,-1,-1,-1,-1
27,1059,0.3940932057,0.4010979913,0.0010944494999999832,0.007810280100000011,-1,-1,-1,-1
28,1059,0.3940422157,0.4010979913,0.0010944494000000304,0.007810280100000011,-1,-1,-1,-1
29,1059,0.3940267864,0.401012982,0.0010944494999999832,0.0078102800999999555,-1,-1,-1,-1
30,1059,0.3940804215,0.4008963717,0.001094449399999975,0.007810280100000011,-1,-1,-1,-1
31,1059,0.3940585266,0.4009352853,0.0010944494999999832,0.007810280100000011,-1,-1,-1,-1
32,1059,0.3940585266,0.401012982,0.0010944494999999832,0.0078102800999999555,-1,-1,-1,-1
33,1059,0.3941023163,0.4011683754,0.0010944495000000387,0.007810280100000011,-1,-1,-1,-1
34,1059,0.3940060671,0.4011683754,0.0011906986999999924,0.007810280100000011,-1,-1,-1,-1
35,1059,0.3939622773,0.4011294617,0.0011906988000000007,0.0078102800999999555,-1,-1,-1,-1
36,1059,0.3939622773,0.4011683754,0.0011906988000000007,0.007810280100000011,-1,-1,-1,-1
37,1059,0.3938967397,0.4013983315,0.0012124466000000278,0.007580324000000027,-1,-1,-1,-1
38,1059,0.3939624243,0.4013983315,0.0012124465999999723,0.007580324000000027,-1,-1,-1,-1
39,1059,0.3939622773,0.4013206348,0.0012125935999999782,0.007228011899999998,-1,-1,-1,-1
40,1059,0.3940934996,0.4013206348,0.0010932738999999692,0.007228011899999998,-1,-1,-1,-1
41,1059,0.3940934996,0.4013206348,0.0010932738999999692,0.007228011899999998,-1,-1,-1,-1
42,1059,0.3940934996,0.4014372451,0.0010932738999999692,0.007228012000000006,-1,-1,-1,-1
43,1059,0.3940934996,0.401398462,0.0010932738999999692,0.007228012000000006,-1,-1,-1,-1
44,1059,0.3941591842,0.401398462,0.0010932738999999692,0.007228012000000006,-1,-1,-1,-1
45,1059,0.3941153945,0.401398462,0.0010932739000000247,0.007228012000000006,-1,-1,-1,-1
46,1059,0.3941591842,0.4013207654,0.0010932738999999692,0.007228011899999998,-1,-1,-1,-1
47,1059,0.3940934996,0.4013207654,0.0010932738999999692,0.007228011899999998,-1,-1,-1,-1
48,1059,0.3940716047,0.4014762893,0.0010932738999999692,0.007228012000000006,-1,-1,-1,-1
49,1059,0.3940934996,0.4014762893,0.0010932738999999692,0.007228012000000006,-1,-1,-1,-1
50,1059,0.3940934996,0.4014762893,0.0010932738999999692,0.007228012000000006,-1,-1,-1,-1
51,1059,0.3941591842,0.4013985926,0.0010932738999999692,0.007228012000000006,-1,-1,-1,-1
52,1059,0.3940717517,0.4014375063,0.0010932739000000247,0.007228011899999998,-1,-1,-1,-1
53,1059,0.3941071655,0.4014689767,0.0010932738999999692,0.007228012000000006,-1,-1,-1,-1
54,1059,0.3941249459,0.4014060358,0.0010932738999999692,0.007228012000000006,-1,-1,-1,-1
55,1059,0.3941249459,0.4014060358,0.0010932738999999692,0.007228012000000006,-1,-1,-1,-1
56,1059,0.3941603598,0.4014060358,0.0010932738999999692,0.007228012000000006,-1,-1,-1,-1
57,1059,0.3941073125,0.4013745654,0.0010932739000000247,0.007228012000000006,-1,-1,-1,-1
58,1059,0.3941250929,0.401343095,0.0010932739000000247,0.007228012000000006,-1,-1,-1,-1
59,1059,0.3941074594,0.401343095,0.0010932738999999692,0.007228012000000006,-1,-1,-1,-1
60,1059,0.3941074594,0.4013745654,0.0010932738999999692,0.007228012000000006,-1,-1,-1,-1
61,1059,0.3941428733,0.4013745654,0.0010932739000000247,0.007228012000000006,-1,-1,-1,-1
62,1059,0.3941252398,0.401343095,0.0010932738999999692,0.007228012000000006,-1,-1,-1,-1
63,1059,0.3941252398,0.401343095,0.0011057642999999784,0.006994007800000035,-1,-1,-1,-1
64,1059,0.3940720456,0.4013116246,0.0011057642000000256,0.0069940077999999795,-1,-1,-1,-1
65,1059,0.3941074594,0.401343095,0.0011057642999999784,0.006994007800000035,-1,-1,-1,-1
66,1059,0.394089679,0.401343095,0.0011057642999999784,0.006994007800000035,-1,-1,-1,-1
67,1059,0.3941156884,0.4015723982,0.001061974500000007,0.006733234199999993,-1,-1,-1,-1
68,1059,0.3941334688,0.4015094573,0.001061974500000007,0.006733234199999993,-1,-1,-1,-1
69,1059,0.3941156884,0.4014779869,0.001061974500000007,0.006733234200000049,-1,-1,-1,-1
70,1059,0.3940802745,0.4014779869,0.001061974500000007,0.006733234200000049,-1,-1,-1,-1
71,1059,0.3941027572,0.4014381592,0.001061974500000007,0.006733234200000049,-1,-1,-1,-1
72,1059,0.3940356031,0.4014779869,0.001061974500000007,0.006733234200000049,-1,-1,-1,-1
73,1059,0.3940579388,0.4014779869,0.001061974500000007,0.006733234200000049,-1,-1,-1,-1
74,1059,0.3941250929,0.401398462,0.001061974500000007,0.006733234300000002,-1,-1,-1,-1
75,1059,0.3941027572,0.4013586343,0.001061974500000007,0.006733234300000002,-1,-1,-1,-1
76,1059,0.3940804215,0.4013189372,0.001061974500000007,0.006733234199999993,-1,-1,-1,-1
77,1059,0.3940356031,0.4013189372,0.001061974500000007,0.006733234199999993,-1,-1,-1,-1
78,1059,0.3940802745,0.4012792401,0.001061974500000007,0.006733234199999993,-1,-1,-1,-1
79,1059,0.3940579388,0.4012394124,0.001061974500000007,0.006733234199999993,-1,-1,-1,-1
80,1059,0.3940356031,0.4012792401,0.001061974500000007,0.006733234199999993,-1,-1,-1,-1
81,1059,0.3940804215,0.4011200598,0.001061974500000007,0.006733234199999993,-1,-1,-1,-1
82,1059,0.3940804215,0.4011200598,0.001061974500000007,0.006733234199999993,-1,-1,-1,-1
83,1059,0.3940372196,0.4011200598,0.0011051764000000186,0.006795326200000007,-1,-1,-1,-1
84,1059,0.3939940176,0.4011200598,0.001148378399999983,0.006857418300000029,-1,-1,-1,-1
85,1059,0.3940611716,0.401040535,0.0011483784000000385,0.006857418300000029,-1,-1,-1,-1
86,1059,0.3940388359,0.4011200598,0.001148378399999983,0.006857418300000029,-1,-1,-1,-1
87,1059,0.3940165002,0.4011598875,0.001148378399999983,0.006857418400000037,-1,-1,-1,-1
88,1059,0.3940388359,0.4013985926,0.001148378399999983,0.006857418399999982,-1,-1,-1,-1
89,1059,0.3940611716,0.4013588955,0.0011483784000000385,0.006857418300000029,-1,-1,-1,-1
90,1059,0.39410599,0.4013588955,0.001148378399999983,0.006857418300000029,-1,-1,-1,-1
91,1059,0.3940611716,0.4013588955,0.0011483784000000385,0.006857418300000029,-1,-1,-1,-1
92,1059,0.3940165002,0.4013588955,0.001148378399999983,0.006857418300000029,-1,-1,-1,-1
93,1059,0.3940165002,0.4013190678,0.001148378399999983,0.006857418300000029,-1,-1,-1,-1
94,1059,0.3940388359,0.4012793707,0.001148378399999983,0.006857418299999973,-1,-1,-1,-1
95,1059,0.3940836543,0.4012793707,0.0011483784000000385,0.006857418299999973,-1,-1,-1,-1
96,1059,0.3940613186,0.4012793707,0.0011483784000000385,0.006857418299999973,-1,-1,-1,-1
97,1059,0.3941061369,0.4012793707,0.001148378399999983,0.006857418299999973,-1,-1,-1,-1
98,1059,0.3940836543,0.4012793707,0.0011483784000000385,0.006857418299999973,-1,-1,-1,-1
99,1059,0.3940611716,0.4012793707,0.0011483784000000385,0.006857418299999973,-1,-1,-1,-1
100,1059,0.3940835073,0.4012793707,0.001148378399999983,0.006857418299999973,-1,-1,-1,-1
101,1059,0.3940611716,0.4012395429,0.0011483784000000385,0.006857418399999982,-1,-1,-1,-1
102,1059,0.39410599,0.4013190678,0.001148378399999983,0.006857418300000029,-1,-1,-1,-1
103,1059,0.3940611716,0.4012792401,0.0011483784000000385,0.006857418300000029,-1,-1,-1,-1
104,1059,0.3940611716,0.4013985926,0.0011483784000000385,0.006857418399999982,-1,-1,-1,-1
105,1059,0.3940835073,0.4013587649,0.001148378399999983,0.006857418399999982,-1,-1,-1,-1
106,1059,0.3940611716,0.4013985926,0.0011483784000000385,0.006857418399999982,-1,-1,-1,-1
107,1059,0.3940163533,0.4013985926,0.001148378399999983,0.006857418399999982,-1,-1,-1,-1
108,1059,0.3939715349,0.4013985926,0.0011483784000000385,0.006857418399999982,-1,-1,-1,-1
109,1059,0.3939938706,0.4013985926,0.001148378399999983,0.006857418399999982,-1,-1,-1,-1
110,1059,0.3939938706,0.4013587649,0.001148378399999983,0.006857418399999982,-1,-1,-1,-1
111,1059,0.3940162063,0.4013985926,0.001148378399999983,0.006857418399999982,-1,-1,-1,-1
112,1059,0.3940610247,0.4013587649,0.0011483784000000385,0.006857418399999982,-1,-1,-1,-1
113,1059,0.3940162063,0.4013587649,0.001148378399999983,0.006857418399999982,-1,-1,-1,-1
114,1059,0.3939715349,0.4013190678,0.0011483784000000385,0.006857418300000029,-1,-1,-1,-1
115,1059,0.3939938706,0.4013190678,0.001148378399999983,0.006857418300000029,-1,-1,-1,-1
116,1059,0.394038542,0.4013587649,0.001148378399999983,0.006857418399999982,-1,-1,-1,-1
117,1059,0.3940162063,0.4013587649,0.001148378399999983,0.006857418399999982,-1,-1,-1,-1
118,1059,0.394038689,0.4013985926,0.001148378399999983,0.006857418399999982,-1,-1,-1,-1
119,1059,0.394038689,0.4013190678,0.001148378399999983,0.006857418300000029,-1,-1,-1,-1
120,1059,0.394105843,0.4012793707,0.001148378399999983,0.006857418299999973,-1,-1,-1,-1
121,1059,0.3940162063,0.4011600181,0.001148378399999983,0.006857418299999973,-1,-1,-1,-1
122,1059,0.3941056961,0.4011600181,0.001148378399999983,0.006857418299999973,-1,-1,-1,-1
123,1059,0.3940608777,0.4011600181,0.0011483785000000468,0.006857418299999973,-1,-1,-1,-1
124,1059,0.3940832134,0.4011600181,0.0011483784999999913,0.006857418299999973,-1,-1,-1,-1
125,1059,0.3940160594,0.401120321,0.001148378399999983,0.006857418299999973,-1,-1,-1,-1
126,1059,0.3940608777,0.4011999764,0.0011483785000000468,0.006857418300000029,-1,-1,-1,-1
127,1059,0.3940608777,0.4011999764,0.0011483785000000468,0.006857418300000029,-1,-1,-1,-1
128,1059,0.3940833604,0.4011999764,0.001148378399999983,0.006857418300000029,-1,-1,-1,-1
129,1059,0.394038689,0.4011999764,0.001148378399999983,0.006857418300000029,-1,-1,-1,-1
130,1059,0.394105843,0.4011999764,0.001148378399999983,0.006857418300000029,-1,-1,-1,-1
131,1059,0.3940610247,0.4011999764,0.0011483784000000385,0.006857418300000029,-1,-1,-1,-1
132,1059,0.3940213494,0.4013407445,0.001148378399999983,0.006857418399999982,-1,-1,-1,-1
133,1059,0.3940610247,0.4013407445,0.0011483784000000385,0.006857418399999982,-1,-1,-1,-1
134,1059,0.3940213494,0.4012703604,0.001148378399999983,0.006857418399999982,-1,-1,-1,-1
135,1059,0.3940608777,0.4013056178,0.0011483785000000468,0.006857418299999973,-1,-1,-1,-1
136,1059,0.394041187,0.4013760018,0.0011483784999999913,0.006857418399999982,-1,-1,-1,-1
137,1059,0.3940213494,0.4013408751,0.001148378399999983,0.006857418300000029,-1,-1,-1,-1
138,1059,0.3940213494,0.4013761324,0.001148378399999983,0.006857418400000037,-1,-1,-1,-1
139,1059,0.3940410401,0.4013057484,0.001148378399999983,0.006857418300000029,-1,-1,-1,-1
140,1059,0.3940509589,0.4013057484,0.0010915839999999788,0.006832607599999985,-1,-1,-1,-1
141,1059,0.3940608777,0.4013057484,0.0011483785000000468,0.006857418300000029,-1,-1,-1,-1
142,1059,0.394041187,0.4012706216,0.0011483784999999913,0.006857418400000037,-1,-1,-1,-1
143,1059,0.3941402282,0.4013411363,0.0011483784999999913,0.006857418299999973,-1,-1,-1,-1
144,1059,0.394100553,0.4013058789,0.001148378399999983,0.006857418399999982,-1,-1,-1,-1
145,1059,0.3940807154,0.4013058789,0.001148378399999983,0.006857418399999982,-1,-1,-1,-1
146,1059,0.3940807154,0.4014819044,0.001148378399999983,0.006857418300000029,-1,-1,-1,-1
147,1059,0.394041187,0.4014819044,0.0011483784999999913,0.006857418300000029,-1,-1,-1,-1
148,1059,0.3940610247,0.4014819044,0.0011483784000000385,0.006857418300000029,-1,-1,-1,-1
149,1059,0.394041187,0.4014819044,0.0011483784999999913,0.006857418300000029,-1,-1,-1,-1
150,1059,0.3940016587,0.4014115203,0.0011483784000000385,0.006857418399999982,-1,-1,-1,-1
151,1059,0.3940610247,0.4014115203,0.0011483784000000385,0.006857418399999982,-1,-1,-1,-1
152,1059,0.3940610247,0.4014466471,0.0011483784000000385,0.006857418300000029,-1,-1,-1,-1
153,1059,0.3940213494,0.4014466471,0.001148378399999983,0.006857418300000029,-1,-1,-1,-1
154,1059,0.3940808623,0.4014466471,0.001148378399999983,0.006857418300000029,-1,-1,-1,-1
155,1059,0.3940016587,0.4014817738,0.0011483784000000385,0.006857418300000029,-1,-1,-1,-1
156,1059,0.3940611716,0.4014466471,0.0011483784000000385,0.006857418300000029,-1,-1,-1,-1
157,1059,0.394041334,0.4014819044,0.001148378399999983,0.006857418300000029,-1,-1,-1,-1
158,1059,0.3940808623,0.4014819044,0.001148378399999983,0.006857418300000029,-1,-1,-1,-1
159,1059,0.3940808623,0.4014819044,0.001148378399999983,0.006857418300000029,-1,-1,-1,-1
160,1059,0.394041187,0.4014466471,0.0011483784999999913,0.006857418300000029,-1,-1,-1,-1
161,1059,0.3940610247,0.4014466471,0.0011483784000000385,0.006857418300000029,-1,-1,-1,-1
162,1059,0.3940610247,0.4014466471,0.0011483784000000385,0.006857418300000029,-1,-1,-1,-1
163,1059,0.3942239871,0.4013863832,0.0009824770999999899,0.006876287500000022,-1,-1,-1,-1
164,1059,0.3940808623,0.4014115203,0.001148378399999983,0.006857418399999982,-1,-1,-1,-1
165,1059,0.3941632987,0.4014115203,0.001148378399999983,0.006857418399999982,-1,-1,-1,-1
166,1059,0.3940808623,0.4014115203,0.001148378399999983,0.006857418399999982,-1,-1,-1,-1
167,1059,0.3941979778,0.4014115203,0.0011483784000000385,0.006857418399999982,-1,-1,-1,-1
168,1059,0.394100553,0.4014115203,0.001148378399999983,0.006857418399999982,-1,-1,-1,-1
169,1059,0.3941203906,0.4014115203,0.0011483784000000385,0.006857418399999982,-1,-1,-1,-1
170,1059,0.3940659473,0.4014115203,0.0011483784999999913,0.006857418399999982,-1,-1,-1,-1
171,1059,0.3941402282,0.4014115203,0.0011483784999999913,0.006857418399999982,-1,-1,-1,-1
172,1059,0.3940610247,0.401376263,0.0011483784000000385,0.006857418299999973,-1,-1,-1,-1
173,1059,0.3940610247,0.4013410057,0.0011483784000000385,0.006857418300000029,-1,-1,-1,-1
174,1059,0.3941403752,0.4012706216,0.001148378399999983,0.006857418400000037,-1,-1,-1,-1
175,1059,0.3941206845,0.4012706216,0.0011483784000000385,0.006857418400000037,-1,-1,-1,-1
176,1059,0.3940810092,0.4012706216,0.0011483784999999913,0.006857418400000037,-1,-1,-1,-1
177,1059,0.3941181864,0.4012706216,0.001091363600000006,0.006583455900000035,-1,-1,-1,-1
178,1059,0.3940967324,0.4013851426,0.001091363600000006,0.006583455899999979,-1,-1,-1,-1
179,1059,0.3941825485,0.4013851426,0.001091363600000006,0.006583455899999979,-1,-1,-1,-1
180,1059,0.3940536774,0.4013851426,0.0010913635999999505,0.006583455899999979,-1,-1,-1,-1
181,1059,0.3941396405,0.4013470125,0.001091363600000006,0.006583455900000035,-1,-1,-1,-1
182,1059,0.3940536774,0.4013470125,0.0010913635999999505,0.006583455900000035,-1,-1,-1,-1
183,1059,0.3940967324,0.4014232728,0.001091363600000006,0.006583455899999979,-1,-1,-1,-1
184,1059,0.3941612414,0.4012706216,0.001091363600000006,0.006583455900000035,-1,-1,-1,-1
185,1059,0.3941397874,0.4012706216,0.001091363600000006,0.006583455900000035,-1,-1,-1,-1
186,1059,0.3941612414,0.4013087518,0.001091363600000006,0.006583455900000035,-1,-1,-1,-1
187,1059,0.3941397874,0.4013087518,0.001091363600000006,0.006583455900000035,-1,-1,-1,-1
188,1059,0.3942042964,0.4013087518,0.0010913637000000143,0.006583455900000035,-1,-1,-1,-1
189,1059,0.3941061369,0.4013278168,0.001091363600000006,0.006583455899999979,-1,-1,-1,-1
190,1059,0.3941613884,0.4013468819,0.001091363600000006,0.006583455899999979,-1,-1,-1,-1
191,1059,0.3942688055,0.401385012,0.001091363600000006,0.006583455900000035,-1,-1,-1,-1
192,1059,0.3943546216,0.4012323609,0.001543661599999968,0.007335481500000018,-1,-1,-1,-1
193,1059,0.3942686585,0.4012323609,0.0015436616000000236,0.007335481500000018,-1,-1,-1,-1
194,1059,0.3943544747,0.401270491,0.001608170600000014,0.007335481500000018,-1,-1,-1,-1
195,1059,0.3942257505,0.4013467513,0.0016296245999999903,0.007411872399999964,-1,-1,-1,-1
196,1059,0.3942902595,0.4015375326,0.0017582018999999782,0.007411872399999964,-1,-1,-1,-1
197,1059,0.3945907629,0.4014231422,0.0017152938000000173,0.00744987189999996,-1,-1,-1,-1
198,1059,0.3952132237,0.4014994025,0.0016294776999999927,0.007449871900000016,-1,-1,-1,-1
199,1059,0.3961792428,0.4015375326,0.0013717355000000264,0.00744987189999996,-1,-1,-1,-1
200,1059,0.3968875197,0.4014994025,0.001371735499999971,0.007449871900000016,-1,-1,-1,-1
201,1059,0.3982827665,0.4014612723,0.0013717354000000181,0.008060345899999988,-1,-1,-1,-1
202,1059,0.3992057306,0.401651923,0.0013717355000000264,0.008060345899999988,-1,-1,-1,-1
203,1059,0.3999785166,0.4015755322,0.0013717354000000181,0.008060345900000043,-1,-1,-1,-1
204,1059,0.4009014807,0.4014992719,0.0016509318000000328,0.008480169199999998,-1,-1,-1,-1
205,1059,0.401094714,0.4018427043,0.001650931699999969,0.008480169199999998,-1,-1,-1,-1
206,1059,0.4013094012,0.4017283139,0.0016509317999999773,0.008480169199999998,-1,-1,-1,-1
207,1059,0.4013953643,0.4016901837,0.0016509317000000245,0.008480169199999998,-1,-1,-1,-1
208,1059,0.4009874438,0.401766444,0.001414643499999979,0.008480169199999998,-1,-1,-1,-1
209,1059,0.4008371186,0.401766444,0.0014146435999999873,0.008480169199999998,-1,-1,-1,-1
210,1059,0.4007942106,0.401766444,0.0014146435000000346,0.008480169199999998,-1,-1,-1,-1
211,1059,0.4009410091,0.401766444,0.0013751151999999989,0.008260006799999997,-1,-1,-1,-1
212,1059,0.4009014807,0.401766444,0.0014146436000000429,0.008079802700000027,-1,-1,-1,-1
213,1059,0.4009004521,0.401766444,0.0014156721999999955,0.007791606800000017,-1,-1,-1,-1
214,1059,0.4009004521,0.401766444,0.0013179534999999687,0.007791606800000017,-1,-1,-1,-1
215,1059,0.4008598952,0.401766444,0.001317953400000016,0.007791606800000017,-1,-1,-1,-1
216,1059,0.4008598952,0.401766444,0.001317953400000016,0.007791606800000017,-1,-1,-1,-1
217,1059,0.4008801737,0.401766444,0.001317953400000016,0.007791606800000017,-1,-1,-1,-1
218,1059,0.4008598952,0.4018024848,0.001317953400000016,0.007791606799999962,-1,-1,-1,-1
219,1059,0.4008801737,0.4018024848,0.0013585103000000043,0.007791606799999962,-1,-1,-1,-1
220,1059,0.4008801737,0.4018745665,0.0013585103000000043,0.007791606700000009,-1,-1,-1,-1
221,1059,0.4009004521,0.4018745665,0.001358510399999957,0.007791606700000009,-1,-1,-1,-1
222,1059,0.4008598952,0.4018745665,0.0013585104000000126,0.007791606700000009,-1,-1,-1,-1
