1,872,0.4312157323,0.4543019416,0.004547372900000013,0.015208049500000043,-1,-1,-1,-1
2,872,0.4254459206,0.4525638863,0.004889608699999992,0.015816303600000026,-1,-1,-1,-1
3,872,0.4203607275,0.4533460765,0.004449507200000036,0.015729335500000052,-1,-1,-1,-1
4,872,0.4126731311,0.4516861096,0.004531943600000032,0.01496203169999999,-1,-1,-1,-1
5,872,0.4061765273,0.4511754007,0.004705926900000046,0.014131917800000005,-1,-1,-1,-1
6,872,0.4002850447,0.4516223852,0.004705926999999999,0.01330193430000004,-1,-1,-1,-1
7,872,0.3933051374,0.4507780377,0.005034790800000022,0.013423506699999976,-1,-1,-1,-1
8,872,0.3833964611,0.4496321747,0.005034790800000022,0.013423506799999985,-1,-1,-1,-1
9,872,0.3761289816,0.4471956327,0.005034790799999966,0.013423506799999985,-1,-1,-1,-1
10,872,0.3750849345,0.44688576,0.005034790799999966,0.013423506799999985,-1,-1,-1,-1
11,872,0.3710390863,0.4460687042,0.005034790800000022,0.013423506799999985,-1,-1,-1,-1
12,872,0.3674530304,0.4449248,0.005034790800000022,0.013423506799999985,-1,-1,-1,-1
13,872,0.3646025832,0.4444344621,0.005034790800000022,0.01342350680000004,-1,-1,-1,-1
14,872,0.3601889307,0.4444344621,0.005034790799999966,0.01342350680000004,-1,-1,-1,-1
15,872,0.3565110339,0.4452516484,0.005034790800000022,0.01342350680000004,-1,-1,-1,-1
16,872,0.3456608782,0.4436174063,0.005034790799999966,0.013423506799999985,-1,-1,-1,-1
17,872,0.3456608782,0.4436174063,0.005034790799999966,0.013423506799999985,-1,-1,-1,-1
18,872,0.343965422,0.4436174063,0.005034790799999966,0.013423506799999985,-1,-1,-1,-1
19,872,0.3312436226,0.4450159468,0.004018516299999997,0.012981223200000003,-1,-1,-1,-1
20,872,0.3241308766,0.4446588032,0.004340032900000013,0.011993234699999966,-1,-1,-1,-1
21,872,0.3127715551,0.4429890425,0.004340032900000013,0.01199323480000003,-1,-1,-1,-1
22,872,0.2886206351,0.44118439,0.004340032899999957,0.01199323480000003,-1,-1,-1,-1
23,872,0.2785325384,0.4403241114,0.004340032900000013,0.01199323480000003,-1,-1,-1,-1
24,872,0.2675662959,0.439519461,0.004340032900000013,0.011993234799999974,-1,-1,-1,-1
25,872,0.2618310163,0.4381547415,0.004076412799999984,0.011065053200000008,-1,-1,-1,-1
26,872,0.2579437223,0.4374723165,0.0040283615999999745,0.010041546199999973,-1,-1,-1,-1
27,872,0.254824218,0.4374721859,0.003596342099999983,0.009359382299999996,-1,-1,-1,-1
