7,819,0.5021185121,0.43309623,0.0027597818000000274,0.01661599189999996,-1,-1,-1,-1
8,819,0.5046123228,0.4340161849,0.0033443306999999534,0.01867723939999999,-1,-1,-1,-1
9,819,0.5077648897,0.4344762277,0.0028973227999999907,0.018760812200000032,-1,-1,-1,-1
10,819,0.5094106784,0.4346277036,0.00534425780000003,0.018482148799999987,-1,-1,-1,-1
11,819,0.5131286913,0.4346711876,0.0033546168999999404,0.018458905099999978,-1,-1,-1,-1
12,819,0.5152257493,0.4348536116,0.005414938599999974,0.018458905099999978,-1,-1,-1,-1
13,819,0.5191771115,0.4349397962,0.0026626509999999604,0.017717326099999986,-1,-1,-1,-1
14,819,0.5222096241,0.4351491202,0.0029317079999999773,0.017717326099999986,-1,-1,-1,-1
15,819,0.5240939052,0.4353060806,0.0029317079999999773,0.01771732610000004,-1,-1,-1,-1
16,819,0.5265151248,0.4353060806,0.003337424300000058,0.01771732610000004,-1,-1,-1,-1
17,819,0.5286286407,0.4357176771,0.003092172399999926,0.017717326199999994,-1,-1,-1,-1
18,819,0.5316640922,0.4361065523,0.0032310358000000594,0.017717326199999994,-1,-1,-1,-1
19,819,0.5344281355,0.4363819512,0.003547115399999967,0.017717326099999986,-1,-1,-1,-1
20,819,0.5377589472,0.4362807496,0.003547115400000078,0.017717326099999986,-1,-1,-1,-1
21,819,0.5401384343,0.4369772776,0.003048970500000081,0.017717326099999986,-1,-1,-1,-1
22,819,0.5430475127,0.4371265336,0.003219280200000063,0.01771732610000004,-1,-1,-1,-1
23,819,0.5448671378,0.4373255416,0.0051508777000000006,0.01771732610000004,-1,-1,-1,-1
24,819,0.5490011532,0.4373803863,0.0036999387000000716,0.0182776563,-1,-1,-1,-1
25,819,0.5511298045,0.4373255416,0.00391594839999998,0.0182776563,-1,-1,-1,-1
26,819,0.5544810417,0.4377398804,0.0027561081999999404,0.0182776563,-1,-1,-1,-1
27,819,0.5558952444,0.4376828157,0.0030554359999999114,0.019522892700000016,-1,-1,-1,-1
28,819,0.557051264,0.4381230099,0.0030004783999999507,0.020012185999999987,-1,-1,-1,-1
29,819,0.5574152478,0.4384994798,0.005035672400000024,0.019733261300000027,-1,-1,-1,-1
30,819,0.5600701106,0.4386585295,0.0035134649000000406,0.019568596599999988,-1,-1,-1,-1
31,819,0.56312731,0.4388337714,0.0024381182999999584,0.019739006999999975,-1,-1,-1,-1
32,819,0.5657383831,0.4385874925,0.0033723972999999408,0.019711192900000007,-1,-1,-1,-1
33,819,0.5674117975,0.4390954591,0.005507514199999952,0.01915282140000002,-1,-1,-1,-1
34,819,0.5707476054,0.438624578,0.005307962299999969,0.019623702500000006,-1,-1,-1,-1
35,819,0.5746797178,0.438624578,0.0033809200999999067,0.019616259299999994,-1,-1,-1,-1
36,819,0.5769287174,0.438624578,0.0033809201000000177,0.019616259299999994,-1,-1,-1,-1
37,819,0.5789157133,0.438352966,0.00393372879999998,0.01943057079999999,-1,-1,-1,-1
38,819,0.5810198247,0.4383149664,0.005295324999999962,0.019270084699999968,-1,-1,-1,-1
39,819,0.5842385171,0.4379725787,0.004302708700000046,0.019594060199999985,-1,-1,-1,-1
40,819,0.586731593,0.4378278931,0.002714522700000055,0.01959406020000004,-1,-1,-1,-1
41,819,0.5874915947,0.4380208943,0.004994821699999985,0.019298029299999964,-1,-1,-1,-1
42,819,0.5904920732,0.4379877263,0.005290622700000025,0.01956272040000001,-1,-1,-1,-1
43,819,0.5932215843,0.4371713234,0.0030317777999999684,0.01951675530000002,-1,-1,-1,-1
44,819,0.5958539645,0.4375825282,0.003073951099999972,0.01956154520000003,-1,-1,-1,-1
45,819,0.5973580978,0.4378395149,0.0033055370999999223,0.01925310899999999,-1,-1,-1,-1
46,819,0.5968921338,0.4373493076,0.004209839300000073,0.020221509999999998,-1,-1,-1,-1
47,819,0.5963654815,0.4376556545,0.005485766199999964,0.019915163100000022,-1,-1,-1,-1
48,819,0.5963654815,0.4378228004,0.005924545299999973,0.019388000800000027,-1,-1,-1,-1
49,819,0.5962086907,0.4378228004,0.0060813360999999455,0.019388000800000027,-1,-1,-1,-1
50,819,0.5960520469,0.4378228004,0.006112635399999955,0.019388000800000027,-1,-1,-1,-1
51,819,0.5964595265,0.4378785592,0.005485766299999972,0.019332242,-1,-1,-1,-1
52,819,0.5972744858,0.4378785592,0.004075090299999973,0.019332242,-1,-1,-1,-1
53,819,0.5973123977,0.4378785592,0.004037178399999952,0.019332242,-1,-1,-1,-1
54,819,0.5972318716,0.4378785592,0.004648177400000009,0.019453292099999964,-1,-1,-1,-1
55,819,0.5972318716,0.4378785592,0.004648177400000009,0.019453292099999964,-1,-1,-1,-1
56,819,0.5972318716,0.4378785592,0.004648177400000009,0.019453292099999964,-1,-1,-1,-1
57,819,0.5972318716,0.4378785592,0.004648177400000009,0.019453292099999964,-1,-1,-1,-1
58,819,0.5972318716,0.4378785592,0.004648177400000009,0.019453292099999964,-1,-1,-1,-1
59,819,0.5972318716,0.4378785592,0.004648177400000009,0.019453292099999964,-1,-1,-1,-1
60,819,0.5971726526,0.4378259343,0.004593660700000002,0.019453292200000027,-1,-1,-1,-1
61,819,0.5971726526,0.4378259343,0.004593660700000002,0.019453292200000027,-1,-1,-1,-1
62,819,0.5971726526,0.4378259343,0.004801000700000002,0.01957316710000001,-1,-1,-1,-1
63,819,0.5971726526,0.4378259343,0.004801000700000002,0.01957316710000001,-1,-1,-1,-1
64,819,0.5971726526,0.4378259343,0.004801000700000002,0.01957316710000001,-1,-1,-1,-1
65,819,0.5971726526,0.4378259343,0.004801000700000002,0.01957316710000001,-1,-1,-1,-1
66,819,0.5971726526,0.4378259343,0.004801000700000002,0.01957316710000001,-1,-1,-1,-1
67,819,0.5971726526,0.4378259343,0.004801000700000002,0.01957316710000001,-1,-1,-1,-1
68,819,0.5971726526,0.4378259343,0.004801000700000002,0.01957316710000001,-1,-1,-1,-1
69,819,0.5971726526,0.4378259343,0.004801000700000002,0.01957316710000001,-1,-1,-1,-1
70,819,0.5971726526,0.4378259343,0.004801000700000002,0.01957316710000001,-1,-1,-1,-1
71,819,0.5971726526,0.4378259343,0.004801000700000002,0.01957316710000001,-1,-1,-1,-1
72,819,0.5971726526,0.4378259343,0.004801000700000002,0.01957316710000001,-1,-1,-1,-1
73,819,0.5971726526,0.4378259343,0.004801000700000002,0.01957316710000001,-1,-1,-1,-1
74,819,0.5971726526,0.4378259343,0.004801000700000002,0.01957316710000001,-1,-1,-1,-1
75,819,0.5969228454,0.4379924272,0.004801000700000002,0.01957316710000001,-1,-1,-1,-1
76,819,0.5969228454,0.4379924272,0.004801000700000002,0.01957316710000001,-1,-1,-1,-1
77,819,0.5969228454,0.4379924272,0.004801000700000002,0.01957316710000001,-1,-1,-1,-1
78,819,0.5969228454,0.4379924272,0.0049563220000000685,0.019323493000000025,-1,-1,-1,-1
79,819,0.5969228454,0.4379924272,0.0049563220000000685,0.019323493000000025,-1,-1,-1,-1
80,819,0.5969228454,0.4379924272,0.0049563220000000685,0.019323493000000025,-1,-1,-1,-1
81,819,0.5969228454,0.4379924272,0.0049563220000000685,0.019323493000000025,-1,-1,-1,-1
82,819,0.5968649489,0.4379924272,0.005014218500000056,0.019323493000000025,-1,-1,-1,-1
83,819,0.5968649489,0.4377624712,0.005014218500000056,0.019553449,-1,-1,-1,-1
84,819,0.597745152,0.4377624712,0.004212484199999977,0.019553449,-1,-1,-1,-1
85,819,0.5982795925,0.4377624712,0.004401162100000078,0.019553449,-1,-1,-1,-1
86,819,0.5982795925,0.4379301393,0.004401162100000078,0.0195552772,-1,-1,-1,-1
87,819,0.5982795925,0.4378742499,0.004401162100000078,0.019611166600000007,-1,-1,-1,-1
88,819,0.5982795925,0.4378742499,0.004401162100000078,0.019611166600000007,-1,-1,-1,-1
89,819,0.5982795925,0.4378742499,0.004401162100000078,0.019611166600000007,-1,-1,-1,-1
90,819,0.5982795925,0.4379301393,0.004401162100000078,0.0195552772,-1,-1,-1,-1
91,819,0.5982795925,0.4380976769,0.004558246800000054,0.01938773960000001,-1,-1,-1,-1
92,819,0.5982795925,0.4380976769,0.004558246800000054,0.01938773960000001,-1,-1,-1,-1
93,819,0.5982795925,0.438254115,0.004558246800000054,0.01923130150000002,-1,-1,-1,-1
94,819,0.5982795925,0.438410553,0.004558246800000054,0.01907486350000004,-1,-1,-1,-1
95,819,0.5982795925,0.438410553,0.004558246800000054,0.01907486350000004,-1,-1,-1,-1
96,819,0.5982795925,0.438410553,0.004558246800000054,0.01907486350000004,-1,-1,-1,-1
97,819,0.5982795925,0.438410553,0.004558246800000054,0.01907486350000004,-1,-1,-1,-1
98,819,0.5982795925,0.438410553,0.004876971400000096,0.01907486350000004,-1,-1,-1,-1
99,819,0.5987806763,0.438410553,0.004207488100000045,0.01907486350000004,-1,-1,-1,-1
100,819,0.5982196387,0.4378670679,0.00426362130000002,0.019618348600000002,-1,-1,-1,-1
101,819,0.5981355859,0.4378173159,0.004067302199999956,0.019668100600000016,-1,-1,-1,-1
102,819,0.5980105354,0.4378173159,0.004192352699999957,0.019668100600000016,-1,-1,-1,-1
103,819,0.5979486714,0.4378173159,0.004080380300000019,0.019668100600000016,-1,-1,-1,-1
104,819,0.5979486714,0.4378173159,0.0040186631999999944,0.019668100600000016,-1,-1,-1,-1
105,819,0.5977940848,0.4378173159,0.004173249800000001,0.019486590699999973,-1,-1,-1,-1
106,819,0.5977940848,0.4378173159,0.004173249800000001,0.019486590699999973,-1,-1,-1,-1
107,819,0.5977940848,0.4378173159,0.004173249800000001,0.019486590699999973,-1,-1,-1,-1
108,819,0.5977940848,0.4378173159,0.004173249800000001,0.019486590699999973,-1,-1,-1,-1
109,819,0.5977940848,0.4378173159,0.004173249800000001,0.019486590699999973,-1,-1,-1,-1
110,819,0.5977940848,0.4378173159,0.004173249800000001,0.019486590699999973,-1,-1,-1,-1
111,819,0.5977940848,0.4378173159,0.004173249800000001,0.019486590699999973,-1,-1,-1,-1
112,819,0.5978833542,0.4378173159,0.004083980399999909,0.019486590699999973,-1,-1,-1,-1
113,819,0.5979726235,0.4378173159,0.003994711099999937,0.019486590699999973,-1,-1,-1,-1
114,819,0.5979638068,0.4378173159,0.004003527799999906,0.019486590699999973,-1,-1,-1,-1
115,819,0.5979638068,0.4378173159,0.004003527799999906,0.019486590699999973,-1,-1,-1,-1
116,819,0.5979638068,0.4378173159,0.004003527799999906,0.019486590699999973,-1,-1,-1,-1
117,819,0.5979638068,0.4378173159,0.004003527799999906,0.019486590699999973,-1,-1,-1,-1
118,819,0.5979002529,0.4378173159,0.004067081699999919,0.019486590699999973,-1,-1,-1,-1
119,819,0.597836699,0.4378173159,0.004130635599999932,0.019486590699999973,-1,-1,-1,-1
120,819,0.5979073062,0.4378173159,0.004060028399999971,0.019486590699999973,-1,-1,-1,-1
121,819,0.5979779135,0.4378173159,0.003989421100000001,0.019486590699999973,-1,-1,-1,-1
122,819,0.5979779135,0.4378173159,0.004007862800000095,0.019486590699999973,-1,-1,-1,-1
123,819,0.5979779135,0.4378173159,0.004026304400000069,0.019486590699999973,-1,-1,-1,-1
124,819,0.5979779135,0.4378173159,0.004026304400000069,0.019486590699999973,-1,-1,-1,-1
125,819,0.5979779135,0.4378173159,0.004026304400000069,0.019486590699999973,-1,-1,-1,-1
126,819,0.597979383,0.4378173159,0.004024834900000052,0.019486590699999973,-1,-1,-1,-1
127,819,0.597669769,0.4378173159,0.00433444890000001,0.019486590699999973,-1,-1,-1,-1
128,819,0.597669769,0.4378173159,0.00433444890000001,0.019486590699999973,-1,-1,-1,-1
129,819,0.5979449977,0.4378173159,0.004334449000000018,0.019486590699999973,-1,-1,-1,-1
130,819,0.5984524003,0.4378775145,0.004244959100000001,0.019486590699999973,-1,-1,-1,-1
131,819,0.5985380694,0.4378775145,0.004673598999999973,0.019486590699999973,-1,-1,-1,-1
132,819,0.5985380694,0.4378775145,0.004673598999999973,0.019486590699999973,-1,-1,-1,-1
133,819,0.5977524992,0.4381121716,0.005138828200000001,0.01919617480000002,-1,-1,-1,-1
134,819,0.5977524992,0.4381121716,0.005138828200000001,0.01919617480000002,-1,-1,-1,-1
135,819,0.5977524992,0.437944634,0.0054531443999999984,0.01936371240000001,-1,-1,-1,-1
136,819,0.5977524992,0.437944634,0.005327359200000048,0.01936371240000001,-1,-1,-1,-1
137,819,0.5977524992,0.437944634,0.005327359200000048,0.01936371240000001,-1,-1,-1,-1
138,819,0.5977524992,0.437944634,0.005327359200000048,0.01936371240000001,-1,-1,-1,-1
139,819,0.5977524992,0.437944634,0.005327359200000048,0.01936371240000001,-1,-1,-1,-1
140,819,0.5977524992,0.437944634,0.005327359200000048,0.01936371240000001,-1,-1,-1,-1
141,819,0.5977524992,0.437944634,0.005327359200000048,0.01936371240000001,-1,-1,-1,-1
142,819,0.5977524992,0.4379742763,0.005327359200000048,0.01933407009999999,-1,-1,-1,-1
143,819,0.5977524992,0.4380039185,0.005327359200000048,0.019304427900000032,-1,-1,-1,-1
144,819,0.5977524992,0.4380039185,0.005327359200000048,0.019304427900000032,-1,-1,-1,-1
145,819,0.5977524992,0.4380039185,0.005327359200000048,0.019304427900000032,-1,-1,-1,-1
146,819,0.5977524992,0.4380039185,0.005327359200000048,0.019304427900000032,-1,-1,-1,-1
147,819,0.5977524992,0.4380039185,0.0054537322000000055,0.019304427900000032,-1,-1,-1,-1
148,819,0.5977524992,0.4380039185,0.0054537322000000055,0.019304427900000032,-1,-1,-1,-1
149,819,0.5977524992,0.4380039185,0.005419493900000072,0.019304427900000032,-1,-1,-1,-1
150,819,0.5977524992,0.4380039185,0.005419493900000072,0.019304427900000032,-1,-1,-1,-1
151,819,0.5977524992,0.4380039185,0.005419493900000072,0.019304427900000032,-1,-1,-1,-1
152,819,0.5977524992,0.4380039185,0.005419493900000072,0.019304427900000032,-1,-1,-1,-1
153,819,0.5977524992,0.4380039185,0.005419493900000072,0.019304427900000032,-1,-1,-1,-1
154,819,0.5977524992,0.4380039185,0.005419493900000072,0.019304427900000032,-1,-1,-1,-1
155,819,0.5977524992,0.4380039185,0.005419493900000072,0.019304427900000032,-1,-1,-1,-1
156,819,0.5977524992,0.4380039185,0.005419493900000072,0.019304427900000032,-1,-1,-1,-1
157,819,0.5977524992,0.4380039185,0.005419493900000072,0.019304427900000032,-1,-1,-1,-1
158,819,0.5977524992,0.4380039185,0.005419493900000072,0.019304427900000032,-1,-1,-1,-1
159,819,0.5977524992,0.4380039185,0.005419493900000072,0.019304427900000032,-1,-1,-1,-1
160,819,0.5977524992,0.4380039185,0.005419493900000072,0.019304427900000032,-1,-1,-1,-1
161,819,0.5977524992,0.4380039185,0.005419493900000072,0.019304427900000032,-1,-1,-1,-1
162,819,0.5977524992,0.4380039185,0.005419493900000072,0.019304427900000032,-1,-1,-1,-1
163,819,0.5977524992,0.4380039185,0.005419493900000072,0.019304427900000032,-1,-1,-1,-1
164,819,0.5977524992,0.4380039185,0.005419493900000072,0.019304427900000032,-1,-1,-1,-1
165,819,0.5978622675,0.4380039185,0.005456817999999974,0.019304427900000032,-1,-1,-1,-1
166,819,0.5978622675,0.4380039185,0.005456817999999974,0.019304427900000032,-1,-1,-1,-1
167,819,0.5978622675,0.4382061911,0.005456817999999974,0.019102155300000034,-1,-1,-1,-1
168,819,0.5978622675,0.4382061911,0.005456817999999974,0.019102155300000034,-1,-1,-1,-1
169,819,0.5978622675,0.4382061911,0.005456817999999974,0.019102155300000034,-1,-1,-1,-1
170,819,0.5978622675,0.4382061911,0.005456817999999974,0.019102155300000034,-1,-1,-1,-1
171,819,0.5978622675,0.4382061911,0.005456817999999974,0.019102155300000034,-1,-1,-1,-1
172,819,0.5978622675,0.4382061911,0.005456817999999974,0.019102155300000034,-1,-1,-1,-1
173,819,0.5978622675,0.4382061911,0.005456817999999974,0.019102155300000034,-1,-1,-1,-1
174,819,0.5978622675,0.4382061911,0.005456817999999974,0.019102155300000034,-1,-1,-1,-1
175,819,0.5978622675,0.4382061911,0.005456817999999974,0.019102155300000034,-1,-1,-1,-1
176,819,0.5978622675,0.4382061911,0.005456817999999974,0.019102155300000034,-1,-1,-1,-1
177,819,0.5978622675,0.4382061911,0.005456817999999974,0.019102155300000034,-1,-1,-1,-1
178,819,0.5976581603,0.4382061911,0.005660925200000055,0.018957078000000016,-1,-1,-1,-1
179,819,0.5976581603,0.4382061911,0.005660925200000055,0.018957078000000016,-1,-1,-1,-1
180,819,0.5976581603,0.4382061911,0.0051066471000000835,0.018957078000000016,-1,-1,-1,-1
181,819,0.5976581603,0.4385186754,0.004202051100000048,0.019046918899999987,-1,-1,-1,-1
182,819,0.597120634,0.4391367232,0.004202051099999937,0.019046918899999987,-1,-1,-1,-1
183,819,0.5962646769,0.4390805726,0.004172955899999997,0.019159219999999977,-1,-1,-1,-1
184,819,0.5950633981,0.438968141,0.0041729560000000054,0.019833548800000045,-1,-1,-1,-1
185,819,0.5940518259,0.4394176065,0.004172955899999997,0.019833548899999998,-1,-1,-1,-1
186,819,0.5924079475,0.4400356543,0.004172955899999997,0.019833548899999998,-1,-1,-1,-1
187,819,0.5913331887,0.4403728187,0.004457295300000053,0.019833548899999998,-1,-1,-1,-1
188,819,0.5896577171,0.4411593182,0.003824989199999962,0.019833548899999998,-1,-1,-1,-1
189,819,0.5880573346,0.4414601806,0.003808090399999964,0.01991725240000003,-1,-1,-1,-1
190,819,0.5858875386,0.4422490306,0.0033704869999999776,0.01991725230000002,-1,-1,-1,-1
191,819,0.5835337669,0.4423576753,0.0034085458999999485,0.01991725240000003,-1,-1,-1,-1
192,819,0.5820820931,0.4430638664,0.003545792900000011,0.020281055699999995,-1,-1,-1,-1
193,819,0.5805537138,0.4433899313,0.003545792900000011,0.021150214,-1,-1,-1,-1
194,819,0.5798799691,0.4440484598,0.0038349815000000564,0.021226343599999975,-1,-1,-1,-1
195,819,0.5773870401,0.4443478858,0.003969730400000038,0.021226343699999983,-1,-1,-1,-1
196,819,0.5741133901,0.4447436819,0.0037866364999999957,0.021402107899999967,-1,-1,-1,-1
197,819,0.5708357726,0.4458182467,0.0037866364999999957,0.021402107900000023,-1,-1,-1,-1
198,819,0.5693874786,0.44587949,0.0037866363999999875,0.021402107900000023,-1,-1,-1,-1
199,819,0.5673184871,0.4465535577,0.0037866364999999957,0.021402107900000023,-1,-1,-1,-1
200,819,0.5669046889,0.447043765,0.0037866363999999875,0.02140210800000003,-1,-1,-1,-1
201,819,0.5648356974,0.4479631976,0.0037866364000000985,0.021402107900000023,-1,-1,-1,-1
202,819,0.5626012454,0.4483617359,0.0037866363999999875,0.021402107999999975,-1,-1,-1,-1
203,819,0.5600726087,0.4490530406,0.0037866363999999875,0.021402107899999967,-1,-1,-1,-1
204,819,0.5574272973,0.4486381794,0.0037866363999999875,0.021402107999999975,-1,-1,-1,-1
205,819,0.5549653738,0.449225932,0.0037866363999999875,0.02140210800000003,-1,-1,-1,-1
206,819,0.5519986928,0.4488619981,0.0037866363999999875,0.02140210800000003,-1,-1,-1,-1
207,819,0.5499696705,0.4490922154,0.003113479399999952,0.02059719630000001,-1,-1,-1,-1
208,819,0.5470206229,0.449568581,0.003415452300000066,0.020597196299999954,-1,-1,-1,-1
209,819,0.5445199058,0.4504688179,0.003911540000000047,0.02235288029999999,-1,-1,-1,-1
210,819,0.5428187187,0.4508048071,0.003911540100000055,0.022352880399999997,-1,-1,-1,-1
211,819,0.5415593965,0.4508747994,0.003911540000000047,0.022352880399999997,-1,-1,-1,-1
212,819,0.5402211646,0.451205043,0.003911539999999936,0.022352880300000044,-1,-1,-1,-1
213,819,0.5386954304,0.4517946238,0.0040289493999999815,0.02235288029999999,-1,-1,-1,-1
214,819,0.5367529589,0.4516276085,0.0040289493999999815,0.022352880399999997,-1,-1,-1,-1
215,819,0.5337336714,0.4520747236,0.0040289493999999815,0.02235288029999999,-1,-1,-1,-1
216,819,0.5311763803,0.4524579837,0.00402894949999999,0.022352880399999997,-1,-1,-1,-1
217,819,0.5282486399,0.452971043,0.0040289493999999815,0.022352880399999997,-1,-1,-1,-1
218,819,0.5255228024,0.4534475392,0.0040289493999999815,0.02235288029999999,-1,-1,-1,-1
219,819,0.5217455705,0.454996772,0.0040289493999999815,0.02235288029999999,-1,-1,-1,-1
220,819,0.5177038368,0.454996772,0.005314868799999983,0.02235288029999999,-1,-1,-1,-1
221,819,0.5161018379,0.4557016573,0.003942692400000003,0.02235288029999999,-1,-1,-1,-1
222,819,0.5109371473,0.4558364186,0.006112194600000009,0.02235288029999999,-1,-1,-1,-1
