0,1259,0.11856099880000001,0.2405501892,0.0832517786,0.1744974918
0,1259,0.07203729375000001,0.22180439135000002,0.0522069059,0.1616654821
0,1259,0.7965619328,0.7654229885999999,0.5351012924,0.5325461636
0,1259,0.5734521357,0.68245213105,0.3850102156,0.4651053071
0,1259,0.3877511885,0.6591512204500001,0.2603731708,0.4484568001
0,1259,0.5764915548,0.8226104938000001,0.3922640292,0.5753911212
0,1259,0.9472106673999999,0.6703817872,0.6335021148,0.4586047712
0,1259,0.9396540729,0.6684857268,0.6287867834,0.458741883
0,1259,1.0815982018499999,0.6446278811999999,0.7230845959,0.4391093008
0,1259,1.07407246585,0.6447713263,0.7179948475,0.4392091966
0,1259,0.9271097835,0.66753508495,0.6210889008,0.4572898037
0,1259,0.9848752757,0.6610759437,0.6600416326,0.4537894046
0,1259,0.9612554899000001,0.66629232965,0.6438522152,0.4579317481
0,1259,0.9976396893000001,0.66280812285,0.6676301878,0.4543057285
0,1259,1.0005090189499999,0.6597093308499999,0.6689872287,0.4519441409
0,1259,1.0963233081500001,0.64254828685,0.7327627149,0.4371180457
0,1259,1.0604472460499998,0.64791830325,0.7088207513,0.4410753535
0,1259,1.0570644156,0.6478073081,0.7068422782,0.441118707
0,1259,1.0946645883000001,0.6443119364000001,0.731537484,0.4384298792
0,1259,1.0915946046,0.64299540195,0.729854959,0.4379315757
0,1259,1.04040271565,0.65259414225,0.6959401039,0.4471371317
0,1259,1.0178039801,0.6571344364,0.6814083778,0.4512396474
0,1259,1.0338915643,0.653342381,0.691306621,0.4456187164
0,1259,1.0245692001,0.6554697033,0.6862143746,0.4501760516
0,1259,1.1665968676,0.6307066586,0.7803189538,0.4276954614
0,1259,1.0512178248,0.66220345985,0.7044295814,0.4525077357
0,1259,1.06008076415,0.66149387355,0.7100030741,0.4528391545
0,1259,1.42963570175,0.6908134047000001,0.9583340681,0.4757077058
0,1259,0.9976212475999999,0.6740860911,0.6683353788,0.4614920846
0,1259,0.7204919644000001,0.6632213517,0.483825865,0.4514398306
0,1259,1.04229089075,0.6683588004,0.6983542701,0.4575543642
0,1259,1.226972992,0.6175699766,0.8195394202,0.4188924918
0,1259,0.9221998963,0.6755164283,0.6181194278,0.459748153
0,1259,0.97085771155,0.67798450605,0.6506694539,0.4626409509
0,1259,1.0817787243499999,0.6614522178,0.7241700817,0.450878064
0,1259,1.08295590405,0.6635096783000001,0.7242400277,0.4508642222
0,1259,1.0247561147,0.67671112925,0.686840362,0.4633527571
0,1259,1.13168256325,0.6286536378500001,0.7561894879,0.4288124655
0,1259,1.1366234463,0.62953877785,0.7595728152,0.4287209755
0,1259,1.14019129055,0.6292621531,0.7620840563,0.4281368308
0,1259,1.12440509145,0.6364570623,0.7517367479,0.4329685202
0,1259,1.12858568855,0.6350876419,0.7541736907,0.4320009026
0,1259,1.18664933295,0.61830456945,0.7930262057,0.4196314591
0,1259,1.1828019346,0.61894599155,0.7903686978,0.4196722009
0,1259,1.2287799063,0.5985450609,0.820113242,0.4036609374
0,1259,1.20951367235,0.6089399638999999,0.8076818067,0.411461685
0,1259,1.2133824513,0.6107612003,0.810494342,0.413387257
0,1259,1.2046781396,0.61080305205,0.8042814898,0.4126644819
0,1259,1.20262428355,0.6148511801500001,0.8034436071,0.4166975277
0,1259,1.2529250219999999,0.59212731445,0.836174523,0.3991994499
0,1259,1.18639122335,0.63201424815,0.7932602897,0.4288710971
0,1259,1.2108937103,0.6220530102499999,0.8091875564,0.4212244371
0,1259,1.2472657865999999,0.61168487685,0.8328689858,0.4127820063
0,1259,1.25027978405,0.6010602137500001,0.8350041027,0.4048176387
0,1259,1.2626467102499999,0.5962759912,0.8428897815,0.4019052534
0,1259,1.2534654872,0.59722833065,0.8368037432,0.4027532573
0,1259,1.25784475445,0.60111642965,0.8399671841,0.4054192331
0,1259,1.26515308475,0.5966098911,0.8446941243,0.401587154
0,1259,1.2642753798,0.5918320670499999,0.8440090648,0.3981712419
0,1259,1.25616002535,0.5963363203500001,0.8386734767,0.4022993519
0,1259,1.2612537412,0.5937279968,0.8419773974,0.4005546368
0,1259,1.2551887896,0.5942458876500001,0.837754627,0.4002830249
0,1259,1.25694133415,0.5934862883,0.8390214435,0.3994820308
0,1259,1.2606436239,0.5933967739,0.8414816036,0.3993641146
0,1259,1.26658242285,0.59509460975,0.8451484795,0.4009185707
0,1259,1.25450196675,0.59295168285,0.8371988795,0.3989704079
0,1259,1.2536908279999999,0.5928401652499999,0.8365534952,0.3985316501
0,1259,1.2209177388,0.60361904645,0.815017175,0.4068143783
0,1259,0.41855526,0.6362266291,0.2824435246,0.4330401096
0,1259,0.43323455889999996,0.63756690455,0.2916671188,0.4318834787
0,1259,0.9689719611,0.6743125214,0.6501492672,0.4624155652
0,1259,0.9802486257499999,0.67231310485,0.6567064125,0.4590273367
0,1259,0.8739092241499999,0.6663480885499999,0.5860291939,0.4556293145
0,1259,1.1374159063,0.6029687775,0.7596449408,0.4078610638
0,1259,1.149262525,0.5902203504,0.7669085682,0.3974641368
0,1259,1.1447371205499999,0.5906305759,0.7643762579,0.3972438438
0,1259,1.16579968875,0.58956064675,0.7781473945,0.3970125819
0,1259,1.1573728833499999,0.5994223153,0.7728492775,0.402860988
0,1259,1.1590204413,0.59992727855,0.7740974358,0.4038938969
0,1259,1.4494187427,0.6020500304,0.9680893334,0.4083856796
0,1259,0.8671340853,0.72243125605,0.581969239,0.4969958151
0,1259,0.5219343953,1.0588201803500001,0.3627218288,0.7559853873
0,1259,0.4551776071,0.7999571427500001,0.3131752142,0.5633777767
0,1259,0.5754816724,0.860830148,0.3937171724,0.6026655318
0,1259,0.5317205927499999,0.8640478355999999,0.3625353551,0.611198587
0,1259,0.6274140192500001,0.8390004471500001,0.4252506301,0.5827301285
0,1259,0.6245668784,0.7688529383,0.421032268,0.5389119382
0,1259,0.7192155230999999,0.77701144975,0.4871463906,0.5354247933
0,1259,1.1080349313,0.63812303605,0.7414326414,0.4332657263
0,1259,0.5652894648,0.76162564455,0.3814038812,0.5274813841
0,1259,0.13482877475,1.01061852575,0.0994943167,0.7040499171
0,1259,0.2751548143,0.69952255055,0.1873241798,0.4875388875
0,1259,0.297622695,0.69172036665,0.2029049492,0.4868849295
0,1259,0.19248038420000002,0.68816675515,0.132784066,0.4823217181
0,1259,0.18828391705,0.6914807801,0.1303455069,0.4832500956
0,1259,0.3299564909,0.6597592134,0.2228088528,0.4502844352
0,1259,0.15069344275000002,0.70771589495,0.1051493641,0.4904476165
0,1259,0.1455706684,0.70720978915,0.0999024576,0.4912336589
0,1259,0.7315030988,0.6953162216,0.4904532502,0.478883607
0,1259,0.25960468305,0.70584457995,0.1766665227,0.4833479673
0,1259,0.29108238545,0.69293483205,0.1969445073,0.4810695049
0,1259,0.29470189485,0.7004630321499999,0.2003156467,0.4804154455
0,1259,0.3722101056,0.7027809021,0.2510153024,0.4816000228
0,1259,0.32101736044999996,0.69199589605,0.2168375789,0.4790376945
0,1259,0.31332318825,0.6964645329,0.2126811543,0.4779254566
0,1259,0.3075711201,0.69183841335,0.2078002888,0.4786156513
0,1259,0.1501131553,0.68405091995,0.103472423,0.4720132609
0,1259,0.15824041235,0.6862661244,0.1081845217,0.4716875878
0,1259,0.3385482608,0.69962531915,0.2296485374,0.4814156049
0,1259,0.34324300155,0.6992126562,0.2338548867,0.4815717818
0,1259,0.39162415539999995,0.7049875659,0.2641997764,0.4900659234
0,1259,0.3992135187,0.7031230413,0.2699178634,0.4861080932
0,1259,0.38922115695000004,0.70174846275,0.2627882187,0.4867914323
0,1259,0.20512621285,0.8200495065,0.1479943861,0.58579856
0,1259,0.18901897475,0.8267201916,0.1325985475,0.587351188
0,1259,0.40274917234999996,0.69674277205,0.2719592291,0.4845011429
0,1259,0.34682891055,0.6624638417,0.2346643355,0.4512110498
0,1259,0.34286061290000003,0.6621994117500001,0.2312581408,0.4511065837
0,1259,0.37137140335,0.6636202165,0.2504580289,0.4519267734
0,1259,0.5588037349999999,0.6829762246,0.3759345728,0.4731535088
0,1259,0.55809817655,0.6832464001,0.3766118443,0.47358182
0,1259,0.3505814632,0.70218884145,0.237084556,0.4815414355
0,1259,0.30968481975,0.6599706267,0.2101532523,0.448837318
0,1259,0.7271866506,0.6951958897,0.4885266488,0.4791065116
0,1259,0.7331159717,0.69483815845,0.491253221,0.4792458433
0,1259,0.42876604205,0.68094277485,0.2893010659,0.4706799139
0,1259,0.4211964244,0.68130870015,0.2839108508,0.4703567871
0,1259,0.39993031845,0.6737696240000001,0.2698840659,0.4656141878
0,1259,0.35919219985,0.6696239506499999,0.2427088623,0.4620201609
0,1259,0.33100013395,0.6641549526,0.2236816351,0.4566201758
0,1259,0.3226890482,0.66626471145,0.2174620234,0.4560180591
0,1259,0.31613105799999996,0.6643604896499999,0.2140413546,0.4573214047
0,1259,0.28724989155,0.6595979437499999,0.1941311323,0.4527080495
0,1259,0.7304735257,0.69805473605,0.4904692672,0.4819331041
0,1259,0.1259170864,0.68249346045,0.0864980968,0.4706810565
0,1259,0.11790557825,0.7138840980000001,0.0825302473,0.4958785498
0,1259,0.14322442764999999,0.7018706882,0.1002014181,0.4868452324
0,1259,0.14821410624999998,0.70436951815,0.1024007501,0.4898491561
0,1259,0.06418788845000001,0.7192317195,0.0475627045,0.5000258554
0,1259,0.3132937992,0.62848518625,0.2105332532,0.4267453419
0,1259,0.23855978505000003,0.4589482036,0.1629158849,0.3192048978
0,1259,0.25067796119999997,0.46254527005,0.1712672038,0.3195883997
0,1259,0.306538204,0.45844095515,0.207082387,0.3178187627
0,1259,0.3252055252,0.45835176730000005,0.2188827652,0.3172050242
0,1259,0.3471220483,0.46405354865,0.23481433,0.3186531991
0,1259,0.3492830092,0.4570921015,0.2363956464,0.3189032518
0,1259,0.33190315035,0.45536991195,0.2241739757,0.3177479869
0,1259,0.23943139255,0.7065758129,0.1626184003,0.480061985
0,1259,1.29979480545,0.76877759215,0.8714897679,0.5381542975
0,1259,0.32901618725,0.75072825955,0.2240847799,0.5269198787
0,1259,0.7791875476,0.71663547485,0.5227769804,0.4972760455
0,1259,0.78490512025,0.71700979005,0.5259893541,0.4952176709
0,1259,0.7807037304500001,0.7130597948499999,0.5244204179,0.4930891733
0,1259,0.77692862925,0.71178289215,0.5203666347,0.4914873157
0,1259,0.36952789965,0.8122654082,0.2528328137,0.5768381078
0,1259,0.40362826855,0.7860153316,0.2726909585,0.5547931414
0,1259,0.15526454725,1.0035141754999999,0.1150089607,0.7153050986
0,1259,0.41148397535,0.78112235545,0.2794632907,0.5545554809
0,1259,0.3179532179,0.74956300505,0.2166253162,0.5267627877
0,1259,0.07456796575,0.8630208029,0.0592206191,0.6031813334
0,1259,0.1762113592,0.8034095527,0.123015796,0.5714050852
0,1259,0.18695744074999998,0.7997642068999999,0.1321383879,0.5688579396
0,1259,0.1961454234,0.7999417993,0.1363416146,0.5666356838
0,1259,0.2039289384,0.79967606355,0.142937627,0.5697613105
0,1259,0.2116262699,0.7916029205999999,0.1486262514,0.5628558378
0,1259,0.22747146764999998,0.7969008554,0.1573123419,0.562563202
0,1259,0.12420936015,0.7136217574,0.0872891039,0.4979579482
0,1259,0.30856406705,0.7732107431999999,0.2108619701,0.5412420554
0,1259,0.72292324985,0.75541532865,0.4860713379,0.5253112307
0,1259,0.72664861,0.7478903717000001,0.4878526102,0.5177272504
0,1259,0.7410696128,0.7418697924,0.497884133,0.512372708
0,1259,0.7294001629,0.7480416516499999,0.4899374718,0.5196009811
0,1259,0.27113651845,0.6805172223,0.1838608233,0.469211218
0,1259,0.26303398489999996,0.67957878995,0.1784001112,0.4686255547
0,1259,0.81025842115,0.7133095995000001,0.5442192555,0.492728504
0,1259,0.80420522515,0.7147005008,0.5393857799,0.4927994104
0,1259,0.14427200155,0.70178874755,0.1004316815,0.4899485295
0,1259,0.5996218654000001,0.6862879969,0.4034076348,0.4759400124
0,1259,0.6022618132499999,0.6968412965999999,0.4052116837,0.4837815018
0,1259,0.19490068545,0.7253717819500001,0.1375751479,0.5095415451
0,1259,0.17780898655,0.7220906311499999,0.1267471075,0.5118687895
0,1259,0.7356544148999999,0.7325931460999999,0.493697975,0.509390257
0,1259,0.22781789145,0.7216254304,0.1584624837,0.5050684358
0,1259,0.4690531484,0.73538100885,0.3178955418,0.5153933463
0,1259,0.61349336575,0.81754786905,0.4136606043,0.5734782157
0,1259,0.6073916777,0.8137150064,0.4100600008,0.5714635862
0,1259,0.685155192,0.77462397415,0.4617601004,0.5429784131
0,1259,0.4624148892,0.72665645425,0.3126221116,0.5090855505
0,1259,0.19148277185,0.7190898414,0.1323494015,0.504057073
0,1259,0.1768351793,0.71947133865,0.1232790488,0.5048461841
0,1259,0.55854643355,0.84397610395,0.3794218815,0.5981544229
0,1259,0.2657237106,0.87812321105,0.1866839386,0.6268562327
0,1259,0.24817901565,0.8828693687,0.1753059551,0.6320058908
0,1259,0.5003010177,0.87230888705,0.340885593,0.6168585623
0,1259,0.3107281322,0.8443126154,0.2151204482,0.6003356758
0,1259,0.1524011322,1.0159447316999999,0.1133976308,0.735993311
0,1259,0.12405760230000001,1.0650483861,0.1004111092,0.7664689558
0,1259,0.8044497423000001,0.74641198,0.5427140936,0.5162894046
0,1259,0.5506963890500001,0.84509761315,0.3733467171,0.5922449041
0,1259,0.54257692005,0.8402119931500001,0.3681181053,0.5907836841
0,1259,0.7939039105999999,0.72084324025,0.5325372418,0.5017717457
0,1259,1.0779715889500001,0.65180450885,0.7210067877,0.4464492221
0,1259,0.11492663455,1.0215876658499998,0.0877213439,0.7379098729
0,1259,0.14805985025,1.0315285981,0.1172787531,0.7475031288
0,1259,0.29127840015,0.9498747973499999,0.2029052431,0.6751656833
0,1259,0.83968460815,0.7253319542000001,0.5635562437,0.5034028538
0,1259,0.8331590561,0.7247417858,0.5583734788,0.504094289
0,1259,0.41213354755,0.6957903673,0.2785059413,0.4841082196
0,1259,0.9287991415,0.6731712289,0.6212010202,0.4607307876
0,1259,1.0303398935499999,0.6585969623,0.6887256717,0.4520126968
0,1259,0.38289170365,0.71021354965,0.2583620759,0.4919696881
0,1259,0.38332284144999995,0.7227301598,0.2585757345,0.4983617098
0,1259,0.37574104575,0.7278740723,0.2533923819,0.5032431512
0,1259,0.490017704,0.6745890955,0.3303800244,0.4655895076
0,1259,0.62621141795,0.61833303645,0.4185234689,0.4192295257
0,1259,0.6236613273,0.61612742985,0.4169032488,0.4174558213
0,1259,0.41749477749999997,0.6986782030500001,0.2820968464,0.4849126089
0,1259,1.0673145747500001,0.6482381003,0.7136911469,0.4432419812
0,1259,0.40045755865,0.68413109765,0.2699169817,0.4731871991
0,1259,0.70802056005,0.6426743643999999,0.4739816977,0.4385642488
0,1259,0.70485822115,0.64293265695,0.4720550963,0.4388288093
0,1259,0.65870964585,0.6369257888,0.4406386071,0.4341846366
0,1259,1.4942057953,0.6918274444,0.9991406632,0.4770489204
0,1259,1.08549651675,0.6422725616,0.7255967747,0.4389304026
0,1259,1.0794991600500001,0.6421315322,0.7217666425,0.4392764466
0,1259,0.2482639134,0.68726579995,0.1685837166,0.4745208399
0,1259,0.7140074102,0.7056248746,0.4796761264,0.4888552914
0,1259,1.1658342943,0.62506202675,0.7792152468,0.4247167401
0,1259,1.1450128635999999,0.6314323064,0.7651114258,0.4296766616
0,1259,0.62874372835,0.90268685595,0.4278647891,0.6385042069
0,1259,1.13949396115,0.6318605522999999,0.7616871567,0.4304696902
0,1259,0.6838375325,0.6408767634,0.4577834636,0.4372027938
0,1259,1.07319233625,0.6463720739000001,0.7179141745,0.4398528386
0,1259,0.68082029715,0.64163600725,0.4558049109,0.4369424555
0,1259,0.8697214267,0.6602464826,0.5820161146,0.4527194102
0,1259,0.8318692426500001,0.6711259778,0.5565362203,0.4586781586
0,1259,0.86752363765,0.6694323859,0.5812577293,0.4596399
0,1259,0.7032259515,0.64352478405,0.4700390052,0.4374784539
0,1259,0.70005810225,0.64257642745,0.4681936647,0.4374966049
0,1259,0.6968899590500001,0.64260045465,0.4663762437,0.4374887699
0,1259,1.1363249362999999,0.6332891268,0.7593480796,0.4309491898
0,1259,0.59198386215,0.6297864414500001,0.3961616741,0.4286218287
0,1259,0.6321526416000001,0.631009741,0.4233363722,0.428990058
0,1259,0.688685404,0.6361329588,0.4605728648,0.4323046294
0,1259,0.6752317419,0.63734800715,0.4515293404,0.4333749231
0,1259,0.6717640341,0.6366025314,0.4495311706,0.43388286
0,1259,0.6063701132,0.6266049263,0.4056663328,0.4269944936
0,1259,0.38124319645000004,0.6682270425,0.2568995281,0.4606379434
0,1259,0.61015447195,0.6262246042999999,0.4081751319,0.426732153
0,1259,0.76644289825,0.6582367499999999,0.5124556813,0.4487135256
0,1259,0.63197660105,0.6282176876,0.4228643835,0.426605749
0,1259,0.59961069745,0.6270139113000001,0.4009833293,0.4263512434
0,1259,0.55804336595,0.61918822235,0.3734669185,0.4207377555
0,1259,0.6347548244500001,0.6227082088,0.4248773887,0.4231467446
0,1259,0.74412711555,0.65829527435,0.4979833981,0.4496213519
0,1259,0.6826743696500001,0.639634069,0.4569206033,0.4355117744
0,1259,0.6855323832,0.63928064835,0.4586292884,0.4352248799
0,1259,0.68208704325,0.6355432167,0.4563655767,0.4332315502
0,1259,0.7040064521,0.64060018935,0.4707976844,0.4360285945
0,1259,0.6786235885,0.63709965225,0.45402674,0.4332929145
0,1259,0.7074851644,0.63893623965,0.4735345428,0.4361577407
0,1259,0.6962403133499999,0.6358884055,0.4659495143,0.433090615
0,1259,0.66367654685,0.63080699525,0.4443210593,0.4305216621
0,1259,0.6577737505,0.6258932507,0.439930918,0.4253515024
0,1259,0.6538139478,0.62515585045,0.4374190464,0.4254893977
0,1259,0.6496750742999999,0.6254420223499999,0.4348693832,0.4247587877
0,1259,0.3889455608,0.66718401345,0.2620374746,0.4588584933
0,1259,0.6099974608000001,0.63078576075,0.4081699888,0.4296369645
0,1259,0.68615389385,0.63543393485,0.4590873271,0.4327328859
0,1259,0.7124921825,0.64353418595,0.4767138538,0.4377641687
0,1259,0.6822818145,0.63493494925,0.456438543,0.4328543011
0,1259,0.5902620301,0.62733379265,0.395174214,0.4267996335
0,1259,0.58673355565,0.6281229394500001,0.3928260001,0.4271222551
0,1259,0.5753684919,0.62671092555,0.3849725722,0.4254140103
0,1259,0.6601420698,0.6249855053,0.4412942776,0.4242620512
0,1259,0.68831314325,0.63301352755,0.4602039425,0.4302889149
0,1259,0.6876121634,0.6354652198,0.459584456,0.4314777436
0,1259,0.6840654712,0.6350390341,0.4576093618,0.4320105574
0,1259,0.70270642595,0.63713778985,0.4697652459,0.4319520647
0,1259,0.6927341222000001,0.6343646055500001,0.4634092688,0.4317721217
0,1259,0.6779547157,0.6327867094999999,0.4536036476,0.4306696364
0,1259,0.689454469,0.63555034495,0.461317103,0.4323958819
0,1259,0.6623076044,0.6243747049,0.4430931834,0.4242755012
0,1259,0.59323316575,0.62429925005,0.3969263775,0.4244749731
0,1259,0.6577037016,0.6239524005,0.4397257822,0.4231511844
0,1259,0.63093108435,0.6228052317999999,0.4225002527,0.4233713468
0,1259,0.6474225819,0.6216652163,0.4330575462,0.4221027968
0,1259,0.5893995613499999,0.62387635035,0.3946510611,0.4245363477
0,1259,0.66993430875,0.6295364976,0.4479536829,0.4278144408
0,1259,0.6309473953,0.61344911405,0.4218625096,0.4165335159
0,1259,0.8907470528500001,0.6659759409,0.5964407469,0.4564536828
0,1259,0.89911197945,0.66656002415,0.6022028881,0.4574854165
0,1259,0.72346342115,0.63629350755,0.4841798565,0.4329777915
0,1259,0.73426294365,0.6602481569,0.4910704629,0.4499725012
0,1259,0.6990705556000001,0.6440141426,0.4676915522,0.4387042334
0,1259,0.6277480262,0.6342875618,0.4199238588,0.4312999348
0,1259,0.66656196805,0.6336815929999999,0.4458645739,0.4310848652
0,1259,0.666081677,0.6262578376,0.4453507058,0.425434553
0,1259,0.70348325295,0.63633183355,0.4705888749,0.4333111691
0,1259,0.81855775135,0.6470651413999999,0.5472160603,0.4412102454
0,1259,0.30726187345,0.6852778747,0.2083470727,0.4733642692
0,1259,0.656119439,0.7730496694,0.4411758396,0.5391330146
0,1259,0.7322414995,0.7535026843,0.4920672986,0.5226781618
0,1259,0.6594187148,0.6295156907,0.441299386,0.4284949918
0,1259,0.17377316739999998,0.6882691319500001,0.1193659658,0.4747638543
0,1259,1.35556037045,0.6787657822,0.9071547429,0.4672413784
0,1259,0.71834612055,0.692868123,0.4811446989,0.4776899508
0,1259,0.62518566555,0.73346301065,0.4219941727,0.5032316599
0,1259,0.6432182927000001,0.67899737055,0.4322616898,0.4688980807
0,1259,0.65505768495,0.68809506525,0.4401779333,0.4765734689
0,1259,0.72781557705,0.64681514095,0.4873801807,0.4409249223
0,1259,0.7235018474,0.6469076587,0.4842667012,0.4414664486
0,1259,0.7334894335,0.64644709365,0.4911634374,0.4408433081
0,1259,0.7294388096,0.64564655655,0.4877309394,0.4403323381
0,1259,0.65407484045,0.6298186964,0.4373473237,0.4285693206
0,1259,0.6128808237000001,0.63657641485,0.4103747578,0.4343887373
0,1259,0.7350515367,0.69149831075,0.4923849946,0.4756677475
0,1259,0.60605227025,0.6346576984,0.4058265033,0.4319830128
0,1259,0.3071476602,1.01420778625,0.2139861766,0.7171681215
0,1259,0.664929331,0.6856982202999999,0.4454879528,0.4722480486
0,1259,0.6390866285,0.68224561455,0.4277713318,0.4677742863
0,1259,0.6397361272,0.68199332875,0.429127638,0.4684642851
0,1259,0.63286878005,0.6795830992,0.4240606661,0.4670078966
0,1259,0.6169576039,0.68231018765,0.4141422914,0.4645944677
0,1259,0.6412522365,0.6931752534,0.4304961406,0.4747466174
0,1259,0.66991526245,0.7102640851500001,0.4514346869,0.4851561455
0,1259,0.5763870031,0.7524477069,0.3904300034,0.5191895152
0,1259,0.5515448518499999,0.7245740524,0.3737349469,0.5054493454
0,1259,0.39339234954999996,0.8004987996499999,0.2693749001,0.5701098357
0,1259,0.3480160459,0.8050560043499999,0.2400548812,0.5720617855
0,1259,0.5406697155,0.7020903935,0.3648820734,0.4877341086
0,1259,0.54045289755,0.7002180992,0.3637413361,0.4866615026
0,1259,0.3461568924,0.8519826497,0.236253991,0.605321061
0,1259,0.6769743733,0.69501646905,0.454530239,0.4819963061
0,1259,0.66034808725,0.72138339545,0.4436163091,0.5010722143
0,1259,0.6793540808,0.7368903487,0.4566472816,0.5098076726
0,1259,0.71145224975,0.6377801912000001,0.4760614161,0.4346168652
0,1259,0.56075546405,0.6834531777499999,0.3759613169,0.4691865379
0,1259,0.5538680589,0.6804386767999999,0.3717705806,0.4703638712
0,1259,0.51923177525,0.6761378712999999,0.3496595569,0.4698680488
0,1259,0.12822412935,0.68682638935,0.0880855481,0.4749585531
0,1259,0.5078486486,0.68782913365,0.3416651384,0.4748661005
0,1259,0.50112890815,0.688117656,0.3363517391,0.474720762
0,1259,0.4990625617,0.6719477346,0.33547183,0.462780805
0,1259,0.6516641275,0.68385302195,0.4372184526,0.4709768263
0,1259,0.59328241975,0.6780974601,0.3990058849,0.4685182158
0,1259,0.4100727115,0.6620385339,0.276654576,0.4507409522
0,1259,0.3806980045,0.6980444947,0.2583892118,0.4767750886
0,1259,0.40248437670000003,0.69885331435,0.2721058806,0.4760131387
0,1259,0.4117552366,0.69875909905,0.2783711924,0.4757466195
0,1259,0.5439138295,0.67061794585,0.365744643,0.4621917465
0,1259,0.5824617266000001,0.67637128785,0.3918268666,0.4620990329
0,1259,0.56662894575,0.67641046265,0.3813196815,0.4611342881
0,1259,0.5627633997,0.6747331282,0.3785929624,0.4604962612
0,1259,0.55502657655,0.67492756575,0.3749851585,0.4602431919
0,1259,0.5307430383,0.6687100025,0.3578103252,0.4582170712
0,1259,0.5254797474,0.6658967295,0.3533561158,0.4512549256
0,1259,1.16401937155,0.7447901432499999,0.7845023429,0.5211298431
0,1259,1.14399739735,0.7397854318,0.7693965011,0.5163936096
0,1259,1.1409032411,0.7455180109999999,0.7683121908,0.5186409374
0,1259,0.59909800495,0.6856948905,0.4023499217,0.4739086684
0,1259,1.1034168777,0.74030528135,0.7414250002,0.5168657965
0,1259,1.1047867028,0.73714080625,0.7420080796,0.5150307183
0,1259,0.33596795445,0.80611555205,0.2297665713,0.5697267061
0,1259,0.3196520906,0.8059479491999999,0.220813481,0.5718798838
0,1259,0.7198476088,0.6976862318,0.4830026768,0.480143338
0,1259,0.7124981338,0.6962662106,0.4780467956,0.4797637342
0,1259,0.6432833895500001,0.6864604967,0.4319178375,0.4748627054
0,1259,0.66094204065,0.6904898208,0.4436630377,0.4794332294
0,1259,0.6602762309,0.68994816395,0.4441456064,0.4776831605
0,1259,0.5259750269,0.6738401386499999,0.3540871692,0.4658241647
0,1259,0.5581123567999999,0.6892310039,0.375298887,0.4778678044
0,1259,0.5620022223500001,0.68922336485,0.3782544001,0.4787984671
0,1259,0.51962940955,0.7110878006,0.3517382467,0.4964536358
0,1259,0.41577882245000003,0.68788495775,0.2812153209,0.4781623989
0,1259,0.47662576,0.69043040575,0.3212580938,0.4787518491
0,1259,0.49803791129999997,0.69188411725,0.3353216518,0.4794236969
0,1259,0.60798364735,0.61159157555,0.4067471163,0.4137575895
0,1259,0.8913146883,0.6709615089000001,0.5967548868,0.4591005936
0,1259,0.92939111115,0.6594456844500001,0.6217989411,0.4526103737
0,1259,0.91200577855,0.6709052278000001,0.6101151641,0.4600256412
0,1259,0.9055797084999999,0.66935351395,0.6063430752,0.4592369219
0,1259,0.9074790515,0.67027053075,0.6068719318,0.4607003619
0,1259,0.82695575525,0.6665113821,0.5530669859,0.4559569464
0,1259,0.8221105241,0.66503423095,0.5500237464,0.4544928535
0,1259,0.8387919147,0.67133380015,0.561318265,0.4591254043
0,1259,1.06997849305,0.67136990625,0.7169061289,0.4602075429
0,1259,1.0673691099,0.67093604535,0.7152869374,0.4599271819
0,1259,0.704920526,0.63396613255,0.4717344614,0.4287868713
0,1259,0.63064608375,0.6500047532,0.4228207407,0.4431440442
0,1259,0.6215558933,0.65068672125,0.4167739368,0.4394210017
0,1259,0.6194562637500001,0.6508428328,0.4151685581,0.4394456818
0,1259,0.6703905574,0.6156438822,0.4480833028,0.4173657192
0,1259,0.576089659,0.64452922595,0.385991811,0.4381668857
0,1259,0.57405916725,0.64442919965,0.3842217065,0.4363572711
0,1259,0.57990039445,0.62511869965,0.3879147387,0.4247527809
0,1259,0.58023998535,0.6242261671,0.3882697589,0.4242834668
0,1259,0.8724401374,0.66644726605,0.5847517974,0.4575868793
0,1259,0.86785235455,0.66605675855,0.5809993993,0.4576828575
0,1259,0.8526479123499999,0.66993819785,0.5713730051,0.4590210687
0,1259,0.59672505695,0.6116846157,0.3989224199,0.4133424672
0,1259,0.6817609733000001,0.62114911705,0.4561439936,0.4217446785
0,1259,0.827420911,0.66259866825,0.5541877386,0.4528904735
0,1259,0.4928088811,0.6352755673,0.3300861974,0.4323963182
0,1259,0.8146704573,0.6625369679499999,0.5450433254,0.4522580617
0,1259,0.76624562395,0.65054314555,0.5125278315,0.4437099895
0,1259,0.76059836465,0.6512913189,0.5091739493,0.44440038
0,1259,0.6490569483499999,0.6096915324,0.4336983751,0.411672576
0,1259,0.65295673285,0.6073941914500001,0.4368747473,0.4107822633
0,1259,0.65121888285,0.6081313306,0.4351327093,0.4114370048
0,1259,0.6468659188,0.60788792455,0.4323586738,0.4108415479
0,1259,0.5992369419,0.6028362687,0.400448595,0.4070728014
0,1259,0.876395908,0.6705201395,0.5867590718,0.4607399284
0,1259,0.88369814005,0.6695762227,0.5922129509,0.4605381782
0,1259,0.6859002787,0.6293236574500001,0.4585189254,0.4272587929
0,1259,0.68307437145,0.6279992228,0.4568975297,0.4264265896
0,1259,0.6744135555999999,0.6083979151,0.4506435328,0.411551787
0,1259,0.6549376305,0.6075309768,0.4376974946,0.4110315456
0,1259,0.6725704927,0.6266427953,0.4498880864,0.4270247888
0,1259,0.5917331742,0.60540731085,0.3952543684,0.4081764861
0,1259,0.41692830294999994,0.63035049435,0.2795402901,0.4280202205
0,1259,0.3133577939,0.6274323634,0.2105126808,0.4246511876
0,1259,0.42742587200000004,0.6393606947,0.286471886,0.4340806234
0,1259,0.41990894385,0.6399832514,0.2814297143,0.4341133384
0,1259,0.8563197844,0.66560069855,0.573559259,0.4569715737
0,1259,0.64108369015,0.65043397845,0.4291989065,0.4435984719
0,1259,0.86457885145,0.6660907101,0.5787740579,0.4571325822
0,1259,0.77286860085,0.65836733275,0.5176056773,0.4501345263
0,1259,0.7616982511499999,0.6584117961,0.5103671461,0.4510213132
0,1259,0.7165037189000001,0.6368599098500001,0.4797466602,0.4347426163
0,1259,0.42402591355,0.62551847845,0.2841834713,0.4239947485
0,1259,0.6912464468,0.62634767845,0.4626754234,0.4257098213
0,1259,0.6521350141,0.63312047925,0.4368427132,0.4317257649
0,1259,0.6542482361,0.60677366265,0.437249752,0.4107537963
0,1259,0.6603189186,0.6072532275,0.4414293204,0.4108069434
0,1259,0.7481783912,0.6545667894,0.5009902652,0.447912401
0,1259,0.37948080660000005,0.66021102945,0.2557202912,0.4467331089
0,1259,0.72688085725,0.64195034885,0.4873484405,0.4387187281
0,1259,0.66907385295,0.6375968532,0.4475127137,0.434043085
0,1259,0.62978873065,0.63782387115,0.4217211481,0.4354349657
0,1259,0.6060176129,0.6122386385,0.4052542704,0.414652583
0,1259,0.60189114345,0.6125500523,0.4024280967,0.4139012304
0,1259,0.5998020204,0.6040733436,0.4009292534,0.4079603718
0,1259,0.5983658494,0.60407673875,0.3999698468,0.4078180367
0,1259,0.5923626883499999,0.6037152206,0.3959270845,0.4072344628
0,1259,0.6186892087,0.6245374762,0.4136420892,0.4236383884
0,1259,0.6051360656,0.59663143715,0.4043726254,0.4019405107
0,1259,0.5117499024,0.60793721955,0.3421556422,0.4108354105
0,1259,0.51300437545,0.6078942578,0.3428812587,0.4100312824
0,1259,0.76698270215,0.69266114945,0.5144078511,0.4764138969
0,1259,0.66525870915,0.6925871744,0.4466857049,0.4766062452
0,1259,0.5135721725,0.67193095475,0.3446592982,0.4591870393
0,1259,0.51023180935,0.67134104735,0.3423675375,0.4601015097
0,1259,0.4321866007,0.6652489741500001,0.2906254114,0.4545817803
0,1259,0.5894552262499999,0.67857062645,0.3947371205,0.4623731259
0,1259,0.4270838966,0.65988145555,0.287274909,0.4483648003
0,1259,0.6005507808,0.6809647291,0.403194417,0.4635115456
0,1259,0.6800898365,0.6271339166500001,0.4552333728,0.4257032921
0,1259,0.5620022223500001,0.68922336485,0.3782544001,0.4787984671
0,1259,0.6901819742499999,0.6184858835,0.4615392415,0.4192542058
0,1259,0.34745104075,0.9587262783499999,0.2403124765,0.6845408661
0,1259,0.358959071,0.9530630385,0.2462251192,0.670782676
0,1259,0.34745104075,0.9587262783499999,0.2403124765,0.6845408661
