1,912,0.2727594938,0.4376890837,0.0032305950000000028,0.017634928500000036,-1,-1,-1,-1
2,912,0.2696533616,0.4373985373,0.0033494739000000107,0.017646942,-1,-1,-1,-1
3,912,0.2666017462,0.4373985373,0.0033494738000000024,0.017646942,-1,-1,-1,-1
4,912,0.2647489114,0.4371079908,0.0033494738000000024,0.017646942100000007,-1,-1,-1,-1
5,912,0.261915363,0.4360426974,0.0037309440999999666,0.017840596200000003,-1,-1,-1,-1
6,912,0.2598991249,0.4361395897,0.003730944100000022,0.017840596200000003,-1,-1,-1,-1
7,912,0.2586018908,0.4355584969,0.0037309440999999666,0.017840596099999995,-1,-1,-1,-1
8,912,0.2576154462,0.4349396656,0.004008524000000013,0.01851087699999998,-1,-1,-1,-1
9,912,0.2572317717,0.4359246507,0.003073363399999973,0.01806141139999995,-1,-1,-1,-1
10,912,0.2567201078,0.4358489127,0.0030733634000000287,0.018061411500000013,-1,-1,-1,-1
11,912,0.2553131054,0.4361519951,0.0040540770999999975,0.018061411499999958,-1,-1,-1,-1
12,912,0.2548866698,0.4367581598,0.0040540770999999975,0.018061411500000013,-1,-1,-1,-1
13,912,0.2548014415,0.4370612422,0.0041819195999999725,0.018061411500000013,-1,-1,-1,-1
14,912,0.2552278771,0.4370612422,0.0041819195999999725,0.018061411500000013,-1,-1,-1,-1
15,912,0.2563362863,0.4370612422,0.00396884879999998,0.018213018000000025,-1,-1,-1,-1
16,912,0.2566773467,0.437667407,0.003968848700000027,0.018213017900000017,-1,-1,-1,-1
17,912,0.2574020815,0.4377431449,0.003968848700000027,0.018213018000000025,-1,-1,-1,-1
18,912,0.2588089369,0.4383493097,0.004395284299999969,0.01821301789999996,-1,-1,-1,-1
19,912,0.2595336717,0.43872813,0.00465111629999998,0.018213018000000025,-1,-1,-1,-1
20,912,0.2607700704,0.4385007856,0.00465111629999998,0.019804428900000004,-1,-1,-1,-1
21,912,0.2613242016,0.438803868,0.0046511163000000355,0.019804428900000004,-1,-1,-1,-1
22,912,0.2633613059,0.4391542213,0.00465111629999998,0.019804428900000004,-1,-1,-1,-1
23,912,0.2650993762,0.439760386,0.0038601091999999615,0.01979894449999997,-1,-1,-1,-1
24,912,0.2660167565,0.4401893501,0.004342824799999978,0.019798944500000026,-1,-1,-1,-1
25,912,0.2670305329,0.4402752735,0.004342824799999978,0.01979894449999997,-1,-1,-1,-1
26,912,0.2684789739,0.4407043681,0.0038601091000000087,0.020078521999999988,-1,-1,-1,-1
27,912,0.2691547758,0.4408759538,0.0044395149999999495,0.02025010760000001,-1,-1,-1,-1
28,912,0.2705066737,0.4417340125,0.003763565999999996,0.02025010760000001,-1,-1,-1,-1
29,912,0.2708446481,0.4417340125,0.003860109200000017,0.02025010760000001,-1,-1,-1,-1
30,912,0.271472252,0.4415624269,0.0042946266999999705,0.020250107599999956,-1,-1,-1,-1
31,912,0.2726319452,0.4424302793,0.004294626799999979,0.02025010760000001,-1,-1,-1,-1
32,912,0.2735737184,0.4427092039,0.004318725799999978,0.02050213209999996,-1,-1,-1,-1
33,912,0.2746724293,0.4433600279,0.004318725799999978,0.020502132199999967,-1,-1,-1,-1
34,912,0.2777069991,0.4438249022,0.004318725799999978,0.020502132200000023,-1,-1,-1,-1
35,912,0.2792242105,0.4443827514,0.004318725799999978,0.020502132100000015,-1,-1,-1,-1
36,912,0.2817878202,0.4443827514,0.004318725800000034,0.020502132100000015,-1,-1,-1,-1
37,912,0.2842468048,0.4443827514,0.004318725800000034,0.020502132100000015,-1,-1,-1,-1
38,912,0.2855024534,0.4443827514,0.004318725799999978,0.020502132100000015,-1,-1,-1,-1
39,912,0.286758102,0.4443827514,0.004318725799999978,0.020502132100000015,-1,-1,-1,-1
40,912,0.2869673523,0.44568453,0.004318725700000026,0.020502132199999967,-1,-1,-1,-1
41,912,0.2908389231,0.4449406006,0.004318725800000034,0.02050213209999996,-1,-1,-1,-1
42,912,0.2932979077,0.4453125,0.004423350999999964,0.021060242499999993,-1,-1,-1,-1
43,912,0.295076682,0.4462423792,0.0044756635000000045,0.021432272500000016,-1,-1,-1,-1
44,912,0.2968832289,0.446857293,0.005091364799999998,0.021432272500000016,-1,-1,-1,-1
45,912,0.2976904001,0.4466522782,0.004591750400000039,0.02232872250000001,-1,-1,-1,-1
46,912,0.2990356854,0.4469938825,0.004438045500000043,0.0228067857,-1,-1,-1,-1
47,912,0.2995352998,0.4471304719,0.004438045499999987,0.0228067857,-1,-1,-1,-1
48,912,0.3003041182,0.4476086657,0.004245840899999964,0.02321681529999997,-1,-1,-1,-1
49,912,0.3011112894,0.4488382321,0.00424584090000002,0.02321681529999997,-1,-1,-1,-1
50,912,0.3026893362,0.4491740907,0.00424584090000002,0.023216815300000027,-1,-1,-1,-1
51,912,0.3044185899,0.4495436397,0.004245840800000011,0.023216815300000027,-1,-1,-1,-1
52,912,0.3048154895,0.4495436397,0.004245840800000011,0.023216815300000027,-1,-1,-1,-1
53,912,0.305807518,0.4495436397,0.004245840800000011,0.023216815300000027,-1,-1,-1,-1
54,912,0.3065348978,0.4484856589,0.004245840800000011,0.023216815300000027,-1,-1,-1,-1
55,912,0.3061379982,0.4500138679,0.00424584090000002,0.023216815300000027,-1,-1,-1,-1
56,912,0.304418296,0.4495436397,0.00424584090000002,0.023216815300000027,-1,-1,-1,-1
57,912,0.305545456,0.4498264032,0.00425967960000001,0.023257073199999978,-1,-1,-1,-1
58,912,0.3057995331,0.4501091667,0.004273518499999962,0.023297331099999985,-1,-1,-1,-1
59,912,0.3062809201,0.4505222518,0.004287357299999961,0.023337588899999984,-1,-1,-1,-1
60,912,0.3065260352,0.4505298921,0.004301196100000015,0.02337784679999999,-1,-1,-1,-1
61,912,0.3067804629,0.4508307558,0.004315034900000014,0.023418104699999998,-1,-1,-1,-1
62,912,0.3073385009,0.4511316196,0.004328873700000013,0.023458362499999996,-1,-1,-1,-1
63,912,0.3073465957,0.4514324833,0.004342712400000004,0.023498620400000003,-1,-1,-1,-1
64,912,0.3072668465,0.451733347,0.004356551200000003,0.02353887830000001,-1,-1,-1,-1
65,912,0.3075168795,0.4520342108,0.00437039010000001,0.02357913610000001,-1,-1,-1,-1
66,912,0.3070338018,0.4515534066,0.004384228900000009,0.023619394000000016,-1,-1,-1,-1
67,912,0.3072105826,0.4518542704,0.004398067700000008,0.023659651800000014,-1,-1,-1,-1
68,912,0.3091468878,0.452936802,0.0044119063999999986,0.023699909699999966,-1,-1,-1,-1
69,912,0.3083497118,0.4532195655,0.004425745300000006,0.02374016760000003,-1,-1,-1,-1
70,912,0.3078626246,0.4537830215,0.004439584099999949,0.02378042549999998,-1,-1,-1,-1
71,912,0.30638057,0.4543649549,0.004453422799999995,0.023820683399999987,-1,-1,-1,-1
72,912,0.3036180918,0.4552422751,0.004467261599999994,0.02386094120000004,-1,-1,-1,-1
73,912,0.2994685866,0.4557659039,0.0044811005000000015,0.023901199099999992,-1,-1,-1,-1
74,912,0.2975296418,0.4558479098,0.0044811005000000015,0.023901199099999992,-1,-1,-1,-1
75,912,0.2965602429,0.4561760641,0.0044811005000000015,0.023901199099999992,-1,-1,-1,-1
76,912,0.2950367128,0.4561760641,0.003701702000000029,0.025131157199999976,-1,-1,-1,-1
77,912,0.2930514803,0.4558479098,0.0037017019000000206,0.025131157299999984,-1,-1,-1,-1
78,912,0.2919896527,0.4561761947,0.003701702000000029,0.02513115720000003,-1,-1,-1,-1
79,912,0.2895975283,0.4565044795,0.005493701299999987,0.025131157199999976,-1,-1,-1,-1
80,912,0.2883048494,0.4560943193,0.003693326100000005,0.025130896100000022,-1,-1,-1,-1
81,912,0.2863659047,0.4569149008,0.003693326100000005,0.025130896099999966,-1,-1,-1,-1
82,912,0.2845193886,0.4565046101,0.00401631210000003,0.0268539344,-1,-1,-1,-1
83,912,0.2821187413,0.456586616,0.00401631210000003,0.0268539344,-1,-1,-1,-1
84,912,0.2806874929,0.4569147703,0.004016312199999983,0.0268539344,-1,-1,-1,-1
85,912,0.2778251432,0.4571609186,0.004016312099999975,0.0268539344,-1,-1,-1,-1
86,912,0.2759323393,0.4578173577,0.00401631210000003,0.0268539344,-1,-1,-1,-1
87,912,0.274177958,0.458063506,0.004016312099999975,0.0268539344,-1,-1,-1,-1
88,912,0.271361896,0.4587198145,0.00401631210000003,0.0268539344,-1,-1,-1,-1
89,912,0.2692843817,0.459540396,0.004016312099999975,0.0268539344,-1,-1,-1,-1
90,912,0.266774554,0.460263824,0.00401631210000003,0.0268539344,-1,-1,-1,-1
91,912,0.2629370744,0.4606513934,0.004016312199999983,0.0268539344,-1,-1,-1,-1
92,912,0.2608874798,0.4610388322,0.00401631210000003,0.0268539344,-1,-1,-1,-1
93,912,0.2591867335,0.4624339774,0.00401631210000003,0.0268539344,-1,-1,-1,-1
94,912,0.2572244244,0.4639841243,0.004016312200000038,0.0268539344,-1,-1,-1,-1
95,912,0.25491312,0.4668518503,0.0051488204000000315,0.0268539344,-1,-1,-1,-1
96,912,0.2529943067,0.4703395828,0.0047564761999999705,0.0268539344,-1,-1,-1,-1
97,912,0.2510399327,0.4735852151,0.0047564761999999705,0.0268539344,-1,-1,-1,-1
98,912,0.2492777633,0.476318441,0.0047564761999999705,0.026853934400000057,-1,-1,-1,-1
