1,785,0.5942025919,0.4428917585,0.003485839099999999,0.019969746600000005,-1,-1,-1,-1
2,785,0.5937536736,0.442834041,0.003603248600000053,0.019338509899999967,-1,-1,-1,-1
3,785,0.5937536736,0.4424554818,0.003603248600000053,0.019717069099999984,-1,-1,-1,-1
4,785,0.5933605946,0.4420792731,0.0034630626999999636,0.01914302769999998,-1,-1,-1,-1
5,785,0.5926263084,0.4414371981,0.0034630626000000664,0.01987207080000003,-1,-1,-1,-1
6,785,0.5927072753,0.4411974483,0.0034630626999999636,0.019872070799999975,-1,-1,-1,-1
7,785,0.5913693373,0.4406977084,0.004042321500000057,0.020001869999999977,-1,-1,-1,-1
8,785,0.5906260874,0.4401693709,0.004042321499999946,0.019284840499999956,-1,-1,-1,-1
9,785,0.5901364653,0.4396204014,0.003393851300000028,0.01936880519999995,-1,-1,-1,-1
10,785,0.5899508732,0.4390154119,0.003232064400000012,0.018979277000000017,-1,-1,-1,-1
11,785,0.5893065176,0.4389008909,0.003186070500000082,0.01875376080000002,-1,-1,-1,-1
12,785,0.5887363693,0.4384505113,0.0033643153000000314,0.018693823299999968,-1,-1,-1,-1
13,785,0.5871132103,0.4381846449,0.00418926679999998,0.018289408800000018,-1,-1,-1,-1
14,785,0.5852343662,0.4380087501,0.003330664799999994,0.016912806299999972,-1,-1,-1,-1
15,785,0.5818873904,0.4388826093,0.005058595999999915,0.017116907000000015,-1,-1,-1,-1
16,785,0.5784209481,0.4382474552,0.004650087699999972,0.018297374399999955,-1,-1,-1,-1
17,785,0.5749589141,0.4383109184,0.004002499199999954,0.018106984799999948,-1,-1,-1,-1
18,785,0.5720545379,0.4378043882,0.003252048999999979,0.01852315179999997,-1,-1,-1,-1
19,785,0.5691519251,0.4373832591,0.0042960962000000436,0.018481887700000033,-1,-1,-1,-1
20,785,0.5651184204,0.4369660475,0.0037600392999999066,0.018042476899999993,-1,-1,-1,-1
21,785,0.5619371991,0.4376734138,0.0032463181000000896,0.018030202199999956,-1,-1,-1,-1
22,785,0.5597053921,0.4361835961,0.0032868750000000224,0.01748084089999996,-1,-1,-1,-1
23,785,0.5566306082,0.4379445578,0.0032868751000000307,0.01748084089999996,-1,-1,-1,-1
24,785,0.5534288635,0.4376842304,0.0032868751000000307,0.017480840900000016,-1,-1,-1,-1
25,785,0.5493724108,0.437025887,0.0032868751000000307,0.017480840900000016,-1,-1,-1,-1
26,785,0.5470334072,0.4363755526,0.0032868749999999114,0.017480840900000016,-1,-1,-1,-1
27,785,0.5444213054,0.436847609,0.0032868751000000307,0.01748084089999996,-1,-1,-1,-1
28,785,0.5419174192,0.4367241322,0.003220627199999937,0.017480840900000016,-1,-1,-1,-1
29,785,0.5389860688,0.4368345289,0.0031543792999999543,0.01748084099999997,-1,-1,-1,-1
30,785,0.5364658716,0.4363017408,0.0030881313999999715,0.017480840900000016,-1,-1,-1,-1
31,785,0.5330941748,0.4365484876,0.003021883499999989,0.017480840900000016,-1,-1,-1,-1
32,785,0.530240534,0.4360450044,0.002955635600000006,0.017480840900000016,-1,-1,-1,-1
33,785,0.5269569897,0.435978059,0.0028893876999999124,0.017480840900000016,-1,-1,-1,-1
34,785,0.5262720771,0.4362214651,0.0028893877000000234,0.017774521300000012,-1,-1,-1,-1
35,785,0.522847808,0.4354302647,0.0028893878000000317,0.017774521300000012,-1,-1,-1,-1
36,785,0.5206562641,0.4355519677,0.0028893877000000234,0.01777452140000002,-1,-1,-1,-1
37,785,0.5196858366,0.4358937026,0.0028893877000000234,0.017317743100000005,-1,-1,-1,-1
38,785,0.5185622562,0.4350816868,0.00288464190000004,0.01725050280000001,-1,-1,-1,-1
39,785,0.5174386758,0.4342696711,0.0028798960999999457,0.017183262300000002,-1,-1,-1,-1
40,785,0.5143287608,0.4341818831,0.0028751502999999623,0.0171160219,-1,-1,-1,-1
41,785,0.5128990616,0.4342007625,0.002870404499999979,0.0170487815,-1,-1,-1,-1
42,785,0.5112943504,0.4336803791,0.002865658800000004,0.016981541099999997,-1,-1,-1,-1
43,785,0.5099895842,0.4331387367,0.0028609130000000205,0.016914300699999996,-1,-1,-1,-1
44,785,0.508770928,0.4326444306,0.002856167200000037,0.016847060299999994,-1,-1,-1,-1
45,785,0.509535986,0.4321501245,0.0028514213999999427,0.016779819899999993,-1,-1,-1,-1
46,785,0.5086146249,0.4321846782,0.0028466756000000704,0.01671257949999999,-1,-1,-1,-1
47,785,0.5043208665,0.4325718051,0.002841929800000087,0.01664533909999999,-1,-1,-1,-1
48,785,0.5027014482,0.4322396154,0.0028371839999999926,0.016578098699999988,-1,-1,-1,-1
49,785,0.5012121968,0.432906015,0.0028324382000000092,0.016510858300000042,-1,-1,-1,-1
50,785,0.5022855265,0.4332374702,0.002827692400000026,0.01644361790000004,-1,-1,-1,-1
51,785,0.5009470411,0.4330331446,0.0028229467000000508,0.01637637750000004,-1,-1,-1,-1
52,785,0.4996085557,0.432828819,0.002818200900000012,0.016309137100000037,-1,-1,-1,-1
53,785,0.4982700704,0.4326244935,0.0028134550000000202,0.016241896700000036,-1,-1,-1,-1
54,785,0.496931585,0.4324201679,0.0028087091999999814,0.016174656300000034,-1,-1,-1,-1
55,785,0.4955930996,0.4322158423,0.002803963399999998,0.016107415900000033,-1,-1,-1,-1
56,785,0.4942546142,0.4320115167,0.002799217700000023,0.01604017550000003,-1,-1,-1,-1
57,785,0.4929161288,0.4318071912,0.002794471899999984,0.01597293510000003,-1,-1,-1,-1
58,785,0.4915776434,0.4316028656,0.0027897261000000007,0.015905694700000028,-1,-1,-1,-1
59,785,0.4897065159,0.4288738795,0.0027849803000000173,0.015838454300000027,-1,-1,-1,-1
60,785,0.4891317609,0.4283991659,0.002780234500000034,0.015771213900000025,-1,-1,-1,-1
61,785,0.4886049548,0.4279088504,0.002775488699999995,0.015703973500000024,-1,-1,-1,-1
62,785,0.4879802034,0.4273775538,0.0027707429000000117,0.015636733100000022,-1,-1,-1,-1
63,785,0.4873073774,0.4274904998,0.002765997099999973,0.01556949270000002,-1,-1,-1,-1
64,785,0.4861818408,0.4270074213,0.0027612513999999977,0.015502252299999963,-1,-1,-1,-1
65,785,0.4858144773,0.4268768386,0.0026489849999999926,0.014934087100000049,-1,-1,-1,-1
66,785,0.4850917997,0.4261112324,0.0025472987999999863,0.014934087099999993,-1,-1,-1,-1
67,785,0.4844775679,0.4260304017,0.002632527100000004,0.014934087099999993,-1,-1,-1,-1
68,785,0.4831440382,0.4258448438,0.0025835944,0.015100971700000021,-1,-1,-1,-1
69,785,0.4823552353,0.425713347,0.0026184202999999795,0.01471679749999999,-1,-1,-1,-1
70,785,0.4808925406,0.4253483684,0.0025484743000000476,0.014316169900000009,-1,-1,-1,-1
71,785,0.4800345263,0.4250792376,0.0028810117999999996,0.014874019000000016,-1,-1,-1,-1
72,785,0.4780525265,0.4242143885,0.002364939499999996,0.014830535100000042,-1,-1,-1,-1
73,785,0.4763004963,0.424807495,0.0023800749000000287,0.013964641400000033,-1,-1,-1,-1
74,785,0.4749378715,0.4242143885,0.0024913126000000174,0.01391528110000001,-1,-1,-1,-1
75,785,0.4733698169,0.4237008069,0.0023903610999999603,0.014189765899999984,-1,-1,-1,-1
76,785,0.4714693719,0.4235495922,0.0029137806000000266,0.014503425399999992,-1,-1,-1,-1
77,785,0.4703208465,0.423095948,0.0024883736999999906,0.014465687000000005,-1,-1,-1,-1
78,785,0.4691285314,0.4228817924,0.0023740501000000247,0.014525493899999964,-1,-1,-1,-1
79,785,0.4679363632,0.4223985059,0.0024666258000000107,0.014488408499999994,-1,-1,-1,-1
80,785,0.4665996008,0.4226443931,0.002364351699999989,0.014488408399999986,-1,-1,-1,-1
81,785,0.4652087624,0.4228249889,0.0024090232000000267,0.01462290860000004,-1,-1,-1,-1
82,785,0.4642223178,0.422654448,0.0023637639999999904,0.014244480000000004,-1,-1,-1,-1
83,785,0.4627152456,0.4217616542,0.0023637639999999904,0.014244480100000012,-1,-1,-1,-1
84,785,0.4618272545,0.4210533738,0.0025907946000000015,0.014858871499999982,-1,-1,-1,-1
85,785,0.4601078462,0.4204318003,0.0026785209999999893,0.014858871499999982,-1,-1,-1,-1
86,785,0.4587114239,0.4198692502,0.002527901999999971,0.014666653799999985,-1,-1,-1,-1
87,785,0.4574412277,0.41975042,0.002527901999999971,0.014666653699999976,-1,-1,-1,-1
88,785,0.4562855512,0.4195788139,0.0025234633000000284,0.014642484000000011,-1,-1,-1,-1
89,785,0.4566412083,0.41969906,0.0025190246999999832,0.014618314399999999,-1,-1,-1,-1
90,785,0.4567338331,0.4195858243,0.002514586000000041,0.014594144699999978,-1,-1,-1,-1
91,785,0.456498035,0.4195309591,0.002510147199999979,0.014569975000000013,-1,-1,-1,-1
92,785,0.4562622368,0.4194760939,0.0025057085999999895,0.014545805299999992,-1,-1,-1,-1
93,785,0.4560264386,0.4194212286,0.002501269900000047,0.014521635700000035,-1,-1,-1,-1
94,785,0.4557906404,0.4193663634,0.002496831300000002,0.014497466000000014,-1,-1,-1,-1
95,785,0.4555548422,0.4193114982,0.002492392600000004,0.014473296299999994,-1,-1,-1,-1
96,785,0.455319044,0.4192566329,0.002487953900000006,0.014449126700000037,-1,-1,-1,-1
97,785,0.4550832459,0.4192017677,0.0024835152000000082,0.014424957000000016,-1,-1,-1,-1
98,785,0.4548474477,0.4191469025,0.002479076499999955,0.01440078730000005,-1,-1,-1,-1
99,785,0.4546116495,0.4190920373,0.0024746378000000124,0.01437661760000003,-1,-1,-1,-1
100,785,0.4543758513,0.419037172,0.0024701991999999673,0.014352447999999962,-1,-1,-1,-1
101,785,0.4541400531,0.4189823068,0.002465760500000025,0.014328278299999997,-1,-1,-1,-1
102,785,0.4539042549,0.4189274416,0.0024613217999999715,0.014304108599999976,-1,-1,-1,-1
103,785,0.4536684568,0.4188725764,0.0024568830999999736,0.014279938900000011,-1,-1,-1,-1
104,785,0.4534326586,0.4188177111,0.002452444400000031,0.014255769299999999,-1,-1,-1,-1
105,785,0.4531968604,0.4187628459,0.0024480056999999777,0.014231599599999978,-1,-1,-1,-1
106,785,0.4529610622,0.4187079807,0.002443567099999988,0.014207429900000013,-1,-1,-1,-1
107,785,0.452725264,0.4186531154,0.00243912839999999,0.0141832603,-1,-1,-1,-1
108,785,0.4524894658,0.4185982502,0.0024346898000000006,0.01415909059999998,-1,-1,-1,-1
109,785,0.4522536677,0.418543385,0.00243025100000005,0.014134920900000014,-1,-1,-1,-1
110,785,0.4520178695,0.4184885198,0.0024258122999999965,0.014110751199999993,-1,-1,-1,-1
111,785,0.4517820713,0.4184336545,0.002421373700000007,0.014086581600000037,-1,-1,-1,-1
112,785,0.4515462731,0.4183787893,0.002416935000000009,0.014062411900000016,-1,-1,-1,-1
113,785,0.450510073,0.4175651656,0.002412496399999964,0.014038242199999995,-1,-1,-1,-1
114,785,0.449473873,0.416751542,0.0024080575999999576,0.01401407250000003,-1,-1,-1,-1
115,785,0.4484376729,0.4159379183,0.0024036190000000235,0.01398990280000001,-1,-1,-1,-1
116,785,0.4490241036,0.4152795714,0.0023991803000000256,0.013965733199999997,-1,-1,-1,-1
117,785,0.448733858,0.4151254043,0.0023947416000000277,0.013941563400000023,-1,-1,-1,-1
118,785,0.4485092088,0.4149130799,0.0023903028999999743,0.01391739380000001,-1,-1,-1,-1
119,785,0.4481555509,0.4142330885,0.002761243200000041,0.013893223999999982,-1,-1,-1,-1
120,785,0.4477395974,0.4140606718,0.0027685351999999774,0.013869054499999978,-1,-1,-1,-1
121,785,0.4482544919,0.4145722947,0.002251875399999992,0.013262019099999967,-1,-1,-1,-1
122,785,0.4471244902,0.4134090212,0.002243757000000013,0.01281096180000002,-1,-1,-1,-1
123,785,0.4469000082,0.4132694756,0.0022356385000000256,0.012757942000000022,-1,-1,-1,-1
124,785,0.4469293376,0.4131774911,0.0022275201000000466,0.012704922299999977,-1,-1,-1,-1
125,785,0.4466452325,0.4131318105,0.002219401700000012,0.012651902500000034,-1,-1,-1,-1
126,785,0.4464958028,0.4131971286,0.0022112832999999776,0.012598882799999989,-1,-1,-1,-1
127,785,0.4462151509,0.4131249507,0.002205979400000002,0.012450007799999996,-1,-1,-1,-1
128,785,0.4459129605,0.4132655565,0.002595749199999997,0.012394591600000004,-1,-1,-1,-1
129,785,0.445388309,0.413177469,0.0023037587999999998,0.012339175399999958,-1,-1,-1,-1
130,785,0.4453259478,0.4133881546,0.002011768299999994,0.012283759299999975,-1,-1,-1,-1
131,785,0.4450441971,0.413240195,0.0019997652000000032,0.012228343100000039,-1,-1,-1,-1
132,785,0.4440275523,0.4130486979,0.001987762099999957,0.012172926899999992,-1,-1,-1,-1
133,785,0.443640696,0.4130181715,0.0019757590000000214,0.012117510800000009,-1,-1,-1,-1
134,785,0.4433406845,0.4128718182,0.0019637557999999666,0.01206209469999997,-1,-1,-1,-1
135,785,0.4431961474,0.4122521667,0.0019517526999999757,0.012006678600000043,-1,-1,-1,-1
136,785,0.4431185348,0.4121284791,0.0019397495999999848,0.011951262399999996,-1,-1,-1,-1
137,785,0.443251477,0.4116637948,0.0019861877999999833,0.011895846200000004,-1,-1,-1,-1
138,785,0.4434790873,0.4107749545,0.001975353499999999,0.011840430000000013,-1,-1,-1,-1
139,785,0.4432652505,0.4108118608,0.0019645192000000145,0.01178501390000003,-1,-1,-1,-1
140,785,0.4429725662,0.4107819766,0.002073592400000046,0.011729597799999991,-1,-1,-1,-1
141,785,0.4427762282,0.4106808805,0.0020650205000000144,0.0116741816,-1,-1,-1,-1
142,785,0.4419829163,0.4103892352,0.002056448600000038,0.011618765500000017,-1,-1,-1,-1
143,785,0.4416387176,0.4103312475,0.0019194010999999955,0.011563349300000025,-1,-1,-1,-1
144,785,0.4405014639,0.4102817407,0.0020250694999999763,0.011507933099999978,-1,-1,-1,-1
145,785,0.4395682025,0.4102413219,0.00201624789999999,0.011452516999999995,-1,-1,-1,-1
146,785,0.4379364107,0.410982105,0.0020074263000000037,0.011397100800000004,-1,-1,-1,-1
147,785,0.4373753903,0.4110941679,0.001998604600000009,0.011341684700000021,-1,-1,-1,-1
148,785,0.4364152489,0.4109872023,0.002355828999999976,0.011417179799999955,-1,-1,-1,-1
149,785,0.4359791149,0.4109222479,0.0026126894999999872,0.011289133100000015,-1,-1,-1,-1
150,785,0.4349147893,0.410856826,0.002448551500000007,0.011159725600000003,-1,-1,-1,-1
151,785,0.4344548501,0.4108227439,0.002776239799999969,0.011159725600000003,-1,-1,-1,-1
152,785,0.4335439355,0.4107850056,0.002465890999999998,0.011556696900000052,-1,-1,-1,-1
153,785,0.4328898815,0.4105402936,0.0022310721999999616,0.011357297200000005,-1,-1,-1,-1
154,785,0.4325485273,0.4105064727,0.002231072200000017,0.011357297200000005,-1,-1,-1,-1
155,785,0.4320110009,0.4104427484,0.0019004450999999811,0.011060352200000012,-1,-1,-1,-1
156,785,0.4312831803,0.4103525158,0.0019004449999999729,0.011060352100000004,-1,-1,-1,-1
157,785,0.4302760164,0.4102254588,0.0021941889000000048,0.010931728299999999,-1,-1,-1,-1
158,785,0.429517778,0.410194119,0.001779508999999957,0.01093172819999999,-1,-1,-1,-1
159,785,0.4286190599,0.4098898614,0.0028047471000000046,0.01093172819999999,-1,-1,-1,-1
160,785,0.427700798,0.4097359044,0.0023033694000000327,0.010824650399999969,-1,-1,-1,-1
161,785,0.427189134,0.409668132,0.0021574525999999983,0.010809241699999972,-1,-1,-1,-1
162,785,0.4264363327,0.4094354337,0.002374344000000028,0.010809241699999972,-1,-1,-1,-1
163,785,0.4256194631,0.4091736154,0.0019658358000000375,0.010494145699999957,-1,-1,-1,-1
164,785,0.4251742185,0.4092645009,0.0017889135000000445,0.009845933400000006,-1,-1,-1,-1
165,785,0.4246178831,0.409228199,0.002503509100000023,0.009811851199999999,-1,-1,-1,-1
166,785,0.4237437049,0.4091465848,0.0019706848999999638,0.009787693500000028,-1,-1,-1,-1
167,785,0.4230900916,0.4090636648,0.0019706850000000276,0.009787693499999972,-1,-1,-1,-1
168,785,0.4220547142,0.4088732753,0.0016612179999999643,0.00978769340000002,-1,-1,-1,-1
169,785,0.4209501256,0.4084924962,0.001817126999999974,0.010217440999999994,-1,-1,-1,-1
170,785,0.4205792353,0.4082527464,0.0018031671999999555,0.010593519100000004,-1,-1,-1,-1
171,785,0.4197318011,0.4082278051,0.001721759399999967,0.0104867025,-1,-1,-1,-1
172,785,0.4191776699,0.4081394007,0.0017245513999999962,0.0104867025,-1,-1,-1,-1
173,785,0.4183117206,0.4077099143,0.0018933917000000244,0.0104867025,-1,-1,-1,-1
174,785,0.4174457713,0.4078531634,0.0019940493000000226,0.009798009499999982,-1,-1,-1,-1
175,785,0.416821841,0.4076384855,0.0017520301999999766,0.009798009500000038,-1,-1,-1,-1
176,785,0.4159558917,0.4074952363,0.0017520301999999766,0.009798009499999982,-1,-1,-1,-1
177,785,0.4149857581,0.4072586205,0.0017520301000000238,0.009798009499999982,-1,-1,-1,-1
178,785,0.4147910554,0.4071548073,0.0017520301999999766,0.009798009500000038,-1,-1,-1,-1
179,785,0.4141697702,0.4069874003,0.0017520301999999766,0.009798009499999982,-1,-1,-1,-1
180,785,0.413685585,0.4069874003,0.0017520301999999766,0.009798009499999982,-1,-1,-1,-1
181,785,0.4131164654,0.4067660627,0.0018375523999999976,0.010098480200000037,-1,-1,-1,-1
182,785,0.4123614599,0.4067297607,0.0027095265000000035,0.009856249400000017,-1,-1,-1,-1
183,785,0.4120102603,0.4067297607,0.002203740399999987,0.009892420800000024,-1,-1,-1,-1
184,785,0.4113313725,0.4066881049,0.002203740399999987,0.00989242069999996,-1,-1,-1,-1
185,785,0.4108634294,0.406572117,0.002167360900000026,0.009791635799999976,-1,-1,-1,-1
186,785,0.4103954862,0.4064561291,0.0021309815000000176,0.009690850899999992,-1,-1,-1,-1
187,785,0.4099275431,0.4063401412,0.002094602000000001,0.0095900659,-1,-1,-1,-1
188,785,0.4094596,0.4062241533,0.0020582224000000315,0.009489281000000016,-1,-1,-1,-1
189,785,0.4089916568,0.4061081655,0.002021843000000023,0.009388495999999968,-1,-1,-1,-1
190,785,0.4085237137,0.4059921776,0.0019854635000000065,0.009287711099999985,-1,-1,-1,-1
191,785,0.4080557706,0.4058761897,0.0019490840000000453,0.009186926099999992,-1,-1,-1,-1
192,785,0.4075878275,0.4057602018,0.0019127044999999732,0.009086141200000009,-1,-1,-1,-1
193,785,0.4071198843,0.4056442139,0.0018763250999999648,0.008985356300000025,-1,-1,-1,-1
194,785,0.4066519412,0.4055282261,0.0018399454999999953,0.008884571200000024,-1,-1,-1,-1
195,785,0.4061839981,0.4054122382,0.0018035659999999787,0.008783786299999985,-1,-1,-1,-1
196,785,0.4057160549,0.4052962503,0.0017671865999999703,0.008683001400000001,-1,-1,-1,-1
197,785,0.4052481118,0.4051802624,0.0017308071000000091,0.008582216500000017,-1,-1,-1,-1
198,785,0.4047801687,0.4050642745,0.0016944275999999925,0.008481431500000025,-1,-1,-1,-1
199,785,0.4043122255,0.4049482867,0.001658048199999984,0.008380646500000033,-1,-1,-1,-1
200,785,0.4038442824,0.4048322988,0.0016216686000000147,0.008279861599999994,-1,-1,-1,-1
201,785,0.4033763393,0.4047163109,0.001585289099999998,0.008179076600000001,-1,-1,-1,-1
202,785,0.4029083962,0.404600323,0.0015489095999999813,0.008078291700000018,-1,-1,-1,-1
203,785,0.402440453,0.4044843351,0.0015125302000000285,0.007977506800000034,-1,-1,-1,-1
204,785,0.4019725099,0.4043683472,0.0014761507000000118,0.007876721800000042,-1,-1,-1,-1
205,785,0.4013930132,0.4041862715,0.0014397711000000424,0.008273848599999967,-1,-1,-1,-1
206,785,0.4010206535,0.4039655868,0.001332941799999987,0.007775936799999994,-1,-1,-1,-1
207,785,0.4002215643,0.4038227293,0.0015044271999999914,0.007775936900000002,-1,-1,-1,-1
208,785,0.3995348884,0.4037929565,0.001980089500000004,0.007775936799999994,-1,-1,-1,-1
209,785,0.3988662867,0.4036406971,0.0018008160999999911,0.007775936799999994,-1,-1,-1,-1
210,785,0.3984182502,0.4036826141,0.0018008159999999829,0.008339270499999996,-1,-1,-1,-1
211,785,0.3981757902,0.4036826141,0.0015930352999999897,0.007775936900000002,-1,-1,-1,-1
212,785,0.3978648537,0.403566265,0.0015930352999999897,0.007775936799999994,-1,-1,-1,-1
213,785,0.3972869174,0.403566265,0.0015510088999999838,0.007775936799999994,-1,-1,-1,-1
214,785,0.3968328561,0.4033982051,0.0015701116999999876,0.007775936799999994,-1,-1,-1,-1
215,785,0.3966961968,0.4032767632,0.0013786418999999772,0.007775936799999994,-1,-1,-1,-1
216,785,0.3961649891,0.4031587164,0.0013786419000000327,0.007775936900000002,-1,-1,-1,-1
217,785,0.3959545633,0.4032482962,0.0014305136000000163,0.007447913099999981,-1,-1,-1,-1
218,785,0.3963865828,0.4032176092,0.0014305137000000245,0.007447913199999989,-1,-1,-1,-1
219,785,0.3947216913,0.4029760313,0.0015123622000000059,0.007447913200000045,-1,-1,-1,-1
220,785,0.3938776368,0.4028030093,0.0015123622000000059,0.007447913099999981,-1,-1,-1,-1
