1,596,0.2400694288,0.5121640369,0.008386321799999985,0.047018510400000046,-1,-1,-1,-1
2,596,0.2400694288,0.5117575331,0.008386321799999985,0.047425014200000004,-1,-1,-1,-1
3,596,0.2400694288,0.5117575331,0.008386321799999985,0.047425014200000004,-1,-1,-1,-1
4,596,0.2400694288,0.5117575331,0.008386321799999985,0.047425014200000004,-1,-1,-1,-1
5,596,0.238504754,0.5119993722,0.006286471799999999,0.04712010359999996,-1,-1,-1,-1
6,596,0.2362102013,0.5122648467,0.007732267799999998,0.046659669199999976,-1,-1,-1,-1
7,596,0.23537658,0.512193418,0.009174390099999985,0.046731097900000074,-1,-1,-1,-1
8,596,0.2392646087,0.5119808294,0.009545574299999998,0.04690542580000001,-1,-1,-1,-1
9,596,0.2424947629,0.5113429331,0.010382869200000033,0.045736057900000016,-1,-1,-1,-1
10,596,0.2477875898,0.5106789202,0.008848905999999962,0.04587277799999989,-1,-1,-1,-1
11,596,0.2511501418,0.5105683167,0.005735426499999974,0.046647394399999986,-1,-1,-1,-1
12,596,0.2523900672,0.5106906726,0.008820839400000002,0.04579482020000003,-1,-1,-1,-1
13,596,0.2561787609,0.5106906726,0.007029868699999997,0.04677432079999999,-1,-1,-1,-1
14,596,0.2561787609,0.5097175706,0.00820087669999997,0.047747422799999995,-1,-1,-1,-1
15,596,0.2603118946,0.5102073862,0.006203300700000025,0.045910777500000055,-1,-1,-1,-1
16,596,0.2611923915,0.5093646056,0.007216195499999967,0.04609633560000004,-1,-1,-1,-1
17,596,0.2643277659,0.5090992616,0.0077031725999999745,0.045456741700000025,-1,-1,-1,-1
18,596,0.2645694911,0.5084177507,0.008262887699999999,0.04613825260000004,-1,-1,-1,-1
19,596,0.2652169326,0.5082028116,0.007675840699999992,0.046513155400000006,-1,-1,-1,-1
20,596,0.2656399884,0.5077733252,0.0072527848999999756,0.04694264180000007,-1,-1,-1,-1
21,596,0.2668960779,0.5076718625,0.0072139913,0.047117622600000075,-1,-1,-1,-1
22,596,0.2658684886,0.5081791761,0.0070426529000000015,0.045697144400000056,-1,-1,-1,-1
23,596,0.2657950158,0.5089618887,0.009097978500000048,0.04538178709999996,-1,-1,-1,-1
24,596,0.2663047695,0.5089618887,0.008661697600000018,0.04564269129999998,-1,-1,-1,-1
25,596,0.2674142074,0.5089618887,0.007552259700000008,0.04564269129999998,-1,-1,-1,-1
26,596,0.2674142074,0.5091207207,0.007552259700000008,0.045483859299999985,-1,-1,-1,-1
27,596,0.2674142074,0.5092795528,0.007552259700000008,0.04532502719999998,-1,-1,-1,-1
28,596,0.2674142074,0.5094383848,0.007552259700000008,0.04516619519999998,-1,-1,-1,-1
29,596,0.2674142074,0.5094383848,0.007552259700000008,0.04516619519999998,-1,-1,-1,-1
30,596,0.2674142074,0.5094383848,0.007552259700000008,0.04516619519999998,-1,-1,-1,-1
31,596,0.2674142074,0.5094383848,0.007552259700000008,0.04516619519999998,-1,-1,-1,-1
32,596,0.2674142074,0.5094383848,0.007552259700000008,0.04516619519999998,-1,-1,-1,-1
33,596,0.2672055449,0.5094383848,0.00776092220000002,0.04516619519999998,-1,-1,-1,-1
34,596,0.2672055449,0.5094383848,0.00776092220000002,0.04616123519999993,-1,-1,-1,-1
35,596,0.2672055449,0.5094383848,0.00776092220000002,0.04616123519999993,-1,-1,-1,-1
36,596,0.2670913683,0.5094383848,0.00787509879999998,0.04616123519999993,-1,-1,-1,-1
37,596,0.2670913683,0.5090923408,0.00787509879999998,0.046507279199999974,-1,-1,-1,-1
38,596,0.2670913683,0.5092660157,0.00787509879999998,0.0463336043,-1,-1,-1,-1
39,596,0.2670913683,0.5092660157,0.00786260839999997,0.04621712450000004,-1,-1,-1,-1
40,596,0.2670913683,0.5092660157,0.00786260839999997,0.04621712450000004,-1,-1,-1,-1
41,596,0.2670355291,0.5095637442,0.007888029899999982,0.04597894170000005,-1,-1,-1,-1
42,596,0.267054485,0.5095637442,0.007869073999999976,0.04597894170000005,-1,-1,-1,-1
43,596,0.267073441,0.5095637442,0.007850117999999962,0.04597894170000005,-1,-1,-1,-1
44,596,0.2670923969,0.5095637442,0.007831162100000011,0.04597894170000005,-1,-1,-1,-1
45,596,0.2670781432,0.5095637442,0.007831162100000011,0.04597894170000005,-1,-1,-1,-1
46,596,0.2670638895,0.5095637442,0.007831162100000011,0.04597894170000005,-1,-1,-1,-1
47,596,0.2670496358,0.5095637442,0.007831162099999955,0.04597894170000005,-1,-1,-1,-1
48,596,0.2670353821,0.5095637442,0.007831162100000011,0.04597894170000005,-1,-1,-1,-1
49,596,0.2670211284,0.5095637442,0.007831162100000011,0.04597894170000005,-1,-1,-1,-1
50,596,0.2670068747,0.5095637442,0.007831162100000011,0.04597894170000005,-1,-1,-1,-1
51,596,0.266992621,0.5095637442,0.007831162000000003,0.04597894170000005,-1,-1,-1,-1
52,596,0.2669783673,0.5095637442,0.007831162000000003,0.04597894170000005,-1,-1,-1,-1
53,596,0.2669641136,0.5095637442,0.007831162000000003,0.04597894170000005,-1,-1,-1,-1
54,596,0.2669498599,0.5095637442,0.007831162000000003,0.04597894170000005,-1,-1,-1,-1
55,596,0.2669356062,0.5095637442,0.007831162000000003,0.04597894170000005,-1,-1,-1,-1
56,596,0.2669213525,0.5095637442,0.007831162000000003,0.04597894170000005,-1,-1,-1,-1
57,596,0.2669213525,0.5097486493,0.007831162000000003,0.04579403660000003,-1,-1,-1,-1
58,596,0.2669213525,0.5097486493,0.007831162000000003,0.04579403660000003,-1,-1,-1,-1
59,596,0.2667138655,0.5091306015,0.008038649000000009,0.0464120844,-1,-1,-1,-1
60,596,0.2661653183,0.5091306015,0.00858719619999998,0.0464120844,-1,-1,-1,-1
61,596,0.2652760046,0.5091306015,0.009476509899999985,0.0464120844,-1,-1,-1,-1
62,596,0.2654316198,0.5091306015,0.009476509899999985,0.0464120844,-1,-1,-1,-1
63,596,0.2665992481,0.5088521992,0.008308881599999984,0.04669048669999998,-1,-1,-1,-1
64,596,0.2675939216,0.5088521992,0.007837774600000014,0.04669048669999998,-1,-1,-1,-1
65,596,0.2686747052,0.5093324823,0.007282761700000029,0.04698233890000003,-1,-1,-1,-1
66,596,0.2680892746,0.510047553,0.007868192300000021,0.046267268199999934,-1,-1,-1,-1
67,596,0.2662048466,0.5102708494,0.009624483900000036,0.04620040989999996,-1,-1,-1,-1
68,596,0.2655447678,0.5102708494,0.008372508999999972,0.04620040989999996,-1,-1,-1,-1
69,596,0.2641138133,0.5102708494,0.009803463499999998,0.04620040989999996,-1,-1,-1,-1
70,596,0.2637977337,0.5100461166,0.01017949680000002,0.046305659499999985,-1,-1,-1,-1
71,596,0.2644322441,0.5098881115,0.00954498640000001,0.046463664599999954,-1,-1,-1,-1
72,596,0.2647857947,0.5098881115,0.00919143579999998,0.046463664599999954,-1,-1,-1,-1
73,596,0.2647857947,0.5098881115,0.00919143579999998,0.046463664599999954,-1,-1,-1,-1
74,596,0.2647857947,0.5098881115,0.00919143579999998,0.046463664599999954,-1,-1,-1,-1
75,596,0.2647857947,0.5098881115,0.00919143579999998,0.046463664599999954,-1,-1,-1,-1
76,596,0.2647857947,0.5098881115,0.00919143579999998,0.046463664599999954,-1,-1,-1,-1
77,596,0.2647857947,0.5095288786,0.00919143579999998,0.046822897500000016,-1,-1,-1,-1
78,596,0.2651058418,0.5095288786,0.008398665299999997,0.046822897500000016,-1,-1,-1,-1
79,596,0.2674064193,0.5084804304,0.006460014400000047,0.04625264299999998,-1,-1,-1,-1
80,596,0.2669344306,0.5081659873,0.00640094229999999,0.04635737030000009,-1,-1,-1,-1
81,596,0.2655369797,0.5076928863,0.007027076699999968,0.047100255100000044,-1,-1,-1,-1
82,596,0.2648867462,0.5079970133,0.007677310199999954,0.0467961281,-1,-1,-1,-1
83,596,0.2645834509,0.5079970133,0.00798060549999996,0.0467961281,-1,-1,-1,-1
84,596,0.2648729334,0.5079970133,0.007691122999999966,0.0467961281,-1,-1,-1,-1
85,596,0.2654771729,0.5079970133,0.007086883499999974,0.0467961281,-1,-1,-1,-1
86,596,0.2654771729,0.5078072114,0.007086883499999974,0.046985930000000065,-1,-1,-1,-1
87,596,0.2654771729,0.5076174095,0.007086883499999974,0.04717573190000002,-1,-1,-1,-1
88,596,0.2654771729,0.5076174095,0.0077947196,0.04717573190000002,-1,-1,-1,-1
89,596,0.2668428836,0.5076174095,0.006820912299999982,0.04717573190000002,-1,-1,-1,-1
90,596,0.2676338908,0.5074693287,0.005899858400000013,0.04732381269999997,-1,-1,-1,-1
91,596,0.2678634195,0.5079163132,0.005670329700000032,0.046876828200000054,-1,-1,-1,-1
92,596,0.2673732096,0.5079163132,0.0061605396000000145,0.046876828200000054,-1,-1,-1,-1
93,596,0.2673724749,0.5085529037,0.006018002600000016,0.046240237700000075,-1,-1,-1,-1
94,596,0.2673724749,0.5091595908,0.005933655900000001,0.04563355060000007,-1,-1,-1,-1
95,596,0.2671705719,0.5091595908,0.006135558900000004,0.04563355060000007,-1,-1,-1,-1
96,596,0.2667425199,0.5092793351,0.0065636109000000165,0.045513806300000015,-1,-1,-1,-1
97,596,0.2667425199,0.5092793351,0.0065636109000000165,0.045513806300000015,-1,-1,-1,-1
98,596,0.2671636655,0.5092793351,0.006142465300000011,0.045513806300000015,-1,-1,-1,-1
99,596,0.2671934464,0.5091141916,0.0059588913000000465,0.04567894979999998,-1,-1,-1,-1
100,596,0.2672232274,0.508949048,0.005775317200000019,0.04584409340000006,-1,-1,-1,-1
101,596,0.2672530083,0.5087839045,0.005591743300000007,0.04600923690000003,-1,-1,-1,-1
102,596,0.2672827893,0.5086187609,0.005408169200000035,0.0461743805,-1,-1,-1,-1
103,596,0.2673125702,0.5084536174,0.005224595200000015,0.046339524000000076,-1,-1,-1,-1
104,596,0.2673423511,0.5082884738,0.004630690900000012,0.04650466760000005,-1,-1,-1,-1
105,596,0.267434045,0.5076205435,0.0052519761,0.0468860995,-1,-1,-1,-1
106,596,0.2676754763,0.5076205435,0.006217995300000001,0.0468860995,-1,-1,-1,-1
107,596,0.2682081535,0.5076205435,0.004775872900000033,0.0468860995,-1,-1,-1,-1
108,596,0.2680678206,0.5076205435,0.004585431699999976,0.0468860995,-1,-1,-1,-1
109,596,0.2680678206,0.5076205435,0.004881820599999975,0.0468860995,-1,-1,-1,-1
110,596,0.2680678206,0.5076205435,0.004881820599999975,0.0468860995,-1,-1,-1,-1
111,596,0.2680678206,0.5076205435,0.004881820599999975,0.0468860995,-1,-1,-1,-1
112,596,0.2677479204,0.5076205435,0.005201720799999976,0.0468860995,-1,-1,-1,-1
113,596,0.267606412,0.5076205435,0.005343229199999966,0.0468860995,-1,-1,-1,-1
114,596,0.2673976026,0.5076205435,0.0055520385999999755,0.0468860995,-1,-1,-1,-1
115,596,0.2673976026,0.5076205435,0.0055520385999999755,0.0468860995,-1,-1,-1,-1
116,596,0.2673976026,0.50771613,0.0055520385999999755,0.04679051299999992,-1,-1,-1,-1
117,596,0.2672513919,0.50771613,0.006119247999999966,0.04679051299999992,-1,-1,-1,-1
118,596,0.2671051812,0.50771613,0.006686457300000004,0.04679051299999992,-1,-1,-1,-1
119,596,0.2667154819,0.5081281183,0.007076156599999994,0.04637852469999992,-1,-1,-1,-1
120,596,0.2664611194,0.5067492959,0.006683518399999977,0.047757347100000014,-1,-1,-1,-1
121,596,0.2665260693,0.5079024715,0.006618568499999977,0.04660417149999996,-1,-1,-1,-1
122,596,0.2665260693,0.5079024715,0.006878221000000018,0.04660417149999996,-1,-1,-1,-1
123,596,0.2667736723,0.5079024715,0.0066306180000000325,0.04660417149999996,-1,-1,-1,-1
124,596,0.2667272376,0.5079024715,0.006761105499999975,0.04660417149999996,-1,-1,-1,-1
125,596,0.2669237036,0.5079024715,0.008162817900000008,0.04660417149999996,-1,-1,-1,-1
126,596,0.2669209116,0.5077093397,0.007703907400000043,0.04679730329999998,-1,-1,-1,-1
127,596,0.2669209116,0.5077093397,0.006031815500000037,0.04679730329999998,-1,-1,-1,-1
128,596,0.2670677101,0.5082906937,0.005885016999999992,0.04621594929999995,-1,-1,-1,-1
129,596,0.2670677101,0.5082906937,0.005885016999999992,0.04621594929999995,-1,-1,-1,-1
130,596,0.2670284757,0.5082207449,0.005924251400000025,0.046285898099999945,-1,-1,-1,-1
131,596,0.2669892412,0.5081507962,0.0059634859000000096,0.046355846799999934,-1,-1,-1,-1
132,596,0.2669500068,0.5080808474,0.006002720300000042,0.04642579559999993,-1,-1,-1,-1
133,596,0.2662312968,0.5078087131,0.006909814299999983,0.04644394660000006,-1,-1,-1,-1
134,596,0.2674876801,0.5075854167,0.0090456659,0.04610900210000002,-1,-1,-1,-1
135,596,0.2696862774,0.5075854167,0.007223836699999986,0.04610900210000002,-1,-1,-1,-1
136,596,0.2695606391,0.5075854167,0.006595791899999981,0.04633229849999998,-1,-1,-1,-1
137,596,0.2683671484,0.5075854167,0.009673710700000004,0.04633229849999998,-1,-1,-1,-1
138,596,0.2681158718,0.5066923619,0.010678817199999968,0.047225353299999995,-1,-1,-1,-1
139,596,0.2681158718,0.5066923619,0.010678817199999968,0.047225353299999995,-1,-1,-1,-1
140,596,0.2681158718,0.5066923619,0.010678817199999968,0.047225353299999995,-1,-1,-1,-1
141,596,0.2680928014,0.5064873036,0.010678817199999968,0.047267662099999996,-1,-1,-1,-1
142,596,0.2680697309,0.5062822452,0.010678817199999968,0.0473099709,-1,-1,-1,-1
143,596,0.2680466605,0.5060771869,0.010678817200000024,0.0473522797,-1,-1,-1,-1
144,596,0.2680466605,0.5060771869,0.010678817200000024,0.047393282599999975,-1,-1,-1,-1
145,596,0.2680466605,0.5060771869,0.010678817200000024,0.04743428559999996,-1,-1,-1,-1
146,596,0.2680466605,0.5060771869,0.010678817200000024,0.047475288499999935,-1,-1,-1,-1
147,596,0.2680466605,0.5060771869,0.010678817200000024,0.047475288499999935,-1,-1,-1,-1
148,596,0.2680466605,0.5060771869,0.010678817200000024,0.047475288499999935,-1,-1,-1,-1
149,596,0.2681160187,0.5077385902,0.009734399100000013,0.04597437130000004,-1,-1,-1,-1
150,596,0.2682520902,0.5077385902,0.008645239599999965,0.04597437130000004,-1,-1,-1,-1
151,596,0.2684563443,0.5076175401,0.008032624200000005,0.0460954214,-1,-1,-1,-1
152,596,0.2684563443,0.5076175401,0.008032624200000005,0.0460954214,-1,-1,-1,-1
153,596,0.2689669061,0.5076175401,0.007658207299999997,0.0460954214,-1,-1,-1,-1
154,596,0.269477468,0.5076175401,0.00728379039999999,0.0460954214,-1,-1,-1,-1
155,596,0.2692344203,0.5073437082,0.00728379039999999,0.04572156329999999,-1,-1,-1,-1
156,596,0.2692344203,0.5073437082,0.00814591910000001,0.045556245600000045,-1,-1,-1,-1
157,596,0.2708148182,0.506521168,0.006827671800000046,0.04592187709999995,-1,-1,-1,-1
158,596,0.2680406357,0.5072825955,0.009319719100000012,0.04566188699999996,-1,-1,-1,-1
159,596,0.266077298,0.5076405226,0.00927240269999996,0.04536389740000002,-1,-1,-1,-1
160,596,0.2671296476,0.5076405226,0.008220053099999958,0.04536389740000002,-1,-1,-1,-1
161,596,0.2681819972,0.5076405226,0.007167703499999956,0.04536389740000002,-1,-1,-1,-1
162,596,0.2681819972,0.5074836928,0.007167703499999956,0.0455207272,-1,-1,-1,-1
163,596,0.2677906815,0.5076458765,0.007870984299999995,0.045358543500000015,-1,-1,-1,-1
164,596,0.2672540369,0.5075753619,0.008128432600000013,0.04552843150000008,-1,-1,-1,-1
165,596,0.2683940394,0.5074866962,0.007088206099999994,0.04552843150000008,-1,-1,-1,-1
166,596,0.2683940394,0.5070334438,0.007550055499999986,0.045528431499999966,-1,-1,-1,-1
167,596,0.2680676737,0.5058030939,0.009092541499999995,0.046758781400000005,-1,-1,-1,-1
168,596,0.2683021985,0.5058030939,0.008858016700000026,0.046758781400000005,-1,-1,-1,-1
169,596,0.2683021985,0.5066527953,0.008858016700000026,0.04598664610000003,-1,-1,-1,-1
170,596,0.2683021985,0.5066527953,0.008058339700000028,0.04598664610000003,-1,-1,-1,-1
171,596,0.2681692129,0.5059434702,0.008058192799999975,0.04669597120000002,-1,-1,-1,-1
172,596,0.267988617,0.505817262,0.0082387887,0.0468221794,-1,-1,-1,-1
173,596,0.2678080211,0.5056910539,0.008419384599999968,0.046948387499999966,-1,-1,-1,-1
174,596,0.2678080211,0.5056516833,0.008419384599999968,0.0469877581,-1,-1,-1,-1
175,596,0.2678080211,0.5056123126,0.008419384599999968,0.04702712880000004,-1,-1,-1,-1
176,596,0.2678080211,0.5056123126,0.008419384599999968,0.04702712880000004,-1,-1,-1,-1
177,596,0.2678080211,0.5056123126,0.008419384599999968,0.04702712880000004,-1,-1,-1,-1
178,596,0.2678080211,0.5055421244,0.008419384599999968,0.04709731699999997,-1,-1,-1,-1
179,596,0.2678080211,0.5054719362,0.008419384599999968,0.047167505200000015,-1,-1,-1,-1
180,596,0.2678080211,0.505401748,0.008419384599999968,0.04723769339999995,-1,-1,-1,-1
181,596,0.2678080211,0.5053315598,0.008419384599999968,0.04730788159999999,-1,-1,-1,-1
182,596,0.2677126536,0.5052420454,0.008631195799999991,0.047397396000000036,-1,-1,-1,-1
183,596,0.267617286,0.505152531,0.008843007199999975,0.04748691039999997,-1,-1,-1,-1
184,596,0.267646675,0.505152531,0.008930061900000008,0.04748691039999997,-1,-1,-1,-1
185,596,0.2676760641,0.505152531,0.009017116599999986,0.04748691039999997,-1,-1,-1,-1
186,596,0.267617286,0.5050479343,0.0091923384,0.04759150710000004,-1,-1,-1,-1
187,596,0.2677348423,0.5052569971,0.008584551200000012,0.04738244429999994,-1,-1,-1,-1
188,596,0.2688964458,0.506901033,0.008146066100000016,0.045738408399999986,-1,-1,-1,-1
189,596,0.2688964458,0.5066675511,0.008146066100000016,0.04597189030000004,-1,-1,-1,-1
190,596,0.2691264154,0.506901033,0.007581501800000001,0.045738408399999986,-1,-1,-1,-1
191,596,0.269356385,0.5071345148,0.00591249570000002,0.04550492659999994,-1,-1,-1,-1
192,596,0.2688964458,0.507601609,0.008080381500000011,0.04495164780000005,-1,-1,-1,-1
193,596,0.2683052844,0.507601609,0.008671542899999996,0.04495164780000005,-1,-1,-1,-1
194,596,0.2690936466,0.5065508102,0.007883180699999992,0.04600244659999997,-1,-1,-1,-1
195,596,0.2723783174,0.5064339387,0.0052553558999999805,0.04600244660000008,-1,-1,-1,-1
196,596,0.272247683,0.5071307279,0.005726462799999998,0.0455002256,-1,-1,-1,-1
197,596,0.2719862671,0.5073630344,0.0059224880000000035,0.04538413770000005,-1,-1,-1,-1
198,596,0.2723551001,0.5069946607,0.006011096100000002,0.04575251140000003,-1,-1,-1,-1
199,596,0.2720284404,0.5067623542,0.008036444799999987,0.045984817899999975,-1,-1,-1,-1
200,596,0.2704603859,0.5067623542,0.009016423800000006,0.045288028799999935,-1,-1,-1,-1
201,596,0.2688923313,0.5068784422,0.0084283483,0.045404247300000034,-1,-1,-1,-1
202,596,0.2681862586,0.5060484587,0.009134421000000004,0.0462342308,-1,-1,-1,-1
203,596,0.2686526634,0.5055304373,0.00851166619999999,0.04675225220000001,-1,-1,-1,-1
204,596,0.2687983598,0.5049600521,0.008365969799999984,0.0473633792,-1,-1,-1,-1
205,596,0.2689440561,0.5068773975,0.008220273499999986,0.04548677559999992,-1,-1,-1,-1
206,596,0.2689440561,0.5066260259,0.007424857999999979,0.04573814719999991,-1,-1,-1,-1
207,596,0.2691527186,0.5060698743,0.00833165819999998,0.04573814719999991,-1,-1,-1,-1
208,596,0.2691527186,0.506440729,0.00942713620000002,0.04573814729999992,-1,-1,-1,-1
209,596,0.2691527186,0.506440729,0.008097133300000003,0.04573814729999992,-1,-1,-1,-1
210,596,0.2689853478,0.5063054454,0.008097133199999995,0.045873430899999956,-1,-1,-1,-1
211,596,0.2681721518,0.5059957033,0.008275084200000005,0.04609881660000004,-1,-1,-1,-1
212,596,0.2686367933,0.5060989942,0.008275084099999996,0.046098816599999926,-1,-1,-1,-1
213,596,0.269159625,0.5065690918,0.009030236699999972,0.045628718999999984,-1,-1,-1,-1
214,596,0.2696514514,0.5069821248,0.006970061899999991,0.04593833049999996,-1,-1,-1,-1
215,596,0.2691287665,0.5069821248,0.00731846949999998,0.04521568599999992,-1,-1,-1,-1
216,596,0.2684318044,0.5074983181,0.008654350300000002,0.04428659030000004,-1,-1,-1,-1
217,596,0.2684318044,0.5074983181,0.008654350300000002,0.04428659030000004,-1,-1,-1,-1
218,596,0.2686059347,0.5072918669,0.00853841040000003,0.0444930415,-1,-1,-1,-1
219,596,0.2686059347,0.507188576,0.00853841040000003,0.04459633240000005,-1,-1,-1,-1
220,596,0.2686059347,0.507188576,0.00853841040000003,0.04459633240000005,-1,-1,-1,-1
221,596,0.2686059347,0.507188576,0.00853841040000003,0.04459633240000005,-1,-1,-1,-1
222,596,0.2686059347,0.507188576,0.00853841040000003,0.04459633240000005,-1,-1,-1,-1
