1,841,0.4708949622,0.4599316217,0.003187393099999991,0.019593407299999976,-1,-1,-1,-1
2,841,0.4672201513,0.4604647907,0.003787371099999992,0.019593407399999985,-1,-1,-1,-1
3,841,0.4649327989,0.4605313879,0.0037873712000000004,0.019593407300000032,-1,-1,-1,-1
4,841,0.4622811689,0.4607028429,0.0036695209000000006,0.019593407399999985,-1,-1,-1,-1
5,841,0.4593402033,0.4605315185,0.0045855786999999815,0.021385654499999962,-1,-1,-1,-1
6,841,0.457074305,0.460360194,0.0041998468999999705,0.021385654500000018,-1,-1,-1,-1
7,841,0.4558689118,0.458646427,0.004199846900000026,0.02138565459999997,-1,-1,-1,-1
8,841,0.4541815375,0.4574468946,0.004055399600000009,0.021385654500000018,-1,-1,-1,-1
9,841,0.4523494221,0.4553904787,0.003669814800000004,0.021385654500000018,-1,-1,-1,-1
10,841,0.4505656517,0.4549621676,0.003669814800000004,0.021385654499999962,-1,-1,-1,-1
11,841,0.4486853381,0.4532484006,0.0036698149000000124,0.021385654500000018,-1,-1,-1,-1
12,841,0.4459373119,0.4534666043,0.003159620299999999,0.021081788599999984,-1,-1,-1,-1
13,841,0.4441663258,0.4539702616,0.003159620299999999,0.021081788699999993,-1,-1,-1,-1
14,841,0.4411911219,0.4540332025,0.003159620400000007,0.021081788599999984,-1,-1,-1,-1
15,841,0.4382157711,0.452522361,0.004222035700000015,0.02039662130000003,-1,-1,-1,-1
16,841,0.4367280957,0.4515151768,0.0039033111000000287,0.02001884570000001,-1,-1,-1,-1
17,841,0.4351341788,0.4505078621,0.0036908279999999793,0.020396621400000037,-1,-1,-1,-1
18,841,0.4333276319,0.4482415999,0.0035137586999999804,0.021026160399999994,-1,-1,-1,-1
19,841,0.4310252911,0.4482415999,0.003620000300000037,0.020774397,-1,-1,-1,-1
20,841,0.4296438572,0.4459123968,0.00365541420000004,0.02285170609999998,-1,-1,-1,-1
21,841,0.4264560234,0.4459123968,0.003797216499999978,0.022662883600000017,-1,-1,-1,-1
22,841,0.4225951795,0.4463529827,0.005532788800000021,0.02266288359999996,-1,-1,-1,-1
23,841,0.4201583836,0.4461641602,0.004604534699999996,0.023040528700000007,-1,-1,-1,-1
24,841,0.4167933336,0.4458494559,0.0030107645999999932,0.02329242269999998,-1,-1,-1,-1
25,841,0.413109559,0.446227101,0.003612946899999969,0.02341843499999996,-1,-1,-1,-1
26,841,0.4081151782,0.4468566401,0.004711070000000039,0.023103730700000047,-1,-1,-1,-1
27,841,0.4043253089,0.4468566401,0.005277691599999967,0.02329255320000001,-1,-1,-1,-1
28,841,0.4015625882,0.4471084035,0.0044984399999999924,0.023355494000000032,-1,-1,-1,-1
29,841,0.3986226512,0.4471084035,0.004498440100000001,0.023355494000000032,-1,-1,-1,-1
30,841,0.3947618074,0.4478008834,0.004285956899999999,0.023544316600000004,-1,-1,-1,-1
31,841,0.3915739735,0.4481155876,0.004285957000000007,0.023544316600000004,-1,-1,-1,-1
32,841,0.3879256127,0.4479897059,0.004392345399999997,0.0238591514,-1,-1,-1,-1
33,841,0.3843126658,0.4483044101,0.0038609908000000193,0.024173986300000005,-1,-1,-1,-1
34,841,0.3802746057,0.4486821858,0.0038609908000000193,0.024111045399999975,-1,-1,-1,-1
35,841,0.3762366926,0.4493746657,0.003931818500000017,0.024111045399999975,-1,-1,-1,-1
36,841,0.3726237457,0.4491858432,0.004038207000000016,0.02411104540000003,-1,-1,-1,-1
37,841,0.3684080286,0.4493387555,0.004038207000000016,0.024111045399999975,-1,-1,-1,-1
38,841,0.3654951296,0.4497320705,0.00403820699999996,0.024111045399999975,-1,-1,-1,-1
39,841,0.3618448586,0.4504061382,0.004038206900000008,0.02411104540000003,-1,-1,-1,-1
40,841,0.3573885919,0.4506589463,0.004038206900000008,0.02411104540000003,-1,-1,-1,-1
41,841,0.3533115913,0.4506589463,0.00444700910000001,0.02411104540000003,-1,-1,-1,-1
42,841,0.3501352192,0.4508273979,0.00416266970000001,0.02411104540000003,-1,-1,-1,-1
43,841,0.3466745077,0.4516656081,0.004067889899999955,0.025294907899999997,-1,-1,-1,-1
44,841,0.3418389749,0.4521712242,0.007149335300000004,0.024789291800000002,-1,-1,-1,-1
45,841,0.3377619743,0.4521712242,0.006058853400000008,0.025042099799999995,-1,-1,-1,-1
46,841,0.3356759372,0.4524239016,0.0038308670000000156,0.02537913380000001,-1,-1,-1,-1
47,841,0.3315041568,0.4525923533,0.005347784500000008,0.026372606699999968,-1,-1,-1,-1
48,841,0.3285082336,0.4533507774,0.005262262300000042,0.02477153259999998,-1,-1,-1,-1
49,841,0.3243364533,0.4537720371,0.005262262299999987,0.02477153259999998,-1,-1,-1,-1
50,841,0.3213971041,0.4536034549,0.004219243799999994,0.02502447120000001,-1,-1,-1,-1
51,841,0.3176084104,0.4543573087,0.004219243799999994,0.02502447120000001,-1,-1,-1,-1
52,841,0.3137652,0.4543630543,0.004219243799999994,0.02502447120000001,-1,-1,-1,-1
53,841,0.3114450788,0.4538204833,0.004219243799999994,0.025024471199999954,-1,-1,-1,-1
54,841,0.3100408684,0.4528438555,0.004219243799999994,0.02502447120000001,-1,-1,-1,-1
55,841,0.3083314524,0.4528438555,0.004219243799999994,0.02502447120000001,-1,-1,-1,-1
56,841,0.2992954849,0.4550140089,0.003946953899999994,0.02495735170000002,-1,-1,-1,-1
57,841,0.2954378738,0.4556517747,0.00394695390000005,0.024957351699999963,-1,-1,-1,-1
58,841,0.2920287402,0.4553327612,0.004014989599999963,0.02495735170000002,-1,-1,-1,-1
59,841,0.2893372879,0.4558908715,0.004014989599999963,0.024957351699999963,-1,-1,-1,-1
60,841,0.2867356193,0.456050313,0.004014989599999963,0.02495735170000002,-1,-1,-1,-1
61,841,0.284178916,0.4561299684,0.0040149896000000185,0.025779891900000018,-1,-1,-1,-1
62,841,0.2815324291,0.4564488513,0.0040149896000000185,0.025779891899999963,-1,-1,-1,-1
63,841,0.2776299997,0.4570069616,0.005046546399999963,0.025779892000000026,-1,-1,-1,-1
64,841,0.2751995225,0.4576118205,0.004913119999999993,0.025779892000000026,-1,-1,-1,-1
65,841,0.2722343109,0.4581301032,0.004913119999999993,0.025779891899999963,-1,-1,-1,-1
66,841,0.2690746906,0.4586485164,0.004913119999999993,0.025779891900000018,-1,-1,-1,-1
67,841,0.2666927054,0.4600306034,0.004913119999999993,0.025779891899999963,-1,-1,-1,-1
68,841,0.2645052759,0.4608945383,0.004913119999999993,0.025779891900000018,-1,-1,-1,-1
69,841,0.2622692075,0.4597713967,0.004913119999999993,0.025779892000000026,-1,-1,-1,-1
70,841,0.2604221036,0.4594257444,0.004913119999999993,0.02577989199999997,-1,-1,-1,-1
71,841,0.2576513009,0.4608080926,0.004913119999999993,0.025779891900000018,-1,-1,-1,-1
72,841,0.2571165665,0.4625359625,0.0049131200000000486,0.025779891900000018,-1,-1,-1,-1
73,841,0.253227803,0.4646094847,0.006906434600000011,0.025779891899999963,-1,-1,-1,-1
74,841,0.2524777936,0.4674657194,0.004843467900000009,0.025779892000000026,-1,-1,-1,-1
75,841,0.2516681243,0.4702836935,0.004843467900000009,0.025779891900000018,-1,-1,-1,-1
76,841,0.2500487859,0.4736412351,0.004843467800000001,0.025779891900000018,-1,-1,-1,-1
