147,1255,0.5215307363,0.4377219905,0.002979465200000031,0.016524453500000036,-1,-1,-1,-1
148,1255,0.5232179635,0.4379771491,0.0035537279999999782,0.01671588759999998,-1,-1,-1,-1
149,1255,0.5230742509,0.4368925294,0.004487272200000003,0.021054366300000016,-1,-1,-1,-1
150,1255,0.5227005687,0.4367928948,0.0045281229999999395,0.02089361900000003,-1,-1,-1,-1
151,1255,0.5223268865,0.4366932603,0.0036834807999999164,0.020378600899999988,-1,-1,-1,-1
152,1255,0.5215761424,0.4366932603,0.0036834807999999164,0.020378600899999988,-1,-1,-1,-1
153,1255,0.52078587,0.4369040207,0.0031771068000000513,0.01996817959999997,-1,-1,-1,-1
154,1255,0.5179410067,0.4357803568,0.0036906811000000372,0.020810960200000006,-1,-1,-1,-1
155,1255,0.5159654725,0.4357803568,0.0036510057999999956,0.020389569900000015,-1,-1,-1,-1
156,1255,0.5133576322,0.4357101033,0.004678448200000074,0.020740837300000037,-1,-1,-1,-1
157,1255,0.5099595195,0.4353589665,0.004046289000000036,0.02109197410000002,-1,-1,-1,-1
158,1255,0.5064429687,0.4346568235,0.003927557099999923,0.021302473399999966,-1,-1,-1,-1
159,1255,0.5021361455,0.4353590971,0.0036510057999999956,0.020670453199999994,-1,-1,-1,-1
160,1255,0.4985799195,0.4346568235,0.0036510057999999956,0.020670453199999994,-1,-1,-1,-1
161,1255,0.4941413352,0.4342588946,0.00403301490000002,0.020670453199999994,-1,-1,-1,-1
162,1255,0.489702751,0.4338609656,0.00441502399999999,0.020670453300000002,-1,-1,-1,-1
163,1255,0.4852641667,0.4334630367,0.004797033100000014,0.020670453299999947,-1,-1,-1,-1
164,1255,0.4823797751,0.4328310166,0.005034056099999962,0.020459692799999984,-1,-1,-1,-1
165,1255,0.4781915369,0.4324096263,0.0042436366999999975,0.01989792619999997,-1,-1,-1,-1
166,1255,0.474279703,0.4324096263,0.003967232300000012,0.01989792619999997,-1,-1,-1,-1
167,1255,0.470368016,0.4325501333,0.004994380799999976,0.01989792610000002,-1,-1,-1,-1
168,1255,0.4662983627,0.4320584895,0.004045995099999977,0.020319316500000018,-1,-1,-1,-1
169,1255,0.4626236987,0.4317073527,0.0035718022000000293,0.019757549799999996,-1,-1,-1,-1
170,1255,0.4584353135,0.4314965923,0.004994380799999976,0.019476666500000017,-1,-1,-1,-1
171,1255,0.4545236265,0.4314264694,0.004836267499999991,0.01905527619999997,-1,-1,-1,-1
172,1255,0.4515601783,0.4307944493,0.0034533641999999753,0.018704139399999986,-1,-1,-1,-1
173,1255,0.4485176734,0.4311455861,0.003453364200000031,0.01870413940000004,-1,-1,-1,-1
174,1255,0.4456332818,0.4307945799,0.0034533642999999836,0.018704139300000033,-1,-1,-1,-1
175,1255,0.4428673283,0.4300923063,0.003453364200000031,0.018704139299999978,-1,-1,-1,-1
176,1255,0.4411288171,0.429670916,0.003769443799999994,0.019125399099999996,-1,-1,-1,-1
177,1255,0.4399435553,0.4294602862,0.004085376500000015,0.018914638600000033,-1,-1,-1,-1
178,1255,0.4398646456,0.4293197792,0.004203814500000014,0.01856363240000003,-1,-1,-1,-1
179,1255,0.4388373502,0.4291794028,0.0038086783000000346,0.018423125500000026,-1,-1,-1,-1
180,1255,0.4387584405,0.428828266,0.003808678299999979,0.01842312549999997,-1,-1,-1,-1
181,1255,0.4384817423,0.4287580126,0.0033344854000000312,0.018212365000000008,-1,-1,-1,-1
182,1255,0.4374149186,0.4284771292,0.004085229500000009,0.01835287200000002,-1,-1,-1,-1
183,1255,0.4376914699,0.4277748556,0.003650711899999992,0.01842312549999997,-1,-1,-1,-1
184,1255,0.4369011974,0.4275642258,0.003650711899999992,0.018423125400000018,-1,-1,-1,-1
185,1255,0.4365455895,0.4274939723,0.0037691498999999906,0.018142242099999983,-1,-1,-1,-1
186,1255,0.4358342268,0.4271428355,0.0036903871000000255,0.017861228200000023,-1,-1,-1,-1
187,1255,0.4354786189,0.427213089,0.0038483535000000124,0.017790974700000017,-1,-1,-1,-1
188,1255,0.4346488181,0.4263001855,0.0034927456000000134,0.018282618500000014,-1,-1,-1,-1
189,1255,0.4331868581,0.4262299321,0.0030186996999999605,0.018001735100000027,-1,-1,-1,-1
190,1255,0.4296306321,0.4263001855,0.004362221700000002,0.017790974800000026,-1,-1,-1,-1
191,1255,0.4277338607,0.4259490487,0.0036906810999999817,0.01645668109999998,-1,-1,-1,-1
192,1255,0.4245727709,0.4256681654,0.0034141297999999987,0.01666744149999999,-1,-1,-1,-1
193,1255,0.4218068173,0.4255276585,0.003967379299999962,0.017299461500000002,-1,-1,-1,-1
194,1255,0.4212140395,0.4250360147,0.003414276799999949,0.017510221999999964,-1,-1,-1,-1
195,1255,0.4201470689,0.424614755,0.0039675262000000155,0.017158954599999998,-1,-1,-1,-1
196,1255,0.4195147627,0.4243338717,0.0034540989999999883,0.017229208100000004,-1,-1,-1,-1
197,1255,0.4183631515,0.4241633307,0.003351824900000022,0.017181937199999997,-1,-1,-1,-1
198,1255,0.4162124584,0.4239127426,0.003351824900000022,0.01718193709999999,-1,-1,-1,-1
199,1255,0.4143791674,0.4234741154,0.0025082112999999517,0.016796065400000004,-1,-1,-1,-1
200,1255,0.4128631315,0.4235367951,0.0025082113000000072,0.01679606530000005,-1,-1,-1,-1
201,1255,0.411241295,0.4232235272,0.0025082113000000072,0.016796065400000004,-1,-1,-1,-1
202,1255,0.4087380798,0.4229729391,0.004094780999999992,0.017359921300000025,-1,-1,-1,-1
203,1255,0.4078919681,0.4227850306,0.002790199499999979,0.01673325520000002,-1,-1,-1,-1
204,1255,0.406446466,0.4227850306,0.0026491319999999985,0.016670575500000007,-1,-1,-1,-1
205,1255,0.4044017206,0.4227850306,0.003601044299999967,0.016983973900000005,-1,-1,-1,-1
206,1255,0.4039245888,0.422654448,0.0032200149000000122,0.016680760799999972,-1,-1,-1,-1
207,1255,0.4029337358,0.4224587045,0.0034401391999999698,0.01681121299999999,-1,-1,-1,-1
208,1255,0.4032640691,0.4220020569,0.0032933406999999804,0.016746052300000036,-1,-1,-1,-1
209,1255,0.4028969995,0.4218064441,0.0031832784999999975,0.01681121299999999,-1,-1,-1,-1
210,1255,0.4030439449,0.4216108313,0.0031832786000000057,0.01681121290000004,-1,-1,-1,-1
211,1255,0.4030072086,0.4216108313,0.0031832784999999975,0.01681121290000004,-1,-1,-1,-1
212,1255,0.4032274797,0.4212847663,0.0031832786000000057,0.01681121299999999,-1,-1,-1,-1
213,1255,0.403557813,0.4206976666,0.0029628604999999975,0.016941534499999966,-1,-1,-1,-1
214,1255,0.4031907434,0.4205019232,0.003146395199999985,0.01700682579999996,-1,-1,-1,-1
215,1255,0.4034110146,0.4200452756,0.002889387699999968,0.01687637380000001,-1,-1,-1,-1
216,1255,0.4031174176,0.4200452756,0.0029261240999999827,0.016615469599999988,-1,-1,-1,-1
217,1255,0.4031174176,0.4200452756,0.003072922599999972,0.016615469599999988,-1,-1,-1,-1
218,1255,0.4031174176,0.4200452756,0.0029261240999999827,0.01635456540000002,-1,-1,-1,-1
219,1255,0.4023099526,0.4197843714,0.0033297830999999833,0.015767465699999983,-1,-1,-1,-1
220,1255,0.4023832783,0.4187407547,0.00329319370000003,0.01557172229999998,-1,-1,-1,-1
221,1255,0.4023832783,0.4187407547,0.0030363332000000187,0.0156368831,-1,-1,-1,-1
222,1255,0.4023099526,0.4187407547,0.003036333099999955,0.0156368831,-1,-1,-1,-1
