0,1259,0.11856099880000001,0.2405501892,0.0832517786,0.1744974918
0,1259,0.07194969765,0.2214564097,0.0513629447,0.1621581184
0,1259,0.7959522563,0.7642798026,0.5350357548,0.5324961504
0,1259,0.9565228188499999,0.6911467169500001,0.6411810415,0.4723933871
0,1259,0.9533240375500001,0.6923984171,0.6391095519,0.473548652
0,1259,1.2834705656,0.74107996305,0.8618117958,0.5143986981
0,1259,1.2944598786500001,0.74464989745,0.8683232411,0.5144983327
0,1259,0.6730474774499999,0.9972693858,0.4607217841,0.7108923184
0,1259,1.01923963685,0.6841628292999999,0.6838367977,0.4676390026
0,1259,1.01843849035,0.6805725241,0.6824740259,0.4636023006
0,1259,1.1136979872,0.65705249575,0.7459848634,0.4476383079
0,1259,1.1151262231999999,0.65674719355,0.7463500228,0.4471188501
0,1259,1.1131005071,0.6405978388,0.743633149,0.4347661212
0,1259,1.1084108177,0.6393956947499999,0.7409083402,0.4353882171
0,1259,1.13449708225,0.6357323938499999,0.7582703819,0.4316085017
0,1259,1.1315130617,0.6356551542,0.75579347,0.4316151614
0,1259,1.1029767761,0.6405134171,0.7376097094,0.436887959
0,1259,1.12538470305,0.63487622855,0.7520983805,0.4327629831
0,1259,1.1168852333000001,0.6364902956,0.7467334034,0.4341903822
0,1259,1.1288536435,0.6350369105,0.7545076976,0.432534594
0,1259,1.1323070078000002,0.6346644234,0.7569493426,0.4321348804
0,1259,1.12519969885,0.62238429855,0.7516199263,0.4219695419
0,1259,1.1541597749499999,0.6275762655,0.7718726783,0.426473077
0,1259,1.15924834775,0.62729531685,0.7744248263,0.4257171339
0,1259,1.17095438695,0.62834872725,0.7830668331,0.4260242643
0,1259,1.1477682371,0.6282280036,0.767014075,0.4265751926
0,1259,1.1460901204,0.62656059355,0.7657767946,0.4260520785
0,1259,1.1418731543,0.6297548415,0.7637867128,0.4294612002
0,1259,1.1306176498,0.6323354162,0.75542449,0.4308751494
0,1259,1.13689302725,0.6295222085000001,0.7604360635,0.4278444562
0,1259,1.1374269533999999,0.6312178245,0.7602058,0.4308000644
0,1259,1.1603053996,0.6259633084,0.7756240478,0.425847586
0,1259,1.15367698575,0.58998987205,0.7704377563,0.3966767233
0,1259,1.2324472965,0.61638520005,0.8233297302,0.4167639943
0,1259,1.23515932115,0.61471015085,0.8246719297,0.4159302239
0,1259,1.227793976,0.6189586581,0.8197422048,0.4187946854
0,1259,1.24535196955,0.6163626092000001,0.8318230283,0.4162066674
0,1259,1.2457243292,0.6148767743,0.8321539494,0.4144752718
0,1259,1.2555197840999999,0.5949040896,0.838013104,0.4010099786
0,1259,1.2434947264,0.6134959279,0.830633946,0.4141781962
0,1259,1.2480147674,0.60055681755,0.8333924054,0.4058077165
0,1259,1.24572609255,0.6116981963,0.8321316137,0.4118950888
0,1259,1.2607405344,0.5988638132499999,0.8418558736,0.4034945751
0,1259,1.27074692945,0.5968852246,0.8485615807,0.4020513754
0,1259,1.27209280255,0.5979407897,0.8490506151,0.4020938148
0,1259,1.2960123569,0.593644881,0.8654140158,0.3996540082
0,1259,1.1790571042,0.6166748977500001,0.7880083136,0.4197058913
0,1259,1.1831337374,0.6174153668,0.7902993396,0.4191970106
0,1259,1.186358528,0.617433126,0.792538053,0.4194746294
0,1259,1.1894182254499999,0.61546537575,0.7943569433,0.4168919653
0,1259,1.19282493455,0.61506886145,0.7965894851,0.4158463899
0,1259,1.2145466264,0.6083609602,0.8109670654,0.4109260348
0,1259,1.2119257079499999,0.6075003553,0.8092104799,0.4104430096
0,1259,1.2304643416499998,0.59995763905,0.8214461349,0.4043808397
0,1259,1.2282782347,0.60171684875,0.8199727622,0.4070509941
0,1259,1.22327907815,0.6058365034,0.8166713395,0.4095030102
0,1259,1.2184531702,0.6058417594,0.8135089272,0.4090289298
0,1259,1.22094977285,0.6028282378500001,0.8150130605,0.4058577297
0,1259,1.2311895908,0.60576700085,0.8219408022,0.4086921571
0,1259,1.28167673395,0.5935276039999999,0.8559298691,0.3995795904
0,1259,1.2614172915,0.5915611733,0.8420276528,0.3988365606
0,1259,1.275426847,0.5893492987,0.851417024,0.3975089266
0,1259,1.2645969698,0.5911357348999999,0.844210233,0.3980909336
0,1259,1.2827646993,0.59000569735,0.8560684342,0.3978306823
0,1259,1.29324963615,0.5898680384,0.8629535617,0.3973090046
0,1259,1.2915988513999999,0.5896869202,0.8620192828,0.3978425654
0,1259,1.29249793685,0.5896591060999999,0.8625519599,0.397421828
0,1259,1.29777202825,0.5890772297,0.8657769709,0.3965432678
0,1259,1.28705573995,0.5896933188,0.8594997567,0.3970708218
0,1259,1.29742060835,0.58907605445,0.8656257641,0.3965140173
0,1259,1.288783965,0.58931234385,0.859870353,0.3969672697
0,1259,1.30495391205,0.589547262,0.8709105091,0.3967661724
0,1259,1.308380973,0.58952865405,0.8729991912,0.3965560649
0,1259,1.27310966475,0.59063501565,0.8498538187,0.3977465871
0,1259,1.26525895895,0.5831855355,0.8442025919,0.3911417156
0,1259,1.33670308555,0.7037572160000001,0.8986702615,0.4893438012
0,1259,1.31581677845,0.68388978095,0.8824629169,0.4701916327
0,1259,1.42727348065,0.687245625,0.9573808331,0.4702934872
0,1259,1.1573728833499999,0.5994223153,0.7728492775,0.402860988
0,1259,1.1590351026,0.59992727855,0.77410721,0.4038938969
0,1259,1.29539364325,0.55613879575,0.8642071531,0.3733685001
0,1259,1.4630449911999999,0.60955781575,0.97731633,0.4125547925
0,1259,1.4573044215,0.6067319414500001,0.9736532746,0.4116079375
0,1259,1.4823425245,0.61410235385,0.990031076,0.4169583013
0,1259,1.482929204,0.6185452986,0.9904902804,0.4198598482
0,1259,0.89049319,0.7258905216,0.5990755958,0.4987388326
0,1259,0.88576294355,0.72655551385,0.5959275841,0.4992610327
0,1259,0.47515086885,0.79305715445,0.3224633401,0.5566898547
0,1259,0.040287290049999994,0.83408263845,0.0349853525,0.5908316079
0,1259,0.5759859156,0.85822025745,0.3933478986,0.5989983787
0,1259,0.6093710325,0.8252733356,0.4120525806,0.5806355824
0,1259,0.62734568965,0.8374844476500001,0.4264529375,0.5805401265
0,1259,0.63159388165,0.8097392864499999,0.4272017713,0.5687806347
0,1259,0.62467921815,0.7688529383,0.4210820825,0.5389119382
0,1259,0.7192155230999999,0.77701144975,0.4871463906,0.5354247933
0,1259,0.8172974739000001,0.7024186783499999,0.5495164908,0.4834562203
0,1259,0.5647920546,0.76117839885,0.381377725,0.5274813841
0,1259,0.41377566255000003,0.7546567739500001,0.2797705535,0.5185904019
0,1259,0.27551754910000004,0.6993999928,0.1874052202,0.4874161398
0,1259,0.2985363649,0.6920248201,0.2032180164,0.4866735162
0,1259,0.2446016662,0.9894660919,0.1807406578,0.7039120218
0,1259,0.21470808265,0.6932605892,0.1480443475,0.4877791596
0,1259,0.20493878394999998,0.69642963475,0.1419353857,0.4882125635
0,1259,0.17799288875,0.6855427616,0.1214786735,0.47490632
0,1259,0.2959702387,0.6717251891,0.200203468,0.4628691442
0,1259,0.14910707515,0.70864237905,0.1037407821,0.4913175583
0,1259,0.14665560315,0.7056835062,0.1014866027,0.4895001086
0,1259,0.3788483535,0.6808052223500001,0.2555172126,0.4697859123
0,1259,0.3587558455,0.6715301964,0.242262883,0.4642497294
0,1259,0.3690300486,0.67263140015,0.2487771202,0.4648506709
0,1259,0.2505769812,0.68018195125,0.1713327714,0.4705289277
0,1259,0.24519157865,0.68152486345,0.1665757075,0.4705652297
0,1259,0.40664888335000005,0.6790690605,0.2745388559,0.4692895676
0,1259,0.2596127191,0.7067791438,0.1767307562,0.4841612688
0,1259,0.30923501975,0.67746400355,0.2100057191,0.4664853047
0,1259,0.29466876155,0.70051367305,0.2004660227,0.4807637363
0,1259,0.3719103182,0.7024995545,0.2506829874,0.4817424534
0,1259,0.3218205688,0.69241504565,0.2172588706,0.4782922769
0,1259,0.31369869095,0.69757057905,0.2130056479,0.4783946039
0,1259,0.3096146165,0.69136313165,0.2101280806,0.4785313733
0,1259,0.15277447115,0.68346741125,0.1044884625,0.4706088443
0,1259,0.16027270425,0.6845828484,0.1091819137,0.4700893864
0,1259,0.33362377855,0.7009933885999999,0.2295688811,0.483005016
0,1259,0.34324300155,0.69888161495,0.2338548867,0.4812875947
0,1259,0.38638724115,0.66966469245,0.2604457619,0.4614072059
0,1259,0.3644929619,0.6695564394,0.2460312982,0.4595179358
0,1259,0.3516449364,0.6670553895,0.237583994,0.4596025534
0,1259,0.43972578219999997,0.68709682605,0.296315138,0.4765422597
0,1259,0.43447329175000005,0.68723387255,0.2929996085,0.4746583435
0,1259,0.375449653,0.66797782555,0.25285368,0.4619344987
0,1259,0.4367190586,0.69328775045,0.2951213534,0.4806232293
0,1259,0.34602265774999996,0.66272056715,0.2338060273,0.4513862917
0,1259,0.34160202535,0.6626727087,0.2301751531,0.4509189364
0,1259,0.37137140335,0.6636202165,0.2504580289,0.4519267734
0,1259,0.3531181009,0.6607794558,0.2381840456,0.454023017
0,1259,0.3474223864,0.6605416648,0.2347018066,0.4548657976
0,1259,0.40539272039999996,0.70016619255,0.2739753202,0.4867791575
0,1259,0.35111064285,0.7023452256,0.2374373425,0.4816456916
0,1259,0.30962022495,0.65975594885,0.2104212563,0.4488112015
0,1259,0.33351102705,0.6606857627,0.2253618825,0.4543247936
0,1259,0.3278185453,0.65890801035,0.2213596036,0.4536731861
0,1259,0.29231036109999997,0.6870346687,0.1984089338,0.4763304546
0,1259,0.12682811119999998,0.68364663595,0.0876747622,0.4743420723
0,1259,0.297119424,0.60812351325,0.1994276932,0.4100656373
0,1259,0.3099813555,0.6078571723,0.2075205782,0.4097296364
0,1259,0.2944908842,0.62742988235,0.1984446416,0.4244848253
0,1259,0.30816342035,0.60990144395,0.2063147441,0.4098628307
0,1259,0.23855978505000003,0.4589482036,0.1629158849,0.3192048978
0,1259,0.2506192647,0.46191234365,0.1712280728,0.3189626669
0,1259,0.306538204,0.45844095515,0.207082387,0.3178187627
0,1259,0.3252055252,0.45835176730000005,0.2188827652,0.3172050242
0,1259,0.34718104925000004,0.46424680549999997,0.2347932801,0.3186987594
0,1259,0.23701553565,0.4607285024,0.1602555851,0.3197260532
0,1259,0.26597498725,0.7692312363,0.1835441559,0.5411106892
0,1259,0.31009185845,0.7660717885999999,0.2126783623,0.5399981248
0,1259,0.61788615195,0.81045709945,0.4178952773,0.5722938309
0,1259,0.5906105112,0.8234626110500001,0.399568098,0.5788250537
0,1259,0.6603685861499999,0.7964923275,0.4442365657,0.5595022136
0,1259,0.6505414644999999,0.7985052593499999,0.4388316194,0.5585084795
0,1259,0.15604133755,1.01276778585,0.1170473141,0.7266684025
0,1259,0.1400040822,0.99416360755,0.1025618758,0.7133363037
0,1259,0.1371303441,0.72157920415,0.0974145248,0.5062277487
0,1259,0.1216420034,0.720231591,0.0864081662,0.5066774754
0,1259,0.36780276045,0.8113873704,0.2529918087,0.5770582702
0,1259,0.40489744095,0.7867406748000001,0.2749664671,0.55460458
0,1259,0.36073453894999996,0.78008872835,0.2472321361,0.5494602757
0,1259,0.39899530475,0.7885826739999999,0.2714487407,0.5581598238
0,1259,0.28138456525,0.7608386227499999,0.1927635113,0.5356104165
0,1259,0.10533451535,0.8491745102,0.0793882897,0.6039409164
0,1259,0.18120816465,0.8043736445,0.1255342935,0.5721238122
0,1259,0.18779429495,0.8002746544999999,0.1312365839,0.569212341
0,1259,0.19667053280000002,0.79929789615,0.136666217,0.5666845217
0,1259,0.20685958105000002,0.7999615173,0.1452484171,0.569997404
0,1259,0.21118668265,0.7918670893,0.1481516177,0.5629942554
0,1259,0.23575217240000002,0.7948945832500001,0.162851082,0.5607178077
0,1259,0.23803206729999998,0.7641693297000001,0.1651875876,0.5382744336
0,1259,0.31467365334999997,0.78811486155,0.2147031967,0.5527154405
0,1259,0.4149471849,0.9264125519499999,0.2837128052,0.6554854385
0,1259,0.41237578705,0.9199032017,0.2827459043,0.64905829
0,1259,0.40434235465,0.90187352185,0.2778426297,0.6400997965
0,1259,0.39609790855000004,0.9106976457,0.2718747355,0.6474199998
0,1259,0.31970256635,0.803332966,0.2209752679,0.5692197842
0,1259,0.30292448565,0.80330201785,0.2084849075,0.5694451699
0,1259,0.5016349147,0.872660285,0.3419130354,0.6183673144
0,1259,0.49301208425,0.8720514432500001,0.3353876303,0.6169756949
0,1259,0.27907528130000003,0.9905640962,0.1962957118,0.707784712
0,1259,0.23836960095,0.9228537171,0.1688075879,0.6616289614
0,1259,0.14153418805,1.03240820295,0.1108578997,0.7425827737
0,1259,0.8046852957999999,0.7464779242499999,0.5431593382,0.5164212931
0,1259,0.85496149445,0.73171973195,0.5745539325,0.5069694583
0,1259,0.8502095735,0.73254240275,0.5692474396,0.5011232721
0,1259,1.00871121815,0.70151458925,0.6775162345,0.4836208851
0,1259,0.3671239461,1.11832729085,0.2632225894,0.7984536139
0,1259,0.51032688305,1.0295187349500001,0.3525637861,0.7274872865
0,1259,0.5264790497,1.0354510404,0.3579283224,0.7293568386
0,1259,0.9724757275,0.72499929485,0.6529811992,0.4997780095
0,1259,0.9775094163,0.7259183357,0.65599696,0.4973549174
0,1259,0.8595209902500001,0.7583260164000001,0.5779717359,0.5305977396
0,1259,0.8997271664000001,0.71128263,0.6041674014,0.4926231238
0,1259,0.8615821936,0.7102832155500001,0.5786191774,0.4899167979
0,1259,1.0661976609500001,0.67913076075,0.7146577171,0.4659624517
0,1259,1.2728031365999999,0.60928757495,0.8501700452,0.4108717125
0,1259,0.79740973435,0.71995847735,0.5352351597,0.4959243843
0,1259,0.7925627397499999,0.71660955415,0.5321622371,0.4944263399
0,1259,0.7954801941,0.7203141845000001,0.5342714916,0.5012555524
0,1259,0.8547593709500001,0.713536291,0.5737849671,0.4913814132
0,1259,0.8504734875,0.71062377515,0.5700012696,0.4899335125
0,1259,1.0781302166,0.65160922245,0.7209822478,0.4464057381
0,1259,0.6344599050999999,0.79385899735,0.4284173038,0.5568179563
0,1259,0.6810607048499999,0.7708574476,0.4594327789,0.5395957996
0,1259,0.726325624,0.7357681865,0.488429224,0.512805459
0,1259,0.73417405215,0.7364725494,0.4935786323,0.5127618444
0,1259,0.56453372455,0.68953127875,0.3802562375,0.4773275839
0,1259,0.7345575256,0.73100960055,0.493013624,0.5060319117
0,1259,0.83314098175,0.7315918263,0.5583361547,0.5077039858
0,1259,0.8503754749,0.72173864555,0.570105307,0.4990334271
0,1259,0.8359585866500001,0.72590997835,0.5613242897,0.5036234079
0,1259,0.82920901635,0.725424929,0.5561037599,0.5034402004
0,1259,0.7116260862,0.7039935053499999,0.4780366564,0.4866964987
0,1259,0.87568381055,0.71983775365,0.5886299809,0.4977539781
0,1259,1.00663032415,0.6640519881,0.6752932443,0.4541421084
0,1259,1.029377744,0.6587965362,0.6887022584,0.4523561292
0,1259,0.68226183675,0.6912578428,0.4581170297,0.478018105
0,1259,0.68023083065,0.69071716525,0.4566944511,0.4756591291
0,1259,0.67656476295,0.69037249235,0.4541730147,0.4762092739
0,1259,0.67876747475,0.69179081595,0.4548745321,0.4761276597
0,1259,0.6247777451,0.68217398995,0.419193687,0.4729436625
0,1259,0.6332568628999999,0.6826317475,0.42481479,0.472820523
0,1259,0.5895129759,0.6788786709,0.3959376646,0.4672096468
0,1259,0.6213787506499999,0.67332035425,0.4166062721,0.4643534121
0,1259,0.64569674755,0.67973575025,0.4341641921,0.4693609963
0,1259,0.6446147885,0.68199561395,0.4329956822,0.4697691977
0,1259,0.70090149545,0.6426389112,0.4691601247,0.4374426742
0,1259,0.6963237783,0.6400185741,0.4659404036,0.4356039396
0,1259,1.0240427682,0.6728508443,0.686724716,0.4602049312
0,1259,1.1002628412,0.67108621535,0.7373055324,0.4605542399
0,1259,0.69677475385,0.7714756912,0.4706902673,0.5326964642
0,1259,0.92757332285,0.6910177013000001,0.6214543541,0.4770721642
0,1259,0.82593110495,0.72423283985,0.5533109153,0.5012291747
0,1259,0.75299900895,0.7398150086999999,0.5089492697,0.5142730776
0,1259,0.5494945959,0.68810877645,0.3715329698,0.4771511667
0,1259,0.83955727995,0.6834740057,0.5631296611,0.4714595904
0,1259,0.83436356765,0.68260863435,0.5589445087,0.4708079829
0,1259,0.859061345,0.6737834658,0.5754178246,0.4627327506
0,1259,0.9547824708,0.6775413738,0.6387880354,0.4653592904
0,1259,0.9471884051499999,0.6795005709,0.6338073205,0.4659214488
0,1259,1.1273362117,0.62242203695,0.7532159004,0.4235271319
0,1259,1.1353852202999999,0.6233858676,0.7586641956,0.4245454156
0,1259,0.8746712097,0.6927900998500001,0.5858794566,0.4764142887
0,1259,0.92315518845,0.6745913807499999,0.6185952371,0.4645039739
0,1259,1.0784939065,0.64619010695,0.7212972988,0.4423126243
0,1259,0.52766413855,0.6475604185,0.3540806863,0.4389685558
0,1259,1.03492084345,0.65453603715,0.6927585887,0.4490444221
0,1259,0.8614621392,0.69555890955,0.5773733742,0.4779106355
0,1259,1.0283362193499999,0.6537027892,0.6880231257,0.447665208
0,1259,0.8640980460500001,0.66059265725,0.5786382803,0.4526629985
0,1259,1.04914898035,0.6533921982500001,0.7014492345,0.4469471339
0,1259,0.96789830435,0.66679056785,0.6473938937,0.4574510733
0,1259,0.86592090395,0.66417525815,0.5802655539,0.4540718549
0,1259,0.8744016381999999,0.66154382145,0.5852568488,0.4536927735
0,1259,0.6264614456,0.65370546605,0.4203954066,0.4452001989
0,1259,0.8105079344999999,0.66746809605,0.5420083148,0.4546734493
0,1259,0.7709408239,0.6517645506,0.5160712732,0.4458955516
0,1259,0.8791841238,0.66581707405,0.5880852542,0.4549041889
0,1259,0.8753917565,0.6640967127,0.5857253108,0.4543339344
0,1259,0.8715299575,0.664183289,0.5832852822,0.45474083
0,1259,1.00883847295,0.659600229,0.6752770803,0.4521043658
0,1259,0.7590837248,0.6598065495500001,0.5083288662,0.4525499139
0,1259,0.7792153203000001,0.6609813365999999,0.5215173642,0.451001334
0,1259,0.79415643635,0.66249655265,0.5310350189,0.4517134013
0,1259,0.80510813125,0.6626003005,0.5391070245,0.4523669676
0,1259,0.8018802547499999,0.66106327725,0.5362775905,0.4524383963
0,1259,0.7984844931499999,0.66148153355,0.5343520177,0.4535961423
0,1259,0.80693840985,0.6961008929,0.5410377403,0.4798342488
0,1259,0.8011247348999999,0.6618494502,0.5358636452,0.4535014698
0,1259,0.68517414795,0.63162413245,0.4582128381,0.4299101435
0,1259,0.7655306316499999,0.6590908782,0.5120717423,0.449697675
0,1259,0.7318722991,0.6514213023,0.489220819,0.4440281546
0,1259,0.73656207995,0.65151314855,0.4928632775,0.4445466351
0,1259,0.72682501805,0.6463262544,0.4864520735,0.4412011448
0,1259,1.0023810301,0.6716618891,0.671406685,0.458515975
0,1259,0.71017020985,0.65488944765,0.4756642227,0.4484809167
0,1259,0.9113861097,0.66927039805,0.6096346526,0.4590080105
0,1259,0.8349661908,0.6625953384000001,0.5592548574,0.4528987002
0,1259,0.8374995298,0.66184070115,0.560359887,0.4525393367
0,1259,0.7968386188000001,0.66280792705,0.5331961696,0.4535258453
0,1259,0.8205568701999999,0.66194360025,0.5487232794,0.4523390229
0,1259,0.7892444184,0.6619543734,0.5282493746,0.453128134
0,1259,0.82168739475,0.6590680393,0.5497191285,0.4511564662
0,1259,0.79600750775,0.6582319837999999,0.5324562749,0.4495982232
0,1259,0.8031038615999999,0.65594391255,0.537433894,0.4492005957
0,1259,0.77301525235,0.65617615545,0.5174887087,0.4490172609
0,1259,0.7679341003,0.6565736491499999,0.5142972012,0.4494891867
0,1259,0.7696100861999999,0.65751090625,0.5154323546,0.4500074693
0,1259,0.8048893294999999,0.6954156603,0.5401809016,0.4791754592
0,1259,0.80362842125,0.65873255765,0.5376340977,0.4519079503
0,1259,0.8027076795000001,0.6589456661,0.5370595042,0.4514079482
0,1259,0.8833207107000001,0.6641242003000001,0.5906131562,0.4541708366
0,1259,0.799577869,0.65847125995,0.5350422526,0.4512984819
0,1259,0.7688778571999999,0.6575537374,0.5144416486,0.4502015152
0,1259,0.7654892224000001,0.6553559004,0.5121908856,0.4482404246
0,1259,0.7577467418999999,0.6573004723,0.5066635338,0.4491415756
0,1259,0.7649299588,0.65459828185,0.5121002942,0.4481913697
0,1259,0.7467823939,0.6579901723,0.4995700314,0.4493461972
0,1259,0.7869810182000001,0.6620823444499999,0.5265539184,0.4516507217
0,1259,0.79213520215,0.6576578771,0.5301615753,0.449999765
0,1259,0.8067002849,0.6566170678500001,0.5394211938,0.4473098925
0,1259,0.7819431415,0.6553648454000001,0.5231800516,0.4486354372
0,1259,0.7848712493500001,0.6579531897500001,0.5253508763,0.4507536187
0,1259,0.7773926828,0.65898453175,0.5202129298,0.4499656829
0,1259,0.7627000515,0.6532503855,0.510321446,0.4469009076
0,1259,0.7354131726,0.65265142305,0.492620989,0.4463397039
0,1259,0.7584581781499999,0.6507421536,0.5071527151,0.4427222622
0,1259,0.7064503436,0.65518071255,0.4727144404,0.4488224437
0,1259,0.72376642265,0.6499903890500001,0.4845125409,0.4433929347
0,1259,0.72972954245,0.6503036978500001,0.4886137875,0.4441106147
0,1259,0.7477668705,0.63401190185,0.5001733956,0.4326783655
0,1259,0.75887866245,0.6534810598,0.5077685633,0.4459548362
0,1259,0.67498377725,0.6370284921,0.4516226301,0.4346935172
0,1259,0.68878518465,0.6377782325,0.4610018621,0.4355019546
0,1259,0.86257275265,0.66727196085,0.5770483309,0.4576465555
0,1259,0.8502937733,0.6677368352,0.5691107804,0.4582986854
0,1259,0.741134783,0.6349029979499999,0.4954740812,0.4316974285
0,1259,0.90504541495,0.6715158324,0.6060541805,0.4586166542
0,1259,0.88509250505,0.6632803751,0.5922373439,0.4535589262
0,1259,0.8207576711,0.6655124246499999,0.5489026998,0.4549389239
0,1259,0.81086449755,0.65990853465,0.5422153609,0.4502762085
0,1259,0.76714503355,0.65556206515,0.5131152603,0.4470742143
0,1259,0.6024179428,0.6788434789,0.405816658,0.4689533172
0,1259,0.5862251457,0.6860925147,0.3940839482,0.4740577938
0,1259,0.59949314115,0.6861299266,0.4037820517,0.4752827898
0,1259,0.62450618995,0.6871912373,0.4196210043,0.476144766
0,1259,0.61143238275,0.6829230121000001,0.4119823407,0.4720985314
0,1259,0.53583499095,0.8421923446499999,0.3633149005,0.5939183211
0,1259,0.7060296700500001,0.7583548097999999,0.4740435617,0.5262573022
0,1259,0.66718288595,0.66287472005,0.4479510519,0.4517272431
0,1259,0.59404660935,0.6819605525,0.3988787771,0.4723804594
0,1259,0.58872733225,0.6824050559,0.3955448795,0.4720863872
0,1259,0.76906580045,0.73155330435,0.5158073593,0.5060048441
0,1259,0.81152722135,0.66447533715,0.5426961663,0.4552220271
0,1259,0.5832654039,0.6828562448,0.3919643548,0.4704605702
0,1259,0.5840845917499999,0.6839141345499999,0.3923179581,0.4718488573
0,1259,0.47412438160000003,0.6909372623500001,0.3191995354,0.4776169551
0,1259,0.5785930946,0.68103550495,0.3879657288,0.4696400515
0,1259,0.91530587865,0.6860728620000001,0.6135754347,0.4734637732
0,1259,0.71351051425,0.6925072578,0.4783816843,0.4764641712
0,1259,0.89822340055,0.70486050895,0.6038128221,0.4840802749
0,1259,0.8235471360000001,0.74345558825,0.5550882202,0.5123627837
0,1259,0.6249347562500001,0.7332176457499999,0.4217686115,0.5031655851
0,1259,0.6568542396,0.68348347295,0.4399278322,0.4712873519
0,1259,0.6281707147,0.6858626892,0.4218340022,0.474961687
0,1259,0.83405725995,0.7887487098500001,0.5638150145,0.5470283041
0,1259,0.505613021,0.69142113645,0.340495159,0.4792235137
0,1259,0.50833709515,0.70119864445,0.3409903651,0.4781548251
0,1259,0.50150898255,0.69258436685,0.3382310241,0.4784060661
0,1259,0.44733924464999997,0.6926494623,0.3032910777,0.4808862228
0,1259,0.5351328122,0.6911184457999999,0.3595306152,0.4771289676
0,1259,0.5048756489,0.67859830995,0.3393049012,0.4700618335
0,1259,0.50147547895,0.68082069645,0.3376896771,0.4704494029
0,1259,0.21576054249999999,0.6896106077499999,0.1465848122,0.4763042075
0,1259,0.8358775462499999,0.69054538375,0.5620338891,0.4749097151
0,1259,0.82264885865,0.68803362605,0.5518283831,0.4729990295
0,1259,0.8300426377,0.68776775975,0.5564890508,0.4730776403
0,1259,0.8141802474,0.6895555671,0.5453157622,0.4745720284
0,1259,0.87433639445,0.67097704825,0.5862084673,0.4603959737
0,1259,0.81404682095,0.6851560411,0.5456854769,0.4717897034
0,1259,0.7374413835,0.71745468525,0.4953490306,0.4978653651
0,1259,0.7534427106499999,0.70352327715,0.5052487433,0.4846711615
0,1259,0.8461625498500001,0.67686521675,0.5669938847,0.4646635459
0,1259,0.73095330245,0.7181267289,0.4905239309,0.4940399458
0,1259,0.6595575209,0.68580888915,0.4420222452,0.4717177523
0,1259,0.63909125725,0.6835521594,0.4282314179,0.4705148248
0,1259,0.6399688152,0.68210138595,0.4295565716,0.4689888357
0,1259,0.63208159355,0.67951134405,0.4237544319,0.4668774445
0,1259,0.4676219,0.6757467109,0.3142777456,0.4670784112
0,1259,0.37276760524999997,0.6816538138,0.2510776977,0.4706954206
0,1259,0.3408383868,0.6785870798,0.2299473142,0.4673558994
0,1259,0.33444475495000003,0.68117947235,0.2273386657,0.4713881617
0,1259,0.3907443932,0.70288048395,0.2638929544,0.4859985343
0,1259,0.6171451062,0.6823373488,0.4142945268,0.464860334
0,1259,0.6441197293500001,0.68730112255,0.4316966847,0.4709281189
0,1259,0.28997510444999997,0.86666543045,0.2030648993,0.6195254521
0,1259,0.66991526245,0.7102640851500001,0.4514346869,0.4851561455
0,1259,0.57622969805,0.7526405121499999,0.3905591685,0.5192066215
0,1259,0.55451520645,0.7238808542499999,0.3749863341,0.5055737907
0,1259,0.5340105901,0.71679883375,0.3603705552,0.5012896345
0,1259,0.52715734975,0.7159622559000001,0.3556198099,0.5006614012
0,1259,0.5447713294500001,0.7014965688,0.3670473141,0.4875952992
0,1259,0.54052637025,0.7000454036,0.3632740497,0.4865937302
0,1259,0.48761206055,0.7239953100000001,0.3284468105,0.5051826956
0,1259,0.37741688475,0.72206614695,0.2545995385,0.4995831801
0,1259,0.6545275058,0.69500791595,0.4394796486,0.4820562435
0,1259,0.6438068091,0.71313945025,0.432446841,0.4957917123
0,1259,0.6374712575,0.71707906415,0.4283726324,0.4960203625
0,1259,0.8021739987000001,0.6906322865,0.5375663018,0.4758403778
0,1259,0.559710829,0.6850578429,0.37592605,0.4703822834
0,1259,0.5517131778,0.68028406695,0.3702210412,0.4706258201
0,1259,0.5227676493,0.677131083,0.3513907208,0.4705415942
0,1259,0.47136717134999995,0.6769029552,0.3183188915,0.4691918918
0,1259,0.46971543135000005,0.6762792923,0.3158841529,0.468154543
0,1259,0.4282979107,0.6666648820000001,0.288265615,0.4598826532
0,1259,0.43445587875,0.6686622745999999,0.2918168449,0.4570116626
0,1259,0.4851075964,0.6762300626,0.3266809674,0.4681574158
0,1259,0.50828500295,0.68780321295,0.3415253933,0.4749103681
0,1259,0.5012018666,0.6880622237,0.3364188932,0.4746681372
0,1259,0.4151336586,0.66779559735,0.2801753882,0.4616933125
0,1259,0.4903625114,0.6711359674,0.3290623648,0.4613037844
0,1259,0.6057975404,0.6760338622,0.4062430936,0.466691103
0,1259,0.60201083045,0.67600976965,0.4041777757,0.4669424747
0,1259,0.41251994049999996,0.6743148719000001,0.2778924442,0.463211336
0,1259,0.24775717204999997,0.6868352036500001,0.1679290747,0.4726857617
0,1259,0.24292454144999998,0.687372486,0.1646735725,0.4755226702
0,1259,0.3971814106,0.6591463889,0.2674388942,0.4529334352
0,1259,0.38067525235,0.69794008455,0.2584442183,0.4768889567
0,1259,0.4025391874,0.7013792403,0.2725511252,0.4770913598
0,1259,0.4117552366,0.69875909905,0.2783711924,0.4757466195
0,1259,0.5820782725,0.6775423532,0.3912862544,0.462108696
0,1259,0.56661153275,0.67606911945,0.3812783899,0.4610180695
0,1259,0.5626312957,0.67422992785,0.3783399224,0.4604015887
0,1259,0.55679506465,0.67493357255,0.3749851585,0.4600744791
0,1259,0.53111929205,0.6686674326,0.3578207583,0.4582170712
0,1259,0.52537042,0.6658967295,0.353137461,0.4512549256
0,1259,0.32206368525,0.68817909515,0.2188473513,0.4749293025
0,1259,0.62119352595,0.6919306047,0.4199309121,0.4812748368
0,1259,0.59524017345,0.6902896375500001,0.4017825655,0.4791404631
0,1259,0.59928682975,0.6936290935,0.4029706191,0.4802923328
0,1259,0.5980429368,0.6875645731,0.4020216456,0.4743006776
0,1259,0.5777776210000001,0.69069921015,0.3886682748,0.4808029111
0,1259,0.57459823655,0.6896704145,0.3891612767,0.479606382
0,1259,0.5088420731000001,0.7036799764,0.3438609438,0.4904003456
0,1259,0.6803364844500001,0.63446874525,0.4551653371,0.4313384567
0,1259,0.6625412476,0.63651719565,0.4436095496,0.4348109111
0,1259,0.67102381865,0.63240834665,0.4488716649,0.4303558221
0,1259,0.6691105894,0.6384377403,0.447708445,0.4350270254
0,1259,0.6340639606,0.63272063505,0.4245233972,0.4293896409
0,1259,0.83588173415,0.66855891835,0.5587016079,0.4556320567
0,1259,0.7955859212999999,0.66112549985,0.5323548826,0.4528864255
0,1259,0.7780314546,0.65553995675,0.5204283518,0.4476928915
0,1259,0.7755795967999999,0.6549012115999999,0.5188867474,0.4484501404
0,1259,0.7538771548500001,0.65774275575,0.5048768245,0.4500540873
0,1259,0.74262098895,0.6441199145500001,0.4966484689,0.4384861603
0,1259,0.73968310925,0.6445727100499999,0.4953341891,0.4396980981
0,1259,0.7472076697000001,0.65852272605,0.500325778,0.4496774869
0,1259,0.5080226319000001,0.63604305,0.3409545104,0.4298957794
0,1259,0.7611774031,0.65780706775,0.5090956274,0.4481176769
0,1259,0.7578786989,0.65790356835,0.5070711604,0.4490691023
0,1259,0.7040500948499999,0.63431635535,0.4713981033,0.4284371709
0,1259,0.6312347470999999,0.65008558385,0.4232850882,0.4431111373
0,1259,0.3125707175,0.6292176243500001,0.2101107116,0.4229654959
0,1259,0.62147786525,0.6509426633,0.4168183143,0.4396268
0,1259,0.6192096159,0.65046864815,0.4150041262,0.4391616645
0,1259,0.6933661345,0.6273182342,0.463853044,0.4265122518
0,1259,0.56124868635,0.64344708735,0.3762527097,0.4364155109
0,1259,0.57899072895,0.64460672675,0.3878869661,0.4374720553
0,1259,0.58736727885,0.6443180738000001,0.3935697861,0.4386513474
0,1259,0.5856250206,0.64378914875,0.3921131162,0.4383675913
0,1259,0.7266711661,0.6438614915,0.4862977808,0.4401422098
0,1259,0.72383188675,0.64496772255,0.4845076917,0.4408205867
0,1259,0.6979847024,0.63854899675,0.4671647528,0.4342168905
0,1259,0.6539854242,0.62584924435,0.437497355,0.4256129289
0,1259,0.61423507265,0.6282896386,0.4115606073,0.4274798694
0,1259,0.66551218995,0.6162420815,0.4448647573,0.4174550378
0,1259,0.56219442705,0.62201729595,0.3761783553,0.4225105459
0,1259,0.567429284,0.62333141465,0.3797807222,0.4228601157
0,1259,0.6172684669,0.62190506015,0.412762327,0.4212547323
0,1259,0.62140696415,0.61507297485,0.4155735397,0.4172103259
0,1259,0.6640213552500001,0.63319856765,0.4440743379,0.4303964333
0,1259,0.60777990755,0.6308139322,0.4069750287,0.4291192042
0,1259,0.65166324575,0.6300128075,0.4359538403,0.4281244254
0,1259,0.6736445167,0.6216834613,0.450349495,0.4213881878
0,1259,0.6711401994499999,0.6213940247999999,0.4486256783,0.4214483864
0,1259,0.64146001735,0.6105096981,0.4288241957,0.4129518944
0,1259,0.65314239835,0.60773651395,0.4367206015,0.4117873581
0,1259,0.6514585508,0.6081423649,0.4351832586,0.4119043602
0,1259,0.6460638172,0.60858027385,0.4315094762,0.4109666461
0,1259,0.6151206092,0.6075642336,0.411245471,0.4108211394
0,1259,0.5920759244,0.60196521695,0.3958267208,0.4065790683
0,1259,0.6058461131999999,0.6059256106,0.4047660714,0.408979947
0,1259,0.61090800805,0.6053599094,0.4084093629,0.4096411014
0,1259,0.61023499805,0.6061699136500001,0.4079532443,0.4096627781
0,1259,0.60640016355,0.6035935176,0.4052676699,0.408046687
0,1259,0.6356596409,0.6076136356499999,0.4249230888,0.4106241277
0,1259,0.6164378579,0.64921303055,0.4127039896,0.4436016059
0,1259,0.619400351,0.6484574792,0.414756964,0.4429949188
0,1259,0.6693545922,0.6157360083,0.447382667,0.4168218424
0,1259,0.66754745745,0.6148375996,0.4462329661,0.4168113958
0,1259,0.66909560095,0.6023834733,0.4469199359,0.4066375694
0,1259,0.67202686805,0.60881760785,0.4489660039,0.4118960029
0,1259,0.59163501465,0.6054246130500001,0.3951529761,0.4088232621
0,1259,0.41622854884999994,0.62966859165,0.2787820517,0.4262325437
0,1259,0.41920845500000004,0.6233360503500001,0.2810250266,0.4220942483
0,1259,0.60784199195,0.6442356761,0.4072296851,0.4396597068
0,1259,0.61278648475,0.6510708954,0.4102992279,0.4441219778
0,1259,0.59914414585,0.64403000845,0.4021350875,0.4395732611
0,1259,0.6100985592,0.64131571705,0.4086105312,0.4367229025
0,1259,0.60492593365,0.6402550593,0.4054679565,0.4363124812
0,1259,0.64127471915,0.61556337805,0.4289147141,0.4181049477
0,1259,0.6389396096,0.61265582425,0.4274455538,0.4153606223
0,1259,0.5981384514,0.6057445406499999,0.399438933,0.4073842411
0,1259,0.5955704333,0.60516618995,0.3980729284,0.4088036747
0,1259,0.66285901705,0.6081648904,0.4429258125,0.411530502
0,1259,0.6612635572,0.6108003751,0.4418729486,0.4115530928
0,1259,0.63172833675,0.6054990452,0.4222940883,0.4094252482
0,1259,0.62911711665,0.6060970485,0.4203740995,0.4096149848
0,1259,0.61542856335,0.6087986733999999,0.4109839935,0.409450973
0,1259,0.62900000115,0.62549138255,0.4212049289,0.4256778285
0,1259,0.5927775887,0.61235783465,0.39603891,0.4132135821
0,1259,0.6028476111500001,0.61204136755,0.4031011067,0.4133158283
0,1259,0.37948080660000005,0.66021102945,0.2557202912,0.4467331089
0,1259,0.4490364791,0.6664349041,0.3015762002,0.4521453688
0,1259,0.6012446571,0.68131789,0.4036570012,0.4637469862
0,1259,0.5981384514,0.6057445406499999,0.399438933,0.4073842411
0,1259,0.75029719705,0.8254649656999999,0.5066529537,0.5725382816
0,1259,0.7528412630500001,0.8340456183,0.5084506839,0.5733840656
0,1259,0.75029719705,0.8254649656999999,0.5066529537,0.5725382816
