0,1259,0.11856099880000001,0.2405501892,0.0832517786,0.1744974918
0,1259,0.0789010922,0.22505857935,0.0582772296,0.1646284453
0,1259,0.7985152047,0.7649338912,0.5357571098,0.5325295796
0,1259,0.9331274921999999,0.6722012608,0.6242311816,0.460295425
0,1259,0.92774098755,0.67108947995,0.6209509191,0.4608511849
0,1259,0.9585108434,0.67195563475,0.6417432546,0.4606049059
0,1259,0.9562239318500001,0.6710286937500001,0.6397885867,0.4600704311
0,1259,0.91645587345,0.6691863028,0.6139862941,0.4583906156
0,1259,0.9371518625,0.67190309485,0.6275982484,0.4614032623
0,1259,0.9153484209,0.67416614675,0.6128565298,0.4632834233
0,1259,0.9364826916,0.67323873545,0.6266041506,0.4614986977
0,1259,0.9559599444,0.66895536735,0.6401666772,0.4591267101
0,1259,0.99189067025,0.6673865472,0.6635205653,0.4578073028
0,1259,0.9771882671000001,0.66718349115,0.6532230714,0.4576412017
0,1259,0.9724480283000001,0.6663306556999999,0.650373065,0.45665922
0,1259,0.99943080695,0.6625419954,0.6689474065,0.4535681976
0,1259,0.9985251823499999,0.66009676955,0.6677968239,0.4525996659
0,1259,0.89738155025,0.668395233,0.6014261347,0.4592253
0,1259,0.9339201892,0.66579180625,0.6247485764,0.4571404171
0,1259,0.8939600730999999,0.6694790038,0.5983038384,0.458351049
0,1259,0.92003450865,0.6680919546999999,0.6160134061,0.458946506
0,1259,1.16821804285,0.6290743099,0.7811349417,0.4267836026
0,1259,1.0532512555,0.66174981565,0.70607008,0.4518354961
0,1259,1.0599515257,0.6617828530500001,0.7100373124,0.4536654817
0,1259,0.9761893321,0.6764032153,0.654252571,0.462289553
0,1259,1.0415624824,0.668827984,0.6977482672,0.457563505
0,1259,1.1224681894,0.64457147095,0.750774889,0.4406731527
0,1259,1.03754844795,0.6503500138,0.6941600071,0.4445786254
0,1259,1.0445849928,0.6519305264999999,0.6998507622,0.4462691486
0,1259,1.0421186707999999,0.65104020855,0.6969380102,0.4449684147
0,1259,0.9234290946999999,0.6746425365000001,0.6175675008,0.4620326316
0,1259,0.9743298114000001,0.66974154035,0.6522113522,0.4583519631
0,1259,1.13272756555,0.63280192285,0.7574654149,0.4300818597
0,1259,1.1345264713,0.63339470285,0.7579465142,0.4298346667
0,1259,1.1496399544,0.6239217136,0.7678929556,0.4239453882
0,1259,1.1652388715,0.6237208774,0.7787726472,0.4239453882
0,1259,1.1537040972,0.6250162576,0.770834362,0.4242820304
0,1259,1.1537622141000001,0.628554395,0.7712612384,0.4268061934
0,1259,1.22202369405,0.6224729576,0.8162331287,0.419589973
0,1259,0.9917553335,0.67549677565,0.665395001,0.4653173733
0,1259,1.03791052145,0.6760012491,0.6961672815,0.4635680226
0,1259,1.1069891208,0.65096877975,0.7407278912,0.4432711011
0,1259,1.12224881445,0.64780267235,0.7508606593,0.4413948893
0,1259,1.0610771643499999,0.6685889523999999,0.7120020461,0.4577836674
0,1259,0.9936812001,0.67601544995,0.66600071,0.4627101597
0,1259,1.0090300897,0.68028537285,0.6768073698,0.4672165677
0,1259,1.13937796615,0.65458738875,0.7616071817,0.4433723679
0,1259,1.09226114905,0.655401735,0.7312186125,0.4482621014
0,1259,1.1456650257,0.65594275535,0.7655038802,0.4432015985
0,1259,1.0933752157,0.65580647595,0.7320313676,0.4459206235
0,1259,1.138075644,0.65080744485,0.760429304,0.4399903421
0,1259,1.2069147223,0.63232385965,0.8061634198,0.4267013355
0,1259,1.20691780815,0.63230172585,0.8060887715,0.4263050171
0,1259,1.20946650295,0.6240613064,0.8077773213,0.422310232
0,1259,1.21035471445,0.62513371665,0.8083020633,0.4223341287
0,1259,1.21154171505,0.62743662905,0.8091346397,0.4240025109
0,1259,1.20702302105,0.62676908265,0.8064121983,0.4244139841
0,1259,1.29052732545,0.59060015015,0.8618144409,0.3977136803
0,1259,1.2348459187,0.61920362465,0.8248608862,0.4179772917
0,1259,1.0448816119,0.67930963645,0.7009421258,0.4659760323
0,1259,1.21733992265,0.62916416385,0.8137175469,0.4262308811
0,1259,1.2175256093,0.6299812921,0.8137109314,0.4282840444
0,1259,1.2605798495,0.61081506565,0.8415295078,0.4113944349
0,1259,1.23740898195,0.61420375125,0.8261136111,0.4146434623
0,1259,1.2496298445,0.599597492,0.8341682772,0.404894813
0,1259,1.22677759875,0.62747181245,0.8191612121,0.4227017711
0,1259,1.2477306484500001,0.60182072725,0.8330196049,0.4058949457
0,1259,1.23229381205,0.61687795375,0.8228520107,0.4163614079
0,1259,1.24185782795,0.61191391885,0.8292413443,0.4127885355
0,1259,1.2425624312499999,0.6110153142,0.8298696829,0.4120837808
0,1259,1.25047331125,0.59754296955,0.8348147391,0.4032646625
0,1259,1.2495189742,0.5939149259000001,0.8340170704,0.4011849594
0,1259,1.23918731545,0.62845469515,0.8274593373,0.4239927897
0,1259,1.2430767402,0.60906356035,0.830020155,0.4115211001
0,1259,1.2520684037,0.6084938281500001,0.8363607028,0.4106208631
0,1259,1.24933463115,0.6037278871,0.8342056013,0.4073922066
0,1259,1.25501833295,0.6094809026,0.8380538079,0.4103312308
0,1259,1.25709415735,0.6004451040500001,0.8393276777,0.4044119183
0,1259,1.2546715417,0.5959144731,0.8379518278,0.4016387342
0,1259,1.25693729305,0.5956294111,0.8392931455,0.4011153588
0,1259,1.26635634735,0.59128153045,0.8454031359,0.3975987675
0,1259,1.25946394605,0.59083173845,0.8406504803,0.3975307339
0,1259,1.2644531838,0.5867475696,0.8440375722,0.3942010064
0,1259,1.19005361745,0.6156139135500001,0.7952065817,0.4174556907
0,1259,1.195900796,0.61458779495,0.7989841076,0.4161595271
0,1259,1.05208825605,0.6498739746,0.7040658915,0.4435609946
0,1259,1.0565364407,0.65077610505,0.7063303204,0.4423200675
0,1259,1.11116868925,0.6194716521,0.7421467961,0.4188629802
0,1259,1.14602164395,0.59581222685,0.7649512553,0.4016165351
0,1259,1.14816403455,0.59565317715,0.7665442905,0.4019312393
0,1259,1.15911014555,0.5951313687500001,0.7737302153,0.4009294091
0,1259,1.1516037329,0.5944655277500001,0.768694102,0.4007954313
0,1259,1.14872264755,0.59493764935,0.7668468511,0.4008840969
0,1259,1.15677290525,0.59489344715,0.7723135145,0.4014164825
0,1259,1.1565900317,0.5921896024,0.7719142638,0.3987175998
0,1259,1.15466820605,0.5914162918,0.7706330467,0.3982020594
0,1259,1.1573728833499999,0.5994223153,0.7728492775,0.402860988
0,1259,1.15900578015,0.59992727855,0.7740876617,0.4038938969
0,1259,1.22453840035,0.6034716839500001,0.8174918827,0.4073159463
0,1259,1.22080650115,0.60326523275,0.8150039499,0.4064313793
0,1259,1.2283406129999999,0.60069915265,0.8200281606,0.4054762977
0,1259,1.2907486252,0.55570460835,0.8610235806,0.3729373161
0,1259,1.2971442774500002,0.555525449,0.8653437759,0.3725040428
0,1259,1.2991361226,0.55530404605,0.8666883264,0.3725924473
0,1259,1.44750191325,0.60157301195,0.9668695395,0.4060503391
0,1259,1.42115129385,0.595717685,0.9491177985,0.4013629436
0,1259,1.42626756585,0.6001897496999999,0.9526919519,0.4055598706
0,1259,1.4445942309,0.60706358875,0.9647222262,0.4103805257
0,1259,1.4710000282,0.6150319719,0.982751547,0.415768432
0,1259,1.48146680325,0.61905861905,0.9898995599,0.4195114537
0,1259,0.8620380183,0.71998942545,0.5784554802,0.4973874325
0,1259,0.9034974185,0.70551100655,0.6066312352,0.4858001793
0,1259,0.6594952895,0.68746252275,0.4426139944,0.4717735111
0,1259,0.9204499968,0.70967613665,0.6177398678,0.4882907825
0,1259,0.8880532348000001,0.70646850395,0.5958773288,0.4865490709
0,1259,0.43791063890000004,0.80017528115,0.2990328934,0.5658929295
0,1259,0.5741109655500001,0.856686107,0.3926000933,0.6014435392
0,1259,0.49283472115000004,0.88288197,0.3360175853,0.6270373508
0,1259,0.6269673787,0.8390063886000001,0.4250647442,0.5832126314
0,1259,0.62465644165,0.7686877513,0.4212113945,0.5389119382
0,1259,0.7192155230999999,0.77692173945,0.4871463906,0.5354247933
0,1259,0.5597436714,0.760542396,0.380763934,0.5258604614
0,1259,0.27599828105,0.69945177475,0.1884663865,0.4874965787
0,1259,0.29934724635,0.6913581303,0.2036853763,0.4865963418
0,1259,0.3568645845,0.68104307875,0.2415127266,0.4722864399
0,1259,0.35962399905,0.67934139065,0.2425976247,0.4692870865
0,1259,0.3301757463,0.6599257063,0.2229162956,0.4503954304
0,1259,0.15426664095,0.7076634660000001,0.1068686255,0.4901288642
0,1259,0.1491478709,0.7048595949500001,0.103014982,0.4882565699
0,1259,0.7635506303499999,0.6948493494,0.5116339037,0.478465194
0,1259,0.25960468305,0.70584457995,0.1766665227,0.4833479673
0,1259,0.2968072949,0.6902202329,0.200773506,0.4789041084
0,1259,0.29473679725,0.70002823195,0.2003389149,0.4801255787
0,1259,0.3737929904,0.70255004455,0.2522732456,0.4819270973
0,1259,0.325379729,0.69138052525,0.2203391412,0.4788375113
0,1259,0.3132150731,0.697444097,0.2126090776,0.4783947054
0,1259,0.31106379225,0.6909307984499999,0.2109271403,0.4776374565
0,1259,0.15182341625,0.6838901074,0.1043760639,0.4725746358
0,1259,0.15843382935,0.6854665666499999,0.1082580679,0.4711545493
0,1259,0.33859267875,0.69724457505,0.2295577031,0.4791813615
0,1259,0.34343172685,0.6992510982,0.2338548867,0.4815717818
0,1259,0.24843312105,0.9283569278999999,0.1751482091,0.6659707046
0,1259,0.27071294835,0.95805815215,0.1905712327,0.6837329511
0,1259,0.34714164715,0.6626944506,0.2348663855,0.4511248652
0,1259,0.343173972,0.6625495829,0.2315367454,0.4507369316
0,1259,0.3713165927,0.6634466068,0.2503484076,0.4519961128
0,1259,0.7095977986500001,0.70768886435,0.4765583855,0.4896233787
0,1259,0.7394851738,0.7431752925499999,0.49764711,0.5189923353
0,1259,0.350496699,0.70203742245,0.2370280466,0.4814404895
0,1259,0.30968481975,0.6599706267,0.2101532523,0.448837318
0,1259,0.7635596822,0.71068756475,0.512020135,0.4915902149
0,1259,0.78122575405,0.6923333216499999,0.5232746845,0.4775816977
0,1259,0.39509169985000003,0.7022463092,0.2666036565,0.4870532506
0,1259,0.3952296081,0.75939339905,0.268653692,0.5343052427
0,1259,0.55962457205,0.6691527431,0.3757438377,0.462480726
0,1259,0.28831278455,0.65197661685,0.1943566201,0.4480290113
0,1259,0.43240650454999996,0.6652302355499999,0.2921834737,0.4589169943
0,1259,0.7671201696500001,0.6976710189,0.5146146033,0.481309833
0,1259,0.1259767829,0.6834399235999999,0.0868133682,0.4716901994
0,1259,0.51927820995,0.6902979296,0.3499544763,0.4793080006
0,1259,0.5246392196,0.6913274433500001,0.3538810048,0.4791223121
0,1259,0.26375556045,0.8140374803499999,0.1849233121,0.5801208255
0,1259,0.079537623,0.7128470104,0.0576264818,0.496839377
0,1259,0.12366059255,0.7085842043999999,0.0877893061,0.4968350678
0,1259,0.10436805534999999,0.70419519025,0.0742024391,0.4904130121
0,1259,0.052391404399999994,0.71743132875,0.0388730874,0.4974797545
0,1259,0.04245139195,0.7136336665,0.0329127609,0.4972149328
0,1259,0.46459734090000004,0.67664151235,0.312707891,0.4659658143
0,1259,0.47189698305000005,0.67434999865,0.3167268359,0.4645382301
0,1259,0.4680548012,0.6742125343,0.315143166,0.4660953588
0,1259,0.47965886034999994,0.6714464929999999,0.3229417943,0.4638143668
0,1259,0.490276181,0.6840534663,0.3303632726,0.4732800434
0,1259,0.3390997286,0.6717513382,0.2285491286,0.4632493356
0,1259,0.17792705715,0.68873772785,0.1219697651,0.4772925877
0,1259,0.16408031715,0.6918617875999999,0.1131987401,0.4766435918
0,1259,0.13234558094999999,0.6898025642,0.0916957031,0.4769871548
0,1259,0.12904566444999999,0.6854132237,0.0886231479,0.4751596504
0,1259,0.41826095090000004,0.6950353383,0.2831279624,0.482447208
0,1259,0.23855978505000003,0.4589482036,0.1629158849,0.3192048978
0,1259,0.2506437216,0.46199775385,0.1712443774,0.3192233889
0,1259,0.306538204,0.45844095515,0.207082387,0.3178187627
0,1259,0.3252055252,0.45835176730000005,0.2188827652,0.3172050242
0,1259,0.3476040476,0.4638147586,0.2351412468,0.3186987594
0,1259,0.33924392855,0.4570363645,0.2292456351,0.3179161252
0,1259,0.3305987281,0.46187277655,0.2235678994,0.3175053643
0,1259,0.2417103568,0.7034559526,0.164526693,0.4799513318
0,1259,0.5901611521,0.6892917901,0.397067087,0.4768590532
0,1259,0.6036222339,0.69451653335,0.4055076318,0.4817956005
0,1259,0.7795702852999999,0.7171327989,0.5229686584,0.4979985594
0,1259,0.7925594335499999,0.715000188,0.5306741209,0.4928910794
0,1259,0.7827157070499999,0.7131264573,0.5246346643,0.4937604988
0,1259,0.7781250588499999,0.7128814189,0.5212879825,0.4919045274
0,1259,0.271168626,0.76360717125,0.1880279014,0.5386896865
0,1259,0.40610231985,0.7821369827,0.2762274057,0.5526394414
0,1259,0.3997774952,0.7831932007,0.2739144848,0.553703429
0,1259,0.5967581196,0.69405139785,0.4019168736,0.4817305703
0,1259,0.07405817535,0.8655874706,0.0594976847,0.6044125974
0,1259,0.10012467585,0.8623738963,0.0787942629,0.6029909438
0,1259,0.1891047541,0.8009172518500001,0.1334792648,0.5693711295
0,1259,0.19698205705,0.79890993505,0.1362394875,0.5662559493
0,1259,0.20300439455000002,0.7992563056,0.1425089137,0.5697507334
0,1259,0.2068394495,0.7928904003499999,0.1453020522,0.5625759991
0,1259,0.21299073155,0.7991718838999999,0.1466455741,0.564419957
0,1259,0.3093156193,0.77367189585,0.210781297,0.5415226775
0,1259,0.5413638856,0.6753670418,0.363267731,0.4641023016
0,1259,0.53493715435,0.6775832255500001,0.3588627483,0.4654623201
0,1259,0.5182723685999999,0.6737894071999999,0.3489301198,0.4640632574
0,1259,0.51966835005,0.6734075835,0.3496093015,0.4645216026
0,1259,0.7969838865000001,0.70161631315,0.5345386384,0.4841434769
0,1259,0.7924922795,0.7018231561,0.5308789628,0.4836109608
0,1259,0.7214377786,0.6948871923,0.4835491668,0.4786771558
0,1259,0.7543312896500001,0.69632804145,0.5051444121,0.4790798727
0,1259,0.77577356475,0.7099690989,0.5198627589,0.4894554494
0,1259,0.7512239817999999,0.6999953251000001,0.503623527,0.4814872948
0,1259,0.76186474025,0.71672636035,0.5108376653,0.4956014533
0,1259,0.770175973,0.71553002725,0.5166280004,0.4946354463
0,1259,0.7885799312499999,0.7181598316,0.5290749139,0.4959985552
0,1259,0.79992889305,0.71466335005,0.5363441567,0.4957658569
0,1259,0.7834197224999999,0.72014886685,0.5250349436,0.4973803811
0,1259,0.6970458681,0.69795288155,0.4677005158,0.4801937429
0,1259,0.7394778264999999,0.7313030427,0.4970581528,0.5103021892
0,1259,0.7335249208,0.7037736041,0.491493036,0.484991089
0,1259,0.7263993171500001,0.7514324918499999,0.4891849643,0.5229300557
0,1259,0.71804451505,0.7487118672499999,0.4826921811,0.5230286457
0,1259,0.7939934004,0.71921115275,0.533643153,0.4985556251
0,1259,0.71737003565,0.7550071271500001,0.4824294427,0.5266073943
0,1259,0.70972093885,0.75865462765,0.4768334673,0.5283152851
0,1259,0.15371442005,0.7093221923499999,0.1063785625,0.4916925917
0,1259,0.3846438073,0.7306250575,0.2608508904,0.5115079896
0,1259,0.38047739039999995,0.73676479345,0.2600053664,0.5143176063
0,1259,0.47437279285,0.7470700513499999,0.3202809067,0.5235256433
0,1259,0.17862490095,0.7083202315,0.1245417507,0.4966032836
0,1259,0.1999250799,0.94959612145,0.1440017322,0.6904639655
0,1259,0.30455943705,0.79291730045,0.2091857637,0.5600625439
0,1259,0.29215999915,0.7940445553500001,0.2005353075,0.5607524121
0,1259,0.27671710130000005,0.795529215,0.1905539666,0.5619350994
0,1259,0.2416479899,0.7636356383,0.1679343648,0.5364595956
0,1259,0.39193200605,0.7429309724,0.2662273293,0.5221265806
0,1259,0.38136391215,0.91568642605,0.2633354435,0.6570990485
0,1259,0.34331511505,0.9521236268,0.2395705491,0.6900240324
0,1259,0.32538428435,0.99129026645,0.2294011181,0.7128220691
0,1259,0.4981972736,0.8646112345000001,0.3401867206,0.6107868598
0,1259,0.23599004034999999,0.8645103594,0.1662489743,0.6196394508
0,1259,0.22133910480000002,0.8744507692500001,0.1551968422,0.6140597839
0,1259,0.29173558405,0.98992541635,0.2077185137,0.7144206621
0,1259,0.19578922765,0.77735791815,0.1366018549,0.5506928455
0,1259,0.18731080775,0.94817082405,0.1356836665,0.6871074685
0,1259,0.19886710964999998,1.0148926271,0.1420074625,0.7342058954
0,1259,0.8046719238000001,0.7483574006,0.5432169408,0.5165986244
0,1259,0.79537931605,0.7208920781,0.5333970195,0.5012945966
0,1259,1.07811802015,0.65156593435,0.7209578549,0.4464058687
0,1259,0.8223806833,0.7184381686,0.551836612,0.4989135522
0,1259,0.6411060258,0.68398034,0.430349783,0.4693043234
0,1259,1.03039132445,0.65862529875,0.6887624081,0.4520106075
0,1259,0.40673168709999996,0.6769832634999999,0.2740581974,0.4669764262
0,1259,1.175716888,0.6235083542,0.7852580832,0.4231745588
0,1259,0.5584223014,0.61593377575,0.3737192972,0.4188480937
0,1259,0.5558970812,0.6168067209,0.3719433884,0.420200669
0,1259,0.9743548655500001,0.6720621902999999,0.6526520415,0.4618114898
0,1259,0.9653058933499999,0.6718245950499999,0.6462189181,0.4624514755
0,1259,0.23044531225,0.6897138986,0.1578511173,0.4776055944
0,1259,1.22522617835,0.60973188245,0.8179372743,0.4127117529
0,1259,1.2057797692499999,0.6151793107000001,0.8053502519,0.4174196338
0,1259,1.20091325105,0.6148535959,0.8022783299,0.4174414572
0,1259,1.2277932413500001,0.60689530035,0.8197231019,0.4089678171
0,1259,0.63016307415,0.62232018245,0.4214773657,0.4212591721
0,1259,0.8050813137,0.6593357338,0.5390533894,0.4520109992
0,1259,0.8497479445,0.6739924633,0.5687385676,0.4608501402
0,1259,0.86696120405,0.6706868283,0.5806360033,0.460515718
0,1259,0.6289825147,0.6239202119,0.4210479912,0.4229841692
0,1259,0.6253825724,0.6232044883,0.4182658736,0.4232450734
0,1259,0.6224153771000001,0.62355164225,0.4166425676,0.4232303175
0,1259,1.2073813702,0.6141138453,0.8061749198,0.416751446
0,1259,0.6621034237500001,0.61797236715,0.4423982785,0.4181937439
0,1259,0.66551454115,0.61817542325,0.4454440161,0.4186975319
0,1259,0.66268393155,0.61731475285,0.4430975917,0.4188949729
0,1259,0.7664174766499999,0.65767811735,0.5123360677,0.4483411039
0,1259,0.66363466845,0.6524486079,0.4443548567,0.4457402888
0,1259,0.6411271860000001,0.62051918625,0.428936462,0.4207713153
0,1259,0.64377227695,0.6204331323000001,0.4305712297,0.4202944274
0,1259,0.62962878055,0.6174524523,0.4209022213,0.4186261032
0,1259,0.67033197175,0.6203505935,0.4481310043,0.420451889
0,1259,0.62645196765,0.616794185,0.4188467489,0.418158356
0,1259,0.672910304,0.61947798535,0.449934962,0.4208012187
0,1259,0.65471023245,0.6146081658,0.4376559091,0.416579481
0,1259,0.59244218585,0.6099619038,0.3960143701,0.4127682952
0,1259,0.59065988485,0.6096067189000001,0.3949149245,0.4130782984
0,1259,0.6226673149999999,0.6166874989,0.4165472,0.418076089
0,1259,0.6329108146,0.623533924,0.423339458,0.422791168
0,1259,0.61958667785,0.6162884383,0.4143493375,0.4177470206
0,1259,0.5922675412,0.60914471745,0.3958525832,0.4115491753
0,1259,0.6313278370000001,0.6187281796,0.4222448616,0.4194381968
0,1259,0.66414853655,0.6176454534,0.4439419401,0.4179985228
0,1259,0.65850766935,0.61572895685,0.4400351023,0.4172715691
0,1259,0.66898554035,0.61668237505,0.4471400601,0.4185313101
0,1259,0.6566148655,0.62036875505,0.4389003898,0.4175367825
0,1259,0.66767574025,0.61744795495,0.4463131371,0.4185385801
0,1259,0.59988438335,0.6103731739,0.4013232141,0.4131129028
0,1259,0.6698630968,0.6126002614,0.4476690636,0.414754327
0,1259,0.8907937667999999,0.66568172515,0.5964656982,0.4563733745
0,1259,0.89952181025,0.6668603643,0.6033190855,0.4573083464
0,1259,0.67060326085,0.61957755465,0.4481689719,0.4200071455
0,1259,0.66818975595,0.6540034557000001,0.4470282347,0.444946085
0,1259,0.62657910835,0.62240076195,0.4188831913,0.4222449407
0,1259,0.60311895585,0.6113905762,0.4031703437,0.4136102758
0,1259,0.60980717875,0.61333420125,0.4079107853,0.4158702865
0,1259,0.8154624930500001,0.6504316932,0.5455523443,0.4438699532
0,1259,0.68400865035,0.7609464841,0.4619624443,0.5332706362
0,1259,0.6898627353,0.7564767046,0.4647354512,0.528616017
0,1259,0.42121558245,0.8924323294,0.2875300063,0.6280455796
0,1259,0.7588143737999999,0.7406510642499999,0.5092322866,0.5131781419
0,1259,0.71295498705,0.6919422919,0.4780470895,0.4773778582
0,1259,0.6250999228999999,0.7337074613500001,0.421937011,0.5033946271
0,1259,0.6431256436,0.678964529,0.4322142264,0.4689018676
0,1259,0.6301898917000001,0.6831689646,0.4232276326,0.4728085094
0,1259,0.5751220235,0.62322407565,0.3848811976,0.4234929193
0,1259,0.5845060312,0.62496193515,0.3911159446,0.4245489413
0,1259,0.5947259379500001,0.62435374635,0.3978287051,0.4244002077
0,1259,0.57874709345,0.62328949765,0.3877259139,0.4234417309
0,1259,0.6082705214499999,0.6122622546500001,0.4067183395,0.4149546887
0,1259,0.7463320955,0.69057424255,0.4999961794,0.4748167403
0,1259,0.7131671027500001,0.6927116196499999,0.4776131597,0.4777780941
0,1259,0.6402093649,0.68370383125,0.4292826654,0.4684057841
0,1259,0.6406766513000001,0.68216556735,0.430390046,0.4685264425
0,1259,0.6348512942,0.6806860003999999,0.4253327726,0.4679164908
0,1259,0.61691116915,0.6824831444,0.4141290663,0.464875351
0,1259,0.62586146745,0.6837398067,0.4197209271,0.4707571862
0,1259,0.66991526245,0.7102640851500001,0.4514346869,0.4851561455
0,1259,0.54583536115,0.75844523835,0.3715650039,0.5321506287
0,1259,0.5520818639,0.72203004075,0.3738094482,0.5054425551
0,1259,0.3562550549,0.8101516664999999,0.2443259966,0.5776064562
0,1259,0.33994595055,0.8169640338999999,0.2324575093,0.5828177494
0,1259,0.5417233876,0.7019637936500001,0.3647032408,0.4878272141
0,1259,0.5411737382499999,0.7002337037499999,0.3642393341,0.4874589709
0,1259,0.3076760759,0.8779052032,0.2140043978,0.6246064238
0,1259,0.6773477616,0.6959556849999999,0.4549222894,0.48262245
0,1259,0.66138250955,0.7216639523,0.4444922507,0.5015568066
0,1259,0.6596315078999999,0.7245112421,0.4424782168,0.5018384734
0,1259,0.67562497355,0.6101488329,0.4515731095,0.4131204766
0,1259,0.5631279711999999,0.6847119294,0.3781568284,0.4704452242
0,1259,0.5526467955000001,0.6801051034,0.371330626,0.4701639492
0,1259,0.1911371929,0.6849362703999999,0.1311481962,0.476101282
0,1259,0.5077259490999999,0.68758605395,0.3412107832,0.4747818747
0,1259,0.5011614566,0.68840389325,0.3366460708,0.4746296153
0,1259,0.49627912165,0.67141593665,0.3336053293,0.4618214141
0,1259,0.7032147837,0.6853542656,0.471199874,0.470814512
0,1259,0.41025257270000004,0.6635249564,0.2770142984,0.4507409522
0,1259,0.38058590955000005,0.69769700485,0.2580265995,0.4762675137
0,1259,0.40070714545,0.69915097755,0.2709210597,0.4766458117
0,1259,0.41198704295,0.6997408195,0.2779557777,0.4757259874
0,1259,0.7450364042,0.7011424938999999,0.4997985378,0.4834614436
0,1259,0.582703011,0.67586475765,0.3918268666,0.4620990329
0,1259,0.56679999025,0.67539322355,0.3813564179,0.4608054809
0,1259,0.562598233,0.6746017621,0.3785929624,0.4604962612
0,1259,0.5548452459000001,0.67489204725,0.3746224972,0.4602431919
0,1259,0.53070358345,0.6688059808,0.3577314155,0.4582170712
0,1259,0.5255388929,0.6658967295,0.3534744068,0.4512549256
0,1259,0.59883284195,0.68595592525,0.4019879951,0.4741233463
0,1259,0.7543855125000001,0.6909859044,0.5058617996,0.4764240824
0,1259,0.7513273578999999,0.69039364665,0.5033236114,0.4751118571
0,1259,0.76277337725,0.69138352865,0.5113700485,0.4763992717
0,1259,0.7556767218,0.70608263225,0.5072266286,0.4880003667
0,1259,0.75963903155,0.7083586228,0.5091987831,0.4897489992
0,1259,0.6666800387,0.6911678061,0.4477826524,0.478672716
0,1259,0.6672344637,0.68973818695,0.4488153848,0.4777656887
0,1259,0.4487718155,0.9166164359,0.309301733,0.6528770496
0,1259,0.7367472133,0.6936911203,0.4938948588,0.477105071
0,1259,0.77222894745,0.6932055486,0.5176718027,0.4761417626
0,1259,0.54830992205,0.69316023645,0.3701087749,0.4822057607
0,1259,0.53673650095,0.6949046903,0.3616985009,0.4820856246
0,1259,0.73205671565,0.6970518612,0.4905812397,0.4814395016
0,1259,0.1167494924,0.71197608925,0.0817115702,0.4956060237
0,1259,0.50735594065,0.69302717265,0.3423660681,0.4790480105
0,1259,0.69818300525,0.693435113,0.4695030953,0.477450201
0,1259,0.6948794519,0.6930080423,0.4654451976,0.476883864
0,1259,0.6654554691,0.6809053139500001,0.4478280586,0.4721161601
0,1259,0.4728689535,0.6869130962,0.31842528,0.478946809
0,1259,0.48033113559999996,0.6869136838,0.323290055,0.4741827614
0,1259,0.47657094935,0.6863942259,0.3215049621,0.4767416594
0,1259,0.40541990535,0.7111585765,0.2746110061,0.4938997
0,1259,0.8949946423499999,0.67163877595,0.5986666467,0.4595217227
0,1259,0.91887854705,0.66789750085,0.6149127437,0.4588314587
0,1259,0.9121973218,0.67139883025,0.6102428596,0.4603547095
0,1259,0.9065390415999999,0.671002316,0.6067270436,0.4603741664
0,1259,0.9185909168499999,0.6711650220500001,0.6148622357,0.4604018499
0,1259,0.85095789305,0.67018049405,0.5695981983,0.4587639515
0,1259,0.8461309566499999,0.66920491085,0.5660598997,0.4586205717
0,1259,0.83884481505,0.6726712931,0.5613711653,0.4602981672
0,1259,0.70425633275,0.6337236406,0.4713782657,0.4285860352
0,1259,0.6305211066,0.64992411845,0.4228435172,0.4430632135
0,1259,0.6219536011,0.6511630214999999,0.416533975,0.4393879642
0,1259,0.6187369659499999,0.6504072743,0.4143265609,0.4389843332
0,1259,0.8226333559,0.66607438715,0.5514635176,0.4521234309
0,1259,0.81846671865,0.669103644,0.5473728511,0.4527465714
0,1259,0.8818849806,0.6682371627,0.5898212674,0.4596850816
0,1259,0.87692123785,0.6677871747999999,0.5870091729,0.4587569
0,1259,0.8738497847,0.6737025045,0.5853866016,0.4615086686
0,1259,0.7229610882499999,0.64412317915,0.4834949439,0.4386585295
0,1259,0.8644936966000001,0.6702936439,0.5782537242,0.459174634
0,1259,0.6816180689,0.65123209975,0.4569352946,0.4425203813
0,1259,0.8340658562500001,0.6711812143,0.5580131687,0.4596593568
0,1259,0.8498023878500001,0.6684142981000001,0.5687384207,0.4579748404
0,1259,0.84546837965,0.6688997392,0.5657333869,0.4583680248
0,1259,0.6449455626,0.6092305103,0.431410435,0.4119800982
0,1259,0.65200636335,0.6073232851,0.4357648685,0.4107349924
0,1259,0.6502044452,0.6078341244500001,0.4344078276,0.4111272627
0,1259,0.8849601807499999,0.6730937933,0.5927820705,0.4620269512
0,1259,0.8899777054,0.6710180511999999,0.5968393804,0.4613818728
0,1259,0.7632189158,0.6531749087000001,0.5106694128,0.4450458502
0,1259,0.75962903925,0.6528809018,0.5083467935,0.4461311228
0,1259,0.65351637435,0.6075137399,0.4366585905,0.4108087716
0,1259,0.85204462785,0.66671339355,0.5699842239,0.4558926997
0,1259,0.5789369468500001,0.60881636735,0.3869332903,0.4115182273
0,1259,0.6414955781,0.6252222517,0.4292491618,0.4247760246
0,1259,0.6626581427,0.62595788915,0.4431673908,0.4248550271
0,1259,0.6179382441,0.60705088965,0.413042111,0.4102638501
0,1259,0.61808658555,0.6067843050999999,0.4130037583,0.4100597494
0,1259,0.6194505329,0.6069667291,0.4141211312,0.4097722064
0,1259,0.59166572625,0.60549310365,0.3952094031,0.4082336813
0,1259,0.41689553420000003,0.6304274728,0.279257861,0.4272086492
0,1259,0.52627876315,0.64411808645,0.3525977305,0.4387603839
0,1259,0.528104413,0.6442054462,0.3537900456,0.4385263798
0,1259,0.8553903545499999,0.6657035324,0.5728900695,0.4571425064
0,1259,0.6397949052999999,0.6506085675,0.4283285488,0.4437933012
0,1259,0.8628363727999999,0.66640260675,0.577562346,0.4569626941
0,1259,0.854612646,0.66324675005,0.5716132608,0.4546794561
0,1259,0.8640079685500001,0.6601982976,0.5782550467,0.4524438808
0,1259,0.8621050989000001,0.66899408515,0.5770819814,0.4590030483
0,1259,0.415574054,0.62167627935,0.2783041852,0.4205286927
0,1259,0.41980125455000006,0.6244037571000001,0.2813574171,0.4236383158
0,1259,0.7349857786,0.6530549032499999,0.492411004,0.4463472371
0,1259,0.75078498235,0.6599996161,0.5028219397,0.4493622604
0,1259,0.6727814328,0.64309007435,0.4501239338,0.4380133205
0,1259,0.649608508,0.6358347706,0.4344373636,0.4327302068
0,1259,0.64792723205,0.6351956990000001,0.4336742761,0.4332444414
0,1259,0.6391190299,0.63636075765,0.4276383462,0.4333455123
0,1259,0.6538867503,0.60675237765,0.4368882662,0.4104539785
0,1259,0.6485498398,0.6073116632,0.4332713518,0.410126216
0,1259,0.88190569985,0.6639765766,0.5905380671,0.4560351654
0,1259,0.37948080660000005,0.66021102945,0.2557202912,0.4467331089
0,1259,0.8277272188,0.6669346657999999,0.5554666046,0.4583650214
0,1259,0.8563001671499999,0.6710786416,0.5731438443,0.4594617852
0,1259,0.89143209775,0.6602511182499999,0.5963169895,0.4520222293
0,1259,0.66415985135,0.627968797,0.4447042929,0.4277164852
0,1259,0.66095056345,0.6291945765,0.4423234833,0.4279092252
0,1259,0.63978785195,0.6100456073,0.4278162971,0.412636929
0,1259,0.63724187565,0.6105984289999999,0.4258357667,0.4127269004
0,1259,0.7216036065,0.6479413511000001,0.4829386086,0.4421070872
0,1259,0.6217042347,0.60632674345,0.4156702298,0.4100639281
0,1259,0.60010186255,0.606167302,0.4012209401,0.4097129218
0,1259,0.6038594773,0.6041140200999999,0.4037655938,0.4083538174
0,1259,0.6052391036,0.5970465987,0.4045452568,0.4023489994
0,1259,0.61603772555,0.6356973323,0.4122117225,0.4321210386
0,1259,0.6129348262500001,0.6346695162,0.4102729247,0.4325420372
0,1259,0.5126136475999999,0.60515169525,0.3428756748,0.4074623295
0,1259,0.6498159949,0.6485200936,0.4348352918,0.4431621952
0,1259,0.7731570546500001,0.69310898275,0.5176271313,0.4748392005
0,1259,0.88280236075,0.8345238773000001,0.5949837537,0.585892449
0,1259,0.71540971025,0.6886923504,0.4800775813,0.473382812
0,1259,0.7167097364,0.68707678155,0.4802071872,0.4732827857
0,1259,0.15233151685000001,0.6854131583,0.1049847853,0.4756264834
0,1259,0.75489754375,0.6955017143,0.5054992853,0.4774891146
0,1259,0.78981383185,0.69649871295,0.5298034693,0.4782916757
0,1259,1.0361999298,0.71024985165,0.6955530496,0.4898675683
0,1259,0.84637547375,0.7332912291,0.5689608961,0.506852848
0,1259,0.52537997155,0.6696553558,0.3536949719,0.4575258972
0,1259,0.481173952,0.66746728265,0.3229007378,0.4539750991
0,1259,0.8535658803,0.72673023345,0.5751856508,0.5002795775
0,1259,0.5516264065500001,0.6784377586,0.3702050241,0.4634361994
0,1259,0.7993453729000001,0.6632213517,0.534663689,0.4518608292
0,1259,0.6672344637,0.68973818695,0.4488153848,0.4777656887
0,1259,0.6194505329,0.6069667291,0.4141211312,0.4097722064
0,1259,0.53339466835,0.62251311835,0.3567855279,0.4217928635
0,1259,0.5346046168499999,0.6214561169,0.3574820491,0.4208052668
0,1259,0.5576294207,0.62368646895,0.3735774214,0.4237804623
0,1259,0.62433228,0.6065627715999999,0.4174875038,0.4109261654
0,1259,0.6902116572,0.62858220915,0.4617887548,0.4267437749
0,1259,0.7088131101499999,0.643485544,0.4745722713,0.4385791352
0,1259,0.67906694955,0.65554374365,0.4550135425,0.4494985887
0,1259,1.116986846,0.66344112235,0.7480675208,0.4525907863
0,1259,1.1243404355,0.6566322808,0.7528520636,0.447395163
0,1259,0.651096808,0.6847151287,0.4364010688,0.4666618526
0,1259,0.62749314945,0.78888627875,0.4244581535,0.5535627915
0,1259,0.5095615178499999,0.9096515479999999,0.3490268099,0.6456581784
0,1259,0.4521910512,0.9163170255499999,0.3064114878,0.6417272153
0,1259,0.5095615178499999,0.9096515479999999,0.3490268099,0.6456581784
