0,1259,0.11856099880000001,0.2405501892,0.0832517786,0.1744974918
0,1259,0.07197973065,0.22157571765,0.0516523029,0.1619892145
0,1259,0.796895205,0.76530161205,0.53582397,0.5326175923
0,1259,1.0705393103,0.6737285557,0.7168971652,0.4595662514
0,1259,1.0668516416,0.6727503609,0.7143877784,0.4579206486
0,1259,1.1102946579,0.71845076985,0.7461589938,0.4935626661
0,1259,1.1634558358,0.7325248394,0.7815966442,0.5068854936
0,1259,1.19263625665,0.7412715931,0.8015903315,0.5154455794
0,1259,1.16945848265,0.7210991169000001,0.7856039927,0.5005467496
0,1259,0.6192650143,0.6857370687,0.4167045786,0.46775718
0,1259,0.7317545223999999,0.7392395962,0.4922030762,0.5068242504
0,1259,0.97114366735,0.70630756085,0.6523963565,0.4847030237
0,1259,0.9738811135,0.7042909074,0.652615599,0.4829175668
0,1259,1.06808855455,0.6479358014000001,0.7139362151,0.4413911024
0,1259,1.0635190665,0.6466762662000001,0.7111335252,0.442174729
0,1259,1.13384897945,0.6358051936,0.7578752457,0.4312819144
0,1259,1.1305181678,0.6356554806,0.7553504296,0.4315745502
0,1259,1.0580319042,0.648155572,0.7076972066,0.4422140344
0,1259,1.09102328085,0.6418095806499999,0.7299237295,0.4380310797
0,1259,1.06931988375,0.64381872565,0.7151886309,0.4407440653
0,1259,1.09461918215,0.6424591641499999,0.7317990469,0.4377797081
0,1259,1.0987846438,0.6417717117499999,0.7345031364,0.4378096115
0,1259,1.1343253765499999,0.62770671755,0.7581691365,0.4258812763
0,1259,1.1267935422500002,0.6355208499,0.7530666039,0.4325264978
0,1259,1.13049289315,0.63533379025,0.7554506463,0.4319084501
0,1259,1.1553728828,0.62910858785,0.7722980852,0.4280109491
0,1259,1.11725406625,0.6295583799,0.7463207807,0.4272521332
0,1259,1.11594515,0.6292836339,0.7456291086,0.4271779622
0,1259,1.1180836466000001,0.6380474287,0.7477595232,0.4353840384
0,1259,1.10289962985,0.63988825255,0.7372247125,0.4371975705
0,1259,1.1146514425,0.6389588304,0.7450998112,0.4345852642
0,1259,1.1052244533,0.6383618065000001,0.7388299442,0.4349636928
0,1259,1.1697808808499999,0.6293926705,0.7817666601,0.4274362548
0,1259,1.1954677479,0.62775646955,0.7989459018,0.4256462275
0,1259,1.1998976378,0.6263167304,0.8016986302,0.4252224868
0,1259,1.15893403155,0.63719433205,0.7748830021,0.4333111691
0,1259,1.19241297305,0.6312607861,0.7970351705,0.4264023012
0,1259,1.1993560705,0.6301969291,0.8019997214,0.426539413
0,1259,1.25543097405,0.59493063065,0.8379283533,0.4010844761
0,1259,1.2062681625,0.6283909708,0.8063097774,0.4257710646
0,1259,1.24489379375,0.6072633476,0.8311946897,0.4103834638
0,1259,1.21073545005,0.6270208320499999,0.8093321507,0.4235865471
0,1259,1.2212870127,0.62123784795,0.8161871544,0.4196150057
0,1259,1.2424882973,0.6128234925,0.8297181822,0.4135382106
0,1259,1.2424764681,0.6125201489000001,0.8296959934,0.4129153312
0,1259,1.24987619845,0.61231075955,0.8349169641,0.4131651359
0,1259,1.16490199915,0.6202716015,0.7781532723,0.4214636646
0,1259,1.16810033955,0.6215503976,0.7805606791,0.4221536634
0,1259,1.17129478605,0.6211875736,0.7826399567,0.4219472122
0,1259,1.16518259145,0.61986725225,0.7782274797,0.4196800359
0,1259,1.1724864399,0.6205633232000001,0.7831688132,0.4213040926
0,1259,1.2149856992499999,0.6110301353500001,0.8117023803,0.4133445565
0,1259,1.21044391035,0.60953071985,0.8083484981,0.4122746927
0,1259,1.2299446692,0.5992408054,0.8210182788,0.4040239572
0,1259,1.22633150185,0.60244393305,0.8187169667,0.4062567903
0,1259,1.2238211598,0.60277789825,0.8170830806,0.4067481729
0,1259,1.219607353,0.6056389645,0.8142411562,0.4092070446
0,1259,1.2211876774500001,0.6028048635000001,0.8152467037,0.4062225776
0,1259,1.21699135725,0.605522093,0.8125981595,0.4087534004
0,1259,1.2205369297,0.6087682476,0.8149353264,0.4111660458
0,1259,1.25559582835,0.591911853,0.8383691527,0.3991140488
0,1259,1.25046383315,0.59231737755,0.8347482707,0.3988483131
0,1259,1.259458803,0.59150058295,0.84084533,0.3987083285
0,1259,1.25972683135,0.5921380875,0.8410451757,0.3992450232
0,1259,1.265478128,0.5910624781,0.8445936136,0.3986832566
0,1259,1.2654169987500001,0.5909222322500001,0.8448681077,0.3983385183
0,1259,1.26795922795,0.59496174185,0.8466233707,0.4007212603
0,1259,1.29051792085,0.5901338394,0.8617691817,0.397766958
0,1259,1.2952749114,0.58900593155,0.8649271856,0.3968376011
0,1259,1.29780281335,0.59594326655,0.8666617293,0.4018287319
0,1259,1.26526608585,0.5914153125,0.8449471643,0.3987347062
0,1259,1.27066963615,0.5907486226,0.8482045033,0.397146168
0,1259,1.2610049626,0.58840185615,0.841477783,0.3954858093
0,1259,1.27355865645,0.589877375,0.8500308879,0.3968518346
0,1259,1.2974541853,0.5739176917,0.8655086486,0.3844856558
0,1259,1.0544739882999998,0.67635809895,0.7087309676,0.4624495167
0,1259,1.0093432304499999,0.67521967925,0.6766527833,0.4613330349
0,1259,1.10424116805,0.6772030994,0.7404761737,0.4635659986
0,1259,1.1451867,0.59926829305,0.7649530186,0.4050710997
0,1259,1.15081456255,0.59943361075,0.7683894841,0.4050710997
0,1259,1.1573728833499999,0.5994223153,0.7728492775,0.402860988
0,1259,1.15903007595,0.59992727855,0.7741038589,0.4038938969
0,1259,1.28851446705,0.55602799635,0.8595206229,0.3733863899
0,1259,1.29668926105,0.55546688265,0.8649700937,0.3723479965
0,1259,1.29896265355,0.55510209995,0.8665212495,0.3724643457
0,1259,1.2380301203,0.7378625367,0.8321169192,0.5102660178
0,1259,1.44785303935,0.60473996815,0.9670380859,0.4107167109
0,1259,1.47629087145,0.60972437395,0.9861861023,0.4128215729
0,1259,1.4792790064,0.6153321161499999,0.988499317,0.4163316351
0,1259,1.48854259245,0.6134415402,0.9941675895,0.416449943
0,1259,0.38579549194999996,1.00498003135,0.2691164231,0.7254932891
0,1259,0.45875491970000004,1.0715659630999999,0.3183628282,0.7781562354
0,1259,0.2728321951,1.2564476499000001,0.203166659,0.9018869718
0,1259,1.2372593915499999,0.7184002996,0.8311661823,0.4940065166
0,1259,1.2279203491,0.7179103534,0.8231010832,0.492950364
0,1259,0.47458784754999994,0.79327431345,0.3220120707,0.5576047169
0,1259,0.57377747295,0.8574961112,0.3927413079,0.6026655318
0,1259,0.60075797385,0.8311146249,0.4047211799,0.585944682
0,1259,0.6245098635499999,0.83421374345,0.4228185365,0.5795531827
0,1259,0.6116188565,0.81530883325,0.4156868346,0.5730714507
0,1259,0.62444939555,0.7688529383,0.4209513011,0.5389119382
0,1259,0.7192155230999999,0.77701144975,0.4871463906,0.5354247933
0,1259,0.9746032032999999,0.66225967565,0.653926646,0.4533080769
0,1259,0.56530577575,0.76117839885,0.3814365031,0.5274813841
0,1259,0.30651932155,0.8370286487999999,0.2095889819,0.580069376
0,1259,0.27481475815,0.6995708276,0.1873634877,0.4874987334
0,1259,0.29663378905000004,0.69183789105,0.2019573717,0.4868065799
0,1259,0.20053310324999998,0.6893326625,0.1386321263,0.483835563
0,1259,0.1937116399,0.6924889761999999,0.1332913216,0.4837522512
0,1259,0.14988906359999998,0.6845005161,0.102514192,0.47189652
0,1259,0.328237727,0.65995848025,0.2212281238,0.4511066749
0,1259,0.1504912091,0.7078524844,0.1046196994,0.490570103
0,1259,0.14663484715,0.70482923445,0.1015284087,0.4873462781
0,1259,0.5403429824,0.6770383694,0.3642859158,0.4685648338
0,1259,0.4365341278,0.68515904445,0.2948941758,0.4756275281
0,1259,0.446015193,0.6843532841,0.3010003456,0.4726289582
0,1259,0.1430030177,0.69690253985,0.100391492,0.4846994979
0,1259,0.14169028085,0.6982768572,0.0976985703,0.484149092
0,1259,0.4008607034,0.70034169555,0.2707394352,0.4849191379
0,1259,0.25960468305,0.70584457995,0.1766665227,0.4833479673
0,1259,0.29020878445,0.68870684505,0.1972557797,0.4772007881
0,1259,0.29340194505,0.7008053947,0.2002930679,0.4812254766
0,1259,0.37196104630000004,0.7027523171000001,0.2507844436,0.4817424534
0,1259,0.3217457405,0.69238163965,0.217260615,0.4785511549
0,1259,0.31343833639999996,0.6974443491,0.2128320782,0.4783104506
0,1259,0.3080916742,0.6923378268,0.2078287962,0.4788620608
0,1259,0.15253405245,0.68339454615,0.1040192967,0.4714787861
0,1259,0.1585353686,0.685136976,0.10802369,0.4704588048
0,1259,0.3335332281,0.7010020985,0.2294766376,0.4829280498
0,1259,0.34324300155,0.69909126975,0.2338548867,0.4813958565
0,1259,0.4541632429,0.6793701841,0.3062634896,0.4687466048
0,1259,0.4433549667,0.683997381,0.2984101388,0.4720263192
0,1259,0.34537404075,0.6684979362,0.2337469553,0.460780409
0,1259,0.514035418,0.70607362195,0.3466958148,0.4929280343
0,1259,0.50407171055,0.70831912155,0.3398203857,0.4928465507
0,1259,0.4044236889,0.6691776844,0.2725389288,0.4624640114
0,1259,0.3465476571,0.66250621575,0.235062925,0.4513250485
0,1259,0.3429313486,0.6626028142,0.2315982826,0.4510054474
0,1259,0.37137140335,0.6636202165,0.2504580289,0.4519267734
0,1259,0.38231619185,0.6646211327,0.2584894775,0.4571683618
0,1259,0.3739691779,0.6651697758,0.2523193864,0.4578663262
0,1259,0.3508163112,0.7021708977,0.2372411214,0.481529473
0,1259,0.30983114065,0.65995130045,0.2104458941,0.4487986655
0,1259,0.45008807910000004,0.6681110851000001,0.302794843,0.4600999428
0,1259,0.44676454114999997,0.66900289945,0.3000929577,0.4619235297
0,1259,0.4668349706,0.6764351754,0.3136491132,0.4662612902
0,1259,0.12702347515,0.6828810298000001,0.0881128065,0.4713645262
0,1259,0.3150047948,0.63009546635,0.211652169,0.4251672503
0,1259,0.23855978505000003,0.4589482036,0.1629158849,0.3192048978
0,1259,0.250678695,0.4625570026,0.171267693,0.3195962214
0,1259,0.306538204,0.45844095515,0.207082387,0.3178187627
0,1259,0.3252055252,0.45835176730000005,0.2188827652,0.3172050242
0,1259,0.34708209754999997,0.4638147586,0.2347932801,0.3186987594
0,1259,0.33785315395,0.4577454066,0.2276444591,0.3184378552
0,1259,0.32691714545,0.4562474928,0.2199539973,0.3178382196
0,1259,0.241304943,0.70292494235,0.1637510718,0.4774900689
0,1259,0.1716209681,0.7085292291,0.1202540304,0.4951711834
0,1259,0.3209217724,0.7547204329499999,0.2209743862,0.5304957545
0,1259,0.7281013124,0.7500602639,0.490130852,0.5253692094
0,1259,0.72142249625,0.7575788223,0.4851899593,0.5274624496
0,1259,0.7369780645999999,0.74190759605,0.494693948,0.5154010507
0,1259,0.72849630165,0.74424150015,0.4891795273,0.5173451655
0,1259,0.36989012005,0.8120829843,0.2528328137,0.5768381078
0,1259,0.40429760974999995,0.78733508715,0.2747525145,0.5555426859
0,1259,0.31667512335000003,0.8187434186,0.2201891099,0.5802138004
0,1259,0.41680350955,0.7845824697500001,0.2840605515,0.5548687487
0,1259,0.3104317433,0.7544283848,0.2118614928,0.5303232548
0,1259,0.10317915675,0.8471680014,0.0783397607,0.6028795568
0,1259,0.17581287995,0.8033793881,0.1231213763,0.5714050852
0,1259,0.18682140605,0.8007070137500001,0.1317230467,0.5694285859
0,1259,0.196355041,0.79966809805,0.1363416146,0.5666845217
0,1259,0.2036059156,0.7989876970500001,0.1430158754,0.5695232583
0,1259,0.2134234124,0.79144870245,0.1497628742,0.5628668067
0,1259,0.23526497494999998,0.7950508907,0.1627576247,0.5608227962
0,1259,0.1845690268,0.7149864768,0.1291562042,0.5027456312
0,1259,0.31535437795,0.7832345954,0.2151882635,0.5479089536
0,1259,0.55799237595,0.84802723535,0.3785754759,0.5940686217
0,1259,0.56153530335,0.8411198691499999,0.3800995937,0.5907062485
0,1259,0.5645367369000001,0.82721842975,0.3816059312,0.5832478887
0,1259,0.55106790905,0.8385841682,0.3728983657,0.5914208902
0,1259,0.2315447946,0.7185077038,0.1592251304,0.504668461
0,1259,0.21670598925,0.71962359805,0.1499317879,0.5058407017
0,1259,0.68811408495,0.78235727575,0.4642399513,0.5479203143
0,1259,0.68144482025,0.7822864347,0.4585246563,0.5453769556
0,1259,0.26720661025000003,0.8350899532,0.1856401853,0.5940922572
0,1259,0.39941431959999996,0.7754050544,0.2722081546,0.5476709014
0,1259,0.3516065101,0.8045849272500001,0.2411036306,0.5696241987
0,1259,0.335571312,0.99745749015,0.2349204614,0.7108631985
0,1259,0.31520397935,0.9892907193,0.2208396373,0.7136830006
0,1259,0.42223531020000005,0.9079499251500001,0.287277701,0.6431875543
0,1259,0.244411078,0.9549511986000001,0.1712590048,0.682665046
0,1259,0.2557426636,0.9766133618999999,0.1807784962,0.7011700468
0,1259,0.20644809715,1.02727741405,0.1463955465,0.7355288285
0,1259,0.18730808925,1.0240462764,0.1361541857,0.7352175194
0,1259,0.1755265201,1.01581330025,0.1278331076,0.7299845495
0,1259,0.8044626735,0.74641198,0.5427140936,0.5162894046
0,1259,0.8996545019,0.7349122824000001,0.605366329,0.5093694372
0,1259,0.8920234061000001,0.7368392256,0.5976380288,0.5045784896
0,1259,1.48752668525,0.7185152124,0.9977367467,0.4956779748
0,1259,0.2181626592,1.21704047695,0.1673796458,0.8766587917
0,1259,0.2515803612,1.20818951835,0.1808582876,0.8578659867
0,1259,0.8810453344,0.83264100575,0.5952488432,0.5872330107
0,1259,1.0703848706499999,0.7230208368,0.7183842529,0.5009370612
0,1259,0.8986158182999999,0.7151766052,0.6055619134,0.4943050286
0,1259,1.25987914035,0.68533533105,0.8442428549,0.4695980039
0,1259,1.28022233725,0.5950867748,0.8547307901,0.39991439
0,1259,0.73077513115,0.738729573,0.4901293825,0.5097467558
0,1259,0.7239936003,0.73954176455,0.4866558868,0.5132974945
0,1259,0.7954800471,0.7204226117,0.5342714916,0.5012555524
0,1259,0.9596504051,0.7236388192500001,0.6439706532,0.5000638549
0,1259,0.96311993335,0.7172766357,0.6462603567,0.4937048706
0,1259,1.07813029005,0.65165257595,0.7210799665,0.4464057381
0,1259,0.26115863075,0.96535818045,0.1852600375,0.6927931685
0,1259,0.4632489514,0.86932396305,0.3160822354,0.6164408283
0,1259,0.64098516315,0.7814628497,0.4328917917,0.5490387548
0,1259,0.64872374965,0.7852296374500001,0.4384651375,0.5541711761
0,1259,0.39444109895,0.7018469221,0.2656612955,0.4869745092
0,1259,0.67809688935,0.77656038455,0.4568322859,0.5416375903
0,1259,0.9311058906,0.7371695997500001,0.6245901692,0.5122530943
0,1259,0.9952906933,0.7300062915000001,0.6695365106,0.506905081
0,1259,0.84050074295,0.72600086395,0.5636455865,0.5040574647
0,1259,0.8342670245499999,0.72534207435,0.5593101089,0.5042478543
0,1259,0.6105623925,0.6770642900499999,0.4101127542,0.4694576275
0,1259,1.24188912735,0.7279294394,0.8334519183,0.5038007392
0,1259,1.03602800365,0.65620729945,0.6935090389,0.4457274917
0,1259,1.0303614211,0.65894202705,0.6887701962,0.4520026419
0,1259,0.56978680275,0.68018658695,0.3833586961,0.4718192151
0,1259,0.57199509845,0.68528002935,0.3844090619,0.4733549979
0,1259,0.5641633487,0.6859548805,0.3805517448,0.4749708278
0,1259,0.5641587933000001,0.68295369905,0.379641271,0.4721912451
0,1259,0.48490363615,0.6905972904,0.3273381073,0.4794533392
0,1259,0.48195730709999995,0.6894915162999999,0.3246209396,0.477655477
0,1259,0.44587544795,0.694648683,0.3000983947,0.4804581728
0,1259,0.5717611614,0.67441737935,0.3841859988,0.4656495757
0,1259,0.51421704245,0.6915742445999999,0.3461327199,0.4794247416
0,1259,0.51491731085,0.69108090325,0.3464299905,0.4779405389
0,1259,0.67164642645,0.6299802272,0.4490876747,0.428525706
0,1259,0.67948258465,0.6276577490499999,0.4541849173,0.4263184671
0,1259,1.0440803185499998,0.6705672798,0.7001891775,0.4598718148
0,1259,1.1147311604,0.67052777865,0.7469993746,0.4601051661
0,1259,0.6601098153,0.8059829454,0.4462364928,0.5645160658
0,1259,0.99266404395,0.67277615105,0.6642162049,0.4619359351
0,1259,0.8390533306000001,0.7239520872,0.5633572796,0.5011487358
0,1259,0.7453159679000001,0.70391091185,0.5005266524,0.4862401123
0,1259,0.33339953224999996,0.6866297970499999,0.2262083615,0.4746053269
0,1259,0.82492548395,0.66404545895,0.5516720331,0.4557913675
0,1259,0.8216393437,0.66390540905,0.5500738548,0.4561051577
0,1259,0.7847451702,0.6600154165500001,0.5256941408,0.4502711157
0,1259,1.0626348224,0.67079064145,0.710875636,0.4594671391
0,1259,1.06243578485,0.67137930815,0.7106885745,0.4593060001
0,1259,1.13031861585,0.6307470739500001,0.7554206695,0.4292544879
0,1259,1.1358292894,0.6308483408000001,0.7590735856,0.4297552724
0,1259,0.68933630335,0.6942856631500001,0.4624220895,0.4793087841
0,1259,0.8274354586000001,0.7010149146,0.5549680188,0.4843175436
0,1259,1.11343598355,0.64156545635,0.7445777141,0.4382931591
0,1259,1.0845388001,0.6433638409,0.7253150804,0.438820452
0,1259,0.81331187345,0.7323892293,0.5457064901,0.5067547804
0,1259,1.07993837985,0.6438553541,0.7225234113,0.4396337208
0,1259,0.7779321929,0.6571653192,0.5205968982,0.4495983538
0,1259,1.06461417745,0.6523747487,0.7117266857,0.4434621958
0,1259,1.0348483993,0.6696275416999999,0.6941730852,0.459299471
0,1259,0.7712240612000001,0.6607727308,0.5161628202,0.4501986424
0,1259,0.87006425045,0.65993719755,0.5821989147,0.4528391545
0,1259,0.4655264602,0.6393588075000001,0.3127082702,0.4335947978
0,1259,0.8318667446,0.67108830475,0.55649919,0.4587213815
0,1259,0.8204185210999999,0.6583732089000001,0.5492941624,0.450743825
0,1259,0.7900734843999999,0.65968249605,0.528283172,0.4501132413
0,1259,0.7858888464,0.6575225934,0.5255524854,0.4489673784
0,1259,0.7846909473999999,0.6590120846,0.5250302414,0.4503381046
0,1259,1.07553839325,0.6463393629499999,0.7193182379,0.4414207447
0,1259,0.6796319546,0.64939218995,0.4556248354,0.4435833243
0,1259,0.72703007055,0.649290126,0.4863699389,0.442295905
0,1259,0.7560396511,0.65247142235,0.5056015484,0.4446792361
0,1259,0.7454983464,0.65641686225,0.4986921986,0.4469834665
0,1259,0.7416333575,0.65357070745,0.496464744,0.4466931299
0,1259,0.72128135515,0.6482919003,0.4830355925,0.443631901
0,1259,0.6613586309,0.6834539612499999,0.4433682652,0.4725333717
0,1259,0.7255881049499999,0.6487622591,0.4855349871,0.443631901
0,1259,0.599673884,0.62469247775,0.4012437166,0.4248836247
0,1259,0.7655737161,0.6581354179000001,0.5119304004,0.4492627564
0,1259,0.6965794634,0.6410196208,0.465912484,0.4365595436
0,1259,0.6992742954,0.64105846915,0.4679597276,0.4365152761
0,1259,0.6720624345,0.6350323548,0.4499737668,0.4332376804
0,1259,1.0851125484500002,0.67300643355,0.7271452855,0.4617098965
0,1259,0.61354692735,0.6438979134,0.4104473489,0.4396958782
0,1259,0.8708391671,0.6670219604000001,0.5830860242,0.457085703
0,1259,0.76734668595,0.6586301956,0.5137601157,0.4497553142
0,1259,0.7703135874,0.6592283295,0.5153913568,0.4497295894
0,1259,0.74278153015,0.6560373628,0.4970538319,0.4480516922
0,1259,0.7561720749,0.65919352925,0.5060933856,0.4502653701
0,1259,0.7303558958999999,0.65148314495,0.488730756,0.4454280657
0,1259,0.7582891174999999,0.6559475705,0.5072751206,0.448795401
0,1259,0.7734958626999999,0.65257937995,0.5173931942,0.4452382899
0,1259,0.76627916425,0.65203698855,0.5126036553,0.4468596307
0,1259,0.7211922328,0.64429274075,0.4824491334,0.4399827683
0,1259,0.71614774365,0.6444004714,0.4793926687,0.4403118366
0,1259,0.7121783071,0.6442486038,0.4769954012,0.4395766562
0,1259,0.6555847780999999,0.6817215209,0.4406196512,0.4704586742
0,1259,0.7346416686,0.6494340574,0.4918439416,0.4435264118
0,1259,0.7708486984,0.6510550378,0.5157028264,0.4450739368
0,1259,0.79713568115,0.6606760343,0.5331267869,0.45123351
0,1259,0.7681678281,0.6514587826,0.5139283854,0.445177878
0,1259,0.71263493995,0.6414225989,0.4765567691,0.4367642972
0,1259,0.7110228018,0.6425945784,0.4763060802,0.4374172106
0,1259,0.70824391705,0.6416160572,0.4740460597,0.4372193778
0,1259,0.72338487885,0.63928861685,0.4841873507,0.4358909603
0,1259,0.71931394575,0.64789884135,0.4813023885,0.4418384361
0,1259,0.7508793081,0.6514397693,0.5021515036,0.443352926
0,1259,0.7654735394000001,0.65010239595,0.5122178524,0.4450836971
0,1259,0.7602301334000001,0.65554670055,0.5083545816,0.4465491179
0,1259,0.7650896411,0.6465391296,0.5117692992,0.4415307644
0,1259,0.7616657877,0.6496951943,0.5097435174,0.4449877324
0,1259,0.75898578565,0.6486218249,0.5074714397,0.4427838972
0,1259,0.72592688755,0.64006884835,0.4859177799,0.4364712697
0,1259,0.6866804119000001,0.63971875625,0.4593162512,0.4360087459
0,1259,0.71053413835,0.64055363205,0.4751217681,0.4355902659
0,1259,0.6109418789500001,0.6441586323,0.4096056455,0.439909642
0,1259,0.6877950120999999,0.6366957098,0.4600298428,0.4337072434
0,1259,0.6832831773,0.6391550288,0.45735284,0.435879567
0,1259,0.6914955927499999,0.63286662655,0.4627199479,0.4316764047
0,1259,0.7158513058,0.643800949,0.4788815926,0.4379823724
0,1259,0.6139723343000001,0.62762556045,0.4112429114,0.4274666805
0,1259,0.6671064743,0.6253368379500001,0.4464410408,0.4258858467
0,1259,0.89111939785,0.6652066001,0.5961571129,0.4562160224
0,1259,0.8981718961,0.66654448485,0.601880049,0.4573318513
0,1259,0.738725466,0.6328694994,0.4945662524,0.4304397868
0,1259,0.85994103375,0.6686536561,0.5752028435,0.456446762
0,1259,0.8021814929,0.6589862293,0.5372271518,0.450373362
0,1259,0.7347927524,0.6566418055000001,0.4915608072,0.448670138
0,1259,0.75113298305,0.65588506085,0.5027563267,0.4472219061
0,1259,0.7304628722,0.6397192133,0.4887351644,0.4344841932
0,1259,0.83592611175,0.64230742715,0.5596112001,0.4395109731
0,1259,0.47185032785000003,0.6926749912000001,0.3177123009,0.4809075078
0,1259,0.439641509,0.69571691455,0.295628462,0.4799673125
0,1259,0.41156861590000005,0.6977773132,0.2780496758,0.4852654432
0,1259,0.50538584335,0.6876179162,0.3410797079,0.476407629
0,1259,0.4236546559,0.6955517274,0.2857694532,0.481384918
0,1259,0.68624618825,0.76293173245,0.4611510117,0.5304986273
0,1259,0.4663077672,0.69162347425,0.3139209622,0.4786689291
0,1259,0.46453634015,0.6908958676,0.3121670217,0.478672063
0,1259,0.7510881308499999,0.7376994389,0.5047486881,0.5110855546
0,1259,0.728522311,0.65255575095,0.4878429118,0.4456145377
0,1259,0.4588029349,0.6938694295,0.308860236,0.4786189942
0,1259,0.4509167043,0.6949996892,0.3032424388,0.4799713606
0,1259,0.45856190695,0.69217172555,0.3085902233,0.4782705213
0,1259,0.98643958315,0.6676785953,0.6603101019,0.4587374432
0,1259,0.7157332841,0.6926745342,0.4798080834,0.4770645904
0,1259,0.6249347562500001,0.7332176457499999,0.4217686115,0.5031655851
0,1259,0.64335252735,0.6780292307,0.4317989587,0.4688586448
0,1259,0.6591719361,0.68724477615,0.4428927498,0.4770875729
0,1259,0.37962473955000003,0.72556354255,0.2566232707,0.5008856117
0,1259,0.37938081015,0.7215259264,0.2575881143,0.4977662528
0,1259,0.3876076228,0.7073988402,0.261427945,0.4875411074
0,1259,0.33238821715,0.6844622553999999,0.2241201937,0.47417571
0,1259,0.3279235746,0.68720383845,0.2227684428,0.4749007049
0,1259,0.1576581779,0.68919744415,0.1087375508,0.4753849055
0,1259,0.8585180143,0.66852849265,0.574310297,0.4582288237
0,1259,0.84860184375,0.6674358421000001,0.5679366865,0.4566240932
0,1259,0.8535259847000001,0.6673726401,0.5710319448,0.4571822036
0,1259,0.8569130030000001,0.66766207665,0.5731401706,0.4567835347
0,1259,0.75082002895,0.6567352452499999,0.5026957137,0.4495903883
0,1259,0.7946484095999999,0.66216448085,0.5314529316,0.4533138225
0,1259,0.6927676258,0.7655070839,0.466512756,0.5355002048
0,1259,0.76051005055,0.69667846005,0.5092003995,0.4796028563
0,1259,0.74679423875,0.65860564605,0.4998618713,0.4503889013
0,1259,0.7009169247,0.7653420926500001,0.4715735562,0.5305893823
0,1259,0.6622908526,0.68510426505,0.4441855756,0.4720167867
0,1259,0.63992149885,0.68283212655,0.4291562923,0.4686388741
0,1259,0.640389373,0.6820402732999999,0.4295195414,0.4685780226
0,1259,0.63200959025,0.6796271055,0.4234414381,0.4669546188
0,1259,0.30911147545,0.67824449615,0.2090572599,0.4688229957
0,1259,0.19009307225,0.6899054633999999,0.1298411167,0.4767871022
0,1259,0.1874375115,0.68951332365,0.1277746968,0.4770096151
0,1259,0.1781637863,0.6877208153000001,0.1241474962,0.477178589
0,1259,0.6169037484,0.68233656535,0.4141336216,0.4648598117
0,1259,0.6445573328,0.69070704505,0.4325395636,0.4730622315
0,1259,0.66991526245,0.7102640851500001,0.4514346869,0.4851561455
0,1259,0.5761047209,0.752223627,0.3904376446,0.5190401286
0,1259,0.55437862065,0.72372239225,0.3747869291,0.5054940047
0,1259,0.5341380652,0.71584551495,0.3596042348,0.5011988795
0,1259,0.52686184255,0.71603368465,0.3552586181,0.5008042587
0,1259,0.54430646755,0.70139327795,0.3664129507,0.4873268213
0,1259,0.53991933875,0.7002111783,0.3629008083,0.4869252796
0,1259,0.44032965440000005,0.74572929375,0.2976927512,0.5231742453
0,1259,0.67707679425,0.6945649795,0.4549264039,0.481695313
0,1259,0.6603044444999999,0.7213730794,0.4435642904,0.5009734938
0,1259,0.65474300125,0.72075098355,0.4391403517,0.4994811951
0,1259,0.83492842575,0.66698298145,0.5584766345,0.4578053441
0,1259,0.5618001725,0.6843971599,0.3767758354,0.469941828
0,1259,0.55428553085,0.6801410136,0.3722225847,0.4702618862
0,1259,0.5091417682,0.67642084395,0.3428853732,0.4704898835
0,1259,0.37711094435000003,0.66566416175,0.2546935835,0.4592366607
0,1259,0.37113959695,0.6696396858,0.2500966901,0.4625394882
0,1259,0.33725468200000003,0.6580099932,0.2276180824,0.4526455004
0,1259,0.3422072568,0.6593748433,0.2303791868,0.451712879
0,1259,0.34290274945,0.6828376764,0.2317792827,0.4731161622
0,1259,0.50817281015,0.68730295075,0.3413192289,0.4743958723
0,1259,0.5006911577000001,0.6880634642,0.3361398438,0.4746546872
0,1259,0.3276154668,0.65758102915,0.2211394794,0.4529387891
0,1259,0.49513948645,0.67077451455,0.3325921407,0.4616947489
0,1259,0.62346045285,0.6777774673,0.4178860197,0.4671978944
0,1259,0.6251920577,0.6772226868,0.4202662416,0.467457101
0,1259,0.45875036444999995,0.6859238672,0.3086641369,0.472760455
0,1259,0.11205653339999999,0.7003686610000001,0.0778632902,0.4854645818
0,1259,0.40980997315,0.66192159715,0.2764794171,0.4506629943
0,1259,0.38067525235,0.69794008455,0.2584442183,0.4768889567
0,1259,0.4025391874,0.7013792403,0.2725511252,0.4770913598
0,1259,0.4117552366,0.69875909905,0.2783711924,0.4757466195
0,1259,0.46099341275,0.672742526,0.3103353471,0.4641444798
0,1259,0.5820782725,0.6775423532,0.3912862544,0.462108696
0,1259,0.56644658655,0.6760855729499999,0.3813196815,0.4610180695
0,1259,0.560501028,0.6744037987,0.3783399224,0.4607493304
0,1259,0.55502657655,0.67501792895,0.3749851585,0.4602431919
0,1259,0.53111929205,0.6686674326,0.3578207583,0.4582170712
0,1259,0.52552552085,0.6658967295,0.3534476627,0.4512549256
0,1259,0.12293240445,0.7034342851,0.0857884973,0.486037448
0,1259,0.7696529943000001,0.71553766635,0.5175648264,0.4959785761
0,1259,0.740928839,0.7086483858,0.496497556,0.490048817
0,1259,0.7377810478,0.7130597948499999,0.4950335388,0.4913007131
0,1259,0.599084486,0.6853164619000001,0.4026167746,0.4740350724
0,1259,0.72271370565,0.7085896889000001,0.4847705771,0.4905462064
0,1259,0.71868534395,0.7071193933,0.4820717775,0.4906019652
0,1259,0.30463625275,0.76986847975,0.2089699743,0.5441211421
0,1259,0.50842967075,0.7017188858,0.3421732757,0.487099738
0,1259,0.50105470075,0.70118029755,0.3374511847,0.4873780097
0,1259,0.49320752160000003,0.6950625647500001,0.33353891,0.4838725179
0,1259,0.43902286884999997,0.69651836565,0.2965888973,0.4833646819
0,1259,0.41088135215,0.7021793203,0.2776558621,0.4848239432
0,1259,0.661161724,0.625337295,0.4423846126,0.4244083038
0,1259,0.5941247843,0.6236993966,0.3976417906,0.4251199794
0,1259,0.64922115995,0.6230814141000001,0.4347053921,0.4229675852
0,1259,0.60879831275,0.6288632883,0.4071494529,0.4276605958
0,1259,0.5719373489,0.62294697925,0.3827015562,0.4226895747
0,1259,0.89083733615,0.67131022995,0.5959697575,0.4593994973
0,1259,0.8977630939500001,0.6649693966,0.6016978367,0.4562837948
0,1259,0.8471421614499999,0.6626415647,0.5668996927,0.4529201158
0,1259,0.83800450775,0.66120058495,0.5607838245,0.4524688221
0,1259,0.83591163755,0.6620120909,0.5593224523,0.4534201168
0,1259,0.7594861472500001,0.6529437107,0.5081190127,0.4447698534
0,1259,0.75631061985,0.6534222214000001,0.5062858351,0.4466767624
0,1259,0.8379125933,0.6699263800999999,0.5602934676,0.457798162
0,1259,0.39293865559999996,0.6300907001,0.2639392422,0.425083808
0,1259,0.8204379914,0.66280773115,0.5485651662,0.4521054105
0,1259,0.8217151675,0.66314927015,0.5493582306,0.4530747257
0,1259,0.7042662516,0.63414104805,0.4713349168,0.4283712267
0,1259,0.63124900075,0.6500281274499999,0.4232983133,0.4431035635
0,1259,0.6213063800499999,0.65073582035,0.4164965039,0.4393878337
0,1259,0.61956404825,0.65033310335,0.4152404145,0.4390713013
0,1259,0.6891956766,0.6214857592,0.460894445,0.4202667438
0,1259,0.56048082305,0.6446574582,0.3755860183,0.4383214956
0,1259,0.55890409875,0.6444999755,0.3740101757,0.4363214914
0,1259,0.60877134825,0.63500589705,0.4076436303,0.4313759339
0,1259,0.60555383145,0.63540769995,0.4051999281,0.4321432377
0,1259,0.7659244012499999,0.65292575695,0.5126677235,0.4470341019
0,1259,0.761920653,0.65252774105,0.509842404,0.4462268399
0,1259,0.74989001135,0.6521902500500001,0.5016009703,0.4445382753
0,1259,0.63662837855,0.6212309271,0.4258531063,0.4217544722
0,1259,0.5771265059499999,0.6245684243,0.3866986185,0.4242335842
0,1259,0.66558118085,0.61642502775,0.4447958399,0.4175158893
0,1259,0.6018731426,0.60965111705,0.4025557922,0.4125499609
0,1259,0.7037605389,0.6453492198499999,0.470731412,0.4389387599
0,1259,0.5713973244999999,0.6417241144,0.382414131,0.4372396182
0,1259,0.6816776981,0.6401630943000001,0.455816342,0.435511548
0,1259,0.68958295125,0.62887138445,0.4612748867,0.4269306387
0,1259,0.6851216884,0.62900379525,0.4583239288,0.4273686129
0,1259,0.64627424305,0.61018062975,0.4321284103,0.4127053543
0,1259,0.65300250635,0.60736330865,0.4366006941,0.4110414699
0,1259,0.6515268804500001,0.60815137505,0.4353281467,0.4119067107
0,1259,0.64568308165,0.6089046412,0.4312773025,0.4111058472
0,1259,0.5944593055,0.60366546865,0.3971646588,0.4071203335
0,1259,0.59310814245,0.60550185275,0.3963326539,0.4088176471
0,1259,0.5926720819,0.6022313444,0.396028036,0.4065182168
0,1259,0.6356082834500001,0.6077329229,0.4248888505,0.4107036526
0,1259,0.7072550477999999,0.6568320722500001,0.473528371,0.4489887939
0,1259,0.7108788687500001,0.6558882207,0.4759941151,0.4488054558
0,1259,0.67382503915,0.6201087649,0.4503981339,0.420394976
0,1259,0.67150477105,0.6188692089,0.4489809923,0.4201088694
0,1259,0.66170814055,0.60421913915,0.4423007067,0.4086996003
0,1259,0.65499611475,0.60762218885,0.4377888947,0.4111335307
0,1259,0.6318584569,0.6060373722,0.4224065016,0.409116159
0,1259,0.6328069894999999,0.6056494111,0.4228867192,0.40899759
0,1259,0.6711054469,0.61006245245,0.4485259024,0.4128456001
0,1259,0.59178717665,0.6057230597000001,0.3952536337,0.4086340478
0,1259,0.41561277409999997,0.6294043576499999,0.2786858024,0.4260563877
0,1259,0.41982834425,0.62244991635,0.2814042927,0.4222057659
0,1259,0.7075997818499999,0.6522040265,0.4734263909,0.4457598762
0,1259,0.64134635505,0.6501188824999999,0.4293592239,0.4433519318
0,1259,0.6996085227,0.6536220238,0.4681879338,0.4470139922
0,1259,0.6646019366,0.6491058874,0.444671818,0.4430804504
0,1259,0.65689883745,0.64912436485,0.4400425965,0.4438405721
0,1259,0.67736363175,0.6201185586,0.4529928961,0.4216550988
0,1259,0.66048239535,0.6164285535,0.4419599403,0.4182523756
0,1259,0.6537785985,0.60831519105,0.4368882662,0.4106681341
0,1259,0.6504791596,0.60868219365,0.4349860578,0.4107330337
0,1259,0.6489723813,0.6316547540499999,0.43447939,0.4309452723
0,1259,0.37948080660000005,0.66021102945,0.2557202912,0.4467331089
0,1259,0.6301660865,0.623455207,0.4216476754,0.4239815596
0,1259,0.6229490094000001,0.6253440853000001,0.4166194972,0.4247864712
0,1259,0.6208321872,0.6225886603999999,0.4154861072,0.4235179912
0,1259,0.55591162875,0.6767745271,0.3729176365,0.4626325936
0,1259,0.47103328585000004,0.66927615945,0.3161926723,0.4565033403
0,1259,0.7110336023,0.6900911519999999,0.478040477,0.4718051122
0,1259,0.6005503399500001,0.6811999738,0.4031941231,0.4636683754
0,1259,0.5531774889500001,0.96195558775,0.3811523107,0.6824909793
0,1259,0.55704722295,0.95799965105,0.3856986549,0.6638052521
0,1259,0.5531774889500001,0.96195558775,0.3811523107,0.6824909793
