1,409,0.4578395967,0.5595984531,0.01178707969999998,0.05207323490000004,-1,-1,-1,-1
2,409,0.4404396431,0.5725668792,0.011899345900000025,0.053868877300000007,-1,-1,-1,-1
3,409,0.4219171733,0.584338254,0.013358660899999986,0.059255804200000095,-1,-1,-1,-1
4,409,0.3989044925,0.6006984345,0.015379160400000036,0.059255804099999976,-1,-1,-1,-1
5,409,0.3730851543,0.6186547269,0.015716106100000016,0.06544085229999996,-1,-1,-1,-1
6,409,0.340193627,0.6396038435,0.01897168189999998,0.07202470000000005,-1,-1,-1,-1
7,409,0.305169334,0.6625480022,0.019308333799999966,0.07601504520000002,-1,-1,-1,-1
8,409,0.2610522056,0.691677209,0.02256376250000003,0.08619030810000006,-1,-1,-1,-1
9,409,0.2093015567,0.7287869758,0.024696528299999992,0.08978146210000004,-1,-1,-1,-1
10,409,0.1403973081,0.7769581394,0.031670851599999994,0.10481426959999995,-1,-1,-1,-1
11,409,0.0535512446,0.8373416555,0.037969593399999994,0.12109753690000002,-1,-1,-1,-1
