209,534,0.0997170125,0.4506888497,0.004342824800000006,0.022716161299999982,-1,-1,-1,-1
210,534,0.1018001842,0.4512536198,0.004342824799999992,0.022716161299999982,-1,-1,-1,-1
211,534,0.1020473464,0.4510653195,0.004130929499999991,0.022841651299999988,-1,-1,-1,-1
212,534,0.1019061319,0.4510653195,0.004660520799999998,0.023531911299999986,-1,-1,-1,-1
213,534,0.1030006548,0.4508143396,0.005119504800000008,0.025163411199999985,-1,-1,-1,-1
214,534,0.1041077416,0.4511951187,0.0056092004,0.02518430439999997,-1,-1,-1,-1
215,534,0.107143193,0.4510047292,0.004216451800000007,0.025565083399999966,-1,-1,-1,-1
216,534,0.1077859323,0.4510047292,0.004680725800000007,0.02507056689999998,-1,-1,-1,-1
217,534,0.1092500229,0.4508143396,0.004537968400000009,0.025818936199999976,-1,-1,-1,-1
218,534,0.1112498766,0.4510681924,0.004430771599999994,0.02473993149999998,-1,-1,-1,-1
219,534,0.113678223,0.4513220451,0.004287940800000001,0.02429568929999998,-1,-1,-1,-1
220,534,0.1158515457,0.4513220451,0.004287940800000001,0.02429568929999998,-1,-1,-1,-1
221,534,0.1185281565,0.4511898954,0.004427906199999998,0.025536747000000026,-1,-1,-1,-1
222,534,0.120572755,0.4507934464,0.004167665899999992,0.025867121199999954,-1,-1,-1,-1
