47,305,0.8669662002,0.3691899852,0.0007860109999999754,0.003702410499999975,-1,-1,-1,-1
48,305,0.8658852697,0.3691551197,0.0007860110999999836,0.0037024104000000224,-1,-1,-1,-1
49,305,0.8649615708,0.3690852579,0.0007664672999999622,0.004051588599999989,-1,-1,-1,-1
50,305,0.8642146473,0.3690153962,0.0007664673000000732,0.004051588499999981,-1,-1,-1,-1
51,305,0.8631730982,0.3690503924,0.0007664672999999622,0.004051588500000036,-1,-1,-1,-1
52,305,0.8623477058,0.3690503924,0.0007664673000000732,0.004051588500000036,-1,-1,-1,-1
53,305,0.8615026227,0.3690852579,0.0007664672999999622,0.004051588599999989,-1,-1,-1,-1
54,305,0.8605986145,0.3691551197,0.0007664673000000732,0.004051588500000036,-1,-1,-1,-1
55,305,0.8597395716,0.3692449606,0.0007664672999999622,0.004051588499999981,-1,-1,-1,-1
56,305,0.8587541556,0.3693348014,0.0007664672999999622,0.004051588499999981,-1,-1,-1,-1
57,305,0.8578949658,0.3695144832,0.0007664672999999622,0.004051588499999981,-1,-1,-1,-1
