104,317,0.8679159084,0.3691989955,0.0008418503000000577,0.003267961900000005,-1,-1,-1,-1
105,317,0.8670962469,0.3690415128,0.0008418503000000577,0.0032679618999999493,-1,-1,-1,-1
106,317,0.866121411,0.3688445941,0.0008418503000000577,0.003267961900000005,-1,-1,-1,-1
107,317,0.8652353301,0.3688838995,0.0008418503000000577,0.003267961900000005,-1,-1,-1,-1
108,317,0.8643712911,0.3691594289,0.0006866759000000444,0.003189481700000052,-1,-1,-1,-1
109,317,0.8635738183,0.3691257386,0.0006866759999999417,0.003189481700000052,-1,-1,-1,-1
110,317,0.8627382867,0.3692269401,0.0006866759000000444,0.0031894818000000047,-1,-1,-1,-1
111,317,0.8622568935,0.3692641562,0.0006866759000000444,0.0031894816999999964,-1,-1,-1,-1
112,317,0.8613152673,0.3692269401,0.0006866759000000444,0.0031894818000000047,-1,-1,-1,-1
113,317,0.860457253,0.3692641562,0.0006866759000000444,0.0031894816999999964,-1,-1,-1,-1
114,317,0.8597038638,0.3693385883,0.0006866760000000527,0.0031894818000000047,-1,-1,-1,-1
115,317,0.8588667158,0.3694501059,0.0006866759000000444,0.0031894818000000047,-1,-1,-1,-1
116,317,0.8580715942,0.3694501059,0.0006866759000000444,0.0031894818000000047,-1,-1,-1,-1
117,317,0.8573390713,0.3696360557,0.0006866759000000444,0.0031894816999999964,-1,-1,-1,-1
