91,157,0.8349470879,0.3925002977,0.001390397499999918,0.0067025472999999725,-1,-1,-1,-1
92,157,0.8358160496,0.3929740517,0.0015346244999999703,0.0063315619000000045,-1,-1,-1,-1
93,157,0.8366850113,0.3934478056,0.0016788514000000143,0.005960576600000045,-1,-1,-1,-1
94,157,0.837461324,0.3936393704,0.001527938400000095,0.005965930399999986,-1,-1,-1,-1
95,157,0.8383050845,0.393889175,0.0015695239999999888,0.006085805400000033,-1,-1,-1,-1
96,157,0.8389360682,0.3939777101,0.001518093099999951,0.005299697599999986,-1,-1,-1,-1
97,157,0.839736039,0.3942147176,0.0015249994999999572,0.005345009900000031,-1,-1,-1,-1
98,157,0.8403517403,0.3944634776,0.0015564458999999253,0.005649920400000008,-1,-1,-1,-1
99,157,0.8407257164,0.3947050555,0.0015862757999999255,0.006082279699999971,-1,-1,-1,-1
100,157,0.8410290117,0.3947589862,0.0016831127999999973,0.006768491500000029,-1,-1,-1,-1
101,157,0.8411868311,0.3948993625,0.0017113262999999268,0.006925190799999981,-1,-1,-1,-1
102,157,0.8412018195,0.3953233645,0.0016879620000000983,0.006581888899999999,-1,-1,-1,-1
103,157,0.8412018195,0.3955441798,0.0016879620000000983,0.0066435239000000035,-1,-1,-1,-1
104,157,0.8409728786,0.395652694,0.0016879619999999873,0.006643523899999948,-1,-1,-1,-1
105,157,0.8408406277,0.3959172545,0.0016879619999999873,0.0070214301000000034,-1,-1,-1,-1
106,157,0.8404616555,0.3962538966,0.0016028806000000229,0.007000536900000021,-1,-1,-1,-1
107,157,0.8396549251,0.3963813453,0.002125124600000028,0.007535142399999972,-1,-1,-1,-1
108,157,0.8390631759,0.3968361647,0.0018225640000000265,0.006875699900000032,-1,-1,-1,-1
109,157,0.8386411487,0.3971110412,0.0018225640000000265,0.007252953299999976,-1,-1,-1,-1
110,157,0.8382435144,0.3972523317,0.00184710389999998,0.00785937919999996,-1,-1,-1,-1
111,157,0.8380661513,0.3968424327,0.001847103900000091,0.00785937919999996,-1,-1,-1,-1
112,157,0.8376541164,0.397691873,0.002153632000000072,0.008003281200000045,-1,-1,-1,-1
113,157,0.8374576503,0.397420261,0.0020704609000000707,0.00829056319999999,-1,-1,-1,-1
114,157,0.8375712391,0.3987533795,0.002048272200000034,0.007844231599999973,-1,-1,-1,-1
115,157,0.8375487565,0.3990710871,0.002048272099999915,0.007844231599999973,-1,-1,-1,-1
116,157,0.8372410528,0.3995008347,0.0020225566999999556,0.008026263800000044,-1,-1,-1,-1
117,157,0.8366460708,0.3998786103,0.001975681100000015,0.007773717000000013,-1,-1,-1,-1
118,157,0.8361329374,0.4003347356,0.0019862611999998947,0.008335875400000026,-1,-1,-1,-1
119,157,0.8354731525,0.4008176303,0.0021205693000000414,0.00781067190000001,-1,-1,-1,-1
120,157,0.8346527562,0.4012464638,0.00208339209999997,0.008196543700000003,-1,-1,-1,-1
121,157,0.8342717268,0.4017302726,0.002083392100000081,0.008196543599999995,-1,-1,-1,-1
122,157,0.8340935554,0.4022227652,0.0020833922000000893,0.008196543599999995,-1,-1,-1,-1
123,157,0.8339153841,0.4027152577,0.00208339209999997,0.008196543599999995,-1,-1,-1,-1
124,157,0.833859251,0.4029984915,0.0019004449999999729,0.007808190800000003,-1,-1,-1,-1
125,157,0.8333323782,0.4033560922,0.0019613539000000735,0.008350435299999959,-1,-1,-1,-1
126,157,0.8328055054,0.4037136928,0.002022262800000063,0.00889267979999997,-1,-1,-1,-1
127,157,0.8322719466,0.4038971614,0.002022262799999952,0.008892679900000033,-1,-1,-1,-1
128,157,0.8314978381,0.4049914442,0.002185813099999989,0.008095864399999986,-1,-1,-1,-1
129,157,0.830623219,0.4052332833,0.0020216750999999533,0.007393590799999961,-1,-1,-1,-1
130,157,0.8298270688,0.4048583805,0.00210822580000003,0.008832611800000001,-1,-1,-1,-1
131,157,0.8293612518,0.4055466817,0.002108225900000038,0.008832611899999954,-1,-1,-1,-1
132,157,0.828383477,0.4062802952,0.001917490699999913,0.008516732300000052,-1,-1,-1,-1
133,157,0.8273799867,0.4065656183,0.002054884700000037,0.00861937030000004,-1,-1,-1,-1
134,157,0.8263756148,0.4068425842,0.002103376700000048,0.009095605299999976,-1,-1,-1,-1
135,157,0.8253179017,0.4072342016,0.0021186590000000782,0.008806103499999995,-1,-1,-1,-1
136,157,0.8242789976,0.4077041686,0.0021454030999999985,0.00902352369999998,-1,-1,-1,-1
137,157,0.8231891035,0.4079624611,0.0021746451999999916,0.009525875299999986,-1,-1,-1,-1
138,157,0.82203279,0.4084517544,0.0022581101999999964,0.008837835100000024,-1,-1,-1,-1
139,157,0.8207332047,0.4089329515,0.0023386362999999744,0.00924094390000002,-1,-1,-1,-1
140,157,0.8197723286,0.4091998625,0.0020952946999999167,0.009329609500000002,-1,-1,-1,-1
141,157,0.8181704767,0.4097523578,0.002300871300000007,0.0091108835,-1,-1,-1,-1
142,157,0.8164268224,0.4100861271,0.0024290076999999854,0.009788738100000027,-1,-1,-1,-1
143,157,0.8146715594,0.4106619967,0.0024998353999999834,0.009046245100000017,-1,-1,-1,-1
144,157,0.8129301092,0.4107766483,0.0024998354999999917,0.009877012000000018,-1,-1,-1,-1
145,157,0.8114225962,0.4111858944,0.002423717699999939,0.010217963300000021,-1,-1,-1,-1
146,157,0.8095813701,0.4116892905,0.00242371770000005,0.010217963399999974,-1,-1,-1,-1
147,157,0.8083673071,0.4121208663,0.002423717699999939,0.010217963300000021,-1,-1,-1,-1
148,157,0.8072633062,0.4126296164,0.002690423600000047,0.010603574000000004,-1,-1,-1,-1
149,157,0.8062224918,0.413105329,0.002690423599999936,0.010603574000000004,-1,-1,-1,-1
150,157,0.8056100233,0.4135135305,0.002690423600000047,0.010603573899999996,-1,-1,-1,-1
151,157,0.8047957988,0.4139739649,0.002690423600000047,0.010603574000000004,-1,-1,-1,-1
152,157,0.8033895311,0.4143685858,0.0026904237000000553,0.010603574000000004,-1,-1,-1,-1
153,157,0.8011976933,0.4147581139,0.002690423599999936,0.010603574000000004,-1,-1,-1,-1
154,157,0.7993065058,0.4152138474,0.002690423600000047,0.010603574000000004,-1,-1,-1,-1
155,157,0.7971906388,0.4156317119,0.002690423600000047,0.010603574000000004,-1,-1,-1,-1
156,157,0.788193024,0.4196295004,0.002690423599999936,0.010603574000000004,-1,-1,-1,-1
157,157,0.7860409594,0.420939854,0.002690423600000047,0.010603574000000004,-1,-1,-1,-1
158,157,0.7838888948,0.4222502075,0.002690423599999936,0.010603574000000004,-1,-1,-1,-1
159,157,0.7817368302,0.4235605611,0.002690423600000047,0.010603574000000004,-1,-1,-1,-1
160,157,0.7671641063,0.4313378038,0.002690423600000047,0.010603574000000004,-1,-1,-1,-1
161,157,0.76581069,0.4317104867,0.002690423599999936,0.010603574000000004,-1,-1,-1,-1
162,157,0.7644572738,0.4320831697,0.002690423600000047,0.010603574000000004,-1,-1,-1,-1
163,157,0.7631038575,0.4324558526,0.002690423600000047,0.010603573999999949,-1,-1,-1,-1
164,157,0.7618754673,0.4331481366,0.002690423600000047,0.010603574000000004,-1,-1,-1,-1
165,157,0.7606470771,0.4338404207,0.002690423599999936,0.010603574000000004,-1,-1,-1,-1
166,157,0.7583091153,0.4312220421,0.002987924799999986,0.010988735900000046,-1,-1,-1,-1
167,157,0.7558862299,0.428508554,0.003296232499999996,0.011387888300000037,-1,-1,-1,-1
168,157,0.7533753362,0.4256965018,0.0036157388999999984,0.011801539499999958,-1,-1,-1,-1
169,157,0.7493704858,0.4266897136,0.0036157388999999984,0.011801539499999958,-1,-1,-1,-1
170,157,0.7451006929,0.4275941292,0.0038133805000000187,0.013407967399999998,-1,-1,-1,-1
171,157,0.7407509616,0.4286348731,0.003904339700000037,0.013402613499999994,-1,-1,-1,-1
172,157,0.7366251752,0.4293332292,0.004102716000000006,0.01393787190000001,-1,-1,-1,-1
173,157,0.7328579355,0.4302897473,0.003965175100000051,0.013634267199999994,-1,-1,-1,-1
174,157,0.7294335195,0.4308515139,0.0039651751999999485,0.013634267199999994,-1,-1,-1,-1
175,157,0.7258337977,0.43229615,0.00397957569999996,0.014245655299999993,-1,-1,-1,-1
176,157,0.7219096203,0.4329558537,0.0040869928999999194,0.01387493099999998,-1,-1,-1,-1
177,157,0.7188336119,0.4336633506,0.004365160600000029,0.01397312919999999,-1,-1,-1,-1
178,157,0.7162495768,0.4344433209,0.00436516050000002,0.01397312919999999,-1,-1,-1,-1
179,157,0.7139833846,0.4351377595,0.0042675887999999995,0.014581775000000019,-1,-1,-1,-1
180,157,0.7121699312,0.4358093462,0.004089196999999989,0.014995852699999979,-1,-1,-1,-1
181,157,0.7103375219,0.43650718,0.004089196999999989,0.014995852699999979,-1,-1,-1,-1
182,157,0.7081838898,0.4371245748,0.004329158999999971,0.014901963800000029,-1,-1,-1,-1
183,157,0.706218348,0.4377661275,0.004329158899999963,0.01490196370000002,-1,-1,-1,-1
184,157,0.7046016545,0.4383406912,0.004075531100000029,0.015479922699999982,-1,-1,-1,-1
185,157,0.7026810779,0.439055109,0.004291540899999946,0.01551269890000001,-1,-1,-1,-1
186,157,0.7004641124,0.439950645,0.004554573200000078,0.01660123600000002,-1,-1,-1,-1
187,157,0.6982467061,0.4405135869,0.00455457310000007,0.01660123600000002,-1,-1,-1,-1
188,157,0.6938221796,0.4410558967,0.005008046699999991,0.016820876099999993,-1,-1,-1,-1
189,157,0.6891278613,0.4418143208,0.00536380159999994,0.017801421400000017,-1,-1,-1,-1
190,157,0.68488878,0.4422169072,0.0053574829000000435,0.015488149399999984,-1,-1,-1,-1
191,157,0.680688933,0.4432832453,0.0053574829000000435,0.015488149399999984,-1,-1,-1,-1
192,157,0.6773037515,0.4431496592,0.0053574829000000435,0.015488149399999984,-1,-1,-1,-1
193,157,0.6745289812,0.443582149,0.0053574828999999324,0.01548814940000004,-1,-1,-1,-1
194,157,0.6718006456,0.4441777366,0.005622866399999982,0.015979793100000028,-1,-1,-1,-1
195,157,0.6701486852,0.444471417,0.005212300899999911,0.015803898300000008,-1,-1,-1,-1
196,157,0.6697259233,0.4446215871,0.005212300800000014,0.0158038982,-1,-1,-1,-1
197,157,0.669899025,0.4446985003,0.005212300800000014,0.0158038982,-1,-1,-1,-1
198,157,0.6700084993,0.4444391631,0.005212300900000022,0.015803898300000008,-1,-1,-1,-1
199,157,0.670283875,0.4444391631,0.005212300900000022,0.015803898300000008,-1,-1,-1,-1
200,157,0.6702591882,0.4444831694,0.005212300800000014,0.015803898400000016,-1,-1,-1,-1
201,157,0.6702345014,0.4445271758,0.005212300800000014,0.015803898300000008,-1,-1,-1,-1
202,157,0.6702345014,0.4445271758,0.005212300800000014,0.015803898300000008,-1,-1,-1,-1
203,157,0.6700852048,0.4445271758,0.005212300900000022,0.015803898300000008,-1,-1,-1,-1
204,157,0.6700852048,0.4443576795,0.005212300900000022,0.015803898300000008,-1,-1,-1,-1
205,157,0.6699860167,0.4443576795,0.005212300800000014,0.015803898300000008,-1,-1,-1,-1
206,157,0.6691228593,0.443996749,0.005212300899999911,0.015803898299999952,-1,-1,-1,-1
207,157,0.6668763578,0.4443320853,0.004857868500000029,0.01747039429999997,-1,-1,-1,-1
208,157,0.6631349805,0.4444878704,0.005050660900000059,0.017470394300000025,-1,-1,-1,-1
209,157,0.6588299207,0.4446244599,0.005050660899999948,0.017470394300000025,-1,-1,-1,-1
210,157,0.6542004053,0.4448179834,0.005050660899999948,0.01747039429999997,-1,-1,-1,-1
211,157,0.6496978508,0.4446380405,0.005050660900000059,0.017470394300000025,-1,-1,-1,-1
212,157,0.6456803632,0.4447985266,0.005050660900000059,0.01747039429999997,-1,-1,-1,-1
213,157,0.6411750167,0.4444302835,0.005436539600000012,0.018331717599999964,-1,-1,-1,-1
214,157,0.6366474815,0.4446668993,0.005436539500000004,0.01833171760000002,-1,-1,-1,-1
215,157,0.631019619,0.4444471286,0.005436539500000004,0.018331717599999964,-1,-1,-1,-1
216,157,0.6270666403,0.4443259479,0.005436539600000012,0.018331717599999964,-1,-1,-1,-1
217,157,0.6215520728,0.444019601,0.005436539500000004,0.01833171760000002,-1,-1,-1,-1
218,157,0.6141051729,0.4455421949,0.005436539600000012,0.018331717599999964,-1,-1,-1,-1
219,157,0.6086568778,0.4447494275,0.005436539500000004,0.018331717599999964,-1,-1,-1,-1
220,157,0.6032085826,0.4439566601,0.005436539500000004,0.018331717599999964,-1,-1,-1,-1
221,157,0.5978559488,0.4444420359,0.006067963999999981,0.018011528900000018,-1,-1,-1,-1
222,157,0.5928985983,0.4446739507,0.006067963999999981,0.018011528900000018,-1,-1,-1,-1
