1,730,0.5509699279,0.4813500524,0.005565263799999998,0.030734720800000004,-1,-1,-1,-1
2,730,0.5525003644,0.4800971117,0.005679146499999899,0.03048478560000001,-1,-1,-1,-1
3,730,0.5533395697,0.4792617744,0.0058554808999999874,0.0298060168,-1,-1,-1,-1
4,730,0.5549386297,0.4783608845,0.005808458399999994,0.02919462880000001,-1,-1,-1,-1
5,730,0.5556178114,0.4772793989,0.005993462700000007,0.02897982020000006,-1,-1,-1,-1
6,730,0.5564342402,0.4763561794,0.006173030000000024,0.028601261099999997,-1,-1,-1,-1
7,730,0.5584225586,0.4747750844,0.005491203199999961,0.029038190699999966,-1,-1,-1,-1
8,730,0.5613386904,0.4740346807,0.005491203200000072,0.02903819070000002,-1,-1,-1,-1
9,730,0.5646712655,0.4728231347,0.005491203199999961,0.029038190699999966,-1,-1,-1,-1
10,730,0.5669436294,0.4718807195,0.005491203200000072,0.02903819080000003,-1,-1,-1,-1
11,730,0.5664513622,0.4706691735,0.004885200399999956,0.02903819070000002,-1,-1,-1,-1
12,730,0.5648227662,0.4695922582,0.005415526399999981,0.027259915899999987,-1,-1,-1,-1
13,730,0.5637622611,0.4690538659,0.004544580899999984,0.027259915900000042,-1,-1,-1,-1
14,730,0.565542211,0.4684480929,0.0045445807999999754,0.027259915899999987,-1,-1,-1,-1
15,730,0.5694051121,0.4677750698,0.004620257699999963,0.027259915899999987,-1,-1,-1,-1
16,730,0.5742904594,0.4675059389,0.004620257699999963,0.027259915900000042,-1,-1,-1,-1
17,730,0.5788348933,0.4664962737,0.004317403299999967,0.02705777389999997,-1,-1,-1,-1
18,730,0.5825840587,0.4661597622,0.006097500000000089,0.025509716299999985,-1,-1,-1,-1
19,730,0.5849566393,0.4650470672,0.006260315600000066,0.026131420500000002,-1,-1,-1,-1
20,730,0.5886016204,0.4640661302,0.0054579935999999885,0.026131420500000002,-1,-1,-1,-1
21,730,0.5903188245,0.4632954313,0.006189634900000018,0.02625286240000002,-1,-1,-1,-1
22,730,0.5929603153,0.4621743791,0.00571632369999997,0.025622278600000048,-1,-1,-1,-1
23,730,0.5952270953,0.4608594116,0.0048660974999999995,0.025746201600000018,-1,-1,-1,-1
24,730,0.5974572859,0.4600786578,0.005068882100000005,0.025746201599999963,-1,-1,-1,-1
25,730,0.6008089639,0.4588873521,0.005522061799999922,0.025453565800000022,-1,-1,-1,-1
26,730,0.6029899278,0.4583872204,0.005696338999999995,0.024926273100000007,-1,-1,-1,-1
27,730,0.60568138,0.4579147723,0.004608208299999972,0.02459054500000002,-1,-1,-1,-1
28,730,0.6073759546,0.4576195249,0.0046082081999999636,0.024590544999999964,-1,-1,-1,-1
29,730,0.6110976411,0.4572062308,0.004608208299999972,0.02459054500000002,-1,-1,-1,-1
30,730,0.612659377,0.454962037,0.004608208300000083,0.02459054500000002,-1,-1,-1,-1
31,730,0.6147859711,0.4540761642,0.0046082081999999636,0.024590544899999955,-1,-1,-1,-1
32,730,0.6168461458,0.4524816192,0.004608208300000083,0.024590544999999964,-1,-1,-1,-1
33,730,0.619446051,0.452416589,0.004608208299999972,0.02459054500000002,-1,-1,-1,-1
34,730,0.6216797683,0.4529372221,0.004608208299999972,0.02459054500000002,-1,-1,-1,-1
35,730,0.6232542885,0.4528070312,0.004608208200000075,0.02459054500000002,-1,-1,-1,-1
36,730,0.6251219647,0.4496180718,0.0046082081999999636,0.024590544999999964,-1,-1,-1,-1
37,730,0.625524889,0.4494878809,0.004608208299999972,0.024590544999999964,-1,-1,-1,-1
38,730,0.6269896409,0.4478608208,0.004608208299999972,0.02459054500000002,-1,-1,-1,-1
39,730,0.628373279,0.4470616549,0.004608208200000075,0.02459054490000001,-1,-1,-1,-1
40,730,0.6297456022,0.4464809537,0.004608208299999972,0.024590544999999964,-1,-1,-1,-1
41,730,0.6313699368,0.4485275759,0.0046822688,0.021747499100000012,-1,-1,-1,-1
42,730,0.6349989008,0.448372052,0.004431579899999982,0.021445983700000004,-1,-1,-1,-1
43,730,0.6386141989,0.447957452,0.005014512399999949,0.021497825000000026,-1,-1,-1,-1
44,730,0.6425208898,0.4475948239,0.004897984600000016,0.021601377099999985,-1,-1,-1,-1
45,730,0.6459028385,0.4473357479,0.005801845899999991,0.021342300999999952,-1,-1,-1,-1
46,730,0.6497763197,0.4472468211,0.004966755099999998,0.02134230109999996,-1,-1,-1,-1
47,730,0.652155268,0.4467112145,0.00498575999999995,0.021220728600000016,-1,-1,-1,-1
48,730,0.6540126336,0.4463509804,0.005004764900000014,0.021099156200000024,-1,-1,-1,-1
49,730,0.6554755977,0.4457904326,0.00514015060000006,0.020977583600000016,-1,-1,-1,-1
50,730,0.6568792203,0.4451124473,0.004343265599999979,0.020960999699999983,-1,-1,-1,-1
51,730,0.6572207214,0.4446029138,0.0052265545999999885,0.02074475469999998,-1,-1,-1,-1
52,730,0.6582027576,0.4439755946,0.0038953761000000142,0.020127751699999974,-1,-1,-1,-1
53,730,0.6588688612,0.4431044776,0.0046032121000000314,0.02012775170000003,-1,-1,-1,-1
54,730,0.6591784752,0.4429520877,0.0040010298000000555,0.019783666300000002,-1,-1,-1,-1
55,730,0.6602028317,0.4424526089,0.004533266099999933,0.020079893100000024,-1,-1,-1,-1
56,730,0.6605559415,0.4418081835,0.00366026340000003,0.020127751599999966,-1,-1,-1,-1
57,730,0.6616448071,0.4412868974,0.004248338900000093,0.02012775170000003,-1,-1,-1,-1
58,730,0.6623569046,0.4407182099,0.003995445799999997,0.02012775160000002,-1,-1,-1,-1
59,730,0.664057063,0.4403695542,0.003933434899999977,0.020127751599999966,-1,-1,-1,-1
60,730,0.6650947915,0.4401448214,0.003811764100000059,0.01925101960000003,-1,-1,-1,-1
61,730,0.6664906261,0.4397027991,0.004370303600000014,0.019360578399999995,-1,-1,-1,-1
62,730,0.6675940392,0.4395603334,0.0038276341999999852,0.01815699789999997,-1,-1,-1,-1
63,730,0.6689284505,0.4389648764,0.003941076099999941,0.018156998000000035,-1,-1,-1,-1
64,730,0.6698386304,0.438336382,0.0036471852999999665,0.019097976699999963,-1,-1,-1,-1
65,730,0.6705552832,0.4375881433,0.004028802499999928,0.019097976699999963,-1,-1,-1,-1
66,730,0.6723915131,0.4369665698,0.003566512200000038,0.01909797670000002,-1,-1,-1,-1
67,730,0.6734205719,0.4359008846,0.0038787711999999086,0.018628401399999994,-1,-1,-1,-1
68,730,0.6749283788,0.4350985847,0.0035108199000000173,0.018363449199999993,-1,-1,-1,-1
69,730,0.675493237,0.4342211997,0.004166931200000001,0.018363449199999993,-1,-1,-1,-1
70,730,0.67800233,0.433814043,0.003710665599999996,0.01836344910000004,-1,-1,-1,-1
71,730,0.6786384567,0.4331617825,0.0039672322999999565,0.018363449199999993,-1,-1,-1,-1
72,730,0.6809728316,0.4327666394,0.003382977300000034,0.018403537999999997,-1,-1,-1,-1
73,730,0.6823107696,0.4323781559,0.0034692343000000125,0.018141850399999992,-1,-1,-1,-1
74,730,0.6841415625,0.4321107226,0.003274972499999973,0.018038951299999995,-1,-1,-1,-1
75,730,0.6854753861,0.4319383535,0.0032749723999999647,0.017894657400000014,-1,-1,-1,-1
76,730,0.6872622423,0.4317756475,0.003274972499999973,0.017894657399999958,-1,-1,-1,-1
77,730,0.6883224535,0.431506386,0.003274972499999973,0.017894657399999958,-1,-1,-1,-1
78,730,0.6899670666,0.4311218201,0.003274972500000084,0.017894657300000005,-1,-1,-1,-1
79,730,0.690854323,0.4311603419,0.003347857399999987,0.017894657399999958,-1,-1,-1,-1
80,730,0.6918776509,0.4308515139,0.003200471199999999,0.017894657400000014,-1,-1,-1,-1
81,730,0.6931906082,0.4306457156,0.003200471199999999,0.017894657400000014,-1,-1,-1,-1
82,730,0.6944264191,0.43023882,0.0032583676999999867,0.017752583499999974,-1,-1,-1,-1
83,730,0.6959740483,0.4300304101,0.0032583675999999784,0.01775258340000002,-1,-1,-1,-1
84,730,0.6972144145,0.4296018378,0.003182396899999995,0.01775258340000002,-1,-1,-1,-1
85,730,0.6984280367,0.4293538613,0.0033190561000000507,0.01775258340000002,-1,-1,-1,-1
86,730,0.6992872266,0.4290025939,0.0029778488000000713,0.016718107499999968,-1,-1,-1,-1
87,730,0.69975995,0.4288035859,0.003148452499999954,0.017752583499999974,-1,-1,-1,-1
88,730,0.6995029424,0.4285180016,0.003148452499999954,0.01775258350000003,-1,-1,-1,-1
89,730,0.6998478233,0.4284852254,0.0031328763000000315,0.01775258340000002,-1,-1,-1,-1
90,730,0.700489387,0.4282465202,0.0031328763000000315,0.01775258350000003,-1,-1,-1,-1
91,730,0.7011418247,0.4277634949,0.003132876200000023,0.01745537730000002,-1,-1,-1,-1
92,730,0.7024283318,0.4279245034,0.0033068595999999895,0.017353000399999985,-1,-1,-1,-1
93,730,0.703795218,0.4280072928,0.002986077800000042,0.016624871500000027,-1,-1,-1,-1
94,730,0.704543611,0.4277855634,0.0029860779000000504,0.01662487149999997,-1,-1,-1,-1
95,730,0.7044551499,0.427555085,0.002986077799999931,0.01662487149999997,-1,-1,-1,-1
96,730,0.7040243059,0.4275843747,0.0029583958000000132,0.016624871500000027,-1,-1,-1,-1
97,730,0.7043239619,0.4271199313,0.0030535257999999565,0.016624871500000027,-1,-1,-1,-1
98,730,0.7050223372,0.4268317745,0.003087249700000072,0.016624871500000027,-1,-1,-1,-1
99,730,0.7068979901,0.4265201129,0.0031209736999999738,0.01662487149999997,-1,-1,-1,-1
100,730,0.7080823383,0.4265332756,0.0031546976999999865,0.016624871500000027,-1,-1,-1,-1
101,730,0.7097761169,0.4268014924,0.003188421599999991,0.016624871500000027,-1,-1,-1,-1
102,730,0.7104690013,0.4266171097,0.0032221456000000037,0.016624871500000027,-1,-1,-1,-1
103,730,0.7113981739,0.4264327269,0.0032558695999999054,0.01662487149999997,-1,-1,-1,-1
104,730,0.7123932882,0.4258431462,0.0032558696000000165,0.01662487149999997,-1,-1,-1,-1
105,730,0.7136852323,0.426011859,0.003290695699999957,0.016624871500000027,-1,-1,-1,-1
106,730,0.7155617253,0.4257604874,0.00303030840000007,0.016624871500000027,-1,-1,-1,-1
107,730,0.7170363226,0.4253656054,0.0032524897999999247,0.0170811273,-1,-1,-1,-1
108,730,0.7187332482,0.4252219644,0.0035959013000000928,0.016624871500000027,-1,-1,-1,-1
109,730,0.7199152772,0.4251552367,0.0036380745999999853,0.015711837499999992,-1,-1,-1,-1
110,730,0.7211349241,0.4247217022,0.0036380745999999853,0.016624871500000027,-1,-1,-1,-1
111,730,0.7213600445,0.4243547649,0.0036380745999999853,0.015293711799999998,-1,-1,-1,-1
112,730,0.7219413605,0.4241252006,0.0036380746999999936,0.016624871500000027,-1,-1,-1,-1
113,730,0.722624069,0.4240595175,0.0031366968000000606,0.015962947900000024,-1,-1,-1,-1
114,730,0.7231009068,0.4239149625,0.003841593999999948,0.016624871500000027,-1,-1,-1,-1
115,730,0.7247337643,0.4240117242,0.0031299374000000046,0.016624871500000027,-1,-1,-1,-1
116,730,0.7253381508,0.4236759962,0.003520812200000001,0.01662487149999997,-1,-1,-1,-1
117,730,0.7260070463,0.4234409474,0.003437494099999938,0.016624871500000027,-1,-1,-1,-1
118,730,0.7260448113,0.4234745071,0.0037963347999999675,0.01662487149999997,-1,-1,-1,-1
119,730,0.7268002577,0.4237095559,0.003324199200000044,0.016624871500000027,-1,-1,-1,-1
120,730,0.7275135307,0.4235270014,0.0033049493999999235,0.016624871500000027,-1,-1,-1,-1
121,730,0.7289906261,0.4236108354,0.003073363299999965,0.016624871500000027,-1,-1,-1,-1
122,730,0.7300454003,0.4236475292,0.003073363299999965,0.016624871500000027,-1,-1,-1,-1
123,730,0.7322243069,0.4235855024,0.0030733634000000842,0.016624871500000027,-1,-1,-1,-1
124,730,0.7333149358,0.4235589941,0.003073363300000076,0.016624871500000027,-1,-1,-1,-1
125,730,0.7346697725,0.4232956089,0.0028003387999999685,0.01662487149999997,-1,-1,-1,-1
126,730,0.7358011053,0.4228995516,0.002922597299999996,0.016624871500000027,-1,-1,-1,-1
127,730,0.7375751773,0.4230354882,0.0029199522999999727,0.016624871500000027,-1,-1,-1,-1
128,730,0.7383263622,0.4227787627,0.003312884500000002,0.016624871500000027,-1,-1,-1,-1
129,730,0.7396825215,0.4225361401,0.002933912199999944,0.01662487149999997,-1,-1,-1,-1
130,730,0.7409610936,0.4220817124,0.0026679408999999987,0.016624871500000027,-1,-1,-1,-1
131,730,0.7424584673,0.4223478398,0.002873370700000044,0.01662487159999998,-1,-1,-1,-1
132,730,0.7435899471,0.4221382547,0.00310289939999997,0.014129959000000025,-1,-1,-1,-1
133,730,0.745000623,0.421926319,0.003102899499999978,0.014129959000000025,-1,-1,-1,-1
134,730,0.7458044145,0.4217180396,0.003004886799999995,0.014129959000000025,-1,-1,-1,-1
135,730,0.7466943159,0.4216160546,0.0028601456000000303,0.01412995899999997,-1,-1,-1,-1
136,730,0.7474078829,0.4212442857,0.002922597299999996,0.01370634879999999,-1,-1,-1,-1
137,730,0.7484644204,0.4209711068,0.0029225973999998933,0.01370634879999999,-1,-1,-1,-1
138,730,0.7493819476,0.4207202574,0.00291818899999996,0.013706348899999998,-1,-1,-1,-1
139,730,0.7503259249,0.4206153996,0.002843687699999986,0.01370634879999999,-1,-1,-1,-1
140,730,0.7510086333,0.4202334453,0.0033293423000000377,0.01370634879999999,-1,-1,-1,-1
141,730,0.7516622465,0.4200294751,0.0028226744999999553,0.01370634879999999,-1,-1,-1,-1
142,730,0.7521655346,0.4196818641,0.0033153824999999637,0.01370634879999999,-1,-1,-1,-1
143,730,0.7528663173,0.4195780508,0.0028461858000000673,0.013706348899999998,-1,-1,-1,-1
144,730,0.753566953,0.4192147698,0.0027149635000000005,0.013706348899999998,-1,-1,-1,-1
145,730,0.7543115255,0.419133678,0.0027781499999999237,0.01370634879999999,-1,-1,-1,-1
146,730,0.755618458,0.4190255556,0.0027781499999999237,0.01370634879999999,-1,-1,-1,-1
147,730,0.7564847012,0.4185393963,0.002778150100000043,0.013706348800000046,-1,-1,-1,-1
148,730,0.7580044107,0.418080137,0.002474266899999966,0.01370634879999999,-1,-1,-1,-1
149,730,0.7593329442,0.4178850465,0.002559642200000045,0.01370634879999999,-1,-1,-1,-1
150,730,0.7606359092,0.4174788038,0.002559642199999934,0.01370634879999999,-1,-1,-1,-1
151,730,0.7617331507,0.4171131723,0.0027290702000000167,0.013706348899999998,-1,-1,-1,-1
152,730,0.7632148013,0.4168802129,0.002442526700000003,0.01370634879999999,-1,-1,-1,-1
153,730,0.7640465123,0.4164007133,0.002442526700000003,0.01370634879999999,-1,-1,-1,-1
154,730,0.7648745498,0.4160045255,0.0026319392999999414,0.01370634879999999,-1,-1,-1,-1
155,730,0.7655841492,0.415687079,0.00268498660000005,0.01370634879999999,-1,-1,-1,-1
156,730,0.7665341513,0.4157304324,0.002684986599999939,0.013706348899999998,-1,-1,-1,-1
157,730,0.7673624826,0.4153360728,0.0028550025000000367,0.01370634879999999,-1,-1,-1,-1
158,730,0.7685578836,0.4155485308,0.0028550025000000367,0.013783523200000036,-1,-1,-1,-1
159,730,0.7696277931,0.4148380305,0.002716579900000071,0.01378352319999998,-1,-1,-1,-1
160,730,0.7706273159,0.4146976541,0.0023074838000000097,0.010951446200000048,-1,-1,-1,-1
161,730,0.7714255234,0.4143315003,0.0023074838000000097,0.010951446199999992,-1,-1,-1,-1
162,730,0.7723395238,0.4143315003,0.002307483899999907,0.010951446199999992,-1,-1,-1,-1
163,730,0.7737042059,0.4145764734,0.002307483900000018,0.010951446200000048,-1,-1,-1,-1
164,730,0.7751378054,0.413596581,0.002307483900000018,0.0109514463,-1,-1,-1,-1
165,730,0.7759874438,0.4137359127,0.002307483900000018,0.0109514463,-1,-1,-1,-1
166,730,0.7771414062,0.4132035272,0.0023074837999998987,0.0109514463,-1,-1,-1,-1
167,730,0.778447751,0.4130315498,0.0023074838000000097,0.0109514463,-1,-1,-1,-1
168,730,0.7793770338,0.412513006,0.0023074838000000097,0.01125348399999998,-1,-1,-1,-1
169,730,0.78028354,0.412611596,0.0023074838000000097,0.011253483899999972,-1,-1,-1,-1
170,730,0.7811161328,0.4123484719,0.0021702367999999472,0.01125348399999998,-1,-1,-1,-1
171,730,0.7821522449,0.4121183852,0.0021702367999999472,0.01125348399999998,-1,-1,-1,-1
172,730,0.7830878464,0.4119210748,0.0021702368000000583,0.01125348399999998,-1,-1,-1,-1
173,730,0.7836587293,0.4116955585,0.0023405465999999375,0.01125348399999998,-1,-1,-1,-1
174,730,0.783896487,0.4115828657,0.002753022299999963,0.01125348399999998,-1,-1,-1,-1
175,730,0.7843959544,0.4114276029,0.0030232550000000025,0.01125348399999998,-1,-1,-1,-1
176,730,0.7854571942,0.4111258263,0.002620183699999945,0.01125348399999998,-1,-1,-1,-1
177,730,0.7859137536,0.4108116444,0.0024986598999999776,0.01125348399999998,-1,-1,-1,-1
178,730,0.7866473051,0.4108752382,0.0023182108999999507,0.01125348399999998,-1,-1,-1,-1
179,730,0.7872759376,0.4106027121,0.002812682199999972,0.011696028700000027,-1,-1,-1,-1
180,730,0.7876747475,0.4105141771,0.002812682199999972,0.011696028600000019,-1,-1,-1,-1
181,730,0.788400217,0.4104803562,0.002640021400000081,0.011696028600000019,-1,-1,-1,-1
182,730,0.7890078363,0.4104098415,0.0026591242999999265,0.011696028700000027,-1,-1,-1,-1
183,730,0.7893918047,0.4104098415,0.0023283500999999873,0.011696028700000027,-1,-1,-1,-1
184,730,0.790099053,0.4100882164,0.0023283500999999873,0.011696028600000019,-1,-1,-1,-1
185,730,0.7904718535,0.4099639017,0.002795195699999975,0.011696028599999964,-1,-1,-1,-1
186,730,0.7909413441,0.4095205736,0.002520848599999903,0.011696028600000019,-1,-1,-1,-1
187,730,0.7916843001,0.4097453063,0.002086918800000004,0.011696028699999972,-1,-1,-1,-1
188,730,0.7924804504,0.4097186675,0.0022516445999999357,0.011696028599999964,-1,-1,-1,-1
189,730,0.793552858,0.4091707426,0.002676463799999973,0.011696028599999964,-1,-1,-1,-1
190,730,0.7943372527,0.4085658837,0.0023734623000000177,0.011788742299999988,-1,-1,-1,-1
191,730,0.7949040211,0.4085299734,0.0027628677000000046,0.011788742299999988,-1,-1,-1,-1
192,730,0.795663435,0.4083501611,0.0025499438999999624,0.011788742299999988,-1,-1,-1,-1
193,730,0.7964930889,0.4082421692,0.002428566899999929,0.011788742299999988,-1,-1,-1,-1
194,730,0.7970799889,0.4082421692,0.0024285668000000316,0.011788742299999988,-1,-1,-1,-1
195,730,0.7972013658,0.4081343079,0.0029547784000000243,0.011788742299999988,-1,-1,-1,-1
196,730,0.7972419227,0.4076307812,0.0031368437999999,0.011788742299999988,-1,-1,-1,-1
197,730,0.7978812822,0.4076042729,0.002633261900000017,0.011788742299999988,-1,-1,-1,-1
198,730,0.7985957308,0.4074372576,0.002652217800000023,0.011788742299999988,-1,-1,-1,-1
199,730,0.7991638218,0.4069320333,0.0024066719999999986,0.012041419800000008,-1,-1,-1,-1
200,730,0.7999095698,0.4070268363,0.0026375233,0.012041419800000008,-1,-1,-1,-1
201,730,0.8003727417,0.405994058,0.0027619861000000023,0.0120414197,-1,-1,-1,-1
202,730,0.8008506082,0.4062601854,0.0027619861000000023,0.012041419800000008,-1,-1,-1,-1
203,730,0.8009456819,0.4067058641,0.0027619861000000023,0.012041419800000008,-1,-1,-1,-1
204,730,0.8011976527,0.4066716284,0.0027032418000000336,0.011965864699999995,-1,-1,-1,-1
205,730,0.8016358033,0.406557215,0.002644497600000073,0.011890309499999974,-1,-1,-1,-1
206,730,0.8025124181,0.4063339889,0.0025857532999999933,0.011814754400000016,-1,-1,-1,-1
207,730,0.8029678138,0.4064648813,0.0025270090999999217,0.011739199199999995,-1,-1,-1,-1
208,730,0.8032822889,0.4069524994,0.002468264800000064,0.011663644099999981,-1,-1,-1,-1
209,730,0.8037729148,0.4071478408,0.002409520499999984,0.011588089000000024,-1,-1,-1,-1
210,730,0.8044028667,0.4065986434,0.002560592599999967,0.011512533800000002,-1,-1,-1,-1
211,730,0.8044050243,0.4066477757,0.0025974537999999825,0.011436978699999989,-1,-1,-1,-1
212,730,0.804721079,0.4063977432,0.0022332877999999834,0.011361423600000031,-1,-1,-1,-1
213,730,0.8049898179,0.4060508056,0.0021745435000000146,0.01128586840000001,-1,-1,-1,-1
214,730,0.8054452363,0.4060981623,0.002115799200000046,0.011210313299999997,-1,-1,-1,-1
215,730,0.8058364662,0.4058231936,0.0020570549999999743,0.011134758099999975,-1,-1,-1,-1
216,730,0.8068477446,0.4056620385,0.0019983107000000055,0.011059203000000017,-1,-1,-1,-1
217,730,0.8072785395,0.4052198594,0.002268660900000108,0.010983647900000004,-1,-1,-1,-1
218,730,0.8077517528,0.405176741,0.0022334232999999815,0.010908092799999991,-1,-1,-1,-1
219,730,0.8080359452,0.4050282685,0.0022334233999999897,0.010908092799999991,-1,-1,-1,-1
220,730,0.8083199907,0.4049984957,0.0022334233999999897,0.010908092799999991,-1,-1,-1,-1
221,730,0.8082478405,0.404949266,0.0022334233999999897,0.010908092800000047,-1,-1,-1,-1
222,730,0.808324546,0.4048130683,0.0022334233999999897,0.010908092799999991,-1,-1,-1,-1
