80,373,0.9975227942,0.4109270795,0.0025193790999999965,0.008208818399999984,-1,-1,-1,-1
81,373,0.9939091125,0.4098304462,0.0041725150999999405,0.008744860300000046,-1,-1,-1,-1
82,373,0.9910445586,0.4089688618,0.003070865300000003,0.008431592399999965,-1,-1,-1,-1
83,373,0.9879155029,0.4083421955,0.003070865300000003,0.008431592499999974,-1,-1,-1,-1
84,373,0.9850509489,0.4074807417,0.003070865300000003,0.00843159240000002,-1,-1,-1,-1
85,373,0.9831120041,0.4073240425,0.0030708654000000113,0.00843159240000002,-1,-1,-1,-1
86,373,0.977634026,0.4061029639,0.0030802697999999795,0.008688970899999982,-1,-1,-1,-1
87,373,0.974217545,0.4052369396,0.0030708654000000113,0.008431592499999974,-1,-1,-1,-1
88,373,0.9714539426,0.4055180841,0.003070865300000003,0.008431592499999974,-1,-1,-1,-1
89,373,0.9687909978,0.4040803689,0.003070865300000003,0.00843159250000003,-1,-1,-1,-1
90,373,0.9666207609,0.4044800825,0.003070865300000003,0.00843159240000002,-1,-1,-1,-1
91,373,0.9646998904,0.4041169321,0.003070865300000003,0.00843159240000002,-1,-1,-1,-1
92,373,0.9627383161,0.4021558415,0.002391095799999965,0.008440080399999994,-1,-1,-1,-1
93,373,0.961389651,0.4020106336,0.002391095900000084,0.008440080299999986,-1,-1,-1,-1
94,373,0.9598367319,0.4013569368,0.002391095800000076,0.008440080299999986,-1,-1,-1,-1
