1,764,0.5652824115,0.445584112,0.0034131010999999267,0.020144466200000044,-1,-1,-1,-1
2,764,0.565216286,0.4451610241,0.0030608730000000195,0.01848867799999998,-1,-1,-1,-1
3,764,0.5647983733,0.4446261575,0.003056317699999922,0.01962357189999997,-1,-1,-1,-1
4,764,0.5645838329,0.4442682304,0.0034508662000000134,0.01981004399999997,-1,-1,-1,-1
5,764,0.5634198783,0.4437046356,0.0046080613000000215,0.01981004399999997,-1,-1,-1,-1
6,764,0.5641732675,0.4433652512,0.004174572300000068,0.019247885600000014,-1,-1,-1,-1
7,764,0.5634198783,0.4429143493,0.003509497400000061,0.019441670199999983,-1,-1,-1,-1
8,764,0.5633352377,0.4424928284,0.0033272850999999104,0.019367760499999997,-1,-1,-1,-1
9,764,0.5621933249,0.4419442506,0.0038859715000000294,0.019393877000000004,-1,-1,-1,-1
10,764,0.5615519082,0.441840568,0.0032618943000000122,0.018985806100000002,-1,-1,-1,-1
11,764,0.5594314858,0.4413837898,0.00473869579999997,0.01812239360000001,-1,-1,-1,-1
12,764,0.5587334951,0.4411141366,0.004318431899999919,0.018353655400000002,-1,-1,-1,-1
13,764,0.5573179699,0.4404603091,0.004329158899999963,0.01886762889999999,-1,-1,-1,-1
14,764,0.558184507,0.4397589496,0.00407817619999995,0.018897401699999983,-1,-1,-1,-1
15,764,0.5587036652,0.4397589496,0.004172074199999987,0.018370239499999996,-1,-1,-1,-1
16,764,0.5594527929,0.4396730262,0.0038398306999999354,0.017081519099999998,-1,-1,-1,-1
17,764,0.5582496038,0.4393600196,0.003819552199999965,0.01810829060000002,-1,-1,-1,-1
18,764,0.5561706201,0.4387196421,0.0036430707000000284,0.018054882400000027,-1,-1,-1,-1
19,764,0.5540497569,0.4389731031,0.004419383400000032,0.017716020300000024,-1,-1,-1,-1
20,764,0.5513787301,0.4383681136,0.004372801699999984,0.01802249779999998,-1,-1,-1,-1
21,764,0.5499292605,0.4381743289,0.003380038400000007,0.01802249779999998,-1,-1,-1,-1
22,764,0.5459339616,0.4380142346,0.0045707371,0.017865798599999982,-1,-1,-1,-1
23,764,0.5444022025,0.4379771491,0.003126998499999978,0.016922077599999974,-1,-1,-1,-1
24,764,0.5404643593,0.4374054581,0.004154440799999937,0.016922077700000038,-1,-1,-1,-1
25,764,0.5382366668,0.4373579261,0.003521105999999996,0.016922077599999974,-1,-1,-1,-1
26,764,0.5344811828,0.4370923209,0.00441350549999997,0.016922077699999982,-1,-1,-1,-1
27,764,0.5327723545,0.4365702514,0.0035988402000000086,0.015918810999999977,-1,-1,-1,-1
28,764,0.5293057652,0.4367620773,0.003854819100000073,0.015918810999999977,-1,-1,-1,-1
29,764,0.5273015767,0.4362639044,0.003058227999999996,0.015918811099999985,-1,-1,-1,-1
30,764,0.5245813231,0.4360071789,0.003058227999999996,0.015918810999999977,-1,-1,-1,-1
31,764,0.5221405598,0.4361487305,0.003058227999999996,0.015918810999999977,-1,-1,-1,-1
32,764,0.5184566382,0.4354806696,0.003060726000000069,0.015520664399999995,-1,-1,-1,-1
33,764,0.5157660676,0.4353824714,0.003617943099999965,0.015879505599999955,-1,-1,-1,-1
34,764,0.5138468135,0.4352844038,0.002551560199999914,0.015881595000000026,-1,-1,-1,-1
35,764,0.5110776271,0.4349340505,0.0030783595999999136,0.01588159499999997,-1,-1,-1,-1
36,764,0.5087091609,0.4346756274,0.0030965808000000816,0.016054225300000002,-1,-1,-1,-1
37,764,0.5082958035,0.4347388294,0.0030965806999999623,0.01726733829999999,-1,-1,-1,-1
38,764,0.5044718429,0.4340586243,0.0032051733999999277,0.01605422520000005,-1,-1,-1,-1
39,764,0.5029193646,0.4336602166,0.003363286700000079,0.016054225199999994,-1,-1,-1,-1
40,764,0.5003985143,0.4335246808,0.003369644499999991,0.015991040000000012,-1,-1,-1,-1
41,764,0.5004124725,0.4331457389,0.003376002300000014,0.015927854699999966,-1,-1,-1,-1
42,764,0.4991590265,0.4328885,0.003382360100000037,0.015864669599999992,-1,-1,-1,-1
43,764,0.4979055805,0.4326312612,0.003388717899999949,0.0158014843,-1,-1,-1,-1
44,764,0.4966521344,0.4323740223,0.003395075699999972,0.01573829910000002,-1,-1,-1,-1
45,764,0.4953986884,0.4321167835,0.003401433499999995,0.01567511380000003,-1,-1,-1,-1
46,764,0.4941452424,0.4318595446,0.0034077912999999627,0.015611928600000047,-1,-1,-1,-1
47,764,0.4928917963,0.4316023058,0.0034141490999999857,0.015548743400000009,-1,-1,-1,-1
48,764,0.4915113894,0.4311758318,0.003420507000000017,0.015485558099999963,-1,-1,-1,-1
49,764,0.4900559098,0.430899789,0.0034268646999999763,0.015422372900000036,-1,-1,-1,-1
50,764,0.4869556921,0.4304736415,0.002826051499999982,0.015359187699999999,-1,-1,-1,-1
51,764,0.4862993972,0.4301839528,0.0027772118000000123,0.015296002500000017,-1,-1,-1,-1
52,764,0.4855179414,0.4296290181,0.0033187623,0.015232817300000034,-1,-1,-1,-1
53,764,0.4850919467,0.4294296902,0.0027384086000000196,0.015169631999999988,-1,-1,-1,-1
54,764,0.4844608161,0.4289366492,0.0027785908999999887,0.015106446699999998,-1,-1,-1,-1
55,764,0.4840874278,0.4286556625,0.0025294268999999647,0.014125100700000004,-1,-1,-1,-1
56,764,0.4838451011,0.4281421735,0.0025248378000000127,0.014153731499999989,-1,-1,-1,-1
57,764,0.4837821295,0.4276406166,0.002520248700000005,0.014626956699999971,-1,-1,-1,-1
58,764,0.4824596336,0.4277901862,0.002515659700000006,0.014210993200000022,-1,-1,-1,-1
59,764,0.4817578981,0.427554128,0.0025110705999999983,0.014484403300000004,-1,-1,-1,-1
60,764,0.4806600713,0.4269591199,0.0025064814999999907,0.014472237599999993,-1,-1,-1,-1
61,764,0.4803439352,0.4274254093,0.0025018924999999914,0.014460071899999982,-1,-1,-1,-1
62,764,0.4802158159,0.4267006868,0.002497303399999984,0.01444790629999998,-1,-1,-1,-1
63,764,0.4787337414,0.4261658751,0.0024927143999999846,0.014435740600000024,-1,-1,-1,-1
64,764,0.478904656,0.4258348376,0.0024881253000000325,0.014423574899999958,-1,-1,-1,-1
65,764,0.4787774183,0.4255800605,0.002483536200000025,0.014411409200000003,-1,-1,-1,-1
66,764,0.4780236057,0.4246472647,0.002449699599999966,0.014348223999999965,-1,-1,-1,-1
67,764,0.4756893624,0.424206606,0.002867040000000043,0.014285038800000038,-1,-1,-1,-1
68,764,0.4743144628,0.4239065756,0.002365152699999984,0.014641350300000022,-1,-1,-1,-1
69,764,0.4716716067,0.4239907644,0.002766650399999959,0.014956063299999989,-1,-1,-1,-1
70,764,0.4706711644,0.4236684493,0.0023335656999999843,0.014919457999999997,-1,-1,-1,-1
71,764,0.4679091335,0.4234403559,0.0024285063999999745,0.014882852599999996,-1,-1,-1,-1
72,764,0.4670441885,0.4231209853,0.002399294499999982,0.014846247200000051,-1,-1,-1,-1
73,764,0.4650959083,0.4228016146,0.002370082699999998,0.014809641799999995,-1,-1,-1,-1
74,764,0.4634155875,0.4225516794,0.0027192248999999835,0.014372189899999999,-1,-1,-1,-1
75,764,0.4614519559,0.4222600883,0.0029583051000000027,0.014313297100000011,-1,-1,-1,-1
76,764,0.4604602213,0.4222292708,0.0024320935999999627,0.013724891500000003,-1,-1,-1,-1
77,764,0.4588482301,0.4217906436,0.0022686903000000425,0.014202432399999965,-1,-1,-1,-1
78,764,0.4575680416,0.4214042495,0.0022686903000000425,0.01420243240000002,-1,-1,-1,-1
79,764,0.4561314895,0.4211560505,0.0022952987000000036,0.014153063800000032,-1,-1,-1,-1
80,764,0.4546949375,0.4209078515,0.00232190710000002,0.014103695299999996,-1,-1,-1,-1
81,764,0.4532583854,0.4206596525,0.0023485154999999813,0.014054326700000008,-1,-1,-1,-1
82,764,0.4518218333,0.4204114535,0.002375123899999998,0.014004958200000028,-1,-1,-1,-1
83,764,0.4503852812,0.4201632545,0.002401732400000023,0.013955589599999985,-1,-1,-1,-1
84,764,0.4487859724,0.4181202228,0.002428340799999984,0.013906221100000005,-1,-1,-1,-1
85,764,0.4474229273,0.4195395253,0.0024549492000000006,0.013856852600000025,-1,-1,-1,-1
86,764,0.4458617578,0.4191738001,0.0024815576000000172,0.013807483900000028,-1,-1,-1,-1
87,764,0.444691904,0.4189471453,0.0025081659999999784,0.013758115500000001,-1,-1,-1,-1
88,764,0.4429273294,0.4186741338,0.002534774399999995,0.013708746800000005,-1,-1,-1,-1
89,764,0.4412631479,0.4187122485,0.0025613828000000116,0.013659378300000025,-1,-1,-1,-1
90,764,0.4396816566,0.4188200943,0.0023472010999999737,0.013418781599999985,-1,-1,-1,-1
91,764,0.4379006012,0.4184854934,0.0025554996999999635,0.013353477299999972,-1,-1,-1,-1
92,764,0.4361285094,0.4183990699,0.0026771006000000375,0.013288173100000022,-1,-1,-1,-1
93,764,0.4344909987,0.418071227,0.002447375899999993,0.013386451700000024,-1,-1,-1,-1
94,764,0.4328300747,0.41805949,0.002218581900000016,0.013216025900000039,-1,-1,-1,-1
95,764,0.4296011602,0.4179932183,0.002742525100000004,0.014478826599999994,-1,-1,-1,-1
96,764,0.4289542324,0.4184215939,0.0024885212999999906,0.01302451910000002,-1,-1,-1,-1
97,764,0.4267574795,0.4175140506,0.002500734200000021,0.01295907949999997,-1,-1,-1,-1
98,764,0.4252438372,0.4172709532,0.002512947000000043,0.012893639899999976,-1,-1,-1,-1
99,764,0.4241799948,0.4169304673,0.0021960902000000004,0.012828200299999981,-1,-1,-1,-1
100,764,0.4229537007,0.4167981426,0.0027321817000000026,0.012672573100000029,-1,-1,-1,-1
101,764,0.4221624252,0.4165887741,0.0023583269999999934,0.012603034100000021,-1,-1,-1,-1
102,764,0.4204844555,0.416514712,0.002851916699999957,0.012475345999999998,-1,-1,-1,-1
103,764,0.4195588463,0.4161195688,0.002310128899999986,0.012640402499999981,-1,-1,-1,-1
104,764,0.4180544192,0.4159432822,0.0021790535999999805,0.012549386400000029,-1,-1,-1,-1
105,764,0.4163423581,0.4157489752,0.0024412042000000467,0.012571324200000011,-1,-1,-1,-1
106,764,0.4143337612,0.4155960629,0.0025740429000000176,0.012492060599999966,-1,-1,-1,-1
107,764,0.4132376954,0.4154230408,0.002438853100000027,0.01251269270000005,-1,-1,-1,-1
108,764,0.4112370335,0.4152074489,0.0027264253000000016,0.01249728379999998,-1,-1,-1,-1
109,764,0.4104114942,0.4150038705,0.002406525100000001,0.01241645320000001,-1,-1,-1,-1
110,764,0.4083826188,0.4147130629,0.0027083509999999977,0.012433428900000043,-1,-1,-1,-1
111,764,0.4073892678,0.4145700748,0.0026125425999999896,0.01237584199999997,-1,-1,-1,-1
112,764,0.4053953655,0.4145444806,0.002756548999999997,0.012099920900000005,-1,-1,-1,-1
113,764,0.4043657189,0.4141828972,0.0024723567000000113,0.012301932199999976,-1,-1,-1,-1
114,764,0.4025015694,0.4141327535,0.0028940899000000075,0.01225387779999998,-1,-1,-1,-1
115,764,0.4015593554,0.41393923,0.0025204077000000047,0.012138965000000002,-1,-1,-1,-1
116,764,0.4001840932,0.4136955627,0.0020745754000000005,0.012181534999999966,-1,-1,-1,-1
117,764,0.3992123432,0.4134077585,0.0020745754000000005,0.012181535000000021,-1,-1,-1,-1
118,764,0.3981674364,0.4132174691,0.0020735867999999713,0.01213571339999997,-1,-1,-1,-1
119,764,0.3975792359,0.4130271797,0.002072598300000006,0.012089891799999974,-1,-1,-1,-1
120,764,0.3967626823,0.4128368903,0.002071609799999985,0.012044070200000034,-1,-1,-1,-1
121,764,0.3959461287,0.4126466009,0.0020706212000000113,0.011998248699999992,-1,-1,-1,-1
122,764,0.3951295751,0.4124563115,0.002069632599999982,0.011952427099999996,-1,-1,-1,-1
123,764,0.3943130215,0.412266022,0.002068644099999961,0.011906605600000009,-1,-1,-1,-1
124,764,0.3934964678,0.4120757326,0.0020676555999999957,0.011860783999999958,-1,-1,-1,-1
125,764,0.3926799142,0.4118854432,0.0020666671000000303,0.011814962400000018,-1,-1,-1,-1
126,764,0.3918633606,0.4116951538,0.002065678500000001,0.01176914090000003,-1,-1,-1,-1
127,764,0.391046807,0.4115048644,0.0020646899000000274,0.011723319299999979,-1,-1,-1,-1
128,764,0.3902302533,0.411314575,0.0020637015000000147,0.011677497699999984,-1,-1,-1,-1
129,764,0.3894136997,0.4111242856,0.0020627128999999855,0.011631676100000043,-1,-1,-1,-1
130,764,0.3885971461,0.4109339962,0.002061724300000012,0.011585854499999992,-1,-1,-1,-1
131,764,0.3877805925,0.4107437068,0.002060735799999991,0.011540033000000005,-1,-1,-1,-1
132,764,0.3869640389,0.4105534174,0.002059747200000017,0.01149421140000001,-1,-1,-1,-1
133,764,0.3861474852,0.410363128,0.0020587588000000046,0.011448389799999958,-1,-1,-1,-1
134,764,0.3853309316,0.4101728386,0.002057770200000031,0.011402568200000018,-1,-1,-1,-1
135,764,0.384514378,0.4099825492,0.0020567816000000017,0.011356746600000023,-1,-1,-1,-1
136,764,0.3836978244,0.4097922598,0.0020557930999999807,0.01131092509999998,-1,-1,-1,-1
137,764,0.3828812708,0.4096019703,0.002054804500000007,0.011265103599999993,-1,-1,-1,-1
138,764,0.3820647171,0.4094116809,0.002053815999999986,0.011219281999999997,-1,-1,-1,-1
139,764,0.3812481635,0.4092213915,0.002052827499999965,0.011173460400000002,-1,-1,-1,-1
140,764,0.3804316099,0.4090311021,0.0020518388999999915,0.011127638800000006,-1,-1,-1,-1
141,764,0.3796150563,0.4088408127,0.0020508503000000178,0.011081817300000019,-1,-1,-1,-1
142,764,0.3787985026,0.4086505233,0.002049861900000005,0.011035995699999968,-1,-1,-1,-1
143,764,0.377981949,0.4084602339,0.0020488733000000314,0.010990174099999972,-1,-1,-1,-1
144,764,0.3773768951,0.408304117,0.0020478847000000022,0.010944352499999976,-1,-1,-1,-1
145,764,0.3769950131,0.4082956068,0.0020468961999999813,0.010898530999999989,-1,-1,-1,-1
146,764,0.3763843214,0.4079687221,0.002045907700000016,0.010528757100000008,-1,-1,-1,-1
147,764,0.3756579532,0.4077811692,0.0020449190999999867,0.010542112699999995,-1,-1,-1,-1
148,764,0.3748524598,0.4076656717,0.0020439306000000212,0.01076925179999999,-1,-1,-1,-1
149,764,0.3746938771,0.4077321054,0.002042941999999992,0.010723694200000022,-1,-1,-1,-1
150,764,0.3738910029,0.4074569756,0.0020419535000000266,0.010678136700000007,-1,-1,-1,-1
151,764,0.3734607468,0.4072460846,0.0019224867999999562,0.01073938000000002,-1,-1,-1,-1
152,764,0.3724819433,0.4070538669,0.002036075699999973,0.010789393199999997,-1,-1,-1,-1
153,764,0.3717670539,0.406963112,0.002283972600000017,0.010551863200000011,-1,-1,-1,-1
154,764,0.3713544312,0.4068965148,0.0021656815000000162,0.010423108700000017,-1,-1,-1,-1
155,764,0.371069651,0.4066678645,0.002057970500000006,0.010398689800000027,-1,-1,-1,-1
156,764,0.3704317609,0.4065105124,0.0020579705999999587,0.010398689799999972,-1,-1,-1,-1
157,764,0.3696116585,0.4062130451,0.002057970600000014,0.010398689799999972,-1,-1,-1,-1
