0,1259,0.11856099880000001,0.2405501892,0.0832517786,0.1744974918
0,1259,0.0789010922,0.22505857935,0.0582772296,0.1646284453
0,1259,0.7977571868000001,0.76382165335,0.5352435356,0.5325694073
0,1259,0.9328380097,0.6723058575,0.6242640974,0.4603651562
0,1259,0.92726995405,0.67108947995,0.6206368967,0.4608511849
0,1259,1.00131883505,0.6629214033499999,0.6704155381,0.4531606491
0,1259,0.9979014725500001,0.6623726296,0.6674780993,0.4533673614
0,1259,0.91645587345,0.6691863028,0.6139862941,0.4583906156
0,1259,0.9387415620499999,0.6697404891000001,0.6282565933,0.4594896516
0,1259,0.9207140115,0.6679265207,0.6164335902,0.4591236726
0,1259,0.9431608570500001,0.6692824163,0.6310562609,0.4588611516
0,1259,0.9556039839,0.66895536735,0.6400504728,0.4591267101
0,1259,1.01814011775,0.65800614105,0.6811069927,0.4505111267
0,1259,0.9771590984,0.6671059903,0.653455686,0.4574862
0,1259,0.9723026993,0.6661496681,0.6505476362,0.4566075092
0,1259,1.05659830475,0.64949580725,0.7065010709,0.4417882043
0,1259,1.05270248785,0.6482294165,0.7040353269,0.4411397308
0,1259,0.9172365353499999,0.66620545185,0.6144917469,0.4568621621
0,1259,0.92944190725,0.6670819730499999,0.6226693541,0.4585763309
0,1259,0.9091120559,0.6681503904499999,0.6089276982,0.4575606321
0,1259,0.9608604271,0.66525635205,0.6439948992,0.4572293439
0,1259,1.16502727015,0.62817459535,0.7790077599,0.4255109439
0,1259,1.05372397885,0.66172304615,0.7061823463,0.4518584787
0,1259,1.06164360215,0.66100745315,0.7103379627,0.4526644349
0,1259,0.9970966525,0.6741637878,0.6685158278,0.4614920846
0,1259,1.0417784185999999,0.66885227235,0.698066404,0.4576120817
0,1259,1.1862430288999999,0.63104428005,0.7928874892,0.4288747535
0,1259,0.30448067435000004,0.630252492,0.2053434349,0.4272475628
0,1259,0.3478224085,0.6294645561500001,0.234578152,0.4281164599
0,1259,0.3856381007,0.63187020195,0.2590742212,0.4279844371
0,1259,0.39087473380000004,0.6327200475,0.2625663312,0.4283581684
0,1259,1.08821948885,0.64127203715,0.7281796343,0.4388251529
0,1259,1.09610156865,0.642590719,0.7328170847,0.438279448
0,1259,1.0925585666,0.6421271577000001,0.730221147,0.4384220442
0,1259,1.0350927696,0.6540144246999999,0.6927679932,0.446364474
0,1259,1.0414729926000001,0.65085784975,0.6965950396,0.4435391873
0,1259,1.14440436265,0.6239932729,0.7648304661,0.4239153542
0,1259,1.14748551415,0.62456737965,0.7665717693,0.4235895505
0,1259,1.2297146261,0.59788999295,0.8206348982,0.4026231969
0,1259,1.18261149335,0.61737710605,0.7898338165,0.4183944495
0,1259,1.18630959515,0.61807618035,0.7925921289,0.4190950255
0,1259,1.1784137037,0.6193782202,0.7871964402,0.4202263938
0,1259,1.1706463159,0.6221179099,0.782202941,0.421936635
0,1259,1.2470934631000001,0.6053062869,0.8324462552,0.40816819
0,1259,1.05297529205,0.66530205605,0.7053506353,0.4557420073
0,1259,1.11628532865,0.64918534695,0.7470018727,0.4415067987
0,1259,1.2122401711,0.6242462116,0.8099537298,0.4232331904
0,1259,1.2194614362,0.6213280806,0.814632031,0.4210746588
0,1259,1.0685065408,0.66737335835,0.7166092992,0.4570021301
0,1259,1.1581066553000001,0.6485642305,0.7748061496,0.4402786686
0,1259,1.1449187451,0.65037162525,0.7665786758,0.4417537305
0,1259,1.2275398339999999,0.6174744554,0.819903404,0.4171566564
0,1259,1.2232464563,0.6200033846499999,0.817442803,0.4202027583
0,1259,1.2398832489,0.6137441002999999,0.828316029,0.4150691618
0,1259,1.22765966795,0.61955248275,0.8202335903,0.4186430789
0,1259,1.2419791314,0.6124135935,0.8292788154,0.413791541
0,1259,1.2477652541,0.60783314515,0.8333971076,0.4103741925
0,1259,1.24782939585,0.6075726327,0.8333631633,0.409818955
0,1259,1.24532742965,0.61020374285,0.8316848997,0.4124128491
0,1259,1.2454955352,0.6101334894,0.8317292772,0.4123339772
0,1259,1.2544005009,0.6099608591,0.8377071636,0.4123519976
0,1259,1.2477739973,0.6077566237,0.833331423,0.4104830984
0,1259,1.27036707555,0.5910876152,0.8482503503,0.3975496684
0,1259,1.2625155614999999,0.5981281758,0.8428487838,0.4025563386
0,1259,1.2566013759,0.60169151565,0.8390098348,0.4059582783
0,1259,1.2622964659,0.61028450825,0.8429013902,0.4110201849
0,1259,1.2558740607,0.6077573719,0.8385891124,0.409715463
0,1259,1.2556735244000001,0.6070447897,0.8387433454,0.4109152368
0,1259,1.26766085525,0.59800046595,0.8461474145,0.4027968719
0,1259,1.2526023299,0.6018675411500001,0.8363920022,0.4060562153
0,1259,1.2525527357,0.59799047635,0.8363078024,0.4035896393
0,1259,1.2722031585,0.60135461235,0.849745373,0.4047287119
0,1259,1.2676730516999999,0.6043928794,0.8467548868,0.4071147184
0,1259,1.2487461882,0.60248330365,0.8338069384,0.4060427653
0,1259,1.25039719345,0.59809938235,0.8347231431,0.4032550865
0,1259,1.2565872691,0.5987280072500001,0.8389343048,0.4032984399
0,1259,1.26231049915,0.5985948128999999,0.8427331377,0.4035851994
0,1259,1.262853389,0.5974802246,0.8430759614,0.4024581404
0,1259,1.2526299556,0.59826319825,0.8361371988,0.4039509615
0,1259,1.2495189742,0.5939149259000001,0.8340170704,0.4011849594
0,1259,1.2584311402,0.5988454011,0.8402885538,0.4042532604
0,1259,1.25211638135,0.5987085504,0.8359194257,0.4037980492
0,1259,1.2593740889,0.59679029105,0.8407094054,0.4015394913
0,1259,1.25568362835,0.5950719537,0.8382391061,0.401055552
0,1259,1.21037029065,0.6101594753999999,0.8082353501,0.4124786628
0,1259,1.2223112956,0.6017178934,0.8162975104,0.40631947
0,1259,1.050201036,0.6566813145,0.7041652266,0.448915537
0,1259,1.05192632215,0.65135830795,0.7034660603,0.4429355037
0,1259,0.42267480550000003,0.6370763995500001,0.2844894484,0.4333536411
0,1259,1.1165095306,0.6132359052,0.745707357,0.4147058156
0,1259,1.16897032995,0.5948062831500001,0.7802155043,0.4013886683
0,1259,1.16690244055,0.594645536,0.7788893219,0.4011217574
0,1259,1.1576562676,0.58955901455,0.7728629434,0.3969978261
0,1259,1.1573728833499999,0.5994223153,0.7728492775,0.402860988
0,1259,1.1590108068,0.59992727855,0.7740910128,0.4038938969
0,1259,1.3004247604,0.55560510445,0.867499906,0.3731248329
0,1259,1.29175211545,0.55569448825,0.8616507437,0.3729434535
0,1259,1.4810547683,0.61141731295,0.9891571916,0.4140342941
0,1259,1.4896810520000001,0.6139037376,0.9948692538,0.4169347964
0,1259,0.8620380183,0.71998942545,0.5784554802,0.4973874325
0,1259,0.89902160805,0.7091295177,0.6041628461,0.4882241854
0,1259,0.81441447835,0.7212071741,0.5478529217,0.4974262156
0,1259,0.90807102105,0.7159234075500001,0.6100810727,0.4910023317
0,1259,0.87336846505,0.7484586675,0.5869811063,0.5159372232
0,1259,0.44987015905000005,0.8016001339000001,0.3055006959,0.5672936898
0,1259,0.57614682075,0.85986919005,0.3936635373,0.6029238243
0,1259,0.46584724025,0.8997478318500001,0.3182684893,0.6382704639
0,1259,0.6269673787,0.8395719422000001,0.4250647442,0.5832126314
0,1259,0.62465644165,0.7686877513,0.4212113945,0.5389119382
0,1259,0.7192155230999999,0.77692173945,0.4871463906,0.5354247933
0,1259,0.5607061637999999,0.76001601725,0.3808133076,0.5249832071
0,1259,0.27545748515,0.69902790345,0.1875609823,0.4874472185
0,1259,0.29834162545,0.6916042133,0.2032552671,0.486632252
0,1259,0.17691030515,0.69718348855,0.1232074129,0.4879265875
0,1259,0.16790633494999999,0.70417703925,0.1171357017,0.4919784371
0,1259,0.3299696609,0.65987517075,0.2228825092,0.4503617401
0,1259,0.15064296705,0.70837004885,0.1042970807,0.4910429429
0,1259,0.1452929783,0.7059765991,0.0998076044,0.4892578778
0,1259,0.7580011779,0.69537857485,0.507712871,0.4789748843
0,1259,0.25960468305,0.70584457995,0.1766665227,0.4833479673
0,1259,0.29637986745,0.6894936709,0.2006285443,0.4780335138
0,1259,0.29473679725,0.70002823195,0.2003389149,0.4801255787
0,1259,0.3737929904,0.70255004455,0.2522732456,0.4819270973
0,1259,0.321864968,0.69179841845,0.2174394732,0.4788862395
0,1259,0.3132150731,0.6975764286,0.2126090776,0.4783947054
0,1259,0.30884296945,0.6916570993,0.2086574949,0.478198962
0,1259,0.15525404075,0.6830356396499999,0.1057406725,0.4718868569
0,1259,0.15771750705,0.6866365220999999,0.1082027429,0.4719345196
0,1259,0.3376688844,0.7010752438500001,0.2289418402,0.4817351407
0,1259,0.34339888865,0.6995442795,0.2338548867,0.4815717818
0,1259,0.31286802475,0.8703972873,0.2158588489,0.6218713698
0,1259,0.3241176148,0.8606504662500001,0.2245400168,0.6105676115
0,1259,0.34677046305000003,0.6625332464,0.2344561139,0.4513498592
0,1259,0.3435424764,0.6620010567,0.2317053692,0.4509339534
0,1259,0.3713165927,0.6634466068,0.2503484076,0.4519961128
0,1259,0.7110107523,0.70666973185,0.4772997252,0.4893051487
0,1259,0.7390692448,0.7354402934,0.4978009618,0.510598873
0,1259,0.350525761,0.7020893376,0.2370474212,0.4814750996
0,1259,0.30968481975,0.6599706267,0.2101532523,0.448837318
0,1259,0.7430997372,0.70359679525,0.4984591304,0.4837565605
0,1259,0.7761880978,0.69281256005,0.5199329988,0.4779784079
0,1259,0.37216461469999995,0.72854611605,0.2516039092,0.5082506049
0,1259,0.4560227899,0.68445097385,0.307060742,0.4734805717
0,1259,0.45694484609999997,0.68813535005,0.3081889154,0.4739232937
0,1259,0.44622841074999997,0.6863841058,0.3016204553,0.4752649
0,1259,0.40098105165,0.6805462116,0.2700414445,0.467998105
0,1259,0.47897020069999996,0.68227734605,0.323594232,0.4726839335
0,1259,0.38472293739999996,0.6634499367,0.259260941,0.4566423748
0,1259,0.2878024798,0.6517739525,0.1938801496,0.4479650258
0,1259,0.3006860294,0.6545006492,0.2037323254,0.4508266144
0,1259,0.752142758,0.69945151355,0.504358401,0.4812077173
0,1259,0.1265178175,0.6835477848,0.087201855,0.471823916
0,1259,0.12343679469999999,0.70790249755,0.08665092,0.4906403565
0,1259,0.40678870189999994,0.6823186754999999,0.273612512,0.4719567186
0,1259,0.40461589355,0.68283114715,0.2722247595,0.4709268131
0,1259,0.1713029415,0.7018108813,0.1217329626,0.4921199888
0,1259,0.10465334985,0.6991293008499999,0.0738103887,0.4912237999
0,1259,0.32057648745,0.6802730327,0.2180405475,0.4672357634
0,1259,0.3099625466,0.68228642155,0.2088006198,0.4698415405
0,1259,0.31248490135,0.67910190195,0.2132240441,0.4693758827
0,1259,0.30479344765,0.68012540895,0.2056451139,0.4706814483
0,1259,0.31385671025,0.6834177245499999,0.2142982151,0.4708126839
0,1259,0.19445286935,0.6876905853999999,0.1331628179,0.4773163538
0,1259,0.21015990155,0.69391095625,0.1432019083,0.4817852845
0,1259,0.23855978505000003,0.4589482036,0.1629158849,0.3192048978
0,1259,0.2506554609,0.46218547374999996,0.1712522036,0.3193485355
0,1259,0.306538204,0.45844095515,0.207082387,0.3178187627
0,1259,0.3252055252,0.45835176730000005,0.2188827652,0.3172050242
0,1259,0.34708209754999997,0.4638147586,0.2347932801,0.3186987594
0,1259,0.33898779290000003,0.45694591425,0.228842652,0.3181159689
0,1259,0.33099451335,0.45648672015,0.2236921417,0.3185436271
0,1259,0.2423375761,0.7032808609500001,0.1649448392,0.4798346041
0,1259,0.8007726537,0.7262459023500001,0.5393268548,0.5021048621
0,1259,0.51145806885,0.7130703721,0.3449548055,0.4967329522
0,1259,0.77952305345,0.7171778761000001,0.5230771605,0.4980900718
0,1259,0.78722957635,0.7171907124,0.5276169705,0.4953382858
0,1259,0.78224158765,0.7129424010500001,0.5243741301,0.4934981583
0,1259,0.77784182145,0.7128304917,0.5206336345,0.491614895
0,1259,0.37968711795,0.8111380881,0.2600751655,0.5760681924
0,1259,0.40740939935,0.7828534246000001,0.2787254777,0.5535524754
0,1259,0.39880074905,0.78372425865,0.2709003405,0.5541410115
0,1259,0.5003251902,0.7129971804499999,0.33799694,0.4973666699
0,1259,0.07442083664999999,0.8642095621999999,0.0594976847,0.6044125974
0,1259,0.09994430035,0.86138166385,0.0783510755,0.6032237727
0,1259,0.1854607283,0.8013853255000001,0.130267185,0.5702691466
0,1259,0.1963355707,0.7985915744500001,0.1363416146,0.5662559493
0,1259,0.20377119245,0.80107512625,0.1449277087,0.5702345421
0,1259,0.20913385525,0.7915525809499999,0.1467360925,0.5629588675
0,1259,0.2264783003,0.79752353885,0.1572337996,0.5625079655
0,1259,0.1378545278,0.70532890905,0.0962914944,0.4901296477
0,1259,0.30959790145,0.77367189595,0.2118836815,0.5413315045
0,1259,0.66794347535,0.68775959835,0.4480909439,0.4732446555
0,1259,0.6540692565,0.68726527765,0.4384335442,0.4733079881
0,1259,0.64599827955,0.6821607358,0.4336166735,0.471831751
0,1259,0.65906253525,0.6824306501499999,0.4427580009,0.4717677655
0,1259,0.8100023688,0.71314898285,0.5433101042,0.4921293907
0,1259,0.8051611051,0.71406613015,0.5397619602,0.4919965881
0,1259,0.7209154611499999,0.69476594625,0.4830297147,0.4785963251
0,1259,0.7457119123,0.6988745994000001,0.4995278644,0.480777578
0,1259,0.77188006235,0.7072399211,0.5170943807,0.4887215748
0,1259,0.13706539425,0.7058362227,0.0958642507,0.4889909668
0,1259,0.69799484165,0.6972995112,0.4685419253,0.4799938208
0,1259,0.7628550788999999,0.7261543639,0.5117571028,0.5024341916
0,1259,0.7406373728,0.7259232978,0.4967877732,0.503650308
0,1259,0.78941796095,0.7185775656,0.5292247983,0.4969123728
0,1259,0.15616624105000002,0.70531278205,0.1080851131,0.4889918809
0,1259,0.15210327385,0.7053938739,0.1052358415,0.4892681938
0,1259,0.76343661545,0.72685285055,0.5130441977,0.5057755409
0,1259,0.7459256445,0.7398453692,0.5007356088,0.5127177074
0,1259,0.6368362328,0.6963514157,0.4293864088,0.4837014546
0,1259,0.5953602279,0.8192318630500001,0.4016955738,0.5819668727
0,1259,0.71912287395,0.7649814886,0.4828148805,0.5338407602
0,1259,0.5905354221,0.8304218838999999,0.3997027,0.5833029946
0,1259,0.57976035555,0.8256079537000001,0.3928609215,0.5833029946
0,1259,0.6680566233,0.7848540817,0.4502648544,0.5506127984
0,1259,0.5618026705,0.8416103376499999,0.3809022096,0.5966414921
0,1259,0.5493594796000001,0.8449298144,0.3726960428,0.5973425904
0,1259,0.2021104521,0.7551078717499999,0.1397384048,0.5306631615
0,1259,0.29171232994999996,0.78453702695,0.2004602183,0.5551090209
0,1259,0.31372005105,0.8068210902,0.2170679893,0.5694352456
0,1259,0.28506911135,0.8079591182,0.1964298729,0.571658285
0,1259,0.26268241805000003,0.81958776615,0.1817678063,0.5822793571
0,1259,0.1999250799,0.94949406185,0.1440017322,0.6904639655
0,1259,0.1634890822,1.05698098875,0.1195788162,0.7521409029
0,1259,0.14227861349999998,1.0526548501,0.1056973236,0.749827892
0,1259,0.1369943461,1.0472573460999999,0.1001663716,0.7475150118
0,1259,0.01315334135,0.83161136145,0.0163239459,0.5967044329
0,1259,0.8047085867000001,0.74713501625,0.5432902666,0.5166312701
0,1259,0.7944990396,0.72086628805,0.5336493248,0.5014835497
0,1259,1.07815468295,0.65176115545,0.7210799665,0.4463625153
0,1259,0.8316028306000001,0.7009868394,0.558055342,0.4840420142
0,1259,0.8319778353,0.7196908481,0.5581596732,0.49930974
0,1259,0.8293161396,0.6725914418,0.5558580672,0.459906811
0,1259,1.0303150598,0.65877612175,0.6887447746,0.4519596803
0,1259,0.42165306635,0.67695140655,0.2838326837,0.4671266665
0,1259,1.1382437495,0.6339733799,0.7604786776,0.4317864858
0,1259,0.1217020673,0.68731372385,0.0842438806,0.4752625495
0,1259,0.598546078,0.6273529691499999,0.400693553,0.4273192527
0,1259,0.5955880106,0.62720039335,0.3985844768,0.4271866207
0,1259,0.6159290594,0.62027532315,0.4119012268,0.4209341519
0,1259,1.02201528875,0.6611693104,0.6838782363,0.454238609
0,1259,1.0126981412,0.66087798035,0.6778304038,0.4543778101
0,1259,0.42088341230000004,0.68361927885,0.2842688466,0.4744168961
0,1259,1.2024042327,0.61506533575,0.8031190046,0.4180010039
0,1259,1.18572776485,0.6206665488,0.7919795135,0.4215343098
0,1259,1.1821389169,0.62074137265,0.7900063304,0.4224619691
0,1259,0.59056166655,0.62410372955,0.3951928277,0.4242866987
0,1259,1.17584957965,0.6213295823,0.7856092827,0.4198431336
0,1259,0.63483410155,0.6291203403,0.4243520589,0.4270806782
0,1259,0.8647951551499999,0.6622423082,0.5794976171,0.4530299358
0,1259,0.84986528045,0.6739714394999999,0.5687525275,0.4608501402
0,1259,0.8670800095,0.67087140685,0.5807440082,0.4604421999
0,1259,0.6378484663999999,0.6302439388500001,0.4266977486,0.4279627641
0,1259,0.6353134375,0.6294654049999999,0.4250235994,0.4279134038
0,1259,0.63186587765,0.62939025465,0.4232207261,0.4279493141
0,1259,1.18473816095,0.6209243843000001,0.7910797667,0.4221374712
0,1259,0.5633006549999999,0.61688313345,0.3768963904,0.4184349235
0,1259,0.6827793785,0.6240327741,0.4562957882,0.4232868598
0,1259,0.682133186,0.62407227545,0.455970598,0.4230542921
0,1259,0.679282445,0.6230581704,0.4543762402,0.423989264
0,1259,0.7656536543500001,0.6576448188,0.5118708385,0.4483189048
0,1259,0.5930512745500001,0.6099202479,0.3964719581,0.4119871496
0,1259,0.6655755969,0.6527960230500001,0.4456736918,0.4456941931
0,1259,0.66077709435,0.6256619236,0.4419971175,0.4246736478
0,1259,0.66266967785,0.62545462355,0.4431363853,0.4241347331
0,1259,0.65580078785,0.62218939335,0.4387710779,0.4224043821
0,1259,0.68090035085,0.62699945985,0.4554292805,0.4257822947
0,1259,0.65252199475,0.62116380755,0.4366521249,0.4210602947
0,1259,0.6836480463,0.6257356375,0.4574991242,0.4255536444
0,1259,0.67569450305,0.6220789742999999,0.4519180905,0.4224519884
0,1259,0.6666794894,0.61583019405,0.4457924062,0.4178154151
0,1259,0.6158668465,0.6157223543,0.4117604164,0.4175005622
0,1259,0.6145524084,0.61456294615,0.4108993462,0.4163824499
0,1259,0.6116913146,0.61612617895,0.4090594098,0.4181060725
0,1259,0.6438341409499999,0.62194142735,0.4307408047,0.4218725189
0,1259,0.6433930843,0.6296343137,0.4301887308,0.427366393
0,1259,0.6402149488,0.6222170874,0.428204086,0.4222258756
0,1259,0.6187538646999999,0.61548365735,0.4138434044,0.4168034303
0,1259,0.65115947885,0.62427895825,0.4354426393,0.4231100139
0,1259,0.68268312925,0.62438822015,0.4563122461,0.4229470837
0,1259,0.6662815962499999,0.62229817925,0.4456315185,0.4223245961
0,1259,0.6906547344,0.6251831307,0.4616136866,0.4241891016
0,1259,0.69250264645,0.6231166061,0.4630092099,0.422898594
0,1259,0.66124386655,0.623006982,0.4423628647,0.4227657044
0,1259,0.6888021568,0.6233462357499999,0.460565875,0.4228931531
0,1259,0.6249507733,0.616092042,0.4178466384,0.4181178754
0,1259,0.61340449875,0.6148960238000001,0.4100773331,0.416827798
0,1259,0.59070947895,0.61022796595,0.3948395415,0.4129298259
0,1259,0.6028065098,0.6120450001,0.4030109662,0.4141481192
0,1259,0.6612749262500001,0.6190191817,0.4423967657,0.4198480314
0,1259,0.60007967375,0.604492971,0.4011739175,0.4083418038
0,1259,0.8907937667999999,0.66568172515,0.5964656982,0.4563733745
0,1259,0.8993556148999999,0.6666580917,0.6032062314,0.4573083464
0,1259,0.6933614323,0.6264464641999999,0.463713152,0.4257029004
0,1259,0.6689629092,0.65366772765,0.4476664186,0.4447222663
0,1259,0.6325246339,0.6288829410000001,0.4232221956,0.4272608822
0,1259,0.5379004556,0.6221212398,0.359816424,0.4219174394
0,1259,0.56610494575,0.620050747,0.3788527619,0.4202158166
0,1259,0.6284210362,0.61736429315,0.420235383,0.4181082123
0,1259,0.63442324215,0.62058088655,0.4246556481,0.4214013767
0,1259,0.8098571132500001,0.6508836399,0.5416527069,0.4443298654
0,1259,0.7239575985,0.70829535555,0.4871305204,0.4897572259
0,1259,0.73123058855,0.70708772705,0.4912154561,0.4882220961
0,1259,0.27300250485,0.67374559675,0.1853786225,0.4643363057
0,1259,0.6005895009,0.8047365991,0.4040392062,0.5620949326
0,1259,0.7562733937,0.73903418965,0.5076817186,0.5131781419
0,1259,0.7087018724,0.6909417021,0.4757839832,0.4763544818
0,1259,0.6251812572,0.73359679255,0.4219912338,0.5033208479
0,1259,0.64334826595,0.67906109495,0.4323664619,0.4689662449
0,1259,0.67041583205,0.68879609835,0.4501802139,0.4774255209
0,1259,0.648780691,0.63031053605,0.4340578036,0.4284929297
0,1259,0.63169556785,0.63065925705,0.4224874685,0.4288626093
0,1259,0.65297539485,0.629663303,0.4369737885,0.4286957246
0,1259,0.6504778371,0.63020489465,0.4351159576,0.4286005299
0,1259,0.6262621142,0.6173740374,0.4187127346,0.4190464488
0,1259,0.7442505401999999,0.6927278771500001,0.4988569116,0.4762524967
0,1259,0.66956009535,0.68704661695,0.4486632963,0.4739816641
0,1259,0.6389215353,0.68233943815,0.4278855084,0.4674377747
0,1259,0.640361233,0.68232154835,0.4301095272,0.4688381433
0,1259,0.6340581563500001,0.6800866259,0.4248829727,0.4675169078
0,1259,0.61708155235,0.6824831444,0.4142426551,0.464875351
0,1259,0.5676839404,0.68364957415,0.3815287848,0.4686589839
0,1259,0.66991526245,0.7102640851500001,0.4514346869,0.4851561455
0,1259,0.5593417022,0.7448351942,0.3781046628,0.5236785556
0,1259,0.55565285795,0.7228041348500001,0.3747197751,0.5058632925
0,1259,0.3459815866,0.81064513845,0.2394867902,0.5783113415
0,1259,0.3291491728,0.81364847455,0.2286872572,0.5809905061
0,1259,0.541894579,0.7019944151999999,0.3649868454,0.4878108912
0,1259,0.54064025295,0.70017154645,0.3639070905,0.4870643501
0,1259,0.4002447817,0.85616260105,0.2720526864,0.6078251143
0,1259,0.6773981639,0.69474772995,0.4549222894,0.4818171467
0,1259,0.6616769147,0.7209870117499999,0.4445873244,0.5014941269
0,1259,0.66775288715,0.7383298268,0.4481323825,0.5114808284
0,1259,0.63843889305,0.62203381465,0.4271538671,0.4224064715
0,1259,0.5569136496,0.6829183764,0.3732350386,0.4688719642
0,1259,0.55294972355,0.68024312925,0.3715796985,0.4700981355
0,1259,0.38010980645000003,0.68178380895,0.2565674315,0.4727595409
0,1259,0.5079797974,0.6879439158,0.3417669716,0.4750204492
0,1259,0.501502076,0.6881509546,0.3370240144,0.474654426
0,1259,0.49875757649999997,0.6721463508,0.3349323934,0.462640298
0,1259,0.6988738691,0.6950024314,0.468488731,0.4782894558
0,1259,0.41025257270000004,0.6615728760999999,0.2770142984,0.4507409522
0,1259,0.38050773455,0.6976893005,0.2578702495,0.476252105
0,1259,0.40070714545,0.69915097755,0.2709210597,0.4766458117
0,1259,0.41161696095,0.699214702,0.2777090563,0.4753752424
0,1259,0.71987956945,0.699623948,0.4831024527,0.4825034892
0,1259,0.582703011,0.67586475765,0.3918268666,0.4620990329
0,1259,0.5667766994,0.67613414965,0.3813098362,0.4612016687
0,1259,0.5627069726,0.6745747314,0.3785929624,0.4604962612
0,1259,0.55483488625,0.67306388995,0.3746017779,0.4602431919
0,1259,0.53070358345,0.6688059808,0.3577314155,0.4582170712
0,1259,0.52545506055,0.6658967295,0.3533067421,0.4512549256
0,1259,0.5993301787,0.6859157057,0.4024401462,0.4742037852
0,1259,0.74674825745,0.69489007645,0.5005579625,0.4782345905
0,1259,0.74185870965,0.6918428531499999,0.4971811461,0.4770395185
0,1259,0.75725888315,0.69386564405,0.5075554925,0.4782603359
0,1259,0.7521042951,0.707427144,0.5051034878,0.4889949496
0,1259,0.7585493578,0.7089542104000001,0.5103721422,0.4903447174
0,1259,0.66965340575,0.68940356885,0.4497683259,0.4779243467
0,1259,0.6697795583,0.6899895586,0.449888968,0.4784687458
0,1259,0.3754253335,0.8804170262,0.259188056,0.6292694004
0,1259,0.1757860992,0.68753630195,0.1205590156,0.4766956943
0,1259,0.6959628069,0.6932366926,0.4667223002,0.4768394658
0,1259,0.7534493231999999,0.69512485275,0.5051065002,0.4768270605
0,1259,0.5133094341,0.6946071577499999,0.3474662496,0.4833497955
0,1259,0.52110738655,0.6948602922,0.3506775947,0.4819965672
0,1259,0.67813612375,0.6888897913500001,0.4550468991,0.4766685331
0,1259,0.33315453745,0.6852288409,0.2254005291,0.4744012262
0,1259,0.5077171324,0.69337471845,0.3420868718,0.4790933227
0,1259,0.5706245386,0.6821807149,0.3843399976,0.4716356158
0,1259,0.5653854937,0.68102734345,0.3794431886,0.4707974057
0,1259,0.5653347975,0.6895085572999999,0.3815677254,0.479692436
0,1259,0.8949659879999999,0.67164563155,0.5987201348,0.4597871973
0,1259,0.9225891547,0.66172898775,0.6171951412,0.4529693455
0,1259,0.9122700598,0.6708823104999999,0.6102913516,0.460010363
0,1259,0.90850664075,0.6706326364499999,0.6084862741,0.4600897573
0,1259,0.9172741390000001,0.6704447933,0.6139843838,0.4599216974
0,1259,0.8513261382999999,0.67024304305,0.5694929854,0.4588887885
0,1259,0.846257697,0.6694380662,0.5663486474,0.4589842444
0,1259,0.8389102793000001,0.67217867,0.5612390614,0.4595944572
0,1259,1.4901843401,0.6898386051,0.9964189402,0.4759268236
0,1259,1.4859407769000001,0.68937249025,0.9944688276,0.4759817989
0,1259,0.7042993143,0.63361584455,0.4714648166,0.4286786183
0,1259,0.6306233072,0.65000514495,0.4228204468,0.4431443053
0,1259,0.6220741698,0.6507687924,0.4167377882,0.4393879642
0,1259,0.61958447365,0.6508173039,0.4148995011,0.4394559978
0,1259,0.8007449545,0.66475713455,0.5368130596,0.4512452625
0,1259,0.7971333300000001,0.6672747684,0.533150592,0.451527321
0,1259,0.55692760935,0.61536423945,0.3725508607,0.4170443553
0,1259,0.8793674382,0.66758875445,0.589369998,0.4591297135
0,1259,0.8746547517000001,0.6681750706,0.585363972,0.4590552814
0,1259,0.8682940724499999,0.67282479305,0.5814355333,0.4611794697
0,1259,0.68531808105,0.63157327045,0.4581833021,0.4285759803
0,1259,0.8612104952,0.66994139715,0.5762329308,0.4587260825
0,1259,0.4943377012,0.6357046621,0.3311054108,0.4326823814
0,1259,0.83357336865,0.670743697,0.5575586665,0.4590535838
0,1259,0.8487889053,0.6676806846500001,0.567841172,0.4569113751
0,1259,0.8439255262500001,0.6671477114,0.5647475301,0.4568984474
0,1259,0.6424566011,0.6102284230499999,0.42948016,0.4128108651
0,1259,0.65233500675,0.6072729454,0.4364912197,0.4107014326
0,1259,0.65123600195,0.6077330535500001,0.4351504897,0.4110598821
0,1259,0.8830514332,0.67148540665,0.5908731026,0.4615007031
0,1259,0.88605595265,0.6703864228,0.5932187923,0.4611528308
0,1259,0.7300019044,0.6451871667,0.4885041662,0.4395146294
0,1259,0.7320359963,0.643869,0.4896331478,0.4392152034
0,1259,0.6392341616,0.6104128058,0.4270078034,0.413415724
0,1259,0.6537831538000001,0.60746477135,0.436713989,0.4107761259
0,1259,0.7273443231000001,0.64883754005,0.4869416956,0.4427558219
0,1259,0.6025462994999999,0.6071645618,0.4027065582,0.4103551274
0,1259,0.6524751927,0.6152894156000001,0.4363160608,0.4172736584
0,1259,0.67274168405,0.61717320115,0.4497449615,0.4185282967
0,1259,0.6687132489,0.60453416985,0.4466278084,0.4094022657
0,1259,0.6706209678,0.6045569565,0.4485517648,0.4089806142
0,1259,0.59166572625,0.60565156575,0.3952094031,0.4083393227
0,1259,0.41593135179999996,0.6302238944,0.278741054,0.4279801316
0,1259,0.487174925,0.63982790915,0.3265214648,0.4351864337
0,1259,0.48318922394999997,0.6404227274,0.3238581459,0.4347243348
0,1259,0.8562810642500001,0.66525746205,0.5738582929,0.4568876091
0,1259,0.6397732309,0.6507052638999999,0.4283721916,0.4439093892
0,1259,0.8638567617,0.66637407445,0.5781363148,0.4572459279
0,1259,0.8545847263999999,0.66297494225,0.5716688062,0.4544325243
0,1259,0.8783621111,0.66374413945,0.5879624078,0.4556376717
0,1259,0.8292079143,0.6645560372,0.55506177,0.4563849964
0,1259,0.72314844365,0.64665191255,0.4843968949,0.4419042923
0,1259,0.73997398775,0.6513287309,0.4956029523,0.4451241998
0,1259,0.5893605372999999,0.6318171825,0.3943667666,0.428489898
0,1259,0.5840573195000001,0.6255325161,0.3909318128,0.4244788184
0,1259,0.5768103033,0.6250451549,0.3860802228,0.4256141154
0,1259,0.5701521458500001,0.6267721173,0.3818075799,0.4264617464
0,1259,0.65403134465,0.6070950266,0.4370328605,0.4108822896
0,1259,0.6488367507,0.60891946235,0.4337837504,0.4111981691
0,1259,0.8835036578,0.66387792135,0.591652942,0.4566294471
0,1259,0.37948080660000005,0.66021102945,0.2557202912,0.4467331089
0,1259,0.82891813785,0.6669648957000001,0.5552939437,0.4585490124
0,1259,0.7749129789,0.65831784185,0.5185950608,0.4487359859
0,1259,0.78242681235,0.6577606456,0.5237603391,0.450048864
0,1259,0.64728243555,0.6206611949,0.4330350635,0.4214528262
0,1259,0.64396264475,0.62351847435,0.4309984001,0.4226808257
0,1259,0.62456731925,0.6077706613,0.4175949209,0.4106629108
0,1259,0.62214889155,0.60790907895,0.4157566337,0.4106830205
0,1259,0.68742483745,0.6012400261,0.4589812157,0.406225581
0,1259,0.65194508705,0.6057780351,0.4354677449,0.4091315678
0,1259,0.6502130415,0.60538530765,0.4345969464,0.4092831743
0,1259,0.66141689475,0.63598892345,0.4425878381,0.4327036985
0,1259,0.6053823645,0.5970857343,0.404640764,0.4023750898
0,1259,0.56138777015,0.62694515945,0.3754132105,0.4251325153
0,1259,0.5602841366,0.62611269495,0.3749175636,0.4247661003
0,1259,0.51174865345,0.6087938418,0.3422551243,0.4114462762
0,1259,0.5129948975,0.6075569628,0.3429381266,0.4103282274
0,1259,0.7680876215000001,0.6928784717,0.5147967422,0.476824253
0,1259,0.8299987745,0.7497060584499999,0.5580333002,0.5215275979
0,1259,0.6951742978,0.6885156067,0.4659922754,0.4727937536
0,1259,0.6930301437999999,0.6886459935,0.4657628936,0.474161607
0,1259,0.3713271728,0.672583411,0.2506708058,0.4651041318
0,1259,0.7342032942500001,0.69807229945,0.4915534305,0.4796590069
0,1259,0.78933537755,0.69630649525,0.5296488827,0.4784562099
0,1259,0.5636600606,0.67566607605,0.3782402934,0.4575971953
0,1259,0.39518560280000004,0.6642715078,0.2654377584,0.4511903798
0,1259,0.5990627381,0.6802869398,0.4026038434,0.4632149924
0,1259,0.43194898995000003,0.6669648957500001,0.2909504547,0.4553787263
0,1259,0.74458807375,0.6465356287499999,0.4984134303,0.4404442475
0,1259,0.6697795583,0.6899895586,0.449888968,0.4784687458
0,1259,0.6064557089,0.63563328155,0.4058075474,0.4318294475
0,1259,0.60434924635,0.63233391455,0.4043157575,0.4297574923
0,1259,0.6173013827,0.63575198125,0.4134723672,0.4329783139
0,1259,0.65207057845,0.61064191305,0.4361460449,0.4140345553
0,1259,0.6817838968000001,0.6200228415,0.4558697934,0.4201630612
0,1259,0.65238070675,0.62929192595,0.4362270119,0.4277774673
0,1259,0.7866038092500001,0.66532366745,0.5267716915,0.4546930367
0,1259,0.7150835649,0.75009193025,0.4825023276,0.5183855177
0,1259,0.49685624975,0.9039267384,0.3400797443,0.6392976272
0,1259,0.44659525995,0.91648905245,0.3026809603,0.6418418999
0,1259,0.41407800270000006,0.6222356954,0.2772214914,0.4206253238
0,1259,0.7611884975000001,0.6902278067000001,0.5112164906,0.4722118772
0,1259,0.49685624975,0.9039267384,0.3400797443,0.6392976272
