101,248,0.778496096,0.3911496812,0.0014214029999999322,0.005958226100000019,-1,-1,-1,-1
102,248,0.7767259915,0.3910543558,0.0014214030000000433,0.005958226100000019,-1,-1,-1,-1
103,248,0.7755727638,0.3911020185,0.0014214031000000515,0.005958226100000019,-1,-1,-1,-1
104,248,0.7739637115,0.3904822731,0.0014214030000000433,0.005958226100000019,-1,-1,-1,-1
105,248,0.7724617824,0.3903869478,0.0014214030000000433,0.005958226100000019,-1,-1,-1,-1
106,248,0.7709600003,0.3908635745,0.0014214030000000433,0.005958226100000019,-1,-1,-1,-1
107,248,0.7704236495,0.3909112372,0.0014214030000000433,0.005958226100000019,-1,-1,-1,-1
108,248,0.767205398,0.3907205865,0.0014214030000000433,0.005958226099999964,-1,-1,-1,-1
109,248,0.7668834405,0.3907205865,0.0014214030999999405,0.005958226099999964,-1,-1,-1,-1
110,248,0.7654084025,0.3910066931,0.0014214030000000433,0.005958226099999964,-1,-1,-1,-1
111,248,0.7642015398,0.3911973438,0.0014214029999999322,0.005958226100000019,-1,-1,-1,-1
112,248,0.7624850703,0.3911496812,0.0014214030999999405,0.005958226100000019,-1,-1,-1,-1
113,248,0.7612514636,0.3907683798,0.0014214030000000433,0.005958226099999964,-1,-1,-1,-1
