1,732,0.5033716626,0.4774209505,0.007918006799999988,0.0344670346,-1,-1,-1,-1
2,732,0.5031494811,0.4775070045,0.0071675566000000135,0.034467034599999946,-1,-1,-1,-1
3,732,0.501106352,0.4779439341,0.00769156400000004,0.0344670346,-1,-1,-1,-1
4,732,0.5003356233,0.4781797664,0.0062037415999999235,0.03446703460000006,-1,-1,-1,-1
5,732,0.5003356233,0.4782058829,0.006408583499999954,0.03444091810000005,-1,-1,-1,-1
6,732,0.5003356233,0.4782319994,0.006613425399999984,0.034414801600000045,-1,-1,-1,-1
7,732,0.5006114399,0.4785729508,0.007350356599999941,0.03407385020000003,-1,-1,-1,-1
8,732,0.5014729809,0.4788274564,0.00743984639999995,0.03203989460000001,-1,-1,-1,-1
9,732,0.5016804678,0.479288805,0.006865877600000014,0.0317139602,-1,-1,-1,-1
10,732,0.5009741012,0.4798595818,0.00807612000000002,0.031114194100000048,-1,-1,-1,-1
11,732,0.5021029359,0.4802525051,0.00703883230000002,0.030608186199999998,-1,-1,-1,-1
12,732,0.5017774518,0.4802525051,0.007027370600000027,0.030608186199999998,-1,-1,-1,-1
13,732,0.5002680284,0.4813824369,0.00791492100000002,0.030608186199999998,-1,-1,-1,-1
14,732,0.4985267253,0.4822897253,0.007785608900000018,0.030608186199999943,-1,-1,-1,-1
15,732,0.4982753016,0.4829340202,0.007088793900000057,0.030608186200000054,-1,-1,-1,-1
16,732,0.4985631677,0.4831614952,0.0064084366000000115,0.030608186199999998,-1,-1,-1,-1
17,732,0.4978291754,0.4831614952,0.007447046700000015,0.030608186199999998,-1,-1,-1,-1
18,732,0.4978291754,0.4825046644,0.007447046700000015,0.031265017000000006,-1,-1,-1,-1
19,732,0.4981784646,0.4832010618,0.006358915999999992,0.030568619600000013,-1,-1,-1,-1
20,732,0.4976400566,0.4839529568,0.006016680100000005,0.030568619599999958,-1,-1,-1,-1
21,732,0.497897505,0.4834039873,0.005834320799999959,0.030568619600000013,-1,-1,-1,-1
22,732,0.4964284917,0.4835768787,0.007206056199999977,0.030568619600000013,-1,-1,-1,-1
23,732,0.4956505626,0.4854387264,0.00798398529999994,0.028706771899999983,-1,-1,-1,-1
24,732,0.4958562862,0.4854387264,0.007778261699999955,0.028706771899999983,-1,-1,-1,-1
25,732,0.4960620098,0.4854387264,0.00757253809999997,0.028706771899999983,-1,-1,-1,-1
26,732,0.4965673551,0.484202892,0.007067192799999955,0.029942606300000008,-1,-1,-1,-1
27,732,0.4974180221,0.4820997276,0.006216525799999928,0.032045770699999976,-1,-1,-1,-1
28,732,0.4982991068,0.4815777886,0.008306383600000022,0.03269528899999996,-1,-1,-1,-1
29,732,0.4984228348,0.4817564257,0.009932481599999987,0.03251665189999997,-1,-1,-1,-1
30,732,0.4983564155,0.4821783383,0.010093239799999987,0.03209473929999995,-1,-1,-1,-1
31,732,0.4983564155,0.4824166517,0.00987326249999998,0.031856425899999985,-1,-1,-1,-1
32,732,0.4985243741,0.4826784699,0.010424895599999984,0.031594607699999944,-1,-1,-1,-1
33,732,0.4983473049,0.4821641048,0.008590576000000016,0.03210897279999997,-1,-1,-1,-1
34,732,0.4983210017,0.4809644418,0.00774020280000004,0.032108972800000024,-1,-1,-1,-1
35,732,0.4986720543,0.4797743114,0.007184014399999994,0.03209029940000002,-1,-1,-1,-1
36,732,0.4989350866,0.4784897696,0.006883511000000009,0.03143777790000002,-1,-1,-1,-1
37,732,0.5004750745,0.4772266435,0.0063115995000000424,0.029999279099999998,-1,-1,-1,-1
38,732,0.5007361965,0.4763649284,0.0065362790999999865,0.029999279200000006,-1,-1,-1,-1
39,732,0.5010466922,0.4755369037,0.006802838000000033,0.029999279200000006,-1,-1,-1,-1
40,732,0.5010206829,0.4743670136,0.006201243499999953,0.029999279099999998,-1,-1,-1,-1
41,732,0.5004088021,0.4737900993,0.0059298353999999165,0.02793568129999996,-1,-1,-1,-1
42,732,0.4971658638,0.4730115654,0.007752546200000043,0.02861118539999996,-1,-1,-1,-1
43,732,0.4969469151,0.4719217225,0.0063509808999999695,0.02705424820000002,-1,-1,-1,-1
44,732,0.4972253767,0.4711209895,0.005293561600000052,0.028675040400000018,-1,-1,-1,-1
45,732,0.4972629947,0.4699198901,0.005293561699999949,0.029491051499999976,-1,-1,-1,-1
46,732,0.4982535537,0.4690778931,0.00613012199999996,0.029491051400000023,-1,-1,-1,-1
47,732,0.4982535537,0.4687059936,0.00613012199999996,0.02949105150000003,-1,-1,-1,-1
48,732,0.4979467317,0.467954621,0.006571546000000039,0.029491051399999968,-1,-1,-1,-1
49,732,0.497620072,0.4672909998,0.006160539699999967,0.02949105150000003,-1,-1,-1,-1
50,732,0.4975000176,0.4665089402,0.006090593600000027,0.029491051400000023,-1,-1,-1,-1
51,732,0.498180228,0.4655686144,0.006366410099999997,0.029491051399999968,-1,-1,-1,-1
52,732,0.4981464305,0.4642501212,0.00622725289999998,0.029491051400000023,-1,-1,-1,-1
53,732,0.4989962159,0.4633915401,0.006131297499999966,0.02653387629999998,-1,-1,-1,-1
54,732,0.4985924099,0.4629620537,0.005778922299999989,0.026533876300000037,-1,-1,-1,-1
55,732,0.4979630426,0.46187652,0.005474010699999976,0.02544925659999997,-1,-1,-1,-1
56,732,0.4950526417,0.4607908557,0.0054740107000000315,0.025449256600000025,-1,-1,-1,-1
57,732,0.4902234276,0.4627556025,0.004667574200000024,0.025449256600000025,-1,-1,-1,-1
58,732,0.4833675422,0.4622711408,0.005345433399999988,0.024992739600000036,-1,-1,-1,-1
59,732,0.4794342543,0.4625550275,0.005553067200000039,0.025285114200000014,-1,-1,-1,-1
60,732,0.47388104,0.4626990602,0.004894164100000042,0.025285114200000014,-1,-1,-1,-1
61,732,0.4698303427,0.4612849805,0.004894163999999979,0.025285114200000014,-1,-1,-1,-1
62,732,0.4670871657,0.4593565356,0.0051357423000000235,0.025285114200000014,-1,-1,-1,-1
63,732,0.4640617065,0.4571705817,0.005158812700000015,0.024077616299999993,-1,-1,-1,-1
64,732,0.4618778037,0.4552030926,0.004969840900000022,0.023970669099999953,-1,-1,-1,-1
65,732,0.4591333042,0.4544134592,0.006031227600000022,0.02403622160000002,-1,-1,-1,-1
66,732,0.4547315542,0.4538852523,0.006881159999999997,0.024226872200000027,-1,-1,-1,-1
67,732,0.4506245768,0.4540555321,0.005557916499999982,0.024226872300000035,-1,-1,-1,-1
68,732,0.4467171512,0.451928471,0.00524800860000002,0.024226872200000027,-1,-1,-1,-1
69,732,0.4444427301,0.4497792108,0.004314464299999987,0.023985294300000015,-1,-1,-1,-1
70,732,0.4413725995,0.4482421222,0.005269168699999993,0.025262784600000032,-1,-1,-1,-1
71,732,0.4386867312,0.4460320105,0.004448184699999969,0.025308488500000004,-1,-1,-1,-1
72,732,0.433776697,0.4463488041,0.005163662000000013,0.025119796500000013,-1,-1,-1,-1
73,732,0.4276136593,0.4461956306,0.0070652826,0.02528942340000001,-1,-1,-1,-1
74,732,0.4214811863,0.4463843226,0.007908455300000006,0.025394411900000025,-1,-1,-1,-1
75,732,0.4152437942,0.4465385407,0.008458765899999998,0.025172682499999988,-1,-1,-1,-1
76,732,0.4097089482,0.4462404205,0.007848942400000003,0.025388274499999974,-1,-1,-1,-1
77,732,0.4047521854,0.4459991037,0.0067400923,0.025760957400000006,-1,-1,-1,-1
78,732,0.4012798652,0.4462651006,0.00460188960000002,0.025895979899999977,-1,-1,-1,-1
79,732,0.3957282674,0.4463933328,0.0042985942000000055,0.026038706800000033,-1,-1,-1,-1
80,732,0.3899593373,0.4464550984,0.004936043400000034,0.02600710580000004,-1,-1,-1,-1
81,732,0.3836715429,0.4467016384,0.006419016599999994,0.02591386979999999,-1,-1,-1,-1
82,732,0.3770988214,0.4471812686,0.007803683299999975,0.025396892999999976,-1,-1,-1,-1
83,732,0.3709760467,0.4472425119,0.008166491499999984,0.025259389400000054,-1,-1,-1,-1
84,732,0.3651243864,0.4472425119,0.008166491499999984,0.025259389400000054,-1,-1,-1,-1
85,732,0.3607489396,0.4475137321,0.006296023300000009,0.025039879900000006,-1,-1,-1,-1
86,732,0.3561831986,0.4467451225,0.00529841090000005,0.025216950000000016,-1,-1,-1,-1
87,732,0.3518848982,0.4465570834,0.0040201326999999565,0.025995222799999995,-1,-1,-1,-1
88,732,0.3463944297,0.4466281204,0.00543756820000002,0.025862289600000032,-1,-1,-1,-1
89,732,0.3400385996,0.446977429,0.007666730200000027,0.02539911290000002,-1,-1,-1,-1
90,732,0.3342729023,0.4473168134,0.00716241350000002,0.02517921169999998,-1,-1,-1,-1
91,732,0.3293102617,0.4473168134,0.006671321900000027,0.024898850699999975,-1,-1,-1,-1
92,732,0.3218945144,0.4472366356,0.007095847200000005,0.02556769510000001,-1,-1,-1,-1
93,732,0.3177028964,0.4469618897,0.004523420700000003,0.02556769510000001,-1,-1,-1,-1
94,732,0.3122486621,0.4472816105,0.004497044099999958,0.026086598000000016,-1,-1,-1,-1
95,732,0.3067944279,0.4476013313,0.0044706673000000086,0.026605500899999968,-1,-1,-1,-1
96,732,0.3013401936,0.4479210521,0.00444429070000002,0.02712440370000002,-1,-1,-1,-1
97,732,0.2950387701,0.4471983749,0.004417913899999959,0.027643306700000037,-1,-1,-1,-1
98,732,0.2893192136,0.4482234489,0.004417913999999967,0.027643306600000028,-1,-1,-1,-1
99,732,0.2835480794,0.4481768853,0.004322889200000013,0.027643306600000028,-1,-1,-1,-1
100,732,0.2777769451,0.4481303217,0.0042278645000000115,0.027643306599999973,-1,-1,-1,-1
101,732,0.2720058108,0.4480837581,0.004132839799999954,0.02434253580000001,-1,-1,-1,-1
102,732,0.2654990678,0.4475374981,0.0044179139000000145,0.025649701000000025,-1,-1,-1,-1
103,732,0.2611115715,0.4485897333,0.0035891418000000286,0.022532039700000006,-1,-1,-1,-1
104,732,0.2553360289,0.4475922123,0.004093311499999974,0.023494042299999962,-1,-1,-1,-1
105,732,0.2495619557,0.447734678,0.003909041999999974,0.02349404220000001,-1,-1,-1,-1
106,732,0.2437599629,0.4482540052,0.004319607500000017,0.023494042299999962,-1,-1,-1,-1
107,732,0.2374833364,0.4493986929,0.004746483900000015,0.023490385999999974,-1,-1,-1,-1
108,732,0.2307043035,0.449048209,0.005138093399999988,0.021575652300000026,-1,-1,-1,-1
109,732,0.2256557733,0.4491940699,0.006301533800000009,0.02298124410000002,-1,-1,-1,-1
110,732,0.2180273224,0.4484360375,0.0077155895000000085,0.025242935999999994,-1,-1,-1,-1
111,732,0.2133152238,0.4481988993,0.0052485964,0.025472630999999968,-1,-1,-1,-1
112,732,0.2076218236,0.4483569044,0.0052485964,0.025472630900000015,-1,-1,-1,-1
113,732,0.2014391687,0.4486116712,0.0052485964,0.0256132684,-1,-1,-1,-1
114,732,0.194722808,0.4491650805,0.004803719200000001,0.025613268500000008,-1,-1,-1,-1
115,732,0.1889255175,0.4497662831,0.006320416200000012,0.024571349399999998,-1,-1,-1,-1
116,732,0.1827663738,0.4503104211,0.007118403400000001,0.02392966609999997,-1,-1,-1,-1
117,732,0.1756479705,0.450650589,0.00765423979999999,0.023929535499999988,-1,-1,-1,-1
118,732,0.1693333586,0.4511266934,0.006735610499999989,0.025221912199999974,-1,-1,-1,-1
119,732,0.162980394,0.4513307941,0.006352891100000008,0.02522191220000003,-1,-1,-1,-1
120,732,0.1562064307,0.4514667307,0.006123362399999999,0.02522191220000003,-1,-1,-1,-1
121,732,0.1490233714,0.4514667307,0.006137983499999999,0.026606480200000004,-1,-1,-1,-1
122,732,0.1434245306,0.4517615863,0.005764668700000003,0.025943120299999956,-1,-1,-1,-1
123,732,0.1371681091,0.4520143944,0.005246245199999999,0.02456220849999996,-1,-1,-1,-1
124,732,0.1325467492,0.4523468579,0.006519159899999988,0.023556591399999993,-1,-1,-1,-1
125,732,0.1273202314,0.4520825585,0.0069038508,0.024987450999999994,-1,-1,-1,-1
126,732,0.122727783,0.4521400149,0.007288541699999998,0.026418310599999995,-1,-1,-1,-1
127,732,0.1199439021,0.4520365934,0.005547630299999995,0.026657929899999988,-1,-1,-1,-1
128,732,0.1180599884,0.4520365934,0.005822638700000007,0.026807708200000002,-1,-1,-1,-1
129,732,0.1166327076,0.4521017542,0.007113407200000005,0.026616143400000014,-1,-1,-1,-1
130,732,0.116861722,0.4517990636,0.005818597699999997,0.026896504300000013,-1,-1,-1,-1
131,732,0.1163860597,0.451547039,0.006204623300000003,0.02682716500000004,-1,-1,-1,-1
132,732,0.1173466419,0.4511304803,0.005939019399999995,0.02653714079999997,-1,-1,-1,-1
133,732,0.1186291815,0.4511304803,0.0054685735999999985,0.026196581199999958,-1,-1,-1,-1
134,732,0.1188597388,0.4504476635,0.0056664357,0.025817499800000032,-1,-1,-1,-1
135,732,0.1178557343,0.4495160867,0.006060910599999997,0.02575299200000003,-1,-1,-1,-1
136,732,0.1161814382,0.4490184362,0.005639471199999996,0.025636773300000026,-1,-1,-1,-1
137,732,0.1137131226,0.4487833874,0.00563947120000001,0.02563677329999997,-1,-1,-1,-1
138,732,0.1117988646,0.4485818983,0.005116933300000001,0.022987773300000014,-1,-1,-1,-1
139,732,0.1097957782,0.4490364566,0.005116933300000001,0.02298777329999996,-1,-1,-1,-1
140,732,0.1085275658,0.4487861296,0.005116933300000001,0.02472830969999995,-1,-1,-1,-1
141,732,0.1073198214,0.4490006769,0.005229934300000003,0.023665497400000013,-1,-1,-1,-1
142,732,0.1060657892,0.4491727849,0.004498366599999998,0.023104252999999964,-1,-1,-1,-1
143,732,0.1026568025,0.4493098967,0.00445226239999999,0.02309028070000002,-1,-1,-1,-1
144,732,0.0990916128,0.4494470085,0.004861542199999999,0.02307630829999996,-1,-1,-1,-1
145,732,0.0944516644,0.4495935223,0.005586423899999998,0.023542227299999996,-1,-1,-1,-1
146,732,0.0897218588,0.4496379857,0.005035745899999999,0.024122601899999985,-1,-1,-1,-1
147,732,0.0850232791,0.4496824491,0.005881857599999998,0.024702976599999982,-1,-1,-1,-1
148,732,0.079580127,0.4496824491,0.004663753600000001,0.025580100400000028,-1,-1,-1,-1
149,732,0.0755134126,0.4495898659,0.00408780110000001,0.023650741500000017,-1,-1,-1,-1
150,732,0.0698114896,0.4482302392,0.004816870700000003,0.027136384700000016,-1,-1,-1,-1
151,732,0.0677998803,0.448668344,0.004588223699999991,0.02669827990000001,-1,-1,-1,-1
152,732,0.0665288025,0.4496885864,0.004588223700000005,0.02669827990000001,-1,-1,-1,-1
153,732,0.0675198024,0.4499955863,0.00458822360000001,0.02669827990000001,-1,-1,-1,-1
154,732,0.0694800542,0.4490001546,0.004588223700000005,0.02669827990000001,-1,-1,-1,-1
