145,648,0.0552744735,0.7034296494,0.0184671447,0.08225206530000007,-1,-1,-1,-1
146,648,0.0707147631,0.692815237,0.016599835900000012,0.07746790799999992,-1,-1,-1,-1
147,648,0.0897097358,0.6872710886,0.01596826450000001,0.0755623151,-1,-1,-1,-1
148,648,0.1036996741,0.6809105373,0.015879142099999993,0.07123036560000007,-1,-1,-1,-1
149,648,0.1218106232,0.6676110841,0.014903130700000017,0.07123036559999996,-1,-1,-1,-1
150,648,0.135376771,0.6612906217,0.013548955099999982,0.07555121549999999,-1,-1,-1,-1
151,648,0.1465721749,0.650649701,0.013680618200000022,0.07916940020000007,-1,-1,-1,-1
152,648,0.1581145169,0.6439394493,0.01339811569999999,0.07414301209999996,-1,-1,-1,-1
153,648,0.1697851423,0.6366798364,0.014697554000000002,0.06661296230000002,-1,-1,-1,-1
154,648,0.1773114661,0.6294608346,0.013443668800000003,0.07012903130000003,-1,-1,-1,-1
155,648,0.1837625903,0.6223649723,0.014032478999999987,0.06784827439999996,-1,-1,-1,-1
156,648,0.1869223576,0.617245087,0.013049340699999995,0.06412993280000001,-1,-1,-1,-1
157,648,0.1891774554,0.6109099993,0.0145908716,0.06442178509999996,-1,-1,-1,-1
158,648,0.1877545829,0.6012688196,0.013668127899999993,0.06333533729999996,-1,-1,-1,-1
159,648,0.1893240335,0.5930474652,0.012986154200000016,0.06242661260000004,-1,-1,-1,-1
160,648,0.1887898869,0.5846614461,0.01315521489999999,0.0630902337,-1,-1,-1,-1
161,648,0.1877702326,0.5743057181,0.01337063690000001,0.058119865400000026,-1,-1,-1,-1
162,648,0.1867545459,0.5685620393,0.01264450609999998,0.05895925089999998,-1,-1,-1,-1
163,648,0.1854262328,0.55702049,0.010397857699999985,0.055987711600000045,-1,-1,-1,-1
164,648,0.1839118134,0.5487116453,0.014327177999999996,0.05754282059999993,-1,-1,-1,-1
165,648,0.1835361474,0.5396986988,0.011985455900000025,0.05623621040000004,-1,-1,-1,-1
166,648,0.1862112152,0.5360812976,0.010084937399999994,0.05360601440000001,-1,-1,-1,-1
167,648,0.1895995561,0.5307341985,0.010830979299999988,0.05177772629999999,-1,-1,-1,-1
168,648,0.1922559619,0.5268411373,0.009761437000000012,0.0517777264,-1,-1,-1,-1
169,648,0.1957128528,0.5227753153,0.009928146599999993,0.04964478900000002,-1,-1,-1,-1
170,648,0.1993784062,0.5195179306,0.009928146599999993,0.0492318866,-1,-1,-1,-1
171,648,0.200964682,0.5151526825,0.008997982099999996,0.04710325849999997,-1,-1,-1,-1
172,648,0.1999665552,0.5128860285,0.009219208499999992,0.04717651540000001,-1,-1,-1,-1
173,648,0.1980812455,0.5089438683,0.009219208499999992,0.045303959799999904,-1,-1,-1,-1
174,648,0.1964454492,0.506811845,0.008760150899999986,0.04454083480000004,-1,-1,-1,-1
175,648,0.1936099904,0.5031291525,0.009032881700000023,0.043668803700000036,-1,-1,-1,-1
176,648,0.1900017457,0.5013632831,0.010067818300000003,0.04296156790000005,-1,-1,-1,-1
177,648,0.1888585104,0.4998685033,0.008888360799999995,0.04218407869999996,-1,-1,-1,-1
178,648,0.1875737666,0.4982512369,0.009806181900000016,0.041964308100000014,-1,-1,-1,-1
179,648,0.1866660848,0.4965304184,0.008621434499999997,0.04072677619999998,-1,-1,-1,-1
180,648,0.1847901061,0.4950246697,0.009831750400000006,0.04072677610000003,-1,-1,-1,-1
181,648,0.1836957301,0.4934877116,0.007626614099999984,0.03969713180000006,-1,-1,-1,-1
182,648,0.1819546474,0.4920731096,0.009765698399999995,0.03952032280000001,-1,-1,-1,-1
183,648,0.1811089765,0.4904816986,0.007427576500000005,0.03881295649999994,-1,-1,-1,-1
184,648,0.1775466522,0.4891086218,0.010035784200000009,0.03841951090000001,-1,-1,-1,-1
185,648,0.1761114364,0.486238937,0.0065767625,0.03581804300000002,-1,-1,-1,-1
186,648,0.1733845703,0.4808436528,0.010207122499999999,0.037516923599999974,-1,-1,-1,-1
187,648,0.1731786997,0.4748997909,0.007428752100000019,0.03843126330000002,-1,-1,-1,-1
188,648,0.1741345797,0.470312944,0.007838288900000018,0.0379419701,-1,-1,-1,-1
189,648,0.17212275,0.4642343207,0.007734839300000018,0.03561041650000002,-1,-1,-1,-1
190,648,0.169507342,0.4628040487,0.007684510499999991,0.0359680825,-1,-1,-1,-1
191,648,0.1654333538,0.4620888474,0.008740754200000006,0.0356105471,-1,-1,-1,-1
192,648,0.1611378454,0.4606654963,0.007368063600000002,0.034807333100000004,-1,-1,-1,-1
193,648,0.157427841,0.4599987412,0.006677126199999994,0.03428852809999999,-1,-1,-1,-1
194,648,0.153426003,0.4582946373,0.007135742899999992,0.03391819570000004,-1,-1,-1,-1
195,648,0.1491323314,0.4580723856,0.008428054299999987,0.03332548099999999,-1,-1,-1,-1
196,648,0.1461613155,0.4562875817,0.005965028799999994,0.03314749680000001,-1,-1,-1,-1
197,648,0.1428556314,0.4559158128,0.0059231493000000135,0.03232939639999999,-1,-1,-1,-1
198,648,0.1393406971,0.4545027778,0.007303995300000005,0.032329396300000035,-1,-1,-1,-1
199,648,0.1354491416,0.4535142669,0.005462842800000006,0.03235107309999996,-1,-1,-1,-1
200,648,0.1327834783,0.452877807,0.0056407202000000045,0.03210975629999996,-1,-1,-1,-1
201,648,0.1298790287,0.4525241891,0.005680468899999985,0.031685493200000026,-1,-1,-1,-1
202,648,0.1280886457,0.451958505,0.00595900399999999,0.031190454300000003,-1,-1,-1,-1
203,648,0.1253831602,0.451817084,0.006953677499999977,0.030907612200000045,-1,-1,-1,-1
204,648,0.1236325994,0.4507626289,0.006635320300000011,0.031184186299999972,-1,-1,-1,-1
205,648,0.1214841105,0.4503383658,0.007391280999999986,0.03054785700000001,-1,-1,-1,-1
206,648,0.120489437,0.4498433269,0.0064761784000000044,0.03019423910000002,-1,-1,-1,-1
207,648,0.1188581959,0.449489709,0.007033174999999989,0.029982172899999993,-1,-1,-1,-1
208,648,0.1189775891,0.4490654459,0.006675069000000006,0.029416488799999974,-1,-1,-1,-1
209,648,0.1179431668,0.4520354182,0.006356711799999998,0.028850804600000002,-1,-1,-1,-1
210,648,0.1180227377,0.4541568643,0.006674995599999997,0.0289214498,-1,-1,-1,-1
211,648,0.117704454,0.4565610218,0.006436282700000004,0.0289214498,-1,-1,-1,-1
212,648,0.1183012728,0.4589653099,0.006436282700000004,0.028921449900000007,-1,-1,-1,-1
213,648,0.1187844293,0.4611123502,0.0059077201,0.0289214498,-1,-1,-1,-1
214,648,0.119354651,0.4624636197,0.005907720000000005,0.0289214498,-1,-1,-1,-1
215,648,0.1195921883,0.4616191415,0.006896074900000007,0.028815547300000022,-1,-1,-1,-1
216,648,0.120304947,0.4611124808,0.005803241900000006,0.02830888650000002,-1,-1,-1,-1
217,648,0.121068108,0.4605189825,0.006003528500000008,0.028213822399999977,-1,-1,-1,-1
218,648,0.1228224159,0.4596953976,0.006146285900000006,0.0280960368,-1,-1,-1,-1
219,648,0.1245108187,0.4591238373,0.00520524750000001,0.0280960368,-1,-1,-1,-1
220,648,0.1266012642,0.4576948711,0.0054062688000000025,0.02806743919999999,-1,-1,-1,-1
221,648,0.1268424751,0.4573375969,0.0054062688000000025,0.028067439200000044,-1,-1,-1,-1
222,648,0.1276062974,0.4566230486,0.007536977299999997,0.028281855899999986,-1,-1,-1,-1
