108,174,0.842821305,0.3888468558,0.0013247129000000246,0.003766004200000006,-1,-1,-1,-1
109,174,0.8426808252,0.3888825048,0.0013247129000000246,0.0037660043000000143,-1,-1,-1,-1
110,174,0.842379587,0.3889181539,0.0013247129999999219,0.003766004200000006,-1,-1,-1,-1
111,174,0.8420383798,0.3888112067,0.0013247129000000246,0.0037660041999999505,-1,-1,-1,-1
112,174,0.8416085644,0.3888112067,0.001324713000000033,0.0037660041999999505,-1,-1,-1,-1
113,174,0.8413440627,0.3889581122,0.001390838400000094,0.0040009223999999954,-1,-1,-1,-1
114,174,0.8410629561,0.3892519232,0.0014901734999999139,0.004177209099999968,-1,-1,-1,-1
115,174,0.8406992662,0.3893694476,0.001490173500000025,0.004177209100000023,-1,-1,-1,-1
116,174,0.8404347645,0.3894575909,0.0014901734000000166,0.004177209100000023,-1,-1,-1,-1
117,174,0.8403191184,0.3894575909,0.001490173500000025,0.004441638999999997,-1,-1,-1,-1
118,174,0.8402694509,0.3898101641,0.0015828959999999448,0.004587108099999959,-1,-1,-1,-1
119,174,0.8400710746,0.3899570696,0.0015828960000000558,0.004587108100000015,-1,-1,-1,-1
120,174,0.8395917386,0.3901038446,0.0015828959999999448,0.004587107999999951,-1,-1,-1,-1
121,174,0.8392941741,0.3901919879,0.001582896100000064,0.004587108000000006,-1,-1,-1,-1
122,174,0.8390581798,0.3903229623,0.0015828960000000558,0.004587108000000006,-1,-1,-1,-1
123,174,0.8390373136,0.3905829524,0.0015828959999999448,0.004587108000000006,-1,-1,-1,-1
124,174,0.8389835315,0.3908694508,0.001582896099999953,0.004587108000000006,-1,-1,-1,-1
125,174,0.8388940418,0.3909011823,0.0016795860999999634,0.004561644500000017,-1,-1,-1,-1
126,174,0.8389592855,0.3912878376,0.0017163224999999782,0.004691182500000002,-1,-1,-1,-1
127,174,0.8391084351,0.391486715,0.0017163224999999782,0.004691182500000002,-1,-1,-1,-1
128,174,0.8392949089,0.3917517979,0.00171632239999997,0.004691182400000049,-1,-1,-1,-1
129,174,0.8395187067,0.3920500487,0.0017163225000000892,0.0046911823999999935,-1,-1,-1,-1
130,174,0.8400221417,0.3923151315,0.0017831826999999967,0.00483965489999999,-1,-1,-1,-1
131,174,0.8407119035,0.3922487955,0.0017831825999999884,0.00483965489999999,-1,-1,-1,-1
132,174,0.8417559507,0.3925470463,0.0019139639999999902,0.004939158900000018,-1,-1,-1,-1
133,174,0.8427628207,0.3921824595,0.0019139639999999902,0.0049391588999999625,-1,-1,-1,-1
134,174,0.8439748265,0.3923150009,0.0019139639999999902,0.004939158900000018,-1,-1,-1,-1
135,174,0.8450456177,0.3923718044,0.0020084500000000505,0.005236887400000001,-1,-1,-1,-1
136,174,0.8457647686,0.3922581975,0.0020084499999999395,0.005236887400000001,-1,-1,-1,-1
137,174,0.846011343,0.3922895373,0.0020084499999999395,0.005236887400000001,-1,-1,-1,-1
138,174,0.8459233227,0.3922581975,0.0020084499999999395,0.005236887400000001,-1,-1,-1,-1
139,174,0.8457295017,0.3923834262,0.0020084499999999395,0.005236887400000001,-1,-1,-1,-1
140,174,0.8457295017,0.3922581975,0.0020084499999999395,0.005236887400000001,-1,-1,-1,-1
141,174,0.8457647686,0.3923520864,0.0020084499999999395,0.005236887400000001,-1,-1,-1,-1
142,174,0.8457175991,0.3923940035,0.0020084500000000505,0.005236887400000001,-1,-1,-1,-1
143,174,0.8456704296,0.3924359205,0.0020084499999999395,0.005236887400000001,-1,-1,-1,-1
144,174,0.8456357505,0.3921897721,0.0020084500000000505,0.005236887400000001,-1,-1,-1,-1
145,174,0.8456704296,0.3923437291,0.0020084499999999395,0.005236887400000001,-1,-1,-1,-1
146,174,0.8456357505,0.392374416,0.0020084500000000505,0.005236887400000001,-1,-1,-1,-1
147,174,0.8458435313,0.3923435985,0.0020084499999999395,0.005236887400000001,-1,-1,-1,-1
148,174,0.8462419004,0.392312781,0.002008449899999931,0.005236887400000001,-1,-1,-1,-1
149,174,0.8466055903,0.3923435985,0.002008449899999931,0.005236887400000001,-1,-1,-1,-1
150,174,0.8467094807,0.3923435985,0.002008449900000042,0.005236887400000001,-1,-1,-1,-1
151,174,0.8466229298,0.392405103,0.0020084500000000505,0.005236887400000001,-1,-1,-1,-1
152,174,0.8465188925,0.3923435985,0.002008449900000042,0.005236887400000001,-1,-1,-1,-1
153,174,0.8465188925,0.3923435985,0.002044010700000043,0.005421531300000004,-1,-1,-1,-1
154,174,0.8464843603,0.3923435985,0.002044010700000043,0.005421531300000004,-1,-1,-1,-1
155,174,0.8464496812,0.3923435985,0.002044010700000043,0.005421531300000004,-1,-1,-1,-1
156,174,0.8463631303,0.3923435985,0.002044010800000051,0.005421531300000004,-1,-1,-1,-1
157,174,0.846657609,0.3923435985,0.002044010700000043,0.005421531300000004,-1,-1,-1,-1
158,174,0.8469520876,0.392405103,0.002044010700000043,0.005421531300000004,-1,-1,-1,-1
159,174,0.846813518,0.392405103,0.00204401079999994,0.005421531300000004,-1,-1,-1,-1
160,174,0.8470733175,0.392405103,0.0019399733999999613,0.0053293399000000075,-1,-1,-1,-1
161,174,0.8471253362,0.392405103,0.0019399734000000723,0.0053293399000000075,-1,-1,-1,-1
162,174,0.8470733175,0.3923742855,0.0019399733999999613,0.0053293399000000075,-1,-1,-1,-1
163,174,0.8469866197,0.3923742855,0.0018534225999999876,0.005544801300000013,-1,-1,-1,-1
164,174,0.8469692802,0.3923742855,0.0018534225000000903,0.005544801300000013,-1,-1,-1,-1
165,174,0.8468307107,0.3923435985,0.0018534224999999793,0.005544801400000021,-1,-1,-1,-1
166,174,0.8465709112,0.3922204591,0.0018534224999999793,0.005544801300000013,-1,-1,-1,-1
167,174,0.8468825824,0.3921628721,0.0019921389999999484,0.006649008399999989,-1,-1,-1,-1
168,174,0.8475926226,0.3922243765,0.0019921389999999484,0.006649008499999998,-1,-1,-1,-1
169,174,0.8482507912,0.3923166985,0.0019921389999999484,0.006649008399999989,-1,-1,-1,-1
170,174,0.8494632378,0.3914240354,0.0019921390000000594,0.006649008400000045,-1,-1,-1,-1
171,174,0.8530600207,0.3909193333,0.0019921390000000594,0.006649008399999989,-1,-1,-1,-1
172,174,0.859620105,0.39174331,0.002194335900000066,0.005970370299999972,-1,-1,-1,-1
173,174,0.8659074585,0.3918433363,0.0020002210000000797,0.005628766000000007,-1,-1,-1,-1
174,174,0.8713126987,0.3919434932,0.0020002209999999687,0.005628766000000007,-1,-1,-1,-1
