1,773,0.5082850765,0.4311519846,0.002898351300000046,0.017181806600000016,-1,-1,-1,-1
2,773,0.5067840291,0.4303158638,0.002898351300000046,0.017181806600000016,-1,-1,-1,-1
3,773,0.5051072349,0.4296138513,0.0034565970000000057,0.01666900849999997,-1,-1,-1,-1
4,773,0.5029595087,0.4289036433,0.0034225476000000477,0.01661632769999999,-1,-1,-1,-1
5,773,0.5010871582,0.4283156606,0.003388498299999987,0.016563646900000006,-1,-1,-1,-1
6,773,0.4990771198,0.4276665652,0.003354448999999926,0.016510966199999977,-1,-1,-1,-1
7,773,0.4967073591,0.4270174699,0.0033203996000000235,0.016458285399999995,-1,-1,-1,-1
8,773,0.4941926367,0.4271913718,0.0032863501999999545,0.016405604600000012,-1,-1,-1,-1
9,773,0.4908847029,0.4267068759,0.003252300899999949,0.016352923799999974,-1,-1,-1,-1
10,773,0.4878286581,0.4263876759,0.0033146478000000146,0.016300242999999992,-1,-1,-1,-1
11,773,0.485023764,0.4259867871,0.0035365352999999766,0.015929518799999987,-1,-1,-1,-1
12,773,0.4826289946,0.4258199024,0.003233386899999968,0.01547861690000002,-1,-1,-1,-1
13,773,0.4804815343,0.4250698356,0.0030770370000000047,0.015293581200000017,-1,-1,-1,-1
14,773,0.4788721881,0.4245857657,0.002738033899999992,0.014658035299999983,-1,-1,-1,-1
15,773,0.4761248966,0.4236682918,0.003084384200000012,0.01650969760000004,-1,-1,-1,-1
16,773,0.4746237022,0.4236302923,0.002940230799999999,0.015287704900000032,-1,-1,-1,-1
17,773,0.4731701181,0.4230302649,0.00293714500000003,0.015287704899999977,-1,-1,-1,-1
18,773,0.4727062114,0.4225523323,0.0025616994999999587,0.015353910400000004,-1,-1,-1,-1
19,773,0.4725369303,0.4222045907,0.0024901370000000034,0.01540065890000003,-1,-1,-1,-1
20,773,0.47185143,0.4217098129,0.0024901370000000034,0.015315780300000026,-1,-1,-1,-1
21,773,0.4716451186,0.4213170202,0.00260725249999999,0.01521575399999997,-1,-1,-1,-1
22,773,0.470650739,0.420806442,0.003071306100000004,0.014823091800000021,-1,-1,-1,-1
23,773,0.4700755946,0.4205612078,0.002642078600000042,0.014462422400000008,-1,-1,-1,-1
24,773,0.4684859391,0.4199434211,0.0026724962999999935,0.014616901800000026,-1,-1,-1,-1
25,773,0.4669649071,0.4195186357,0.0032695355000000315,0.014403921500000028,-1,-1,-1,-1
26,773,0.4648089239,0.4189870337,0.0030160546999999926,0.014433433100000004,-1,-1,-1,-1
27,773,0.4633988357,0.4184554316,0.0025940274999999846,0.014343984000000032,-1,-1,-1,-1
28,773,0.4617592188,0.4180489278,0.002594027400000032,0.0143054621,-1,-1,-1,-1
29,773,0.4606984198,0.4175961976,0.002398443100000036,0.014305462200000008,-1,-1,-1,-1
30,773,0.4591675425,0.4173240634,0.0021451090999999867,0.013241082700000018,-1,-1,-1,-1
31,773,0.4578046237,0.4169812838,0.002145109199999995,0.013241082800000026,-1,-1,-1,-1
32,773,0.4560677289,0.4166690607,0.002145109199999995,0.013241082800000026,-1,-1,-1,-1
33,773,0.4545065808,0.4163915725,0.002145109199999995,0.012723061300000005,-1,-1,-1,-1
34,773,0.4530134684,0.4162932438,0.002145109199999995,0.012723061300000005,-1,-1,-1,-1
35,773,0.4504774844,0.4158719841,0.002145109199999995,0.012723061300000005,-1,-1,-1,-1
36,773,0.4481409054,0.4158719841,0.002705265099999965,0.012723061300000005,-1,-1,-1,-1
37,773,0.4461220223,0.4150827424,0.0022991080000000497,0.012756229300000033,-1,-1,-1,-1
38,773,0.4442109972,0.4149171636,0.002299107899999986,0.012756229299999977,-1,-1,-1,-1
39,773,0.4426126719,0.4147752202,0.0022772131000000084,0.013026927199999982,-1,-1,-1,-1
40,773,0.4412033184,0.414674541,0.002471915800000002,0.013174485600000008,-1,-1,-1,-1
41,773,0.439634823,0.4144844126,0.0023624414999999788,0.013180100699999975,-1,-1,-1,-1
42,773,0.4382598547,0.4143448197,0.002446200399999987,0.012635571000000012,-1,-1,-1,-1
43,773,0.4368455051,0.4141652686,0.002385952700000027,0.012635570899999948,-1,-1,-1,-1
44,773,0.4352438001,0.4140993243,0.002366996699999957,0.013555917599999967,-1,-1,-1,-1
45,773,0.4326778392,0.4141680108,0.002449286199999956,0.012821520600000025,-1,-1,-1,-1
46,773,0.4297020476,0.4143785101,0.002863231399999999,0.012658161700000004,-1,-1,-1,-1
47,773,0.4260751408,0.4145814355,0.002669116600000021,0.012253224900000026,-1,-1,-1,-1
48,773,0.4216422385,0.4145814355,0.004518277600000009,0.012490493600000041,-1,-1,-1,-1
49,773,0.4186883417,0.413792455,0.0037647415999999545,0.01250538000000001,-1,-1,-1,-1
50,773,0.4153684039,0.4135026921,0.0038592275000000065,0.012210654900000006,-1,-1,-1,-1
51,773,0.4124690239,0.4134057998,0.003195622000000009,0.012266283100000053,-1,-1,-1,-1
52,773,0.4090556288,0.4129012283,0.002933030499999989,0.012611021400000033,-1,-1,-1,-1
53,773,0.4054253423,0.4124712196,0.0021620078999999848,0.012753748200000026,-1,-1,-1,-1
54,773,0.4019566958,0.4123826845,0.002424011599999998,0.012799582800000042,-1,-1,-1,-1
55,773,0.3990520257,0.4122506654,0.002191690900000043,0.012632959300000024,-1,-1,-1,-1
56,773,0.3990520257,0.4122506654,0.002191690900000043,0.012632959300000024,-1,-1,-1,-1
57,773,0.3971097446,0.411965117,0.0021948012999999933,0.012604871899999981,-1,-1,-1,-1
58,773,0.3951674635,0.4116795685,0.002197911599999991,0.012576784600000002,-1,-1,-1,-1
59,773,0.3932251824,0.41139402,0.002201021999999997,0.012548697199999959,-1,-1,-1,-1
60,773,0.3912829013,0.4111084715,0.0022041322999999946,0.01252060989999998,-1,-1,-1,-1
61,773,0.3893406202,0.410822923,0.0022072427000000006,0.0124925226,-1,-1,-1,-1
62,773,0.3873983392,0.4105373745,0.00221035289999999,0.012464435200000012,-1,-1,-1,-1
63,773,0.3854560581,0.410251826,0.002213463299999996,0.012436347900000033,-1,-1,-1,-1
64,773,0.383513777,0.4099662775,0.0022165735999999936,0.012408260599999998,-1,-1,-1,-1
65,773,0.3815714959,0.409680729,0.0022196838999999913,0.012380173199999955,-1,-1,-1,-1
66,773,0.3796292148,0.4093951805,0.0022227942999999972,0.012352085899999976,-1,-1,-1,-1
67,773,0.3776869337,0.409109632,0.002225904599999995,0.012323998599999997,-1,-1,-1,-1
68,773,0.3766288899,0.4093916196,0.002229015100000009,0.012163653800000007,-1,-1,-1,-1
69,773,0.3754137353,0.4091100776,0.0023657371999999954,0.012124544999999987,-1,-1,-1,-1
70,773,0.3743434479,0.4090250123,0.0023104227999999893,0.012279733200000031,-1,-1,-1,-1
71,773,0.3730227025,0.4088066781,0.0025406861999999752,0.011913840499999995,-1,-1,-1,-1
72,773,0.371812607,0.4084780015,0.002322619199999987,0.011913318199999967,-1,-1,-1,-1
73,773,0.3709249097,0.4084780015,0.0022132918999999696,0.011530841599999953,-1,-1,-1,-1
74,773,0.3697807927,0.4086802741,0.0022132918999999696,0.0115308415,-1,-1,-1,-1
