42,237,0.7802707557,0.397551366,0.002405643499999943,0.008293697099999997,-1,-1,-1,-1
43,237,0.778501239,0.3973582342,0.00257874520000001,0.00848682890000002,-1,-1,-1,-1
44,237,0.7770167964,0.3972089782,0.002018589199999976,0.00848682890000002,-1,-1,-1,-1
45,237,0.7753923149,0.3969599571,0.0021026418999999796,0.008735850000000045,-1,-1,-1,-1
46,237,0.7743379815,0.3969599571,0.0015724629000000157,0.008735850000000045,-1,-1,-1,-1
47,237,0.7730655812,0.396746585,0.0015366082000000114,0.008319291300000031,-1,-1,-1,-1
48,237,0.7721052929,0.396746585,0.0015366082000000114,0.008319291300000031,-1,-1,-1,-1
49,237,0.7705413528,0.3967100219,0.0018607697999999395,0.008361077800000005,-1,-1,-1,-1
50,237,0.7690804215,0.396746585,0.002210499899999996,0.008361077800000005,-1,-1,-1,-1
51,237,0.7678134581,0.3968060001,0.0021605383999999672,0.008265099599999992,-1,-1,-1,-1
52,237,0.7670931317,0.396769437,0.0016256570999999553,0.008228536399999986,-1,-1,-1,-1
53,237,0.7661465093,0.396769437,0.001975534200000073,0.008228536399999986,-1,-1,-1,-1
54,237,0.7650765997,0.3967328738,0.0021401130000000546,0.00830166269999999,-1,-1,-1,-1
55,237,0.7640272625,0.396769437,0.0018723784999999937,0.00819197319999998,-1,-1,-1,-1
56,237,0.7627101907,0.3967327432,0.0022428278999999662,0.008338356499999977,-1,-1,-1,-1
57,237,0.7621353403,0.396643947,0.0015323468000000284,0.008363950600000003,-1,-1,-1,-1
58,237,0.7619854559,0.3967327432,0.0015323468000000284,0.008363950700000011,-1,-1,-1,-1
59,237,0.7620141103,0.3966648403,0.001578708100000048,0.008348607100000016,-1,-1,-1,-1
60,237,0.7614120749,0.3966987917,0.0016250694000000676,0.008333263699999982,-1,-1,-1,-1
61,237,0.7611253844,0.396681816,0.0015323468000000284,0.008363950600000003,-1,-1,-1,-1
62,237,0.7603359936,0.3967819729,0.0015323467999999174,0.008363950600000003,-1,-1,-1,-1
