1,850,0.4348824613,0.4489758662,0.004763382599999977,0.026758609099999997,-1,-1,-1,-1
2,850,0.4340885152,0.4487406868,0.0044950602999999645,0.0265351821,-1,-1,-1,-1
3,850,0.4337135105,0.4484443948,0.0039832494,0.026606741400000022,-1,-1,-1,-1
4,850,0.4325469109,0.4482222736,0.004358254099999959,0.02608832830000002,-1,-1,-1,-1
5,850,0.4297553888,0.4481482333,0.006024908999999967,0.02608832820000001,-1,-1,-1,-1
6,850,0.428338688,0.4480000219,0.004691673299999977,0.026162499200000022,-1,-1,-1,-1
7,850,0.4266657145,0.4477357226,0.005088866699999972,0.026342180900000012,-1,-1,-1,-1
8,850,0.4245802651,0.4475079864,0.00537908389999997,0.02634218100000002,-1,-1,-1,-1
9,850,0.4243241393,0.4472045123,0.0037140452999999685,0.02628106819999998,-1,-1,-1,-1
10,850,0.4241961498,0.4472045123,0.003842034800000005,0.026356936799999953,-1,-1,-1,-1
11,850,0.4244522757,0.4469295052,0.004311672400000022,0.02602499559999999,-1,-1,-1,-1
12,850,0.4238974098,0.4468536367,0.00495191349999996,0.02602499559999999,-1,-1,-1,-1
13,850,0.4236412839,0.4467018996,0.004781162999999977,0.026176732699999983,-1,-1,-1,-1
14,850,0.423385158,0.4467018996,0.004951913600000024,0.026176732699999983,-1,-1,-1,-1
15,850,0.4231869287,0.4467018996,0.004951913599999969,0.026176732699999983,-1,-1,-1,-1
16,850,0.4231472534,0.4467722837,0.004951913600000024,0.02617673260000003,-1,-1,-1,-1
17,850,0.423385158,0.446701769,0.004951913600000024,0.026176732699999983,-1,-1,-1,-1
18,850,0.4236627379,0.4466312544,0.004756623200000032,0.026176732699999983,-1,-1,-1,-1
19,850,0.4243367766,0.4469131824,0.0039238833999999945,0.02617673260000003,-1,-1,-1,-1
20,850,0.4225505081,0.4466312544,0.005313546200000019,0.026358373200000007,-1,-1,-1,-1
21,850,0.4221539024,0.446913313,0.0049170874999999725,0.0259352853,-1,-1,-1,-1
22,850,0.4200126138,0.4470542117,0.004917087500000028,0.0259352853,-1,-1,-1,-1
23,850,0.418862619,0.4464903557,0.005670623600000035,0.0259352853,-1,-1,-1,-1
24,850,0.417990204,0.4471245957,0.004401750000000038,0.0259352853,-1,-1,-1,-1
25,850,0.4168402092,0.4470540811,0.004401749900000029,0.0259352853,-1,-1,-1,-1
26,850,0.4156902144,0.4471245957,0.004441425200000015,0.0259352853,-1,-1,-1,-1
27,850,0.4154862541,0.4474870932,0.003968407899999971,0.0259352853,-1,-1,-1,-1
28,850,0.4160640435,0.447668342,0.003968407900000026,0.026326772100000007,-1,-1,-1,-1
29,850,0.4161320792,0.4478494601,0.0038664278000000163,0.0268101892,-1,-1,-1,-1
30,850,0.4158602302,0.4479703797,0.004274201300000002,0.02668926960000001,-1,-1,-1,-1
31,850,0.4162680038,0.4482120882,0.004580288599999982,0.0263871014,-1,-1,-1,-1
32,850,0.4172537136,0.4483818457,0.004580288599999982,0.026579841300000018,-1,-1,-1,-1
33,850,0.4175935984,0.4486235542,0.004478308500000028,0.02627767310000001,-1,-1,-1,-1
34,850,0.4170836978,0.4488048029,0.004648324300000006,0.02670063039999998,-1,-1,-1,-1
35,850,0.4173896381,0.4491673004,0.004580288599999982,0.027062997300000002,-1,-1,-1,-1
36,850,0.415384274,0.4494088784,0.005362038299999983,0.026760959500000014,-1,-1,-1,-1
37,850,0.4146025244,0.4494692076,0.004274348300000008,0.02694233880000002,-1,-1,-1,-1
38,850,0.4105239074,0.4497107855,0.006687485900000012,0.02670076090000001,-1,-1,-1,-1
39,850,0.4096062333,0.4495899965,0.004104332399999966,0.026700630400000036,-1,-1,-1,-1
40,850,0.4083194323,0.4495207877,0.004104332399999966,0.026700630400000036,-1,-1,-1,-1
41,850,0.406408848,0.4490356731,0.005774220100000005,0.02708911380000001,-1,-1,-1,-1
42,850,0.4069156627,0.4489663337,0.004877559199999992,0.026881226199999997,-1,-1,-1,-1
43,850,0.4078904986,0.4491048819,0.0058913357,0.026881226200000052,-1,-1,-1,-1
44,850,0.411165765,0.4487583155,0.004331803899999986,0.026881226199999997,-1,-1,-1,-1
45,850,0.4127254437,0.4485504279,0.005345580299999986,0.026881226199999997,-1,-1,-1,-1
46,850,0.4155719233,0.449097047,0.006710409400000006,0.026334607099999963,-1,-1,-1,-1
47,850,0.4191202143,0.4486812717,0.00398089829999998,0.02675051300000003,-1,-1,-1,-1
48,850,0.4200561096,0.4486119323,0.006437384800000001,0.026750512999999976,-1,-1,-1,-1
49,850,0.4230586453,0.4486812717,0.006086332200000044,0.026681173599999997,-1,-1,-1,-1
50,850,0.4244624149,0.4486812717,0.006086332200000044,0.026681173599999997,-1,-1,-1,-1
51,850,0.4275819191,0.4486812717,0.006086332199999989,0.026681173599999997,-1,-1,-1,-1
52,850,0.4289855417,0.4485427235,0.004994527800000037,0.02668117349999999,-1,-1,-1,-1
53,850,0.4315589968,0.4486120629,0.005540576900000038,0.02668117349999999,-1,-1,-1,-1
54,850,0.433714833,0.4487011203,0.005540576899999983,0.026681173500000044,-1,-1,-1,-1
55,850,0.4351186026,0.4487901777,0.006220052499999962,0.02668117349999999,-1,-1,-1,-1
56,850,0.4377255612,0.4487009897,0.005167188599999983,0.028386583199999982,-1,-1,-1,-1
57,850,0.4387281698,0.4487009897,0.0059693635999999994,0.027139257600000022,-1,-1,-1,-1
58,850,0.4401319394,0.4488792351,0.004866391299999995,0.027139257500000014,-1,-1,-1,-1
59,850,0.4399315058,0.4488792351,0.004966608099999992,0.027139257500000014,-1,-1,-1,-1
60,850,0.4400819779,0.4487901777,0.005167041700000041,0.027139257499999958,-1,-1,-1,-1
61,850,0.4401320863,0.4484338176,0.005066824899999989,0.027139257500000014,-1,-1,-1,-1
62,850,0.4399315058,0.4487901777,0.005116933300000015,0.027139257499999958,-1,-1,-1,-1
63,850,0.4399315058,0.4487901777,0.005116933300000015,0.027139257499999958,-1,-1,-1,-1
64,850,0.4400317226,0.4487901777,0.004715919199999974,0.027139257499999958,-1,-1,-1,-1
65,850,0.4398812505,0.448968423,0.004866391299999995,0.027139257600000022,-1,-1,-1,-1
66,850,0.4398812505,0.448968423,0.004866391299999995,0.027139257600000022,-1,-1,-1,-1
67,850,0.4397810337,0.448968423,0.004866391299999995,0.027139257600000022,-1,-1,-1,-1
68,850,0.4397309253,0.449057611,0.0047660276,0.027139257499999958,-1,-1,-1,-1
69,850,0.4397810337,0.4489685536,0.0047660276,0.027139257500000014,-1,-1,-1,-1
70,850,0.4399313589,0.449057611,0.0047660276,0.027139257499999958,-1,-1,-1,-1
71,850,0.4400315756,0.449057611,0.004916646699999971,0.027139257499999958,-1,-1,-1,-1
72,850,0.4399313589,0.4487012509,0.004966754999999989,0.027139257499999958,-1,-1,-1,-1
73,850,0.4406331702,0.4488794962,0.00436516050000002,0.026515202999999987,-1,-1,-1,-1
74,850,0.4409840758,0.4485230055,0.004465524300000023,0.027228053799999985,-1,-1,-1,-1
75,850,0.4409840758,0.4485230055,0.004465524300000023,0.027228053799999985,-1,-1,-1,-1
76,850,0.4401317924,0.449057611,0.004415415899999997,0.02651533349999996,-1,-1,-1,-1
77,850,0.4384272256,0.4493249137,0.004866538300000001,0.026515333600000024,-1,-1,-1,-1
78,850,0.4359707391,0.4493249137,0.006019618900000023,0.027673601800000003,-1,-1,-1,-1
79,850,0.4349393292,0.4495539557,0.006137910000000024,0.02665375120000002,-1,-1,-1,-1
80,850,0.4333310116,0.4492485228,0.004891666000000017,0.026882793200000032,-1,-1,-1,-1
81,850,0.4312000092,0.4493326181,0.006183757000000012,0.026651531299999975,-1,-1,-1,-1
82,850,0.4298741207,0.449164297,0.004857721500000023,0.026735757100000035,-1,-1,-1,-1
83,850,0.4296373916,0.448995976,0.004715625400000034,0.026819852300000002,-1,-1,-1,-1
84,850,0.429684708,0.448995976,0.004620992499999976,0.027072399199999986,-1,-1,-1,-1
85,850,0.4294005156,0.448995976,0.004763088700000029,0.027072399199999986,-1,-1,-1,-1
86,850,0.429211103,0.448995976,0.004857721500000023,0.02715662499999999,-1,-1,-1,-1
87,850,0.429447832,0.4489118807,0.004620992500000032,0.027156625099999998,-1,-1,-1,-1
88,850,0.429210956,0.448995976,0.004810552100000032,0.026988173399999982,-1,-1,-1,-1
89,850,0.4295424649,0.448995976,0.0046684558000000265,0.026819852300000002,-1,-1,-1,-1
90,850,0.4295424649,0.448995976,0.0043842634000000325,0.027072399199999986,-1,-1,-1,-1
91,850,0.428169113,0.4492485228,0.004999964700000026,0.027072399299999994,-1,-1,-1,-1
92,850,0.4279797004,0.4493033676,0.004715772299999976,0.02693345920000001,-1,-1,-1,-1
93,850,0.4270326372,0.4489667254,0.004715772299999976,0.027270101400000024,-1,-1,-1,-1
94,850,0.4266538119,0.4492191417,0.004431579799999974,0.027017554499999985,-1,-1,-1,-1
95,850,0.4274589258,0.4496400097,0.004526212699999976,0.02693332869999998,-1,-1,-1,-1
96,850,0.4284534524,0.4498083308,0.004100070999999983,0.02668078169999999,-1,-1,-1,-1
97,850,0.4295426118,0.4499766518,0.003957974800000041,0.02693332869999998,-1,-1,-1,-1
98,850,0.4301109967,0.4498083308,0.004478749299999973,0.027101649700000008,-1,-1,-1,-1
99,850,0.4308959791,0.4497241049,0.005256531399999986,0.02718587560000002,-1,-1,-1,-1
100,850,0.4321272347,0.4498083308,0.00525653150000005,0.027185875500000012,-1,-1,-1,-1
101,850,0.4336426828,0.4495559145,0.005256531499999995,0.027185875500000012,-1,-1,-1,-1
102,850,0.4349687183,0.4498083308,0.005209214999999989,0.02676513810000003,-1,-1,-1,-1
103,850,0.437715422,0.4497241049,0.005209214999999989,0.026765138200000038,-1,-1,-1,-1
104,850,0.4388518978,0.4491349159,0.005588040299999986,0.0271860062,-1,-1,-1,-1
105,850,0.4408881205,0.449303237,0.005019949299999993,0.027438422399999995,-1,-1,-1,-1
106,850,0.4417878672,0.4492190112,0.005019949400000001,0.027438422399999995,-1,-1,-1,-1
107,850,0.442450885,0.4492191417,0.005019949299999993,0.02634400910000001,-1,-1,-1,-1
108,850,0.4423561052,0.4492191417,0.005019949299999993,0.02676500770000001,-1,-1,-1,-1
109,850,0.4422613254,0.4492191417,0.0047832201999999935,0.02676500770000001,-1,-1,-1,-1
110,850,0.4420717658,0.4491350465,0.0047832201999999935,0.027438291899999967,-1,-1,-1,-1
111,850,0.4418823531,0.4494718192,0.004783220300000002,0.0269331981,-1,-1,-1,-1
112,850,0.4413141152,0.4493875934,0.004783220300000002,0.027185744999999983,-1,-1,-1,-1
113,850,0.4407931937,0.4498084613,0.004783220300000002,0.027185744999999983,-1,-1,-1,-1
114,850,0.4404616849,0.4503134245,0.005304288699999993,0.027017423900000004,-1,-1,-1,-1
115,850,0.4386148749,0.4505659714,0.005304288699999993,0.027017423900000004,-1,-1,-1,-1
116,850,0.4370995737,0.4509026135,0.004877853099999996,0.027017423900000004,-1,-1,-1,-1
117,850,0.4355841257,0.4509867088,0.0045938075999999994,0.027690838699999998,-1,-1,-1,-1
118,850,0.4331486523,0.4512030843,0.005787886100000028,0.027690838699999998,-1,-1,-1,-1
119,850,0.4318902118,0.4512752965,0.004732524100000024,0.027690838699999998,-1,-1,-1,-1
120,850,0.4310783384,0.4514918025,0.004813784900000007,0.027737326200000023,-1,-1,-1,-1
121,850,0.4295764093,0.451708178,0.006112782300000008,0.02752095069999999,-1,-1,-1,-1
122,850,0.4294545915,0.4518524719,0.00530090900000002,0.028170338299999986,-1,-1,-1,-1
123,850,0.4297791939,0.4522853534,0.004854635799999951,0.02831450160000004,-1,-1,-1,-1
124,850,0.4298197509,0.4522853534,0.0051388280999999925,0.02831450160000004,-1,-1,-1,-1
125,850,0.4285209003,0.4529346105,0.004935749599999983,0.02838671380000002,-1,-1,-1,-1
126,850,0.4269784143,0.4529346105,0.0050981243000000065,0.028458795400000014,-1,-1,-1,-1
127,850,0.4257201207,0.4532952798,0.005422873600000044,0.028170338299999986,-1,-1,-1,-1
128,850,0.424502384,0.4532230676,0.0050981243000000065,0.02824255050000002,-1,-1,-1,-1
129,850,0.4239339992,0.4529346105,0.004814078799999955,0.027881750599999977,-1,-1,-1,-1
130,850,0.4234063182,0.4528625288,0.004692260999999975,0.028170207800000013,-1,-1,-1,-1
131,850,0.4232033866,0.4523575656,0.004205136900000017,0.027809407799999963,-1,-1,-1,-1
132,850,0.42401526,0.4523575656,0.005016863400000016,0.027809407799999963,-1,-1,-1,-1
133,850,0.4258013815,0.4515638842,0.005016863499999968,0.02809812610000001,-1,-1,-1,-1
134,850,0.4273844245,0.4513473781,0.005666362199999997,0.02809812610000001,-1,-1,-1,-1
135,850,0.4290487283,0.4513819825,0.006356270899999961,0.027558558499999997,-1,-1,-1,-1
136,850,0.4303070219,0.4510933948,0.006356270900000016,0.027558558499999997,-1,-1,-1,-1
137,850,0.4329048699,0.4510933948,0.00607222540000002,0.027414395199999997,-1,-1,-1,-1
138,850,0.4341631635,0.4510213132,0.00607222540000002,0.027414395199999997,-1,-1,-1,-1
139,850,0.4368422723,0.4510933948,0.006315713999999972,0.02705359530000001,-1,-1,-1,-1
140,850,0.4378976343,0.4507327255,0.00607222540000002,0.027414264600000016,-1,-1,-1,-1
141,850,0.4408607886,0.4512376887,0.006072225500000028,0.027414264600000016,-1,-1,-1,-1
142,850,0.4426062063,0.4508048071,0.00444862549999997,0.02734218300000002,-1,-1,-1,-1
143,850,0.4435804544,0.450949101,0.0048544886999999926,0.027342182999999964,-1,-1,-1,-1
144,850,0.4444328847,0.4508048071,0.004854488800000001,0.02734218300000002,-1,-1,-1,-1
145,850,0.4446358164,0.4508048071,0.0048544886999999926,0.02734218300000002,-1,-1,-1,-1
146,850,0.444798191,0.4508048071,0.004854488800000001,0.02734218300000002,-1,-1,-1,-1
147,850,0.4450822365,0.4502276317,0.004854488800000001,0.027342182999999964,-1,-1,-1,-1
148,850,0.4453257251,0.4500833379,0.004854488800000001,0.02734218300000002,-1,-1,-1,-1
149,850,0.4460563377,0.450588301,0.004854488799999945,0.027342183099999973,-1,-1,-1,-1
150,850,0.4455692136,0.4507325949,0.004854488800000001,0.02734218300000002,-1,-1,-1,-1
151,850,0.4443920339,0.4512375581,0.004854488800000001,0.02734218300000002,-1,-1,-1,-1
152,850,0.4436208644,0.451021052,0.0048544886999999926,0.02734218300000002,-1,-1,-1,-1
153,850,0.4422814569,0.4508767582,0.004854488800000001,0.027991701199999997,-1,-1,-1,-1
154,850,0.4403331076,0.4514539336,0.004854488800000001,0.027991701199999997,-1,-1,-1,-1
155,850,0.4388311785,0.451021052,0.004083319299999999,0.027991701199999997,-1,-1,-1,-1
156,850,0.4370857609,0.4509489704,0.00477322790000001,0.026837350400000015,-1,-1,-1,-1
157,850,0.4363145913,0.4507325949,0.004326660900000001,0.027125807499999988,-1,-1,-1,-1
158,850,0.4372075786,0.4502276317,0.004570296400000007,0.027053725899999992,-1,-1,-1,-1
159,850,0.4371264648,0.4496504563,0.004083172199999985,0.026693056599999987,-1,-1,-1,-1
160,850,0.4375730319,0.4495783747,0.004083172299999993,0.02669305649999998,-1,-1,-1,-1
161,850,0.4373293964,0.449289787,0.004083172299999993,0.02669305649999998,-1,-1,-1,-1
162,850,0.4361927736,0.4487846932,0.004164433099999976,0.026404468900000033,-1,-1,-1,-1
163,850,0.4351779685,0.4482076484,0.004489182499999966,0.026332256599999992,-1,-1,-1,-1
164,850,0.4325395636,0.4477747668,0.005138534199999989,0.026115881200000024,-1,-1,-1,-1
165,850,0.4311594522,0.4477747668,0.004326807799999999,0.026115881200000024,-1,-1,-1,-1
166,850,0.4282368549,0.4473418853,0.005422726599999983,0.026187962799999964,-1,-1,-1,-1
167,850,0.4266538119,0.4474140975,0.004204989999999964,0.02575508120000003,-1,-1,-1,-1
168,850,0.4251924397,0.447197722,0.0042049900000000195,0.02539441189999997,-1,-1,-1,-1
169,850,0.4222292854,0.446548465,0.005544544400000018,0.026043668899999983,-1,-1,-1,-1
170,850,0.4199561868,0.446548465,0.004651557099999981,0.02589937510000001,-1,-1,-1,-1
171,850,0.4194692096,0.4463319589,0.004204843100000022,0.026115881200000024,-1,-1,-1,-1
172,850,0.4185760754,0.4467647099,0.004651557199999989,0.02604379950000002,-1,-1,-1,-1
173,850,0.4184949615,0.4469090037,0.00473267110000003,0.02647655050000003,-1,-1,-1,-1
174,850,0.418251326,0.4471255098,0.004407921700000039,0.026260044400000015,-1,-1,-1,-1
175,850,0.4178454628,0.4473420159,0.004854488800000001,0.02633212600000001,-1,-1,-1,-1
176,850,0.4161406021,0.447846979,0.0045702962999999985,0.02662071380000003,-1,-1,-1,-1
177,850,0.4152717138,0.4482798606,0.004099630199999982,0.026187832199999983,-1,-1,-1,-1
178,850,0.4140134202,0.4482798606,0.004221447900000008,0.0267650076,-1,-1,-1,-1
179,850,0.4132828076,0.4485684483,0.004749128899999955,0.02662071380000003,-1,-1,-1,-1
180,850,0.412064924,0.4485684483,0.004952207500000028,0.027125676900000006,-1,-1,-1,-1
181,850,0.4122272987,0.4490013299,0.00442452649999997,0.02698138299999997,-1,-1,-1,-1
182,850,0.4120243671,0.4492177053,0.004586901099999985,0.027125807599999996,-1,-1,-1,-1
183,850,0.4123085595,0.449506293,0.004586901199999993,0.027125807599999996,-1,-1,-1,-1
184,850,0.4129580583,0.4497226685,0.004099630100000029,0.027197889200000047,-1,-1,-1,-1
185,850,0.413338353,0.4498728386,0.0052729893000000305,0.027085588100000002,-1,-1,-1,-1
186,850,0.4144792372,0.4499974145,0.005272989299999975,0.02733643729999996,-1,-1,-1,-1
187,850,0.4169299929,0.4503728396,0.004470226500000007,0.027186397899999992,-1,-1,-1,-1
188,850,0.4184089985,0.4502226696,0.004470226500000007,0.02763690809999997,-1,-1,-1,-1
189,850,0.4222965864,0.4505980947,0.004216598700000018,0.027111312900000017,-1,-1,-1,-1
190,850,0.4241135665,0.4505230097,0.006582860700000026,0.027111312900000017,-1,-1,-1,-1
191,850,0.4280433277,0.4504479247,0.004977188200000038,0.02711131280000001,-1,-1,-1,-1
192,850,0.4304097367,0.4497720288,0.00535733599999999,0.027186397899999992,-1,-1,-1,-1
193,850,0.4335329146,0.4494592833,0.0047974739000000155,0.026943775299999972,-1,-1,-1,-1
194,850,0.4354242491,0.4490683188,0.005149555099999981,0.026631160300000012,-1,-1,-1,-1
195,850,0.4372175709,0.4486716086,0.005282540799999957,0.027027870499999995,-1,-1,-1,-1
196,850,0.4387118588,0.4482289334,0.004286250899999955,0.026824553300000054,-1,-1,-1,-1
197,850,0.439352247,0.4482289334,0.0046314256000000165,0.026824553300000054,-1,-1,-1,-1
198,850,0.4404622726,0.4479254592,0.004631425700000025,0.026824553299999998,-1,-1,-1,-1
199,850,0.4399072598,0.4478494601,0.00437529980000001,0.026038967999999996,-1,-1,-1,-1
200,850,0.4384128249,0.447545986,0.0045895462000000165,0.026038967999999996,-1,-1,-1,-1
201,850,0.4385161276,0.447545986,0.004176188699999972,0.025952130500000004,-1,-1,-1,-1
202,850,0.4382577975,0.4469950577,0.0045378214000000305,0.025952130500000004,-1,-1,-1,-1
203,850,0.4365529368,0.4469950577,0.004796151400000004,0.025952130500000004,-1,-1,-1,-1
204,850,0.4342281134,0.446535929,0.00489945399999997,0.025768531300000008,-1,-1,-1,-1
205,850,0.4340215081,0.4464441294,0.0038145560999999772,0.025401202199999973,-1,-1,-1,-1
206,850,0.4314385016,0.4460768004,0.005777599899999986,0.025860330800000053,-1,-1,-1,-1
207,850,0.4301468514,0.4460768004,0.004692848800000038,0.025309533100000003,-1,-1,-1,-1
208,850,0.4284937154,0.4458014015,0.005054334600000043,0.02549300179999997,-1,-1,-1,-1
209,850,0.4275121201,0.445434203,0.0045893992000000106,0.025401202200000028,-1,-1,-1,-1
210,850,0.4266338273,0.445434203,0.0045893992000000106,0.025401202200000028,-1,-1,-1,-1
211,850,0.4256522319,0.4453424034,0.004331216199999988,0.025401202200000028,-1,-1,-1,-1
212,850,0.425910562,0.4453424034,0.0045378214000000305,0.025401202200000028,-1,-1,-1,-1
213,850,0.4262721946,0.4453424034,0.005570994699999998,0.025401202200000028,-1,-1,-1,-1
214,850,0.4263239194,0.4453424034,0.004331069200000037,0.025401202200000028,-1,-1,-1,-1
215,850,0.4263239194,0.4453424034,0.00469270190000004,0.025401202200000028,-1,-1,-1,-1
216,850,0.4262204698,0.4453424034,0.004847876299999998,0.025401202200000028,-1,-1,-1,-1
217,850,0.4260655894,0.4453424034,0.00484787619999999,0.025401202200000028,-1,-1,-1,-1
218,850,0.4260655894,0.4453424034,0.00484787619999999,0.025401202200000028,-1,-1,-1,-1
219,850,0.4260655894,0.4453424034,0.00484787619999999,0.025401202200000028,-1,-1,-1,-1
220,850,0.4260655894,0.4453424034,0.00484787619999999,0.025401202200000028,-1,-1,-1,-1
221,850,0.4261414132,0.4453424034,0.0046217272000000365,0.025401202200000028,-1,-1,-1,-1
222,850,0.4260275305,0.4454097841,0.0042421672000000354,0.025401202200000028,-1,-1,-1,-1
