1,1032,0.423204856,0.402188879,0.0015504210999999768,0.008738853400000024,-1,-1,-1,-1
2,1032,0.4230718704,0.4023069257,0.0018162454000000272,0.008305841300000005,-1,-1,-1,-1
3,1032,0.4229834093,0.402188879,0.0017054484999999842,0.008463193400000013,-1,-1,-1,-1
4,1032,0.4229390318,0.4022281843,0.001816245300000019,0.008502629399999961,-1,-1,-1,-1
5,1032,0.4231604785,0.402188879,0.0018384341000000082,0.008463193400000013,-1,-1,-1,-1
6,1032,0.4231384367,0.4023069257,0.0017274902999999675,0.008423757500000018,-1,-1,-1,-1
7,1032,0.4231826673,0.4023069257,0.001727490300000023,0.008423757500000018,-1,-1,-1,-1
8,1032,0.4232490866,0.4022281843,0.001727490300000023,0.008423757499999962,-1,-1,-1,-1
9,1032,0.4231826673,0.4023069257,0.001727490300000023,0.008384321500000014,-1,-1,-1,-1
10,1032,0.4231826673,0.4023463617,0.001727490300000023,0.008384321500000014,-1,-1,-1,-1
11,1032,0.4231826673,0.4023070563,0.001727490300000023,0.008384321499999958,-1,-1,-1,-1
12,1032,0.423204856,0.4023069257,0.0017274902999999675,0.008384321500000014,-1,-1,-1,-1
13,1032,0.4231606254,0.4023069257,0.0017274904000000313,0.008384321500000014,-1,-1,-1,-1
14,1032,0.423205003,0.4023069257,0.0017274902999999675,0.008384321500000014,-1,-1,-1,-1
15,1032,0.423205003,0.4023069257,0.0017274902999999675,0.008384321500000014,-1,-1,-1,-1
16,1032,0.423204856,0.402385667,0.0017054484999999842,0.008266144199999992,-1,-1,-1,-1
17,1032,0.423204856,0.402385667,0.0017940565999999825,0.008266144199999992,-1,-1,-1,-1
18,1032,0.4231606254,0.402385667,0.0017940565999999825,0.008266144199999992,-1,-1,-1,-1
19,1032,0.4233156529,0.402425103,0.0016834065999999925,0.008266144199999992,-1,-1,-1,-1
20,1032,0.4232490866,0.402425103,0.0016834067000000008,0.008266144199999992,-1,-1,-1,-1
21,1032,0.4232047091,0.4025825857,0.0016834067000000008,0.008266144199999992,-1,-1,-1,-1
22,1032,0.4231825203,0.4025038444,0.0016834067000000008,0.008266144200000047,-1,-1,-1,-1
23,1032,0.4232268978,0.4025038444,0.0016834067000000008,0.008266144200000047,-1,-1,-1,-1
24,1032,0.4232490866,0.4025038444,0.0016834067000000008,0.008266144200000047,-1,-1,-1,-1
25,1032,0.4232047091,0.402464539,0.0016834067000000008,0.008266144199999992,-1,-1,-1,-1
26,1032,0.4232047091,0.4024252336,0.0016834067000000008,0.008266144199999992,-1,-1,-1,-1
27,1032,0.4231825203,0.402464539,0.0016834067000000008,0.008266144199999992,-1,-1,-1,-1
28,1032,0.4232267509,0.4023070563,0.0016834067000000008,0.008266144199999992,-1,-1,-1,-1
29,1032,0.4232267509,0.4023070563,0.0016834067000000008,0.008266144199999992,-1,-1,-1,-1
30,1032,0.4232267509,0.4022506446,0.0017249921999999973,0.008322555900000028,-1,-1,-1,-1
31,1032,0.4232267509,0.4023015718,0.0017249921999999973,0.008322555900000028,-1,-1,-1,-1
32,1032,0.4231980965,0.4023015718,0.0017249923000000056,0.008322555900000028,-1,-1,-1,-1
33,1032,0.4231694422,0.402352499,0.0017249921999999973,0.008322555900000028,-1,-1,-1,-1
34,1032,0.4230833322,0.402352499,0.0017249921999999973,0.008322555900000028,-1,-1,-1,-1
35,1032,0.4231694422,0.4025052808,0.0017249921999999973,0.008322555900000028,-1,-1,-1,-1
36,1032,0.4231407878,0.4025052808,0.0017249923000000056,0.008322555900000028,-1,-1,-1,-1
37,1032,0.4231127212,0.402455137,0.0017249923000000056,0.008322555899999973,-1,-1,-1,-1
38,1032,0.4231127212,0.402455137,0.0017249923000000056,0.008322555899999973,-1,-1,-1,-1
39,1032,0.4231576865,0.402375351,0.0017249923000000056,0.008322555900000028,-1,-1,-1,-1
40,1032,0.4232025049,0.4024151787,0.0017249921999999973,0.008322555900000028,-1,-1,-1,-1
41,1032,0.4231640052,0.402346884,0.0017249921999999973,0.008322555899999973,-1,-1,-1,-1
42,1032,0.4231064026,0.4023126713,0.0017249921999999973,0.008322555900000028,-1,-1,-1,-1
43,1032,0.4231447553,0.402346884,0.0017249923000000056,0.008322555899999973,-1,-1,-1,-1
44,1032,0.4232216078,0.4024151787,0.0017249921999999973,0.008322555900000028,-1,-1,-1,-1
45,1032,0.4231447553,0.402346884,0.0017249923000000056,0.008322555899999973,-1,-1,-1,-1
46,1032,0.4231447553,0.4023809661,0.0017249923000000056,0.008322555899999973,-1,-1,-1,-1
47,1032,0.4232408576,0.4023809661,0.0017249923000000056,0.008322555899999973,-1,-1,-1,-1
48,1032,0.4232216078,0.402346884,0.0017249921999999973,0.008322555899999973,-1,-1,-1,-1
49,1032,0.4231638582,0.402346884,0.0017249923000000056,0.008322555899999973,-1,-1,-1,-1
50,1032,0.4231638582,0.402346884,0.0017249923000000056,0.008322555899999973,-1,-1,-1,-1
51,1032,0.4231831081,0.4024153093,0.0017249921999999973,0.008322555899999973,-1,-1,-1,-1
52,1032,0.4231446084,0.4024153093,0.0017249921999999973,0.008322555899999973,-1,-1,-1,-1
53,1032,0.4231638582,0.4024153093,0.0017249923000000056,0.008322555899999973,-1,-1,-1,-1
54,1032,0.4231831081,0.4024153093,0.0017249921999999973,0.008322555899999973,-1,-1,-1,-1
55,1032,0.4232023579,0.4024153093,0.0017249923000000056,0.008322555899999973,-1,-1,-1,-1
56,1032,0.4231638582,0.4023810966,0.0017249923000000056,0.008322556000000036,-1,-1,-1,-1
57,1032,0.4231831081,0.4023810966,0.0017249921999999973,0.008322556000000036,-1,-1,-1,-1
58,1032,0.4231253585,0.402346884,0.0017249923000000056,0.008322555899999973,-1,-1,-1,-1
59,1032,0.4231637113,0.402346884,0.0017249921999999973,0.008322555899999973,-1,-1,-1,-1
60,1032,0.4231637113,0.402346884,0.0017249921999999973,0.008322555899999973,-1,-1,-1,-1
61,1032,0.4231446084,0.4023810966,0.0017249921999999973,0.008322556000000036,-1,-1,-1,-1
62,1032,0.4231831081,0.4024153093,0.0017249921999999973,0.008322555899999973,-1,-1,-1,-1
63,1032,0.423202211,0.4024153093,0.0017249921999999973,0.008322555899999973,-1,-1,-1,-1
64,1032,0.4232214608,0.4024153093,0.0017249923000000056,0.008322555899999973,-1,-1,-1,-1
65,1032,0.4232023579,0.4023810966,0.0017249923000000056,0.008322556000000036,-1,-1,-1,-1
66,1032,0.4232408576,0.4024153093,0.0017249923000000056,0.008322555899999973,-1,-1,-1,-1
67,1032,0.4230677559,0.4023810966,0.0017249923000000056,0.008322556000000036,-1,-1,-1,-1
68,1032,0.4227406554,0.4024493914,0.0017249923000000056,0.008322555899999973,-1,-1,-1,-1
69,1032,0.422609874,0.4023206369,0.0014710706000000129,0.008383015700000052,-1,-1,-1,-1
70,1032,0.4219365701,0.4022181295,0.001846663099999979,0.008478079799999982,-1,-1,-1,-1
71,1032,0.4217249687,0.4024231443,0.00146196000000004,0.008170557600000017,-1,-1,-1,-1
72,1032,0.4214556178,0.4021497042,0.0015582091999999936,0.008512292499999963,-1,-1,-1,-1
73,1032,0.4211094144,0.4019787714,0.0016158118000000332,0.008512292600000027,-1,-1,-1,-1
74,1032,0.4206862116,0.4019103461,0.0016158117999999777,0.008512292500000018,-1,-1,-1,-1
75,1032,0.4203400082,0.4017736261,0.0014619598999999761,0.008478079799999982,-1,-1,-1,-1
76,1032,0.4196091017,0.4017052007,0.0017696636000000265,0.008649012600000006,-1,-1,-1,-1
77,1032,0.4190127972,0.4015000554,0.0015389592999999757,0.008785732599999985,-1,-1,-1,-1
78,1032,0.4188589453,0.4015000554,0.001538959399999984,0.008785732599999985,-1,-1,-1,-1
79,1032,0.4185704915,0.4014525233,0.0015333754000000366,0.008559824600000043,-1,-1,-1,-1
80,1032,0.4182226717,0.4016245007,0.0014939939999999985,0.008215739200000016,-1,-1,-1,-1
81,1032,0.4176611932,0.4014868665,0.0016100809999999854,0.00831889960000004,-1,-1,-1,-1
82,1032,0.4169060407,0.4012460721,0.0015295549000000075,0.008430678299999994,-1,-1,-1,-1
83,1032,0.4160348014,0.4012460721,0.0017038321000000245,0.008224227099999981,-1,-1,-1,-1
84,1032,0.4151829588,0.4011793443,0.0015720221000000145,0.008118846999999985,-1,-1,-1,-1
85,1032,0.4141248049,0.4011901827,0.0016234529000000442,0.008149795000000015,-1,-1,-1,-1
86,1032,0.4128315382,0.4012737556,0.0013881933999999596,0.007899076299999974,-1,-1,-1,-1
87,1032,0.4119144519,0.4014409014,0.0013881934000000151,0.00789907630000003,-1,-1,-1,-1
88,1032,0.4103859257,0.4010229063,0.0013881933000000068,0.00789907630000003,-1,-1,-1,-1
89,1032,0.4092807492,0.4008975469,0.0013881933999999596,0.007899076299999974,-1,-1,-1,-1
90,1032,0.4081983493,0.400825857,0.001382168600000011,0.007396463699999967,-1,-1,-1,-1
91,1032,0.4072711237,0.4006466976,0.001382168600000011,0.007396463600000014,-1,-1,-1,-1
92,1032,0.4062835036,0.4007541672,0.0013821685000000028,0.007396463600000014,-1,-1,-1,-1
93,1032,0.4054973456,0.4005392281,0.001382168600000011,0.007396463600000014,-1,-1,-1,-1
94,1032,0.404691203,0.4005392281,0.001382168600000011,0.007396463600000014,-1,-1,-1,-1
95,1032,0.4040819673,0.4004489955,0.001382168600000011,0.007396463599999958,-1,-1,-1,-1
96,1032,0.4035107905,0.4002685302,0.001382168600000011,0.007396463600000014,-1,-1,-1,-1
97,1032,0.4025842996,0.4000202925,0.001382168600000011,0.007396463700000022,-1,-1,-1,-1
98,1032,0.4020622026,0.3998462258,0.001382168600000011,0.007396463699999967,-1,-1,-1,-1
99,1032,0.4011993391,0.3997302684,0.0014616660999999809,0.0071106182000000295,-1,-1,-1,-1
100,1032,0.4006118513,0.3996722897,0.0015176523000000053,0.0079225812,-1,-1,-1,-1
101,1032,0.3998937291,0.3994692337,0.001517652199999997,0.0079225812,-1,-1,-1,-1
102,1032,0.3990126444,0.399299868,0.0014359506000000133,0.007772933400000015,-1,-1,-1,-1
103,1032,0.3984740894,0.3991259318,0.0014359506000000133,0.007772933500000023,-1,-1,-1,-1
104,1032,0.3976254796,0.3993869666,0.0014033287999999922,0.007511898700000019,-1,-1,-1,-1
105,1032,0.3970379919,0.3994159559,0.0014033286999999839,0.007511898700000019,-1,-1,-1,-1
106,1032,0.396189529,0.3988938864,0.0014033287000000394,0.007511898700000019,-1,-1,-1,-1
107,1032,0.3947534315,0.398690961,0.0014033287000000394,0.007511898699999964,-1,-1,-1,-1
108,1032,0.3946905388,0.3983927101,0.0014033287999999922,0.007511898700000019,-1,-1,-1,-1
109,1032,0.3944178081,0.3982435847,0.0014033287999999922,0.007511898700000019,-1,-1,-1,-1
