111,187,0.8340501331,0.3942141953,0.0015538008000000048,0.006991265599999963,-1,-1,-1,-1
112,187,0.8347247595,0.3945411743,0.0015538008000000048,0.006991265599999963,-1,-1,-1,-1
113,187,0.8347247595,0.3945411743,0.0015538008000000048,0.006991265599999963,-1,-1,-1,-1
114,187,0.8351744125,0.3946502109,0.0015538008000000048,0.006991265499999955,-1,-1,-1,-1
115,187,0.8353789605,0.3947955494,0.001512803000000007,0.006262875399999979,-1,-1,-1,-1
116,187,0.8355630831,0.3946866434,0.0014491756999999161,0.004956526399999994,-1,-1,-1,-1
117,187,0.8354608091,0.3949045859,0.0014491757000000272,0.004956526399999994,-1,-1,-1,-1
118,187,0.8353100431,0.3949440218,0.0014221376999999924,0.0049759832999999865,-1,-1,-1,-1
119,187,0.8351544279,0.3948650193,0.0014221376999999924,0.004975983199999978,-1,-1,-1,-1
120,187,0.8347324006,0.3949440218,0.0016219834999999794,0.005094421700000018,-1,-1,-1,-1
121,187,0.834884783,0.3949440218,0.0016219834999999794,0.005094421700000018,-1,-1,-1,-1
122,187,0.83463718,0.39487638,0.0016219834999999794,0.0050944216999999625,-1,-1,-1,-1
123,187,0.8347515035,0.3949779733,0.0016394700999999845,0.005454699299999977,-1,-1,-1,-1
124,187,0.8345610623,0.3952488018,0.0015360204000000044,0.008013989,-1,-1,-1,-1
125,187,0.8346689202,0.3951208308,0.0015177991999999474,0.006715866700000017,-1,-1,-1,-1
126,187,0.8345903044,0.3952806639,0.0014694541999999977,0.007505500200000015,-1,-1,-1,-1
127,187,0.8346179302,0.3951474696,0.0014694540999999894,0.007505500199999959,-1,-1,-1,-1
128,187,0.8345741404,0.3953812126,0.0014856182000000384,0.006900380000000039,-1,-1,-1,-1
129,187,0.8347056566,0.3953812126,0.0014856181000000301,0.006900380000000039,-1,-1,-1,-1
130,187,0.834639825,0.3955369977,0.0014856182000000384,0.006900380099999992,-1,-1,-1,-1
131,187,0.8345958883,0.3956538692,0.0014856182000000384,0.006900380099999992,-1,-1,-1,-1
132,187,0.8344643722,0.3958096543,0.0014856181999999274,0.0069003801000000475,-1,-1,-1,-1
133,187,0.8343548979,0.3956538692,0.0014856181000000301,0.006900380099999992,-1,-1,-1,-1
134,187,0.8343111081,0.3957707407,0.0014856182000000384,0.006900380099999992,-1,-1,-1,-1
135,187,0.8342016338,0.3958097849,0.0014856182000000384,0.006900380099999992,-1,-1,-1,-1
136,187,0.8343112551,0.3958097849,0.0014856180999999191,0.006900380099999992,-1,-1,-1,-1
137,187,0.8341140543,0.3957708713,0.0014856182000000384,0.006900379999999984,-1,-1,-1,-1
138,187,0.8341578441,0.3957708713,0.0014856180999999191,0.006900379999999984,-1,-1,-1,-1
139,187,0.8339606433,0.3958877428,0.0014856182000000384,0.006900379999999984,-1,-1,-1,-1
140,187,0.8337806352,0.395926787,0.0016875211000000334,0.006783247400000025,-1,-1,-1,-1
141,187,0.8336272242,0.3960435279,0.0016875211000000334,0.00678324739999997,-1,-1,-1,-1
142,187,0.8335834345,0.3960435279,0.0016875210999999224,0.00678324739999997,-1,-1,-1,-1
143,187,0.8335396447,0.3960435279,0.0016875212000000417,0.00678324739999997,-1,-1,-1,-1
144,187,0.8334082755,0.3960435279,0.0016875212000000417,0.00678324739999997,-1,-1,-1,-1
145,187,0.8331890329,0.396199313,0.0016875211999999307,0.006783247400000025,-1,-1,-1,-1
146,187,0.8331013065,0.3962382267,0.0016875211999999307,0.006783247400000025,-1,-1,-1,-1
147,187,0.8330356219,0.3963549676,0.0016875211999999307,0.006783247400000025,-1,-1,-1,-1
148,187,0.8330356219,0.3964718391,0.0016875211999999307,0.006783247400000025,-1,-1,-1,-1
149,187,0.8330904326,0.3964718391,0.0016875211999999307,0.006783247400000025,-1,-1,-1,-1
150,187,0.8331452432,0.3964718391,0.0016875211999999307,0.006783247400000025,-1,-1,-1,-1
151,187,0.8332328227,0.3964718391,0.0016875211000000334,0.006783247400000025,-1,-1,-1,-1
152,187,0.8334738866,0.3965107527,0.0016875212000000417,0.00678324739999997,-1,-1,-1,-1
153,187,0.8337149506,0.3965496663,0.0016875211000000334,0.006783247400000025,-1,-1,-1,-1
154,187,0.833649119,0.3963938812,0.0016875211999999307,0.00678324739999997,-1,-1,-1,-1
155,187,0.8336272242,0.3965496663,0.0016875211000000334,0.006783247400000025,-1,-1,-1,-1
156,187,0.8335395712,0.3965496663,0.0016875212000000417,0.006783247400000025,-1,-1,-1,-1
157,187,0.8334519183,0.3965496663,0.0016875211000000334,0.006783247400000025,-1,-1,-1,-1
158,187,0.8333553017,0.39665694,0.0016875210999999224,0.00678324739999997,-1,-1,-1,-1
159,187,0.8332586851,0.3967642137,0.0016875211000000334,0.006783247400000025,-1,-1,-1,-1
160,187,0.8329689087,0.3969788916,0.0016875212000000417,0.006783247400000025,-1,-1,-1,-1
161,187,0.8328964646,0.3969788916,0.0016875212000000417,0.006783247400000025,-1,-1,-1,-1
162,187,0.8327273304,0.3970646844,0.0016875211999999307,0.006783247400000025,-1,-1,-1,-1
163,187,0.8328479726,0.3969788916,0.0016875212000000417,0.006783247400000025,-1,-1,-1,-1
164,187,0.8320751867,0.3974081168,0.001798758800000022,0.00702169140000003,-1,-1,-1,-1
165,187,0.8316646212,0.3977515492,0.001798758800000022,0.007021691399999974,-1,-1,-1,-1
166,187,0.8314339169,0.3980985074,0.001798758800000022,0.007021691299999966,-1,-1,-1,-1
167,187,0.8315404523,0.3982246502,0.001798758800000022,0.00702169140000003,-1,-1,-1,-1
168,187,0.8315404523,0.3983463533,0.001798758800000022,0.007021691299999966,-1,-1,-1,-1
169,187,0.8316087819,0.3984679258,0.0017987589000000304,0.007021691299999966,-1,-1,-1,-1
170,187,0.8316315585,0.3986705901,0.001798758799999911,0.007021691300000021,-1,-1,-1,-1
171,187,0.8314946053,0.3988327737,0.0017987589000000304,0.00702169140000003,-1,-1,-1,-1
172,187,0.831220846,0.3988732544,0.0017987589000000304,0.007021691300000021,-1,-1,-1,-1
173,187,0.8313576522,0.399035438,0.0019249849999999347,0.0070688317,-1,-1,-1,-1
174,187,0.8316541881,0.3989543462,0.0019249848999999264,0.0070688317,-1,-1,-1,-1
175,187,0.8317909942,0.3989543462,0.0019249849999999347,0.0070688317,-1,-1,-1,-1
176,187,0.8317909942,0.3992787136,0.0019249849999999347,0.0070688317,-1,-1,-1,-1
177,187,0.8318137708,0.3993598054,0.0019249849000000374,0.0070688317,-1,-1,-1,-1
178,187,0.8316312646,0.3996436921,0.0019249848999999264,0.0070688317,-1,-1,-1,-1
179,187,0.8317909942,0.3995626003,0.0019249849999999347,0.0070688317,-1,-1,-1,-1
180,187,0.8315857115,0.3995626003,0.0019249849999999347,0.0070688317,-1,-1,-1,-1
181,187,0.8314032053,0.3998058758,0.002084714600000037,0.0070688317,-1,-1,-1,-1
182,187,0.8312434756,0.3998058758,0.002084714600000037,0.0070688317,-1,-1,-1,-1
183,187,0.831083746,0.3998463564,0.002084714600000037,0.0070688317,-1,-1,-1,-1
184,187,0.8311522225,0.3998463564,0.001993608499999966,0.0070283510999999965,-1,-1,-1,-1
185,187,0.8310609694,0.4000085401,0.001993608500000077,0.0070283510999999965,-1,-1,-1,-1
186,187,0.8311749991,0.4001707238,0.0018338787999999662,0.007312107199999973,-1,-1,-1,-1
187,187,0.831083746,0.4002922962,0.0018338787999999662,0.0073121072999999814,-1,-1,-1,-1
188,187,0.8310380459,0.4004949606,0.0018340258000000276,0.00808267549999997,-1,-1,-1,-1
189,187,0.8308783163,0.4005760524,0.0018340257000000193,0.008082675500000025,-1,-1,-1,-1
190,187,0.8305133039,0.4006977554,0.0017655491000000412,0.00727162659999997,-1,-1,-1,-1
191,187,0.8299062723,0.4008193279,0.0019390916999999508,0.007231145999999966,-1,-1,-1,-1
192,187,0.8299062723,0.4010219922,0.0019390916999999508,0.007231145999999966,-1,-1,-1,-1
193,187,0.8298379427,0.4010219922,0.0019390916999999508,0.007231145999999966,-1,-1,-1,-1
194,187,0.8298379427,0.4010219922,0.0019390916999999508,0.007231145999999966,-1,-1,-1,-1
195,187,0.8291536179,0.4017113381,0.0019390917000000618,0.007231146000000022,-1,-1,-1,-1
196,187,0.8282484341,0.4017559974,0.002027405999999954,0.00805747309999999,-1,-1,-1,-1
197,187,0.8269160801,0.4008624202,0.0020274059000000566,0.00805747309999999,-1,-1,-1,-1
198,187,0.8245025016,0.4007284424,0.0020274058999999456,0.00805747309999999,-1,-1,-1,-1
199,187,0.8223656214,0.4001028208,0.0020274058999999456,0.008057473100000045,-1,-1,-1,-1
200,187,0.8214857122,0.4001028208,0.0020274059000000566,0.008057473100000045,-1,-1,-1,-1
201,187,0.8200527005,0.3996113076,0.0020274058999999456,0.00805747309999999,-1,-1,-1,-1
202,187,0.8195247256,0.4007284424,0.0020274058999999456,0.00805747309999999,-1,-1,-1,-1
203,187,0.8189968977,0.4006837831,0.0020274059000000566,0.00805747309999999,-1,-1,-1,-1
204,187,0.8182426269,0.4007284424,0.0020274058999999456,0.00805747309999999,-1,-1,-1,-1
205,187,0.8173374431,0.4008177609,0.0020274058999999456,0.00805747309999999,-1,-1,-1,-1
206,187,0.8168663361,0.4004730227,0.0020274058999999456,0.00805747309999999,-1,-1,-1,-1
207,187,0.8158587314,0.4006358593,0.0020274059000000566,0.008057472999999982,-1,-1,-1,-1
208,187,0.8153395732,0.4006358593,0.0020274059000000566,0.008057472999999982,-1,-1,-1,-1
209,187,0.8150428904,0.4003062686,0.0020274059000000566,0.00805747309999999,-1,-1,-1,-1
