1,469,0.2466558162,0.4379839394,0.0038022127000000294,0.014302458699999965,-1,-1,-1,-1
2,469,0.2465266512,0.4378527691,0.003949819399999999,0.014499246800000032,-1,-1,-1,-1
3,469,0.2463974862,0.4377215988,0.004097425999999987,0.014696034899999988,-1,-1,-1,-1
4,469,0.2461423889,0.4376568298,0.004097426000000015,0.014696034900000043,-1,-1,-1,-1
5,469,0.2461423889,0.4376568298,0.004207561599999965,0.014646021700000011,-1,-1,-1,-1
6,469,0.2461423889,0.4376568298,0.00431769719999997,0.014596008500000035,-1,-1,-1,-1
7,469,0.2461423889,0.4376568298,0.00431769719999997,0.014596008500000035,-1,-1,-1,-1
8,469,0.2461423889,0.4376568298,0.0043174914999999925,0.014563402000000003,-1,-1,-1,-1
9,469,0.2461423889,0.4376568298,0.0043172857000000064,0.014530795600000035,-1,-1,-1,-1
10,469,0.2461423889,0.4376568298,0.004317079999999973,0.014498189100000003,-1,-1,-1,-1
11,469,0.2461423889,0.4376568298,0.004316874299999995,0.014465582600000026,-1,-1,-1,-1
12,469,0.2461423889,0.4376568298,0.004316668600000018,0.014432976099999995,-1,-1,-1,-1
13,469,0.2461423889,0.4376568298,0.004316462899999984,0.014400369600000018,-1,-1,-1,-1
14,469,0.2461423889,0.4376568298,0.004316257099999998,0.014367763100000042,-1,-1,-1,-1
15,469,0.2461423889,0.4376568298,0.004316051399999965,0.01433515660000001,-1,-1,-1,-1
16,469,0.2461423889,0.4376568298,0.004315845699999987,0.014302550100000033,-1,-1,-1,-1
17,469,0.2461423889,0.4376568298,0.0043156400000000095,0.014269943600000001,-1,-1,-1,-1
18,469,0.2461423889,0.4376568298,0.0043156400000000095,0.014269943600000001,-1,-1,-1,-1
19,469,0.2461423889,0.4376568298,0.0043156400000000095,0.014269943600000001,-1,-1,-1,-1
20,469,0.2461423889,0.4376568298,0.0043156400000000095,0.014269943600000001,-1,-1,-1,-1
21,469,0.2461423889,0.4376568298,0.0043156400000000095,0.014269943600000001,-1,-1,-1,-1
22,469,0.2461423889,0.4376568298,0.0043156400000000095,0.014269943600000001,-1,-1,-1,-1
23,469,0.2461423889,0.4376568298,0.0043156400000000095,0.014269943600000001,-1,-1,-1,-1
24,469,0.2461423889,0.4376568298,0.0043156400000000095,0.014269943600000001,-1,-1,-1,-1
25,469,0.2461423889,0.4376568298,0.0043156400000000095,0.014269943600000001,-1,-1,-1,-1
26,469,0.2461423889,0.4376568298,0.0043156400000000095,0.014269943600000001,-1,-1,-1,-1
27,469,0.2461423889,0.4376568298,0.0043156400000000095,0.014269943600000001,-1,-1,-1,-1
28,469,0.2461423889,0.4376568298,0.0043156400000000095,0.014269943600000001,-1,-1,-1,-1
29,469,0.2461423889,0.4376568298,0.0043156400000000095,0.014269943600000001,-1,-1,-1,-1
30,469,0.2461423889,0.4376568298,0.0043156400000000095,0.014269943600000001,-1,-1,-1,-1
31,469,0.2461423889,0.4376568298,0.0043156400000000095,0.014269943600000001,-1,-1,-1,-1
32,469,0.2461423889,0.4376568298,0.0043156400000000095,0.014269943600000001,-1,-1,-1,-1
33,469,0.2461423889,0.4376568298,0.0043156400000000095,0.014269943600000001,-1,-1,-1,-1
34,469,0.2461423889,0.4376568298,0.0043156400000000095,0.014269943600000001,-1,-1,-1,-1
35,469,0.2461423889,0.4376568298,0.0043156400000000095,0.014269943600000001,-1,-1,-1,-1
36,469,0.2461423889,0.4376568298,0.0043156400000000095,0.014269943600000001,-1,-1,-1,-1
37,469,0.2461423889,0.4376568298,0.0043156400000000095,0.014269943600000001,-1,-1,-1,-1
38,469,0.2461423889,0.4376568298,0.0043156400000000095,0.014269943600000001,-1,-1,-1,-1
39,469,0.2461423889,0.4376568298,0.0043156400000000095,0.014269943600000001,-1,-1,-1,-1
40,469,0.2461423889,0.4376568298,0.0043156400000000095,0.014269943600000001,-1,-1,-1,-1
41,469,0.2461423889,0.4376568298,0.0043156400000000095,0.014269943600000001,-1,-1,-1,-1
42,469,0.2461423889,0.4376568298,0.0043156400000000095,0.014269943600000001,-1,-1,-1,-1
43,469,0.2461423889,0.4376568298,0.0043156400000000095,0.014269943600000001,-1,-1,-1,-1
44,469,0.2461423889,0.4376568298,0.0043156400000000095,0.014269943600000001,-1,-1,-1,-1
45,469,0.2461423889,0.4376568298,0.0043156400000000095,0.014269943600000001,-1,-1,-1,-1
46,469,0.2461423889,0.4376568298,0.0043156400000000095,0.014269943600000001,-1,-1,-1,-1
47,469,0.2461423889,0.4376568298,0.0043156400000000095,0.014269943600000001,-1,-1,-1,-1
48,469,0.2461423889,0.4376568298,0.0043156400000000095,0.014269943600000001,-1,-1,-1,-1
49,469,0.2461423889,0.4376568298,0.0043156400000000095,0.014269943600000001,-1,-1,-1,-1
50,469,0.2461423889,0.4376568298,0.0043156400000000095,0.014269943600000001,-1,-1,-1,-1
51,469,0.2461423889,0.4376568298,0.0043156400000000095,0.014269943600000001,-1,-1,-1,-1
52,469,0.2461423889,0.4376568298,0.0043156400000000095,0.014269943600000001,-1,-1,-1,-1
53,469,0.2461423889,0.4376568298,0.0043156400000000095,0.014269943600000001,-1,-1,-1,-1
54,469,0.2461423889,0.4376568298,0.0043156400000000095,0.014269943600000001,-1,-1,-1,-1
55,469,0.2461423889,0.4376568298,0.0043156400000000095,0.014269943600000001,-1,-1,-1,-1
56,469,0.2461423889,0.4376568298,0.0043156400000000095,0.014269943600000001,-1,-1,-1,-1
57,469,0.2461423889,0.4376568298,0.0043156400000000095,0.014269943600000001,-1,-1,-1,-1
58,469,0.2461423889,0.4376568298,0.0043156400000000095,0.014269943600000001,-1,-1,-1,-1
59,469,0.2463381202,0.4376568298,0.004119908700000008,0.014269943600000001,-1,-1,-1,-1
60,469,0.2465338515,0.4376568298,0.003924177400000006,0.014269943600000001,-1,-1,-1,-1
61,469,0.2465187952,0.4376568298,0.003939233700000017,0.014269943600000001,-1,-1,-1,-1
62,469,0.246503739,0.4376568298,0.003954289900000019,0.014269943600000001,-1,-1,-1,-1
63,469,0.2464886827,0.4376568298,0.003969346200000029,0.014269943600000001,-1,-1,-1,-1
64,469,0.2464736265,0.4376568298,0.003984402400000031,0.014269943600000001,-1,-1,-1,-1
65,469,0.2464585702,0.4376568298,0.003999458700000014,0.014269943600000001,-1,-1,-1,-1
66,469,0.246443514,0.4376568298,0.004014514900000016,0.014269943600000001,-1,-1,-1,-1
67,469,0.2464284577,0.4376568298,0.004029571200000026,0.014269943600000001,-1,-1,-1,-1
68,469,0.2464134015,0.4376568298,0.004044627400000028,0.014269943600000001,-1,-1,-1,-1
69,469,0.2463983452,0.4376568298,0.004059683700000011,0.014269943600000001,-1,-1,-1,-1
70,469,0.246383289,0.4376568298,0.004074739900000013,0.014269943600000001,-1,-1,-1,-1
71,469,0.2463682327,0.4376568298,0.004089796200000023,0.014269943600000001,-1,-1,-1,-1
72,469,0.2463531765,0.4376568298,0.004104852400000025,0.014269943600000001,-1,-1,-1,-1
73,469,0.2463381202,0.4376568298,0.004119908700000008,0.014269943600000001,-1,-1,-1,-1
74,469,0.2463230639,0.4376568298,0.004134965000000018,0.014269943600000001,-1,-1,-1,-1
75,469,0.2463080077,0.4376568298,0.00415002120000002,0.014269943600000001,-1,-1,-1,-1
76,469,0.2462929514,0.4376568298,0.004165077500000031,0.014269943600000001,-1,-1,-1,-1
77,469,0.2462778952,0.4376568298,0.004180133700000005,0.014269943600000001,-1,-1,-1,-1
78,469,0.2462628389,0.4376568298,0.004195190000000015,0.014269943600000001,-1,-1,-1,-1
79,469,0.2462477827,0.4376568298,0.004210246200000017,0.014269943600000001,-1,-1,-1,-1
80,469,0.2462327264,0.4376568298,0.004225302500000028,0.014269943600000001,-1,-1,-1,-1
81,469,0.2462176702,0.4376568298,0.00424035870000003,0.014269943600000001,-1,-1,-1,-1
82,469,0.2462026139,0.4376568298,0.004255415000000012,0.014269943600000001,-1,-1,-1,-1
83,469,0.2461875577,0.4376568298,0.0042704712000000145,0.014269943600000001,-1,-1,-1,-1
84,469,0.2461725014,0.4376568298,0.004285527500000025,0.014269943600000001,-1,-1,-1,-1
85,469,0.2461574452,0.4376568298,0.004300583700000027,0.014269943600000001,-1,-1,-1,-1
86,469,0.2461423889,0.4376568298,0.0043156400000000095,0.014269943600000001,-1,-1,-1,-1
87,469,0.2461423889,0.4376568298,0.0043156400000000095,0.014269943600000001,-1,-1,-1,-1
88,469,0.2461423889,0.4376568298,0.0043156400000000095,0.014269943600000001,-1,-1,-1,-1
89,469,0.2461423889,0.4376568298,0.0043156400000000095,0.014269943600000001,-1,-1,-1,-1
90,469,0.2461423889,0.4376568298,0.0043156400000000095,0.014269943600000001,-1,-1,-1,-1
91,469,0.2461423889,0.4376568298,0.0043156400000000095,0.014269943600000001,-1,-1,-1,-1
92,469,0.2461423889,0.4376568298,0.0043156400000000095,0.014269943600000001,-1,-1,-1,-1
93,469,0.2461423889,0.4376568298,0.0043156400000000095,0.014269943600000001,-1,-1,-1,-1
94,469,0.2461423889,0.4376568298,0.0043156400000000095,0.014269943600000001,-1,-1,-1,-1
95,469,0.2461423889,0.4376568298,0.0043156400000000095,0.014269943600000001,-1,-1,-1,-1
96,469,0.2461423889,0.4376568298,0.0043156400000000095,0.014269943600000001,-1,-1,-1,-1
97,469,0.2461423889,0.4376568298,0.0043156400000000095,0.014269943600000001,-1,-1,-1,-1
98,469,0.2461423889,0.4376568298,0.0043156400000000095,0.014269943600000001,-1,-1,-1,-1
99,469,0.2461423889,0.4376568298,0.0043156400000000095,0.014269943600000001,-1,-1,-1,-1
100,469,0.2461423889,0.4376568298,0.0043156400000000095,0.014269943600000001,-1,-1,-1,-1
101,469,0.2461423889,0.4376568298,0.0043156400000000095,0.014269943600000001,-1,-1,-1,-1
102,469,0.2461423889,0.4376568298,0.0043156400000000095,0.014269943600000001,-1,-1,-1,-1
103,469,0.2461423889,0.4376568298,0.0043156400000000095,0.014269943600000001,-1,-1,-1,-1
104,469,0.2461423889,0.4376568298,0.0043156400000000095,0.014269943600000001,-1,-1,-1,-1
105,469,0.2461423889,0.4376568298,0.0043156400000000095,0.014269943600000001,-1,-1,-1,-1
106,469,0.2461423889,0.4376568298,0.0043156400000000095,0.014269943600000001,-1,-1,-1,-1
107,469,0.2461423889,0.4376568298,0.0043156400000000095,0.014269943600000001,-1,-1,-1,-1
108,469,0.2461423889,0.4376568298,0.0043156400000000095,0.014269943600000001,-1,-1,-1,-1
109,469,0.2461423889,0.4376568298,0.0043156400000000095,0.014269943600000001,-1,-1,-1,-1
110,469,0.2461423889,0.4376568298,0.0043156400000000095,0.014269943600000001,-1,-1,-1,-1
111,469,0.2461423889,0.4376568298,0.0043156400000000095,0.014269943600000001,-1,-1,-1,-1
112,469,0.2461423889,0.4376568298,0.0043156400000000095,0.014269943600000001,-1,-1,-1,-1
113,469,0.2461423889,0.4376568298,0.0043156400000000095,0.014269943600000001,-1,-1,-1,-1
114,469,0.2461423889,0.4376568298,0.0043156400000000095,0.014269943600000001,-1,-1,-1,-1
115,469,0.2461423889,0.4376568298,0.0043156400000000095,0.014269943600000001,-1,-1,-1,-1
116,469,0.2461423889,0.4376568298,0.0043156400000000095,0.014269943600000001,-1,-1,-1,-1
117,469,0.2461423889,0.4376568298,0.0043156400000000095,0.014269943600000001,-1,-1,-1,-1
118,469,0.2461423889,0.4376568298,0.0043156400000000095,0.014269943600000001,-1,-1,-1,-1
119,469,0.2461423889,0.4376568298,0.0043156400000000095,0.014269943600000001,-1,-1,-1,-1
120,469,0.2461423889,0.4376568298,0.0043156400000000095,0.014269943600000001,-1,-1,-1,-1
121,469,0.2461423889,0.4376568298,0.0043156400000000095,0.014269943600000001,-1,-1,-1,-1
122,469,0.2461423889,0.4375526901,0.004155469500000009,0.014374083300000007,-1,-1,-1,-1
123,469,0.2461423889,0.4374485504,0.003995299000000008,0.014478222999999957,-1,-1,-1,-1
124,469,0.2461423889,0.4374485504,0.003995299000000008,0.014478222999999957,-1,-1,-1,-1
125,469,0.2461423889,0.4374485504,0.003995299000000008,0.014478222999999957,-1,-1,-1,-1
126,469,0.2461423889,0.4374485504,0.003995299000000008,0.014478222999999957,-1,-1,-1,-1
127,469,0.2461423889,0.4374485504,0.003995299000000008,0.014478222999999957,-1,-1,-1,-1
128,469,0.2461423889,0.4374485504,0.003995299000000008,0.014478222999999957,-1,-1,-1,-1
129,469,0.2461423889,0.4374485504,0.003995299000000008,0.014478222999999957,-1,-1,-1,-1
130,469,0.2461423889,0.4374485504,0.003995299000000008,0.014478222999999957,-1,-1,-1,-1
131,469,0.2461423889,0.4374485504,0.003995299000000008,0.014478222999999957,-1,-1,-1,-1
132,469,0.2461423889,0.4374485504,0.003995299000000008,0.014478222999999957,-1,-1,-1,-1
133,469,0.2461423889,0.4374485504,0.003995299000000008,0.014478222999999957,-1,-1,-1,-1
134,469,0.2461423889,0.4374485504,0.003995299000000008,0.014478222999999957,-1,-1,-1,-1
135,469,0.2461423889,0.4374485504,0.003995299000000008,0.014478222999999957,-1,-1,-1,-1
136,469,0.2461423889,0.4374485504,0.003995299000000008,0.014478222999999957,-1,-1,-1,-1
137,469,0.2461423889,0.4374485504,0.004047978899999971,0.014495557800000003,-1,-1,-1,-1
138,469,0.2461423889,0.4374485504,0.00410065879999999,0.014512892700000002,-1,-1,-1,-1
139,469,0.2461423889,0.4374485504,0.004153338700000009,0.0145302276,-1,-1,-1,-1
140,469,0.2461423889,0.4374485504,0.0042060186999999805,0.014547562399999991,-1,-1,-1,-1
141,469,0.2461423889,0.4374485504,0.0042060186999999805,0.014547562399999991,-1,-1,-1,-1
142,469,0.2461423889,0.4374485504,0.0042060186999999805,0.014547562399999991,-1,-1,-1,-1
143,469,0.2461423889,0.4374485504,0.0042060186999999805,0.014547562399999991,-1,-1,-1,-1
144,469,0.2461423889,0.4374485504,0.0042060186999999805,0.014547562399999991,-1,-1,-1,-1
145,469,0.2461423889,0.4374485504,0.0042060186999999805,0.014547562399999991,-1,-1,-1,-1
146,469,0.2461423889,0.4374485504,0.0042060186999999805,0.014547562399999991,-1,-1,-1,-1
147,469,0.2461423889,0.4374485504,0.0042060186999999805,0.014547562399999991,-1,-1,-1,-1
148,469,0.2461423889,0.4374485504,0.0042060186999999805,0.014547562399999991,-1,-1,-1,-1
149,469,0.2461423889,0.4374485504,0.0042060186999999805,0.014547562399999991,-1,-1,-1,-1
150,469,0.2461423889,0.4374485504,0.0042060186999999805,0.014547562399999991,-1,-1,-1,-1
151,469,0.2461423889,0.4374485504,0.0042060186999999805,0.014547562399999991,-1,-1,-1,-1
152,469,0.2461423889,0.4374485504,0.0042060186999999805,0.014547562399999991,-1,-1,-1,-1
153,469,0.2461423889,0.4374485504,0.0042060186999999805,0.014547562399999991,-1,-1,-1,-1
154,469,0.2461423889,0.4374485504,0.0042060186999999805,0.014547562399999991,-1,-1,-1,-1
155,469,0.2461423889,0.4374485504,0.0042060186999999805,0.014547562399999991,-1,-1,-1,-1
156,469,0.2461423889,0.4374485504,0.0042060186999999805,0.014547562399999991,-1,-1,-1,-1
157,469,0.2461423889,0.4374485504,0.0042060186999999805,0.014547562399999991,-1,-1,-1,-1
158,469,0.2461423889,0.4374485504,0.0042060186999999805,0.014547562399999991,-1,-1,-1,-1
159,469,0.2461423889,0.4374485504,0.0042060186999999805,0.014547562399999991,-1,-1,-1,-1
160,469,0.2461423889,0.4374485504,0.0042060186999999805,0.014547562399999991,-1,-1,-1,-1
161,469,0.2461423889,0.4374485504,0.0042060186999999805,0.014547562399999991,-1,-1,-1,-1
162,469,0.2461423889,0.4374485504,0.0042060186999999805,0.014547562399999991,-1,-1,-1,-1
163,469,0.2461423889,0.4374485504,0.0042060186999999805,0.014547562399999991,-1,-1,-1,-1
164,469,0.2461423889,0.4374485504,0.0042060186999999805,0.014547562399999991,-1,-1,-1,-1
165,469,0.2461423889,0.4374485504,0.0042060186999999805,0.014547562399999991,-1,-1,-1,-1
166,469,0.2461423889,0.4374485504,0.0042060186999999805,0.014547562399999991,-1,-1,-1,-1
167,469,0.2461423889,0.4374485504,0.0042060186999999805,0.014547562399999991,-1,-1,-1,-1
168,469,0.2461423889,0.4374485504,0.0042060186999999805,0.014547562399999991,-1,-1,-1,-1
169,469,0.2461423889,0.4374485504,0.0042060186999999805,0.014547562399999991,-1,-1,-1,-1
170,469,0.2461423889,0.4374485504,0.0042060186999999805,0.014547562399999991,-1,-1,-1,-1
171,469,0.2461423889,0.4374485504,0.0042060186999999805,0.014547562399999991,-1,-1,-1,-1
172,469,0.2461423889,0.4374485504,0.0042060186999999805,0.014547562399999991,-1,-1,-1,-1
173,469,0.2461423889,0.4374485504,0.0042060186999999805,0.014547562399999991,-1,-1,-1,-1
174,469,0.2461423889,0.4374485504,0.0042060186999999805,0.014547562399999991,-1,-1,-1,-1
175,469,0.2461423889,0.4374485504,0.0042060186999999805,0.014547562399999991,-1,-1,-1,-1
176,469,0.2461423889,0.4374485504,0.0042060186999999805,0.014547562399999991,-1,-1,-1,-1
177,469,0.2461423889,0.4374485504,0.0042060186999999805,0.014547562399999991,-1,-1,-1,-1
178,469,0.2461423889,0.4374485504,0.0042060186999999805,0.014547562399999991,-1,-1,-1,-1
179,469,0.2461423889,0.4374485504,0.0042060186999999805,0.014547562399999991,-1,-1,-1,-1
180,469,0.2461423889,0.4374485504,0.0042060186999999805,0.014547562399999991,-1,-1,-1,-1
181,469,0.2461423889,0.4374485504,0.0042060186999999805,0.014547562399999991,-1,-1,-1,-1
182,469,0.2461423889,0.4374485504,0.0042060186999999805,0.014547562399999991,-1,-1,-1,-1
183,469,0.2461423889,0.4374485504,0.0042060186999999805,0.014547562399999991,-1,-1,-1,-1
184,469,0.2461423889,0.4374485504,0.0042060186999999805,0.014547562399999991,-1,-1,-1,-1
185,469,0.2461423889,0.4374485504,0.0042060186999999805,0.014547562399999991,-1,-1,-1,-1
186,469,0.2461423889,0.4374485504,0.0042060186999999805,0.014547562399999991,-1,-1,-1,-1
187,469,0.2461423889,0.4374485504,0.0042060186999999805,0.014547562399999991,-1,-1,-1,-1
188,469,0.2461423889,0.4374485504,0.0042060186999999805,0.014547562399999991,-1,-1,-1,-1
189,469,0.2461423889,0.4374485504,0.0042060186999999805,0.014547562399999991,-1,-1,-1,-1
190,469,0.2461423889,0.4374485504,0.0042060186999999805,0.014547562399999991,-1,-1,-1,-1
191,469,0.2461423889,0.4374485504,0.0042060186999999805,0.014547562399999991,-1,-1,-1,-1
192,469,0.2461423889,0.4374485504,0.0042060186999999805,0.014547562399999991,-1,-1,-1,-1
193,469,0.2461423889,0.4374485504,0.0042060186999999805,0.014547562399999991,-1,-1,-1,-1
194,469,0.2461423889,0.4374485504,0.0042060186999999805,0.014547562399999991,-1,-1,-1,-1
195,469,0.2461423889,0.4374485504,0.0042060186999999805,0.014547562399999991,-1,-1,-1,-1
196,469,0.2461423889,0.4374485504,0.0042060186999999805,0.014547562399999991,-1,-1,-1,-1
197,469,0.2461423889,0.4374485504,0.0042060186999999805,0.014547562399999991,-1,-1,-1,-1
198,469,0.2462894813,0.4374485504,0.0040589262999999876,0.014547562399999991,-1,-1,-1,-1
199,469,0.2462710947,0.4374485504,0.004077312899999991,0.014547562399999991,-1,-1,-1,-1
200,469,0.2462527082,0.4374485504,0.004095699399999986,0.014547562399999991,-1,-1,-1,-1
201,469,0.2462343216,0.4374485504,0.004114085999999989,0.014547562399999991,-1,-1,-1,-1
202,469,0.2462159351,0.4374485504,0.004132472499999984,0.014547562399999991,-1,-1,-1,-1
203,469,0.2461975485,0.4374485504,0.004150859099999987,0.014547562399999991,-1,-1,-1,-1
204,469,0.246179162,0.4374485504,0.004169245599999982,0.014547562399999991,-1,-1,-1,-1
205,469,0.2461607754,0.4374485504,0.0041876321999999855,0.014547562399999991,-1,-1,-1,-1
206,469,0.2461423889,0.4374485504,0.0042060186999999805,0.014547562399999991,-1,-1,-1,-1
207,469,0.2461423889,0.4374485504,0.0042060186999999805,0.014547562399999991,-1,-1,-1,-1
208,469,0.2461423889,0.4374485504,0.0042060186999999805,0.014547562399999991,-1,-1,-1,-1
209,469,0.2461423889,0.4374485504,0.0042060186999999805,0.014547562399999991,-1,-1,-1,-1
210,469,0.2461423889,0.4374485504,0.0042060186999999805,0.014547562399999991,-1,-1,-1,-1
211,469,0.2461423889,0.4374485504,0.0042060186999999805,0.014547562399999991,-1,-1,-1,-1
212,469,0.2461423889,0.4374485504,0.0042060186999999805,0.014547562399999991,-1,-1,-1,-1
213,469,0.2461423889,0.4374485504,0.0042060186999999805,0.014547562399999991,-1,-1,-1,-1
214,469,0.2461423889,0.4374485504,0.0042060186999999805,0.014547562399999991,-1,-1,-1,-1
215,469,0.2461423889,0.4374485504,0.0042060186999999805,0.014547562399999991,-1,-1,-1,-1
216,469,0.2461423889,0.4374485504,0.0042060186999999805,0.014547562399999991,-1,-1,-1,-1
217,469,0.2461423889,0.4374485504,0.0042060186999999805,0.014547562399999991,-1,-1,-1,-1
218,469,0.2461423889,0.4373338118,0.0042060186999999805,0.014662300999999989,-1,-1,-1,-1
219,469,0.2461423889,0.4372190731,0.0042060186999999805,0.014777039699999994,-1,-1,-1,-1
220,469,0.2461423889,0.4371043345,0.0042060186999999805,0.014891778299999991,-1,-1,-1,-1
221,469,0.2461423889,0.4371043345,0.0042060186999999805,0.014891778299999991,-1,-1,-1,-1
222,469,0.2461423889,0.4371043345,0.0042060186999999805,0.014891778299999991,-1,-1,-1,-1
