2,1220,0.3988458613,0.4490355425,0.004118145299999987,0.014302589300000002,-1,-1,-1,-1
3,1220,0.3989213913,0.4490355425,0.004118145200000034,0.014302589300000002,-1,-1,-1,-1
4,1220,0.3989213913,0.4491027926,0.004118145200000034,0.014302589300000002,-1,-1,-1,-1
5,1220,0.3991102161,0.4494385206,0.004118145299999987,0.014302589300000002,-1,-1,-1,-1
6,1220,0.3990346862,0.4490355425,0.004118145299999987,0.014302589300000002,-1,-1,-1,-1
7,1220,0.3988457144,0.4490355425,0.004118145299999987,0.014302589300000002,-1,-1,-1,-1
8,1220,0.3989591562,0.4491697815,0.004118145299999987,0.014302589300000002,-1,-1,-1,-1
9,1220,0.3989969212,0.4491697815,0.004118145299999987,0.014302589300000002,-1,-1,-1,-1
10,1220,0.3989969212,0.4491697815,0.004118145299999987,0.014302589300000002,-1,-1,-1,-1
11,1220,0.3989969212,0.4491697815,0.004240844699999968,0.014302589300000002,-1,-1,-1,-1
12,1220,0.3990852354,0.4489736463,0.004240844699999968,0.014302589300000002,-1,-1,-1,-1
13,1220,0.399018963,0.4488951661,0.004240844699999968,0.014302589300000002,-1,-1,-1,-1
14,1220,0.3990852354,0.4489736463,0.004240844699999968,0.014302589300000002,-1,-1,-1,-1
15,1220,0.398908607,0.4490128211,0.004240844699999968,0.014302589300000002,-1,-1,-1,-1
16,1220,0.3989969212,0.4491304761,0.004240844699999968,0.014302589300000002,-1,-1,-1,-1
17,1220,0.3988423346,0.4491304761,0.004240844699999968,0.014302589300000002,-1,-1,-1,-1
18,1220,0.3989526906,0.4490913013,0.004240844700000024,0.014302589300000002,-1,-1,-1,-1
19,1220,0.3988864182,0.4488558608,0.004240844800000032,0.014302589300000002,-1,-1,-1,-1
20,1220,0.3990630466,0.4489735157,0.004240844699999968,0.014302589300000002,-1,-1,-1,-1
21,1220,0.3989526906,0.4489735157,0.004240844700000024,0.014302589300000002,-1,-1,-1,-1
22,1220,0.399018963,0.4492088257,0.004240844699999968,0.014302589300000002,-1,-1,-1,-1
23,1220,0.399018963,0.4494049609,0.004240844699999968,0.014302589300000002,-1,-1,-1,-1
24,1220,0.399018963,0.4491304761,0.004240844699999968,0.014302589300000002,-1,-1,-1,-1
25,1220,0.3991072772,0.4491697815,0.004240844700000024,0.014302589300000002,-1,-1,-1,-1
26,1220,0.399239675,0.4491697815,0.004240844699999968,0.014302589300000002,-1,-1,-1,-1
27,1220,0.3993941147,0.4494443969,0.004240844699999968,0.014302589300000002,-1,-1,-1,-1
28,1220,0.3994161565,0.4494443969,0.004240844699999968,0.014302589300000002,-1,-1,-1,-1
29,1220,0.3995043237,0.4494443969,0.004240844700000024,0.014302589300000002,-1,-1,-1,-1
30,1220,0.3994161565,0.4494050915,0.004240844699999968,0.014302589300000002,-1,-1,-1,-1
31,1220,0.3995265125,0.4494443969,0.004240844700000024,0.014302589300000002,-1,-1,-1,-1
32,1220,0.3994161565,0.4494443969,0.004240844699999968,0.014302589300000002,-1,-1,-1,-1
33,1220,0.3994381983,0.4496013572,0.004240844700000024,0.014302589300000002,-1,-1,-1,-1
34,1220,0.3995044707,0.4495230076,0.004240844700000024,0.014302589300000002,-1,-1,-1,-1
35,1220,0.3996809521,0.4495621824,0.004240844700000024,0.014302589300000002,-1,-1,-1,-1
36,1220,0.3997029939,0.4495621824,0.004240844699999968,0.014302589300000002,-1,-1,-1,-1
37,1220,0.3997913081,0.4496406626,0.004240844699999968,0.014302589300000002,-1,-1,-1,-1
38,1220,0.3998796223,0.4496798374,0.004240844699999968,0.014302589300000002,-1,-1,-1,-1
39,1220,0.3992836117,0.4494053526,0.004240844700000024,0.014302589300000002,-1,-1,-1,-1
40,1220,0.3993939677,0.4494053526,0.004240844699999968,0.014302589300000002,-1,-1,-1,-1
41,1220,0.3993058005,0.4494053526,0.004240844700000024,0.014302589300000002,-1,-1,-1,-1
42,1220,0.3994161565,0.4494053526,0.004240844699999968,0.014302589300000002,-1,-1,-1,-1
43,1220,0.3993279892,0.4493660473,0.004240844699999968,0.014302589199999993,-1,-1,-1,-1
44,1220,0.3992839056,0.4494052221,0.004240844700000024,0.014302589300000002,-1,-1,-1,-1
45,1220,0.399239822,0.4494443969,0.004240844699999968,0.014302589300000002,-1,-1,-1,-1
46,1220,0.3992177802,0.4494443969,0.004240844700000024,0.014302589300000002,-1,-1,-1,-1
47,1220,0.399129466,0.4494443969,0.004240844700000024,0.014302589300000002,-1,-1,-1,-1
48,1220,0.3991957383,0.4491306067,0.004240844800000032,0.014302589300000002,-1,-1,-1,-1
49,1220,0.3991516547,0.4491306067,0.004240844699999968,0.014302589300000002,-1,-1,-1,-1
50,1220,0.3992620107,0.4491306067,0.004240844700000024,0.014302589300000002,-1,-1,-1,-1
51,1220,0.3991958853,0.4490521265,0.004240844700000024,0.014302589300000002,-1,-1,-1,-1
52,1220,0.398997362,0.4490913013,0.004240844699999968,0.014302589300000002,-1,-1,-1,-1
53,1220,0.398887006,0.4492089563,0.004240844700000024,0.014302589300000002,-1,-1,-1,-1
54,1220,0.3988429224,0.4492089563,0.004240844699999968,0.014302589300000002,-1,-1,-1,-1
55,1220,0.3986883358,0.4492089563,0.004240844699999968,0.014302589300000002,-1,-1,-1,-1
56,1220,0.3989532784,0.4493657861,0.004240844700000024,0.014302589300000002,-1,-1,-1,-1
57,1220,0.3988429224,0.4493266113,0.004240844699999968,0.014302589300000002,-1,-1,-1,-1
58,1220,0.3989753202,0.4492481311,0.004240844700000024,0.014302589300000002,-1,-1,-1,-1
59,1220,0.3989091948,0.4490128211,0.004240844700000024,0.014302589300000002,-1,-1,-1,-1
60,1220,0.3989091948,0.4493266113,0.004240844700000024,0.014302589300000002,-1,-1,-1,-1
61,1220,0.3988430693,0.4493266113,0.0042408447999999765,0.014302589300000002,-1,-1,-1,-1
62,1220,0.3989534254,0.4492482617,0.004240844699999968,0.014302589300000002,-1,-1,-1,-1
63,1220,0.3987547552,0.4492874365,0.004240844700000024,0.014302589300000002,-1,-1,-1,-1
64,1220,0.398887153,0.4492874365,0.004240844700000024,0.014302589300000002,-1,-1,-1,-1
65,1220,0.3985781268,0.4492089563,0.004240844700000024,0.014302589300000002,-1,-1,-1,-1
66,1220,0.3987988388,0.4492089563,0.004240844700000024,0.014302589300000002,-1,-1,-1,-1
67,1220,0.3988651112,0.4492089563,0.004240844699999968,0.014302589300000002,-1,-1,-1,-1
68,1220,0.3987106715,0.4492873059,0.004240844700000024,0.014302589300000002,-1,-1,-1,-1
69,1220,0.3989093417,0.4493657861,0.004240844700000024,0.014302589300000002,-1,-1,-1,-1
70,1220,0.3988210275,0.4494441357,0.004240844700000024,0.014302589300000002,-1,-1,-1,-1
71,1220,0.3987549021,0.4494048303,0.004240844700000024,0.014302589300000002,-1,-1,-1,-1
72,1220,0.3989535723,0.4494441357,0.004240844700000024,0.014302589300000002,-1,-1,-1,-1
73,1220,0.3990198447,0.4494441357,0.004240844699999968,0.014302589300000002,-1,-1,-1,-1
74,1220,0.3991522425,0.4494049609,0.004240844700000024,0.014302589300000002,-1,-1,-1,-1
75,1220,0.3991522425,0.4496010961,0.004240844700000024,0.014302589300000002,-1,-1,-1,-1
76,1220,0.3990196977,0.4496010961,0.0042408447999999765,0.014302589300000002,-1,-1,-1,-1
77,1220,0.3988430693,0.4494834411,0.0042408447999999765,0.014302589300000002,-1,-1,-1,-1
78,1220,0.3989754672,0.4495227465,0.004240844700000024,0.014302589300000002,-1,-1,-1,-1
79,1220,0.3989093417,0.4493266113,0.004240844700000024,0.014302589300000002,-1,-1,-1,-1
80,1220,0.3990417396,0.4492874365,0.004240844700000024,0.014302589300000002,-1,-1,-1,-1
81,1220,0.3989865615,0.449346264,0.0042408447999999765,0.014302589300000002,-1,-1,-1,-1
82,1220,0.3989313835,0.4494050915,0.0042408447999999765,0.014302589300000002,-1,-1,-1,-1
83,1220,0.3988872999,0.4494835717,0.004240844700000024,0.014302589300000002,-1,-1,-1,-1
84,1220,0.3988211745,0.4494443969,0.004240844700000024,0.014302589300000002,-1,-1,-1,-1
85,1220,0.3989315305,0.4494443969,0.004240844699999968,0.014302589300000002,-1,-1,-1,-1
86,1220,0.3988872999,0.4493659167,0.004240844700000024,0.014302589300000002,-1,-1,-1,-1
87,1220,0.3988211745,0.4490914319,0.004240844700000024,0.014302589300000002,-1,-1,-1,-1
88,1220,0.3988432163,0.4489736463,0.004240844699999968,0.014302589300000002,-1,-1,-1,-1
89,1220,0.3988432163,0.4490521265,0.004240844699999968,0.014302589300000002,-1,-1,-1,-1
90,1220,0.3986225043,0.4492482617,0.004240844699999968,0.014302589300000002,-1,-1,-1,-1
91,1220,0.3988874469,0.4493267419,0.004240844700000024,0.014302589300000002,-1,-1,-1,-1
92,1220,0.3989978029,0.4494837022,0.004240844700000024,0.014302589300000002,-1,-1,-1,-1
93,1220,0.3989315305,0.4494052221,0.004240844699999968,0.014302589300000002,-1,-1,-1,-1
94,1220,0.3989093417,0.4491697815,0.004240844700000024,0.014302589300000002,-1,-1,-1,-1
95,1220,0.3988211745,0.4491697815,0.004240844700000024,0.014302589300000002,-1,-1,-1,-1
96,1220,0.3989315305,0.4491697815,0.004240844699999968,0.014302589300000002,-1,-1,-1,-1
97,1220,0.3987549021,0.4490913013,0.004240844700000024,0.014302589300000002,-1,-1,-1,-1
98,1220,0.3988211745,0.4491304761,0.004240844700000024,0.014302589300000002,-1,-1,-1,-1
99,1220,0.3987549021,0.4491304761,0.004240844700000024,0.014302589300000002,-1,-1,-1,-1
100,1220,0.3989094887,0.4491304761,0.004240844700000024,0.014302589300000002,-1,-1,-1,-1
101,1220,0.3988211745,0.4491304761,0.004240844700000024,0.014302589300000002,-1,-1,-1,-1
102,1220,0.3989535723,0.4492089563,0.004240844700000024,0.014302589300000002,-1,-1,-1,-1
103,1220,0.3991081589,0.4490913013,0.004240844699999968,0.014302589300000002,-1,-1,-1,-1
104,1220,0.3991742843,0.4490519959,0.004240844699999968,0.014302589300000002,-1,-1,-1,-1
105,1220,0.3990639283,0.4490911707,0.004240844700000024,0.014302589300000002,-1,-1,-1,-1
106,1220,0.3988211745,0.4490911707,0.004240844700000024,0.014302589300000002,-1,-1,-1,-1
107,1220,0.3988872999,0.4491303455,0.004240844700000024,0.014302589300000002,-1,-1,-1,-1
108,1220,0.3989315305,0.4490911707,0.004240844699999968,0.014302589300000002,-1,-1,-1,-1
109,1220,0.3988432163,0.4490911707,0.004240844699999968,0.014302589300000002,-1,-1,-1,-1
110,1220,0.3987549021,0.4490126905,0.004240844700000024,0.014302589300000002,-1,-1,-1,-1
111,1220,0.3988432163,0.4492481311,0.004240844699999968,0.014302589300000002,-1,-1,-1,-1
112,1220,0.3991081589,0.4492481311,0.004240844699999968,0.014302589300000002,-1,-1,-1,-1
113,1220,0.3989537192,0.4493266113,0.0042408447999999765,0.014302589300000002,-1,-1,-1,-1
114,1220,0.3988213214,0.4492874365,0.004240844700000024,0.014302589300000002,-1,-1,-1,-1
115,1220,0.3989537192,0.4492874365,0.0042408447999999765,0.014302589300000002,-1,-1,-1,-1
116,1220,0.3988874469,0.4492482617,0.004240844700000024,0.014302589300000002,-1,-1,-1,-1
117,1220,0.3989537192,0.4492482617,0.0042408447999999765,0.014302589300000002,-1,-1,-1,-1
118,1220,0.3989096356,0.4492482617,0.004240844700000024,0.014302589300000002,-1,-1,-1,-1
119,1220,0.3989757611,0.4490913013,0.004240844700000024,0.014302589300000002,-1,-1,-1,-1
120,1220,0.3989757611,0.4492482617,0.004240844700000024,0.014302589300000002,-1,-1,-1,-1
121,1220,0.3989315305,0.4493659167,0.004240844699999968,0.014302589300000002,-1,-1,-1,-1
122,1220,0.3989978029,0.4490913013,0.004240844700000024,0.014302589300000002,-1,-1,-1,-1
123,1220,0.3991522425,0.4490913013,0.004240844700000024,0.014302589300000002,-1,-1,-1,-1
124,1220,0.3991377684,0.4490140617,0.004240844700000024,0.014302589300000002,-1,-1,-1,-1
125,1220,0.3991232943,0.448936822,0.004240844700000024,0.014302589300000002,-1,-1,-1,-1
126,1220,0.3990073543,0.4490397212,0.004240844699999968,0.014302589300000002,-1,-1,-1,-1
127,1220,0.3990652508,0.4490397212,0.004240844700000024,0.014302589300000002,-1,-1,-1,-1
128,1220,0.3989493109,0.448988141,0.004240844699999968,0.014302589300000002,-1,-1,-1,-1
129,1220,0.3990652508,0.4491426203,0.004240844700000024,0.014302589300000002,-1,-1,-1,-1
130,1220,0.3991522425,0.44924565,0.004240844700000024,0.014302589300000002,-1,-1,-1,-1
131,1220,0.3989203626,0.4490397212,0.0042408447999999765,0.014302589300000002,-1,-1,-1,-1
132,1220,0.3990073543,0.4488852419,0.004240844699999968,0.014302589300000002,-1,-1,-1,-1
133,1220,0.3989493109,0.4488852419,0.004240844699999968,0.014302589300000002,-1,-1,-1,-1
134,1220,0.3990361556,0.4488852419,0.004240844700000024,0.014302589300000002,-1,-1,-1,-1
135,1220,0.3988912674,0.4488852419,0.0042408447999999765,0.014302589300000002,-1,-1,-1,-1
136,1220,0.3987753275,0.448421804,0.004240844700000024,0.014302589300000002,-1,-1,-1,-1
137,1220,0.3985723959,0.4483702238,0.004240844700000024,0.014302589300000002,-1,-1,-1,-1
138,1220,0.3981086362,0.4485248337,0.004240844700000024,0.014302589300000002,-1,-1,-1,-1
139,1220,0.3983985595,0.4485764138,0.004240844699999968,0.014302589300000002,-1,-1,-1,-1
140,1220,0.3982536713,0.4484732535,0.004240844700000024,0.014302589300000002,-1,-1,-1,-1
141,1220,0.3980507397,0.4485248337,0.004240844700000024,0.014302589300000002,-1,-1,-1,-1
142,1220,0.397847955,0.448421804,0.004240844700000024,0.014302589300000002,-1,-1,-1,-1
143,1220,0.3976450234,0.4482673247,0.004240844699999968,0.014302589300000002,-1,-1,-1,-1
144,1220,0.3977899116,0.448421804,0.004240844700000024,0.014302589300000002,-1,-1,-1,-1
145,1220,0.397847808,0.4484733841,0.0042408447999999765,0.014302589300000002,-1,-1,-1,-1
146,1220,0.3979202521,0.4485506238,0.004240844700000024,0.014302589300000002,-1,-1,-1,-1
147,1220,0.3979926962,0.4486278634,0.004240844700000024,0.014302589300000002,-1,-1,-1,-1
148,1220,0.3977608164,0.4486794436,0.004843027,0.01453554880000002,-1,-1,-1,-1
149,1220,0.3977897646,0.4486794436,0.004843027,0.01453554880000002,-1,-1,-1,-1
150,1220,0.3977608164,0.4483703544,0.004843027,0.01453554880000002,-1,-1,-1,-1
151,1220,0.3976448764,0.4485249643,0.004843027100000008,0.01453554880000002,-1,-1,-1,-1
152,1220,0.3974999882,0.4484219345,0.004843027100000008,0.014535548799999964,-1,-1,-1,-1
153,1220,0.3977029199,0.4485248337,0.004843027,0.014535548799999964,-1,-1,-1,-1
154,1220,0.3983115678,0.4485248337,0.004843027,0.014535548799999964,-1,-1,-1,-1
