1,573,0.2285489081,0.3056220802,0.006041807799999993,0.014276733900000005,-1,-1,-1,-1
2,573,0.2291073742,0.304595831,0.0055508630999999975,0.014582950300000008,-1,-1,-1,-1
3,573,0.229242417,0.3041158091,0.0055508630999999975,0.014582950299999953,-1,-1,-1,-1
4,573,0.229242417,0.3041158091,0.0055508630999999975,0.014582950299999953,-1,-1,-1,-1
5,573,0.229242417,0.3041158091,0.0055508630999999975,0.014582950299999953,-1,-1,-1,-1
6,573,0.229242417,0.3041158091,0.0055508630999999975,0.014582950299999953,-1,-1,-1,-1
7,573,0.229242417,0.3041158091,0.0055508630999999975,0.014582950299999953,-1,-1,-1,-1
8,573,0.229242417,0.3041158091,0.0055508630999999975,0.014582950299999953,-1,-1,-1,-1
9,573,0.229242417,0.3041158091,0.0055508630999999975,0.014582950299999953,-1,-1,-1,-1
10,573,0.229242417,0.3041158091,0.0055508630999999975,0.014582950299999953,-1,-1,-1,-1
11,573,0.229242417,0.3041158091,0.0055508630999999975,0.014582950299999953,-1,-1,-1,-1
12,573,0.229242417,0.3041158091,0.0055508630999999975,0.014582950299999953,-1,-1,-1,-1
13,573,0.229242417,0.3041158091,0.0055508630999999975,0.014582950299999953,-1,-1,-1,-1
14,573,0.229242417,0.3041158091,0.0055508630999999975,0.014582950299999953,-1,-1,-1,-1
15,573,0.229242417,0.3041158091,0.0055508630999999975,0.014582950299999953,-1,-1,-1,-1
16,573,0.229242417,0.3041158091,0.0055508630999999975,0.014582950299999953,-1,-1,-1,-1
17,573,0.229242417,0.3041158091,0.0055508630999999975,0.014582950299999953,-1,-1,-1,-1
18,573,0.229242417,0.3041158091,0.0055508630999999975,0.014582950299999953,-1,-1,-1,-1
19,573,0.229242417,0.3041158091,0.0055508630999999975,0.014582950299999953,-1,-1,-1,-1
20,573,0.2294258049,0.3051928549,0.005367475199999999,0.013505904499999999,-1,-1,-1,-1
21,573,0.2294258049,0.3047786467,0.005367475199999999,0.013920112699999987,-1,-1,-1,-1
22,573,0.2294258049,0.3049349542,0.005367475199999999,0.013763805199999979,-1,-1,-1,-1
23,573,0.2294258049,0.3050912616,0.005367475199999999,0.013607497799999979,-1,-1,-1,-1
24,573,0.2294258049,0.305247569,0.005367475199999999,0.01345119039999998,-1,-1,-1,-1
25,573,0.2294258049,0.3054038765,0.005367475199999999,0.013294882899999971,-1,-1,-1,-1
26,573,0.2294258049,0.3050983131,0.005367475199999999,0.013600446299999958,-1,-1,-1,-1
27,573,0.2295915104,0.3046806227,0.005231379199999997,0.014018136699999961,-1,-1,-1,-1
28,573,0.2297572158,0.3042629322,0.005095283300000003,0.014435827199999973,-1,-1,-1,-1
29,573,0.2299229213,0.3038452418,0.004959187300000001,0.014853517599999977,-1,-1,-1,-1
30,573,0.229788907,0.3040238789,0.005004373100000015,0.014674880499999987,-1,-1,-1,-1
31,573,0.229788907,0.3049170643,0.005004373100000015,0.013781695099999991,-1,-1,-1,-1
32,573,0.2297844092,0.3048974258,0.00500887089999999,0.013801333599999965,-1,-1,-1,-1
33,573,0.2297799114,0.3048777873,0.005013368699999993,0.013820972099999995,-1,-1,-1,-1
34,573,0.2297754136,0.3048581488,0.005017866499999996,0.01384061059999997,-1,-1,-1,-1
35,573,0.2297709158,0.3048385103,0.0050223642999999984,0.0138602491,-1,-1,-1,-1
36,573,0.229766418,0.3048188718,0.005026862100000001,0.013879887599999974,-1,-1,-1,-1
37,573,0.2297619202,0.3047992334,0.005031359900000004,0.013899525999999995,-1,-1,-1,-1
38,573,0.2297574224,0.3047795949,0.005035857700000007,0.01391916449999997,-1,-1,-1,-1
39,573,0.2297529246,0.3047599564,0.00504035550000001,0.013938803,-1,-1,-1,-1
40,573,0.2297484268,0.3047403179,0.005044853300000013,0.013958441499999974,-1,-1,-1,-1
41,573,0.229743929,0.3047206794,0.005049351099999988,0.013978079999999948,-1,-1,-1,-1
42,573,0.2297394312,0.3047010409,0.005053848899999991,0.013997718499999978,-1,-1,-1,-1
43,573,0.2297349334,0.3046814024,0.005058346699999994,0.014017356999999953,-1,-1,-1,-1
44,573,0.2297304356,0.3046617639,0.005062844499999997,0.014036995499999982,-1,-1,-1,-1
45,573,0.2297259378,0.3046421254,0.0050673422999999995,0.014056633999999957,-1,-1,-1,-1
46,573,0.22972144,0.3046224869,0.005071840100000002,0.014076272499999987,-1,-1,-1,-1
47,573,0.2297169422,0.3046028484,0.005076337900000005,0.014095910999999961,-1,-1,-1,-1
48,573,0.2297124443,0.3045832099,0.005080835799999989,0.014115549499999991,-1,-1,-1,-1
49,573,0.2297079465,0.3045635714,0.005085333599999992,0.014135187999999965,-1,-1,-1,-1
50,573,0.2297034487,0.3045439329,0.0050898313999999945,0.014154826499999995,-1,-1,-1,-1
51,573,0.2296989509,0.3045242944,0.005094329199999997,0.01417446499999997,-1,-1,-1,-1
52,573,0.2296944531,0.3045046559,0.005098827,0.0141941035,-1,-1,-1,-1
53,573,0.2296899553,0.3044850174,0.005103324800000003,0.014213741999999974,-1,-1,-1,-1
54,573,0.2296854575,0.3044653789,0.005107822600000006,0.014233380499999948,-1,-1,-1,-1
55,573,0.2296854575,0.3044653789,0.005107822600000006,0.014233380499999948,-1,-1,-1,-1
56,573,0.2296854575,0.3044653789,0.005107822600000006,0.014233380499999948,-1,-1,-1,-1
57,573,0.2296854575,0.3044653789,0.005107822600000006,0.014233380499999948,-1,-1,-1,-1
58,573,0.2296854575,0.3044653789,0.005107822600000006,0.014233380499999948,-1,-1,-1,-1
59,573,0.2296854575,0.3044653789,0.005107822600000006,0.014233380499999948,-1,-1,-1,-1
60,573,0.2296854575,0.3044653789,0.005107822600000006,0.014233380499999948,-1,-1,-1,-1
61,573,0.2296854575,0.3044653789,0.005107822600000006,0.014233380499999948,-1,-1,-1,-1
62,573,0.2296854575,0.3044653789,0.005107822600000006,0.014233380499999948,-1,-1,-1,-1
63,573,0.2296854575,0.3044653789,0.005107822600000006,0.014233380499999948,-1,-1,-1,-1
64,573,0.2296854575,0.3044653789,0.005107822600000006,0.014233380499999948,-1,-1,-1,-1
65,573,0.2296854575,0.3044653789,0.005107822600000006,0.014233380499999948,-1,-1,-1,-1
66,573,0.2296854575,0.3044653789,0.005107822600000006,0.014233380499999948,-1,-1,-1,-1
67,573,0.2296854575,0.3044653789,0.005107822600000006,0.014233380499999948,-1,-1,-1,-1
68,573,0.2296854575,0.3044653789,0.005107822600000006,0.014233380499999948,-1,-1,-1,-1
69,573,0.2296854575,0.3044653789,0.005107822600000006,0.014233380499999948,-1,-1,-1,-1
70,573,0.2296854575,0.3044653789,0.005107822600000006,0.014233380499999948,-1,-1,-1,-1
71,573,0.2296854575,0.3044653789,0.005107822600000006,0.014233380499999948,-1,-1,-1,-1
72,573,0.2296854575,0.3044653789,0.005107822600000006,0.014233380499999948,-1,-1,-1,-1
73,573,0.2296854575,0.3044653789,0.005107822600000006,0.014233380499999948,-1,-1,-1,-1
74,573,0.2296854575,0.3044653789,0.005107822600000006,0.014233380499999948,-1,-1,-1,-1
75,573,0.2296854575,0.3044653789,0.005107822600000006,0.014233380499999948,-1,-1,-1,-1
76,573,0.2296854575,0.3044653789,0.005107822600000006,0.014233380499999948,-1,-1,-1,-1
77,573,0.2296854575,0.3044653789,0.005107822600000006,0.014233380499999948,-1,-1,-1,-1
78,573,0.2296854575,0.3044653789,0.005107822600000006,0.014233380499999948,-1,-1,-1,-1
79,573,0.2296854575,0.3044653789,0.005107822600000006,0.014233380499999948,-1,-1,-1,-1
80,573,0.2296854575,0.3044653789,0.005107822600000006,0.014233380499999948,-1,-1,-1,-1
81,573,0.2296854575,0.3044653789,0.005107822600000006,0.014233380499999948,-1,-1,-1,-1
82,573,0.2296854575,0.3044653789,0.005107822600000006,0.014233380499999948,-1,-1,-1,-1
83,573,0.2296854575,0.3044653789,0.005107822600000006,0.014233380499999948,-1,-1,-1,-1
84,573,0.2296854575,0.3044653789,0.005107822600000006,0.014233380499999948,-1,-1,-1,-1
85,573,0.2296854575,0.3044653789,0.005107822600000006,0.014233380499999948,-1,-1,-1,-1
86,573,0.2296854575,0.3044653789,0.005107822600000006,0.014233380499999948,-1,-1,-1,-1
87,573,0.2296854575,0.3044653789,0.005107822600000006,0.014233380499999948,-1,-1,-1,-1
88,573,0.2296854575,0.3044653789,0.005107822600000006,0.014233380499999948,-1,-1,-1,-1
89,573,0.2296854575,0.3044653789,0.005107822600000006,0.014233380499999948,-1,-1,-1,-1
90,573,0.2296854575,0.3044653789,0.005107822600000006,0.014233380499999948,-1,-1,-1,-1
91,573,0.2296854575,0.3044653789,0.005107822600000006,0.014233380499999948,-1,-1,-1,-1
92,573,0.2296854575,0.3044653789,0.005107822600000006,0.014233380499999948,-1,-1,-1,-1
93,573,0.2296854575,0.3044653789,0.005107822600000006,0.014233380499999948,-1,-1,-1,-1
94,573,0.2297345006,0.3049013292,0.0050938627999999875,0.013721496399999977,-1,-1,-1,-1
95,573,0.2297835436,0.3053372794,0.005079902999999997,0.013209612300000007,-1,-1,-1,-1
96,573,0.229773735,0.3052500893,0.005082694999999998,0.013311989199999985,-1,-1,-1,-1
97,573,0.2297639264,0.3051628993,0.005085486899999991,0.013414365900000003,-1,-1,-1,-1
98,573,0.2297541178,0.3050757092,0.005088278800000012,0.013516742800000037,-1,-1,-1,-1
99,573,0.2297443092,0.3049885192,0.005091070800000014,0.013619119600000007,-1,-1,-1,-1
100,573,0.2297345006,0.3049013292,0.0050938627999999875,0.013721496399999977,-1,-1,-1,-1
101,573,0.2297246919,0.3048141391,0.005096654799999989,0.013823873200000003,-1,-1,-1,-1
102,573,0.2297148833,0.3047269491,0.005099446699999982,0.013926250000000029,-1,-1,-1,-1
103,573,0.2297050747,0.304639759,0.005102238699999984,0.014028626900000007,-1,-1,-1,-1
104,573,0.2296952661,0.304552569,0.005105030700000013,0.014131003600000025,-1,-1,-1,-1
105,573,0.2296854575,0.3044653789,0.005107822600000006,0.014233380499999948,-1,-1,-1,-1
106,573,0.2296854575,0.3044653789,0.005107822600000006,0.014233380499999948,-1,-1,-1,-1
107,573,0.2296854575,0.3044653789,0.005107822600000006,0.014233380499999948,-1,-1,-1,-1
108,573,0.2296854575,0.3044653789,0.005107822600000006,0.014233380499999948,-1,-1,-1,-1
109,573,0.2296854575,0.3044653789,0.005107822600000006,0.014233380499999948,-1,-1,-1,-1
110,573,0.2296854575,0.3044653789,0.005107822600000006,0.014233380499999948,-1,-1,-1,-1
111,573,0.2296854575,0.3044653789,0.005107822600000006,0.014233380499999948,-1,-1,-1,-1
112,573,0.2296854575,0.3044653789,0.005107822600000006,0.014233380499999948,-1,-1,-1,-1
113,573,0.2296854575,0.3044653789,0.005107822600000006,0.014233380499999948,-1,-1,-1,-1
114,573,0.2296854575,0.3044653789,0.005107822600000006,0.014233380499999948,-1,-1,-1,-1
115,573,0.2296854575,0.3044653789,0.005107822600000006,0.014233380499999948,-1,-1,-1,-1
116,573,0.2296854575,0.3044653789,0.005107822600000006,0.014233380499999948,-1,-1,-1,-1
117,573,0.2298034179,0.3049692321,0.0049898622,0.013729527299999988,-1,-1,-1,-1
118,573,0.2299213783,0.3054730853,0.004871901799999995,0.013225674099999973,-1,-1,-1,-1
119,573,0.229842738,0.3051371832,0.0049505421000000105,0.01356157619999998,-1,-1,-1,-1
120,573,0.2297640978,0.304801281,0.00502918229999999,0.013897478399999996,-1,-1,-1,-1
121,573,0.2296854575,0.3044653789,0.005107822600000006,0.014233380499999948,-1,-1,-1,-1
122,573,0.2296854575,0.3044653789,0.005107822600000006,0.014233380499999948,-1,-1,-1,-1
123,573,0.2296854575,0.3044653789,0.005107822600000006,0.014233380499999948,-1,-1,-1,-1
124,573,0.2296854575,0.3044653789,0.005107822600000006,0.014233380499999948,-1,-1,-1,-1
125,573,0.2296854575,0.3044653789,0.005107822600000006,0.014233380499999948,-1,-1,-1,-1
126,573,0.2296854575,0.3044653789,0.005107822600000006,0.014233380499999948,-1,-1,-1,-1
127,573,0.2296854575,0.3044653789,0.005107822600000006,0.014233380499999948,-1,-1,-1,-1
128,573,0.2296854575,0.3044653789,0.005107822600000006,0.014233380499999948,-1,-1,-1,-1
129,573,0.2296854575,0.3044653789,0.005107822600000006,0.014233380499999948,-1,-1,-1,-1
130,573,0.2296854575,0.3044653789,0.005107822600000006,0.014233380499999948,-1,-1,-1,-1
131,573,0.2296854575,0.3044653789,0.005107822600000006,0.014233380499999948,-1,-1,-1,-1
132,573,0.2296854575,0.3044653789,0.005107822600000006,0.014233380499999948,-1,-1,-1,-1
133,573,0.2296854575,0.3044653789,0.005107822600000006,0.014233380499999948,-1,-1,-1,-1
134,573,0.2296854575,0.3044653789,0.005107822600000006,0.014233380499999948,-1,-1,-1,-1
135,573,0.2296854575,0.3044653789,0.005107822600000006,0.014233380499999948,-1,-1,-1,-1
136,573,0.2296854575,0.3044653789,0.005107822600000006,0.014233380499999948,-1,-1,-1,-1
137,573,0.2296854575,0.3044653789,0.005107822600000006,0.014233380499999948,-1,-1,-1,-1
138,573,0.2296854575,0.3044653789,0.005107822600000006,0.014233380499999948,-1,-1,-1,-1
139,573,0.2296854575,0.3044653789,0.005107822600000006,0.014233380499999948,-1,-1,-1,-1
140,573,0.2296854575,0.3044653789,0.005107822600000006,0.014233380499999948,-1,-1,-1,-1
141,573,0.2296854575,0.3044653789,0.005107822600000006,0.014233380499999948,-1,-1,-1,-1
142,573,0.2296854575,0.3044653789,0.005107822600000006,0.014233380499999948,-1,-1,-1,-1
143,573,0.2296854575,0.3044653789,0.005107822600000006,0.014233380499999948,-1,-1,-1,-1
144,573,0.2296854575,0.3044653789,0.005107822600000006,0.014233380499999948,-1,-1,-1,-1
145,573,0.2296854575,0.3044653789,0.005107822600000006,0.014233380499999948,-1,-1,-1,-1
146,573,0.2296854575,0.3044653789,0.005107822600000006,0.014233380499999948,-1,-1,-1,-1
147,573,0.2296854575,0.3044653789,0.005107822600000006,0.014233380499999948,-1,-1,-1,-1
148,573,0.2296854575,0.3044653789,0.005107822600000006,0.014233380499999948,-1,-1,-1,-1
149,573,0.2296854575,0.3044653789,0.005107822600000006,0.014233380499999948,-1,-1,-1,-1
150,573,0.2296854575,0.3044653789,0.005107822600000006,0.014233380499999948,-1,-1,-1,-1
151,573,0.2296854575,0.3044653789,0.005107822600000006,0.014233380499999948,-1,-1,-1,-1
152,573,0.2296854575,0.3044653789,0.005107822600000006,0.014233380499999948,-1,-1,-1,-1
153,573,0.2296854575,0.3044653789,0.005107822600000006,0.014233380499999948,-1,-1,-1,-1
154,573,0.2296854575,0.3044653789,0.005107822600000006,0.014233380499999948,-1,-1,-1,-1
155,573,0.2296854575,0.3044653789,0.005107822600000006,0.014233380499999948,-1,-1,-1,-1
156,573,0.2296854575,0.3044653789,0.005107822600000006,0.014233380499999948,-1,-1,-1,-1
157,573,0.2296854575,0.3044653789,0.005107822600000006,0.014233380499999948,-1,-1,-1,-1
158,573,0.2296854575,0.3044653789,0.005107822600000006,0.014233380499999948,-1,-1,-1,-1
159,573,0.2296854575,0.3044653789,0.005107822600000006,0.014233380499999948,-1,-1,-1,-1
160,573,0.2296854575,0.3044653789,0.005107822600000006,0.014233380499999948,-1,-1,-1,-1
161,573,0.2296854575,0.3044653789,0.005107822600000006,0.014233380499999948,-1,-1,-1,-1
162,573,0.2296854575,0.3044653789,0.005107822600000006,0.014233380499999948,-1,-1,-1,-1
163,573,0.2296854575,0.3044653789,0.005107822600000006,0.014233380499999948,-1,-1,-1,-1
164,573,0.2296854575,0.3044653789,0.005107822600000006,0.014233380499999948,-1,-1,-1,-1
165,573,0.2296854575,0.3044653789,0.005107822600000006,0.014233380499999948,-1,-1,-1,-1
166,573,0.2296854575,0.3044653789,0.005107822600000006,0.014233380499999948,-1,-1,-1,-1
167,573,0.2296854575,0.3044653789,0.005107822600000006,0.014233380499999948,-1,-1,-1,-1
168,573,0.2296854575,0.3044653789,0.005107822600000006,0.014233380499999948,-1,-1,-1,-1
169,573,0.2297724492,0.3044653789,0.005107822600000006,0.014233380499999948,-1,-1,-1,-1
170,573,0.2298594408,0.3044653789,0.005107822599999978,0.014233380499999948,-1,-1,-1,-1
171,573,0.2299464325,0.3044653789,0.005107822600000006,0.014233380499999948,-1,-1,-1,-1
172,573,0.2300334242,0.3044653789,0.005107822600000006,0.014233380499999948,-1,-1,-1,-1
173,573,0.2299754298,0.3044653789,0.005107822600000006,0.014233380499999948,-1,-1,-1,-1
174,573,0.2299174353,0.3044653789,0.005107822600000006,0.014233380499999948,-1,-1,-1,-1
175,573,0.2298594408,0.3044653789,0.005107822599999978,0.014233380499999948,-1,-1,-1,-1
176,573,0.2298014464,0.3044653789,0.005107822600000006,0.014233380499999948,-1,-1,-1,-1
177,573,0.229743452,0.3044653789,0.005107822600000006,0.014233380499999948,-1,-1,-1,-1
178,573,0.2296854575,0.3044653789,0.005107822600000006,0.014233380499999948,-1,-1,-1,-1
179,573,0.2296854575,0.3044653789,0.005107822600000006,0.014233380499999948,-1,-1,-1,-1
180,573,0.2296854575,0.3044653789,0.005107822600000006,0.014233380499999948,-1,-1,-1,-1
181,573,0.2296854575,0.3044653789,0.005107822600000006,0.014233380499999948,-1,-1,-1,-1
182,573,0.2296854575,0.3044653789,0.005107822600000006,0.014233380499999948,-1,-1,-1,-1
183,573,0.2296854575,0.3044653789,0.005107822600000006,0.014233380499999948,-1,-1,-1,-1
184,573,0.2296854575,0.3044653789,0.005107822600000006,0.014233380499999948,-1,-1,-1,-1
185,573,0.2296854575,0.3044653789,0.005107822600000006,0.014233380499999948,-1,-1,-1,-1
186,573,0.2296854575,0.3044653789,0.005107822600000006,0.014233380499999948,-1,-1,-1,-1
187,573,0.2296854575,0.3044653789,0.005107822600000006,0.014233380499999948,-1,-1,-1,-1
188,573,0.2296854575,0.3044653789,0.005107822600000006,0.014233380499999948,-1,-1,-1,-1
189,573,0.2296854575,0.3044653789,0.005107822600000006,0.014233380499999948,-1,-1,-1,-1
190,573,0.2296854575,0.3044653789,0.005107822600000006,0.014233380499999948,-1,-1,-1,-1
191,573,0.2296854575,0.3044653789,0.005107822600000006,0.014233380499999948,-1,-1,-1,-1
192,573,0.2296854575,0.3044653789,0.005107822600000006,0.014233380499999948,-1,-1,-1,-1
193,573,0.2296854575,0.3044653789,0.005107822600000006,0.014233380499999948,-1,-1,-1,-1
194,573,0.2296854575,0.3044653789,0.005107822600000006,0.014233380499999948,-1,-1,-1,-1
195,573,0.2296854575,0.3044653789,0.005107822600000006,0.014233380499999948,-1,-1,-1,-1
196,573,0.2296854575,0.3044653789,0.005107822600000006,0.014233380499999948,-1,-1,-1,-1
197,573,0.2296854575,0.3044653789,0.005107822600000006,0.014233380499999948,-1,-1,-1,-1
198,573,0.2296854575,0.3044653789,0.005107822600000006,0.014233380499999948,-1,-1,-1,-1
199,573,0.2296854575,0.3044653789,0.005107822600000006,0.014233380499999948,-1,-1,-1,-1
200,573,0.2296854575,0.3044653789,0.005107822600000006,0.014233380499999948,-1,-1,-1,-1
201,573,0.2296854575,0.3044653789,0.005107822600000006,0.014233380499999948,-1,-1,-1,-1
202,573,0.2296854575,0.3044653789,0.005107822600000006,0.014233380499999948,-1,-1,-1,-1
203,573,0.2296854575,0.3044653789,0.005107822600000006,0.014233380499999948,-1,-1,-1,-1
204,573,0.2296854575,0.3044653789,0.005107822600000006,0.014233380499999948,-1,-1,-1,-1
205,573,0.2296854575,0.3044653789,0.005107822600000006,0.014233380499999948,-1,-1,-1,-1
206,573,0.2296854575,0.3044653789,0.005107822600000006,0.014233380499999948,-1,-1,-1,-1
207,573,0.2296854575,0.3044653789,0.005107822600000006,0.014233380499999948,-1,-1,-1,-1
208,573,0.2296854575,0.3044653789,0.005107822600000006,0.014233380499999948,-1,-1,-1,-1
209,573,0.2296854575,0.3044653789,0.005107822600000006,0.014233380499999948,-1,-1,-1,-1
210,573,0.2296854575,0.3044653789,0.005107822600000006,0.014233380499999948,-1,-1,-1,-1
211,573,0.2296854575,0.3044653789,0.005107822600000006,0.014233380499999948,-1,-1,-1,-1
212,573,0.2296854575,0.3044653789,0.005107822600000006,0.014233380499999948,-1,-1,-1,-1
213,573,0.2296854575,0.3044653789,0.005107822600000006,0.014233380499999948,-1,-1,-1,-1
214,573,0.2297930399,0.3044653789,0.005000240200000006,0.014233380499999948,-1,-1,-1,-1
215,573,0.2299006223,0.3044653789,0.004892657800000005,0.014233380499999948,-1,-1,-1,-1
216,573,0.2300082047,0.3044653789,0.004785075400000005,0.014233380499999948,-1,-1,-1,-1
217,573,0.2301157871,0.3044653789,0.004677493000000005,0.014233380499999948,-1,-1,-1,-1
218,573,0.2300297212,0.3044653789,0.004763558899999992,0.014233380499999948,-1,-1,-1,-1
219,573,0.2299436553,0.3044653789,0.0048496248000000075,0.014233380499999948,-1,-1,-1,-1
220,573,0.2298575893,0.3044653789,0.004935690800000003,0.014233380499999948,-1,-1,-1,-1
221,573,0.2297715234,0.3044653789,0.005021756699999991,0.014233380499999948,-1,-1,-1,-1
222,573,0.2296854575,0.3044653789,0.005107822600000006,0.014233380499999948,-1,-1,-1,-1
