2,1004,0.4504316375,0.418283846,0.0024694177000000317,0.012671350599999964,-1,-1,-1,-1
3,1004,0.4503437641,0.4179717534,0.0024694177000000317,0.01267135060000002,-1,-1,-1,-1
4,1004,0.4504022484,0.4174516426,0.0024694177000000317,0.01267135060000002,-1,-1,-1,-1
5,1004,0.4492901655,0.4172434938,0.002600199099999978,0.013691984800000001,-1,-1,-1,-1
6,1004,0.4492024391,0.4168794294,0.002600199099999978,0.013691984699999993,-1,-1,-1,-1
7,1004,0.4486463976,0.4167754856,0.002600199099999978,0.013691984699999993,-1,-1,-1,-1
8,1004,0.4483677891,0.4168373817,0.002600199099999978,0.013691984800000001,-1,-1,-1,-1
9,1004,0.448332963,0.4167135894,0.002600199200000042,0.013691984700000048,-1,-1,-1,-1
10,1004,0.4484724142,0.4165279008,0.0024099048999999817,0.013691984699999993,-1,-1,-1,-1
11,1004,0.4485072403,0.415723381,0.002409904800000029,0.013691984699999993,-1,-1,-1,-1
12,1004,0.4487161967,0.4155995886,0.0024099047999999734,0.013691984699999993,-1,-1,-1,-1
13,1004,0.4485420664,0.4155995886,0.002409904800000029,0.013691984699999993,-1,-1,-1,-1
14,1004,0.4485420664,0.4154757962,0.002409904800000029,0.013691984800000001,-1,-1,-1,-1
15,1004,0.44816618,0.4150425229,0.002507182699999999,0.013341892600000016,-1,-1,-1,-1
16,1004,0.4474696587,0.4149187306,0.002507182699999999,0.013341892600000016,-1,-1,-1,-1
17,1004,0.4470517459,0.4146535172,0.002300724399999954,0.013331968299999997,-1,-1,-1,-1
18,1004,0.4458876444,0.4143351566,0.002300724300000001,0.013331968299999997,-1,-1,-1,-1
19,1004,0.4447832026,0.4142821401,0.0023007244000000093,0.013331968300000052,-1,-1,-1,-1
20,1004,0.4436489309,0.4141229598,0.0023007244000000093,0.013331968299999997,-1,-1,-1,-1
21,1004,0.4431415284,0.4141229598,0.0023007244000000093,0.013331968299999997,-1,-1,-1,-1
22,1004,0.4418281303,0.4141229598,0.002420484899999964,0.013331968299999997,-1,-1,-1,-1
23,1004,0.4412014081,0.4140169266,0.0023010182999999573,0.012960721800000019,-1,-1,-1,-1
24,1004,0.4402805012,0.413978013,0.0023010182000000046,0.012960721800000019,-1,-1,-1,-1
25,1004,0.4396007317,0.4139000552,0.002260314399999963,0.012492191099999994,-1,-1,-1,-1
26,1004,0.4388989204,0.4138610109,0.0022603144000000186,0.012492191200000002,-1,-1,-1,-1
27,1004,0.4380876347,0.4136661816,0.0022165247,0.012180490299999958,-1,-1,-1,-1
28,1004,0.4376052129,0.4133544808,0.0022165247,0.012180490300000013,-1,-1,-1,-1
29,1004,0.4368596119,0.4132376093,0.0023261459000000206,0.012453146900000045,-1,-1,-1,-1
30,1004,0.4364209798,0.4131206072,0.0023261459000000206,0.01257014900000003,-1,-1,-1,-1
31,1004,0.4357191685,0.4130816936,0.0023261459000000206,0.012570148999999975,-1,-1,-1,-1
32,1004,0.4352367467,0.4130427799,0.0022606082999999666,0.01257014900000003,-1,-1,-1,-1
33,1004,0.4344911457,0.4130427799,0.0023043979999999853,0.01257014900000003,-1,-1,-1,-1
34,1004,0.4338772077,0.4127310791,0.0023043979999999853,0.012570018399999994,-1,-1,-1,-1
35,1004,0.4332412279,0.4127701233,0.002326292899999971,0.012063227099999962,-1,-1,-1,-1
36,1004,0.4325395636,0.412575294,0.002326292899999971,0.012063227100000018,-1,-1,-1,-1
37,1004,0.4319694154,0.412575294,0.0023262929000000265,0.012063227100000018,-1,-1,-1,-1
38,1004,0.4311800246,0.4124193783,0.0023262929000000265,0.01206322700000001,-1,-1,-1,-1
39,1004,0.4305659397,0.4121855047,0.002326292899999971,0.012063227100000018,-1,-1,-1,-1
40,1004,0.4299080651,0.4120686332,0.002326292899999971,0.012063227100000018,-1,-1,-1,-1
41,1004,0.4295571594,0.4119517617,0.0021289452000000098,0.01167343780000002,-1,-1,-1,-1
42,1004,0.4289211797,0.4119127175,0.0021289451000000015,0.011673437799999964,-1,-1,-1,-1
43,1004,0.4287019371,0.4118347596,0.0021289452000000098,0.011673437900000028,-1,-1,-1,-1
44,1004,0.4282195153,0.4116399303,0.0022825030999999996,0.011673437799999964,-1,-1,-1,-1
45,1004,0.4278686096,0.4114060567,0.002282503200000008,0.011673437899999972,-1,-1,-1,-1
46,1004,0.427824673,0.4114060567,0.0022825030999999996,0.011673437899999972,-1,-1,-1,-1
47,1004,0.4276492201,0.4112112274,0.002282503200000008,0.01167343780000002,-1,-1,-1,-1
48,1004,0.4274956622,0.4111332695,0.0022825030999999996,0.011673437899999972,-1,-1,-1,-1
49,1004,0.4271228617,0.410899396,0.0021511338999999907,0.01167343780000002,-1,-1,-1,-1
50,1004,0.4268377875,0.4105875646,0.0022388603999999868,0.011673437799999964,-1,-1,-1,-1
51,1004,0.4263334709,0.4106655224,0.0022388602999999785,0.011244734899999997,-1,-1,-1,-1
52,1004,0.426004607,0.4104316489,0.002150986999999993,0.011673568299999992,-1,-1,-1,-1
53,1004,0.4253906691,0.4104705625,0.002216818499999995,0.0116735684,-1,-1,-1,-1
54,1004,0.4249958268,0.4104705625,0.0021949236000000094,0.011634654699999969,-1,-1,-1,-1
55,1004,0.4242940154,0.4104316489,0.0021073442999999803,0.01140078109999998,-1,-1,-1,-1
56,1004,0.4237018254,0.410353691,0.0021512808999999966,0.011400781199999988,-1,-1,-1,-1
57,1004,0.4231316772,0.4103146468,0.0020854492999999863,0.011205951800000002,-1,-1,-1,-1
58,1004,0.4224956974,0.4101198174,0.0020416597000000314,0.01128377920000001,-1,-1,-1,-1
59,1004,0.4220351705,0.4102366889,0.002041659600000023,0.010972078300000021,-1,-1,-1,-1
60,1004,0.4212456328,0.4101198174,0.0021295330000000168,0.010660246900000003,-1,-1,-1,-1
61,1004,0.4206535897,0.4097690724,0.002348775500000011,0.011010991899999989,-1,-1,-1,-1
62,1004,0.4203464738,0.4095351988,0.0022611959999999653,0.011050036200000002,-1,-1,-1,-1
63,1004,0.4198859468,0.4094181967,0.0022611960999999736,0.011050036200000002,-1,-1,-1,-1
64,1004,0.4194474617,0.4094181967,0.0022611960999999736,0.011050036200000002,-1,-1,-1,-1
65,1004,0.4188554186,0.4091843232,0.0021733227000000355,0.01105016670000003,-1,-1,-1,-1
66,1004,0.4181317125,0.409145279,0.002173469600000033,0.010777379500000017,-1,-1,-1,-1
67,1004,0.4174738378,0.4090284075,0.0021953645999999716,0.01093316459999999,-1,-1,-1,-1
68,1004,0.416838005,0.4090674517,0.0021952175999999657,0.010738335300000013,-1,-1,-1,-1
69,1004,0.416092404,0.4088724918,0.0021952175999999657,0.010738335299999957,-1,-1,-1,-1
70,1004,0.4151714971,0.4087165761,0.002195217500000013,0.010738335300000013,-1,-1,-1,-1
71,1004,0.4146890753,0.4085997046,0.002195217500000013,0.010738335300000013,-1,-1,-1,-1
72,1004,0.4140970322,0.4082099153,0.002195217500000013,0.010738335300000013,-1,-1,-1,-1
73,1004,0.4132638517,0.4079760417,0.002063407500000003,0.0104655481,-1,-1,-1,-1
74,1004,0.4126497668,0.4079371281,0.002063407500000003,0.0104655481,-1,-1,-1,-1
75,1004,0.4118164393,0.408132088,0.002063407500000003,0.0104655481,-1,-1,-1,-1
76,1004,0.4111585647,0.4083659616,0.002063407500000003,0.0104655481,-1,-1,-1,-1
77,1004,0.4100182683,0.408132088,0.002063407500000003,0.0104655481,-1,-1,-1,-1
78,1004,0.4091793569,0.4077178798,0.002063407500000003,0.0104655481,-1,-1,-1,-1
79,1004,0.4078743346,0.4071379622,0.0020634076000000112,0.0104655481,-1,-1,-1,-1
80,1004,0.4070820049,0.4064753857,0.0020634076000000112,0.0104655481,-1,-1,-1,-1
81,1004,0.4063364039,0.405978388,0.002063407500000003,0.010465548199999952,-1,-1,-1,-1
82,1004,0.4054974925,0.4058126786,0.0020634076000000112,0.010465548200000008,-1,-1,-1,-1
83,1004,0.4047518915,0.4055641798,0.002063407500000003,0.0104655481,-1,-1,-1,-1
84,1004,0.4039129801,0.4050671822,0.002063407500000003,0.0104655481,-1,-1,-1,-1
85,1004,0.4034470162,0.4050671822,0.002063407500000003,0.0104655481,-1,-1,-1,-1
86,1004,0.4028410133,0.4049016033,0.002063407500000003,0.010465548199999952,-1,-1,-1,-1
87,1004,0.4027012682,0.4048186834,0.002063407500000003,0.0104655481,-1,-1,-1,-1
88,1004,0.4024216311,0.4048186834,0.002063407500000003,0.0104655481,-1,-1,-1,-1
89,1004,0.4023750494,0.4049014728,0.002063407500000003,0.0104655481,-1,-1,-1,-1
90,1004,0.4025217569,0.4057252312,0.0019820626999999535,0.010094935800000038,-1,-1,-1,-1
91,1004,0.4025823544,0.4060890774,0.0019007179000000152,0.00972432350000002,-1,-1,-1,-1
92,1004,0.4025566214,0.4063379456,0.0018193732000000296,0.009353711300000012,-1,-1,-1,-1
93,1004,0.4025885401,0.4065103358,0.0017380283999999802,0.008983099100000003,-1,-1,-1,-1
94,1004,0.4020758055,0.4061460313,0.0016566835999999863,0.008612486799999985,-1,-1,-1,-1
95,1004,0.4013820342,0.4061446944,0.0015753389000000007,0.008241874499999968,-1,-1,-1,-1
96,1004,0.4009768637,0.4056824877,0.0014939941000000068,0.007871262200000007,-1,-1,-1,-1
97,1004,0.4005254474,0.4057668441,0.0016769410999999956,0.008329085099999967,-1,-1,-1,-1
98,1004,0.3999842475,0.4055496851,0.0016769409999999874,0.008329085100000022,-1,-1,-1,-1
99,1004,0.3993731015,0.4054567103,0.0016769410999999956,0.008329084999999958,-1,-1,-1,-1
100,1004,0.3986748168,0.405518737,0.0016243347000000075,0.008329085099999967,-1,-1,-1,-1
101,1004,0.3979596335,0.4053325262,0.0016585728999999882,0.008329085000000014,-1,-1,-1,-1
102,1004,0.397263847,0.4050133821,0.0016585728999999882,0.008329085100000022,-1,-1,-1,-1
103,1004,0.3968983937,0.4049793,0.0016585728999999882,0.008329085100000022,-1,-1,-1,-1
104,1004,0.3965905431,0.4049108747,0.0016585728999999882,0.008329085100000022,-1,-1,-1,-1
105,1004,0.3963789417,0.4049108747,0.0016585728999999882,0.008329085100000022,-1,-1,-1,-1
106,1004,0.3961865901,0.4048767926,0.0015900963999999629,0.008329085100000022,-1,-1,-1,-1
107,1004,0.3960903409,0.4047057293,0.0015900963000000101,0.008329085100000022,-1,-1,-1,-1
108,1004,0.3959172392,0.4046715167,0.0015708465000000005,0.008329085000000014,-1,-1,-1,-1
109,1004,0.3952245385,0.4042610953,0.0017054484999999842,0.008329085100000022,-1,-1,-1,-1
110,1004,0.3948013357,0.4041242447,0.0017054485000000397,0.008329085099999967,-1,-1,-1,-1
111,1004,0.3943394862,0.4043636027,0.0014360976000000192,0.008329085100000022,-1,-1,-1,-1
112,1004,0.3943009865,0.4042267521,0.0014360976000000192,0.008329085000000014,-1,-1,-1,-1
113,1004,0.3940507385,0.4042267521,0.001436097500000011,0.008329085000000014,-1,-1,-1,-1
114,1004,0.3939929889,0.4041583268,0.0014360976000000192,0.008329084999999958,-1,-1,-1,-1
115,1004,0.3938198872,0.4041583268,0.0014360976000000192,0.008329084999999958,-1,-1,-1,-1
116,1004,0.3935120366,0.4041583268,0.001436097500000011,0.008329084999999958,-1,-1,-1,-1
117,1004,0.3931146962,0.4039922256,0.001436097500000011,0.008329085100000022,-1,-1,-1,-1
