114,1160,0.3385748763,0.4086890231,0.002246501600000006,0.01052966420000001,-1,-1,-1,-1
115,1160,0.3392905005,0.4088258738,0.002169649100000004,0.010275289099999974,-1,-1,-1,-1
116,1160,0.3403587937,0.408884636,0.0022465014999999977,0.010529664199999955,-1,-1,-1,-1
117,1160,0.3414379608,0.408884636,0.0018281479000000211,0.010373095499999985,-1,-1,-1,-1
118,1160,0.3423111105,0.408884636,0.0018281478999999656,0.010373095499999985,-1,-1,-1,-1
119,1160,0.3429658993,0.4089492744,0.0018281479000000211,0.010373095599999993,-1,-1,-1,-1
120,1160,0.3434387696,0.4090785512,0.0018281478999999656,0.010373095600000048,-1,-1,-1,-1
121,1160,0.3440206735,0.4091431896,0.0018281479000000211,0.010373095599999993,-1,-1,-1,-1
122,1160,0.3443843634,0.4094017433,0.0018281479000000211,0.010373095599999993,-1,-1,-1,-1
123,1160,0.3450028566,0.4097249354,0.0018281478999999656,0.010373095599999993,-1,-1,-1,-1
124,1160,0.345257513,0.4099834891,0.0018281478999999656,0.010373095599999993,-1,-1,-1,-1
125,1160,0.3467823656,0.4100784227,0.0018281479000000211,0.010373095599999993,-1,-1,-1,-1
126,1160,0.3473503096,0.4100823402,0.001828147999999974,0.010373095599999993,-1,-1,-1,-1
127,1160,0.349349502,0.4104624664,0.0018281480000000294,0.010373095499999985,-1,-1,-1,-1
128,1160,0.3522418287,0.4101774044,0.00261680390000002,0.010568055500000006,-1,-1,-1,-1
129,1160,0.3532841125,0.4106049321,0.002082363499999962,0.010568055500000006,-1,-1,-1,-1
130,1160,0.3544066285,0.4104624664,0.002910841800000008,0.010568055500000006,-1,-1,-1,-1
131,1160,0.3552885949,0.4106524641,0.002002131300000043,0.010568055600000015,-1,-1,-1,-1
132,1160,0.3562775376,0.4107949298,0.0026970360999999943,0.010568055500000006,-1,-1,-1,-1
133,1160,0.3572932243,0.4108898634,0.0020554724999999885,0.010568055600000015,-1,-1,-1,-1
134,1160,0.3584692285,0.4113647926,0.00205547239999998,0.010568055500000006,-1,-1,-1,-1
135,1160,0.3591641333,0.4113647926,0.0020554724999999885,0.010568055500000006,-1,-1,-1,-1
136,1160,0.3602866494,0.4121723158,0.0020554724000000357,0.01056805559999996,-1,-1,-1,-1
137,1160,0.3618392746,0.4118358043,0.002055472500000044,0.010568055500000006,-1,-1,-1,-1
138,1160,0.3622936299,0.4116339235,0.00205547239999998,0.010568055500000006,-1,-1,-1,-1
139,1160,0.3629373977,0.411297412,0.0020554724999999885,0.010568055500000006,-1,-1,-1,-1
140,1160,0.3636569894,0.411297412,0.0020554724999999885,0.010568055500000006,-1,-1,-1,-1
141,1160,0.363922079,0.411297412,0.00205547239999998,0.010568055500000006,-1,-1,-1,-1
142,1160,0.3645658468,0.4110954006,0.002055472500000044,0.010568055500000006,-1,-1,-1,-1
143,1160,0.3650960259,0.4112972814,0.0020554724999999885,0.010568055500000006,-1,-1,-1,-1
144,1160,0.3659671183,0.4116337929,0.0020554724999999885,0.010568055500000006,-1,-1,-1,-1
145,1160,0.3670274764,0.4117684236,0.0020554724999999885,0.010568055600000015,-1,-1,-1,-1
146,1160,0.3707385829,0.4133836007,0.0024819080999999854,0.011036455499999986,-1,-1,-1,-1
147,1160,0.3714899148,0.4135813029,0.0022035934999999895,0.011036455499999986,-1,-1,-1,-1
148,1160,0.3728253548,0.4137296448,0.002092208799999995,0.011036455499999986,-1,-1,-1,-1
149,1160,0.3738548544,0.4138779867,0.0023982961000000302,0.011036455500000042,-1,-1,-1,-1
150,1160,0.3748285147,0.4139768378,0.0023982960999999747,0.011036455499999986,-1,-1,-1,-1
151,1160,0.3760362591,0.4140626306,0.0023982961000000302,0.011036455500000042,-1,-1,-1,-1
152,1160,0.3770174136,0.4140989326,0.0021287982999999566,0.011036455499999986,-1,-1,-1,-1
153,1160,0.3783256687,0.4143533076,0.002128798200000004,0.011036455599999995,-1,-1,-1,-1
154,1160,0.3797769016,0.4141352345,0.002128798200000004,0.011036455599999995,-1,-1,-1,-1
155,1160,0.3799870335,0.4146490774,0.002128798300000012,0.011036455499999986,-1,-1,-1,-1
156,1160,0.3828924383,0.4142186769,0.0021287982999999566,0.011036455499999986,-1,-1,-1,-1
157,1160,0.3866211782,0.4148211853,0.0021287982999999566,0.011036455599999995,-1,-1,-1,-1
158,1160,0.3889939059,0.4142188075,0.002128798200000004,0.011036455499999986,-1,-1,-1,-1
159,1160,0.3921414767,0.4159400176,0.002128798200000004,0.011036455599999995,-1,-1,-1,-1
160,1160,0.3939331822,0.4161121256,0.002128798200000004,0.011036455499999986,-1,-1,-1,-1
161,1160,0.393255323,0.4169014978,0.0022836787000000136,0.012570801999999992,-1,-1,-1,-1
162,1160,0.3960155456,0.4169875518,0.0022836787999999664,0.012570801899999984,-1,-1,-1,-1
163,1160,0.397675735,0.4172088894,0.0022836787000000136,0.012570801999999992,-1,-1,-1,-1
164,1160,0.3983427202,0.4176830351,0.0022836787000000136,0.012570801899999984,-1,-1,-1,-1
165,1160,0.4002371405,0.4165190212,0.0026623571000000124,0.013734815799999966,-1,-1,-1,-1
166,1160,0.4014378315,0.4167561593,0.0025021866000000115,0.01365777210000002,-1,-1,-1,-1
167,1160,0.4028319027,0.4171690617,0.002590647700000004,0.013876106299999968,-1,-1,-1,-1
168,1160,0.4037322372,0.4174788038,0.002329231799999998,0.013876106299999968,-1,-1,-1,-1
169,1160,0.4048939877,0.4178401261,0.002387422199999989,0.013876106300000024,-1,-1,-1,-1
170,1160,0.4059105561,0.4183046086,0.0025326042000000104,0.013876106299999968,-1,-1,-1,-1
171,1160,0.4066946568,0.4185533686,0.0021840497999999764,0.014143539600000032,-1,-1,-1,-1
172,1160,0.4077983639,0.4183984976,0.0024745607999999697,0.014143539600000032,-1,-1,-1,-1
173,1160,0.4104995145,0.4187082397,0.002474560800000025,0.014143539600000032,-1,-1,-1,-1
174,1160,0.4136149043,0.4189357147,0.003260718699999998,0.014227243100000009,-1,-1,-1,-1
175,1160,0.4166875329,0.4190494522,0.0025993175000000313,0.01430324220000001,-1,-1,-1,-1
176,1160,0.4187572591,0.4195481474,0.002428713799999982,0.01418375909999997,-1,-1,-1,-1
177,1160,0.4205923135,0.4196618849,0.0028341362000000037,0.01418375909999997,-1,-1,-1,-1
178,1160,0.4219367171,0.420041097,0.002578010399999997,0.014297496600000015,-1,-1,-1,-1
179,1160,0.4239638291,0.4199273595,0.0023859526999999714,0.014221628000000042,-1,-1,-1,-1
180,1160,0.4256282798,0.420078966,0.0023859526999999714,0.014221627999999986,-1,-1,-1,-1
181,1160,0.4275701635,0.4205720461,0.002385952700000027,0.014221628099999994,-1,-1,-1,-1
182,1160,0.4300026979,0.4211029953,0.0023859526999999714,0.014221627999999986,-1,-1,-1,-1
183,1160,0.4305361098,0.4212926013,0.0029834327999999632,0.014070021599999982,-1,-1,-1,-1
184,1160,0.4319444346,0.4213306008,0.0021085198000000416,0.014221628099999994,-1,-1,-1,-1
185,1160,0.433203316,0.4210271267,0.0029834328000000188,0.01479057680000001,-1,-1,-1,-1
186,1160,0.4354011786,0.4209133892,0.002279270400000033,0.014752577200000005,-1,-1,-1,-1
187,1160,0.4373003012,0.4207237832,0.0022792702999999692,0.014752577200000005,-1,-1,-1,-1
188,1160,0.4400102685,0.4210649957,0.0020232914999999685,0.014752707799999987,-1,-1,-1,-1
189,1160,0.442464257,0.4213683392,0.002791375099999993,0.01490444489999998,-1,-1,-1,-1
190,1160,0.4451314632,0.4215579453,0.0027913752000000014,0.014904444799999972,-1,-1,-1,-1
191,1160,0.4471823804,0.4212402376,0.003487308599999961,0.015122256800000011,-1,-1,-1,-1
192,1160,0.4501077698,0.4224387254,0.0030062093000000067,0.014273338800000035,-1,-1,-1,-1
193,1160,0.4522711002,0.4221890513,0.0030062093000000067,0.01427333879999998,-1,-1,-1,-1
194,1160,0.4552210294,0.4231377344,0.0030062093000000067,0.01427333879999998,-1,-1,-1,-1
195,1160,0.4587048113,0.4224385948,0.003184601099999962,0.015310034599999967,-1,-1,-1,-1
196,1160,0.4611452808,0.4227014577,0.0028009265999999755,0.015192510200000009,-1,-1,-1,-1
197,1160,0.4638323247,0.4230519416,0.0030226671999999954,0.014491542400000001,-1,-1,-1,-1
198,1160,0.4665439085,0.4231395626,0.0026035789000000142,0.015323876299999983,-1,-1,-1,-1
199,1160,0.4693047189,0.4237091642,0.0036391033000000017,0.014973392500000016,-1,-1,-1,-1
200,1160,0.4714247005,0.4237529094,0.002579039000000005,0.014973392500000016,-1,-1,-1,-1
201,1160,0.4737173429,0.4238405304,0.0031706411999999906,0.014973392399999952,-1,-1,-1,-1
202,1160,0.4757140372,0.4240596481,0.0027023261999999937,0.014973392400000007,-1,-1,-1,-1
203,1160,0.4783023337,0.4243662562,0.002850300299999997,0.01497339249999996,-1,-1,-1,-1
204,1160,0.4802744882,0.4244977529,0.002652952499999972,0.01589347799999996,-1,-1,-1,-1
205,1160,0.4819506945,0.4247941756,0.0029487537000000286,0.015684676300000033,-1,-1,-1,-1
206,1160,0.4837008144,0.4250571691,0.002924213799999964,0.015991284399999972,-1,-1,-1,-1
207,1160,0.4849580794,0.425232411,0.0030967276999999682,0.015991284400000028,-1,-1,-1,-1
208,1160,0.4861165971,0.4256266401,0.002776386700000022,0.016298023100000003,-1,-1,-1,-1
209,1160,0.4872505749,0.4254512676,0.0031461012999999816,0.016692382700000008,-1,-1,-1,-1
210,1160,0.488803494,0.425889503,0.003096874699999974,0.01669225219999998,-1,-1,-1,-1
211,1160,0.4898634113,0.4263276079,0.0030968746000000213,0.01669225219999998,-1,-1,-1,-1
212,1160,0.4906029876,0.4264152289,0.0030968746000000213,0.016692252100000027,-1,-1,-1,-1
213,1160,0.4907755015,0.4268533337,0.0030968746000000213,0.01669225219999998,-1,-1,-1,-1
214,1160,0.4909973891,0.4275544321,0.003096874599999966,0.016692252100000027,-1,-1,-1,-1
215,1160,0.4908247282,0.4280364127,0.003096874699999974,0.016692252200000035,-1,-1,-1,-1
216,1160,0.4904550135,0.4285182628,0.0028998209000000164,0.01529031660000002,-1,-1,-1,-1
217,1160,0.4901838992,0.428562008,0.003244848700000025,0.01529031660000002,-1,-1,-1,-1
218,1160,0.4908987887,0.4289124919,0.0028751340000000014,0.015290316599999965,-1,-1,-1,-1
219,1160,0.4929942303,0.4289563676,0.0028751340000000014,0.01529031660000002,-1,-1,-1,-1
220,1160,0.4948676374,0.4293944725,0.0028751341000000097,0.015290316599999965,-1,-1,-1,-1
221,1160,0.495878328,0.4294820935,0.0028751340000000014,0.01529031660000002,-1,-1,-1,-1
222,1160,0.4982941107,0.4283428902,0.0028751340000000014,0.015290316700000028,-1,-1,-1,-1
