1,717,0.5288909383,0.4568326338,0.0037288868999999503,0.022694615099999982,-1,-1,-1,-1
2,717,0.5263963929,0.4574203864,0.003063077200000097,0.023165496300000032,-1,-1,-1,-1
3,717,0.5239349102,0.457545354,0.0038482065999999593,0.023611827799999985,-1,-1,-1,-1
4,717,0.5213328008,0.4577327401,0.004762354000000024,0.023549539900000027,-1,-1,-1,-1
5,717,0.5187406837,0.4583755986,0.0043174031999999585,0.023401328599999993,-1,-1,-1,-1
6,717,0.5163102065,0.4587239932,0.003984718799999953,0.023298298800000006,-1,-1,-1,-1
7,717,0.5141455535,0.4593211477,0.003023548900000006,0.02247915380000004,-1,-1,-1,-1
8,717,0.5109430251,0.4594350158,0.0030760083999999965,0.023482550999999963,-1,-1,-1,-1
9,717,0.5079673805,0.4600291669,0.0036777498000000186,0.023325851899999972,-1,-1,-1,-1
10,717,0.5048143727,0.4605272092,0.00428287110000003,0.022829376600000006,-1,-1,-1,-1
11,717,0.5025021865,0.4612744033,0.004363985000000015,0.02227191909999998,-1,-1,-1,-1
12,717,0.5000371772,0.4614479477,0.003750047000000034,0.021015713799999947,-1,-1,-1,-1
13,717,0.498371257,0.4607152483,0.003997356200000024,0.023299996400000023,-1,-1,-1,-1
14,717,0.4966108509,0.4597374453,0.004050550400000019,0.024430842300000033,-1,-1,-1,-1
15,717,0.4938249128,0.4601435574,0.004504905599999998,0.023816450900000008,-1,-1,-1,-1
16,717,0.4925554513,0.4598212793,0.0034142768000000046,0.0227587313,-1,-1,-1,-1
17,717,0.4892434486,0.4597706133,0.003445429199999961,0.022734181699999967,-1,-1,-1,-1
18,717,0.4855492408,0.4599064192,0.003921238499999979,0.022734181799999975,-1,-1,-1,-1
19,717,0.482347741,0.460022899,0.004330481499999983,0.022309265700000025,-1,-1,-1,-1
20,717,0.4780961693,0.4597571632,0.004551634299999996,0.022068471300000003,-1,-1,-1,-1
21,717,0.4748103229,0.4593921847,0.004299622799999958,0.022102031000000022,-1,-1,-1,-1
22,717,0.4732578445,0.4606829944,0.0036558549999999856,0.022102031000000022,-1,-1,-1,-1
23,717,0.4686378806,0.4598113551,0.0038946414000000096,0.022102031000000022,-1,-1,-1,-1
24,717,0.4645109186,0.4593754701,0.004850668200000019,0.022102030999999966,-1,-1,-1,-1
25,717,0.4620513463,0.4576649677,0.004600420100000002,0.022764476899999997,-1,-1,-1,-1
26,717,0.4605453027,0.456202703,0.003971640700000001,0.02246100270000001,-1,-1,-1,-1
27,717,0.45783607,0.4552332572,0.004872710000000002,0.02432833499999998,-1,-1,-1,-1
28,717,0.4564929889,0.4535181844,0.00416164120000001,0.02339453829999999,-1,-1,-1,-1
29,717,0.4554706897,0.4534081032,0.004350025099999988,0.023521595299999976,-1,-1,-1,-1
30,717,0.4549443312,0.4518507743,0.00422526849999999,0.0238817422,-1,-1,-1,-1
31,717,0.4522616957,0.452029542,0.004694612099999995,0.023941418499999978,-1,-1,-1,-1
32,717,0.4494782556,0.4522678554,0.004694759100000001,0.023941418500000033,-1,-1,-1,-1
33,717,0.4458566389,0.4520450813,0.005037288799999984,0.023499135000000004,-1,-1,-1,-1
34,717,0.4437368043,0.4514831841,0.003995445900000005,0.02373431440000001,-1,-1,-1,-1
35,717,0.4406077486,0.4502523118,0.004211014799999968,0.02348281219999998,-1,-1,-1,-1
36,717,0.4400796268,0.4491162426,0.0038311608999999636,0.022588320900000014,-1,-1,-1,-1
37,717,0.4390889208,0.4484396938,0.0038142621999999737,0.02341295040000002,-1,-1,-1,-1
38,717,0.4377724368,0.4469399518,0.0037468142000000038,0.02347288789999996,-1,-1,-1,-1
39,717,0.4356991839,0.4464403425,0.003916095399999986,0.0233475286,-1,-1,-1,-1
40,717,0.4343095211,0.4449415146,0.004462438399999991,0.02490877500000005,-1,-1,-1,-1
41,717,0.4321685264,0.444708294,0.003855113000000021,0.025212249099999973,-1,-1,-1,-1
42,717,0.4278615563,0.4449358996,0.006144081700000026,0.025519901799999967,-1,-1,-1,-1
43,717,0.4239647108,0.4454612337,0.0065690479000000135,0.025130243100000005,-1,-1,-1,-1
44,717,0.4193720787,0.4456718635,0.006811654800000011,0.025158971400000008,-1,-1,-1,-1
45,717,0.4157035864,0.445479907,0.00564637760000003,0.02558153679999997,-1,-1,-1,-1
46,717,0.4133210134,0.445595995,0.004145036300000016,0.02581345169999999,-1,-1,-1,-1
47,717,0.4093064647,0.4457699311,0.0045366458000000165,0.02581345169999999,-1,-1,-1,-1
48,717,0.4045737936,0.4460019765,0.006103377899999984,0.02581358229999997,-1,-1,-1,-1
49,717,0.4002328791,0.4463499793,0.006560378099999986,0.025465579500000002,-1,-1,-1,-1
50,717,0.3953009501,0.4462861244,0.006852358599999997,0.02584035170000004,-1,-1,-1,-1
51,717,0.3918896123,0.4467679744,0.005625952199999951,0.025840351799999994,-1,-1,-1,-1
52,717,0.3886519639,0.4470952146,0.004933692300000014,0.025840351699999986,-1,-1,-1,-1
53,717,0.3854118175,0.4470952146,0.004639213700000033,0.02643593929999999,-1,-1,-1,-1
54,717,0.3820245787,0.4475521234,0.004639213699999978,0.0265025364,-1,-1,-1,-1
55,717,0.3780848251,0.4480113826,0.006001544699999972,0.02643593929999999,-1,-1,-1,-1
56,717,0.3738874763,0.4484694666,0.006664268499999959,0.026501361200000018,-1,-1,-1,-1
57,717,0.3693955018,0.4487967068,0.006664268499999959,0.026239542900000024,-1,-1,-1,-1
58,717,0.3671495881,0.4486657324,0.00515469820000003,0.02689402329999996,-1,-1,-1,-1
59,717,0.3633941041,0.4488619981,0.0043814715000000115,0.026894023300000014,-1,-1,-1,-1
60,717,0.3605958225,0.4493200822,0.004602330500000029,0.02578158949999998,-1,-1,-1,-1
61,717,0.3560671117,0.4501052757,0.004602330500000029,0.025781589600000043,-1,-1,-1,-1
62,717,0.3510596528,0.4500398538,0.005780538800000012,0.0265014918,-1,-1,-1,-1
63,717,0.3479300093,0.4499744319,0.004223358199999971,0.02637143139999998,-1,-1,-1,-1
64,717,0.3442634273,0.4500425961,0.004216157900000017,0.02514682709999999,-1,-1,-1,-1
65,717,0.340748199,0.4504513198,0.004235260800000029,0.0251468272,-1,-1,-1,-1
66,717,0.3370658939,0.4512103969,0.004730760700000003,0.02721839060000003,-1,-1,-1,-1
67,717,0.333406806,0.4514400918,0.005556594000000026,0.02729739320000002,-1,-1,-1,-1
68,717,0.3277048831,0.4519857968,0.008125640599999984,0.026878222800000018,-1,-1,-1,-1
69,717,0.3272237838,0.4522716422,0.0051724785999999745,0.026897679600000002,-1,-1,-1,-1
70,717,0.3226727373,0.4525205328,0.005312517600000011,0.026897679600000002,-1,-1,-1,-1
71,717,0.3199701172,0.4528144744,0.004497411399999984,0.0274312404,-1,-1,-1,-1
72,717,0.3155981972,0.4534263848,0.00449741140000004,0.0274312404,-1,-1,-1,-1
73,717,0.3121577053,0.4535079141,0.004437898600000045,0.0274312404,-1,-1,-1,-1
74,717,0.3087172135,0.4535894434,0.004378385700000043,0.0274312404,-1,-1,-1,-1
75,717,0.3052767217,0.4536709727,0.00431887280000004,0.0274312404,-1,-1,-1,-1
76,717,0.3018362299,0.453752502,0.004259359900000037,0.0274312404,-1,-1,-1,-1
77,717,0.2985595823,0.4537369104,0.0041998468999999705,0.0274312404,-1,-1,-1,-1
78,717,0.2970739641,0.454176974,0.004199846900000026,0.0274312404,-1,-1,-1,-1
79,717,0.2955883459,0.4540303297,0.0044336370999999986,0.027431240299999993,-1,-1,-1,-1
80,717,0.293318627,0.4543970058,0.0044336370999999986,0.0274312404,-1,-1,-1,-1
81,717,0.2918330089,0.4539569422,0.0044336370999999986,0.0274312404,-1,-1,-1,-1
82,717,0.2903935316,0.4535751185,0.004240697700000018,0.0274312404,-1,-1,-1,-1
83,717,0.2886475261,0.4540332025,0.004050550400000019,0.0274312404,-1,-1,-1,-1
84,717,0.2869166561,0.4539022281,0.004050550400000019,0.027431240299999993,-1,-1,-1,-1
85,717,0.2853333192,0.4544258646,0.004418942600000031,0.0274312404,-1,-1,-1,-1
86,717,0.2828293693,0.4545567084,0.0045292985999999535,0.0274312404,-1,-1,-1,-1
87,717,0.2806936647,0.4558655385,0.004529298500000001,0.0274312404,-1,-1,-1,-1
88,717,0.2786684629,0.4558001166,0.0045292985999999535,0.027431240399999945,-1,-1,-1,-1
89,717,0.2757595315,0.4560619348,0.004492268299999991,0.0274312404,-1,-1,-1,-1
90,717,0.2739183054,0.4564545969,0.004492268299999991,0.0274312404,-1,-1,-1,-1
91,717,0.2713499934,0.4576127346,0.005378937000000028,0.0274312404,-1,-1,-1,-1
92,717,0.2674522663,0.4587028388,0.005213329399999966,0.0274312404,-1,-1,-1,-1
93,717,0.2642322513,0.4587028388,0.005213329499999975,0.0274312404,-1,-1,-1,-1
94,717,0.2628139342,0.4593840886,0.00521332950000003,0.027431240299999993,-1,-1,-1,-1
95,717,0.2606290028,0.4613599349,0.005213329499999975,0.0274312404,-1,-1,-1,-1
96,717,0.2593279481,0.4646465702,0.0044755164999999986,0.02521459949999999,-1,-1,-1,-1
97,717,0.2576878903,0.4651890106,0.0038020657000000235,0.026907995600000012,-1,-1,-1,-1
98,717,0.255650786,0.4671681215,0.0036330784999999977,0.02528746470000004,-1,-1,-1,-1
99,717,0.2543570785,0.471727546,0.004264209100000027,0.027238761599999994,-1,-1,-1,-1
