177,274,0.7640422509,0.3948300231,0.0015485107999999581,0.0060766646000000035,-1,-1,-1,-1
178,274,0.7632221486,0.3943967498,0.0020409247999999547,0.006233233200000021,-1,-1,-1,-1
179,274,0.7635990635,0.3944756218,0.002040924900000074,0.006233233199999966,-1,-1,-1,-1
180,274,0.7640202091,0.3947119764,0.002040924899999963,0.006233233200000021,-1,-1,-1,-1
181,274,0.7648625002,0.3945150577,0.002018589199999976,0.006823989199999991,-1,-1,-1,-1
182,274,0.7658155882,0.3943180085,0.0018634148000000739,0.007296829000000005,-1,-1,-1,-1
183,274,0.7669147399,0.3944854155,0.001966423599999989,0.007450785999999987,-1,-1,-1,-1
184,274,0.7679915559,0.3945811326,0.001966423599999989,0.007450785999999987,-1,-1,-1,-1
185,274,0.769229865,0.3947246429,0.001966423499999981,0.0074507860000000425,-1,-1,-1,-1
186,274,0.769848946,0.3949638704,0.001966423599999989,0.0074507860000000425,-1,-1,-1,-1
187,274,0.769848946,0.3949638704,0.001966423599999989,0.0074507860000000425,-1,-1,-1,-1
