2,696,0.605471542,0.4546423706,0.00473693240000006,0.022955649999999994,-1,-1,-1,-1
3,696,0.603608421,0.4544532869,0.004820985199999961,0.02340446260000001,-1,-1,-1,-1
4,696,0.6004536499,0.4548942646,0.005281659100000002,0.023467534000000012,-1,-1,-1,-1
5,696,0.5987167551,0.4553981831,0.004856252099999958,0.023656617699999993,-1,-1,-1,-1
6,696,0.5960936324,0.4560281139,0.005068882200000013,0.02365674830000003,-1,-1,-1,-1
7,696,0.5927614982,0.4565320325,0.005565263699999989,0.023656748299999975,-1,-1,-1,-1
8,696,0.5899611594,0.4568471284,0.005565263699999989,0.023845701499999983,-1,-1,-1,-1
9,696,0.5880114876,0.4569731407,0.004891812899999959,0.023971713700000008,-1,-1,-1,-1
10,696,0.585388365,0.4575714705,0.004679182900000023,0.024129326999999978,-1,-1,-1,-1
11,696,0.5825526123,0.4581384605,0.005317073000000061,0.02400344529999998,-1,-1,-1,-1
12,696,0.5792558919,0.4590205464,0.005742626899999936,0.0238143616,-1,-1,-1,-1
13,696,0.5772215796,0.4591669296,0.004464936500000016,0.023741235299999996,-1,-1,-1,-1
14,696,0.5747418757,0.4594855513,0.004464936500000016,0.023741235299999996,-1,-1,-1,-1
15,696,0.5720056051,0.4598951891,0.004247457199999971,0.023741235299999996,-1,-1,-1,-1
16,696,0.5689764723,0.4605973321,0.003983984100000004,0.023307570300000024,-1,-1,-1,-1
17,696,0.5656537425,0.4612031052,0.004368393399999948,0.022877953199999967,-1,-1,-1,-1
18,696,0.5619934792,0.4618415238,0.00481275619999999,0.024737581100000017,-1,-1,-1,-1
19,696,0.5584019862,0.4622245228,0.005638736500000019,0.024673726100000015,-1,-1,-1,-1
20,696,0.5564498164,0.4625528076,0.004579994700000034,0.024739409300000015,-1,-1,-1,-1
21,696,0.553909571,0.4630409257,0.0049444193000000025,0.024749072300000008,-1,-1,-1,-1
22,696,0.5523657624,0.4637403264,0.004791596200000026,0.02474907239999996,-1,-1,-1,-1
23,696,0.5497320597,0.4645473273,0.004852284599999979,0.024749072400000016,-1,-1,-1,-1
24,696,0.5467301118,0.4646066119,0.005404358499999984,0.025762263299999977,-1,-1,-1,-1
25,696,0.5447284214,0.4649623191,0.005137505600000036,0.025643694199999956,-1,-1,-1,-1
26,696,0.5422008133,0.4654103482,0.005483121199999941,0.02602081700000003,-1,-1,-1,-1
27,696,0.5404036708,0.4662127787,0.0050702047000000805,0.0262558658,-1,-1,-1,-1
28,696,0.5388060802,0.4671386098,0.004792477900000036,0.024712770400000028,-1,-1,-1,-1
29,696,0.5349512611,0.4670152092,0.0055912730999999605,0.024959571600000008,-1,-1,-1,-1
30,696,0.5327633908,0.4677558741,0.0049314882,0.02637926639999999,-1,-1,-1,-1
31,696,0.5296601975,0.4686305169,0.005478272099999959,0.026276497799999965,-1,-1,-1,-1
32,696,0.5264816212,0.4693963842,0.005680615900000019,0.025029955699999995,-1,-1,-1,-1
33,696,0.5244621504,0.4701199428,0.00469990220000005,0.024095114299999998,-1,-1,-1,-1
34,696,0.5203487074,0.4697395555,0.0057095640999998976,0.02565897239999998,-1,-1,-1,-1
35,696,0.5186359116,0.4695946087,0.005097830400000003,0.028123328599999997,-1,-1,-1,-1
36,696,0.5154955411,0.4697396861,0.004975571800000078,0.0266011263,-1,-1,-1,-1
37,696,0.5125999817,0.4702469997,0.005464899999999995,0.02580378859999999,-1,-1,-1,-1
38,696,0.5098647397,0.4699363436,0.005438449799999967,0.027024344700000036,-1,-1,-1,-1
39,696,0.5079770789,0.4697498715,0.0053483722999999594,0.028577625699999998,-1,-1,-1,-1
40,696,0.5059392398,0.4705259243,0.005823005999999964,0.028577625699999998,-1,-1,-1,-1
41,696,0.5045356172,0.4714406559,0.005902062700000044,0.028577625699999942,-1,-1,-1,-1
42,696,0.5036868605,0.4722127913,0.005915140799999996,0.027918183099999994,-1,-1,-1,-1
43,696,0.5033560864,0.4725775086,0.005459756900000001,0.028223093800000043,-1,-1,-1,-1
44,696,0.5012621142,0.4728728867,0.0058603300999999774,0.02909943399999998,-1,-1,-1,-1
45,696,0.5003335661,0.4739145446,0.005164690500000013,0.029731845900000053,-1,-1,-1,-1
46,696,0.4981537778,0.47483685,0.005461520300000078,0.02954171750000001,-1,-1,-1,-1
47,696,0.4957663556,0.47539039,0.005461520299999967,0.029541717499999953,-1,-1,-1,-1
48,696,0.4937942012,0.4765895306,0.005461520300000022,0.02954171750000001,-1,-1,-1,-1
49,696,0.4916370425,0.4777453178,0.005461520299999967,0.028734455500000033,-1,-1,-1,-1
50,696,0.490755223,0.4797617754,0.005402742099999969,0.02883304539999998,-1,-1,-1,-1
51,696,0.4875136071,0.4804338844,0.005402742199999977,0.02883304539999998,-1,-1,-1,-1
52,696,0.4844108547,0.4805161515,0.005398921499999987,0.029325080900000022,-1,-1,-1,-1
53,696,0.4840404053,0.4803760363,0.005445209300000031,0.03020599159999998,-1,-1,-1,-1
54,696,0.4829685854,0.4806582255,0.0054452094000000395,0.030205991499999973,-1,-1,-1,-1
55,696,0.4814397653,0.4817599514,0.0059902299000000325,0.03040447730000001,-1,-1,-1,-1
56,696,0.4806656569,0.4828930173,0.005990229899999977,0.030404477199999946,-1,-1,-1,-1
57,696,0.4800600948,0.4834594849,0.005828883800000018,0.030404477199999946,-1,-1,-1,-1
58,696,0.4796061804,0.4839182218,0.0062370981999999575,0.03277847020000002,-1,-1,-1,-1
59,696,0.4780417995,0.4846765154,0.006538630200000006,0.03305099619999996,-1,-1,-1,-1
60,696,0.4773307306,0.4858804876,0.007154919300000007,0.03336348049999993,-1,-1,-1,-1
61,696,0.4766165759,0.4872284925,0.006731422599999981,0.03294222079999998,-1,-1,-1,-1
62,696,0.4747203923,0.4880710119,0.00720546839999997,0.03294222079999998,-1,-1,-1,-1
63,696,0.4741041032,0.4888291749,0.006446936199999975,0.03294222079999998,-1,-1,-1,-1
64,696,0.4712815756,0.4898504619,0.007157123499999973,0.0347263719,-1,-1,-1,-1
65,696,0.4706106229,0.4912867407,0.007177695799999995,0.03464932809999999,-1,-1,-1,-1
66,696,0.469450048,0.4922305923,0.007281439200000017,0.035565626699999964,-1,-1,-1,-1
67,696,0.4675118379,0.4931616467,0.007595755499999968,0.03593791789999995,-1,-1,-1,-1
68,696,0.4667280311,0.494041121,0.007323612600000029,0.03556288439999994,-1,-1,-1,-1
69,696,0.4647981969,0.4950964901,0.007570921799999963,0.03591467419999994,-1,-1,-1,-1
70,696,0.4631653395,0.4964157669,0.007818230799999992,0.03674687750000005,-1,-1,-1,-1
71,696,0.4612482896,0.4976975664,0.007674812099999984,0.036909322299999936,-1,-1,-1,-1
72,696,0.4596730347,0.4983893933,0.007104223100000029,0.03887211050000006,-1,-1,-1,-1
73,696,0.4579871299,0.4992022705,0.00711201119999999,0.038836200200000004,-1,-1,-1,-1
74,696,0.4548770302,0.5004919049,0.008016166300000016,0.03758717700000003,-1,-1,-1,-1
75,696,0.4514211679,0.5018976274,0.008647590800000049,0.03767858479999997,-1,-1,-1,-1
76,696,0.4497337937,0.503209722,0.007645716899999988,0.03720992369999998,-1,-1,-1,-1
77,696,0.4456393066,0.504183477,0.008701960600000003,0.03678566059999999,-1,-1,-1,-1
78,696,0.4440952042,0.5048032224,0.007770179699999991,0.037670880399999995,-1,-1,-1,-1
79,696,0.4408772465,0.507311846,0.0076220586999999895,0.036678974600000025,-1,-1,-1,-1
80,696,0.438493498,0.5090628291,0.006999891799999991,0.0380746421,-1,-1,-1,-1
81,696,0.4356624476,0.5095236553,0.008223506300000016,0.03908940000000005,-1,-1,-1,-1
82,696,0.4334910352,0.5105391967,0.007942693599999995,0.03908940009999995,-1,-1,-1,-1
83,696,0.4304624901,0.5121641675,0.008457002600000041,0.040815833499999954,-1,-1,-1,-1
84,696,0.4275482686,0.5137890077,0.007828370099999982,0.04010507200000002,-1,-1,-1,-1
85,696,0.4238137978,0.5157041331,0.009256973499999988,0.04010507200000002,-1,-1,-1,-1
86,696,0.4206832727,0.5167595022,0.008602625500000016,0.04179128610000005,-1,-1,-1,-1
87,696,0.4172133036,0.5177463155,0.008203080900000048,0.04179128599999993,-1,-1,-1,-1
88,696,0.4140184164,0.5193211425,0.0081209384,0.04179128599999993,-1,-1,-1,-1
89,696,0.4093042605,0.5213893108,0.00834194429999996,0.041995386800000034,-1,-1,-1,-1
90,696,0.4050219772,0.5228971489,0.009087692300000005,0.04313902979999995,-1,-1,-1,-1
91,696,0.4019161388,0.5235730448,0.00872076970000002,0.043447074300000055,-1,-1,-1,-1
92,696,0.3971899334,0.5253821371,0.009734693000000016,0.043447074299999944,-1,-1,-1,-1
93,696,0.3940479465,0.5272068994,0.009219649299999966,0.04351785009999998,-1,-1,-1,-1
94,696,0.3900436839,0.5293250809,0.008545904599999987,0.04444903509999998,-1,-1,-1,-1
95,696,0.3847386605,0.5304569714,0.010131739500000014,0.04444903519999999,-1,-1,-1,-1
96,696,0.3822808515,0.531914927,0.007437642199999983,0.04374271340000002,-1,-1,-1,-1
97,696,0.3759702806,0.533475651,0.008685502700000014,0.04407687459999998,-1,-1,-1,-1
98,696,0.3722090657,0.5361063695,0.009600237899999975,0.045963533,-1,-1,-1,-1
99,696,0.3678173081,0.5370169225,0.009600237899999975,0.04596353289999999,-1,-1,-1,-1
100,696,0.3651553918,0.5391673579,0.009600237999999983,0.04596353289999999,-1,-1,-1,-1
101,696,0.3615600783,0.5426082112,0.009600238000000039,0.045963533,-1,-1,-1,-1
102,696,0.3585178674,0.5448201511,0.009600237899999975,0.045963533,-1,-1,-1,-1
103,696,0.3522527026,0.543156789,0.010515267100000003,0.04782433610000003,-1,-1,-1,-1
104,696,0.3494695564,0.5448484875,0.009314576100000027,0.04949866709999995,-1,-1,-1,-1
105,696,0.3435986462,0.5462181692,0.009919109499999967,0.05043755640000003,-1,-1,-1,-1
106,696,0.3382989128,0.5490215179,0.011882300299999982,0.05093533760000002,-1,-1,-1,-1
107,696,0.3352324559,0.5504473501,0.009970981200000006,0.05093533760000002,-1,-1,-1,-1
108,696,0.3292520713,0.5521309525,0.01180956230000002,0.05093533750000001,-1,-1,-1,-1
109,696,0.3250163697,0.5546322635,0.011584001100000019,0.05093533760000002,-1,-1,-1,-1
110,696,0.3216491155,0.556735428,0.010255614499999954,0.05346864140000007,-1,-1,-1,-1
111,696,0.3170207757,0.5578370234,0.01167202140000001,0.05430476220000002,-1,-1,-1,-1
112,696,0.3172201807,0.5586559074,0.007491571199999991,0.05403315019999999,-1,-1,-1,-1
113,696,0.3152807951,0.5599196864,0.009179680099999976,0.05285150770000002,-1,-1,-1,-1
114,696,0.3099428559,0.561222118,0.010991664000000012,0.051737245700000045,-1,-1,-1,-1
115,696,0.3057904723,0.5627415779,0.010564199900000015,0.05227994729999996,-1,-1,-1,-1
116,696,0.3008779401,0.5633396466,0.010564199800000007,0.05227994729999996,-1,-1,-1,-1
117,696,0.2965690596,0.5649213945,0.010741122200000008,0.05158890380000003,-1,-1,-1,-1
118,696,0.293001078,0.5663087047,0.010406086599999975,0.0517691079,-1,-1,-1,-1
119,696,0.2902217524,0.5667203013,0.01040608660000003,0.0517691079,-1,-1,-1,-1
120,696,0.2870397963,0.5681315082,0.011911395500000033,0.0517691079,-1,-1,-1,-1
121,696,0.284001406,0.5695821511,0.011170937499999978,0.05155886980000002,-1,-1,-1,-1
122,696,0.2790010004,0.5715873786,0.010859413200000001,0.05388768119999998,-1,-1,-1,-1
123,696,0.2726022623,0.5732447339,0.012455975100000016,0.05924601039999999,-1,-1,-1,-1
124,696,0.2684077053,0.5763257014,0.011740497999999988,0.058692601100000075,-1,-1,-1,-1
125,696,0.2629940893,0.5795329424,0.012660670099999993,0.05541771820000008,-1,-1,-1,-1
126,696,0.2560393097,0.5823200989,0.012660670099999993,0.060536036599999954,-1,-1,-1,-1
127,696,0.2488560299,0.5846886073,0.011867458800000008,0.059284271199999905,-1,-1,-1,-1
128,696,0.2397711296,0.5865272113,0.013004522400000024,0.06077147720000009,-1,-1,-1,-1
129,696,0.2331668148,0.5902562607,0.013680030499999996,0.06250052229999992,-1,-1,-1,-1
130,696,0.2233578409,0.5939473104,0.016713204300000006,0.06498211539999998,-1,-1,-1,-1
131,696,0.2159673681,0.5962997572,0.015177624700000003,0.0655128034000001,-1,-1,-1,-1
132,696,0.2096223385,0.5991144667,0.013253300999999995,0.06552729800000001,-1,-1,-1,-1
133,696,0.2003829985,0.6036087304,0.01591631930000001,0.06592492230000002,-1,-1,-1,-1
134,696,0.1914260876,0.6088772189,0.015597594700000023,0.06702495070000003,-1,-1,-1,-1
135,696,0.1814545921,0.6128104995,0.017071971500000005,0.06931080030000003,-1,-1,-1,-1
136,696,0.1713720058,0.6165258376,0.016026822299999993,0.07165867679999993,-1,-1,-1,-1
137,696,0.1627328644,0.6210381218,0.01545086969999998,0.06990064220000003,-1,-1,-1,-1
138,696,0.1515431179,0.6262188586,0.011847915000000014,0.06990064229999993,-1,-1,-1,-1
139,696,0.141096107,0.631901947,0.011280485300000004,0.06730152479999996,-1,-1,-1,-1
140,696,0.1247734836,0.6440221082,0.012729146700000013,0.0659178708,-1,-1,-1,-1
141,696,0.1103794454,0.6413055969,0.020481692900000015,0.07766521839999996,-1,-1,-1,-1
142,696,0.0961023757,0.6456964392,0.020999455099999995,0.07622593620000007,-1,-1,-1,-1
143,696,0.0863405713,0.6516350778,0.014726869599999998,0.07538537560000003,-1,-1,-1,-1
144,696,0.0740660737,0.6630276323,0.016405059799999996,0.07538537560000003,-1,-1,-1,-1
145,696,0.0594832106,0.669022291,0.017367258299999994,0.07202248010000001,-1,-1,-1,-1
146,696,0.0471317871,0.6754391234,0.017367258299999994,0.07202248010000001,-1,-1,-1,-1
