0,1259,0.11856099880000001,0.2405501892,0.0832517786,0.1744974918
0,1259,0.0789010922,0.22505857935,0.0582772296,0.1646284453
0,1259,0.79641050555,0.7658793097,0.5350935043,0.5326303894
0,1259,0.75473200975,0.7048227053,0.5055346991,0.4831485676
0,1259,0.74850078935,0.7022830682,0.5018966245,0.4842466372
0,1259,0.78606753205,0.7094211087,0.5268029909,0.4880700978
0,1259,0.7782328432500001,0.70913709145,0.5217918583,0.4876974149
0,1259,0.71890840715,0.7020702184500001,0.4825622813,0.4837760173
0,1259,0.7658451242,0.7137213267,0.5141385002,0.4943968282
0,1259,0.7430687317,0.71809995945,0.4990234008,0.4990739077
0,1259,0.7789287766999999,0.7148081009,0.5235167036,0.4944491918
0,1259,0.77457566575,0.71648713295,0.5196332301,0.4959589887
0,1259,0.8167774341,0.6964011024,0.546877645,0.4795767398
0,1259,0.7431347101,0.69966253515,0.4981940408,0.4812756203
0,1259,0.7386264982499999,0.70010246825,0.4946833679,0.4819361075
0,1259,0.95050165695,0.6652623589,0.6363578521,0.4545012108
0,1259,0.7127126006,0.69558078215,0.4775252864,0.4795986777
0,1259,0.7946264412499999,0.7075594569,0.5323115337,0.489388591
0,1259,0.7122306197,0.6970008032999999,0.4778703142,0.479908028
0,1259,0.77744154215,0.6885274245,0.5206121805,0.4749487594
0,1259,1.0545169698499999,0.6665196742,0.7063159197,0.4568489566
0,1259,0.8802562376,0.6979807609500001,0.590516907,0.4789397575
0,1259,0.8886074394000001,0.68099606895,0.595545673,0.4678495019
0,1259,0.89587888645,0.69563334165,0.6006264577,0.4768602285
0,1259,0.84147646055,0.7514541033,0.5662585699,0.5200482268
0,1259,0.9766878591499999,0.6786116033,0.6544879775,0.4655115498
0,1259,0.8725331538500001,0.68111744555,0.5844996391,0.4699431339
0,1259,0.8776937483,0.6834589604,0.5891432612,0.4708402368
0,1259,0.8765119949,0.68328315915,0.5868431246,0.4706373113
0,1259,0.65277782675,0.686711803,0.4382550055,0.472253533
0,1259,0.7842836880999999,0.7031271546,0.5262091844,0.4845720492
0,1259,1.0516473463,0.64980097895,0.7037506936,0.4428284259
0,1259,1.05395394845,0.65026637555,0.7044848329,0.4424902167
0,1259,1.0945313087500002,0.64307531855,0.7316018461,0.4380206331
0,1259,1.1083461617,0.64046914955,0.7409092218,0.4359031045
0,1259,1.10021442275,0.6422794824,0.7354036179,0.4375825282
0,1259,1.0765703175499999,0.6459696833999999,0.7197421755,0.4403546678
0,1259,0.98251599355,0.6720503725,0.6586387447,0.459725954
0,1259,0.83689176355,0.69712433455,0.5632793985,0.4811268867
0,1259,0.91691338805,0.67987580025,0.6154265061,0.4652814631
0,1259,0.8998179052,0.6756688182999999,0.6039239128,0.4624535648
0,1259,0.9467558714000001,0.71627395675,0.6351352662,0.4929525839
0,1259,0.9064447761500001,0.6885319296,0.6088943415,0.4730348092
0,1259,0.72867594245,0.9420717645500001,0.4968602173,0.6647458391
0,1259,1.0389678672,0.6527681436999999,0.695476785,0.4456245926
0,1259,0.83983045145,0.6609560688,0.5630893981,0.4513284436
0,1259,0.8536940902,0.6649823896,0.5722304316,0.4534476698
0,1259,0.5706751613,0.6421007148,0.3831510622,0.4352652082
0,1259,0.6864838725,0.6852828368,0.4618168214,0.4673467586
0,1259,0.98308408455,0.6752708024,0.6587948007,0.462158448
0,1259,0.9873418279999999,0.67489785825,0.660947845,0.4613856597
0,1259,0.9155269580500001,0.6725550745,0.6138021715,0.4597405792
0,1259,0.8869160242,0.6787127004,0.594689422,0.4652519514
0,1259,1.0341824372000001,0.6698479012,0.6928100196,0.4578074334
0,1259,1.0448278299,0.67917607295,0.6989113402,0.4643445325
0,1259,0.95683125725,0.6767787057,0.6402823233,0.4621460426
0,1259,0.96165180165,0.67643540385,0.6434960195,0.4628749551
0,1259,1.2437383619,0.61128790555,0.8303412308,0.4132523651
0,1259,1.0831247443,0.65731333465,0.7251884134,0.4479129233
0,1259,1.0856385395,0.6586364635999999,0.7260821354,0.4475565632
0,1259,1.2506781187,0.5995047435,0.8349512774,0.4045725118
0,1259,1.2495189742,0.5939149259000001,0.8340170704,0.4011849594
0,1259,0.88524540175,0.67009920625,0.5938782833,0.4585499265
0,1259,1.20627021965,0.62373896315,0.8059767991,0.4221620207
0,1259,0.9314741358499999,0.68706659615,0.6235583185,0.4692059947
0,1259,1.1665938552,0.6378938635,0.779583492,0.433799026
0,1259,1.2570629314000001,0.5961801435,0.8394080568,0.4016401706
0,1259,1.21893654725,0.61971832275,0.8141979543,0.4185148467
0,1259,1.26357878505,0.59112117495,0.8434364185,0.3980432709
0,1259,1.26411322555,0.5902187181,0.8438816631,0.3968758618
0,1259,1.26570537915,0.59116563835,0.8449740553,0.3981820803
0,1259,1.23385282945,0.6156450575,0.8238740161,0.416153912
0,1259,1.2668316335999998,0.59203148215,0.8456926616,0.3980489397
0,1259,1.2509186293,0.60330310175,0.8352499424,0.4074099659
0,1259,1.2681673761,0.5915889874,0.846686998,0.3982458046
0,1259,1.26837273235,0.59265245265,0.8470292339,0.3991512649
0,1259,1.26681856415,0.59102389095,0.8461100903,0.3978191911
0,1259,1.2576711384500001,0.5924241288000001,0.8395714601,0.3983603256
0,1259,1.25181029405,0.5940419829,0.8359717383,0.4012377148
0,1259,1.13710675935,0.63121906495,0.7598302075,0.4285533895
0,1259,1.0745167553,0.6599672316,0.7194100788,0.4506623414
0,1259,0.84245952535,0.68120186725,0.5645822165,0.4685596105
0,1259,0.8499013554999999,0.6851992639,0.5696975334,0.4695094688
0,1259,1.1147931714500001,0.63879246805,0.7452163389,0.4352026591
0,1259,1.1518082809,0.5956361361,0.7689168712,0.4014456024
0,1259,1.1537904276000002,0.5951381591,0.770368398,0.401005147
0,1259,1.1505959372,0.5957795811,0.768057799,0.4016729468
0,1259,1.1484902241000001,0.596063703,0.7666496798,0.402233042
0,1259,1.1573728833499999,0.5994223153,0.7728492775,0.402860988
0,1259,1.1589955171500002,0.59992727855,0.7740808197,0.4038938969
0,1259,1.22427541575,0.6080790353000001,0.8175798799,0.4109211052
0,1259,1.2191445941,0.6106499371,0.814238871,0.4129748454
0,1259,1.2016523130499999,0.6129438897,0.8027269543,0.4161631834
0,1259,1.2881974323,0.55614081985,0.8595898342,0.3739050643
0,1259,1.28856854295,0.5563280753500001,0.8596111413,0.3739865479
0,1259,1.28836267245,0.55693117145,0.8594900583,0.3739004939
0,1259,1.29846281865,0.5552963417,0.8663133217,0.3730727304
0,1259,0.83593500195,0.6657168518500001,0.5601474039,0.4533973955
0,1259,0.41755546605,0.63895001605,0.2809600767,0.4349353563
0,1259,0.2151440697,0.6856968492,0.1471149178,0.4748026374
0,1259,0.59443219405,0.64404691885,0.3981076075,0.4360719479
0,1259,0.8280415349999999,0.71169337775,0.556353861,0.4901249467
0,1259,1.02773051035,0.7583663664,0.6916300479,0.5234613966
0,1259,0.43729141095,0.80051551425,0.2989470773,0.5655707821
0,1259,0.5744711287500001,0.8566315233499999,0.3931041161,0.6000815619
0,1259,0.5084877141499999,0.87866845895,0.3438940065,0.6228775093
0,1259,0.62694915745,0.8390139623999999,0.4250283017,0.5832126314
0,1259,0.6249000771,0.7694352065000001,0.4212983862,0.5397197226
0,1259,0.7193374143,0.77692970505,0.4872276514,0.5355692177
0,1259,0.5594362614999999,0.7636612325000001,0.3808127198,0.5252929492
0,1259,0.2751823666,0.6995229423,0.1873194776,0.4874474796
0,1259,0.29429180985,0.69239822125,0.2017612731,0.4877423353
0,1259,0.7223760251,0.6934906106,0.4843788206,0.4785186284
0,1259,0.7163899832,0.69517049135,0.4801813248,0.4792701317
0,1259,0.3302317564,0.65999034475,0.2229232498,0.4504385227
0,1259,0.1536821289,0.7076316038,0.106930563,0.4908870272
0,1259,0.14820962435,0.70498404015,0.1020092875,0.4886585033
0,1259,0.8196001086,0.66299857765,0.5482462946,0.4543254465
0,1259,0.25960468305,0.70584457995,0.1766665227,0.4833479673
0,1259,0.29700963874999997,0.6903796090000001,0.2011781937,0.4791441194
0,1259,0.29473679725,0.70002823195,0.2003389149,0.4801255787
0,1259,0.37246548545,0.70267834195,0.2510001105,0.4819946085
0,1259,0.3243133461,0.6902492875499999,0.2188045902,0.4773125669
0,1259,0.3132150731,0.69717392,0.2126090776,0.4783947054
0,1259,0.31111161184999997,0.69084227645,0.2110549755,0.4772626059
0,1259,0.1506073328,0.6852716067,0.1033983626,0.4734956354
0,1259,0.33856025535,0.6974748837,0.2295360875,0.4793349006
0,1259,0.34324677605,0.699254653,0.2338548867,0.4815717818
0,1259,0.3466711279,0.6621110726,0.2346447918,0.4511887202
0,1259,0.34374448955000003,0.66171919395,0.2320863251,0.4508648751
0,1259,0.3713165927,0.6631023909,0.2503484076,0.4519961128
0,1259,0.70984121375,0.7059570116,0.4763151909,0.4879810404
0,1259,0.7349870276,0.7404098781499999,0.494475734,0.5173591379
0,1259,0.35016725325,0.7030548771,0.2368084161,0.4821187926
0,1259,0.30968481975,0.6599706267,0.2101532523,0.448837318
0,1259,0.76806701245,0.70978432445,0.5151596239,0.4907623207
0,1259,0.64963914615,0.65499803865,0.4351343257,0.4491076241
0,1259,0.85444703855,0.66879331425,0.5722883281,0.4578788621
0,1259,0.3146145078,0.6552069709,0.2128712282,0.4505693666
0,1259,0.6909342613,0.68591309405,0.4627719666,0.4734012241
0,1259,0.61099691,0.7193081755999999,0.4123901142,0.501329201
0,1259,0.332838311,0.6855936236,0.2266138574,0.4756129028
0,1259,0.3543774599,0.667332943,0.2391632164,0.4614407656
0,1259,0.27979777515,0.67143017015,0.1897838991,0.4629368513
0,1259,0.2722715616,0.67133719525,0.1849058256,0.4629987475
0,1259,0.33787835504999997,0.6606452821,0.2275395401,0.4545564472
0,1259,0.8210461984999999,0.65728467175,0.5492049666,0.4489660725
0,1259,0.1262073403,0.6826865922,0.0872616986,0.4709474452
0,1259,0.58712423115,0.74328648375,0.3962679979,0.5199342281
0,1259,0.58072409705,0.74066634245,0.3910580481,0.5189318755
0,1259,0.7885891888,0.8089371171499999,0.5333433844,0.5604118525
0,1259,0.3203470689,0.9013190025,0.2238705334,0.646116393
0,1259,0.009268178,0.8357695054,0.012309544,0.5904633648
0,1259,0.01297340665,0.8318611008000001,0.0149664641,0.5892049396
0,1259,0.30384311485,0.6662353302999999,0.2057734707,0.4583032558
0,1259,0.3120053083,0.6661095792,0.2111820172,0.458396753
0,1259,0.12312156005,0.70174036665,0.0848866199,0.4837937765
0,1259,0.06653614975,0.71538677795,0.0492287717,0.5013626301
0,1259,0.73676433245,0.6944462146,0.4935441001,0.4769184684
0,1259,0.7337689971,0.6953636231,0.4915800276,0.4783978394
0,1259,0.72671524975,0.69239606665,0.4874524779,0.4771448987
0,1259,0.730910321,0.6903111837,0.4889311896,0.4755196668
0,1259,0.42461193185,0.69715156105,0.2867755885,0.4837504231
0,1259,0.3385750233,0.67131362505,0.2279988914,0.4620923731
0,1259,0.44665425864999997,0.67961372075,0.3012483895,0.4701837977
0,1259,0.21919564874999997,0.6922246115499999,0.1488925165,0.4773556591
0,1259,0.4710834197,0.6692553810999999,0.31761228,0.4608465274
0,1259,0.17874381655,0.6909849903,0.1225239697,0.478311002
0,1259,0.19535555494999998,0.6904653366,0.1330840551,0.4771275312
0,1259,0.17890527285,0.6921603649,0.1219984195,0.4764175532
0,1259,0.18000618785,0.6895532166,0.1229560627,0.4767266424
0,1259,0.1700517747,0.68939703975,0.1164734922,0.4762017001
0,1259,0.15127170975,0.6881343053,0.1035846159,0.4749104986
0,1259,0.3081253248,0.62983384405,0.2078462828,0.4256346057
0,1259,0.23855978505000003,0.4589482036,0.1629158849,0.3192048978
0,1259,0.25129380875,0.46198894555,0.1712283989,0.3189678813
0,1259,0.306538204,0.45844095515,0.207082387,0.3178187627
0,1259,0.3252055252,0.45835176730000005,0.2188827652,0.3172050242
0,1259,0.34716816345,0.4638147586,0.2347932801,0.3186987594
0,1259,0.33560713,0.45915785405,0.2263586132,0.3192188701
0,1259,0.3286937241,0.45783713685000005,0.2218207184,0.3184479101
0,1259,0.19289862765,0.68941486425,0.1321953293,0.4759722663
0,1259,0.7945747163999999,0.6828472088499999,0.532714458,0.4696726971
0,1259,0.8425437251000001,0.66722057655,0.5642342498,0.4582102809
0,1259,0.8636021052999999,0.66895419215,0.5776393454,0.4579078515
0,1259,0.8642491794,0.66685017885,0.5780474128,0.4572939823
0,1259,0.8587581599,0.6680054437,0.574500077,0.4572344366
0,1259,0.19072089655,0.68719045385,0.1297190051,0.4754785333
0,1259,0.40717810725000003,0.7830810302,0.2771443451,0.5517849084
0,1259,0.40450612529999996,0.7849391563,0.2745885234,0.55529484
0,1259,0.80306044685,0.683650684,0.5384478273,0.4698260012
0,1259,0.07255036845,0.8648251289,0.0582507059,0.6041663184
0,1259,0.09963641295,0.86480175465,0.0771141625,0.6018664965
0,1259,0.17763537055,0.80520245275,0.1249326255,0.5732267135
0,1259,0.19713855395000002,0.7989159418499999,0.1372329855,0.5661386861
0,1259,0.19291016285,0.8023321151,0.1343498429,0.5724069154
0,1259,0.20668809575000002,0.7911750664499999,0.1451246891,0.5631215735
0,1259,0.2159508,0.79900271405,0.1500583814,0.5638134005
0,1259,0.2296053355,0.8227248843,0.1595210784,0.5786768424
0,1259,0.5448143109,0.66917944725,0.3666850936,0.4589882925
0,1259,0.5297298497,0.66983666975,0.356284444,0.4592047985
0,1259,0.5641190446,0.6754786247,0.3782057612,0.4633988528
0,1259,0.5594022437,0.67442965405,0.3750264502,0.4630272145
0,1259,0.8104169018,0.65834963875,0.5422785474,0.4498270041
0,1259,0.80858970905,0.66022454465,0.5405667803,0.4500104727
0,1259,0.8103850146,0.66148623445,0.5421389492,0.4529871047
0,1259,0.80632623535,0.66255511895,0.5395156797,0.4530446917
0,1259,0.79073246115,0.65650137165,0.5287088729,0.4484117491
0,1259,0.7815874601,0.6569098342499999,0.5228069572,0.4492845637
0,1259,0.8595445016,0.6856802652,0.5751433306,0.4712473936
0,1259,0.86453910275,0.6855579092499999,0.5789957985,0.4711262129
0,1259,0.9368633372499999,0.67595985775,0.6269396795,0.4644179199
0,1259,0.98608257915,0.6665969137500001,0.6596578111,0.4572896731
0,1259,0.8819669026000001,0.6756301658499999,0.5902496132,0.4633013075
0,1259,0.85030214915,0.6670314276,0.5694707967,0.4570884452
0,1259,0.91194171025,0.6755597165,0.6101613049,0.4650128546
0,1259,0.7634042138999999,0.6604610952,0.5114273572,0.4504048324
0,1259,0.8540763686999999,0.6875025463,0.5724468822,0.4726169446
0,1259,0.9047216942,0.6780031141,0.6055031352,0.4656828742
0,1259,1.0067606647,0.66462289555,0.674268153,0.4554860653
0,1259,0.8498175966500001,0.68679100135,0.5692181975,0.4730546577
0,1259,0.84459728725,0.6877656704999999,0.5659649729,0.4732562774
0,1259,0.58086185835,0.70206662745,0.3900689585,0.4872692343
0,1259,0.1999250799,0.94987011965,0.1440017322,0.6904639655
0,1259,0.19296684705,0.70004011495,0.1322487439,0.4854050361
0,1259,0.18468533399999998,0.70067148225,0.1273442202,0.4856659403
0,1259,0.17567324515,0.7016829103,0.1220778435,0.4861910132
0,1259,0.1822318232,0.688195875,0.1247817126,0.4753175248
0,1259,0.41817456175,0.67812009,0.2821455441,0.4700813164
0,1259,0.12455967800000001,0.7238583940500001,0.088276871,0.5119574551
0,1259,0.5192237667499999,0.6962781589,0.3509866209,0.4874886132
0,1259,0.4860384221,0.68689396585,0.3277013564,0.4762407443
0,1259,0.8115311154,0.70995277605,0.544207206,0.4899816975
0,1259,0.21999121114999998,0.71112077275,0.1529661373,0.5002265609
0,1259,0.20888875024999998,0.7231185779,0.1447142705,0.5003224086
0,1259,0.7906933002,0.7159059095,0.5300374064,0.496428564
0,1259,0.3199441813,0.7636542463,0.2196885404,0.5368757626
0,1259,0.7358478339,0.7364080416500001,0.4946729348,0.5141883295
0,1259,0.72428205415,0.73944872435,0.4872806987,0.5151558165
0,1259,0.5394264838,0.7460991039,0.3651054304,0.5218070448
0,1259,0.32117903715,0.7790393659499999,0.2205653637,0.5500800211
0,1259,0.31281328765,0.7926326955,0.2154384381,0.5610323814
0,1259,0.29822392225,0.79548886495,0.2060040281,0.5628954043
0,1259,0.31708469705000003,0.98192657495,0.2208458825,0.7009272937
0,1259,0.76585937795,0.72493916155,0.5141414391,0.5009063743
0,1259,0.7503423093499999,0.7251043486,0.5036417483,0.4985279416
0,1259,0.3482333046,0.7946398164499999,0.2371763674,0.5582129709
0,1259,0.1542781027,0.8071236503,0.110455857,0.570800618
0,1259,0.38670839030000004,0.9242980266999999,0.2675773168,0.6598986104
0,1259,0.40056762079999997,0.91004212075,0.275348966,0.6481651045
0,1259,0.22743693539999998,0.8559222636,0.15971872,0.6125460696
0,1259,0.35498706295,0.93131678,0.2449669725,0.6652547198
0,1259,0.3140134643,0.9602259550500001,0.2171119994,0.6852116693
0,1259,0.1653785432,0.84443046625,0.1190229952,0.6005969717
0,1259,0.2134847253,0.9925898905499999,0.151942589,0.7074377539
0,1259,0.13508023515,0.8316872952500001,0.0994720545,0.5963070699
0,1259,0.8046833855500001,0.7487503239,0.5432398643,0.5166908158
0,1259,0.79504876235,0.72085270745,0.5336355119,0.5018546657
0,1259,1.07864268865,0.65130574835,0.7213238959,0.4460589105
0,1259,0.92499837995,0.6769133201,0.6189862221,0.4648200166
0,1259,1.0303116066,0.6587229746000001,0.6887269942,0.4519904978
0,1259,0.27441296035,0.6810163745,0.1862361959,0.4700969602
0,1259,1.21348847245,0.6128779454,0.8104812639,0.4158573588
0,1259,0.8001584218,0.7074598223,0.5370794716,0.489658636
0,1259,0.80164705245,0.7071988529,0.5373006245,0.490210609
0,1259,1.2301055744,0.6072957321,0.8210306222,0.4106548146
0,1259,1.2270193533,0.6073819167000001,0.8192965194,0.4113359338
0,1259,0.63991885385,0.61358217775,0.4276827237,0.4152822727
0,1259,0.71221364745,0.7020717855,0.4773649689,0.4818175384
0,1259,0.6759064475000001,0.6909876019,0.4543790322,0.4772736532
0,1259,0.6325811345,0.61416405415,0.4227403616,0.4154282641
0,1259,0.6295840357,0.6135731676,0.4208191972,0.4153423408
0,1259,0.62740828845,0.6136525617999999,0.4196420175,0.4155546682
0,1259,1.22821269705,0.6029456316999999,0.8197420579,0.4071047942
0,1259,0.6653476845999999,0.6099739827,0.444612452,0.4122137106
0,1259,0.6640813825,0.60992540595,0.443721522,0.4125453905
0,1259,0.6609172803,0.6088123846,0.4416706048,0.4122629402
0,1259,0.76489174235,0.65776756645,0.5121515043,0.4485304487
0,1259,0.665508149,0.65254641435,0.4453242556,0.4454475225
0,1259,0.60216005355,0.6108851886,0.4025776871,0.4125837818
0,1259,0.60414709095,0.61132640755,0.4036660479,0.4127244421
0,1259,0.6407501975,0.61267169015,0.4280943178,0.4147146299
0,1259,0.64293931685,0.6116983269,0.4299859461,0.4147966358
0,1259,0.6015725805,0.60704912675,0.4022290444,0.4105758121
0,1259,0.63144340955,0.614189439,0.4221756503,0.4158492096
0,1259,0.5916602892,0.6090028394,0.395400726,0.4105929184
0,1259,0.66260120125,0.60961679335,0.4425452239,0.4117014347
0,1259,0.63312196705,0.6103163705,0.4233515075,0.4129501968
0,1259,0.6689557089,0.6090476945500001,0.4470236794,0.4123015927
0,1259,0.62976779095,0.6096915323500001,0.4210159571,0.4124970749
0,1259,0.6665773422,0.6093951424,0.4454580862,0.4122909176
0,1259,0.7435709176499999,0.7031483089999999,0.4993806251,0.485317154
0,1259,0.7761241030499999,0.6947289261,0.5200445303,0.4780545376
0,1259,0.65610048305,0.61208752855,0.4388582165,0.4126648737
0,1259,0.6683949652,0.653926869,0.4472438036,0.4448950272
0,1259,0.6350070563,0.61347629845,0.4246515336,0.4153867389
0,1259,0.8030890278,0.65276566255,0.5372447852,0.4459217987
0,1259,0.7624923442,0.7365003635,0.5115180226,0.5091956316
0,1259,0.72673376495,0.68775548495,0.4871030417,0.4734255125
0,1259,0.6155253269000001,0.72554832975,0.4139568462,0.5072725407
0,1259,0.6456000575,0.67806768725,0.4339743386,0.4686602897
0,1259,0.6415229834,0.6807142062,0.4307631404,0.4707436056
0,1259,0.73165966915,0.6599213971,0.4897595209,0.4510619244
0,1259,0.82834247915,0.662343575,0.5544729597,0.4543727174
0,1259,0.6227016267000001,0.6804297319,0.4180364918,0.4672049458
0,1259,0.6295305476499999,0.6800471247,0.4218004987,0.4665862452
0,1259,0.6348006715000001,0.6804247697,0.4253014732,0.4680806332
0,1259,0.61712431345,0.68240753705,0.4142711625,0.4648249461
0,1259,0.62562532625,0.6838865163,0.4194593643,0.4703760154
0,1259,0.6701644084,0.71021557375,0.4512426292,0.4854743755
0,1259,0.55434526415,0.7235590986,0.3747149259,0.5055683062
0,1259,0.36011266595,0.81111686835,0.2514125863,0.5778063783
0,1259,0.34137018225,0.81743589435,0.2347431717,0.5835386963
0,1259,0.54275325455,0.7019274263499999,0.3668587831,0.4878521553
0,1259,0.5408644916500001,0.7001327634,0.3641786457,0.4869703306
0,1259,0.18818450850000001,0.70317775545,0.1299040828,0.4910866881
0,1259,0.6774484927,0.69582092365,0.4551237516,0.4825326091
0,1259,0.66124158885,0.7209101638,0.4440023347,0.5012646932
0,1259,0.6651881019,0.7288536381999999,0.4457991832,0.5054642318
0,1259,0.5594564665499999,0.68725953205,0.3761940785,0.4721476305
0,1259,0.5657496244,0.68057004295,0.3809499668,0.4704388257
0,1259,0.50787913975,0.68776743325,0.3414566229,0.4747544523
0,1259,0.50010954785,0.688000001,0.3357089999,0.4749286496
0,1259,0.4918292471,0.6712899896,0.330187232,0.4619876458
0,1259,0.7929430344999999,0.66888752965,0.5314824676,0.4578998859
0,1259,0.41025257270000004,0.6635249564,0.2770142984,0.4507409522
0,1259,0.38058590955000005,0.69769700485,0.2580265995,0.4762675137
0,1259,0.4007264688,0.6989780208,0.2709597064,0.4762998982
0,1259,0.41206110345,0.69829429,0.2780051513,0.4747616344
0,1259,0.5005339996,0.6747944368000001,0.3360042132,0.4622428044
0,1259,0.582703011,0.67586475765,0.3918268666,0.4620990329
0,1259,0.5667830915500001,0.6752737404,0.3813564179,0.4607159012
0,1259,0.5626321774,0.674360837,0.3785929624,0.4604962612
0,1259,0.5548964564000001,0.67513767325,0.3747249182,0.4602431919
0,1259,0.5322620131,0.66798807625,0.3579907742,0.4564700057
0,1259,0.5253715589000001,0.66605140465,0.3532326082,0.4514165869
0,1259,0.5991373128,0.6861437684,0.402168738,0.4742036546
0,1259,0.7777303634000001,0.6581368543,0.5206561172,0.4498080696
0,1259,0.8744889239,0.6694270973,0.5851472276,0.4595645538
0,1259,0.8692394458000001,0.6698191716999999,0.582028458,0.4590311236
0,1259,0.42360204944999996,0.78678370185,0.2892382467,0.5565120011
0,1259,0.42701698750000006,0.7879179429,0.2923836134,0.558328406
0,1259,0.4512299919,0.9336327289499999,0.3118031848,0.6544104819
0,1259,0.77482304835,0.65476690735,0.5181368849,0.4473293493
0,1259,0.20235882659999999,0.80706782625,0.141938839,0.5742452583
0,1259,0.22044071720000002,0.8033238905,0.153233578,0.5675560304
0,1259,0.8016058342,0.66255760005,0.5366051318,0.4540029073
0,1259,0.47985179964999997,0.7303664384999999,0.3239078135,0.5079212754
0,1259,0.80204240905,0.6641912544999999,0.5364687665,0.455284315
0,1259,0.7979302884999999,0.6640675927499999,0.5337467496,0.4553229675
0,1259,0.6936742056,0.6978697004,0.466997529,0.483522034
0,1259,0.7496568825000001,0.69171380485,0.5021465052,0.4754522861
0,1259,0.7503959444,0.69588190575,0.5026533934,0.4781249217
0,1259,0.75866507725,0.6895693436,0.5084296707,0.4771399366
0,1259,0.35405902915,0.6827593267000001,0.2394064111,0.4737440036
0,1259,0.35904547495,0.6836105952,0.2424919709,0.473314909
0,1259,0.6498058557499999,0.68421845755,0.4361004919,0.4712088717
0,1259,0.56238457435,0.77227524895,0.3816450187,0.5448620681
0,1259,0.49258983655,0.6961005011,0.3321116291,0.482876825
0,1259,0.4506162009,0.6906546161,0.303551318,0.479317272
0,1259,0.45476483735,0.6940160753,0.3071607383,0.4827824138
0,1259,0.44037939545000004,0.6967536756,0.2974498505,0.4869580558
0,1259,0.41378896109999996,0.7038918467,0.2793175208,0.4888089346
0,1259,0.8479250132,0.7119760893,0.5685938264,0.490735029
0,1259,0.72390139205,0.69873095845,0.4866060723,0.4829366319
0,1259,0.80612918145,0.70046124415,0.5395747517,0.4829425081
0,1259,0.7996130339,0.69844432945,0.5366514196,0.4810497123
0,1259,0.81172199745,0.6990972428,0.5445654589,0.4828817872
0,1259,0.80905317485,0.69792206405,0.5418410909,0.4796251859
0,1259,0.8047645729,0.6958244494,0.539223993,0.4793265434
0,1259,0.64907979845,0.6874431965,0.4364875461,0.4726034946
0,1259,0.7042029181,0.63373134495,0.4714803928,0.4288260461
0,1259,0.7534565235999999,0.6577986452,0.5043241628,0.4482961834
0,1259,0.7518501163,0.6573045855999999,0.5030060624,0.4495501688
0,1259,0.82251712205,0.66615156155,0.5511728595,0.4521748805
0,1259,0.81812661345,0.6684384558500001,0.5471461143,0.4523031127
0,1259,0.7664141704,0.7150667852,0.5144087328,0.4971290094
0,1259,0.7588521388,0.7148033999500001,0.5095441048,0.4966343623
0,1259,0.8242028064,0.74279483995,0.5546024186,0.5157686409
0,1259,0.8277750495,0.6618081861,0.5534500726,0.4502946206
0,1259,0.68849996355,0.69741945135,0.4613662867,0.4800548029
0,1259,1.0237061897,0.66886154375,0.6848310304,0.4572503677
0,1259,0.63847562945,0.6806826705,0.4280951995,0.4696437078
0,1259,0.76308115445,0.7078204263,0.5113643177,0.4866532758
0,1259,0.7558845026500001,0.7094252874,0.5067634567,0.4898815406
0,1259,0.6525303707,0.6073603052500001,0.4361551556,0.4109649485
0,1259,0.6509853866,0.60771457605,0.4348637992,0.4110615797
0,1259,0.7775344852,0.7048866908,0.52200537,0.4867709308
0,1259,0.78447082315,0.7038110814,0.5265855117,0.4867654464
0,1259,0.90018071345,0.6726944716000001,0.6024015583,0.460631806
0,1259,0.8958179040500001,0.671796128,0.5995082031,0.4600902796
0,1259,0.6587430025,0.6098519532,0.4404866656,0.412869105
0,1259,0.60793904945,0.6853414032,0.4107171407,0.4749376598
0,1259,0.5928634783,0.64587213815,0.397207273,0.4403115755
0,1259,0.73258079645,0.6508030051,0.4903065987,0.4444731146
0,1259,0.61691241825,0.6047197931,0.4123970207,0.4089910608
0,1259,0.6195384063,0.60553737115,0.4140109222,0.4090338919
0,1259,0.62091521125,0.6055601578500001,0.4150582021,0.4090841663
0,1259,0.62429458855,0.6052980784499999,0.4173277741,0.4090340225
0,1259,0.60202993335,0.6067076531,0.4022589625,0.4096661732
0,1259,0.418709061,0.63037406445,0.2810733716,0.4287265421
0,1259,0.7144530221,0.6532294269500001,0.4780716294,0.4462564821
0,1259,0.7165736648500001,0.6537180673,0.4793549037,0.4442875566
0,1259,0.7693442619499999,0.69353722855,0.5153926793,0.4781516911
0,1259,0.6401967276,0.6508423105,0.4285397094,0.4440390578
0,1259,0.7882900814,0.6919748069,0.5280808282,0.476390392
0,1259,0.8321327893499999,0.6943516074,0.5576863621,0.4783905268
0,1259,0.82343795555,0.6931014089,0.5523203563,0.478610428
0,1259,0.6905505868499999,0.69519569385,0.4639119691,0.4815380915
0,1259,0.83278713725,0.6848212271,0.5585368821,0.4716272586
0,1259,0.83516419975,0.6823105141,0.5594930559,0.4700398956
0,1259,0.8908748807,0.6685950245,0.5959719616,0.4569983432
0,1259,0.76852967005,0.6579890347,0.5143336437,0.4487879578
0,1259,0.7729860101500001,0.6572642356,0.5176997223,0.4501952472
0,1259,0.7668235603,0.6583828067499999,0.5131767424,0.4494472697
0,1259,0.6104112590499999,0.6308086436,0.4087604155,0.4299508852
0,1259,0.6540911514,0.610628006,0.437249752,0.4114389636
0,1259,0.64962232085,0.61082492465,0.4341005647,0.4102746885
0,1259,0.81738255535,0.695345211,0.5485137353,0.4809977404
0,1259,0.37809966654999994,0.66264687505,0.2546155555,0.4502707675
0,1259,0.7450684383499999,0.7321164420999999,0.5007986483,0.5087694098
0,1259,0.7340954363,0.7138620947500001,0.4925541288,0.4909416107
0,1259,0.6677488462,0.68678623515,0.4492031738,0.4740255399
0,1259,0.7729354610000001,0.6545308138,0.5174243466,0.4487258004
0,1259,0.7705714766,0.6573311592,0.5155571112,0.4488242598
0,1259,0.66691228595,0.6158670480999999,0.4457984485,0.4171928278
0,1259,0.6645841562,0.6165005699,0.4441851348,0.4173642828
0,1259,0.8948296226999999,0.66873389915,0.5988638474,0.4576242259
0,1259,0.6614554679,0.6147606864,0.4424492686,0.4168508318
0,1259,0.6604923876,0.60794988605,0.4415505504,0.4116416279
0,1259,0.6634004374,0.60641253625,0.443357979,0.4093911661
0,1259,0.61287825215,0.6067212336500001,0.4094447403,0.4090944823
0,1259,0.5939126686,0.60429011075,0.3969736298,0.4081131535
0,1259,0.59181700655,0.60312962265,0.3956515619,0.4067091287
0,1259,0.6051991052,0.5968761491000001,0.4044522698,0.4022353664
0,1259,0.73599955505,0.65365466945,0.4923895499,0.4454929653
0,1259,0.745255059,0.65186829855,0.498753462,0.4447724101
0,1259,0.841914064,0.68426292095,0.5638518978,0.4708593019
0,1259,0.7768256205,0.6555541902500001,0.5196571822,0.4469180139
0,1259,0.26000573385,1.53901366205,0.1916751601,1.1095489361
0,1259,0.7852034194499999,0.66366983795,0.5257033983,0.4540150515
0,1259,0.7848411256,0.6619631876500001,0.5254114178,0.4535806029
0,1259,0.82352964945,0.6658042769,0.5509043903,0.4546440682
0,1259,0.7906318036,0.69647122525,0.5311311212,0.4792244277
0,1259,0.7508863748,0.7353050751000001,0.5064567816,0.50973089
0,1259,0.6128994858,0.6862682137,0.4112132284,0.468579459
0,1259,0.6756751554,0.69236740375,0.4540963092,0.4737631993
0,1259,0.61300896015,0.68108062125,0.4112881705,0.4632392807
0,1259,0.6091387852500001,0.6794010669,0.4092337267,0.4629958746
0,1259,0.70264088835,0.69130615835,0.4725063657,0.4753889535
0,1259,0.72819102255,0.7314099899,0.4886744759,0.5075800628
0,1259,0.99262782195,0.67733485735,0.6660082043,0.4637459415
0,1259,0.80878749755,0.7042628321,0.5420353527,0.4847862048
0,1259,0.42701698750000006,0.7879179429,0.2923836134,0.558328406
0,1259,1.2294352829,0.59473759675,0.820517048,0.4007770191
0,1259,1.2073015561,0.6140760413999999,0.8063581224,0.4154097214
0,1259,1.2103685274,0.60890895045,0.8084102152,0.4123766777
0,1259,1.21504535915,0.6077209746,0.8112818225,0.4111751866
0,1259,1.2179863980999999,0.6050078584,0.8130594212,0.4094958934
0,1259,1.2227336902500001,0.60772691615,0.8161433647,0.4112223269
0,1259,0.76917233585,0.65450854955,0.5147184937,0.4461571087
0,1259,0.85061418775,0.67891464645,0.5696102479,0.4652586111
0,1259,0.6795902221,0.6355684472500001,0.454791361,0.4326211703
0,1259,0.6321274405,0.62546565775,0.4235243154,0.4254216253
0,1259,0.62900396875,0.62608742725,0.4212146273,0.4256285989
0,1259,0.6272086631,0.6247296286,0.4196498056,0.4237544764
0,1259,0.61303798185,0.6042049709,0.4104536675,0.4085840346
0,1259,0.57399958095,0.6115720534,0.3837319375,0.4126033692
0,1259,0.60509308405,0.6359295736,0.4054196115,0.4343776378
0,1259,0.11002563755,0.7016722025,0.0785319653,0.4886804412
0,1259,0.4126646817,0.8797564085,0.2821028712,0.62435009
0,1259,0.40381060440000005,0.8728953288000001,0.2735053888,0.612597258
0,1259,0.4126646817,0.8797564085,0.2821028712,0.62435009
