194,282,0.7768932154,0.3946290564,0.001484295599999963,0.0074742909000000135,-1,-1,-1,-1
195,282,0.7755148673,0.3946290564,0.0014842957000000823,0.0074742909000000135,-1,-1,-1,-1
196,282,0.7742426139,0.3947546769,0.0014842956999999712,0.0074742909000000135,-1,-1,-1,-1
197,282,0.7728644129,0.3945034359,0.001484295600000074,0.0074742909000000135,-1,-1,-1,-1
198,282,0.7715214787,0.3941893846,0.0014844426000000244,0.006594947199999979,-1,-1,-1,-1
199,282,0.7705319483,0.3944406256,0.0014844425999999133,0.006594947200000034,-1,-1,-1,-1
200,282,0.7694010564,0.3945034359,0.0014844426000000244,0.006594947200000034,-1,-1,-1,-1
201,282,0.7688356104,0.3946290564,0.0014844425999999133,0.006594947199999979,-1,-1,-1,-1
202,282,0.7677047185,0.3946290564,0.0014844426000000244,0.006594947199999979,-1,-1,-1,-1
203,282,0.766997911,0.3947546769,0.0014844425999999133,0.006594947200000034,-1,-1,-1,-1
204,282,0.7663971982,0.3948174872,0.0014844426000000244,0.006594947200000034,-1,-1,-1,-1
205,282,0.7658317522,0.3948174872,0.0014844426000000244,0.006594947200000034,-1,-1,-1,-1
206,282,0.7652308924,0.3948174872,0.0014844426000000244,0.006594947200000034,-1,-1,-1,-1
207,282,0.7650895309,0.3948174872,0.0014844426000000244,0.006594947200000034,-1,-1,-1,-1
208,282,0.7652662083,0.394838424,0.0014844426000000244,0.006594947199999979,-1,-1,-1,-1
209,282,0.7654428856,0.3948593607,0.0014844426000000244,0.006594947199999979,-1,-1,-1,-1
210,282,0.765619563,0.3948802975,0.0014844426000000244,0.006594947200000034,-1,-1,-1,-1
211,282,0.7661495951,0.3949431077,0.0014844426000000244,0.006594947199999979,-1,-1,-1,-1
212,282,0.7663053573,0.3949431077,0.0014844425999999133,0.006594947199999979,-1,-1,-1,-1
213,282,0.7665341513,0.3950956283,0.0014844426000000244,0.006594947199999979,-1,-1,-1,-1
214,282,0.7664483352,0.3950956283,0.0014907612000000237,0.0067298391000000235,-1,-1,-1,-1
215,282,0.7667058571,0.3951210919,0.0014907611999999126,0.0067298391000000235,-1,-1,-1,-1
216,282,0.7669633789,0.3951465555,0.0014907612000000237,0.0067298391000000235,-1,-1,-1,-1
217,282,0.7664769895,0.3949431077,0.001490761300000032,0.006729839099999968,-1,-1,-1,-1
218,282,0.7664995015,0.3949431077,0.001490761300000032,0.006729839099999968,-1,-1,-1,-1
219,282,0.7665220136,0.3949431077,0.001490761299999921,0.006729839099999968,-1,-1,-1,-1
220,282,0.7665445256,0.3949431077,0.001490761300000032,0.006729839099999968,-1,-1,-1,-1
221,282,0.7665670377,0.3949431077,0.001490761300000032,0.006729839099999968,-1,-1,-1,-1
222,282,0.7665895497,0.3949431077,0.001490761299999921,0.006729839099999968,-1,-1,-1,-1
