1,800,0.5696615318,0.4359949041,0.003717425099999949,0.01879332739999995,-1,-1,-1,-1
2,800,0.5667073412,0.4358652355,0.003552993200000021,0.018793327400000004,-1,-1,-1,-1
3,800,0.5639087657,0.4354327457,0.0036260250999999855,0.018793327400000004,-1,-1,-1,-1
4,800,0.5612318611,0.4351732779,0.003626024999999977,0.018793327400000004,-1,-1,-1,-1
5,800,0.5582143369,0.4350868322,0.0036260250999999855,0.018793327400000004,-1,-1,-1,-1
6,800,0.5557202324,0.4353728083,0.0036260250999999855,0.01879332739999995,-1,-1,-1,-1
7,800,0.5529222447,0.4352676892,0.0032025284000000154,0.019223597300000006,-1,-1,-1,-1
8,800,0.5509029208,0.4349204699,0.0032025284000000154,0.019223597300000006,-1,-1,-1,-1
9,800,0.5475807788,0.4344574237,0.0032025284000000154,0.019223597300000006,-1,-1,-1,-1
10,800,0.5450077646,0.4341680525,0.0032025284000000154,0.019223597300000006,-1,-1,-1,-1
11,800,0.5426952846,0.4338207026,0.0032025283999999044,0.019223597300000006,-1,-1,-1,-1
12,800,0.5391846116,0.4338785508,0.0034695283000000243,0.019235219100000034,-1,-1,-1,-1
13,800,0.53653739,0.433063062,0.003881563099999985,0.01923521909999998,-1,-1,-1,-1
14,800,0.5337843676,0.4332513622,0.0038815631999999933,0.019235219100000034,-1,-1,-1,-1
15,800,0.5314504335,0.4334883697,0.0038815631999999933,0.019235219199999987,-1,-1,-1,-1
16,800,0.5288165839,0.4335475237,0.0035017093000000443,0.019235219100000034,-1,-1,-1,-1
17,800,0.5265160065,0.4333103856,0.003501709200000036,0.01923521909999998,-1,-1,-1,-1
18,800,0.5244155687,0.433251101,0.0035017093000000443,0.019235219199999987,-1,-1,-1,-1
19,800,0.5220150684,0.4330140935,0.003501709200000036,0.019235219100000034,-1,-1,-1,-1
20,800,0.5203247552,0.4330575775,0.0033194970000000046,0.01831186909999999,-1,-1,-1,-1
21,800,0.5187049759,0.4332974579,0.0035828232000000293,0.01831186899999998,-1,-1,-1,-1
22,800,0.5160451169,0.433085914,0.0038100008000000463,0.01738930249999998,-1,-1,-1,-1
23,800,0.5148929179,0.4332356923,0.0038100007999999352,0.017389302500000037,-1,-1,-1,-1
24,800,0.513993612,0.4326363178,0.0031801926999999175,0.016780656700000007,-1,-1,-1,-1
25,800,0.5134315458,0.4323366306,0.0031801926999999175,0.016780656700000007,-1,-1,-1,-1
26,800,0.5124761067,0.4319370476,0.0031801927000000285,0.016780656700000007,-1,-1,-1,-1
27,800,0.5112549903,0.4317012153,0.0031801927000000285,0.016780656700000007,-1,-1,-1,-1
28,800,0.5103524515,0.4313709717,0.0031801927000000285,0.016780656700000007,-1,-1,-1,-1
29,800,0.5098735437,0.4312129014,0.003190265099999978,0.017007685699999997,-1,-1,-1,-1
30,800,0.5093946359,0.4310548311,0.003200337600000047,0.017234714700000042,-1,-1,-1,-1
31,800,0.5089157281,0.4308967608,0.003210409999999997,0.017461743699999976,-1,-1,-1,-1
32,800,0.5088798117,0.430502597,0.003220482500000066,0.01768877270000002,-1,-1,-1,-1
33,800,0.5088692801,0.4295251857,0.0032305549000000156,0.017192863400000036,-1,-1,-1,-1
34,800,0.5089057417,0.4291661626,0.0032406273999999735,0.016780656700000007,-1,-1,-1,-1
35,800,0.5086646234,0.4287555804,0.0032506998000000342,0.016780656700000007,-1,-1,-1,-1
36,800,0.5083655037,0.4283327047,0.003260772299999992,0.016780656700000007,-1,-1,-1,-1
37,800,0.5073669421,0.4281582952,0.003270844700000053,0.016780656700000007,-1,-1,-1,-1
38,800,0.5069447658,0.4274793724,0.0032809171000000026,0.0167806566,-1,-1,-1,-1
39,800,0.5056546858,0.4273312419,0.0032909895000000633,0.016780656700000007,-1,-1,-1,-1
40,800,0.5046580557,0.4270145648,0.0033010620000000213,0.016780656700000007,-1,-1,-1,-1
41,800,0.5030422834,0.4268873524,0.003311134399999971,0.0167806566,-1,-1,-1,-1
42,800,0.5022565153,0.425996402,0.003321206899999929,0.016780656700000007,-1,-1,-1,-1
43,800,0.5006780082,0.425873996,0.0033312792999999896,0.0167806566,-1,-1,-1,-1
44,800,0.4993015314,0.4252575086,0.0033413517999999476,0.016780656700000007,-1,-1,-1,-1
45,800,0.4967714872,0.4248226944,0.0033514242000000083,0.016780656700000007,-1,-1,-1,-1
46,800,0.4959035253,0.4244987526,0.0033614967000000218,0.016780656700000007,-1,-1,-1,-1
47,800,0.4951008072,0.4241169627,0.003371569100000027,0.0167806566,-1,-1,-1,-1
48,800,0.4942980891,0.4237351727,0.0033816414999999767,0.016780656700000007,-1,-1,-1,-1
49,800,0.4927725097,0.4232951102,0.00339171399999999,0.016780656700000007,-1,-1,-1,-1
50,800,0.4914595324,0.4230162925,0.0034017863999999953,0.016780656700000007,-1,-1,-1,-1
51,800,0.4896606266,0.4225723114,0.0035625447000000032,0.016780656700000007,-1,-1,-1,-1
52,800,0.4877867787,0.4223059228,0.003562544599999995,0.015869711899999972,-1,-1,-1,-1
53,800,0.4864876342,0.4220839322,0.0031261167999999673,0.01533758759999998,-1,-1,-1,-1
54,800,0.4847886513,0.4220395341,0.0028535331000000275,0.01515699180000002,-1,-1,-1,-1
55,800,0.4832917184,0.42168004,0.002974909899999989,0.014186109599999996,-1,-1,-1,-1
56,800,0.4812912035,0.4213431367,0.002896147200000032,0.01454782360000001,-1,-1,-1,-1
57,800,0.4795606273,0.4211664584,0.002896147200000032,0.01454782360000001,-1,-1,-1,-1
58,800,0.4769300105,0.4210886311,0.003465560699999981,0.01454782360000001,-1,-1,-1,-1
59,800,0.4751663716,0.4204874285,0.0032488161999999488,0.01454782360000001,-1,-1,-1,-1
60,800,0.472876962,0.4204401576,0.0030579340999999927,0.01399154140000003,-1,-1,-1,-1
61,800,0.4709152407,0.4202485928,0.0029239198999999605,0.013819041700000034,-1,-1,-1,-1
62,800,0.4691436668,0.4200677358,0.0029239198999999605,0.013819041699999979,-1,-1,-1,-1
63,800,0.4676401213,0.4199081638,0.002923919900000016,0.013819041699999979,-1,-1,-1,-1
64,800,0.4668707151,0.4196688057,0.002923919900000016,0.013819041800000043,-1,-1,-1,-1
65,800,0.4664970329,0.419786069,0.0025403923000000272,0.013699689100000023,-1,-1,-1,-1
66,800,0.4652566666,0.4194308841,0.0025956438999999998,0.01297169079999999,-1,-1,-1,-1
67,800,0.464590563,0.4190750463,0.0023199742999999717,0.012429381000000017,-1,-1,-1,-1
68,800,0.4632811324,0.4188893578,0.0024579559999999834,0.011227106300000012,-1,-1,-1,-1
69,800,0.4622015245,0.4188076131,0.002320121099999961,0.013227632700000047,-1,-1,-1,-1
70,800,0.4606854886,0.4186936144,0.002909666199999994,0.012829877899999953,-1,-1,-1,-1
71,800,0.4590356649,0.4182817567,0.0028782834000000146,0.012863283800000014,-1,-1,-1,-1
72,800,0.4576435834,0.4182567305,0.0028469007999999962,0.012967158699999981,-1,-1,-1,-1
73,800,0.4563930839,0.4180554602,0.002815518000000017,0.012949875700000002,-1,-1,-1,-1
74,800,0.4555802367,0.4181439528,0.0027841353000000457,0.012932592700000023,-1,-1,-1,-1
75,800,0.4542163076,0.4172189933,0.002752752500000011,0.012915309699999988,-1,-1,-1,-1
76,800,0.4532308804,0.4170580991,0.0027213698000000397,0.012898026699999954,-1,-1,-1,-1
77,800,0.4525957466,0.4168695432,0.0026899870999999576,0.012880743699999975,-1,-1,-1,-1
78,800,0.452054217,0.4163489155,0.002658604400000042,0.012863460699999996,-1,-1,-1,-1
79,800,0.4509753081,0.416077309,0.00262722169999996,0.012846177700000017,-1,-1,-1,-1
80,800,0.4503896459,0.4158518417,0.0025958389999999887,0.012828894699999982,-1,-1,-1,-1
81,800,0.4497098505,0.4154190874,0.0025644562000000093,0.012811611800000011,-1,-1,-1,-1
82,800,0.4494291055,0.4151780523,0.00253307340000003,0.012794328700000024,-1,-1,-1,-1
83,800,0.448674939,0.4152259096,0.0025016907000000033,0.01277704569999999,-1,-1,-1,-1
84,800,0.4482303865,0.4150940248,0.0024703079999999766,0.01275976270000001,-1,-1,-1,-1
85,800,0.4474997523,0.4147683181,0.0022711450999999827,0.012742479700000031,-1,-1,-1,-1
86,800,0.4470164762,0.4145650282,0.0022285770000000094,0.012725196699999997,-1,-1,-1,-1
87,800,0.4469253239,0.4145295942,0.0019372303999999896,0.012707913699999962,-1,-1,-1,-1
88,800,0.4463530205,0.4143331979,0.0021620079000000403,0.012301932199999976,-1,-1,-1,-1
89,800,0.4462611796,0.4138611415,0.0022400358999999925,0.012733116200000005,-1,-1,-1,-1
90,800,0.4456178526,0.4138611415,0.002240035900000048,0.012733116200000005,-1,-1,-1,-1
91,800,0.4452232307,0.4137336275,0.002240035900000048,0.012733116200000005,-1,-1,-1,-1
92,800,0.4448286087,0.4136061136,0.002240036000000001,0.012733116200000005,-1,-1,-1,-1
93,800,0.4444802012,0.4137831837,0.0022400358999999925,0.012733116200000005,-1,-1,-1,-1
94,800,0.4442561094,0.4137831837,0.0022400358999999925,0.012733116200000005,-1,-1,-1,-1
95,800,0.4439325356,0.4137389161,0.0022400358999999925,0.012733116200000005,-1,-1,-1,-1
96,800,0.4436587763,0.4136061136,0.00195716600000001,0.012019743000000027,-1,-1,-1,-1
97,800,0.4432355735,0.4135175785,0.00195716600000001,0.012019743100000035,-1,-1,-1,-1
98,800,0.4424275206,0.41344171,0.0018352012999999778,0.011646145999999968,-1,-1,-1,-1
99,800,0.4419133586,0.4132521039,0.0018519531000000256,0.011456670599999996,-1,-1,-1,-1
100,800,0.440994362,0.4131336655,0.001799346600000029,0.011407571499999991,-1,-1,-1,-1
101,800,0.4402946079,0.4131336655,0.0017993465999999736,0.011407571499999991,-1,-1,-1,-1
102,800,0.439494931,0.4128544797,0.001799346600000029,0.011407571499999991,-1,-1,-1,-1
103,800,0.4388665924,0.4127022203,0.001799346600000029,0.011407571500000047,-1,-1,-1,-1
104,800,0.4382669081,0.4124484982,0.0017993465999999736,0.011407571499999991,-1,-1,-1,-1
105,800,0.4377671468,0.4122707752,0.0019361527999999795,0.011407571499999991,-1,-1,-1,-1
106,800,0.4369786377,0.4121475051,0.00198861229999997,0.011276727700000044,-1,-1,-1,-1
107,800,0.4363069502,0.4120892653,0.0021387904999999874,0.01127672759999998,-1,-1,-1,-1
108,800,0.4354132281,0.4119208136,0.0024362081000000035,0.011276727699999989,-1,-1,-1,-1
109,800,0.4350041321,0.4116556002,0.0021548076000000305,0.011467508999999987,-1,-1,-1,-1
110,800,0.4343706504,0.4113817684,0.002184196699999974,0.011467508899999979,-1,-1,-1,-1
111,800,0.4338613376,0.4114153281,0.0023436324000000175,0.012808854100000044,-1,-1,-1,-1
112,800,0.4334894188,0.4114153281,0.002301752999999962,0.012600705400000023,-1,-1,-1,-1
113,800,0.4333335097,0.4111935987,0.0021027888999999855,0.012346983300000003,-1,-1,-1,-1
114,800,0.4329439574,0.4113585246,0.002169061299999997,0.012346983300000003,-1,-1,-1,-1
115,800,0.4323873281,0.4112266361,0.002410198699999977,0.012346983300000003,-1,-1,-1,-1
116,800,0.4319406141,0.4111937293,0.0023376076000000134,0.01234698320000005,-1,-1,-1,-1
117,800,0.4313654697,0.411028934,0.0023376077000000217,0.012346983199999995,-1,-1,-1,-1
118,800,0.4308088405,0.4110948782,0.002337607699999966,0.01200786009999999,-1,-1,-1,-1
119,800,0.4303045238,0.4109738281,0.002566548599999996,0.011656462099999987,-1,-1,-1,-1
120,800,0.4299774233,0.4108284896,0.002566548599999996,0.011218748899999964,-1,-1,-1,-1
121,800,0.4294400439,0.4106623884,0.0023493632999999625,0.011476780299999989,-1,-1,-1,-1
122,800,0.4289507157,0.4105022941,0.0024079945000000103,0.010871268400000023,-1,-1,-1,-1
123,800,0.4281135676,0.4104266867,0.002488079799999987,0.011406265700000029,-1,-1,-1,-1
124,800,0.4276595063,0.4102753414,0.002488079799999987,0.011434993900000023,-1,-1,-1,-1
125,800,0.4267089164,0.4101239961,0.0023887447000000006,0.011126949300000022,-1,-1,-1,-1
126,800,0.4258819076,0.4100807732,0.002601374699999992,0.010068707399999988,-1,-1,-1,-1
127,800,0.4250582786,0.4098108588,0.00239271219999998,0.010371789799999975,-1,-1,-1,-1
128,800,0.4244525695,0.4097406054,0.002392124500000037,0.009863692499999965,-1,-1,-1,-1
129,800,0.4238977037,0.4094996803,0.0018809012999999597,0.009125247599999997,-1,-1,-1,-1
130,800,0.4234571613,0.4094093171,0.0019486431999999887,0.009125247599999997,-1,-1,-1,-1
131,800,0.4229288925,0.4092671126,0.0019586355000000277,0.00889006819999999,-1,-1,-1,-1
132,800,0.4228191243,0.4091451484,0.0017562915999999595,0.009747082200000035,-1,-1,-1,-1
133,800,0.4220782255,0.4089033093,0.0016828188999999938,0.010104617599999977,-1,-1,-1,-1
134,800,0.4213451148,0.408873667,0.0016828189000000493,0.010104617599999977,-1,-1,-1,-1
135,800,0.4203286934,0.4087138338,0.0016828188999999938,0.010175654600000028,-1,-1,-1,-1
136,800,0.419745467,0.4086546799,0.0018225640000000265,0.009310283199999991,-1,-1,-1,-1
137,800,0.4189742975,0.4084867506,0.002093237400000003,0.009897252299999992,-1,-1,-1,-1
138,800,0.4183152473,0.4084867506,0.0021217449,0.009462673199999994,-1,-1,-1,-1
139,800,0.4176561971,0.4083018455,0.002086918800000004,0.009462673199999994,-1,-1,-1,-1
140,800,0.4170253604,0.4081319574,0.002086918800000004,0.009462673199999994,-1,-1,-1,-1
141,800,0.4162990092,0.4079281179,0.002086918800000004,0.010010336900000028,-1,-1,-1,-1
142,800,0.4159059302,0.4077921813,0.0016015581000000112,0.009942434,-1,-1,-1,-1
143,800,0.4153372515,0.4078296586,0.0016015581000000112,0.009942433900000047,-1,-1,-1,-1
144,800,0.4143261201,0.4076798802,0.0017061832000000443,0.009960976700000013,-1,-1,-1,-1
145,800,0.413583311,0.4076523273,0.0017924401999999673,0.009951705300000002,-1,-1,-1,-1
146,800,0.4129862718,0.4074098353,0.001992873699999953,0.00950145619999998,-1,-1,-1,-1
147,800,0.4124328753,0.4073764061,0.002011241900000016,0.009721488100000009,-1,-1,-1,-1
148,800,0.4118321625,0.4070819422,0.002011241900000016,0.009721488100000009,-1,-1,-1,-1
149,800,0.4115278385,0.4070008504,0.0020112418999999604,0.009721488,-1,-1,-1,-1
150,800,0.4110079456,0.4069114012,0.002011241900000016,0.009721488099999953,-1,-1,-1,-1
151,800,0.4103415014,0.4067448441,0.0020005051000000496,0.009721488100000009,-1,-1,-1,-1
152,800,0.4096750572,0.406578287,0.001989768199999964,0.009721488100000009,-1,-1,-1,-1
153,800,0.4090086129,0.4064117299,0.001979031500000006,0.009721488100000009,-1,-1,-1,-1
154,800,0.4083421687,0.4062451728,0.0019682945999999757,0.009721488100000009,-1,-1,-1,-1
155,800,0.4076757244,0.4060786157,0.0019575579000000176,0.009721488100000009,-1,-1,-1,-1
156,800,0.4070092802,0.4059120587,0.0019468209999999875,0.009721488,-1,-1,-1,-1
157,800,0.406342836,0.4057455016,0.0019360842000000211,0.009721488,-1,-1,-1,-1
158,800,0.4056763917,0.4055789445,0.0019253473999999993,0.009721488,-1,-1,-1,-1
159,800,0.4050099475,0.4054123874,0.0019146105999999774,0.009721488,-1,-1,-1,-1
160,800,0.4043435033,0.4052458303,0.0019038737999999555,0.009721488,-1,-1,-1,-1
161,800,0.403677059,0.4050792732,0.0018931369999999892,0.009721488,-1,-1,-1,-1
162,800,0.4030106148,0.4049127161,0.0018824002000000228,0.009721488,-1,-1,-1,-1
163,800,0.4023441705,0.404746159,0.001871663400000001,0.009721488,-1,-1,-1,-1
164,800,0.4015397333,0.4045386793,0.0018609265000000264,0.009721488,-1,-1,-1,-1
165,800,0.4007596784,0.4043322629,0.0018210946000000172,0.009243816699999963,-1,-1,-1,-1
166,800,0.3999913008,0.4044948383,0.0017730434000000073,0.0090431111,-1,-1,-1,-1
167,800,0.3990033868,0.4042082094,0.0018156575999999647,0.008909655599999955,-1,-1,-1,-1
168,800,0.3981997423,0.4041467049,0.0018287357000000282,0.009162071900000013,-1,-1,-1,-1
169,800,0.3972406296,0.4038758765,0.0017952320999999882,0.009127467499999986,-1,-1,-1,-1
170,800,0.3963278046,0.4038233822,0.0017720147999999991,0.008787952599999982,-1,-1,-1,-1
171,800,0.3954935955,0.4035048911,0.0015113335999999977,0.008538800800000024,-1,-1,-1,-1
172,800,0.3943412496,0.4033701298,0.0015113335999999977,0.008179045500000037,-1,-1,-1,-1
