180,336,0.8722610844,0.3688415907,0.0007764595999999457,0.003543491299999979,-1,-1,-1,-1
181,336,0.8712326134,0.3688415907,0.0007764595999999457,0.003543491299999979,-1,-1,-1,-1
182,336,0.8698685191,0.3685432093,0.0007764596000000568,0.003543491299999979,-1,-1,-1,-1
183,336,0.869343777,0.3686923347,0.0007764596000000568,0.003543491299999979,-1,-1,-1,-1
184,336,0.8685463043,0.3692518814,0.0007764594999999375,0.003543491400000043,-1,-1,-1,-1
185,336,0.8676018861,0.3688415907,0.0007764596000000568,0.003543491299999979,-1,-1,-1,-1
186,336,0.8665315357,0.3688043746,0.0007764595000000485,0.003543491400000043,-1,-1,-1,-1
187,336,0.8657759423,0.3689535,0.0007764596000000568,0.0035434913999999873,-1,-1,-1,-1
188,336,0.864428012,0.3689182427,0.0007764596000000568,0.0035434913999999873,-1,-1,-1,-1
189,336,0.8632384889,0.3692001707,0.0007764596000000568,0.003543491299999979,-1,-1,-1,-1
190,336,0.8620491127,0.3693763267,0.0007764596000000568,0.003543491400000043,-1,-1,-1,-1
191,336,0.8605226437,0.3689182427,0.0007764596000000568,0.0035434913999999873,-1,-1,-1,-1
192,336,0.8589961747,0.3689535,0.0007764595999999457,0.0035434913999999873,-1,-1,-1,-1
193,336,0.8576877727,0.3690943987,0.0007764596000000568,0.0035434913999999873,-1,-1,-1,-1
