133,254,0.7622836082,0.393762771,0.0012884174000000748,0.005466451699999986,-1,-1,-1,-1
134,254,0.7633228062,0.393762771,0.0012884173999999637,0.005466451699999986,-1,-1,-1,-1
135,254,0.7632965029,0.3935760378,0.0013007609000000864,0.005843182700000005,-1,-1,-1,-1
136,254,0.7650832123,0.3938561376,0.001300760799999967,0.005843182700000005,-1,-1,-1,-1
137,254,0.7654773199,0.3935759072,0.001300760799999967,0.005843182700000005,-1,-1,-1,-1
138,254,0.7675267676,0.3938960959,0.001300760799999967,0.005843182700000005,-1,-1,-1,-1
139,254,0.7685583244,0.3941460311,0.001300760799999967,0.0058431827999999575,-1,-1,-1,-1
140,254,0.7697773836,0.394187687,0.001300760799999967,0.005843182700000005,-1,-1,-1,-1
141,254,0.7709262028,0.3942293429,0.0013007608999999754,0.005843182700000005,-1,-1,-1,-1
142,254,0.7719108841,0.3942293429,0.001300760800000078,0.005843182700000005,-1,-1,-1,-1
143,254,0.7725439249,0.3943960969,0.001300760799999967,0.005843182800000013,-1,-1,-1,-1
144,254,0.7738802465,0.3945627204,0.0013007608999999754,0.005843182800000013,-1,-1,-1,-1
145,254,0.775122817,0.3944376222,0.001300760800000078,0.005843182800000013,-1,-1,-1,-1
146,254,0.7762012494,0.3943959664,0.001300760799999967,0.005843182700000005,-1,-1,-1,-1
147,254,0.7774673311,0.3944792781,0.0013529263999999541,0.006757261399999992,-1,-1,-1,-1
148,254,0.7788625778,0.394111949,0.0013529264999999624,0.007276719299999956,-1,-1,-1,-1
