4,876,0.4198063024,0.4460404984,0.003270123299999983,0.02137507729999999,-1,-1,-1,-1
5,876,0.4194336489,0.4460731441,0.0036427767999999694,0.02134243159999999,-1,-1,-1,-1
6,876,0.4197269519,0.4461403942,0.00342500370000004,0.020804822700000003,-1,-1,-1,-1
7,876,0.4199539826,0.4460731441,0.0034250036999999844,0.020804822700000003,-1,-1,-1,-1
8,876,0.4201431014,0.4461403942,0.0034250036999999844,0.020804822700000003,-1,-1,-1,-1
9,876,0.4198403938,0.4466782642,0.0034250036999999844,0.020804822700000003,-1,-1,-1,-1
10,876,0.4198783057,0.4466782642,0.0034250036999999844,0.020804822700000003,-1,-1,-1,-1
11,876,0.4200296595,0.4459386439,0.004230999300000038,0.020804822700000003,-1,-1,-1,-1
12,876,0.4199917476,0.446005894,0.004230999299999982,0.020804822700000003,-1,-1,-1,-1
13,876,0.4201808663,0.446005894,0.003550054299999994,0.020804822700000003,-1,-1,-1,-1
14,876,0.4201431014,0.4456696436,0.0035500541999999857,0.020804822700000003,-1,-1,-1,-1
15,876,0.4201808663,0.4460057634,0.003550054299999994,0.020804822700000003,-1,-1,-1,-1
16,876,0.4202943082,0.4461402636,0.003550054299999994,0.020804822700000003,-1,-1,-1,-1
17,876,0.4205213389,0.446678003,0.0035500542000000412,0.020804822700000003,-1,-1,-1,-1
18,876,0.4202187783,0.4462746332,0.0035500542000000412,0.020804822700000003,-1,-1,-1,-1
19,876,0.4202944551,0.4461400024,0.003550054299999994,0.020804822700000003,-1,-1,-1,-1
20,876,0.4201431014,0.4461400024,0.0035500541999999857,0.020804822700000003,-1,-1,-1,-1
21,876,0.4201431014,0.4460727524,0.0035500541999999857,0.020804822700000003,-1,-1,-1,-1
22,876,0.4198783057,0.4460055023,0.003550054299999994,0.020804822700000003,-1,-1,-1,-1
23,876,0.4200296595,0.4460727524,0.003550054299999994,0.020804822700000003,-1,-1,-1,-1
24,876,0.4200674245,0.4460727524,0.0035500541999999857,0.020804822700000003,-1,-1,-1,-1
25,876,0.4201053364,0.4462071219,0.0035500543000000495,0.020804822700000003,-1,-1,-1,-1
26,876,0.4201810133,0.4460055023,0.003550054299999994,0.020804822700000003,-1,-1,-1,-1
27,876,0.4201432483,0.4459382522,0.003550054299999994,0.020804822700000003,-1,-1,-1,-1
28,876,0.4202946021,0.4460726218,0.003550054299999994,0.020804822700000003,-1,-1,-1,-1
29,876,0.4202568371,0.4460726218,0.003550054299999994,0.020804822700000003,-1,-1,-1,-1
30,876,0.420152065,0.4458864109,0.003550054299999994,0.020804822700000003,-1,-1,-1,-1
31,876,0.4202568371,0.4456070945,0.003550054299999994,0.020804822700000003,-1,-1,-1,-1
32,876,0.4202043776,0.4460726218,0.003550054299999994,0.020804822700000003,-1,-1,-1,-1
33,876,0.4204663813,0.4460726218,0.003550054299999994,0.020804822700000003,-1,-1,-1,-1
34,876,0.420152212,0.4460726218,0.003550054299999994,0.020804822700000003,-1,-1,-1,-1
35,876,0.4202046715,0.4457003306,0.003550054299999994,0.020804822699999947,-1,-1,-1,-1
36,876,0.4202569841,0.4458864109,0.0035500541999999857,0.020804822700000003,-1,-1,-1,-1
37,876,0.420152212,0.4459795163,0.003550054299999994,0.020804822700000003,-1,-1,-1,-1
38,876,0.420152212,0.4459795163,0.003550054299999994,0.020804822700000003,-1,-1,-1,-1
39,876,0.4203256076,0.4462105171,0.003428824300000022,0.020804822700000003,-1,-1,-1,-1
40,876,0.4203256076,0.4461334733,0.003428824300000022,0.020804822699999947,-1,-1,-1,-1
41,876,0.4202389098,0.4461334733,0.003428824300000022,0.020804822699999947,-1,-1,-1,-1
42,876,0.4203256076,0.4461334733,0.003428824300000022,0.020804822699999947,-1,-1,-1,-1
43,876,0.4202389098,0.4460564295,0.003428824300000022,0.020804822700000003,-1,-1,-1,-1
44,876,0.4201955609,0.4459793857,0.003428824300000022,0.020804822700000003,-1,-1,-1,-1
45,876,0.4202822587,0.4459793857,0.0034288242999999663,0.020804822700000003,-1,-1,-1,-1
46,876,0.420119884,0.4460371033,0.003428824300000022,0.020804822700000003,-1,-1,-1,-1
47,876,0.4200771229,0.4459613653,0.003428824300000022,0.020804822700000003,-1,-1,-1,-1
48,876,0.4202537513,0.4461496655,0.0030817392000000443,0.020804822700000003,-1,-1,-1,-1
49,876,0.4202890182,0.4460869859,0.0030817392000000443,0.020804822700000003,-1,-1,-1,-1
50,876,0.4201830705,0.4461496655,0.003187686900000042,0.020804822700000003,-1,-1,-1,-1
51,876,0.4202536043,0.4460869859,0.003117153099999992,0.020804822700000003,-1,-1,-1,-1
52,876,0.4201830705,0.4460869859,0.0031171531000000474,0.020804822700000003,-1,-1,-1,-1
53,876,0.4202536043,0.4460869859,0.003117153099999992,0.020804822700000003,-1,-1,-1,-1
54,876,0.420359552,0.4461497961,0.002905257699999997,0.020804822700000003,-1,-1,-1,-1
55,876,0.4202888712,0.4461497961,0.003223100699999981,0.020804822700000003,-1,-1,-1,-1
56,876,0.4202888712,0.4461497961,0.0031525668999999867,0.020804822700000003,-1,-1,-1,-1
57,876,0.4203241381,0.4460886834,0.0033644621999999735,0.020928745699999973,-1,-1,-1,-1
58,876,0.4202534574,0.4459631934,0.003364462200000029,0.020928745699999973,-1,-1,-1,-1
59,876,0.420359405,0.4460260037,0.0033291952999999763,0.020928745699999973,-1,-1,-1,-1
60,876,0.420359405,0.4460260037,0.0033644621999999735,0.020928745699999973,-1,-1,-1,-1
61,876,0.420359405,0.446088814,0.0033644621999999735,0.020928745699999973,-1,-1,-1,-1
62,876,0.4203946719,0.446088814,0.003223247699999987,0.020928745699999973,-1,-1,-1,-1
63,876,0.4203946719,0.446088814,0.003223247699999987,0.020928745699999973,-1,-1,-1,-1
64,876,0.4204299388,0.4460260037,0.003223247699999987,0.020928745699999973,-1,-1,-1,-1
65,876,0.4203946719,0.4463397939,0.003223247699999987,0.020928745699999973,-1,-1,-1,-1
66,876,0.4203344243,0.4463397939,0.0032834952999999945,0.020928745699999973,-1,-1,-1,-1
67,876,0.4203344243,0.4463397939,0.0033541759999999865,0.020928745699999973,-1,-1,-1,-1
68,876,0.4203344243,0.4463397939,0.0033187621999999917,0.020928745699999973,-1,-1,-1,-1
69,876,0.4202638905,0.4461514937,0.0033187621999999917,0.020928745699999973,-1,-1,-1,-1
70,876,0.4202638905,0.4461514937,0.003354029099999989,0.020928745699999973,-1,-1,-1,-1
71,876,0.4202284766,0.4463396633,0.003354029099999989,0.020928745699999973,-1,-1,-1,-1
72,876,0.4204049581,0.4460886834,0.003354029099999989,0.020928745699999973,-1,-1,-1,-1
73,876,0.4206521202,0.4460886834,0.003566071400000037,0.020928745699999973,-1,-1,-1,-1
74,876,0.4208991355,0.4462769836,0.0035660713999999816,0.020928745699999973,-1,-1,-1,-1
75,876,0.4208637216,0.4460886834,0.0035660713999999816,0.020928745699999973,-1,-1,-1,-1
76,876,0.4207930409,0.4460886834,0.0036368990999999795,0.020928745699999973,-1,-1,-1,-1
77,876,0.4208637216,0.4460886834,0.0034250037999999927,0.020928745699999973,-1,-1,-1,-1
78,876,0.4207931878,0.4461513631,0.0034250037999999927,0.02092874570000003,-1,-1,-1,-1
79,876,0.4207930409,0.4461513631,0.003213255399999948,0.02092874570000003,-1,-1,-1,-1
80,876,0.4206870933,0.4460886834,0.0032132554000000035,0.020928745699999973,-1,-1,-1,-1
81,876,0.4206870933,0.4462141733,0.0032132554000000035,0.020928745699999973,-1,-1,-1,-1
82,876,0.420757774,0.4462141733,0.0032132554000000035,0.020928745699999973,-1,-1,-1,-1
83,876,0.4207930409,0.4461513631,0.003213255399999948,0.02092874570000003,-1,-1,-1,-1
84,876,0.4207576271,0.4459003832,0.0032132554000000035,0.02092874570000003,-1,-1,-1,-1
85,876,0.4207576271,0.4461513631,0.0033898838000000486,0.02092874570000003,-1,-1,-1,-1
86,876,0.4206766601,0.4465826776,0.003389883799999993,0.02092874570000003,-1,-1,-1,-1
87,876,0.4207574801,0.4465826776,0.003389883799999993,0.02092874570000003,-1,-1,-1,-1
88,876,0.4207574801,0.4460792814,0.003389883799999993,0.020928745699999973,-1,-1,-1,-1
89,876,0.4206362501,0.4460792814,0.003389883799999993,0.020928745699999973,-1,-1,-1,-1
90,876,0.4206766601,0.4461512325,0.003389883799999993,0.02092874570000003,-1,-1,-1,-1
91,876,0.4206766601,0.4461512325,0.0035053829000000203,0.02092874570000003,-1,-1,-1,-1
92,876,0.4207170701,0.4461512325,0.0035053829000000203,0.02092874570000003,-1,-1,-1,-1
93,876,0.420838447,0.4461512325,0.003222219099999979,0.02092874570000003,-1,-1,-1,-1
94,876,0.420878857,0.4461512325,0.003222219099999979,0.02092874570000003,-1,-1,-1,-1
95,876,0.420838447,0.4462231835,0.003222219099999979,0.020928745699999973,-1,-1,-1,-1
96,876,0.420798037,0.4460792814,0.003222219099999979,0.020928745699999973,-1,-1,-1,-1
97,876,0.420798037,0.4459353793,0.003222219099999979,0.02092874570000003,-1,-1,-1,-1
98,876,0.420798037,0.4461511019,0.003222219099999979,0.020928745699999973,-1,-1,-1,-1
99,876,0.420798037,0.4460073304,0.003222219099999979,0.020928745699999973,-1,-1,-1,-1
100,876,0.420798037,0.4460073304,0.003222219099999979,0.020928745699999973,-1,-1,-1,-1
101,876,0.420798037,0.4460791509,0.003222219099999979,0.02092874570000003,-1,-1,-1,-1
102,876,0.420838447,0.4460791509,0.003222219099999979,0.02092874570000003,-1,-1,-1,-1
103,876,0.4207745258,0.4460223474,0.003222219099999979,0.020928745699999973,-1,-1,-1,-1
104,876,0.4207745258,0.4460223474,0.0033562332999999556,0.020928745699999973,-1,-1,-1,-1
105,876,0.4207526309,0.4460223474,0.003356233300000011,0.020928745699999973,-1,-1,-1,-1
106,876,0.4207526309,0.4460223474,0.0031832786000000057,0.020928745699999973,-1,-1,-1,-1
107,876,0.4207526309,0.4460223474,0.0031832786000000057,0.020928745699999973,-1,-1,-1,-1
108,876,0.4208028862,0.4464684178,0.0031832786000000057,0.020928745699999973,-1,-1,-1,-1
109,876,0.4204515398,0.4462453826,0.003685097099999979,0.020928745699999973,-1,-1,-1,-1
110,876,0.4205267758,0.4459331594,0.0035346250000000135,0.020928745699999973,-1,-1,-1,-1
111,876,0.4204765205,0.4460223474,0.0037103716999999925,0.020928745699999973,-1,-1,-1,-1
112,876,0.4209535053,0.4462453826,0.0038357162000000056,0.020928745699999973,-1,-1,-1,-1
113,876,0.421907181,0.4463790993,0.0035094974000000057,0.020928745699999973,-1,-1,-1,-1
114,876,0.4221080554,0.4464236279,0.0035094974000000057,0.020928745699999973,-1,-1,-1,-1
115,876,0.422251768,0.4463213817,0.003313472199999945,0.020928745699999973,-1,-1,-1,-1
116,876,0.422192549,0.4460263955,0.0033134722000000005,0.02118873579999997,-1,-1,-1,-1
117,876,0.4217858041,0.4461785243,0.0033134722000000005,0.021188735800000025,-1,-1,-1,-1
118,876,0.4217858041,0.4461785243,0.0033134722000000005,0.021188735800000025,-1,-1,-1,-1
119,876,0.4220949773,0.4461785243,0.0033134722000000005,0.021188735800000025,-1,-1,-1,-1
120,876,0.4221511104,0.4461285111,0.0036593817000000195,0.02118873579999997,-1,-1,-1,-1
121,876,0.4220386972,0.4462284068,0.0036593817000000195,0.021188735800000025,-1,-1,-1,-1
122,876,0.421982564,0.4459787328,0.0036593817000000195,0.021188735800000025,-1,-1,-1,-1
123,876,0.4217016044,0.4462284068,0.0036593817000000195,0.021188735800000025,-1,-1,-1,-1
124,876,0.4207460184,0.4464782115,0.004980127100000009,0.021188735800000025,-1,-1,-1,-1
125,876,0.4209145648,0.4463283026,0.004586754199999987,0.02118873579999997,-1,-1,-1,-1
126,876,0.4217577376,0.4463283026,0.003659234699999958,0.02118873579999997,-1,-1,-1,-1
127,876,0.4217577376,0.4464782115,0.003659234699999958,0.021188735800000025,-1,-1,-1,-1
128,876,0.4221511104,0.44627842,0.0034626218000000097,0.02118873579999997,-1,-1,-1,-1
129,876,0.4221511104,0.44627842,0.0034626218000000097,0.02118873579999997,-1,-1,-1,-1
130,876,0.4221228969,0.4463783158,0.0034626218000000097,0.021188735800000025,-1,-1,-1,-1
131,876,0.4221228969,0.4462284068,0.0034626218000000097,0.021188735800000025,-1,-1,-1,-1
132,876,0.422179177,0.4461783937,0.0034626218000000097,0.02118873579999997,-1,-1,-1,-1
133,876,0.422179177,0.4461783937,0.0034626218000000097,0.02118873579999997,-1,-1,-1,-1
134,876,0.422179177,0.4462782894,0.0034626218000000097,0.021188735800000025,-1,-1,-1,-1
135,876,0.4220667638,0.4462282763,0.0034626217999999542,0.02118873579999997,-1,-1,-1,-1
136,876,0.421926284,0.4462781588,0.0034626217000000015,0.021188735800000025,-1,-1,-1,-1
137,876,0.4220104837,0.446328172,0.0034626218000000097,0.02118873579999997,-1,-1,-1,-1
138,876,0.4220104837,0.446328172,0.0034626218000000097,0.02118873579999997,-1,-1,-1,-1
139,876,0.4220385502,0.4463781852,0.0034626218000000097,0.021188735800000025,-1,-1,-1,-1
140,876,0.4219822702,0.4463283026,0.0034626217000000015,0.02118873579999997,-1,-1,-1,-1
141,876,0.4219540566,0.4463283026,0.0032380891999999606,0.02118873579999997,-1,-1,-1,-1
142,876,0.4220101898,0.4463283026,0.0033787158999999956,0.02118873579999997,-1,-1,-1,-1
143,876,0.4219821232,0.4463283026,0.003378716000000004,0.02118873579999997,-1,-1,-1,-1
144,876,0.4217853633,0.4462782894,0.003266302700000001,0.021188735800000025,-1,-1,-1,-1
145,876,0.4218134299,0.4463283026,0.003266302700000001,0.02118873579999997,-1,-1,-1,-1
146,876,0.42186971,0.4462284068,0.003266302700000001,0.021188735800000025,-1,-1,-1,-1
147,876,0.4217572967,0.4462782894,0.003266302700000001,0.021188735800000025,-1,-1,-1,-1
148,876,0.42161667,0.446328172,0.0032663026999999456,0.02118873579999997,-1,-1,-1,-1
149,876,0.4218134299,0.4462282763,0.0032101695000000263,0.02118873579999997,-1,-1,-1,-1
150,876,0.4218414964,0.4461782631,0.003210169599999979,0.02118873579999997,-1,-1,-1,-1
151,876,0.4218134299,0.4461782631,0.0032101695000000263,0.02118873579999997,-1,-1,-1,-1
152,876,0.4216729501,0.4460783674,0.003940782099999984,0.02118873579999997,-1,-1,-1,-1
153,876,0.4218414964,0.4465279635,0.003940782199999993,0.02118873579999997,-1,-1,-1,-1
154,876,0.4219256962,0.4465279635,0.00394078210000004,0.02118873579999997,-1,-1,-1,-1
155,876,0.4217570028,0.4462282763,0.003940782199999993,0.02118873579999997,-1,-1,-1,-1
156,876,0.4216726562,0.4462782894,0.003940782099999984,0.021188735800000025,-1,-1,-1,-1
157,876,0.4217570028,0.4462782894,0.003940782199999993,0.021188735800000025,-1,-1,-1,-1
158,876,0.422066176,0.4463781852,0.003940782199999993,0.021188735800000025,-1,-1,-1,-1
159,876,0.4214476827,0.4465779767,0.003940782199999993,0.021188735800000025,-1,-1,-1,-1
160,876,0.4213352695,0.4464780809,0.004390875999999988,0.02118873579999997,-1,-1,-1,-1
161,876,0.4216163761,0.4462781588,0.003547703199999974,0.021188735800000025,-1,-1,-1,-1
162,876,0.4217287893,0.4462781588,0.003547703199999974,0.021188735800000025,-1,-1,-1,-1
163,876,0.4217287893,0.4462781588,0.0034352899999999797,0.021188735800000025,-1,-1,-1,-1
164,876,0.4216725092,0.4463280414,0.0034352900000000353,0.021188735800000025,-1,-1,-1,-1
165,876,0.421813136,0.4463780546,0.0032946632000000475,0.02118873579999997,-1,-1,-1,-1
166,876,0.4218694161,0.4463780546,0.0034633565000000144,0.02118873579999997,-1,-1,-1,-1
167,876,0.4220381094,0.4463780546,0.003238383099999964,0.02118873579999997,-1,-1,-1,-1
168,876,0.4221787362,0.4465778461,0.0033225827999999735,0.02118873579999997,-1,-1,-1,-1
169,876,0.4222068027,0.4465778461,0.003322582899999982,0.02118873579999997,-1,-1,-1,-1
170,876,0.4220381094,0.4465778461,0.0034070763999999865,0.02118873579999997,-1,-1,-1,-1
171,876,0.4222629359,0.4466777418,0.003294663199999992,0.02118873579999997,-1,-1,-1,-1
172,876,0.4221849079,0.446727755,0.0031478647000000026,0.02118873579999997,-1,-1,-1,-1
173,876,0.4222973211,0.446727755,0.0031478647000000026,0.02118873579999997,-1,-1,-1,-1
174,876,0.4222129745,0.446727755,0.0033165579999999695,0.02118873579999997,-1,-1,-1,-1
175,876,0.4222691076,0.4471773511,0.0033165580999999777,0.02118873579999997,-1,-1,-1,-1
176,876,0.4222691076,0.4469275465,0.0033165580999999777,0.021188735800000025,-1,-1,-1,-1
177,876,0.4223534543,0.4468275201,0.003316558000000025,0.021188735800000025,-1,-1,-1,-1
178,876,0.4223252408,0.4469274159,0.003316558000000025,0.02118873579999997,-1,-1,-1,-1
179,876,0.4221284808,0.4466776112,0.0033165581000000333,0.021188735800000025,-1,-1,-1,-1
180,876,0.4221847609,0.4467276244,0.0033165580999999777,0.02118873579999997,-1,-1,-1,-1
181,876,0.4221004143,0.4467276244,0.0033165579999999695,0.02118873579999997,-1,-1,-1,-1
182,876,0.4225888608,0.4468929421,0.003184013299999955,0.02118873579999997,-1,-1,-1,-1
183,876,0.4225654965,0.4466064437,0.00320737759999995,0.02147523419999997,-1,-1,-1,-1
184,876,0.4222632298,0.4465237848,0.0032073776000000054,0.021475234200000026,-1,-1,-1,-1
185,876,0.422146996,0.4465237848,0.0032073776000000054,0.021475234200000026,-1,-1,-1,-1
186,876,0.4221935777,0.4464823901,0.0030674855000000223,0.02147523419999997,-1,-1,-1,-1
187,876,0.4221703603,0.446441126,0.0030674856000000306,0.02147523419999997,-1,-1,-1,-1
188,876,0.422216795,0.446441126,0.0030674856000000306,0.02147523419999997,-1,-1,-1,-1
189,876,0.4223778472,0.446441126,0.0030674856000000306,0.02147523419999997,-1,-1,-1,-1
190,876,0.4223134851,0.446441126,0.0030674856000000306,0.02147523419999997,-1,-1,-1,-1
191,876,0.4222226729,0.446441126,0.003158297800000043,0.02147523419999997,-1,-1,-1,-1
192,876,0.4223193629,0.446441126,0.0031582978999999956,0.02147523419999997,-1,-1,-1,-1
193,876,0.4222550008,0.4464983212,0.0031582978999999956,0.021475234200000026,-1,-1,-1,-1
194,876,0.4221906388,0.446326605,0.003027222499999982,0.021475234200000026,-1,-1,-1,-1
195,876,0.4222550008,0.4462694098,0.00302722259999999,0.02147523419999997,-1,-1,-1,-1
196,876,0.4221906388,0.4463267356,0.003027222499999982,0.02147523419999997,-1,-1,-1,-1
197,876,0.4221261297,0.4464984518,0.003027222499999982,0.021475234200000026,-1,-1,-1,-1
198,876,0.4221906388,0.4464412566,0.003027222499999982,0.02147523419999997,-1,-1,-1,-1
199,876,0.4221584577,0.4464412566,0.0030272225000000375,0.02147523419999997,-1,-1,-1,-1
200,876,0.4221584577,0.4462695404,0.0030272225000000375,0.021475234200000026,-1,-1,-1,-1
201,876,0.4220939487,0.4464412566,0.0031910666000000143,0.02147523419999997,-1,-1,-1,-1
202,876,0.4221159905,0.4461811359,0.0031910666000000143,0.021696180099999962,-1,-1,-1,-1
203,876,0.4220242965,0.4464526173,0.003191066699999967,0.021696179999999954,-1,-1,-1,-1
204,876,0.4221769728,0.4465611315,0.0031910667000000226,0.02169618000000001,-1,-1,-1,-1
205,876,0.4222379552,0.4465611315,0.003191066599999959,0.02169618000000001,-1,-1,-1,-1
206,876,0.4221768259,0.4465611315,0.0031910666000000143,0.02169618000000001,-1,-1,-1,-1
207,876,0.4221156966,0.4465611315,0.0031910667000000226,0.02169618000000001,-1,-1,-1,-1
208,876,0.4220851319,0.4464524867,0.003191066699999967,0.021696180100000018,-1,-1,-1,-1
209,876,0.4221462612,0.4463981643,0.0031910667000000226,0.021696180099999962,-1,-1,-1,-1
210,876,0.4221462612,0.4464541843,0.0031515384000000424,0.02169618000000001,-1,-1,-1,-1
211,876,0.4221462612,0.4462863856,0.0031515384000000424,0.02169618000000001,-1,-1,-1,-1
212,876,0.422114668,0.4465660936,0.0031515382999999786,0.021696180100000018,-1,-1,-1,-1
213,876,0.4221461143,0.4464541843,0.003151538300000034,0.02169618000000001,-1,-1,-1,-1
214,876,0.4221775606,0.4464541843,0.003151538399999987,0.02169618000000001,-1,-1,-1,-1
215,876,0.422114668,0.4464541843,0.0031515382999999786,0.02169618000000001,-1,-1,-1,-1
216,876,0.4222090069,0.4464541843,0.003151538399999987,0.02169618000000001,-1,-1,-1,-1
217,876,0.422114521,0.4464541843,0.003151538399999987,0.02169618000000001,-1,-1,-1,-1
218,876,0.4222718996,0.4464541843,0.0031515382999999786,0.02169618000000001,-1,-1,-1,-1
219,876,0.4222282568,0.4464541843,0.003151538300000034,0.02169618000000001,-1,-1,-1,-1
220,876,0.4222282568,0.4463148526,0.003151538300000034,0.02169618000000001,-1,-1,-1,-1
221,876,0.4221499349,0.4463844531,0.0031515382999999786,0.021696180099999962,-1,-1,-1,-1
222,876,0.4223067256,0.4464541843,0.003151538399999987,0.02169618000000001,-1,-1,-1,-1
