169,1256,0.7592078937,0.4308085522,0.0045651532000000605,0.01384633350000003,-1,-1,-1,-1
170,1256,0.7525584666,0.43301331,0.004565153299999958,0.01384633350000003,-1,-1,-1,-1
171,1256,0.7463557537,0.4354827589,0.004912532200000097,0.01384633350000003,-1,-1,-1,-1
172,1256,0.7429530856,0.4371457292,0.0051144352000001,0.015445057099999993,-1,-1,-1,-1
173,1256,0.7390400761,0.4388088301,0.005369679399999994,0.01582309390000003,-1,-1,-1,-1
174,1256,0.7332129556,0.4403963236,0.005369679399999994,0.01582309390000003,-1,-1,-1,-1
175,1256,0.7268754937,0.4422106392,0.0055398421999999226,0.015898570700000003,-1,-1,-1,-1
176,1256,0.721218683,0.443722656,0.0055398421999999226,0.015898570700000003,-1,-1,-1,-1
177,1256,0.7179861777,0.4443273843,0.005964955300000074,0.015974047499999977,-1,-1,-1,-1
178,1256,0.7160295995,0.4453101495,0.005964955299999963,0.015974047500000033,-1,-1,-1,-1
179,1256,0.7144984283,0.4461417,0.005709858000000012,0.015898440100000022,-1,-1,-1,-1
180,1256,0.7129246429,0.446897643,0.005709858000000012,0.015898440099999966,-1,-1,-1,-1
181,1256,0.7111808416,0.4475779787,0.005709858000000012,0.01589844020000003,-1,-1,-1,-1
182,1256,0.7088414706,0.4481072303,0.005709858000000012,0.015898440100000022,-1,-1,-1,-1
183,1256,0.7066722623,0.4490142575,0.00570985810000002,0.01627647700000001,-1,-1,-1,-1
184,1256,0.7045396435,0.4492086951,0.006055032799999971,0.01662395750000001,-1,-1,-1,-1
185,1256,0.7016812613,0.4502491779,0.006055032800000082,0.0166239574,-1,-1,-1,-1
186,1256,0.6961467091,0.4511935517,0.005478125100000009,0.015639886400000025,-1,-1,-1,-1
187,1256,0.6893722315,0.4515869973,0.005832557500000002,0.015954590699999993,-1,-1,-1,-1
188,1256,0.6795426118,0.4525313712,0.0060382811000000425,0.01796530260000001,-1,-1,-1,-1
189,1256,0.6727493252,0.4534757451,0.006303811400000026,0.018437489500000015,-1,-1,-1,-1
190,1256,0.6714210856,0.4538130401,0.006076046000000002,0.018167575200000008,-1,-1,-1,-1
191,1256,0.6713451148,0.4546899027,0.006076046000000002,0.018167575200000008,-1,-1,-1,-1
192,1256,0.6720281171,0.4546899027,0.0067974011000000445,0.022484507700000045,-1,-1,-1,-1
193,1256,0.6716106452,0.4560389523,0.006266046399999947,0.018437358999999987,-1,-1,-1,-1
194,1256,0.6677395152,0.457590405,0.006797401000000036,0.018774654,-1,-1,-1,-1
195,1256,0.6614014655,0.4603560154,0.006607841400000036,0.019314091000000033,-1,-1,-1,-1
196,1256,0.6529002323,0.4638634659,0.0066078414999999335,0.019583874800000012,-1,-1,-1,-1
197,1256,0.6419320795,0.4682479096,0.00698740149999999,0.020460737499999992,-1,-1,-1,-1
198,1256,0.6303189832,0.4729695178,0.007404726500000014,0.022079570800000003,-1,-1,-1,-1
199,1256,0.6180225908,0.478163313,0.007404726500000014,0.02207957080000006,-1,-1,-1,-1
200,1256,0.6070924968,0.4865272636,0.008353553099999966,0.02268651900000007,-1,-1,-1,-1
201,1256,0.5946063979,0.4911813605,0.009340291499999931,0.02619410019999996,-1,-1,-1,-1
202,1256,0.5824238882,0.4980615003,0.008960878399999928,0.02693594029999996,-1,-1,-1,-1
203,1256,0.569216728,0.5052788044,0.009378203399999951,0.029026960700000104,-1,-1,-1,-1
204,1256,0.5554782133,0.5134404825,0.0098337342,0.03084806650000005,-1,-1,-1,-1
205,1256,0.5385393743,0.5238100524,0.01018140710000004,0.033046425799999946,-1,-1,-1,-1
206,1256,0.5192164929,0.5359637732,0.0113106825999999,0.035722456500000055,-1,-1,-1,-1
207,1256,0.4997681201,0.5484519163,0.012502703800000015,0.039067462200000014,-1,-1,-1,-1
208,1256,0.4782495803,0.5628355975,0.013255505200000017,0.04118603529999998,-1,-1,-1,-1
209,1256,0.4548488167,0.5786687462,0.014447526400000021,0.045646086500000016,-1,-1,-1,-1
210,1256,0.4333928756,0.5952825182,0.01595327609999997,0.04899096160000005,-1,-1,-1,-1
211,1256,0.4116143894,0.6170731096,0.0161056584,0.050189710500000095,-1,-1,-1,-1
212,1256,0.3813664102,0.643307821,0.01723493389999997,0.054203691200000015,-1,-1,-1,-1
213,1256,0.3359541048,0.6787174013,0.020578236100000036,0.06755668339999998,-1,-1,-1,-1
214,1256,0.2682182927,0.7296682782,0.027245149599999963,0.07798384019999993,-1,-1,-1,-1
215,1256,0.1707481491,0.8043174287,0.03271210690000001,0.08935876600000003,-1,-1,-1,-1
216,1256,0.0168097474,0.9368835192,0.0327121069,0.08935876599999992,-1,-1,-1,-1
