0,1259,0.11856099880000001,0.2405501892,0.0832517786,0.1744974918
0,1259,0.0789010922,0.22505857935,0.0582772296,0.1646284453
0,1259,0.79807686655,0.7646022765,0.5355264055,0.5325221364
0,1259,0.9327596143500001,0.6722012608,0.6239859297,0.460295425
0,1259,0.92774098755,0.67108947995,0.6209509191,0.4608511849
0,1259,0.9616579734,0.671738084,0.643632091,0.4601368976
0,1259,0.9564980585999999,0.6704596145,0.6399730032,0.4585687304
0,1259,0.91645587345,0.6691863028,0.6139862941,0.4583906156
0,1259,0.9374830499,0.671452552,0.6277354036,0.4610045934
0,1259,0.91646625225,0.6728662247,0.6136017507,0.4624168086
0,1259,0.9378739760999999,0.67241450225,0.6275316736,0.4609492089
0,1259,0.9556620861,0.66895536735,0.6401666772,0.4591267101
0,1259,0.9919765598999999,0.6673098299,0.6635897766,0.4576538682
0,1259,0.9771737195000001,0.6670284242,0.6531939762,0.4573310678
0,1259,0.9724480283000001,0.6663306556999999,0.650373065,0.45665922
0,1259,1.01999728735,0.65962321155,0.6818759581,0.4509873617
0,1259,1.015608689,0.6584930838,0.6794080098,0.4511013604
0,1259,0.8968650371,0.6681052742,0.6001212594,0.4587420136
0,1259,0.93007139485,0.6661263591,0.6225482157,0.4578390344
0,1259,0.8944835661999999,0.66961670335,0.5986528338,0.4584428487
0,1259,0.9315528985500001,0.6655240465000001,0.6236923327,0.4572345672
0,1259,1.1659838848000001,0.62856405815,0.779645503,0.4264434347
0,1259,1.0532932819,0.6616502464,0.7061541328,0.4516363576
0,1259,1.0602557761,0.66229839345,0.7100371654,0.4540091753
0,1259,0.9953259602,0.6741637878,0.6675589192,0.4614920846
0,1259,1.0414552857000001,0.66885227235,0.698066404,0.4576120817
0,1259,1.1349847359,0.6416588667500001,0.759277426,0.4380136975
0,1259,1.0501321921,0.6478065245,0.702320033,0.4429993586
0,1259,1.0564651651,0.6495887428,0.7066280054,0.4444205486
0,1259,1.0540524019,0.64857167365,0.7047963572,0.4430195989
0,1259,0.9579415768499999,0.6697352724,0.6408777461,0.4576233118
0,1259,0.98318599115,0.66900825335,0.6582477229,0.4589130769
0,1259,1.13491888905,0.6293984814,0.7586899111,0.4278247382
0,1259,1.1365907604999999,0.62959677115,0.7590336164,0.4268880687
0,1259,1.2285752849,0.59746200825,0.8200363896,0.4031325999
0,1259,1.1576160046,0.62124019845,0.7733067186,0.4213183261
0,1259,1.16786302275,0.6220970819,0.7803479021,0.4225651294
0,1259,1.16058231825,0.62327219535,0.7753852615,0.4230268697
0,1259,1.1568293323,0.6265639886000001,0.7729777078,0.4253683476
0,1259,1.2304249492500001,0.61900458395,0.8218339655,0.4172777239
0,1259,1.00152837925,0.67320446215,0.6717703749,0.4630573791
0,1259,1.0408738227,0.6753135029,0.6980734574,0.463028912
0,1259,1.1354774611,0.64845677515,0.7591824624,0.4398964423
0,1259,1.14347155315,0.6486903080499999,0.7642614935,0.4397387093
0,1259,1.06156336995,0.6684329714,0.7121277579,0.4576943488
0,1259,1.02950700695,0.673052921,0.6897207861,0.4607010148
0,1259,1.01111862495,0.67755867605,0.6773263811,0.4629412911
0,1259,1.1539331116,0.65386059825,0.771310612,0.4428878409
0,1259,1.1283368365,0.6451998333,0.7548042334,0.4405219442
0,1259,1.2017868415500002,0.62650718525,0.8031558879,0.4241121423
0,1259,1.1399161353,0.6476210971499999,0.7620057344,0.4380899725
0,1259,1.14637188825,0.6493448536499999,0.7655406533,0.4384123811
0,1259,1.2051234577,0.6297270601,0.8049692434,0.4249701358
0,1259,1.2051539121000001,0.6294907706499999,0.8049128408,0.4244310469
0,1259,1.20946650295,0.6240613064,0.8077773213,0.422310232
0,1259,1.21035471445,0.62513371665,0.8083020633,0.4223341287
0,1259,1.21915189575,0.62564351135,0.8142080935,0.4228070991
0,1259,1.2149489629499999,0.62538659,0.8112973987,0.423166332
0,1259,1.2713199431,0.59156881235,0.8488747214,0.3988118805
0,1259,1.2294798074,0.61681514355,0.8211691918,0.4159861133
0,1259,1.0957467677500001,0.66460593995,0.7335180143,0.4523644865
0,1259,1.2254697309,0.62557979955,0.8189558526,0.4233305357
0,1259,1.23245868825,0.6234532797,0.8236248507,0.4234524992
0,1259,1.2636244851,0.6067314844,0.8435592648,0.4086720474
0,1259,1.23660643965,0.6191243022,0.8255785829,0.4179238296
0,1259,1.24969104725,0.598900964,0.8341707753,0.4040541218
0,1259,1.2383933694,0.6169909078,0.8269050592,0.4157145014
0,1259,1.24821005785,0.600847821,0.8333392111,0.4052463416
0,1259,1.2476805401,0.6087505537,0.8331098294,0.4109431412
0,1259,1.2502317329,0.60692951305,0.8348239476,0.4094655983
0,1259,1.2522132184,0.60840764355,0.836303541,0.4103453337
0,1259,1.2505637806,0.5965621631,0.834875052,0.4026107916
0,1259,1.2495189742,0.5939149259000001,0.8340170704,0.4011849594
0,1259,1.2562796389,0.60853528815,0.8388542196,0.4107131851
0,1259,1.2455184586499999,0.60620621565,0.8316081941,0.4092739029
0,1259,1.2530638854,0.6047597514,0.8367966898,0.4075115592
0,1259,1.2515513762,0.60135115195,0.8356834314,0.4058077165
0,1259,1.2572763696,0.60239659675,0.8392982886,0.4058270427
0,1259,1.2549164262999999,0.5973122299,0.837827365,0.4019803384
0,1259,1.26849102335,0.59455014535,0.8468499605,0.4000508489
0,1259,1.2550954058000001,0.59361491225,0.8379140628,0.3990336099
0,1259,1.2622593622,0.58787632625,0.8425094868,0.3952827533
0,1259,1.266111022,0.58367926865,0.8450788274,0.3921555595
0,1259,1.256283386,0.58483179125,0.8383653322,0.3932720413
0,1259,1.1952622447,0.6138623429,0.7985742768,0.4158120466
0,1259,1.20495006205,0.61267998205,0.8047233547,0.4136275291
0,1259,1.05802727545,0.64975925785,0.7079480425,0.4437267041
0,1259,1.06273246765,0.6489856208,0.7113330771,0.4429195726
0,1259,0.286877936,0.6277244768,0.1932579092,0.4254224088
0,1259,1.10787428845,0.6174766753500001,0.7399505289,0.4175329957
0,1259,1.1519824112500001,0.5958186907,0.7688633831,0.4016294628
0,1259,1.1533769232,0.5952823877,0.7698455662,0.4015829754
0,1259,1.1609446856,0.59489867045,0.774953242,0.4007742769
0,1259,1.1573728833499999,0.5994223153,0.7728492775,0.402860988
0,1259,1.1590068273,0.59992727855,0.7740883598,0.4038938969
0,1259,1.22900473285,0.60291618525,0.8204694377,0.4069456139
0,1259,1.2220562719,0.60220966775,0.8158371304,0.4057276693
0,1259,1.2906777975,0.55590720745,0.8610635498,0.3730505313
0,1259,1.3014366265500001,0.5554301889,0.8681758549,0.3729003612
0,1259,1.43422826035,0.6040587184,0.9579753743,0.4083210412
0,1259,1.4613007491,0.60490306585,0.9760687634,0.4082703751
0,1259,1.4413653257,0.60529866605,0.96248557,0.4085018981
0,1259,1.4596792799,0.61130821115,0.9753515228,0.4132783511
0,1259,1.4871788655,0.61174226795,0.9930268522,0.4155413487
0,1259,1.4826473627499999,0.61866158245,0.9908567623,0.4193979773
0,1259,0.8620380183,0.71998942545,0.5784554802,0.4973874325
0,1259,0.9018866028,0.70579580735,0.6060255262,0.4856779539
0,1259,0.6540912248499999,0.6869442402,0.4395257895,0.4694585416
0,1259,0.9201934301999999,0.7100408541500001,0.6175688234,0.4885339275
0,1259,0.88824103105,0.7064940982,0.5959302291,0.4866310768
0,1259,0.43791063890000004,0.80017528115,0.2990328934,0.5658929295
0,1259,0.5741109655500001,0.856686107,0.3926000933,0.6014435392
0,1259,0.49222879165,0.88331269695,0.3356136323,0.6273245021
0,1259,0.6269673787,0.8393076427999999,0.4250647442,0.5832126314
0,1259,0.62465644165,0.7686877513,0.4212113945,0.5389119382
0,1259,0.7192155230999999,0.77692173945,0.4871463906,0.5354247933
0,1259,0.5595955503500001,0.7611126505,0.3805664393,0.5250709586
0,1259,0.27512138425,0.69958366325,0.1874002975,0.4873837553
0,1259,0.2974023504,0.6915024241000001,0.2022896888,0.4865963418
0,1259,0.30078742175,0.6842208733,0.2045343535,0.475753018
0,1259,0.3012177146,0.68447609705,0.2051038404,0.4731284369
0,1259,0.33024883694999996,0.6597849141,0.2229666219,0.450301569
0,1259,0.15045605239999998,0.7076635966,0.104390538,0.4901288642
0,1259,0.14544209119999998,0.70489798615,0.1001109732,0.4880254385
0,1259,0.7636995742499999,0.6948190281,0.5115925239,0.4784449798
0,1259,0.25960468305,0.70584457995,0.1766665227,0.4833479673
0,1259,0.2964810393,0.6899050063000001,0.200292921,0.4788277176
0,1259,0.29473679725,0.70002823195,0.2003389149,0.4801255787
0,1259,0.3737929904,0.70255004455,0.2522732456,0.4819270973
0,1259,0.32291700760000003,0.691588123,0.2183501556,0.478783821
0,1259,0.3132150731,0.6974716661,0.2126090776,0.4783947054
0,1259,0.30903535765,0.6919101686,0.2091354349,0.4784238254
0,1259,0.1516977045,0.6838262524,0.1039090714,0.4725746358
0,1259,0.1584261881,0.68541211365,0.1086502652,0.4711182473
0,1259,0.33866835195,0.7013391840000001,0.2296081519,0.4819111008
0,1259,0.34345059935,0.6993175095999999,0.2338548867,0.4815717818
0,1259,0.2727222065,0.9115079112,0.1895307122,0.6539198828
0,1259,0.29673371205,0.9225326796500001,0.2059811781,0.6588367121
0,1259,0.34714164715,0.6626944506,0.2348663855,0.4511248652
0,1259,0.34317257025000003,0.6625686892,0.2315339419,0.4507751442
0,1259,0.3713165927,0.6634466068,0.2503484076,0.4519961128
0,1259,0.70946025775,0.70664857745,0.4763364979,0.4889298541
0,1259,0.7414750352,0.74478230825,0.5006849126,0.5198652805
0,1259,0.35050275355,0.7020482380499999,0.2370320829,0.4814476999
0,1259,0.30968481975,0.6599706267,0.2101532523,0.448837318
0,1259,0.7642462847,0.710818819,0.5132816614,0.4915964828
0,1259,0.7815995954999999,0.6925724838,0.5236857154,0.4777411392
0,1259,0.39655931720000004,0.7029873658,0.267496056,0.4877957436
0,1259,0.39032464355,0.70530370655,0.2638698839,0.4885516867
0,1259,0.3783530005,0.71922584325,0.2554122936,0.4998639329
0,1259,0.42720882475,0.69583802995,0.2876597591,0.4824485139
0,1259,0.4565250965,0.7333092496,0.3091145246,0.5145838644
0,1259,0.5099022842,0.667177419,0.3429487066,0.4608740368
0,1259,0.28831278455,0.65197661685,0.1943566201,0.4480290113
0,1259,0.38935700804999995,0.6616790398,0.2633079647,0.4561588272
0,1259,0.762456416,0.6972482575,0.5105192346,0.4798973202
0,1259,0.1265422656,0.68332465175,0.0871903566,0.4716133515
0,1259,0.12850156235,0.70117892645,0.0897643995,0.4856672461
0,1259,0.5154946593499999,0.68407331485,0.3471034413,0.4744910671
0,1259,0.5205448795000001,0.6849891564,0.3503742994,0.4737695978
0,1259,0.2436600768,0.78602965215,0.1698917512,0.5572123159
0,1259,0.10852154105,0.7035794277,0.0760626211,0.490735943
0,1259,0.0998482715,0.70007915925,0.0706536338,0.4877698883
0,1259,0.1133305869,0.69759782735,0.0793309076,0.4862462497
0,1259,0.442884374,0.67607976205,0.2973203916,0.4657505161
0,1259,0.4374277763,0.67496563065,0.2944881656,0.4649291511
0,1259,0.4445497063,0.6733029868,0.2993162042,0.4642620042
0,1259,0.44053883120000004,0.67172371995,0.2969628734,0.4649198797
0,1259,0.4840287231,0.6836162755,0.3259615226,0.472649068
0,1259,0.3245642554,0.67398031915,0.2190868724,0.4655456319
0,1259,0.15668863205,0.68910081295,0.1075096749,0.4767970265
0,1259,0.14279020395,0.69198433955,0.0983541673,0.4768604897
0,1259,0.12171389645,0.68346042515,0.0841758449,0.4715089507
0,1259,0.4366860693,0.6903049157500001,0.2951053364,0.4782060135
0,1259,0.23855978505000003,0.4589482036,0.1629158849,0.3192048978
0,1259,0.25064616735,0.46203686215000006,0.1712460079,0.3192494611
0,1259,0.306538204,0.45844095515,0.207082387,0.3178187627
0,1259,0.3252055252,0.45835176730000005,0.2188827652,0.3172050242
0,1259,0.34708209754999997,0.4638147586,0.2347932801,0.3186987594
0,1259,0.3389068198,0.4569567122,0.2287530764,0.317875749
0,1259,0.33048024114999996,0.45708806425000004,0.2231355859,0.3177315335
0,1259,0.24184102745000002,0.7031397160999999,0.1646138067,0.4799270136
0,1259,0.6474073391999999,0.6898981507,0.4363536788,0.4771378472
0,1259,0.5795937929,0.70015992455,0.389698803,0.4865185145
0,1259,0.7796699327000001,0.7171327989,0.52303509,0.4979985594
0,1259,0.7908038766500001,0.7168715683,0.5299834775,0.4948278816
0,1259,0.782520637,0.7131264573,0.5245046176,0.4937604988
0,1259,0.7778557078499999,0.7127954301999999,0.5208286311,0.4916461042
0,1259,0.30293216355,0.7865402957,0.2077449639,0.5561176414
0,1259,0.4066477813,0.78208403155,0.2771602152,0.5525618753
0,1259,0.39826469215000004,0.7835178292,0.2714854771,0.5542834772
0,1259,0.5730984382,0.69940150045,0.3846598978,0.4862416793
0,1259,0.07442083664999999,0.8642095621999999,0.0594976847,0.6044125974
0,1259,0.09840247555000001,0.8608246635,0.0761865695,0.6022889314
0,1259,0.18542593895,0.8032820387499999,0.1305050161,0.5707622267
0,1259,0.19685193695000003,0.79890993505,0.1362394875,0.5662559493
0,1259,0.20549669905,0.8004752948,0.1432979371,0.569878182
0,1259,0.20687530415,0.7916161746499999,0.1453737615,0.5625759991
0,1259,0.2130386725,0.7991718838999999,0.146741456,0.564419957
0,1259,0.13040630555,0.69854964435,0.0905700277,0.4853658613
0,1259,0.30962479249999997,0.77395865545,0.2119374636,0.5413315045
0,1259,0.5753104075000001,0.6776097338,0.3860811538,0.4659031672
0,1259,0.56772376265,0.678495672,0.3809051485,0.466445477
0,1259,0.549536108,0.6764630873499999,0.3695952006,0.4669661101
0,1259,0.5525446684499999,0.67459157655,0.3704548313,0.4656675961
0,1259,0.7940895026499999,0.7066720171,0.5324093993,0.4875139462
0,1259,0.7881004484,0.70829816305,0.528084208,0.4879276321
0,1259,0.7208718918,0.6946537104,0.482945515,0.4785215012
0,1259,0.7516587933500001,0.69856433495,0.5034924517,0.4805707351
0,1259,0.7723841952499999,0.70748881165,0.5174703405,0.4886285999
0,1259,0.73258895195,0.69777633385,0.4912574825,0.4801757225
0,1259,0.7621182210999999,0.7165255895,0.5108426614,0.4956013228
0,1259,0.77063245895,0.7154202072,0.5170080503,0.4944600302
0,1259,0.7891000445999999,0.7185142983,0.5293671884,0.496295892
0,1259,0.80024666255,0.7145421693,0.5364348221,0.4960079572
0,1259,0.7830789561,0.71942217425,0.524807766,0.4968959193
0,1259,0.68295145155,0.691051718,0.4596772961,0.4770673326
0,1259,0.7271374239999999,0.7471959983,0.4887185596,0.5229324062
0,1259,0.7412677686,0.71144749065,0.496944417,0.4909073981
0,1259,0.7035078663,0.7647967141,0.473480026,0.5321027048
0,1259,0.6977892649999999,0.76123800995,0.4688184766,0.5324971951
0,1259,0.7705531084499999,0.72128709065,0.5172502163,0.5003546625
0,1259,0.69111324085,0.7694236498,0.4651326447,0.5377587626
0,1259,0.6836908809,0.7707601635000001,0.4594800954,0.537658214
0,1259,0.16089406295,0.6948369179,0.1117831415,0.4840629074
0,1259,0.36906215615000004,0.73490235815,0.2504218803,0.5147982811
0,1259,0.3098829756,0.7484261524,0.2114124276,0.523455651
0,1259,0.46200711569999997,0.74636405615,0.3117338266,0.5222745307
0,1259,0.19863320925,0.7238394596,0.1382020905,0.5093614716
0,1259,0.1999250799,0.94956816245,0.1440017322,0.6904639655
0,1259,0.2898148238,0.8219901609,0.2004305354,0.5825119248
0,1259,0.27431101705,0.8239788695999999,0.1901260615,0.5844000196
0,1259,0.2539228548,0.8245842508499999,0.1777475266,0.5852386215
0,1259,0.27421553925000003,0.7857794558,0.1908208929,0.5547550112
0,1259,0.35274019405,0.7602857357499999,0.2419466565,0.5363111231
0,1259,0.3256655746,0.98561560065,0.2281821324,0.7138363047
0,1259,0.2649232989,0.97045312445,0.1901465604,0.7084790201
0,1259,0.2435407571,0.97191754385,0.1740182724,0.7044203801
0,1259,0.39728500715000004,0.9079040254499999,0.2726802903,0.6443530047
0,1259,0.21076932095,0.91564255035,0.1498975497,0.6554160991
0,1259,0.19758089634999998,0.93245748485,0.1385996513,0.6556343027
0,1259,0.20751135745,0.9488512903999999,0.1494426801,0.6928698206
0,1259,0.11279081965,0.8140995071,0.0817413267,0.5786468084
0,1259,0.08804936275,0.8997282444,0.0733599275,0.664540302
0,1259,0.8046719238000001,0.7472538138,0.5432169408,0.5165986244
0,1259,0.7955412499000001,0.7212681562500001,0.5337208872,0.5019010225
0,1259,1.07819127235,0.65169599465,0.7211531453,0.4464058687
0,1259,0.82192743015,0.71851462475,0.5515563871,0.4992683453
0,1259,0.68318267025,0.6924237502,0.4581671381,0.4749095846
0,1259,1.03035679235,0.65880158535,0.6887624081,0.4520106075
0,1259,0.4150615366,0.6763216937,0.2796725974,0.4662438516
0,1259,1.1688253683999998,0.6250230478500001,0.7807552348,0.4239829961
0,1259,0.56485470375,0.6186814638,0.3781035019,0.420896531
0,1259,0.56043419405,0.61877764695,0.3752082217,0.4208558023
0,1259,0.9743551594,0.67140444535,0.6522461782,0.4619796803
0,1259,0.96691127205,0.670736972,0.6471681855,0.4615616852
0,1259,0.2796054604,0.6880776324,0.1894780322,0.4764976004
0,1259,1.223197303,0.61082838515,0.8167243868,0.4135493101
0,1259,1.2011845123,0.61633714565,0.8023415164,0.4183746009
0,1259,1.1970201527,0.6161889996000001,0.7997372028,0.418745064
0,1259,0.5606506919500001,0.6165163051,0.3750817017,0.418550104
0,1259,1.21555011665,0.6100152468,0.8117949559,0.4116618682
0,1259,0.6279878412,0.6243207089,0.4198339282,0.4234302396
0,1259,0.8154261975499999,0.6583935798,0.5455620427,0.4513828966
0,1259,0.8497479445,0.6739924633,0.5687385676,0.4608501402
0,1259,0.8681116396999999,0.67004396975,0.5816511022,0.4597113287
0,1259,0.6312601686,0.62538071375,0.4220172432,0.4230464571
0,1259,0.62834462455,0.6252375299,0.4202932795,0.4244493068
0,1259,0.62545406135,0.6256717172499999,0.4186668877,0.4249034733
0,1259,1.20287869875,0.61527891465,0.8031158517,0.4177927443
0,1259,0.6656428979,0.61919808135,0.445016258,0.4191870863
0,1259,0.67131700865,0.61950750705,0.4487856227,0.4200973781
0,1259,0.66787463145,0.61867620775,0.4466971667,0.4200307809
0,1259,0.766474222,0.6579746706,0.5123605096,0.448538806
0,1259,0.6644895969,0.6526256453,0.4447568994,0.445717241
0,1259,0.649391837,0.62164644115,0.4344545562,0.4215228185
0,1259,0.6514475299,0.6215484388,0.435443352,0.4214302354
0,1259,0.6356204799,0.61848934395,0.4250607766,0.4188513583
0,1259,0.67522873035,0.6220322675000001,0.4513969219,0.4220557264
0,1259,0.63213486125,0.6181201214500001,0.4229660697,0.4193336001
0,1259,0.6777079983000001,0.61999287275,0.4533639332,0.4216993663
0,1259,0.65984626865,0.61604118,0.4412287399,0.417555717
0,1259,0.67647556715,0.6083300775,0.4523032813,0.4125357274
0,1259,0.597745152,0.6111996317,0.3996547958,0.4139389688
0,1259,0.5958330982,0.61054711,0.3983637334,0.4137052258
0,1259,0.5933291483500001,0.6108689963,0.3968258027,0.4137383938
0,1259,0.62692799735,0.61749234515,0.4193876549,0.4186126531
0,1259,0.635345583,0.62510432405,0.4249692296,0.4241923201
0,1259,0.62439576045,0.61782533105,0.4174716337,0.4189111651
0,1259,0.599412909,0.6107671419,0.4008190444,0.413117865
0,1259,0.63665034685,0.62025051245,0.4257739027,0.4207774527
0,1259,0.66899450245,0.61940211675,0.4470874537,0.4195473639
0,1259,0.66128074975,0.616637747,0.4421559655,0.417812312
0,1259,0.67388421285,0.6180814526,0.4506818803,0.4193205744
0,1259,0.6579767556,0.6161792059,0.4400542052,0.417764127
0,1259,0.67111545055,0.6188994235,0.4486281047,0.4198226322
0,1259,0.60566434025,0.61159487415,0.4051310033,0.4142417477
0,1259,0.66988822445,0.61429398385,0.4477560553,0.4158834753
0,1259,0.8907937667999999,0.66568172515,0.5964656982,0.4563733745
0,1259,0.89952181025,0.6668603643,0.6033190855,0.4573083464
0,1259,0.6781839104,0.6208678942,0.4533118852,0.4207923652
0,1259,0.6686117096499999,0.65366772765,0.4472285213,0.4447222663
0,1259,0.62544363855,0.62445810455,0.4181983463,0.4237648435
0,1259,0.60858168245,0.6126502004500001,0.4068729823,0.4146146393
0,1259,0.6180667478999999,0.61501277625,0.4135354068,0.4173247163
0,1259,0.8094236977,0.6518868412500001,0.541867688,0.4448400519
0,1259,0.7096299062,0.75022270875,0.477983903,0.5244177841
0,1259,0.7170127378,0.7458522373,0.4822973388,0.5205091836
0,1259,0.2839298436,0.6604613564,0.1919910928,0.4533178706
0,1259,0.48489680315000006,0.8649124886999999,0.3295800535,0.6088659888
0,1259,0.7589633764500001,0.73993481835,0.5092857747,0.5134844889
0,1259,0.71081759255,0.6918604165,0.4767861509,0.4773232746
0,1259,0.62504592045,0.7336118749,0.4219010093,0.5033309028
0,1259,0.64302998215,0.67896433315,0.4321542727,0.4689017371
0,1259,0.64208321285,0.68399868685,0.4308588019,0.4731691787
0,1259,0.6038786537,0.6251442286,0.4040522844,0.4247730212
0,1259,0.5975034268,0.6259146663,0.399780875,0.4251840954
0,1259,0.6126882518,0.6252560073,0.4104266296,0.4250007574
0,1259,0.6024742229,0.62460518335,0.4035440002,0.4243188547
0,1259,0.6110726603500001,0.6096586255499999,0.4085864321,0.4132189359
0,1259,0.74194467265,0.69135401695,0.4970712309,0.4753365899
0,1259,0.70022797115,0.6916945111999999,0.4694406435,0.4778702854
0,1259,0.6412559100999999,0.6834587928,0.4299803622,0.4682424252
0,1259,0.64053653885,0.68207233125,0.4303199531,0.4684642851
0,1259,0.63467635565,0.6801614498,0.4252764925,0.4675667904
0,1259,0.6169962505,0.6824831444,0.4141857872,0.464875351
0,1259,0.60963457905,0.68230901245,0.4087226505,0.4677652761
0,1259,0.66991526245,0.70960816835,0.4514346869,0.4851561455
0,1259,0.50722391015,0.7663257719500001,0.3460498427,0.5411114727
0,1259,0.5517704865,0.72119992675,0.3738094482,0.5054425551
0,1259,0.3462195647,0.81064513845,0.2399627464,0.5783113415
0,1259,0.3305630081,0.8146033604,0.227059102,0.580837855
0,1259,0.5427132119,0.7018556711,0.3670775848,0.48777028
0,1259,0.5414751968,0.7001343304000001,0.3644637198,0.4872597018
0,1259,0.35383670075,0.8647170717499999,0.2446433987,0.6140985669
0,1259,0.677247104,0.6952846206000001,0.4549222894,0.4821750738
0,1259,0.6616273939999999,0.7216639523,0.444655507,0.5015568066
0,1259,0.6579475134999999,0.7243848381,0.4416717804,0.5020915426
0,1259,0.6652955190500001,0.611781051,0.4447561647,0.4139249964
0,1259,0.55648912425,0.6830755980000001,0.3730225555,0.4688090234
0,1259,0.55331040105,0.68033440655,0.3717729317,0.4700983967
0,1259,0.2050750024,0.68445637915,0.1421926872,0.4751887703
0,1259,0.5077325617,0.68771317625,0.3412151916,0.4748666229
0,1259,0.5013025242,0.68859193225,0.3367166046,0.4746296153
0,1259,0.4953355851,0.6717270498,0.3334974714,0.4623483152
0,1259,0.70218410855,0.6870534073,0.4707516905,0.472619948
0,1259,0.41025257270000004,0.6624672368,0.2770142984,0.4507409522
0,1259,0.38058590955000005,0.69769700485,0.2580265995,0.4762675137
0,1259,0.40070714545,0.69915097755,0.2709210597,0.4766458117
0,1259,0.41198704295,0.6997408195,0.2779557777,0.4757259874
0,1259,0.74514044155,0.7019152168,0.4997982439,0.4835232092
0,1259,0.582703011,0.67586475765,0.3918268666,0.4620990329
0,1259,0.56686839335,0.67535548515,0.3814932241,0.4612016687
0,1259,0.5627265164,0.6735196235,0.3785929624,0.4604962612
0,1259,0.5548452459000001,0.67489204725,0.3746224972,0.4602431919
0,1259,0.53070358345,0.6688059808,0.3577314155,0.4582170712
0,1259,0.5255388929,0.6658967295,0.3534744068,0.4512549256
0,1259,0.5989683991,0.68595592525,0.4020783666,0.4741233463
0,1259,0.7483093618500001,0.69326441075,0.5016931861,0.4772383919
0,1259,0.74430307315,0.6941214555,0.4987474373,0.4782308242
0,1259,0.7611660883,0.69318204375,0.5102985226,0.4775982817
0,1259,0.7522405503,0.7069019079,0.5052152398,0.4885960848
0,1259,0.76039308195,0.7080605026,0.5097014833,0.4895502524
0,1259,0.67543460575,0.691970106,0.4536190305,0.4792075826
0,1259,0.66664131855,0.6903408913,0.4484199547,0.4781674916
0,1259,0.44309142,0.9173063041,0.3044714902,0.6533369618
0,1259,0.73420395555,0.6933956117,0.4921360691,0.4770207146
0,1259,0.77211344835,0.69330838245,0.5175948033,0.4762103185
0,1259,0.5476282422000001,0.6933286228,0.3692755944,0.4825422722
0,1259,0.5378385915999999,0.6949493496,0.362099368,0.482174682
0,1259,0.7211546148,0.69623591535,0.4833131724,0.4806234905
0,1259,0.17683293835,0.7035986886,0.1214681669,0.4863941998
0,1259,0.5074070041,0.6929537852000001,0.3423856118,0.4789012356
0,1259,0.68644897295,0.6945905737,0.4605685201,0.477795331
0,1259,0.68267850045,0.69351940405,0.4576037493,0.4773179207
0,1259,0.668361682,0.6844419497500001,0.448823026,0.4756527305
0,1259,0.47057395995,0.68767798415,0.3168952843,0.4794567343
0,1259,0.4646505902,0.69186531335,0.3134632272,0.4795122319
0,1259,0.4475300533,0.69155276375,0.3028977048,0.4814099899
0,1259,0.895454802,0.67178744435,0.5992522242,0.4596208349
0,1259,0.921794676,0.6681138352,0.6168152338,0.4585952966
0,1259,0.9121971014499999,0.67139902615,0.6102427127,0.4603548401
0,1259,0.9065709287999999,0.67091691495,0.607110865,0.4603172323
0,1259,0.9177804394,0.6709850138,0.6143219174,0.4602818444
0,1259,0.85125626575,0.67018049405,0.5699142779,0.4587639515
0,1259,0.846101641,0.6696625378,0.566085909,0.45903256
0,1259,0.8387655380500001,0.672460141,0.5613184119,0.4600636408
0,1259,0.7042735254,0.6334309395,0.471447624,0.4285553482
0,1259,0.6306007511,0.6500050144,0.4227753346,0.4431440442
0,1259,0.62207336165,0.65117927905,0.4166262567,0.4394207405
0,1259,0.6189635558,0.65030287345,0.4144776208,0.4389147327
0,1259,0.8226331354,0.66607419135,0.5514633706,0.4521233003
0,1259,0.8186024962,0.6687410812500001,0.5474633694,0.4525048629
0,1259,0.88139895855,0.668453277,0.5894046771,0.459870509
0,1259,0.8775088726,0.66814523245,0.5874456008,0.4589956051
0,1259,0.8736339219,0.67331839555,0.5853866016,0.4617279169
0,1259,0.7095878063000001,0.6416687473,0.4746763086,0.4370223286
0,1259,0.8646561448,0.6703900139,0.578362023,0.4592388806
0,1259,0.6181211912,0.64790152345,0.4140160652,0.4388631525
0,1259,0.8340469002500001,0.67134953535,0.5579752567,0.4597267375
0,1259,0.8484730461000001,0.6681482358999999,0.5676085574,0.4576793318
0,1259,0.84332194805,0.6678823696,0.5643024325,0.4576897784
0,1259,0.64223295025,0.61028268015,0.4293581953,0.4128470365
0,1259,0.6533242432999999,0.60713720475,0.4366202378,0.4106109389
0,1259,0.65064799995,0.6076885901,0.4352664297,0.4110302398
0,1259,0.88519059115,0.6720409706,0.5930453967,0.4614420714
0,1259,0.89138110765,0.6710169413,0.5967569441,0.4615264278
0,1259,0.7553865046999999,0.6517977839,0.5057148542,0.4437152128
0,1259,0.7517089752,0.65295696625,0.5029715302,0.4452738475
0,1259,0.62116222655,0.60596039375,0.4151019919,0.4086663017
0,1259,0.6537829334,0.60741580295,0.436713842,0.4107434803
0,1259,0.8168580337,0.6634042981,0.5468657424,0.4538454246
0,1259,0.58503040595,0.60881636735,0.3909955963,0.4115182273
0,1259,0.64721844075,0.6228198571,0.4331066259,0.4231744282
0,1259,0.6598732332,0.6248690909,0.441295894,0.424182004
0,1259,0.6051946967999999,0.6059140369,0.4044693154,0.4098773254
0,1259,0.60616497735,0.6067293951,0.4050888373,0.4102212802
0,1259,0.6352912487,0.60668911035,0.4246870944,0.4099547609
0,1259,0.6370817051500001,0.6067337043500001,0.4258310645,0.4098916895
0,1259,0.63835197485,0.6076524839999999,0.4264460311,0.4098728856
0,1259,0.5918711559000001,0.60554598965,0.3953463562,0.4082689387
0,1259,0.41727994334999996,0.63019105295,0.2794353711,0.4270510359
0,1259,0.50665236595,0.64190862765,0.3396540435,0.4372095841
0,1259,0.5078052262,0.6418424876,0.3402275714,0.4365675092
0,1259,0.85564148435,0.6654167729,0.5733203257,0.4569513334
0,1259,0.6398277476500001,0.65066654615,0.4283504437,0.4438319537
0,1259,0.8630276957,0.6664876161,0.5776898946,0.457019367
0,1259,0.8546958906,0.6630986693,0.5718355892,0.4545807356
0,1259,0.8659110586500001,0.6607912735,0.5793145231,0.4522346874
0,1259,0.86199092225,0.6701810162999999,0.5771146033,0.461145257
0,1259,0.42429857075,0.617980855,0.2840554819,0.4171731098
0,1259,0.7349306741,0.6530549032499999,0.4923742676,0.4463472371
0,1259,0.75073333105,0.6605422524,0.5025367187,0.4489716876
0,1259,0.6470199910500001,0.6400375738,0.4330744449,0.4363483914
0,1259,0.63087759625,0.6331796332,0.4221467021,0.430754491
0,1259,0.6288110294,0.6322366304,0.420930141,0.430959114
0,1259,0.62013162485,0.6335637421,0.4153134463,0.4312019978
0,1259,0.6537783046,0.60703077985,0.4368641672,0.4108394585
0,1259,0.64859612755,0.6077135967,0.4334826593,0.4103941716
0,1259,0.8832434173999999,0.6640425861,0.5914298788,0.4564312226
0,1259,0.37948080660000005,0.66021102945,0.2557202912,0.4467331089
0,1259,0.8292979918,0.6668732267,0.5555011368,0.458365152
0,1259,0.84819113135,0.66782093045,0.5673677139,0.4570926239
0,1259,0.89138360575,0.65999217285,0.5962846615,0.4518495991
0,1259,0.66149697995,0.6262810813,0.4426680703,0.4260114672
0,1259,0.6570379213499999,0.62737046725,0.4397030057,0.4260852465
0,1259,0.6390660561,0.60959000435,0.427132707,0.4120631487
0,1259,0.6360472829,0.6101768429,0.425073267,0.4123655782
0,1259,0.7062408306,0.6449579942,0.4727392742,0.439539179
0,1259,0.6128562839,0.6053617375,0.4100012226,0.409357737
0,1259,0.60153884175,0.6039190602,0.4021328833,0.407849246
0,1259,0.5977365557000001,0.60372024805,0.3994600932,0.4080290583
0,1259,0.60528810995,0.59706834075,0.4045779277,0.4023634941
0,1259,0.60832625055,0.6331366715,0.4071419587,0.4304139314
0,1259,0.6055431779,0.6326916457,0.4054225504,0.431045168
0,1259,0.5127276772,0.6072600178,0.3434017394,0.4120069982
0,1259,0.6092757384,0.6457555931500001,0.4080467016,0.4414420297
0,1259,0.77239279155,0.6927617634,0.5173617479,0.4772876256
0,1259,0.90224309245,0.8085696575,0.6075020337,0.5683742614
0,1259,0.71365334515,0.68860388065,0.4780228435,0.4730880869
0,1259,0.7167628571,0.68707678155,0.480242601,0.4732827857
0,1259,0.1799931465,0.6850687466000001,0.1247378494,0.4753314972
0,1259,0.7449524249,0.69995758675,0.4987195176,0.4809158651
0,1259,0.7899989831500001,0.6964164459,0.5299269035,0.478236831
0,1259,0.88078986985,0.6945801271500001,0.5905429163,0.4754362245
0,1259,0.7890130528500001,0.70649762395,0.5301201367,0.4844887375
0,1259,0.46103494494999997,0.6692558827499999,0.3094461053,0.4550312069
0,1259,0.75659645325,0.70330363705,0.5085785265,0.4816160493
0,1259,0.51808060485,0.67511123035,0.3483479221,0.4612185139
0,1259,0.77532457305,0.66026724525,0.5187846203,0.4505833389
0,1259,0.66664131855,0.6903408913,0.4484199547,0.4781674916
0,1259,0.63835197485,0.6076524839999999,0.4264460311,0.4098728856
0,1259,0.55152110555,0.6252060725499999,0.3689146671,0.4234258781
0,1259,0.5504961024,0.62301690625,0.368219865,0.4216144223
0,1259,0.5738481027,0.62548474575,0.3842785914,0.4247521779
0,1259,0.62688802815,0.60815705545,0.4192568735,0.4121928173
0,1259,0.6938933747,0.627012279,0.4640464242,0.4247491246
0,1259,0.68976112255,0.64004841225,0.4615762717,0.4359472415
0,1259,0.7080492144,0.6587741629999999,0.4753623968,0.4524480594
0,1259,0.69785494955,0.79693239115,0.4705706537,0.5546855413
0,1259,0.51264810625,0.9091744642,0.3494741117,0.6453402096
0,1259,0.4471201749,0.92069802755,0.3030309036,0.6446478833
0,1259,0.72539714935,0.8686369023,0.4934313929,0.6079883426
0,1259,0.51264810625,0.9091744642,0.3494741117,0.6453402096
