111,641,0.0604983095,0.6877515022,0.0130954816,0.08178379589999996,-1,-1,-1,-1
112,641,0.0744551852,0.6793868987,0.015088355300000009,0.08221589389999995,-1,-1,-1,-1
113,641,0.087745296,0.6723008301,0.018061061099999998,0.08145746970000001,-1,-1,-1,-1
114,641,0.1035675702,0.6645862671,0.017398337299999997,0.07772215250000003,-1,-1,-1,-1
115,641,0.119337091,0.6606178597,0.015977816000000006,0.07745824489999997,-1,-1,-1,-1
116,641,0.1315469326,0.652432938,0.012214103000000004,0.07646620829999995,-1,-1,-1,-1
117,641,0.1438302469,0.6484231359,0.011985382400000022,0.07153553729999995,-1,-1,-1,-1
118,641,0.154424791,0.6421466799,0.01120400019999998,0.07153553720000005,-1,-1,-1,-1
119,641,0.1654150591,0.6376121966,0.009721026999999993,0.06556138020000002,-1,-1,-1,-1
120,641,0.1754074209,0.6318442295,0.01249116850000001,0.06686563980000004,-1,-1,-1,-1
121,641,0.1848676933,0.6257302183,0.014673014099999993,0.07138366959999998,-1,-1,-1,-1
122,641,0.1912992737,0.6204896746,0.011725583000000012,0.0693834043,-1,-1,-1,-1
123,641,0.2009341173,0.6148825853,0.008952869900000021,0.06747807250000004,-1,-1,-1,-1
124,641,0.2048148723,0.6127476892,0.017825140200000006,0.06710708720000003,-1,-1,-1,-1
125,641,0.2166426558,0.608543319,0.013876129099999995,0.06710708720000003,-1,-1,-1,-1
126,641,0.2248782851,0.604650519,0.013788549700000013,0.06468830439999995,-1,-1,-1,-1
127,641,0.2333767998,0.6020033471,0.009933510099999987,0.06375398539999999,-1,-1,-1,-1
128,641,0.2398601785,0.5988889504,0.012036299,0.06593406309999994,-1,-1,-1,-1
129,641,0.2470444868,0.5963975637,0.014664711700000027,0.06344254570000007,-1,-1,-1,-1
130,641,0.2541412157,0.5926604182,0.01010881600000002,0.06359820029999996,-1,-1,-1,-1
131,641,0.2594856205,0.5886118331,0.00940788640000001,0.06188534740000007,-1,-1,-1,-1
132,641,0.2640622355,0.5855264258,0.009132363699999979,0.05949790440000002,-1,-1,-1,-1
133,641,0.2699801682,0.5818801659,0.008264504100000014,0.06061974009999993,-1,-1,-1,-1
134,641,0.2737676864,0.5792156265,0.010552738100000014,0.05851618390000002,-1,-1,-1,-1
135,641,0.2805536257,0.5764108413,0.01063179470000003,0.057113725999999976,-1,-1,-1,-1
136,641,0.290890354,0.5726243356,0.009290330099999966,0.05753446340000001,-1,-1,-1,-1
137,641,0.2994123065,0.5708011404,0.009290330100000022,0.057534463300000005,-1,-1,-1,-1
138,641,0.3080920783,0.5678559788,0.006449728299999957,0.054309071399999964,-1,-1,-1,-1
139,641,0.3140890677,0.5663132751,0.010710557499999995,0.05234576099999999,-1,-1,-1,-1
140,641,0.3197704184,0.5633681136,0.009763641200000006,0.05487018509999997,-1,-1,-1,-1
141,641,0.3278189127,0.5608436894,0.008027628099999962,0.054730070000000075,-1,-1,-1,-1
142,641,0.3318431599,0.5578985279,0.010552738099999959,0.054169217299999906,-1,-1,-1,-1
143,641,0.3403651123,0.5556547258,0.00739635059999999,0.051224186500000046,-1,-1,-1,-1
144,641,0.3444682692,0.5541118916,0.00842217649999999,0.05038284230000001,-1,-1,-1,-1
145,641,0.3495183423,0.5514473522,0.008264357200000017,0.05094382540000009,-1,-1,-1,-1
146,641,0.3533847701,0.5492035502,0.00968458459999999,0.051084071200000025,-1,-1,-1,-1
147,641,0.357487927,0.5480815839,0.00968458459999999,0.051084071200000025,-1,-1,-1,-1
148,641,0.3630114582,0.5462585192,0.00968458459999999,0.051084071200000025,-1,-1,-1,-1
149,641,0.3686138992,0.5423317677,0.00968458459999999,0.051084071200000025,-1,-1,-1,-1
150,641,0.3749053672,0.5402282115,0.0067860861999999855,0.05024246590000003,-1,-1,-1,-1
151,641,0.3794030725,0.5388257536,0.006785939299999988,0.04827915550000006,-1,-1,-1,-1
152,641,0.3811280647,0.535987017,0.01007413690000003,0.04827915540000005,-1,-1,-1,-1
153,641,0.3879001911,0.5333754941,0.005665774499999998,0.04813303350000009,-1,-1,-1,-1
154,641,0.392627866,0.5315586974,0.006176997500000003,0.04620276040000004,-1,-1,-1,-1
155,641,0.3959470691,0.5296280327,0.006516000600000016,0.04593349889999998,-1,-1,-1,-1
156,641,0.4007845122,0.5278043151,0.005841080300000023,0.04458523289999994,-1,-1,-1,-1
157,641,0.4032030868,0.5246779048,0.006940525899999994,0.044064207999999994,-1,-1,-1,-1
158,641,0.4070875889,0.5222028409,0.006940525899999994,0.044064207999999994,-1,-1,-1,-1
159,641,0.4128046472,0.5194673951,0.006940525899999994,0.044064207999999994,-1,-1,-1,-1
160,641,0.4195985216,0.5164713063,0.005790237199999992,0.04197997799999997,-1,-1,-1,-1
161,641,0.4254620846,0.5139962424,0.006229750899999997,0.04067741580000006,-1,-1,-1,-1
162,641,0.4309591656,0.5119120124,0.005863269099999957,0.04041690340000004,-1,-1,-1,-1
163,641,0.4354671571,0.5100685768,0.007160356300000004,0.0381761048,-1,-1,-1,-1
164,641,0.4406109814,0.5085615222,0.006716140300000006,0.03884155410000001,-1,-1,-1,-1
165,641,0.4444546327,0.5056480922,0.007394587199999969,0.037435178800000024,-1,-1,-1,-1
166,641,0.4485808599,0.5035383986,0.007564309200000008,0.03783698169999994,-1,-1,-1,-1
167,641,0.4539508332,0.5019310565,0.005529262199999996,0.035727157499999995,-1,-1,-1,-1
168,641,0.4572293324,0.4996203962,0.006490285200000001,0.03693282720000002,-1,-1,-1,-1
169,641,0.4620340067,0.4976111206,0.0066032862000000025,0.03643047570000002,-1,-1,-1,-1
170,641,0.467121257,0.4957023937,0.005190112099999977,0.03643047570000002,-1,-1,-1,-1
171,641,0.4693257321,0.4943964365,0.005811985099999972,0.03552619070000007,-1,-1,-1,-1
172,641,0.4713042052,0.4944969851,0.0055292620999999875,0.03381830000000002,-1,-1,-1,-1
173,641,0.4735086804,0.4914831371,0.005133538100000001,0.03221082730000002,-1,-1,-1,-1
174,641,0.4753740055,0.4894738615,0.005981560100000005,0.031105836799999953,-1,-1,-1,-1
175,641,0.4783699286,0.4879669375,0.005246539200000011,0.03211040920000008,-1,-1,-1,-1
176,641,0.4787655057,0.4860582106,0.006320710100000015,0.03371775129999999,-1,-1,-1,-1
177,641,0.4817614288,0.4851540562,0.0050205371,0.03311498169999999,-1,-1,-1,-1
178,641,0.4811961298,0.4841493532,0.00569883710000002,0.032713178799999965,-1,-1,-1,-1
179,641,0.4834571789,0.4832451987,0.004907536099999998,0.031708606400000006,-1,-1,-1,-1
180,641,0.484135479,0.481537308,0.005133538100000001,0.03150763959999997,-1,-1,-1,-1
181,641,0.485492226,0.4803947096,0.004511665099999951,0.030841929200000007,-1,-1,-1,-1
182,641,0.48588795,0.4795909733,0.004398517200000007,0.030138741499999955,-1,-1,-1,-1
183,641,0.485944524,0.4789882037,0.00445509110000003,0.029234587099999987,-1,-1,-1,-1
184,641,0.4865096761,0.4792895885,0.004681240099999984,0.02782808110000007,-1,-1,-1,-1
185,641,0.4868488261,0.4761753224,0.004681240099999984,0.029033620300000063,-1,-1,-1,-1
186,641,0.4876401271,0.4753717166,0.004681240199999992,0.029033620400000015,-1,-1,-1,-1
187,641,0.4879227032,0.4744675622,0.004681240100000039,0.02903362039999996,-1,-1,-1,-1
188,641,0.4897880283,0.4725588353,0.004455238099999981,0.028129335400000066,-1,-1,-1,-1
189,641,0.4907691828,0.4715255347,0.004455238100000036,0.02803152889999999,-1,-1,-1,-1
190,641,0.4923318004,0.4700401568,0.004455238099999981,0.02803152889999999,-1,-1,-1,-1
191,641,0.4928768209,0.4697172258,0.004455238099999981,0.028031529,-1,-1,-1,-1
192,641,0.494548472,0.4695234412,0.004455238099999981,0.025641996599999994,-1,-1,-1,-1
193,641,0.494911868,0.4688777099,0.004455238100000036,0.025641996599999994,-1,-1,-1,-1
194,641,0.4944392916,0.468813202,0.004743985800000017,0.024996004200000033,-1,-1,-1,-1
195,641,0.4951660836,0.4658424463,0.004743985800000017,0.026093943200000025,-1,-1,-1,-1
196,641,0.4980003668,0.4645508531,0.005143677300000038,0.025770881700000026,-1,-1,-1,-1
197,641,0.5028332546,0.4630008368,0.0035084687000001002,0.025383442899999997,-1,-1,-1,-1
198,641,0.5077753228,0.4626779058,0.003871717799999952,0.025383443000000006,-1,-1,-1,-1
199,641,0.5107913775,0.4635820602,0.006160980400000016,0.024608434800000023,-1,-1,-1,-1
200,641,0.5155516742,0.4646799993,0.004053342399999993,0.023898065100000032,-1,-1,-1,-1
201,641,0.5190401584,0.4637112065,0.004307704900000098,0.023316841600000027,-1,-1,-1,-1
202,641,0.5238367507,0.4624194827,0.003217516799999931,0.0240273419,-1,-1,-1,-1
203,641,0.5274849645,0.461792033,0.0035105259999999028,0.023541574399999987,-1,-1,-1,-1
204,641,0.5317594598,0.4609180432,0.0030735103000000263,0.02383473250000001,-1,-1,-1,-1
205,641,0.5357313944,0.4603801732,0.003224717100000052,0.023767482399999984,-1,-1,-1,-1
206,641,0.5390980608,0.4597750531,0.003565189699999971,0.023767482399999984,-1,-1,-1,-1
207,641,0.5414812216,0.459237183,0.004170457800000027,0.023565862800000004,-1,-1,-1,-1
208,641,0.5442427668,0.458699313,0.004056722099999965,0.02376761300000002,-1,-1,-1,-1
209,641,0.5463233669,0.458161443,0.004056722099999965,0.02376761300000002,-1,-1,-1,-1
210,641,0.5492738839,0.457623573,0.002921862700000055,0.023498743300000013,-1,-1,-1,-1
211,641,0.5512786602,0.4566823331,0.002921862699999944,0.022490253299999985,-1,-1,-1,-1
212,641,0.5530943178,0.4559428434,0.0033759240000000856,0.02201963339999996,-1,-1,-1,-1
213,641,0.5552504479,0.4554722235,0.003073363399999973,0.021280013099999995,-1,-1,-1,-1
214,641,0.5578984043,0.4550016036,0.003489512799999983,0.022960873199999954,-1,-1,-1,-1
215,641,0.5583238113,0.4544989909,0.0034801083000000066,0.022522245999999968,-1,-1,-1,-1
216,641,0.5589668444,0.4542301211,0.003518020200000027,0.022589365600000022,-1,-1,-1,-1
217,641,0.5587777257,0.453557751,0.003858492700000049,0.022723865700000012,-1,-1,-1,-1
218,641,0.5591559632,0.4532216312,0.003971934600000004,0.022320495800000006,-1,-1,-1,-1
219,641,0.5595719656,0.4526165111,0.004198965299999968,0.021581006199999975,-1,-1,-1,-1
220,641,0.560744737,0.4518770214,0.0037449038999999296,0.0216482563,-1,-1,-1,-1
221,641,0.5616148008,0.4511375318,0.004350172099999994,0.02211874559999999,-1,-1,-1,-1
222,641,0.5633549284,0.4507341619,0.0031396357999999847,0.021379255900000005,-1,-1,-1,-1
