1,599,0.0680870851,0.5461426924,0.013514863899999993,0.05673686440000003,-1,-1,-1,-1
2,599,0.0676210478,0.5461426924,0.013514863799999999,0.05673686440000003,-1,-1,-1,-1
3,599,0.0679706309,0.5461426924,0.013514863799999999,0.05673686440000003,-1,-1,-1,-1
4,599,0.0675045935,0.5461426924,0.013514863799999999,0.05673686440000003,-1,-1,-1,-1
5,599,0.0675045935,0.5461426924,0.013514863799999999,0.05673686440000003,-1,-1,-1,-1
6,599,0.0675045935,0.5461426924,0.013514863799999999,0.05673686440000003,-1,-1,-1,-1
7,599,0.0675045935,0.5461426924,0.013514863799999999,0.05673686440000003,-1,-1,-1,-1
8,599,0.0675045935,0.5461426924,0.013514863799999999,0.05673686440000003,-1,-1,-1,-1
9,599,0.0675045935,0.5461426924,0.013514863799999999,0.05673686440000003,-1,-1,-1,-1
10,599,0.0675045935,0.5461426924,0.013514863799999999,0.05673686440000003,-1,-1,-1,-1
11,599,0.0676210897,0.5461426924,0.013398367600000002,0.05673686440000003,-1,-1,-1,-1
12,599,0.0677375859,0.5461426924,0.013281871400000006,0.05673686440000003,-1,-1,-1,-1
13,599,0.0678540822,0.5461426924,0.013165375100000001,0.05673686440000003,-1,-1,-1,-1
14,599,0.0679705784,0.5461426924,0.013048878900000005,0.05673686440000003,-1,-1,-1,-1
15,599,0.0680870746,0.5461426924,0.012932382699999995,0.05673686440000003,-1,-1,-1,-1
16,599,0.0682035709,0.5461426924,0.012815886400000004,0.05673686440000003,-1,-1,-1,-1
17,599,0.0683200671,0.5461426924,0.012699390199999994,0.05673686440000003,-1,-1,-1,-1
18,599,0.0663394633,0.5459355883,0.0132818819,0.05673686440000003,-1,-1,-1,-1
19,599,0.0654073885,0.547268315,0.014097429000000009,0.056232423600000025,-1,-1,-1,-1
20,599,0.0658734259,0.5469709783,0.013747919299999994,0.05673686440000003,-1,-1,-1,-1
21,599,0.0658734259,0.5469709783,0.013747919299999994,0.05673686440000003,-1,-1,-1,-1
22,599,0.0657568982,0.5471780824,0.013747919300000008,0.05673686440000003,-1,-1,-1,-1
23,599,0.0657568982,0.5474886732,0.013747919300000008,0.05673686449999993,-1,-1,-1,-1
24,599,0.0657568982,0.5477992641,0.013747919300000008,0.05673686449999993,-1,-1,-1,-1
25,599,0.0657568982,0.5471780824,0.013747919300000008,0.05673686440000003,-1,-1,-1,-1
26,599,0.0657568982,0.5474887386,0.013747919300000008,0.05673686440000003,-1,-1,-1,-1
27,599,0.0657568982,0.5477993947,0.013747919300000008,0.05673686449999993,-1,-1,-1,-1
28,599,0.0654073885,0.5473853171,0.013747919300000008,0.05673686439999992,-1,-1,-1,-1
29,599,0.0656403705,0.5469711088,0.0137479192,0.05673686450000004,-1,-1,-1,-1
30,599,0.0656403705,0.5470487565,0.0137479192,0.05673686450000004,-1,-1,-1,-1
31,599,0.0656403705,0.5471264042,0.0137479192,0.05673686449999993,-1,-1,-1,-1
32,599,0.0656403705,0.547204052,0.0137479192,0.05673686440000003,-1,-1,-1,-1
33,599,0.0656403705,0.5472816997,0.0137479192,0.05673686450000004,-1,-1,-1,-1
34,599,0.0656403705,0.5473593474,0.0137479192,0.05673686449999993,-1,-1,-1,-1
35,599,0.0656403705,0.5474369952,0.0137479192,0.05673686440000003,-1,-1,-1,-1
36,599,0.0656403705,0.5475146429,0.0137479192,0.05673686440000003,-1,-1,-1,-1
37,599,0.0656403705,0.5475922906,0.0137479192,0.05673686439999992,-1,-1,-1,-1
38,599,0.0656403705,0.5475922906,0.0137479192,0.05673686439999992,-1,-1,-1,-1
39,599,0.0656403705,0.5475922906,0.0137479192,0.05673686439999992,-1,-1,-1,-1
40,599,0.0656403705,0.5471780824,0.013514937300000002,0.057151072599999964,-1,-1,-1,-1
41,599,0.0656403705,0.5471780824,0.013514937300000002,0.057151072599999964,-1,-1,-1,-1
42,599,0.0656403705,0.5471780824,0.013864446899999994,0.057461598199999964,-1,-1,-1,-1
43,599,0.0656403705,0.5471780824,0.014213956599999994,0.057772123799999964,-1,-1,-1,-1
44,599,0.0656403705,0.5467639394,0.014213956599999994,0.05818626679999994,-1,-1,-1,-1
45,599,0.0656403705,0.5463497965,0.014213956599999994,0.05860040969999991,-1,-1,-1,-1
46,599,0.0668055007,0.5451073024,0.013514863799999999,0.05860040969999991,-1,-1,-1,-1
47,599,0.0711162914,0.5442790165,0.013514863799999999,0.05860040970000002,-1,-1,-1,-1
48,599,0.07402897,0.54448599,0.012000297399999998,0.05963593030000003,-1,-1,-1,-1
49,599,0.0758930461,0.5457283536,0.015146031399999996,0.05963593029999992,-1,-1,-1,-1
50,599,0.0817184767,0.5457283536,0.015961505,0.05963593029999992,-1,-1,-1,-1
51,599,0.0853301746,0.5459353271,0.013980901199999993,0.05963593029999992,-1,-1,-1,-1
52,599,0.0860292674,0.5459353271,0.013165280700000004,0.05963593029999992,-1,-1,-1,-1
53,599,0.0821845141,0.544692833,0.01316528060000001,0.05963593029999992,-1,-1,-1,-1
54,599,0.0786892704,0.5442787553,0.01001962020000001,0.05963593029999992,-1,-1,-1,-1
55,599,0.0715822553,0.5442787553,0.011883843200000008,0.05777251559999996,-1,-1,-1,-1
56,599,0.0640092764,0.545728223,0.014330484300000002,0.05715133380000004,-1,-1,-1,-1
57,599,0.0576054686,0.5444348016,0.012561996300000003,0.054963682399999936,-1,-1,-1,-1
58,599,0.050910562,0.5477975666,0.012125347900000007,0.0534117073,-1,-1,-1,-1
59,599,0.0484363685,0.5477975666,0.012853095199999998,0.05367026099999994,-1,-1,-1,-1
60,599,0.0484363685,0.5477975666,0.012125348000000001,0.05367026099999994,-1,-1,-1,-1
61,599,0.0490184928,0.5465042758,0.0106700006,0.05367026099999994,-1,-1,-1,-1
62,599,0.0493095917,0.5454696693,0.010670000499999999,0.05367026100000005,-1,-1,-1,-1
63,599,0.0478541708,0.5571098085,0.013144194000000005,0.048238152499999964,-1,-1,-1,-1
64,599,0.0447977796,0.5602137586,0.013144194000000005,0.04513420239999999,-1,-1,-1,-1
65,599,0.0444620093,0.5636197464,0.016973003799999997,0.03888281819999995,-1,-1,-1,-1
66,599,0.0443628946,0.5629149917,0.015034499899999998,0.03958757289999992,-1,-1,-1,-1
67,599,0.0447486631,0.5627388357,0.015277216899999994,0.039763728899999906,-1,-1,-1,-1
68,599,0.0451344315,0.5632674344,0.0141974988,0.03923513019999991,-1,-1,-1,-1
69,599,0.0449161441,0.562257965,0.014230230900000002,0.04024459959999993,-1,-1,-1,-1
70,599,0.0446978567,0.5612484957,0.014262962900000002,0.04125406889999994,-1,-1,-1,-1
71,599,0.0446978567,0.5623888741,0.014262962900000002,0.04125406899999995,-1,-1,-1,-1
72,599,0.0447498019,0.5623427001,0.014262962900000002,0.04125406900000006,-1,-1,-1,-1
73,599,0.0448017471,0.5622965261,0.014262962900000002,0.04125406889999994,-1,-1,-1,-1
74,599,0.0448536923,0.562250352,0.014262963000000003,0.04125406900000006,-1,-1,-1,-1
75,599,0.0449056375,0.562204178,0.014262963000000003,0.04125406890000005,-1,-1,-1,-1
76,599,0.0449575827,0.562158004,0.014262963000000003,0.04125406889999994,-1,-1,-1,-1
77,599,0.0449575827,0.562158004,0.014262963000000003,0.04125406889999994,-1,-1,-1,-1
78,599,0.0449575827,0.562158004,0.014262963000000003,0.04125406889999994,-1,-1,-1,-1
79,599,0.0449575827,0.562158004,0.014262963000000003,0.04125406889999994,-1,-1,-1,-1
80,599,0.0450874825,0.5610040449,0.014262962900000002,0.04125406899999995,-1,-1,-1,-1
81,599,0.0451740578,0.5614656546,0.014262962900000002,0.04125406900000006,-1,-1,-1,-1
82,599,0.0452606332,0.5619272644,0.014262962900000002,0.04125406900000006,-1,-1,-1,-1
83,599,0.0453472085,0.5623888741,0.014262962900000002,0.04125406899999995,-1,-1,-1,-1
84,599,0.0449576562,0.5619272644,0.014262962900000002,0.04125406900000006,-1,-1,-1,-1
85,599,0.0449576562,0.5618996462,0.014262962900000002,0.04128168720000003,-1,-1,-1,-1
86,599,0.0449576562,0.5618720279,0.014262962900000002,0.041309305500000004,-1,-1,-1,-1
87,599,0.0449576562,0.5618444097,0.014262962900000002,0.04133692369999997,-1,-1,-1,-1
88,599,0.0449576562,0.5618167915,0.014262962900000002,0.04136454190000005,-1,-1,-1,-1
89,599,0.0449576562,0.5617891732,0.014262962900000002,0.04139216020000003,-1,-1,-1,-1
90,599,0.0449576562,0.561761555,0.014262962900000002,0.041419778399999996,-1,-1,-1,-1
91,599,0.0449576562,0.5617339368,0.014262962900000002,0.041447396599999964,-1,-1,-1,-1
92,599,0.0449576562,0.5617063185,0.014262962900000002,0.04147501490000005,-1,-1,-1,-1
93,599,0.0449576562,0.5616787003,0.014262962900000002,0.04150263310000002,-1,-1,-1,-1
94,599,0.0449576562,0.5616510821,0.014262962900000002,0.04153025129999999,-1,-1,-1,-1
95,599,0.0449576562,0.5616234638,0.014262962900000002,0.041557869600000075,-1,-1,-1,-1
96,599,0.0449576562,0.5615958456,0.014262962900000002,0.04158548780000004,-1,-1,-1,-1
97,599,0.0449576562,0.5615682274,0.014262962900000002,0.04161310600000001,-1,-1,-1,-1
98,599,0.0449576562,0.5615406091,0.014262962900000002,0.04164072429999999,-1,-1,-1,-1
99,599,0.0449576562,0.5615129909,0.014262962900000002,0.041668342500000066,-1,-1,-1,-1
100,599,0.0449576562,0.5614853727,0.014262962900000002,0.041695960700000034,-1,-1,-1,-1
101,599,0.0449576562,0.5614577544,0.014262962900000002,0.04172357900000001,-1,-1,-1,-1
102,599,0.0449576562,0.5614301362,0.014262962900000002,0.04175119719999998,-1,-1,-1,-1
103,599,0.0449576562,0.561402518,0.014262962900000002,0.04177881540000006,-1,-1,-1,-1
104,599,0.0449576562,0.5613748997,0.014262962900000002,0.041806433700000034,-1,-1,-1,-1
105,599,0.0449576562,0.5613472815,0.014262962900000002,0.0418340519,-1,-1,-1,-1
106,599,0.0449576562,0.5613196633,0.014262962900000002,0.04186167009999997,-1,-1,-1,-1
107,599,0.0449576562,0.561292045,0.014262962900000002,0.04188928840000006,-1,-1,-1,-1
108,599,0.0449576562,0.5612644268,0.014262962900000002,0.041916906600000026,-1,-1,-1,-1
109,599,0.0449576562,0.5607719995,0.014262962900000002,0.04240933390000001,-1,-1,-1,-1
110,599,0.0453040066,0.5606489254,0.0142629628,0.042409333800000004,-1,-1,-1,-1
111,599,0.0456503569,0.5605258512,0.014262962900000002,0.042409333800000004,-1,-1,-1,-1
112,599,0.0455118241,0.5607720648,0.014262962900000002,0.04240933390000001,-1,-1,-1,-1
113,599,0.0453732913,0.5610182784,0.014262962999999997,0.04240933390000001,-1,-1,-1,-1
114,599,0.0453732913,0.5610182784,0.014262962999999997,0.04240933390000001,-1,-1,-1,-1
115,599,0.0453386489,0.5612645247,0.014262962999999997,0.04240933390000001,-1,-1,-1,-1
116,599,0.0453040066,0.561510771,0.014262962899999995,0.042409333800000004,-1,-1,-1,-1
117,599,0.0452693642,0.5617570172,0.014262962899999995,0.04240933390000001,-1,-1,-1,-1
118,599,0.0452347218,0.5620032635,0.014262962899999995,0.04240933390000001,-1,-1,-1,-1
119,599,0.0452347218,0.5620032635,0.014262962899999995,0.04240933390000001,-1,-1,-1,-1
120,599,0.0452347218,0.5620032635,0.014262962899999995,0.04240933390000001,-1,-1,-1,-1
121,599,0.0452347218,0.5620032635,0.014262962899999995,0.04240933390000001,-1,-1,-1,-1
122,599,0.0452347218,0.5620032635,0.014262962899999995,0.04240933390000001,-1,-1,-1,-1
123,599,0.0452347218,0.5620032635,0.014262962899999995,0.04240933390000001,-1,-1,-1,-1
124,599,0.0452347218,0.5620032635,0.014262962899999995,0.04240933390000001,-1,-1,-1,-1
125,599,0.0452347218,0.5620032635,0.014262962899999995,0.04240933390000001,-1,-1,-1,-1
126,599,0.0452347218,0.5620032635,0.014262962899999995,0.04240933390000001,-1,-1,-1,-1
127,599,0.0452347218,0.5620032635,0.014262962899999995,0.04240933390000001,-1,-1,-1,-1
128,599,0.0452347218,0.5620032635,0.014262962899999995,0.04240933390000001,-1,-1,-1,-1
129,599,0.0452347218,0.5620032635,0.014262962899999995,0.04240933390000001,-1,-1,-1,-1
130,599,0.0452347218,0.5620032635,0.014262962899999995,0.04240933390000001,-1,-1,-1,-1
131,599,0.0452347218,0.5620032635,0.014262962899999995,0.04240933390000001,-1,-1,-1,-1
132,599,0.0452347218,0.5620032635,0.014262962899999995,0.04240933390000001,-1,-1,-1,-1
133,599,0.0452347218,0.5620032635,0.014262962899999995,0.04240933390000001,-1,-1,-1,-1
134,599,0.0452347218,0.5620032635,0.014262962899999995,0.04240933390000001,-1,-1,-1,-1
135,599,0.0446719943,0.5620032635,0.014825690400000001,0.04240933390000001,-1,-1,-1,-1
136,599,0.0446719943,0.5620032635,0.014825690400000001,0.04240933390000001,-1,-1,-1,-1
137,599,0.0446719943,0.5620032635,0.014825690400000001,0.04240933390000001,-1,-1,-1,-1
138,599,0.0446719943,0.5620032635,0.014825690400000001,0.04240933390000001,-1,-1,-1,-1
139,599,0.0446719943,0.5620032635,0.014825690400000001,0.04240933390000001,-1,-1,-1,-1
140,599,0.0446719943,0.5620032635,0.014825690400000001,0.04240933390000001,-1,-1,-1,-1
141,599,0.0446719943,0.5620032635,0.014825690400000001,0.04240933390000001,-1,-1,-1,-1
142,599,0.0446719943,0.5620032635,0.014825690400000001,0.04240933390000001,-1,-1,-1,-1
143,599,0.0446719943,0.5620032635,0.014825690400000001,0.04240933390000001,-1,-1,-1,-1
144,599,0.0446719943,0.5620032635,0.014825690400000001,0.04240933390000001,-1,-1,-1,-1
145,599,0.0446719943,0.5620032635,0.014825690400000001,0.04240933390000001,-1,-1,-1,-1
146,599,0.0446719943,0.5620032635,0.014825690400000001,0.04240933390000001,-1,-1,-1,-1
147,599,0.0446719943,0.5620032635,0.014825690400000001,0.04240933390000001,-1,-1,-1,-1
148,599,0.0446719943,0.5620032635,0.014825690400000001,0.04240933390000001,-1,-1,-1,-1
149,599,0.0446719943,0.5620032635,0.014825690400000001,0.04240933390000001,-1,-1,-1,-1
150,599,0.0446719943,0.5620032635,0.014825690400000001,0.04240933390000001,-1,-1,-1,-1
151,599,0.0446719943,0.5620032635,0.014825690400000001,0.04240933390000001,-1,-1,-1,-1
152,599,0.0446719943,0.5620032635,0.014825690400000001,0.04240933390000001,-1,-1,-1,-1
153,599,0.0446719943,0.5620032635,0.014825690400000001,0.04240933390000001,-1,-1,-1,-1
154,599,0.0446719943,0.5620032635,0.014825690400000001,0.04240933390000001,-1,-1,-1,-1
155,599,0.0446719943,0.5620032635,0.014825690400000001,0.04240933390000001,-1,-1,-1,-1
156,599,0.0446719943,0.5620032635,0.014825690400000001,0.04240933390000001,-1,-1,-1,-1
157,599,0.0446719943,0.5620032635,0.014825690400000001,0.04240933390000001,-1,-1,-1,-1
158,599,0.0446719943,0.5620032635,0.014825690400000001,0.04240933390000001,-1,-1,-1,-1
159,599,0.0446719943,0.5620032635,0.014825690400000001,0.04240933390000001,-1,-1,-1,-1
160,599,0.0445932316,0.562876731,0.0149044531,0.041535866399999954,-1,-1,-1,-1
161,599,0.044632613,0.5624399972,0.014865071699999996,0.04197260019999993,-1,-1,-1,-1
162,599,0.0446719943,0.5620032635,0.014825690400000001,0.04240933390000001,-1,-1,-1,-1
163,599,0.0446719943,0.5620032635,0.014825690400000001,0.04240933390000001,-1,-1,-1,-1
164,599,0.0446719943,0.5620032635,0.014825690400000001,0.04240933390000001,-1,-1,-1,-1
165,599,0.0446719943,0.5620032635,0.014825690400000001,0.04240933390000001,-1,-1,-1,-1
166,599,0.0446719943,0.5620032635,0.014825690400000001,0.04240933390000001,-1,-1,-1,-1
167,599,0.0446719943,0.5620032635,0.014825690400000001,0.04240933390000001,-1,-1,-1,-1
168,599,0.0446719943,0.5620032635,0.014825690400000001,0.04240933390000001,-1,-1,-1,-1
169,599,0.044581329,0.5623477406,0.014916355699999995,0.04206485679999994,-1,-1,-1,-1
170,599,0.0444906636,0.5626922177,0.015007021099999997,0.041720379699999977,-1,-1,-1,-1
171,599,0.0443999983,0.5630366948,0.015097686399999997,0.041375902600000014,-1,-1,-1,-1
172,599,0.044309333,0.5633811719,0.015188351699999998,0.04103142549999994,-1,-1,-1,-1
173,599,0.0443284204,0.5633086504,0.015169264299999999,0.041103946999999974,-1,-1,-1,-1
174,599,0.0443475079,0.5632361289,0.015150176799999998,0.04117646850000001,-1,-1,-1,-1
175,599,0.0443665953,0.5631636074,0.015131089399999999,0.04124898999999993,-1,-1,-1,-1
176,599,0.0443856827,0.5630910859,0.015112002,0.04132151149999996,-1,-1,-1,-1
177,599,0.0444047702,0.5630185644,0.015092914499999999,0.041394033,-1,-1,-1,-1
178,599,0.0444238576,0.5629460429,0.0150738271,0.04146655449999992,-1,-1,-1,-1
179,599,0.0444429451,0.5628735214,0.015054739599999999,0.04153907599999995,-1,-1,-1,-1
180,599,0.0444620325,0.5628009999,0.0150356522,0.041611597499999986,-1,-1,-1,-1
181,599,0.0444811199,0.5627284784,0.0150165648,0.04168411900000002,-1,-1,-1,-1
182,599,0.0445002074,0.562655957,0.0149974773,0.041756640399999934,-1,-1,-1,-1
183,599,0.0445192948,0.5625834355,0.0149783899,0.04182916189999997,-1,-1,-1,-1
184,599,0.0445383822,0.562510914,0.0149593025,0.0419016834,-1,-1,-1,-1
185,599,0.0445574697,0.5624383925,0.014940215,0.04197420489999992,-1,-1,-1,-1
186,599,0.0445765571,0.562365871,0.0149211276,0.042046726399999956,-1,-1,-1,-1
187,599,0.0445956446,0.5622933495,0.0149020401,0.04211924789999999,-1,-1,-1,-1
188,599,0.044614732,0.562220828,0.0148829527,0.04219176940000002,-1,-1,-1,-1
189,599,0.0446338194,0.5621483065,0.014863865300000001,0.042264290899999946,-1,-1,-1,-1
190,599,0.0446529069,0.562075785,0.0148447778,0.04233681239999998,-1,-1,-1,-1
191,599,0.0446719943,0.5620032635,0.014825690400000001,0.04240933390000001,-1,-1,-1,-1
192,599,0.0446719943,0.5620032635,0.014825690400000001,0.04240933390000001,-1,-1,-1,-1
193,599,0.0446719943,0.5620032635,0.014825690400000001,0.04240933390000001,-1,-1,-1,-1
194,599,0.0444641645,0.561962217,0.014825690400000001,0.04240933390000001,-1,-1,-1,-1
195,599,0.0442563347,0.5619211705,0.014825690400000001,0.04240933390000001,-1,-1,-1,-1
196,599,0.0440485049,0.5618801241,0.014825690400000001,0.042409333800000004,-1,-1,-1,-1
197,599,0.0438406751,0.5618390776,0.014825690400000001,0.042409333800000004,-1,-1,-1,-1
198,599,0.0436328453,0.5617980311,0.014825690400000001,0.042409333800000004,-1,-1,-1,-1
199,599,0.0434250155,0.5617569846,0.014825690400000001,0.042409333800000004,-1,-1,-1,-1
200,599,0.0434250155,0.5617569846,0.014825690400000001,0.042409333800000004,-1,-1,-1,-1
201,599,0.0434250155,0.5617569846,0.014825690400000001,0.042409333800000004,-1,-1,-1,-1
202,599,0.0434250155,0.5617569846,0.014825690400000001,0.042409333800000004,-1,-1,-1,-1
203,599,0.0434250155,0.5617569846,0.014825690400000001,0.042409333800000004,-1,-1,-1,-1
204,599,0.0434250155,0.5634806759,0.014825690400000001,0.04068564250000006,-1,-1,-1,-1
205,599,0.0434250155,0.5631113228,0.014825690400000001,0.04105499560000003,-1,-1,-1,-1
206,599,0.0434250155,0.5627419697,0.014825690400000001,0.0414243487,-1,-1,-1,-1
207,599,0.0434250155,0.5627419697,0.014825690400000001,0.0414243487,-1,-1,-1,-1
208,599,0.0434250155,0.5627419697,0.014825690400000001,0.0414243487,-1,-1,-1,-1
209,599,0.0434250155,0.5627419697,0.014825690400000001,0.0414243487,-1,-1,-1,-1
210,599,0.0434250155,0.5627419697,0.014825690400000001,0.0414243487,-1,-1,-1,-1
211,599,0.0434250155,0.5627419697,0.014825690400000001,0.0414243487,-1,-1,-1,-1
212,599,0.0434250155,0.5627419697,0.014825690400000001,0.0414243487,-1,-1,-1,-1
213,599,0.0434250155,0.5627419697,0.014825690400000001,0.0414243487,-1,-1,-1,-1
214,599,0.0434250155,0.5627419697,0.014825690400000001,0.0414243487,-1,-1,-1,-1
215,599,0.0434250155,0.5627419697,0.014825690400000001,0.0414243487,-1,-1,-1,-1
216,599,0.0434250155,0.5627419697,0.014825690400000001,0.0414243487,-1,-1,-1,-1
217,599,0.0434250155,0.5627419697,0.014825690400000001,0.0414243487,-1,-1,-1,-1
218,599,0.0434250155,0.5627419697,0.014825690400000001,0.0414243487,-1,-1,-1,-1
219,599,0.0434250155,0.5627419697,0.014825690400000001,0.0414243487,-1,-1,-1,-1
220,599,0.0434250155,0.5627419697,0.014825690400000001,0.0414243487,-1,-1,-1,-1
221,599,0.0434250155,0.5627419697,0.014825690400000001,0.0414243487,-1,-1,-1,-1
222,599,0.0434250155,0.5627419697,0.014825690400000001,0.0414243487,-1,-1,-1,-1
