0,29,0.60513202465,0.73900356805,0.4164281743,0.5569519341
0,29,0.7320949949,1.19782158075,0.5265430444,0.9184998297
0,29,0.39624309064999996,0.90807391345,0.2822576047,0.6965654407
0,29,1.3397627096,0.6185837552,0.9047036934,0.4622486806
0,29,1.38787667985,0.6176662160999999,0.9353540091,0.4550296788
0,29,1.24135843395,0.51309737655,0.8344645191,0.3761628387
0,29,1.1664929771499999,0.5599383598000001,0.7826210007,0.3957733524
0,29,1.2006914370000001,0.5691234142,0.8123750964,0.4199154764
0,29,1.1141895196,0.4440876998,0.7472524146,0.3155079718
0,29,1.12641853755,0.4396540917,0.7554538791,0.3137491538
0,29,1.12550284725,0.45399690049999997,0.7557473291,0.3265804682
0,29,1.27777959015,0.41686062545,0.8564775303,0.2937668713
0,29,1.17897922305,0.40531065354999996,0.7895806295,0.2870751623
0,29,1.1812457827,0.3999498432,0.7898905374,0.2741278906
0,29,1.17403223225,0.43460413340000004,0.7877545389,0.3038404102
0,29,1.1672138914,0.68185922045,0.792782864,0.5099882685
0,29,1.22311391155,0.5971659774,0.8248188751,0.4441655924
0,29,1.2780451940000002,0.42638787175,0.8565499744,0.3029581937
0,29,1.285113195,0.42270563640000003,0.8616923292,0.3034409578
0,29,1.19996655525,0.44122343425,0.8042575377,0.3144417643
0,29,1.2119567869,0.43837392445,0.8137297862,0.3151527869
0,29,1.37303219585,0.42339022290000006,0.9192904853,0.3005548678
0,29,1.3667478825,0.42438040265,0.9159686154,0.3002256933
0,29,1.0663388021,0.4920473848,0.7155583456,0.358259824
0,29,0.9657161649500001,0.5107609261,0.6482056201,0.3554520354
0,29,0.9809366241999999,0.49093514685,0.6595445162,0.3540512751
0,29,1.4416864749,0.5946593124,0.9674248462,0.4203786532
0,29,1.29074473115,0.41384488394999996,0.8634941739,0.2875954037
0,29,1.4676592976,0.5994400092500001,0.9846161374,0.4185388739
0,29,1.2575578435499999,0.40487822900000003,0.8403426297,0.2804450884
0,29,1.31924442725,0.37476912985,0.8826042783,0.2627349443
0,29,1.3013318545,0.42509797615,0.8719535276,0.3040025939
0,29,1.14337743465,0.4166531949,0.7668928451,0.296605608
0,29,1.2323770566999999,0.388229265,0.824264597,0.2741516566
0,29,1.3037520455,0.48472332925,0.8770589992,0.3453301809
0,29,1.32355286685,0.4921575966,0.8890099229,0.3502605908
0,29,0.37742599535,0.6115604969,0.2594025963,0.4460044576
0,29,0.3313097847,0.6661267509,0.2313992818,0.493833364
0,29,0.652013931,0.5579455376,0.4408790098,0.4082254546
0,29,0.7314304343,0.5786050218500001,0.4924653738,0.4130110483
0,29,0.7419004422,0.5658312945,0.502606077,0.4161183936
0,29,0.4424572036,0.53713562215,0.302910636,0.3945996753
0,29,0.47497196275,0.53695537455,0.3239259857,0.3945140131
0,29,0.44082331755000004,0.5209293333,0.3018141293,0.3775420528
0,29,0.42866233535000003,0.50286537555,0.2906108639,0.3624429093
0,29,0.42903829515,0.6475915202,0.2963977213,0.4747901014
0,29,0.43817763875000004,0.65575378585,0.3005252711,0.4809033291
0,29,0.5101941913,0.5896961916000001,0.3500289776,0.4323020262
0,29,0.50763418175,0.5905430855,0.3443467453,0.4160532328
0,29,0.26151115285,0.68882234545,0.1849295573,0.5135896079
0,29,0.28120852465,0.6936491379,0.1951785593,0.5154740464
0,29,0.28217061305,0.7032577373,0.2048385305,0.5236395114
0,29,0.5144905079500001,0.54001627585,0.3495377391,0.3820039321
0,29,0.5169818939499999,0.5378103428000001,0.3490030047,0.3721715794
0,29,0.7074969935,0.7143703878500001,0.4840633288,0.5283784871
0,29,0.70376773925,0.7186927395,0.4810628503,0.5311430528
0,29,0.5831103437,0.57505617665,0.3952248324,0.4205085829
0,29,0.55924537945,0.57529475125,0.3775825657,0.4207470269
0,29,0.5677998803,0.5735365208000001,0.3849614298,0.419912473
0,29,0.5369802100000001,0.50792969795,0.362309353,0.3544701843
0,29,0.4894109663,0.48212075135,0.330262468,0.3422631857
0,29,0.592768772,0.51116560185,0.401223732,0.3716385409
0,29,0.6397663822499999,0.4574425166,0.4309569127,0.3307349686
0,29,0.7284767579,0.46363827604999996,0.4905899094,0.3322040109
0,29,0.7829035767000001,0.47827032540000003,0.5285620744,0.3395498084
0,29,0.8012590430000001,0.477296244,0.53792382,0.3405653498
0,29,0.7151344079999999,0.48776678695,0.4810939048,0.3452549435
0,29,0.6736227688,0.4698297228,0.453289285,0.3356764652
0,29,1.2318062576500002,0.3861340688,0.8244543035,0.2745060634
0,29,1.2590901904,0.6767238609999999,0.8522393306,0.5067925188
0,29,0.5446091017,0.61810934835,0.3722471246,0.4606247545
0,29,0.04297505585,0.6460618094499999,0.0426250447,0.4791148689
0,29,0.02864109435,0.64696602915,0.0290940903,0.4804952583
0,29,0.267115247,0.73101347565,0.1909395514,0.5439490341
0,29,0.2810820046,0.67052699505,0.1977791992,0.4959676071
0,29,0.2635033776,0.57820282725,0.1876271078,0.4277679347
0,29,0.25563547495,0.5784534122,0.1781157145,0.4241251942
0,29,0.2767389594,0.5696695762,0.192667556,0.4162835806
0,29,0.42613156789999995,0.6658740081000001,0.3010821942,0.5044276666
0,29,0.00181462895,0.64549096735,0.0105090953,0.4823521439
0,29,0.0537741588,0.63681098925,0.0461039336,0.4691686239
0,29,0.7396501934499999,0.71194305185,0.5048491987,0.5253851405
0,29,0.7447685228,0.70249291455,0.5060422486,0.5216222703
0,29,0.7769592673000001,0.6998887697,0.5345096902,0.5089125284
0,29,0.7958363163,0.7430246002500001,0.5471211336,0.5443167549
0,29,0.8233483187999999,0.7561750586,0.5622086072,0.5677278772
0,29,0.9659384932999999,0.7006993616499999,0.6555208568,0.5145047313
0,29,0.97965974195,0.71982247545,0.6702469917,0.5160702869
0,29,0.95972828615,0.73067245895,0.6530865591,0.5546700019
0,29,1.0172665272499999,0.72244797065,0.6952954543,0.5456065199
0,29,0.97975826895,0.7075650067,0.6628313913,0.5302869528
0,29,1.01422938585,0.6617984577,0.6898659681,0.4840694366
0,29,0.7699905279000001,0.631249556,0.523515528,0.4595358256
0,29,0.7793732866,0.6202516224000001,0.5304348938,0.4487489136
0,29,0.802683091,0.61695734805,0.5452252438,0.4437973493
0,29,0.6161309625,0.6827448321,0.4220225332,0.5100371064
0,29,0.65318126535,0.67755129815,0.4470856903,0.5018576691
0,29,0.81797210035,0.5595043683,0.5523654685,0.4126852446
0,29,1.00958311885,0.51337825985,0.6822577223,0.3739400605
0,29,0.64146854015,0.6283392601,0.4383897545,0.4695671864
0,29,0.83162788485,0.52985452835,0.5615974613,0.3725459599
0,29,0.8190564840500001,0.5325692767,0.5516688003,0.374301905
0,29,0.78461975225,0.51546784375,0.5279572471,0.3597250921
0,29,0.79389421225,0.48521934755,0.5346723587,0.3390383161
0,29,0.7627062232,0.48078312775,0.5126464164,0.3435986547
0,29,0.7265370784,0.4892435137,0.4894102316,0.3459322976
0,29,0.9409107501,0.47386413969999996,0.6355212918,0.3323057348
0,29,1.0285878634,0.5642554228,0.6943551506,0.400991697
0,29,1.18586508525,0.47388261715,0.7976402917,0.3456770085
0,29,0.9730599825,0.5077713664,0.6569155158,0.3720219316
0,29,0.75381022115,0.48084051885,0.5067578727,0.3453841115
0,29,1.11288357895,0.43175220795,0.7466047527,0.3062349047
0,29,0.8027243093,0.4733437025,0.5385067524,0.3318893066
0,29,0.9223968765999999,0.436796747,0.6195666932,0.3064282976
0,29,0.83540908425,0.46229875905,0.5618822415,0.3303849943
0,29,1.0865274124,0.40184766650000003,0.7275554102,0.2831823624
0,29,0.88962716715,0.44306445405000006,0.5985003045,0.3110663329
0,29,1.10792832235,0.4324313404,0.7427896403,0.3055010674
0,29,0.24317739780000003,1.6616685279499999,0.2113321954,1.3464619409
0,29,0.70376773925,0.7186927395,0.4810628503,0.5311430528
0,29,0.79389421225,0.48521934755,0.5346723587,0.3390383161
