211,121,0.992322102,0.371381946,0.014557000699999878,0.07433065929999999,-1,-1,-1,-1
212,121,0.9865455307,0.3730246759,0.014557000799999997,0.06981328250000002,-1,-1,-1,-1
213,121,0.9798448198,0.3689179815,0.013863712199999934,0.0673493181,-1,-1,-1,-1
214,121,0.9717576788,0.3668646996,0.015249995300000041,0.06406385809999998,-1,-1,-1,-1
215,121,0.9657499624,0.3656326521,0.015249995300000041,0.06406385809999998,-1,-1,-1,-1
216,121,0.9639487055,0.3576288485,0.015249995300000041,0.06406385810000004,-1,-1,-1,-1
217,121,0.9610215528,0.3534376671,0.016967493300000025,0.06625412119999996,-1,-1,-1,-1
218,121,0.9601209243,0.3518368542,0.016967493300000025,0.06625412120000002,-1,-1,-1,-1
219,121,0.9567435309,0.3490355947,0.01809309520000002,0.06625412120000002,-1,-1,-1,-1
220,121,0.9533659905,0.3434329453,0.01809309519999991,0.06625412119999996,-1,-1,-1,-1
221,121,0.9506639582,0.3386307676,0.01809309519999991,0.06625412120000002,-1,-1,-1,-1
222,121,0.950341413,0.3316724088,0.011653065399999996,0.06625412120000002,-1,-1,-1,-1
