141,133,0.9872467543,0.3756944386,0.014531432199999972,0.05693652539999999,-1,-1,-1,-1
142,133,0.9806414109,0.3745205004,0.013871059500000005,0.05693652539999999,-1,-1,-1,-1
143,133,0.9717243222,0.3709985552,0.013871059500000005,0.05693652539999999,-1,-1,-1,-1
144,133,0.9628072335,0.3680635791,0.01420124580000004,0.05752362510000003,-1,-1,-1,-1
145,133,0.9577117542,0.3660511696,0.014177587699999994,0.05457859409999999,-1,-1,-1,-1
146,133,0.9531824557,0.3635354945,0.014177587599999986,0.05457859399999998,-1,-1,-1,-1
147,133,0.9512007498,0.3564918652,0.014177587599999986,0.054578594100000044,-1,-1,-1,-1
148,133,0.9506529373,0.3569230492,0.014177587699999994,0.05457859409999999,-1,-1,-1,-1
149,133,0.9495022077,0.351316874,0.014177587699999994,0.05457859409999999,-1,-1,-1,-1
150,133,0.948852709,0.3507255957,0.014177587599999986,0.05457859399999998,-1,-1,-1,-1
151,133,0.9503868191,0.3473171268,0.014177587599999986,0.054578594000000036,-1,-1,-1,-1
152,133,0.9501950554,0.3452720716,0.014177587599999986,0.05457859399999998,-1,-1,-1,-1
153,133,0.9496197641,0.3435678372,0.014177587599999986,0.05457859399999998,-1,-1,-1,-1
154,133,0.9490444728,0.3425453749,0.014177587599999986,0.054578594000000036,-1,-1,-1,-1
155,133,0.9500032916,0.3435678372,0.011009885300000022,0.05457859399999998,-1,-1,-1,-1
156,133,0.9482772707,0.3449312509,0.011585323599999975,0.05329718620000001,-1,-1,-1,-1
157,133,0.9500031447,0.3408411405,0.011585323499999967,0.05329718620000001,-1,-1,-1,-1
