0,29,1.454052446,0.55117358565,0.973022291,0.3841497971
0,29,1.0240836925,0.4853424217,0.6882192978,0.350209533
0,29,1.0221137422,0.6364193239,0.6928821698,0.4591563524
0,29,0.9719193922,0.91795014195,0.6677664062,0.6937095977
0,29,0.8410712585,1.0516084912,0.582033895,0.8115156678
0,29,1.2436086825500001,0.56119058225,0.8358321401,0.3963569263
0,29,1.23227522345,0.53424641525,0.8272622835,0.3921647003
0,29,1.26931722405,0.53745757365,0.8535710969,0.3938972711
0,29,1.1738169572000001,0.43278518215,0.7874112744,0.3029927981
0,29,1.2572840108,0.4049928153,0.841720243,0.2807917854
0,29,0.44312925845,0.73947222925,0.3055948879,0.5494982753
0,29,0.4535244711,0.7444205942,0.315291816,0.5539773914
0,29,0.45208602245,0.74122223285,0.3131082071,0.5632599911
0,29,0.43959948270000004,0.5366110715000001,0.3000738548,0.3953285878
0,29,0.35141643624999996,0.743254034,0.2463319485,0.5536040556
0,29,0.1619216155,0.9842217612,0.1270129318,0.7524971324
0,29,-0.015651082849999998,1.0152383447,0.0135921571,0.7733246766
0,29,0.0351576092,1.0455949633500001,0.0584296854,0.7958887091
0,29,0.77419287295,0.5743843288,0.5216152299,0.4205636888
0,29,1.3036727684,0.48493043334999997,0.8767540874,0.3451627739
0,29,0.29052670085,0.6830632579,0.2025574233,0.5111639042
0,29,0.6389496753,0.49935283225000004,0.4319360588,0.3571785995
0,29,1.32355286685,0.4921575966,0.8890099229,0.3502605908
0,29,1.05331569105,0.93940507055,0.7165627175,0.6951341241
0,29,1.20615516145,0.593685688,0.8140288201,0.4347947188
0,29,1.1177227487,0.46466903035,0.7498561404,0.3348468735
0,29,1.30326999105,0.6856785023,0.8808885437,0.5101622046
0,29,1.33082894255,0.6897880695,0.9015104225,0.5074957064
0,29,1.2965351887,0.4147046403,0.8686391738,0.296403466
0,29,1.2454908329499998,0.41030544069999997,0.8337630017,0.2918312444
0,29,0.8935814683000001,1.1307912108,0.6218102558,0.8583050056
0,29,1.14637240265,0.4581822057,0.7688144503,0.3253475066
0,29,1.16081294905,0.45859589155,0.7782781759,0.3279356551
0,29,0.37586536155,0.6356704975999999,0.2590577155,0.4464413872
0,29,0.2768671325,0.58714741375,0.1928474906,0.4340694627
0,29,0.22372961274999997,0.69324491925,0.1652326263,0.5172848363
0,29,0.22581814795,0.7132407171,0.1652326263,0.531573845
0,29,0.42824677359999996,0.5111415093,0.2922299084,0.3686626924
0,29,0.4411265394,0.5221721539499999,0.3002116896,0.3791449551
0,29,0.50743205825,0.5429016305,0.3463932541,0.3835973018
0,29,0.50052863615,0.53464227665,0.3381662211,0.3691548585
0,29,0.72180117455,0.71991440565,0.4906504509,0.5374767041
0,29,0.7731574220499999,0.7274675032,0.5273650571,0.5450668218
0,29,0.53659881315,0.5114159941,0.3620141397,0.3598136272
0,29,0.69150720155,0.46588070700000006,0.4652791493,0.3344245692
0,29,0.4902014403,0.506697602,0.3315605222,0.3668387684
0,29,1.2937355112,0.46228824715,0.8690434206,0.3367100271
0,29,0.66949949415,0.47268172585,0.4516326315,0.3378471491
0,29,0.7832671932,0.47804422160000004,0.5269813826,0.3432284528
0,29,0.7445790366,0.4979624533,0.5027205474,0.3591998886
0,29,0.509297163,0.49933938225,0.3451305522,0.3587999139
0,29,0.66174105625,0.49127923225000003,0.4459237929,0.3521737575
0,29,0.6226182352,0.47926699765,0.4200104096,0.3427787261
0,29,0.5738990387,0.4816482286,0.3854781178,0.3356869056
0,29,0.49517754529999997,0.51359124015,0.3359225116,0.3721327963
0,29,1.136728228,0.39457120825,0.7608217952,0.2779846497
0,29,1.1389851457,0.38964334495,0.7607873252,0.2668251495
0,29,1.15347647875,0.39273044965000004,0.7725083641,0.2784444313
0,29,1.2569043038,0.59932653295,0.8476868146,0.4428703429
0,29,0.87548587505,0.464939663,0.5889723637,0.3340880576
0,29,0.8361626938,0.5795343787,0.5654337652,0.4280808108
0,29,0.7061185719999999,0.6107418088,0.4783085054,0.4557951544
0,29,1.03902995165,0.7113620896,0.7070321317,0.5373371112
0,29,0.00523853055,0.64291966395,0.0162777315,0.4813014757
0,29,0.2674341552,0.7340809930500001,0.193187155,0.5468242033
0,29,0.0317178007,0.65007694365,0.0316413156,0.4759259965
0,29,0.00373054005,0.65917759815,0.0183262241,0.4894978887
0,29,0.27153354305,0.58523402105,0.1900266251,0.4300006573
0,29,0.44124512435,0.6416515104,0.3049574387,0.4783577506
0,29,0.24524838309999997,0.5817214425999999,0.1761120976,0.4265439834
0,29,0.2704021955,0.57339797265,0.185968241,0.4125324629
0,29,0.0308211765,0.6378102579,0.028326276,0.4637640272
0,29,0.05335788065,0.636748545,0.0456558699,0.4676770224
0,29,1.0518985495,0.8578005647,0.7156363736,0.641413197
0,29,1.1679253276,0.84284995895,0.7904171898,0.6358813233
0,29,0.73974791225,0.7085322977999999,0.5053258897,0.5255158538
0,29,0.7457242558,0.70071241985,0.5063152732,0.5148257035
0,29,0.76376114435,0.7139384204,0.5178676809,0.54034665
0,29,0.7956485201500001,0.7390800895,0.5461436527,0.536752362
0,29,0.96732315995,0.7013781303,0.6573356327,0.516202306
0,29,0.9787558807,0.7311938103,0.6656819854,0.5504149656
0,29,1.01858506845,0.67458158705,0.6877618567,0.5092449919
0,29,0.9781514208,0.7073074977,0.6674589964,0.5353705362
0,29,0.95864169825,0.7107802785,0.6525033327,0.5281123596
0,29,1.01422938585,0.6617984577,0.6898659681,0.4840694366
0,29,0.7682482695499999,0.63233273925,0.5215463125,0.4614086423
0,29,0.7826319481499999,0.62274183385,0.5309627217,0.4520855619
0,29,0.802683091,0.61520962955,0.5452252438,0.4437973493
0,29,0.9087599011499999,0.5808501297,0.6185515943,0.4209601378
0,29,0.8322943557,0.5302942002,0.5614488994,0.3734239978
0,29,0.81821676445,0.53296435465,0.5512736641,0.3749165577
0,29,0.8269383422500001,0.5444075098500001,0.5549909423,0.3774949125
0,29,0.79389421225,0.48514165085,0.5346723587,0.3390383161
0,29,0.74474339515,0.50360447345,0.5023903611,0.3617751095
0,29,0.9410182406500001,0.47330224249999997,0.6357362729,0.3323057348
0,29,0.49947988675,0.54213772185,0.3423864935,0.3868386249
0,29,0.5736893791000001,0.60921608095,0.3914692014,0.4519581133
0,29,0.6163698223,0.5035822744,0.4188486592,0.3639294624
0,29,0.8027482613500001,0.4747259853,0.5382254989,0.3334525118
0,29,0.9223455192000001,0.4353747018,0.619532455,0.3054802674
0,29,0.8460808482,0.46333754415,0.5701073642,0.3321269671
0,29,1.0882312445,0.40212502400000005,0.7285881426,0.2827375978
0,29,0.88962716715,0.44306445405000006,0.5985003045,0.3110663329
0,29,0.75538856185,0.569506609,0.5103906573,0.4206829108
0,29,1.30964580575,0.5860381792,0.8821840145,0.4186240138
0,29,1.18268173325,0.6436110339,0.7990552291,0.4824397648
0,29,1.203951421,0.6801860646,0.8138471956,0.4877777232
0,29,0.7731574220499999,0.7274675032,0.5273650571,0.5450668218
0,29,0.79389421225,0.48514165085,0.5346723587,0.3390383161
