222,123,0.9662763209,0.3335947163,0.014602112899999908,0.06433220550000002,-1,-1,-1,-1
223,123,0.970389617,0.3372498558,0.014602112899999908,0.06433220550000002,-1,-1,-1,-1
224,123,0.972446265,0.3412706268,0.014602113000000028,0.06433220550000002,-1,-1,-1,-1
225,123,0.9765595611,0.3441948952,0.01460211290000002,0.06433220540000001,-1,-1,-1,-1
226,123,0.9784104856,0.3456570293,0.01460211290000002,0.06433220550000002,-1,-1,-1,-1
227,123,0.9786162091,0.3471191635,0.014602113000000028,0.06433220540000001,-1,-1,-1,-1
228,123,0.9808784338,0.3471191635,0.014602113000000028,0.06433220540000001,-1,-1,-1,-1
229,123,0.9833463821,0.3427328916,0.01460211290000002,0.06433220540000001,-1,-1,-1,-1
230,123,0.9847860063,0.3430983925,0.014602113000000028,0.06433220540000001,-1,-1,-1,-1
231,123,0.9804671336,0.3445603961,0.014602112999999917,0.06433220540000001,-1,-1,-1,-1
232,123,0.9821124814,0.3485810365,0.014602113000000028,0.06433220540000001,-1,-1,-1,-1
233,123,0.9827293583,0.3522363066,0.01460211290000002,0.06433220540000001,-1,-1,-1,-1
234,123,0.9819067578,0.3496776697,0.014602112999999917,0.06433220549999996,-1,-1,-1,-1
