1,64,0.8388849312,0.2851883733,0.008235555800000016,0.03825132049999996,-1,-1,-1,-1
2,64,0.8393789616,0.2839198933,0.008894459099999974,0.03815364459999998,-1,-1,-1,-1
3,64,0.8409545104,0.2829864883,0.008894459099999974,0.03815364469999999,-1,-1,-1,-1
4,64,0.8423049388,0.2821864083,0.008840530099999966,0.037370670999999966,-1,-1,-1,-1
5,64,0.8439770307,0.2816149786,0.008518866600000008,0.03714202059999999,-1,-1,-1,-1
6,64,0.846485242,0.2812720685,0.007618532000000067,0.03691337039999998,-1,-1,-1,-1
7,64,0.8479001794,0.2810435488,0.008004263800000078,0.03588464010000003,-1,-1,-1,-1
8,64,0.8504726058,0.2796719084,0.007682600300000009,0.03622755030000002,-1,-1,-1,-1
9,64,0.8516300949,0.2788718284,0.00819720310000005,0.03599903059999998,-1,-1,-1,-1
10,64,0.853430764,0.2780717484,0.008518866600000008,0.036227550200000014,-1,-1,-1,-1
11,64,0.8542025213,0.2770430181,0.00819720310000005,0.03599903060000004,-1,-1,-1,-1
12,64,0.8549742787,0.276700108,0.00864729689999999,0.03485604050000002,-1,-1,-1,-1
13,64,0.8555530967,0.2756713777,0.007875539599999981,0.03554186069999998,-1,-1,-1,-1
14,64,0.8558103981,0.2756713777,0.007939901699999918,0.03451326100000002,-1,-1,-1,-1
15,64,0.8561319147,0.2741856081,0.00793990159999991,0.03451326090000001,-1,-1,-1,-1
16,64,0.8560033374,0.2734997879,0.00793990170000003,0.03451326099999996,-1,-1,-1,-1
17,64,0.8558747602,0.2728139677,0.008197056099999989,0.03394170060000001,-1,-1,-1,-1
18,64,0.8558747602,0.2723567978,0.006846480800000054,0.03359879050000003,-1,-1,-1,-1
19,64,0.8558103981,0.2715565872,0.006846627800000005,0.033141751200000014,-1,-1,-1,-1
20,64,0.8543956076,0.2707565072,0.007361083699999993,0.03359892110000001,-1,-1,-1,-1
21,64,0.8542670304,0.2709851575,0.007425298800000091,0.032455800300000004,-1,-1,-1,-1
22,64,0.8549744256,0.270870767,0.007039420199999924,0.03177011079999997,-1,-1,-1,-1
23,64,0.8554888815,0.2696135171,0.007039420200000035,0.03177011080000003,-1,-1,-1,-1
24,64,0.8567107327,0.2691563472,0.007361083599999985,0.03131294080000002,-1,-1,-1,-1
25,64,0.8576754293,0.2686991772,0.007296721600000056,0.03062712070000001,-1,-1,-1,-1
26,64,0.859218944,0.2688134371,0.007039420100000027,0.029369870700000023,-1,-1,-1,-1
27,64,0.859797762,0.2685849174,0.007039420100000027,0.029369870699999967,-1,-1,-1,-1
28,64,0.8607624586,0.2685849174,0.007039273199999974,0.028569660100000005,-1,-1,-1,-1
29,64,0.8607624586,0.2682420073,0.007039273199999974,0.028569660100000005,-1,-1,-1,-1
30,64,0.8612769145,0.2669847573,0.007039273199999974,0.028569660200000013,-1,-1,-1,-1
31,64,0.8617270083,0.2660704175,0.006846480899999952,0.028569660100000005,-1,-1,-1,-1
32,64,0.862691705,0.2659511955,0.006846480799999943,0.0278888021,-1,-1,-1,-1
33,64,0.8637849789,0.2654940256,0.0073609367000000425,0.02788880199999999,-1,-1,-1,-1
34,64,0.8663574053,0.2653796352,0.00736093679999994,0.02788880199999999,-1,-1,-1,-1
35,64,0.8693155635,0.264693815,0.00736093679999994,0.02788880199999999,-1,-1,-1,-1
