0,29,1.01853437225,0.52096818165,0.6860878545,0.3821470507
0,29,0.7623639873,1.16868852165,0.5403268184,0.8969085075
0,29,0.9542733784,0.552052407,0.6447432922,0.409277298
0,29,1.03800603595,0.86173710995,0.7082320879,0.6582372071
0,29,1.07437238145,0.8643432136,0.7369731419,0.6603222206
0,29,0.5271635214,0.8182453763499999,0.3623437382,0.5684840815
0,29,1.12596594575,0.43365290395,0.7549366313,0.3098828621
0,29,1.1672617956,0.55907729765,0.782905781,0.3958746845
0,29,1.2006914370000001,0.5696820468,0.8123750964,0.4199154764
0,29,1.12958851755,0.42201870625000004,0.7561279177,0.2983481031
0,29,1.138910147,0.41790306685,0.7631154662,0.2972401091
0,29,1.11565287555,0.48895185725,0.7496007493,0.3550745209
0,29,1.2142009373,0.40245121954999996,0.8144072046,0.2840342837
0,29,1.21734792025,0.3957131538,0.8141321227,0.2716790738
0,29,1.17384722795,0.43278518215,0.7874718159,0.3029927981
0,29,0.48027860265,0.99391811215,0.3402371229,0.7572389809
0,29,1.0258494621,0.793587516,0.700971368,0.6021277924
0,29,1.0695343505500001,0.46767732865,0.7174899431,0.3361118279
0,29,1.0817796794499999,0.46566185039999997,0.7270506527,0.3374969182
0,29,0.86826865085,0.45932336765000004,0.5848458425,0.3335692527
0,29,0.7589650662999999,0.49604974365,0.509793765,0.3438354011
0,29,1.34526258265,0.66013398565,0.9044465389,0.4681460551
0,29,1.2903744287,0.41121233734999996,0.8631767718,0.2875954037
0,29,1.3634844755,0.6729144380500001,0.916695468,0.4723739303
0,29,1.33451154165,0.6315936414000001,0.8992953673,0.468952142
0,29,1.3335302402,0.6007145615,0.8979807936,0.4415889352
0,29,1.32143949785,0.6035635488,0.8888103711,0.4433892784
0,29,1.2575578435499999,0.40487822900000003,0.8403426297,0.2804450884
0,29,1.2929051961,0.35219262674999996,0.8641297128,0.2455749451
0,29,1.1826835701,0.47016421035,0.794285234,0.3389824267
0,29,1.1916706048,0.4725472787,0.8004484186,0.341330956
0,29,1.28802616745,0.4199515173,0.8629432755,0.297821202
0,29,1.2945751572500002,0.420900331,0.8662676217,0.2984064736
0,29,1.3060540189,0.41954403400000007,0.8740508796,0.2962673988
0,29,1.3013027593,0.41402241115,0.8712182128,0.2924539931
0,29,1.05123384185,0.44230028425,0.7057156477,0.3164750671
0,29,1.27608619115,0.37600222195,0.8530084429,0.2619483143
0,29,1.13524283025,0.40535237469999996,0.7607126147,0.28746234
0,29,1.3038618137,0.48386331180000003,0.877132178,0.34540618
0,29,1.25907402645,0.49750939669999994,0.8466330691,0.362631993
0,29,1.44655778895,0.53970999415,0.9747202453,0.4088202587
0,29,1.32355286685,0.4921575966,0.8890099229,0.3502605908
0,29,0.37742599535,0.6115604969,0.2594025963,0.4460044576
0,29,0.31871171335000004,0.66965653095,0.2268510273,0.4954883687
0,29,0.9140425154,0.4732840262,0.6143079576,0.3406352116
0,29,0.9760560526,0.5108011456,0.6559947558,0.3608129764
0,29,0.9837003736000001,0.49926338314999996,0.6621101832,0.3632715869
0,29,0.4384104003,0.5366990189,0.2984783214,0.3943908736
0,29,0.4651239473,0.5344001681499999,0.3177021432,0.3911894599
0,29,0.4336888605,0.52358989,0.2961841362,0.3789119956
0,29,0.43033060665,0.51283026965,0.2928306213,0.3689302563
0,29,0.14205580750000002,0.9894212367499999,0.1205246304,0.7503248897
0,29,0.17240264425000001,0.9874801253,0.1277636759,0.7121203178
0,29,0.515786493,0.5403315677,0.3505485766,0.383091294
0,29,0.5181018385,0.5380419964,0.3504044232,0.3697644184
0,29,0.714746766,0.7045810621,0.4856951576,0.5230503224
0,29,0.7121109326,0.72496717155,0.487756361,0.5370995813
0,29,0.5602337343,0.67854268175,0.382088206,0.5015813561
0,29,0.5314590299,0.67399011275,0.3632630288,0.4985793911
0,29,0.5397169949,0.66937068555,0.3723746732,0.4947367349
0,29,0.5368598617,0.50792969795,0.3620686564,0.3544701843
0,29,0.51297079835,0.52168384,0.3482255165,0.3778726882
0,29,0.8850098483,0.45759138435,0.5946291744,0.3289062761
0,29,0.49764108519999994,0.51023454735,0.3371268762,0.3689153699
0,29,0.60279395815,0.47038598870000004,0.4067358841,0.3408680644
0,29,0.70757289085,0.45795557945,0.4758251279,0.3261833663
0,29,0.7828280468,0.47958738225,0.5282358556,0.3429749919
0,29,1.0347487703,0.4362409872,0.6941569212,0.311211802
0,29,0.71027994375,0.48803644555000003,0.4778575953,0.3454347159
0,29,0.68151131305,0.4693445429,0.4585483145,0.335353012
0,29,1.2199031540999998,0.50524576705,0.8211690448,0.3673146875
0,29,0.53228721415,0.796498726,0.3701145057,0.6005056944
0,29,0.49570118529999996,0.7993379197,0.3470768442,0.6029670472
0,29,0.92582217435,0.50728572955,0.6231310013,0.3714369213
0,29,0.0432422521,0.6460618094499999,0.0427153426,0.4791148689
0,29,0.02929298095,0.64647660535,0.0300463701,0.4804952583
0,29,0.057541327,0.65762895305,0.054798003,0.4941248245
0,29,0.2672635148,0.7313855709,0.1911374868,0.544124929
0,29,0.28106190985,0.67059555095,0.1977390097,0.4959676071
0,29,0.26563201665,0.5791284626,0.1858401781,0.429580814
0,29,0.2551542574,0.5782506205,0.1784205366,0.4237196108
0,29,0.2669738854,0.5660715666,0.184129366,0.410389993
0,29,0.77680431335,0.50243726025,0.5272351573,0.3709737445
0,29,0.08854401775,0.6074594175,0.0666650209,0.445030572
0,29,0.0537070917,0.6368009287999999,0.0460317456,0.4689283104
0,29,0.29463676415,1.09723296625,0.2181271719,0.8331094711
0,29,0.8560620421,0.81294202235,0.5860860618,0.6168022811
0,29,0.7414155957499999,0.71464435025,0.5058049317,0.5273928491
0,29,0.7449050350499999,0.7028166943,0.5057689301,0.5183857788
0,29,0.7809405329000001,0.69988890025,0.534582722,0.5104703797
0,29,0.7960706943,0.74162984675,0.5490605192,0.5421830341
0,29,0.8272007868,0.7621927651,0.5636095848,0.568972983
0,29,0.9678964675499999,0.7025666285,0.6588637181,0.5172209814
0,29,0.9799905896,0.7181373061,0.6704675568,0.5146981242
0,29,0.91330720055,0.71262880675,0.6210827291,0.5396135589
0,29,1.00922758435,0.7243669482999999,0.6852167621,0.5447534234
0,29,0.9643015213999999,0.7170774319,0.6573623768,0.533866485
0,29,1.01422938585,0.6617984577,0.6898659681,0.4840694366
0,29,0.7671840907999999,0.6323424024000001,0.5205638354,0.4620213362
0,29,0.6792267526,0.58345218535,0.4614710588,0.4353622311
0,29,0.802683091,0.61695734805,0.5452252438,0.4437973493
0,29,-0.024103052549999997,1.0897708196,0.0188405331,0.8267976272
0,29,0.90069201005,0.5769342166,0.6094862377,0.426599481
0,29,1.16915959565,0.46541687730000003,0.7855308139,0.3362822382
0,29,0.832467531,0.5299424757,0.5616962086,0.3728973578
0,29,0.8184637063,0.5316472978,0.5509772752,0.3740385198
0,29,0.8291924115,0.5397135852,0.5563635594,0.376778536
0,29,0.79389421225,0.48506408475,0.5346723587,0.3390383161
0,29,0.8729987503500001,0.45470831485,0.5866892727,0.3286549045
0,29,0.717048666,0.48738339625000004,0.4823597906,0.3448335097
0,29,0.9409107501,0.47386413969999996,0.6355212918,0.3323057348
0,29,1.0248325998,0.56351430085,0.6921455324,0.4028416617
0,29,1.3052367819000001,0.43181795624999997,0.8755243012,0.3107044883
0,29,0.7870175341,0.5801688799,0.534014778,0.4305161776
0,29,0.6463956200000001,0.49371740654999996,0.4370149332,0.3572869831
0,29,1.1119393445,0.43204066500000005,0.7455693018,0.3065957046
0,29,0.8020142690500001,0.47407352905,0.5377361707,0.3330175409
0,29,0.9223968765999999,0.436796747,0.6195666932,0.3064282976
0,29,0.61155692545,0.4731977331,0.4111810753,0.3366943866
0,29,1.0871216596,0.40274300655000006,0.7283818312,0.2857722085
0,29,0.88962716715,0.44306445405000006,0.5985003045,0.3110663329
0,29,1.11302938555,0.43231639035,0.7460600995,0.3049669469
0,29,1.2891390586,0.71528844925,0.8717281134,0.5312644947
0,29,0.7121109326,0.72496717155,0.487756361,0.5370995813
0,29,0.79389421225,0.48506408475,0.5346723587,0.3390383161
