0,29,1.09176858795,0.46315734015000004,0.7332041389,0.3330089225
0,29,1.0236011972,0.6433492157,0.6947591036,0.4624749804
0,29,1.22631026815,0.7761477432999999,0.8313294387,0.5887074196
0,29,1.15170762325,0.8265694993000001,0.7846723587,0.6291326804
0,29,0.12073953805000001,1.5085518591,0.1195724241,1.1439572086
0,29,1.1447078784,0.51993971255,0.7674697528,0.3669140599
0,29,1.14011671575,0.5116935475,0.7659282953,0.3761948314
0,29,1.2699181573,0.536790231,0.8549228478,0.3933633186
0,29,1.1738169572000001,0.43278518215,0.7874112744,0.3029927981
0,29,1.2572840108,0.4049928153,0.841720243,0.2807917854
0,29,0.17795637279999998,0.8259890592,0.1349309386,0.6136231154
0,29,0.18288955085,0.8357831513,0.1396974071,0.6247495424
0,29,0.15624753865,0.8445869695999999,0.1268005957,0.6459779754
0,29,0.43848210965,0.53505446085,0.2999765769,0.3942908473
0,29,0.35141643624999996,0.743254034,0.2463319485,0.5536040556
0,29,0.658228767,0.6355911687,0.446225031,0.4706024458
0,29,1.3036727684,0.48493043334999997,0.8767540874,0.3451627739
0,29,0.04413318225,0.77597818175,0.0546105741,0.5842763579
0,29,0.5307317235,0.51865856605,0.3619991512,0.3737814025
0,29,1.32355286685,0.4921575966,0.8890099229,0.3502605908
0,29,0.7498265309500001,1.10894009445,0.5166525893,0.8477835681
0,29,1.1436465651,0.6978974492000001,0.7746155614,0.51618977
0,29,1.0414636616,0.48267357305,0.700012843,0.3489739597
0,29,1.0972890334,0.7965283683,0.7497269754,0.5955903016
0,29,1.1404427877,0.8045018115,0.7753075274,0.5959338646
0,29,1.45624994125,0.5804809072,0.9809999577,0.4296965102
0,29,1.3748038279,0.424629772,0.9201433952,0.301201465
0,29,1.2947013834,0.3909863875,0.8653186482,0.2728419124
0,29,0.88418643965,1.1298636820999999,0.6134592009,0.8576868272
0,29,1.1126433599,0.4816689353,0.7476938386,0.345065751
0,29,1.125829213,0.48085651520000006,0.7556659214,0.3464262918
0,29,0.37195205815,0.6284274686,0.2566110743,0.4416127012
0,29,0.2768671325,0.58714741375,0.1928474906,0.4340694627
0,29,0.42824677359999996,0.5111415093,0.2922299084,0.3686626924
0,29,0.4414288796,0.5212161581,0.3001713776,0.3785717842
0,29,0.50819852565,0.5419348617,0.3465243295,0.3830821532
0,29,0.50046464135,0.53548048675,0.3388570115,0.3697845281
0,29,0.7251670329000001,0.72242361695,0.494276623,0.5365175743
0,29,0.7708744046,0.72232457,0.524611153,0.5413740744
0,29,0.5366209284000001,0.5110154317,0.361908192,0.3595465856
0,29,0.6488255093499999,0.45857303955,0.4364982731,0.3295527909
0,29,0.51246758385,0.5107915478,0.3468849335,0.3696214304
0,29,0.6630301947,0.4741284268,0.4473197652,0.3388116164
0,29,0.7833583728,0.4775187569,0.527004453,0.3430806332
0,29,0.7453941428499999,0.49821082149999996,0.5041644331,0.3591998886
0,29,0.6599244436,0.490893034,0.4449496918,0.3521002394
0,29,0.6224063399499999,0.47926699765,0.4197629535,0.3427787261
0,29,0.59184203625,0.48042884615000003,0.3974714319,0.3350153905
0,29,0.6544935614,0.4750512668,0.44077894,0.339286162
0,29,0.49972286095,0.515347773,0.3395517695,0.3717657284
0,29,1.1409255034,0.39655606495,0.7648347276,0.2780334877
0,29,1.14344987875,0.3962418177,0.7655656341,0.2691378044
0,29,1.15347647875,0.39273044965000004,0.7725083641,0.2784444313
0,29,1.2568877725,0.5160855651,0.8458971664,0.3760927158
0,29,0.9859054365000001,0.4456826366,0.6619932146,0.3175518518
0,29,0.9861311447000001,0.5348907754500001,0.6643684404,0.3915693739
0,29,0.05275369835,0.79254429105,0.0518007573,0.5981646083
0,29,0.12185955600000001,1.0140100841,0.1118857094,0.7388840196
0,29,0.0815217168,1.0407781604,0.0885363766,0.7767155168
0,29,0.8778091554999999,0.55929158375,0.5959139182,0.4159212137
0,29,0.9876339555,0.70021235355,0.6719887358,0.5197158939
0,29,0.00653194415,0.6433027935,0.0197268343,0.4820677348
0,29,0.26400485335,0.73377059805,0.1915674491,0.5456019495
0,29,0.0317178007,0.65035902405,0.0323257874,0.4752733879
0,29,0.0462012185,0.6485518251,0.0445696468,0.4809421122
0,29,0.2745720288,0.5856700667,0.1899489188,0.4302555346
0,29,0.38190048325,0.65406652715,0.2633051727,0.4892647987
0,29,0.24552028329999998,0.5817214425999999,0.1761120976,0.4265439834
0,29,0.27135219755,0.5579207922,0.1866015757,0.4022143426
0,29,0.06539375655,0.63121613335,0.0527253379,0.4605249893
0,29,0.05332550345,0.63674368815,0.0456210205,0.4675610089
0,29,1.17719589355,0.70196235715,0.7955480829,0.5228385173
0,29,0.90458922295,1.02005899985,0.6226500489,0.7860430369
0,29,0.77897895855,0.7743452454499999,0.5332881329,0.5858686829
0,29,0.7401648698500001,0.71396283935,0.5057889147,0.5284779911
0,29,0.74531479235,0.70297809445,0.5062243139,0.5190332077
0,29,0.7645595723,0.7167765041,0.5186660354,0.5408196204
0,29,0.7910501571499999,0.73947875835,0.5461436527,0.5379482381
0,29,0.96732315995,0.7013781303,0.6573356327,0.516202306
0,29,0.9787558807,0.731937348,0.6656819854,0.5504149656
0,29,1.0284396689,0.6860387799000001,0.696505109,0.516356263
0,29,0.9795311648,0.70656115245,0.6668590182,0.5355837777
0,29,0.95894102605,0.7104651172,0.6515061611,0.5280492882
0,29,1.01422938585,0.6617984577,0.6898659681,0.4840694366
0,29,0.7685492872499999,0.63112902825,0.5221483479,0.4614086423
0,29,0.7826319481499999,0.62274183385,0.5309627217,0.4520855619
0,29,0.802683091,0.61532140835,0.5452252438,0.4437973493
0,29,0.9087599011499999,0.5808501297,0.6185515943,0.4209601378
0,29,0.8323686367,0.5302942002,0.56149842,0.3734239978
0,29,0.81821676445,0.53296435465,0.5512736641,0.3749165577
0,29,0.8277402234,0.53955466615,0.555554331,0.3768788235
0,29,0.79389421225,0.48514165085,0.5346723587,0.3390383161
0,29,0.7330615283999999,0.49944482785,0.4933311762,0.3599261895
0,29,0.9410182406500001,0.47330224249999997,0.6357362729,0.3323057348
0,29,0.49903185014999996,0.54330578385,0.3422072201,0.3870509523
0,29,0.5860776859,0.6182602366,0.403065105,0.4590748688
0,29,0.5555301585,0.51527960885,0.3772807398,0.3738918755
0,29,0.8027482613500001,0.4747259853,0.5382254989,0.3334525118
0,29,0.9223455192000001,0.4353747018,0.619532455,0.3054802674
0,29,0.98157796745,0.43939664805,0.6586500595,0.3159718015
0,29,0.88962716715,0.44306445405000006,0.5985003045,0.3110663329
0,29,0.6377589030999999,0.63059651205,0.43359375,0.4691352189
0,29,1.2448001895,0.48652465185,0.8367374708,0.3429275903
0,29,1.23889099995,0.5793038351,0.8379519747,0.4306915502
0,29,1.24758517255,0.6043517458500001,0.8382229421,0.4307295497
0,29,0.7708744046,0.72232457,0.524611153,0.5413740744
0,29,0.79389421225,0.48514165085,0.5346723587,0.3390383161
