1,146,0.3225149179,0.3500652391,0.011375338600000007,0.05931417460000005,-1,-1,-1,-1
2,146,0.3168056476,0.3498662311,0.011375338600000007,0.05931417460000005,-1,-1,-1,-1
3,146,0.3134379526,0.3498662311,0.011375338600000007,0.05931417460000005,-1,-1,-1,-1
4,146,0.3100938154,0.3460029398,0.011467826300000039,0.056757951699999976,-1,-1,-1,-1
5,146,0.3068937981,0.3423061422,0.011556328200000021,0.05431189270000003,-1,-1,-1,-1
6,146,0.3038316899,0.3387686629,0.011641015899999996,0.05197124980000001,-1,-1,-1,-1
7,146,0.3025966137,0.3382983041,0.011641015799999987,0.051971249900000016,-1,-1,-1,-1
8,146,0.3029494296,0.3378279453,0.011641015899999996,0.05291196740000004,-1,-1,-1,-1
9,146,0.304625636,0.3379846445,0.011641015899999996,0.05291196749999999,-1,-1,-1,-1
10,146,0.304649882,0.3378776973,0.011641015800000043,0.05291196739999998,-1,-1,-1,-1
11,146,0.303831543,0.3379846445,0.011641015800000043,0.05291196749999999,-1,-1,-1,-1
12,146,0.3010165096,0.3387426769,0.011641015899999996,0.05291196749999999,-1,-1,-1,-1
13,146,0.2994180374,0.3386073933,0.011641015799999987,0.05291196739999998,-1,-1,-1,-1
14,146,0.2992658019,0.3382015423,0.011310535699999957,0.05344526710000003,-1,-1,-1,-1
15,146,0.2999928878,0.3381730753,0.010086186499999983,0.05373685819999996,-1,-1,-1,-1
16,146,0.2971099657,0.3376191436,0.010870727999999996,0.05561098069999998,-1,-1,-1,-1
17,146,0.2953018024,0.3386405613,0.011813823700000003,0.0551625597,-1,-1,-1,-1
18,146,0.293275572,0.3394043393,0.010526287999999995,0.05459348049999996,-1,-1,-1,-1
19,146,0.2944026434,0.3390067151,0.009623014400000018,0.05321648619999997,-1,-1,-1,-1
20,146,0.2925384938,0.3395368807,0.010478089899999987,0.0549686445,-1,-1,-1,-1
21,146,0.2910018856,0.3398357845,0.011908750400000001,0.05476389079999999,-1,-1,-1,-1
22,146,0.2905575227,0.3398276883,0.012353113299999996,0.05477198700000002,-1,-1,-1,-1
23,146,0.2908753656,0.3398276883,0.01203527040000002,0.05477198700000002,-1,-1,-1,-1
24,146,0.291030393,0.3402721917,0.011880243000000013,0.054327483600000004,-1,-1,-1,-1
25,146,0.2904968342,0.3414456076,0.012413801800000013,0.05315406770000003,-1,-1,-1,-1
26,146,0.2899559281,0.3419274577,0.012954707900000029,0.052672217600000015,-1,-1,-1,-1
27,146,0.2899559281,0.3419274577,0.012954707900000029,0.052672217600000015,-1,-1,-1,-1
28,146,0.2895049526,0.341994316,0.013252125500000045,0.05258655539999996,-1,-1,-1,-1
29,146,0.2895049526,0.3411255495,0.013252125500000045,0.053455321899999964,-1,-1,-1,-1
30,146,0.2901008163,0.3405618241,0.012975574200000006,0.054019047299999956,-1,-1,-1,-1
31,146,0.290478466,0.3401416091,0.012636717999999991,0.05437005349999996,-1,-1,-1,-1
32,146,0.2908270206,0.3395145511,0.012238936700000036,0.05508486309999999,-1,-1,-1,-1
33,146,0.2913502932,0.3392455508,0.011715664100000023,0.05535386339999998,-1,-1,-1,-1
34,146,0.2921426229,0.3389894782,0.01092333440000004,0.05560993599999997,-1,-1,-1,-1
35,146,0.2923130796,0.3389894782,0.010752877699999996,0.05560993599999997,-1,-1,-1,-1
36,146,0.2923130796,0.3388165867,0.010752877699999996,0.05578282750000002,-1,-1,-1,-1
37,146,0.2923130796,0.3385243427,0.010752877699999996,0.05607507150000002,-1,-1,-1,-1
38,146,0.2923130796,0.3382320987,0.010752877699999996,0.056367315500000015,-1,-1,-1,-1
39,146,0.290812473,0.3382320987,0.012253484300000006,0.056367315500000015,-1,-1,-1,-1
40,146,0.289369469,0.3382320987,0.013696488300000031,0.056367315500000015,-1,-1,-1,-1
41,146,0.28944904,0.3382320987,0.013616917300000031,0.056367315500000015,-1,-1,-1,-1
42,146,0.2895286109,0.3382320987,0.013537346400000039,0.056367315500000015,-1,-1,-1,-1
43,146,0.289471743,0.338544583,0.013537346499999992,0.055902963500000014,-1,-1,-1,-1
44,146,0.289471743,0.338544583,0.013537346499999992,0.055902963500000014,-1,-1,-1,-1
45,146,0.2896166312,0.338544583,0.01339245830000002,0.055902963500000014,-1,-1,-1,-1
46,146,0.2899623937,0.338544583,0.013046695800000008,0.055902963500000014,-1,-1,-1,-1
47,146,0.2904386438,0.338544583,0.012570445699999988,0.055902963500000014,-1,-1,-1,-1
48,146,0.2905905854,0.3388728678,0.012418504100000005,0.055574678700000046,-1,-1,-1,-1
49,146,0.2891712396,0.3395035821,0.0117961902,0.05511502770000004,-1,-1,-1,-1
50,146,0.2891712396,0.3395035821,0.009307081800000006,0.054887291500000046,-1,-1,-1,-1
51,146,0.2863653169,0.3389049912,0.012113004500000024,0.05548588240000002,-1,-1,-1,-1
52,146,0.2842196199,0.3394860841,0.014258701500000026,0.05490478950000005,-1,-1,-1,-1
53,146,0.284546353,0.3394860841,0.013712211600000024,0.05490478950000005,-1,-1,-1,-1
54,146,0.2848730862,0.3394860841,0.013165721500000005,0.05490478950000005,-1,-1,-1,-1
55,146,0.2848730862,0.3394860841,0.013165721500000005,0.05490478950000005,-1,-1,-1,-1
56,146,0.2848590039,0.339511156,0.013165721500000005,0.054904789499999995,-1,-1,-1,-1
57,146,0.2848449217,0.3395362278,0.013165721500000005,0.054904789600000004,-1,-1,-1,-1
58,146,0.2848308394,0.3395612997,0.013165721500000005,0.054904789499999995,-1,-1,-1,-1
59,146,0.2848167571,0.3395863716,0.013165721500000005,0.054904789499999995,-1,-1,-1,-1
60,146,0.2848026749,0.3396114434,0.013165721500000005,0.054904789600000004,-1,-1,-1,-1
61,146,0.2847885926,0.3396365153,0.013165721500000005,0.054904789600000004,-1,-1,-1,-1
62,146,0.2847885926,0.3396365153,0.01317022779999999,0.0548502931,-1,-1,-1,-1
63,146,0.2847885926,0.3396365153,0.013174734199999982,0.0547957966,-1,-1,-1,-1
64,146,0.2847885926,0.3396365153,0.013179240500000022,0.0547413001,-1,-1,-1,-1
65,146,0.2848257698,0.3396365153,0.013179240399999959,0.0547413001,-1,-1,-1,-1
66,146,0.2848629469,0.3396365153,0.013179240499999967,0.0547413001,-1,-1,-1,-1
67,146,0.2848629469,0.3396365153,0.013179240499999967,0.0547413001,-1,-1,-1,-1
68,146,0.2848629469,0.3396365153,0.013179240499999967,0.0547413001,-1,-1,-1,-1
69,146,0.2848629469,0.3396365153,0.013179240499999967,0.0547413001,-1,-1,-1,-1
70,146,0.2848629469,0.3396365153,0.013179240499999967,0.0547413001,-1,-1,-1,-1
71,146,0.2848629469,0.3396365153,0.013179240499999967,0.0547413001,-1,-1,-1,-1
72,146,0.2848629469,0.3396365153,0.013179240499999967,0.0547413001,-1,-1,-1,-1
73,146,0.2848629469,0.3396365153,0.013179240499999967,0.0547413001,-1,-1,-1,-1
74,146,0.2848629469,0.3396365153,0.013043903799999979,0.054680187400000024,-1,-1,-1,-1
75,146,0.2848629469,0.3396365153,0.013043903799999979,0.054680187400000024,-1,-1,-1,-1
76,146,0.2848629469,0.3396365153,0.013080493199999987,0.054680187400000024,-1,-1,-1,-1
77,146,0.2848629469,0.3396365153,0.013245953799999988,0.05458525380000001,-1,-1,-1,-1
78,146,0.2848629469,0.3396365153,0.013245953799999988,0.05458525380000001,-1,-1,-1,-1
79,146,0.2848629469,0.3396365153,0.013245953799999988,0.05458525380000001,-1,-1,-1,-1
80,146,0.2848629469,0.3396365153,0.013245953799999988,0.05458525380000001,-1,-1,-1,-1
81,146,0.2848629469,0.3396365153,0.013245953799999988,0.05458525380000001,-1,-1,-1,-1
82,146,0.2848629469,0.3396365153,0.013245953799999988,0.05458525380000001,-1,-1,-1,-1
83,146,0.2848629469,0.3396365153,0.013245953799999988,0.05458525380000001,-1,-1,-1,-1
84,146,0.2848629469,0.3396365153,0.013245953799999988,0.05458525380000001,-1,-1,-1,-1
85,146,0.2848629469,0.3396365153,0.013245953799999988,0.05458525380000001,-1,-1,-1,-1
86,146,0.2848629469,0.3396365153,0.013245953799999988,0.05458525380000001,-1,-1,-1,-1
87,146,0.2848629469,0.3396365153,0.013245953799999988,0.05458525380000001,-1,-1,-1,-1
88,146,0.2848629469,0.3396365153,0.013245953799999988,0.05458525380000001,-1,-1,-1,-1
89,146,0.2848629469,0.3396365153,0.013245953799999988,0.05458525380000001,-1,-1,-1,-1
90,146,0.2848629469,0.3396365153,0.013245953799999988,0.05458525380000001,-1,-1,-1,-1
91,146,0.2848629469,0.3396365153,0.013245953799999988,0.05458525380000001,-1,-1,-1,-1
92,146,0.2848629469,0.3396365153,0.013245953799999988,0.05458525380000001,-1,-1,-1,-1
93,146,0.2848629469,0.3396365153,0.013245953799999988,0.05458525380000001,-1,-1,-1,-1
94,146,0.2848629469,0.3396365153,0.013245953799999988,0.05458525380000001,-1,-1,-1,-1
95,146,0.2848629469,0.3396365153,0.013245953799999988,0.05458525380000001,-1,-1,-1,-1
96,146,0.2848629469,0.3396365153,0.013245953799999988,0.05458525380000001,-1,-1,-1,-1
97,146,0.2848629469,0.3396365153,0.013245953799999988,0.05458525380000001,-1,-1,-1,-1
98,146,0.2848629469,0.3396365153,0.013065357799999955,0.05465733540000001,-1,-1,-1,-1
99,146,0.2848629469,0.3396365153,0.013065357799999955,0.05465733540000001,-1,-1,-1,-1
100,146,0.2848629469,0.3396365153,0.013065357799999955,0.05465733540000001,-1,-1,-1,-1
101,146,0.2848629469,0.3396365153,0.013065357799999955,0.05465733540000001,-1,-1,-1,-1
102,146,0.2848629469,0.3396365153,0.013065357799999955,0.05465733540000001,-1,-1,-1,-1
103,146,0.2848629469,0.3396365153,0.013065357799999955,0.05465733540000001,-1,-1,-1,-1
104,146,0.2848629469,0.3396365153,0.013065357799999955,0.05465733540000001,-1,-1,-1,-1
105,146,0.2848629469,0.3396365153,0.013065357799999955,0.05465733540000001,-1,-1,-1,-1
106,146,0.2848629469,0.3396365153,0.013065357799999955,0.05465733540000001,-1,-1,-1,-1
107,146,0.2848629469,0.3396365153,0.013065357799999955,0.05465733540000001,-1,-1,-1,-1
108,146,0.2848629469,0.3396365153,0.013267701699999968,0.05462756260000001,-1,-1,-1,-1
109,146,0.2848629469,0.3396365153,0.013267701699999968,0.05462756260000001,-1,-1,-1,-1
110,146,0.2848629469,0.3396365153,0.013315458899999966,0.05462756260000001,-1,-1,-1,-1
111,146,0.2848629469,0.3396365153,0.013315458899999966,0.05462756260000001,-1,-1,-1,-1
112,146,0.2848629469,0.3396365153,0.01305536559999998,0.05462756260000001,-1,-1,-1,-1
113,146,0.2848629469,0.3396365153,0.013171011599999949,0.05455365280000002,-1,-1,-1,-1
114,146,0.2848629469,0.3396365153,0.013171011599999949,0.05455365280000002,-1,-1,-1,-1
115,146,0.2848629469,0.3396365153,0.013171011599999949,0.05455365280000002,-1,-1,-1,-1
116,146,0.2848629469,0.3388923247,0.013171011599999949,0.05529784339999999,-1,-1,-1,-1
117,146,0.2848629469,0.3388923247,0.013171011599999949,0.05529784339999999,-1,-1,-1,-1
118,146,0.2848629469,0.3391729468,0.013171011599999949,0.05529784339999999,-1,-1,-1,-1
119,146,0.2848629469,0.3391729468,0.013171011599999949,0.05529784339999999,-1,-1,-1,-1
120,146,0.2848629469,0.3391729468,0.012987697199999981,0.05551676529999999,-1,-1,-1,-1
121,146,0.2848629469,0.3391729468,0.012804382799999958,0.055735687099999986,-1,-1,-1,-1
122,146,0.2848629469,0.3391729468,0.012804382799999958,0.055735687099999986,-1,-1,-1,-1
123,146,0.2848629469,0.3391729468,0.012804382799999958,0.055735687099999986,-1,-1,-1,-1
124,146,0.2848629469,0.3391729468,0.012804382799999958,0.055735687099999986,-1,-1,-1,-1
125,146,0.2853732149,0.3391729468,0.012294114799999978,0.055735687099999986,-1,-1,-1,-1
126,146,0.2858834829,0.3391729468,0.011783846799999997,0.055735687099999986,-1,-1,-1,-1
127,146,0.2863937508,0.3391729468,0.01127357889999997,0.055735687099999986,-1,-1,-1,-1
128,146,0.2869040188,0.3391729468,0.01076331089999999,0.055735687099999986,-1,-1,-1,-1
129,146,0.2869040188,0.3391729468,0.01076331089999999,0.055735687099999986,-1,-1,-1,-1
130,146,0.2860492373,0.3399616662,0.011618092400000002,0.05494696769999996,-1,-1,-1,-1
131,146,0.2851248037,0.3399616662,0.008778960000000002,0.05652101119999997,-1,-1,-1,-1
132,146,0.2851248037,0.3399616662,0.008778960000000002,0.05652101119999997,-1,-1,-1,-1
133,146,0.2851248037,0.3399616662,0.008778960000000002,0.05652101119999997,-1,-1,-1,-1
134,146,0.2851248037,0.3399616662,0.00836868839999999,0.05606815049999997,-1,-1,-1,-1
135,146,0.2851248037,0.3399616662,0.00836868839999999,0.05606815049999997,-1,-1,-1,-1
136,146,0.2850938717,0.3399616662,0.00836868839999999,0.05606815049999997,-1,-1,-1,-1
137,146,0.2850629397,0.3399616662,0.00836868839999999,0.05606815049999997,-1,-1,-1,-1
138,146,0.2850629397,0.3399616662,0.00836868839999999,0.05606815049999997,-1,-1,-1,-1
139,146,0.2850629397,0.3399616662,0.00836868839999999,0.05606815049999997,-1,-1,-1,-1
140,146,0.2850629397,0.3399616662,0.008093018799999963,0.05606815049999997,-1,-1,-1,-1
141,146,0.2850629397,0.3399616662,0.008093018799999963,0.05606815049999997,-1,-1,-1,-1
142,146,0.2845833098,0.3399616662,0.008572648699999963,0.05606815049999997,-1,-1,-1,-1
143,146,0.2845833098,0.3399616662,0.008956249699999974,0.05595552300000001,-1,-1,-1,-1
144,146,0.2845833098,0.3399616662,0.009339850699999985,0.05584289539999998,-1,-1,-1,-1
145,146,0.2858342562,0.3409343765,0.0086371576,0.0554354775,-1,-1,-1,-1
146,146,0.2883038208,0.34265859,0.008909153700000005,0.05623098720000003,-1,-1,-1,-1
147,146,0.2903982338,0.344663034,0.011817203499999984,0.05647687440000004,-1,-1,-1,-1
148,146,0.2944260077,0.3453788882,0.01068954430000002,0.057765464200000005,-1,-1,-1,-1
149,146,0.2969231981,0.3479559372,0.01093112260000001,0.05704960999999997,-1,-1,-1,-1
150,146,0.3004878,0.3517570682,0.011037804899999948,0.054350204899999977,-1,-1,-1,-1
151,146,0.3020154446,0.3526621367,0.011037804900000003,0.054350204899999977,-1,-1,-1,-1
152,146,0.304663401,0.3550152364,0.011037804900000003,0.05435020490000003,-1,-1,-1,-1
153,146,0.3105703128,0.3555583297,0.011037804899999948,0.054350204999999985,-1,-1,-1,-1
154,146,0.3132708909,0.3585232435,0.011449593500000022,0.05630295070000002,-1,-1,-1,-1
155,146,0.316068498,0.3615946835,0.011876177200000004,0.058325856499999995,-1,-1,-1,-1
156,146,0.3189666201,0.3647764772,0.012318087600000027,0.06042144309999997,-1,-1,-1,-1
157,146,0.3219688687,0.3680725893,0.01277587539999997,0.06259232200000003,-1,-1,-1,-1
158,146,0.3261500536,0.3708170453,0.01106543069999999,0.06259232200000003,-1,-1,-1,-1
159,146,0.3299427148,0.3734095031,0.012032772400000002,0.06640533590000003,-1,-1,-1,-1
160,146,0.3315579388,0.3768020409,0.01396025540000001,0.06630517899999999,-1,-1,-1,-1
161,146,0.3338338294,0.3790201181,0.01381345690000002,0.06734905689999998,-1,-1,-1,-1
162,146,0.3365711286,0.3812009793,0.014275159400000015,0.0679874755,-1,-1,-1,-1
163,146,0.3354384734,0.3840529048,0.014369498300000005,0.0691618055,-1,-1,-1,-1
164,146,0.3350584725,0.3868896827,0.014148198599999995,0.07142754539999996,-1,-1,-1,-1
165,146,0.3354277464,0.3883663116,0.014329823099999972,0.07142754539999996,-1,-1,-1,-1
166,146,0.3324503383,0.3901765791,0.014166419799999996,0.07039607290000005,-1,-1,-1,-1
167,146,0.3303277118,0.3912328623,0.013526619399999995,0.07102913770000002,-1,-1,-1,-1
168,146,0.3303278587,0.3916854619,0.013526619500000003,0.07102913770000002,-1,-1,-1,-1
169,146,0.3302429243,0.3924399685,0.014630326499999957,0.0708783147,-1,-1,-1,-1
170,146,0.3302429243,0.3927725626,0.015206352499999964,0.07106805129999999,-1,-1,-1,-1
171,146,0.3310850685,0.3929387943,0.0144578125,0.0712344137,-1,-1,-1,-1
172,146,0.3310850685,0.3929387943,0.0144578125,0.0712344137,-1,-1,-1,-1
173,146,0.3310850685,0.3929387943,0.0144578125,0.0712344137,-1,-1,-1,-1
174,146,0.3310850685,0.3929387943,0.0144578125,0.0712344137,-1,-1,-1,-1
175,146,0.3310850685,0.3929387943,0.0144578125,0.0712344137,-1,-1,-1,-1
176,146,0.3310850685,0.3929387943,0.0144578125,0.0712344137,-1,-1,-1,-1
177,146,0.3315529427,0.3941028083,0.014270604099999973,0.07123441359999999,-1,-1,-1,-1
178,146,0.3315529427,0.3953253232,0.014644873999999974,0.07001189869999996,-1,-1,-1,-1
179,146,0.3315529427,0.3959905113,0.014644873999999974,0.06934671059999997,-1,-1,-1,-1
180,146,0.3315529427,0.3959905113,0.014644873999999974,0.06934671059999997,-1,-1,-1,-1
181,146,0.3315529427,0.3959905113,0.014551269799999988,0.06934671059999997,-1,-1,-1,-1
182,146,0.3315529427,0.3933296283,0.014551269799999988,0.07200759359999997,-1,-1,-1,-1
183,146,0.3309764758,0.3923212689,0.01439418520000002,0.07301595299999997,-1,-1,-1,-1
184,146,0.3301972243,0.3923908695,0.013815661000000035,0.07277319979999997,-1,-1,-1,-1
185,146,0.3280606379,0.3936060718,0.013815661099999987,0.07277319979999997,-1,-1,-1,-1
186,146,0.3263703248,0.3958198398,0.013815661099999987,0.07277319979999997,-1,-1,-1,-1
187,146,0.3189876401,0.3981477371,0.013815661099999987,0.07277319979999997,-1,-1,-1,-1
188,146,0.3113667569,0.3973011696,0.013815661099999987,0.07277319980000002,-1,-1,-1,-1
189,146,0.3041201437,0.4002035,0.013815661099999987,0.07277319990000003,-1,-1,-1,-1
190,146,0.2936075217,0.4061896708,0.01543382400000004,0.07474068889999996,-1,-1,-1,-1
191,146,0.2840134555,0.4092776898,0.017373062699999997,0.0772759515,-1,-1,-1,-1
192,146,0.2720246198,0.4110682394,0.019466153200000003,0.0750975713,-1,-1,-1,-1
193,146,0.2627051946,0.4126841999,0.018171857899999977,0.07745641670000003,-1,-1,-1,-1
194,146,0.2492943681,0.4177339624,0.0210130476,0.07887049639999999,-1,-1,-1,-1
195,146,0.23463333,0.4211677643,0.02351332390000002,0.07907250779999997,-1,-1,-1,-1
196,146,0.2189494049,0.4246015662,0.019308333799999994,0.08149651390000001,-1,-1,-1,-1
197,146,0.1998559053,0.4272274531,0.02510459579999999,0.07846660420000007,-1,-1,-1,-1
198,146,0.1867588073,0.4293016282,0.019061979800000017,0.0808386385,-1,-1,-1,-1
199,146,0.1701604409,0.4329891522,0.018543335900000013,0.08199089999999998,-1,-1,-1,-1
200,146,0.1533027158,0.435985241,0.0241193267,0.08268233520000001,-1,-1,-1,-1
201,146,0.1411132996,0.4346025011,0.0241193267,0.08268233520000001,-1,-1,-1,-1
202,146,0.1211434176,0.4456650732,0.0241193267,0.08268233520000007,-1,-1,-1,-1
203,146,0.1041560131,0.4502745109,0.025416120099999995,0.08798307750000006,-1,-1,-1,-1
204,146,0.08885444,0.4535010781,0.02295228619999999,0.08567842399999998,-1,-1,-1,-1
205,146,0.0697923132,0.4576495589,0.0263238019,0.08844403439999998,-1,-1,-1,-1
206,146,0.0504522392,0.4641686376,0.029158232000000006,0.09316028869999998,-1,-1,-1,-1
207,146,0.0291591137,0.4700103839,0.034552524700000004,0.09137718229999997,-1,-1,-1,-1
208,146,0.0084376793,0.4748360665,0.0338379292,0.09213913220000003,-1,-1,-1,-1
209,146,-0.014141586,0.4773758995,0.0338379292,0.09213913210000008,-1,-1,-1,-1
