0,29,1.08166408015,0.5006460043,0.7252030545,0.3451506772
0,29,1.30857254725,0.7006238128,0.8867663121,0.5297131018
0,29,1.2262535473,0.7137631131,0.8296040056,0.5333284844
0,29,1.2456892093,0.7664141111,0.8385100734,0.5466245424
0,29,1.2306130504000001,0.5582961520999999,0.824708813,0.3949519874
0,29,1.22349060605,0.54225707445,0.8246556187,0.3885578763
0,29,1.2554661491,0.5337870254,0.8441839298,0.3921620886
0,29,1.17384722795,0.43278518215,0.7874718159,0.3029927981
0,29,0.45864302074999996,0.54345771685,0.3132933583,0.4002529909
0,29,0.5380795821,0.6867315863000001,0.3672865412,0.5104454384
0,29,0.55359216885,0.6729867809,0.3803861373,0.5064022072
0,29,0.0009194006999999997,1.22140846725,0.0240397558,0.8788857485
0,29,0.11027662029999999,1.2545697405,0.0953315,0.8930224978
0,29,0.03267335,1.0748037604,0.0634037878,0.80873269
0,29,1.25745424705,0.40502552625,0.8415998947,0.2808135927
0,29,0.99867367065,0.4936333766,0.6708075885,0.3555772642
0,29,1.0072087747,0.49365407395000005,0.6765042214,0.3564773705
0,29,1.01647111175,0.49147079705,0.6841243699,0.3591014293
0,29,0.832441889,0.53554146885,0.562763767,0.3915542263
0,29,0.8517081964,0.5402135861999999,0.574342478,0.3929034064
0,29,0.96839644935,0.54315313275,0.6518627977,0.3951154769
0,29,0.8563513041999999,0.5469142401,0.5770164438,0.4018633364
0,29,0.9646373652,0.5391454852500001,0.6494045478,0.3898058549
0,29,1.07974757125,0.49375749545,0.7289803399,0.3561386391
0,29,1.1337752863,0.47638183885,0.7618408616,0.3439196269
0,29,1.147897696,0.48274937635000004,0.7709730784,0.3486076753
0,29,1.08214513265,0.4654721138,0.7272966393,0.3371130052
0,29,1.16161409545,0.48390431479999996,0.7804021249,0.347189417
0,29,0.6399514757,0.6525436068,0.4369743762,0.4863887154
0,29,1.0988156493,0.440413887,0.7370611622,0.3142071072
0,29,1.3036727684,0.48493043334999997,0.8767540874,0.3451627739
0,29,0.8074703523,0.4827886817,0.5440903844,0.3512728676
0,29,0.9889452963500001,0.79620243395,0.6753199883,0.6027749601
0,29,1.0169482435,0.8095225845,0.6907045856,0.6068218476
0,29,0.7374546086,0.5802786347,0.4995886998,0.4259801274
0,29,0.7496574702000001,0.58580802725,0.5079109534,0.4279594995
0,29,1.0146260650499999,0.79249160095,0.6876128541,0.5616222233
0,29,1.10017033915,0.42942039315,0.7379569415,0.3042078699
0,29,1.3581615982,0.6217491444000001,0.915736943,0.4583621486
0,29,1.3894337134499999,0.629269531,0.9401212123,0.4666659006
0,29,1.32355286685,0.4921575966,0.8890099229,0.3502605908
0,29,1.1831415255,0.40389755320000004,0.7921088254,0.284835539
0,29,1.26527703325,0.56363724445,0.8516224537,0.4151061167
0,29,0.3746033943,0.61381807535,0.2570054758,0.4477201833
0,29,0.34608488925,0.6665783709499999,0.2435026615,0.4925420319
0,29,1.2796249306,0.42143493635,0.8567684822,0.2940243803
0,29,1.2859106678,0.41458091315,0.860702211,0.2947190801
0,29,0.43488290215,0.53741598315,0.2976673297,0.3949086339
0,29,0.45377089854999997,0.5369800329,0.3080212507,0.3946337574
0,29,0.42640327,0.51122691035,0.2918736638,0.3687196265
0,29,0.44161535335,0.5234770665999999,0.3009539109,0.3828427952
0,29,0.45332190685,0.5563911468,0.3100692289,0.4107090064
0,29,0.5084474511,0.5319677476,0.3491249694,0.383053425
0,29,0.49893009045,0.52858892105,0.3376667537,0.3677261535
0,29,0.8644380777999999,0.74717020825,0.592008256,0.5580036469
0,29,0.90557412455,0.76902961665,0.6215322351,0.5736675605
0,29,0.5353621205000001,0.5086633766499999,0.3617014398,0.3578503167
0,29,0.5052077455499999,0.49865669604999996,0.3436071691,0.3619132659
0,29,0.5606708970000001,0.5125394621,0.3787184538,0.3707926264
0,29,0.5161698001499999,0.6084720861,0.3529545139,0.450453148
0,29,0.5125478161,0.50107920045,0.347659042,0.3660896915
0,29,0.723453135,0.46118123255,0.4864119574,0.3283338017
0,29,0.7832645482,0.4775806531,0.5272397126,0.341843493
0,29,1.2816768764,0.3813833379,0.8569456984,0.267176975
0,29,0.75477352185,0.49528694495,0.5099050027,0.3570747863
0,29,0.6438971431,0.4570710991,0.433268143,0.3246428968
0,29,0.6287875916000001,0.50379806225,0.4252246208,0.3621157997
0,29,0.58741915065,0.4854144381,0.3954935955,0.3484099732
0,29,0.4928518889,0.48931296015000003,0.3328650018,0.3489758157
0,29,1.2381113811,0.38993826575,0.8283607004,0.2732711377
0,29,1.23837220925,0.38515208445000004,0.8281505685,0.2627880915
0,29,1.2507858274,0.38614005655000005,0.8371202392,0.2715424081
0,29,1.25143309055,0.3883388779,0.8382466501,0.2734070232
0,29,1.25688048805,0.38860194615,0.8408902605,0.2727172685
0,29,1.3088758117500001,0.38018902885,0.8747235957,0.2667421347
0,29,1.2895528569,0.37780674395,0.8615944636,0.2618114637
0,29,1.0897530847,0.4854086271,0.7321831622,0.351447979
0,29,1.07752237685,0.48441143259999997,0.7245193709,0.3522919348
0,29,0.8869314534999999,1.1349434785499999,0.6079153912,0.8591647619
0,29,1.3570703585000001,0.41786187005,0.9082378132,0.2956901377
0,29,0.08878658795,0.63537263855,0.0709797057,0.4700831185
0,29,0.023131229,0.64134836275,0.0295898842,0.4807483275
0,29,0.09876605525,0.6311783885,0.0800311759,0.4721046688
0,29,0.25856364825,0.7362056385,0.1872939091,0.5479209672
0,29,0.26585533695,0.6188917344,0.1879783073,0.4580712104
0,29,0.40847174124999996,0.7003986950500001,0.2885054299,0.5259308455
0,29,0.2531249265,0.5811907285,0.176302436,0.4251657616
0,29,0.26999420155,0.56593811115,0.1878125529,0.4079269427
0,29,0.05352207915,0.6367731758999999,0.0458326061,0.4682653764
0,29,0.0955318969,0.5933587743,0.0714084924,0.4301317422
0,29,0.72739942765,0.7703087392000001,0.4957387299,0.585435279
0,29,0.9756022851999999,0.45101230299999995,0.6563938596,0.3179492148
0,29,0.7410680698000001,0.7171926711,0.5061526046,0.5269295418
0,29,0.74695382155,0.70669970065,0.5064065263,0.5183855177
0,29,0.7760709823,0.69942480945,0.5345537738,0.5087895195
0,29,0.7936239061499999,0.74040028025,0.5421343939,0.5389004469
0,29,0.6695533359,0.5220242038,0.4548861408,0.3752248634
0,29,0.9680874231000001,0.70120850345,0.6565715166,0.5168813359
0,29,0.9777246178500001,0.72735095815,0.6643906291,0.5499844345
0,29,0.93803399965,0.7502336777,0.6463341233,0.5693468412
0,29,1.0230256855,0.7190358454500001,0.6969751874,0.5451800369
0,29,0.9604029126,0.7181236602500001,0.654685913,0.5348179103
0,29,1.01422938585,0.6617984577,0.6898659681,0.4840694366
0,29,0.7676377112999999,0.6321460713,0.5214710764,0.4607399284
0,29,0.78293406795,0.62074731415,0.5312216395,0.4511649541
0,29,0.802683091,0.61543318715,0.5452252438,0.4437973493
0,29,0.9087599011499999,0.5808498686,0.6185515943,0.4209601378
0,29,0.8323197773,0.53169887795,0.5614001136,0.3735995009
0,29,0.81821676445,0.53296435465,0.5512736641,0.3749165577
0,29,0.82753618975,0.54055610465,0.5556843777,0.3768788235
0,29,0.79389421225,0.48506408475,0.5346723587,0.3390383161
0,29,0.768864926,0.49878949865,0.516997911,0.3590788385
0,29,0.9410182406500001,0.47337850279999993,0.6357362729,0.3323057348
0,29,0.4979471725,0.53905884365,0.3420974518,0.3858239975
0,29,0.4792934847,0.5479661004,0.3286126656,0.4045991416
0,29,0.63013030535,0.49345167079999996,0.4250837001,0.3568774758
0,29,0.8027482613500001,0.4747259853,0.5382254989,0.3334525118
0,29,0.9223455192000001,0.4353747018,0.619532455,0.3054802674
0,29,0.4882615538,0.4881615227,0.3296356932,0.3505786144
0,29,1.0869034457,0.4026460489,0.7282363552,0.28570757
0,29,0.88962716715,0.44306445405000006,0.5985003045,0.3110663329
0,29,0.8441676189,0.41863302405,0.5635618276,0.2830152165
0,29,1.0822839227,0.44017557365000004,0.725439984,0.3155693457
0,29,1.12676870845,0.4444674343,0.7558582729,0.3194748122
0,29,1.2449810793,0.48522679074999997,0.8388681794,0.3486518123
0,29,0.90557412455,0.76902961665,0.6215322351,0.5736675605
0,29,0.79389421225,0.48506408475,0.5346723587,0.3390383161
