67,7,0.8703275766,0.2897968969,0.006309836199999919,0.0281763451,-1,-1,-1,-1
68,7,0.866778257,0.286432565,0.006783147399999967,0.03434428700000003,-1,-1,-1,-1
69,7,0.8623095,0.2871546872,0.008540761400000041,0.03787041080000003,-1,-1,-1,-1
70,7,0.8589666387,0.2880034745,0.008161789199999991,0.03769764999999997,-1,-1,-1,-1
71,7,0.8552058647,0.2883217045,0.00851989519999996,0.03631856640000003,-1,-1,-1,-1
72,7,0.8530507632,0.2895529685,0.00853591230000006,0.036160953100000004,-1,-1,-1,-1
73,7,0.8498949634,0.2898265392,0.008535912299999948,0.03684494509999997,-1,-1,-1,-1
74,7,0.8479157556,0.2913341161,0.009383346500000056,0.03694640790000003,-1,-1,-1,-1
75,7,0.8461061228,0.2923390804,0.008139306600000062,0.03714750509999998,-1,-1,-1,-1
76,7,0.843561469,0.2930425292,0.009779217499999993,0.037248053800000014,-1,-1,-1,-1
77,7,0.8399423504,0.2939469448,0.009948792400000017,0.037750666499999974,-1,-1,-1,-1
78,7,0.8381892916,0.2946505242,0.010231662300000055,0.03815273050000001,-1,-1,-1,-1
79,7,0.8362666577,0.295253555,0.009383346500000056,0.038554664000000016,-1,-1,-1,-1
80,7,0.833326133,0.2961581011,0.009835791400000016,0.039057146200000004,-1,-1,-1,-1
81,7,0.8317992232,0.2972637446,0.009609642400000062,0.03976059500000001,-1,-1,-1,-1
82,7,0.8293064411,0.298592815,0.008907390300000095,0.039757852699999985,-1,-1,-1,-1
83,7,0.8265644397,0.299922016,0.009156609699999985,0.03953625399999999,-1,-1,-1,-1
84,7,0.822264376,0.3011403523,0.009468280899999959,0.03953625399999999,-1,-1,-1,-1
85,7,0.8197092891,0.3018048876,0.008907390299999984,0.04009005499999996,-1,-1,-1,-1
86,7,0.8134774809,0.3022479546,0.010465305599999919,0.039979320900000004,-1,-1,-1,-1
87,7,0.8100499791,0.3029124898,0.009156609699999985,0.04053312199999998,-1,-1,-1,-1
88,7,0.8033194382,0.3037986238,0.011587086899999988,0.04009005500000001,-1,-1,-1,-1
89,7,0.800452827,0.3051276942,0.008969548200000066,0.039204051599999956,-1,-1,-1,-1
90,7,0.7977108255,0.3059029635,0.008470962399999893,0.039647118599999975,-1,-1,-1,-1
91,7,0.7924137372,0.3061245623,0.009717353400000017,0.03654578019999999,-1,-1,-1,-1
92,7,0.7890485402,0.3074536327,0.009343377300000011,0.03676724840000001,-1,-1,-1,-1
93,7,0.7838760615,0.3087827031,0.008969401300000013,0.03732118010000002,-1,-1,-1,-1
94,7,0.7797629124,0.3093365042,0.008408657500000083,0.040200919700000004,-1,-1,-1,-1
95,7,0.7734063476,0.3078965691,0.008408657499999972,0.040200919700000004,-1,-1,-1,-1
96,7,0.7686076981,0.3102225076,0.008408657500000083,0.0452958638,-1,-1,-1,-1
97,7,0.763185853,0.3108870429,0.008533414199999978,0.044963661399999966,-1,-1,-1,-1
98,7,0.7568915931,0.3123268474,0.009717500399999968,0.04429912619999998,-1,-1,-1,-1
99,7,0.7524046148,0.3128806485,0.008471109300000057,0.043634591,-1,-1,-1,-1
100,7,0.7469829167,0.3138775166,0.008034828399999916,0.04297005579999996,-1,-1,-1,-1
101,7,0.7414366089,0.3137667825,0.007536095700000023,0.041308521900000006,-1,-1,-1,-1
102,7,0.734269934,0.3131021167,0.007536095700000023,0.041308521900000006,-1,-1,-1,-1
103,7,0.7266046733,0.3156495234,0.00815929120000003,0.04130852199999996,-1,-1,-1,-1
104,7,0.7209959137,0.3144311871,0.008159291199999918,0.041308521900000006,-1,-1,-1,-1
105,7,0.7143409028,0.3159028538,0.008092724900000015,0.044382046200000025,-1,-1,-1,-1
106,7,0.7062446512,0.317180997,0.011246467400000015,0.04271137159999999,-1,-1,-1,-1
107,7,0.7020473023,0.316879351,0.008705340400000039,0.04246731260000003,-1,-1,-1,-1
108,7,0.6933084584,0.3170014458,0.010988431300000046,0.0438099636,-1,-1,-1,-1
109,7,0.6889816506,0.3178558482,0.009683702999999988,0.0452747094,-1,-1,-1,-1
110,7,0.6838995434,0.3176117892,0.009340144599999989,0.04551876840000002,-1,-1,-1,-1
111,7,0.6795727356,0.319320594,0.009614932500000006,0.046983514199999965,-1,-1,-1,-1
112,7,0.6767569676,0.3212735885,0.009477538499999993,0.04747176280000004,-1,-1,-1,-1
113,7,0.6726363242,0.3224941447,0.009202750599999976,0.04783804720000001,-1,-1,-1,-1
114,7,0.6683095164,0.3235927367,0.009614932500000006,0.0467394552,-1,-1,-1,-1
115,7,0.6611670875,0.3233485471,0.009614932500000006,0.0467394552,-1,-1,-1,-1
116,7,0.6560848334,0.3240809853,0.009958490799999997,0.049913005799999965,-1,-1,-1,-1
117,7,0.648598993,0.3267662873,0.011331695800000041,0.04857035479999999,-1,-1,-1,-1
118,7,0.6447529906,0.3281090689,0.00940876810000002,0.05003510059999999,-1,-1,-1,-1
119,7,0.6386406491,0.3298180043,0.009614785500000056,0.04991287529999999,-1,-1,-1,-1
120,7,0.6326657015,0.3311606553,0.008790568699999946,0.0497909111,-1,-1,-1,-1
121,7,0.626278719,0.3326254011,0.009339850699999985,0.05003497010000002,-1,-1,-1,-1
122,7,0.620235001,0.3339680522,0.008859192200000088,0.04979091100000005,-1,-1,-1,-1
123,7,0.6142599065,0.3361651056,0.009339997600000038,0.0496689468,-1,-1,-1,-1
124,7,0.6082849589,0.3375077566,0.00947724459999999,0.05040125440000004,-1,-1,-1,-1
125,7,0.6017505901,0.3395479803,0.011469089800000054,0.052585249499999986,-1,-1,-1,-1
126,7,0.5929206401,0.3406465723,0.01323507970000004,0.05289903969999998,-1,-1,-1,-1
127,7,0.5866512139,0.342059085,0.011204147100000061,0.053212829900000036,-1,-1,-1,-1
128,7,0.5794987927,0.3433146374,0.01120414709999995,0.05321282989999998,-1,-1,-1,-1
129,7,0.5734059949,0.3444132294,0.011204147199999959,0.05321282989999998,-1,-1,-1,-1
130,7,0.5678430823,0.3459825719,0.009173361499999921,0.05588076450000001,-1,-1,-1,-1
131,7,0.5616619703,0.3470811639,0.009261675700000027,0.0561945546,-1,-1,-1,-1
132,7,0.5548628059,0.3491213876,0.009261675699999916,0.05697922579999998,-1,-1,-1,-1
133,7,0.5476220705,0.3514754014,0.011292755199999949,0.056037594199999985,-1,-1,-1,-1
134,7,0.5409995345,0.3535154944,0.010321445999999956,0.055723804099999996,-1,-1,-1,-1
135,7,0.5317280134,0.3541433359,0.013323540899999986,0.056979225899999986,-1,-1,-1,-1
136,7,0.5279310908,0.3572821515,0.01023298490000002,0.05760680620000003,-1,-1,-1,-1
137,7,0.520955298,0.3585375733,0.010321446100000076,0.05807768729999996,-1,-1,-1,-1
138,7,0.513891191,0.3594790744,0.011027812699999973,0.0577640277,-1,-1,-1,-1
139,7,0.5062973458,0.360420706,0.013147059500000058,0.05933337030000002,-1,-1,-1,-1
140,7,0.4980729578,0.3608914566,0.013954230600000062,0.05933337020000001,-1,-1,-1,-1
141,7,0.4890787228,0.3615191674,0.01500136360000004,0.058862619800000016,-1,-1,-1,-1
142,7,0.4812200819,0.3623038387,0.012970284100000007,0.05886261970000001,-1,-1,-1,-1
143,7,0.4749506557,0.3626176289,0.01173417929999998,0.05996121170000002,-1,-1,-1,-1
144,7,0.4665621297,0.3643439318,0.012970284100000007,0.06105980369999997,-1,-1,-1,-1
145,7,0.4572904617,0.3655994841,0.0157077303,0.061059803800000034,-1,-1,-1,-1
146,7,0.4485486789,0.3670119969,0.014736421100000008,0.06153042369999995,-1,-1,-1,-1
147,7,0.4377759635,0.3676398384,0.015884358700000045,0.06168725340000003,-1,-1,-1,-1
148,7,0.4316831657,0.3679536285,0.010939645400000031,0.0638844375,-1,-1,-1,-1
149,7,0.4222350163,0.3676397078,0.012440692799999986,0.06498315999999998,-1,-1,-1,-1
150,7,0.4129633483,0.3684243791,0.016502705000000006,0.0645122789,-1,-1,-1,-1
151,7,0.4029853137,0.3690520899,0.0174740142,0.06419848880000001,-1,-1,-1,-1
152,7,0.3955680969,0.3682674187,0.01376540570000001,0.06529695019999998,-1,-1,-1,-1
153,7,0.38815088,0.3670119969,0.0114695306,0.06498302949999996,-1,-1,-1,-1
154,7,0.3791441546,0.3666980762,0.013677091599999969,0.0635706473,-1,-1,-1,-1
155,7,0.3720801946,0.365285694,0.013412001999999978,0.06435531859999999,-1,-1,-1,-1
156,7,0.362985155,0.3645010227,0.01544308160000002,0.062472055299999996,-1,-1,-1,-1
157,7,0.3570689856,0.3629316802,0.011646158899999981,0.06262901570000001,-1,-1,-1,-1
158,7,0.3478856318,0.360420706,0.012176044100000005,0.06278597610000003,-1,-1,-1,-1
159,7,0.3408216717,0.358223522,0.01332383479999999,0.06262901569999996,-1,-1,-1,-1
160,7,0.3353470733,0.3560264686,0.012529006999999981,0.061216633500000006,-1,-1,-1,-1
161,7,0.3284595947,0.3549278766,0.01138121639999995,0.05917640989999995,-1,-1,-1,-1
162,7,0.3232499389,0.3543001657,0.011381216299999997,0.059176409900000004,-1,-1,-1,-1
163,7,0.315832722,0.3516323617,0.011381216400000005,0.059176409900000004,-1,-1,-1,-1
164,7,0.3107995476,0.3503769399,0.011381216400000005,0.059176409900000004,-1,-1,-1,-1
165,7,0.3046185826,0.3456686512,0.011381216400000005,0.059176409900000004,-1,-1,-1,-1
166,7,0.296406538,0.3458256115,0.014471625400000021,0.05792085749999998,-1,-1,-1,-1
167,7,0.2930511864,0.3439424789,0.011381069399999999,0.059333239599999976,-1,-1,-1,-1
168,7,0.2896075205,0.3434715977,0.010762870099999988,0.057293146699999964,-1,-1,-1,-1
169,7,0.2870467028,0.3420592156,0.01085133119999998,0.058391607999999984,-1,-1,-1,-1
170,7,0.2863403362,0.3411175839,0.010939498400000025,0.059019449599999996,-1,-1,-1,-1
171,7,0.287135017,0.3411175839,0.01102781260000002,0.05792085749999998,-1,-1,-1,-1
172,7,0.2869585355,0.3414313741,0.011027812699999973,0.05792085749999998,-1,-1,-1,-1
173,7,0.2872234781,0.3408036632,0.011027812700000028,0.05792085749999998,-1,-1,-1,-1
174,7,0.2874884207,0.3408036632,0.011027812699999973,0.05792085749999998,-1,-1,-1,-1
175,7,0.2869585355,0.3406467028,0.011027812699999973,0.05745010700000003,-1,-1,-1,-1
176,7,0.2856339695,0.339861901,0.011027812700000028,0.05745010699999997,-1,-1,-1,-1
177,7,0.2876649021,0.3395479803,0.011292608300000007,0.055880894999999986,-1,-1,-1,-1
178,7,0.2889894681,0.3386063486,0.01208728910000001,0.056665566300000025,-1,-1,-1,-1
179,7,0.2896075205,0.3384493882,0.012440545899999988,0.05713644740000001,-1,-1,-1,-1
180,7,0.2899607773,0.3384493882,0.012528860099999983,0.05713644740000001,-1,-1,-1,-1
181,7,0.2900490915,0.3384493882,0.012352231699999994,0.05713644740000001,-1,-1,-1,-1
182,7,0.2900490915,0.3387497284,0.012352231699999994,0.056836107199999986,-1,-1,-1,-1
183,7,0.2900490915,0.3387497284,0.012352231699999994,0.056836107199999986,-1,-1,-1,-1
184,7,0.2900490915,0.3387497284,0.012352231699999994,0.056836107199999986,-1,-1,-1,-1
185,7,0.2900490915,0.3391197997,0.012554869400000002,0.05646603589999999,-1,-1,-1,-1
186,7,0.2900490915,0.3411951501,0.012554869400000002,0.054217794099999994,-1,-1,-1,-1
187,7,0.2900490915,0.3408492366,0.012360313699999959,0.05456370760000001,-1,-1,-1,-1
188,7,0.2902437942,0.3406763451,0.01187363050000001,0.05456370760000001,-1,-1,-1,-1
189,7,0.2902437942,0.3399845181,0.01187363050000001,0.05525553459999999,-1,-1,-1,-1
190,7,0.2902437942,0.3394657132,0.01187363050000001,0.05577433949999999,-1,-1,-1,-1
191,7,0.2902437942,0.3394657132,0.012360166700000008,0.05577433949999999,-1,-1,-1,-1
192,7,0.2903410721,0.3389469082,0.012360166700000008,0.0557743396,-1,-1,-1,-1
193,7,0.2904383499,0.3396386046,0.01216561100000002,0.05551709170000002,-1,-1,-1,-1
194,7,0.2905356278,0.3396386046,0.011971055300000033,0.05551709170000002,-1,-1,-1,-1
195,7,0.2905356278,0.3396386046,0.011971055300000033,0.05551709170000002,-1,-1,-1,-1
196,7,0.2905356278,0.3396386046,0.01216561100000002,0.05551709170000002,-1,-1,-1,-1
197,7,0.2895625553,0.3394657132,0.012165610999999965,0.0558628746,-1,-1,-1,-1
198,7,0.2895625553,0.3394657132,0.010608577299999977,0.0558628746,-1,-1,-1,-1
199,7,0.2895625553,0.3394657132,0.011679074699999958,0.0558628746,-1,-1,-1,-1
200,7,0.2895625553,0.3389467776,0.011679074699999958,0.05638181019999999,-1,-1,-1,-1
201,7,0.2895625553,0.3389467776,0.01051129949999996,0.05638181019999999,-1,-1,-1,-1
202,7,0.2885894827,0.3384279727,0.010511299500000015,0.056381810099999985,-1,-1,-1,-1
203,7,0.2883965434,0.3387738862,0.01060681400000002,0.05586300520000004,-1,-1,-1,-1
204,7,0.2883965434,0.3387738862,0.01060681400000002,0.05586300520000004,-1,-1,-1,-1
205,7,0.2883965434,0.3387738862,0.01060681400000002,0.05586300520000004,-1,-1,-1,-1
206,7,0.2883965434,0.3387738862,0.01060681400000002,0.05586300520000004,-1,-1,-1,-1
207,7,0.2883965434,0.3387738862,0.01060681400000002,0.05586300520000004,-1,-1,-1,-1
208,7,0.2883965434,0.3387738862,0.01060681400000002,0.05586300520000004,-1,-1,-1,-1
209,7,0.2876180266,0.3387738862,0.012261272399999967,0.05499815620000004,-1,-1,-1,-1
210,7,0.2875207487,0.3382550812,0.012650383900000006,0.055689852600000034,-1,-1,-1,-1
211,7,0.2891750602,0.3384279727,0.011190775099999994,0.0553440697,-1,-1,-1,-1
212,7,0.2891750602,0.3379090372,0.010801516700000013,0.05638181010000004,-1,-1,-1,-1
213,7,0.2889803575,0.3379090372,0.010801516700000013,0.05638181010000004,-1,-1,-1,-1
214,7,0.2884938212,0.3379090372,0.010801516800000022,0.05638181010000004,-1,-1,-1,-1
215,7,0.2884938212,0.3379090372,0.011482755700000014,0.05638181010000004,-1,-1,-1,-1
216,7,0.2881045628,0.3382549507,0.011774736199999969,0.055863005099999974,-1,-1,-1,-1
217,7,0.2881045628,0.3382549507,0.011774736199999969,0.055863005099999974,-1,-1,-1,-1
218,7,0.2881045628,0.3382549507,0.011774736199999969,0.055863005099999974,-1,-1,-1,-1
219,7,0.2881045628,0.3382549507,0.011774736199999969,0.055863005099999974,-1,-1,-1,-1
220,7,0.2881045628,0.3382549507,0.011774736199999969,0.055863005099999974,-1,-1,-1,-1
221,7,0.2881045628,0.3382549507,0.011774736199999969,0.055863005099999974,-1,-1,-1,-1
222,7,0.2881045628,0.3382549507,0.011774736199999969,0.055863005099999974,-1,-1,-1,-1
223,7,0.2881045628,0.3382549507,0.011774736199999969,0.055863005099999974,-1,-1,-1,-1
224,7,0.2864502513,0.3377360151,0.011774736199999969,0.05586300519999998,-1,-1,-1,-1
225,7,0.2864502513,0.3377360151,0.011774736199999969,0.05586300519999998,-1,-1,-1,-1
226,7,0.2889805045,0.3368714273,0.00924448299999997,0.056727592999999965,-1,-1,-1,-1
227,7,0.2889805045,0.3366985358,0.009633741400000007,0.05672759310000003,-1,-1,-1,-1
228,7,0.2885912461,0.3375632542,0.010704091900000046,0.05655470159999998,-1,-1,-1,-1
229,7,0.2890051913,0.3386008641,0.011360643999999975,0.058111377699999966,-1,-1,-1,-1
230,7,0.2910240744,0.3406762145,0.010314833500000009,0.05603602729999996,-1,-1,-1,-1
231,7,0.2939434389,0.3420597379,0.014304548499999958,0.05465250389999998,-1,-1,-1,-1
232,7,0.2992956318,0.3418868465,0.0088550778,0.057246659099999986,-1,-1,-1,-1
233,7,0.30250683,0.342405782,0.0088550778,0.057246659199999994,-1,-1,-1,-1
234,7,0.3052316389,0.3422328905,0.008855077699999991,0.057246659199999994,-1,-1,-1,-1
