157,134,0.9883118146,0.4508083328,0.019891413299999994,0.08720362960000005,-1,-1,-1,-1
158,134,0.9790291258,0.4500226169,0.02342765459999996,0.08956064679999998,-1,-1,-1,-1
159,134,0.9715146311,0.4500226169,0.02342765459999996,0.09663117610000005,-1,-1,-1,-1
160,134,0.9538334239,0.452379373,0.02342765459999996,0.09663117600000004,-1,-1,-1,-1
161,134,0.9375955145,0.4535337238,0.023427654699999967,0.09663117600000004,-1,-1,-1,-1
162,134,0.9197338583,0.4506478467,0.023427654699999967,0.09663117609999994,-1,-1,-1,-1
163,134,0.9051198428,0.4494933654,0.02082436970000001,0.09607646080000004,-1,-1,-1,-1
164,134,0.8908305766,0.4471846637,0.02082436970000001,0.0960764609,-1,-1,-1,-1
165,134,0.8749175636,0.4466074883,0.01920047590000007,0.09723068109999994,-1,-1,-1,-1
166,134,0.8586796543,0.4466074883,0.021148972099999996,0.09665350570000003,-1,-1,-1,-1
167,134,0.8440656388,0.4460303129,0.021148971999999988,0.09665350570000003,-1,-1,-1,-1
168,134,0.8322778244,0.4501564642,0.021148972099999996,0.09665350559999997,-1,-1,-1,-1
169,134,0.8167349669,0.4523373253,0.02261725069999998,0.09875262209999996,-1,-1,-1,-1
170,134,0.8114176001,0.4563355055,0.022821798700000007,0.10057007169999999,-1,-1,-1,-1
171,134,0.8054867361,0.4599702742,0.022821798700000007,0.10057007170000004,-1,-1,-1,-1
172,134,0.7937167022,0.4619162171,0.02394725359999994,0.104911162,-1,-1,-1,-1
173,134,0.7882422507,0.466294654,0.02394725360000005,0.104911162,-1,-1,-1,-1
174,134,0.779209369,0.470673091,0.025315903299999998,0.10831636629999997,-1,-1,-1,-1
175,134,0.7810863028,0.4815148478,0.030105736100000002,0.11136534100000006,-1,-1,-1,-1
176,134,0.7857787108,0.4886036586,0.028228802200000014,0.11136534109999996,-1,-1,-1,-1
177,134,0.7874211197,0.4961095505,0.028228802200000014,0.11136534110000001,-1,-1,-1,-1
178,134,0.7932179694,0.5026166155,0.02446685270000004,0.11103640339999998,-1,-1,-1,-1
179,134,0.7871159141,0.5064123926,0.024466852599999922,0.11103640329999998,-1,-1,-1,-1
180,134,0.783454769,0.5140039467,0.02446685270000004,0.11103640329999998,-1,-1,-1,-1
181,134,0.7709455996,0.5205110118,0.02446685270000004,0.11103640329999998,-1,-1,-1,-1
182,134,0.7639283682,0.5270180768,0.02446685270000004,0.11103640329999998,-1,-1,-1,-1
183,134,0.7547752852,0.5313561637,0.024466852599999922,0.11103640329999998,-1,-1,-1,-1
184,134,0.7416559984,0.5389477178,0.02446685270000004,0.11103640330000009,-1,-1,-1,-1
185,134,0.7393887776,0.5485175994,0.024466852600000033,0.11103640329999998,-1,-1,-1,-1
186,134,0.722101678,0.5525469889,0.024466852599999922,0.11103640329999998,-1,-1,-1,-1
187,134,0.7138833148,0.5595984531,0.024466852600000033,0.11103640329999998,-1,-1,-1,-1
188,134,0.7050980361,0.5666499173,0.024466852600000033,0.11103640329999998,-1,-1,-1,-1
189,134,0.6861106311,0.5726939362,0.029135308500000012,0.11185489550000005,-1,-1,-1,-1
190,134,0.6764522028,0.5812037476,0.03112259830000008,0.1343660419999999,-1,-1,-1,-1
191,134,0.6615559051,0.5892407192,0.03298469060000009,0.14003933680000002,-1,-1,-1,-1
192,134,0.6506497632,0.6010598873,0.03724067080000004,0.13483901249999997,-1,-1,-1,-1
193,134,0.6370836155,0.6100425386,0.039634705399999914,0.14854927880000002,-1,-1,-1,-1
194,134,0.6295816111,0.6159092262,0.03744374930000005,0.15161444580000005,-1,-1,-1,-1
195,134,0.6259805668,0.6345756272,0.03474303950000002,0.1521478759999999,-1,-1,-1,-1
196,134,0.6112767676,0.6495088002,0.034743039499999906,0.15214787600000002,-1,-1,-1,-1
197,134,0.5956726338,0.6665753023,0.041644918799999986,0.15481450470000002,-1,-1,-1,-1
198,134,0.5920715895,0.6793751463,0.03744389619999999,0.15748126400000007,-1,-1,-1,-1
199,134,0.5764130859,0.6892701787,0.039133915500000005,0.15666629750000005,-1,-1,-1,-1
200,134,0.5826763404,0.6973097619,0.0391339154,0.15666629759999995,-1,-1,-1,-1
201,134,0.5826763404,0.701638708,0.0391339154,0.15666629759999995,-1,-1,-1,-1
202,134,0.5830243071,0.7034940266,0.039133915500000005,0.15666629759999995,-1,-1,-1,-1
203,134,0.5847641409,0.7047309057,0.0391339154,0.15666629750000005,-1,-1,-1,-1
204,134,0.5833722739,0.7047309057,0.0391339154,0.15666629750000005,-1,-1,-1,-1
205,134,0.5840682074,0.7047309057,0.0391339154,0.15666629750000005,-1,-1,-1,-1
206,134,0.5830243071,0.7047309057,0.039133915500000005,0.15666629750000005,-1,-1,-1,-1
207,134,0.5830243071,0.7047309057,0.039133915500000005,0.15666629750000005,-1,-1,-1,-1
208,134,0.5830243071,0.7047309057,0.039133915500000005,0.15666629750000005,-1,-1,-1,-1
209,134,0.5830243071,0.7047309057,0.039133915500000005,0.15666629750000005,-1,-1,-1,-1
210,134,0.5830243071,0.7047309057,0.039133915500000005,0.15666629750000005,-1,-1,-1,-1
211,134,0.5830243071,0.7047309057,0.039133915500000005,0.15666629750000005,-1,-1,-1,-1
212,134,0.5830243071,0.7047309057,0.039133915500000005,0.15666629750000005,-1,-1,-1,-1
213,134,0.5830243071,0.7047309057,0.039133915500000005,0.15666629750000005,-1,-1,-1,-1
214,134,0.5830243071,0.7047309057,0.039133915500000005,0.15666629750000005,-1,-1,-1,-1
215,134,0.5774568392,0.7010202685,0.03600236169999993,0.1566665587,-1,-1,-1,-1
216,134,0.5638862831,0.6991649499,0.03530628120000001,0.16532458149999996,-1,-1,-1,-1
217,134,0.5593311221,0.7147340606,0.032769268699999965,0.16532458149999996,-1,-1,-1,-1
218,134,0.5467167398,0.7222073068,0.03452129879999999,0.16798572570000003,-1,-1,-1,-1
219,134,0.5228895405,0.7284349249,0.03732457659999999,0.16985397200000008,-1,-1,-1,-1
220,134,0.5078223453,0.7514771512,0.04047817219999994,0.17732721819999997,-1,-1,-1,-1
221,134,0.4959087457,0.7670461312,0.037674894500000056,0.17857284630000003,-1,-1,-1,-1
222,134,0.4584159167,0.7801241162,0.04573411570000002,0.18729159009999996,-1,-1,-1,-1
223,134,0.4293326268,0.7944475987,0.04958864099999999,0.1916510925,-1,-1,-1,-1
224,134,0.3970958883,0.7932021012,0.0499391059,0.20223795199999994,-1,-1,-1,-1
225,134,0.3599535241,0.8006753475,0.04923817620000004,0.2016150725,-1,-1,-1,-1
226,134,0.3266655381,0.8037890912,0.05169098910000003,0.1960103338,-1,-1,-1,-1
227,134,0.2965311477,0.8324363174,0.0590494278,0.19538745450000006,-1,-1,-1,-1
228,134,0.2628926969,0.8517419206,0.054844731599999974,0.19476483629999997,-1,-1,-1,-1
229,134,0.2264511154,0.8816345137,0.04818722249999996,0.19476483629999997,-1,-1,-1,-1
230,134,0.1928128115,0.9158864787,0.05099035340000002,0.19850145939999997,-1,-1,-1,-1
231,134,0.15637123,0.949515695,0.05099035330000001,0.19850145939999997,-1,-1,-1,-1
