0,29,1.24164916545,0.42743782175,0.8318995869,0.3052142705
0,29,1.2770843178,0.4488719224,0.8565540888,0.3235423318
0,29,1.4168314292,0.53739600395,0.9550199346,0.4037806817
0,29,1.44245639535,0.54346842455,0.9739502513,0.4106737491
0,29,0.88734623635,0.5654530227,0.5978794601,0.3917129626
0,29,1.17939654805,0.7899603211499999,0.8054139981,0.5985853457
0,29,0.8595237821999999,1.0065256731,0.5894334784,0.7641858484
0,29,0.8841328046000001,1.0990871749,0.5992603062,0.7929188674
0,29,1.23016273615,0.5608092809,0.8253514053,0.3963229748
0,29,1.2217731080999998,0.54425747035,0.8222310194,0.3862235805
0,29,1.2383974103,0.52978597235,0.8327263018,0.3882401687
0,29,1.17384722795,0.43278518215,0.7874718159,0.3029927981
0,29,0.549125616,0.66238320685,0.3777126124,0.4944230753
0,29,0.85453998155,0.53131574835,0.5755177475,0.3872231909
0,29,0.867374488,0.52549025955,0.5849957268,0.3852470833
0,29,0.7580298323,0.9168567731999999,0.5193665242,0.6571297354
0,29,1.3015327289,0.41369562800000004,0.8713075556,0.2891104238
0,29,0.9063794588999999,0.92541385565,0.6165300662,0.6553974257
0,29,0.78361435175,0.8505683089,0.5440292551,0.637138051
0,29,0.46789933295,0.97982197405,0.3292156289,0.7510736507
0,29,0.45837646185,0.9711558551499999,0.3232148189,0.7279636521
0,29,1.2575990618000001,0.4049142698,0.8404241844,0.2804691156
0,29,0.6605858448999999,0.6415323536499999,0.4490427094,0.4795336475
0,29,0.6785750497,0.6456872983499999,0.4650865038,0.4807333105
0,29,1.15778506525,0.4533966772,0.7761626027,0.3234215428
0,29,1.1641236293500001,0.45397783545,0.7805622955,0.3245329319
0,29,1.17773709355,0.45282439875,0.7900734845,0.3252853493
0,29,1.15114122215,0.46435040865,0.7732648391,0.3329004083
0,29,1.1624389736,0.4662423557,0.7813562416,0.3342646054
0,29,1.20444780265,0.45973006735,0.8086758925,0.3308276695
0,29,1.17384869735,0.48410521614999996,0.7881715699,0.3495374239
0,29,1.2288165692000002,0.46161293885,0.8254845378,0.3308083433
0,29,1.2371986297,0.4401873261,0.8321126578,0.314062944
0,29,1.28487991915,0.4260088556,0.8614782297,0.3048078972
0,29,1.2934176682,0.42849025279999997,0.8671584048,0.3054789616
0,29,1.2809132746,0.41891952245,0.8590310008,0.2988663857
0,29,1.30137990565,0.43031534144999994,0.8718606581,0.3062283755
0,29,0.84647716,0.497952072,0.5706037458,0.3625776706
0,29,1.1154292981,0.41712100735,0.7475371948,0.2944916051
0,29,1.3036727684,0.48493043334999997,0.8767540874,0.3451627739
0,29,0.86615124095,0.4789626095,0.5828745697,0.3490785564
0,29,1.3090478848,0.57852216725,0.8834759586,0.4262086471
0,29,1.3330672886500001,0.5915076997,0.8971718591,0.4328432914
0,29,1.1918577398,0.50230648175,0.8008653028,0.3650122539
0,29,1.19840085185,0.5102740486,0.8058701167,0.3675323688
0,29,1.33436018795,0.5786293103,0.8973383483,0.40522806
0,29,1.32355286685,0.4921575966,0.8890099229,0.3502605908
0,29,0.3745913448,0.61381807535,0.2570054758,0.4477201833
0,29,0.32820820785,0.6739306976499999,0.2286139315,0.4990560179
0,29,1.1874143308,0.4522346221,0.7961088266,0.3162152076
0,29,1.1954754625000001,0.44318060735000003,0.8009518536,0.3174603133
0,29,0.43391739725,0.53674739985,0.2981089007,0.3942217691
0,29,0.45379962640000004,0.5368320174,0.30754118,0.3945270714
0,29,0.42114280435,0.5106830574,0.2883666867,0.3683570578
0,29,0.44097136505,0.52348418325,0.2995689503,0.3828627743
0,29,0.5415740176,0.5559758286500001,0.3701994402,0.4086848445
0,29,0.50960567485,0.54026849625,0.3490573745,0.3831341251
0,29,0.51534345265,0.53772817365,0.3484863447,0.3710486337
0,29,0.7322750031,0.7463825989,0.4998795048,0.5567052634
0,29,0.6397625039,0.79523455515,0.4416140308,0.5942627981
0,29,0.5368598617,0.5082375466,0.3620686564,0.3545813102
0,29,0.5355368386,0.5220202536,0.3629249074,0.3783897302
0,29,0.54728769625,0.52004855325,0.3715281207,0.3751803347
0,29,0.5150083106,0.49297173704999997,0.3488603666,0.3582073345
0,29,0.71825699815,0.45955650290000005,0.4829478661,0.3272506486
0,29,0.7835634351999999,0.47744262719999997,0.5274239822,0.341843493
0,29,1.18560336505,0.39940834714999995,0.7935572349,0.2821556981
0,29,0.7702972765,0.48198429249999997,0.5203163794,0.3471245174
0,29,0.66897246065,0.4652251167,0.4503293635,0.3326067278
0,29,0.5960644638,0.5074675006,0.4030011838,0.3652073444
0,29,0.5576284656,0.48857036,0.3758846114,0.3496787144
0,29,0.48718614995,0.4897900035,0.3290878425,0.3492938446
0,29,1.2887447305,0.37989299795,0.8617127546,0.2655352897
0,29,1.2896783482,0.37706653605,0.861814,0.2576507081
0,29,1.3058628429499999,0.3759902737,0.8737108479,0.2631957706
0,29,1.137312483,0.41411238255,0.7626136476,0.2948413055
0,29,0.8925793740499999,0.54924416135,0.6032173993,0.4033586385
0,29,0.876903237,0.5467867914,0.592891251,0.400945079
0,29,0.6434124810999999,0.5332870896499999,0.4368690164,0.3893147335
0,29,0.08645937665,0.8375832987,0.0836698383,0.6323404436
0,29,1.1933968461,0.43902827425,0.8000235994,0.3158461809
0,29,0.05492228205,0.64507839135,0.0498132471,0.4771448987
0,29,0.02873676505,0.6403545391,0.0296755595,0.4805016278
0,29,0.0803921473,0.6309536557,0.0636370636,0.4722373408
0,29,0.27595956089999996,0.73829411235,0.1990010504,0.5493515003
0,29,0.27682224075,0.6711913997,0.1993271957,0.495608766
0,29,0.2648316207,0.5802324457,0.185171209,0.4289864016
0,29,0.2535675775,0.58136077325,0.176296661,0.4255058511
0,29,0.26719015235,0.56739201855,0.1845618999,0.4130308969
0,29,1.08283687825,0.42211063645,0.7272582865,0.3066231269
0,29,0.0693284065,0.60892631795,0.0541937634,0.4507789517
0,29,0.0536053348,0.6367856646,0.0459222188,0.4685636966
0,29,0.7372324271,0.755565107,0.5103812528,0.5716450962
0,29,0.74137217335,0.7171926711,0.5067608117,0.5269295418
0,29,0.7448594819500001,0.70208830415,0.5064063793,0.5195184529
0,29,0.7780833998000001,0.69999702275,0.5345537738,0.5102201833
0,29,0.7927927094,0.7397436453,0.5415802628,0.5392286012
0,29,0.8157003976999999,0.7859522166999999,0.5618582894,0.5953265246
0,29,0.9693292588,0.7011237553,0.658672836,0.5156930336
0,29,0.9762905774999999,0.72970333965,0.663949499,0.5503765743
0,29,0.9130231550500001,0.7117219101,0.6216684535,0.5377997656
0,29,1.00880739395,0.72340723095,0.6850967077,0.5441136989
0,29,0.9599655296,0.717077236,0.6540436146,0.5346276514
0,29,1.01422938585,0.6617984577,0.6898659681,0.4840694366
0,29,0.76753484955,0.633086593,0.5212653529,0.4626209718
0,29,0.76913413,0.61291032995,0.5225027802,0.4565349053
0,29,0.802683091,0.61677492405,0.5452252438,0.4437973493
0,29,0.9087599011499999,0.5808498686,0.6185515943,0.4209601378
0,29,0.8324428441,0.5306012653,0.5615480876,0.372633842
0,29,0.81821676445,0.53296435465,0.5512736641,0.3749165577
0,29,0.8271057866,0.5372874245,0.5550795504,0.3768734696
0,29,0.79389421225,0.48506408475,0.5346723587,0.3390383161
0,29,1.13113048925,0.41844589905,0.7580933127,0.2983753949
0,29,0.77118401855,0.47621750055,0.5183415799,0.3408978133
0,29,0.9409107501,0.47386413969999996,0.6355212918,0.3323057348
0,29,0.6349752426499999,0.53560806605,0.4346998081,0.3915362059
0,29,0.47588640495,0.5447964275999999,0.3263412791,0.4024860264
0,29,0.62953245785,0.4934006783,0.4251467397,0.3562058892
0,29,1.12160203415,0.4286494331,0.7544201181,0.3041423174
0,29,0.8020142690500001,0.47407352905,0.5377361707,0.3330175409
0,29,0.9223455192000001,0.4353747018,0.619532455,0.3054802674
0,29,0.48473535570000004,0.4864711544,0.3272848944,0.3494517022
0,29,1.0869034457,0.40303387945,0.7282363552,0.2859661237
0,29,0.88962716715,0.44306445405000006,0.5985003045,0.3110663329
0,29,1.13038422705,0.40150583370000004,0.7582912481,0.2860060168
0,29,1.09922356985,0.4110417964,0.7377576835,0.2954251406
0,29,0.6397625039,0.79523455515,0.4416140308,0.5942627981
0,29,0.79389421225,0.48506408475,0.5346723587,0.3390383161
