0,29,1.18180953875,0.4512794751,0.7920590109,0.3235104696
0,29,0.66098869575,1.3207838382000001,0.4797518033,1.0096844026
0,29,1.19625089345,0.47547193889999995,0.8036012795,0.3457968834
0,29,1.3470652355500001,0.6224113944,0.9106022293,0.4628647696
0,29,1.3746789243,0.62618621295,0.9301791794,0.4704144067
0,29,0.7511907722,0.61452335235,0.5086179078,0.4254939681
0,29,0.4215570836,1.3623102372,0.3052883598,1.0481225868
0,29,0.85776359655,0.9566416566,0.6017597007,0.7393722682
0,29,0.40530580225,1.2163342206,0.2970331133,0.9275569132
0,29,0.44052435710000004,1.33264714315,0.312825631,0.9543492125
0,29,1.2578931730499998,0.5743554701,0.8451906529,0.4064612828
0,29,1.2690539713,0.5561979498,0.8561762922,0.4093863346
0,29,1.13482175815,0.39976683155000003,0.7601499607,0.2833818927
0,29,1.2387537530000001,0.52978597235,0.8327263018,0.3882401687
0,29,1.17384722795,0.43278518215,0.7874718159,0.3029927981
0,29,0.2910260214,0.98377373215,0.2185317126,0.7522103729
0,29,0.94281251765,0.50494124825,0.6335201891,0.3653964281
0,29,0.9492067739000001,0.50191048975,0.6401167158,0.3667606253
0,29,1.0916910743000001,0.8281279381,0.7454357284,0.589048371
0,29,1.2887820547,0.41560233085000003,0.8626637854,0.2883610099
0,29,1.144313183,0.8271706365,0.7743426838,0.5871669358
0,29,1.09534457815,0.7726662788,0.7431310365,0.5743093744
0,29,0.9856649603500001,0.81509343715,0.6731303547,0.6159920157
0,29,0.9738384258999999,0.8095234986,0.6646300032,0.6049351892
0,29,1.25755850485,0.4049142698,0.8403430705,0.2804691156
0,29,0.9197861709499999,0.5454176321499999,0.6204426349,0.3990155895
0,29,0.9341479546,0.5461531390500001,0.6289003722,0.3982891581
0,29,1.2096305675,0.43989521265,0.8109623632,0.3132509809
0,29,1.2160888185,0.4406426026,0.8147679556,0.3142061932
0,29,1.22580793525,0.43877553150000004,0.8220211813,0.3152067176
0,29,1.24180228265,0.44426777335,0.8329620023,0.3171214513
0,29,1.2505041697500001,0.44690175639999996,0.8394562549,0.3188294726
0,29,1.24923816145,0.4347975263,0.8374570625,0.3102919776
0,29,1.26239976855,0.46105215155,0.8484209539,0.3328032547
0,29,1.26753639245,0.43559257895000003,0.8505272695,0.3102659917
0,29,1.2937610062,0.42233732795,0.8687202876,0.2996278133
0,29,0.8758953384500001,0.4623332329,0.5889404765,0.334812008
0,29,1.1154292981,0.41712100735,0.7475371948,0.2944916051
0,29,1.3036727684,0.48493043334999997,0.8767540874,0.3451627739
0,29,1.0123448109,0.493823962,0.6791333688,0.35954084
0,29,1.3614621392,0.5213771013,0.9145346356,0.3890166132
0,29,1.38589697875,0.52932276765,0.9310041519,0.3916187341
0,29,1.32355286685,0.4921575966,0.8890099229,0.3502605908
0,29,0.37455967805,0.61381807535,0.2570626375,0.4477201833
0,29,0.26765879800000003,0.68029523175,0.1915063198,0.5016176581
0,29,1.14774325635,0.4710373513,0.7705560473,0.3310877902
0,29,1.15807851525,0.46138990365,0.7779194821,0.3323964897
0,29,0.43391739725,0.53674739985,0.2981089007,0.3942217691
0,29,0.45215721745000004,0.5364037715500001,0.3079737873,0.3946392419
0,29,0.43145481254999996,0.51259365385,0.2940377779,0.3691700061
0,29,0.50949840475,0.5388866704499999,0.3490573745,0.3831341251
0,29,0.5162407748,0.53744823705,0.3491756656,0.3705732475
0,29,0.7116174899000001,0.70265392305,0.4893974474,0.5220594611
0,29,0.6893785502499999,0.7057375674999999,0.4733770173,0.5252233486
0,29,0.5368598617,0.5082375466,0.3620686564,0.3545813102
0,29,0.5398285264,0.5223005167,0.366468643,0.378708809
0,29,1.0551129437,0.4332568468,0.7065334724,0.3044890144
0,29,0.5432510321,0.5191926492,0.3715923358,0.3752656052
0,29,0.54693036425,0.4847587377,0.3699060093,0.3519021454
0,29,0.715947604,0.4588344008,0.48140827,0.3267692472
0,29,0.7833801942,0.4777293867,0.5275095044,0.341843493
0,29,1.1394392974,0.4083844391,0.762876239,0.2887959808
0,29,0.74740994005,0.48869591525,0.5028748401,0.3491622599
0,29,0.6749770911999999,0.4675039149,0.454279844,0.3341259266
0,29,0.6819817588,0.4911911542,0.4591003884,0.3520386044
0,29,0.6803171611000001,0.46870893175,0.4576403388,0.3356853449
0,29,0.4846680438,0.49000202270000004,0.327409105,0.3494351908
0,29,1.31422940055,0.37457195005,0.8785737125,0.2589527479
0,29,1.14067180215,0.43761138704999997,0.7661997035,0.3129468539
0,29,0.7534866473499999,0.59610427495,0.5111688803,0.4410092787
0,29,0.7301987378,0.5928192720500001,0.4985096796,0.4384123811
0,29,0.4308197879,0.6720770766499999,0.3009245218,0.4985947999
0,29,1.11314951345,0.45564002225,0.7464843309,0.3293929577
0,29,0.05439735625,0.64507839135,0.0487633955,0.4771448987
0,29,0.02929298095,0.64386631375,0.0300463701,0.4804952583
0,29,0.10263204225,0.62752625235,0.0838787947,0.4687690651
0,29,0.2673997332,0.7315805309,0.1911374868,0.544124929
0,29,0.2731485318,0.67109450735,0.1950114088,0.4948829875
0,29,0.26400147355000003,0.57667612005,0.1834152113,0.4270543005
0,29,0.25592557390000004,0.5782506205,0.178517741,0.4237196108
0,29,0.26744054735,0.56765964775,0.1850626899,0.4135661553
0,29,0.9823036574,0.4375689476,0.6605443328,0.3181346422
0,29,0.05364233735,0.6367912152,0.0459620467,0.4686962834
0,29,0.7371153023999999,0.7573858211,0.5130584514,0.5716450962
0,29,0.74158935865,0.7173470851,0.5065001305,0.5272383698
0,29,0.7447228228,0.70014640925,0.5063152732,0.5182238563
0,29,0.7809010781000001,0.69942461355,0.5345537738,0.5085034129
0,29,0.7927003542000001,0.740235942,0.5417649732,0.5392286012
0,29,0.8259746008000001,0.75544875775,0.5637264064,0.5687654871
0,29,0.9680399598,0.70180265465,0.6589593796,0.5163720635
0,29,0.9762902836,0.72940920225,0.663949499,0.5505725789
0,29,0.9107756984000001,0.7117220407,0.621322691,0.538209534
0,29,1.00856735865,0.7211679339999999,0.6848567459,0.5443269404
0,29,0.9561648598499999,0.7155550338500001,0.6505106059,0.5357692051
0,29,1.01422938585,0.6617984577,0.6898659681,0.4840694366
0,29,0.7676277924999999,0.633086593,0.5214512388,0.4626209718
0,29,0.7513945120000001,0.619814301,0.5120574592,0.462671899
0,29,0.802683091,0.61695734805,0.5452252438,0.4437973493
0,29,0.9087599011499999,0.5808498686,0.6185515943,0.4209601378
0,29,1.2902172705,0.43608911949999996,0.8647768604,0.311861059
0,29,0.83187504705,0.53283964815,0.5613012193,0.3748288061
0,29,0.81821676445,0.53296435465,0.5512736641,0.3749165577
0,29,0.8281219141,0.53628866285,0.5558283842,0.3762076285
0,29,0.79389421225,0.48506408475,0.5346723587,0.3390383161
0,29,1.0485463571,0.432299741,0.7043132006,0.3086479418
0,29,0.77096727405,0.47483084325,0.5179080909,0.3410519009
0,29,0.9409107501,0.47386413969999996,0.6355212918,0.3323057348
0,29,0.9500441424,0.54072514385,0.641397639,0.3955823099
0,29,0.47321309955,0.53988379965,0.3245590755,0.3992109411
0,29,0.6309495995,0.49653466235,0.4259655196,0.3571014251
0,29,1.1107418128,0.431391408,0.7458536412,0.3065957046
0,29,0.8020142690500001,0.47407352905,0.5377361707,0.3330175409
0,29,0.9223455192000001,0.4353747018,0.619532455,0.3054802674
0,29,0.4810562592,0.48642108995,0.3248321634,0.3494183259
0,29,1.0869034457,0.40303387945,0.7282363552,0.2859661237
0,29,0.88962716715,0.44306445405000006,0.5985003045,0.3110663329
0,29,1.13273697,0.4165456601,0.7595590932,0.2964892588
0,29,1.10344340135,0.4175247036,0.7397540839,0.2940856236
0,29,1.4750057603,0.53902515335,0.9929128226,0.3999013317
0,29,0.6893785502499999,0.7057375674999999,0.4733770173,0.5252233486
0,29,0.79389421225,0.48506408475,0.5346723587,0.3390383161
