148,126,0.7541365135,0.2568279067,0.005698396300000019,0.023996524399999997,-1,-1,-1,-1
149,126,0.7569399381,0.2588070176,0.005801258099999984,0.022810311499999958,-1,-1,-1,-1
150,126,0.7605534728,0.2592003326,0.00631468540000002,0.022445332899999948,-1,-1,-1,-1
151,126,0.7627652952,0.2597688895,0.00631468540000002,0.022445332900000003,-1,-1,-1,-1
152,126,0.7666112976,0.260021567,0.00631468540000002,0.022445332900000003,-1,-1,-1,-1
153,126,0.7683054313,0.2603862844,0.005903973000000007,0.022263039500000026,-1,-1,-1,-1
154,126,0.7733878324,0.2604774311,0.005903973000000007,0.022263039500000026,-1,-1,-1,-1
155,126,0.7778028075,0.2604774311,0.0059039728999999985,0.022263039500000026,-1,-1,-1,-1
156,126,0.7798049388,0.2608424097,0.0059039728999999985,0.022263039500000026,-1,-1,-1,-1
157,126,0.7808316464,0.2606599857,0.0059039728999999985,0.022263039500000026,-1,-1,-1,-1
158,126,0.7831417753,0.2612075188,0.0059039728999999985,0.022263039500000026,-1,-1,-1,-1
159,126,0.789969741,0.2614812201,0.0059039728999999985,0.02226303949999997,-1,-1,-1,-1
160,126,0.7931012948,0.2614812201,0.0059039728999999985,0.02226303949999997,-1,-1,-1,-1
161,126,0.7992104035,0.2622111772,0.0059039728999999985,0.024005012300000017,-1,-1,-1,-1
162,126,0.8028878595,0.2631161152,0.0052769568000000655,0.02410556089999999,-1,-1,-1,-1
163,126,0.804698374,0.2638199557,0.006861028400000024,0.024105560999999998,-1,-1,-1,-1
164,126,0.8094507357,0.2646244756,0.005786122700000007,0.023602817599999992,-1,-1,-1,-1
165,126,0.8137505055,0.2652277675,0.006634732499999907,0.02370336630000003,-1,-1,-1,-1
166,126,0.8192950499,0.2660321568,0.004710923099999986,0.02370336630000003,-1,-1,-1,-1
167,126,0.8241605596,0.2661327054,0.004710923099999986,0.023703366299999973,-1,-1,-1,-1
168,126,0.8292523652,0.2670376433,0.004710923099999986,0.023703366299999973,-1,-1,-1,-1
169,126,0.8305535669,0.267138192,0.004710923099999986,0.02370336630000003,-1,-1,-1,-1
170,126,0.8363808343,0.267439838,0.005050514000000006,0.025412824,-1,-1,-1,-1
171,126,0.8396622724,0.2689480678,0.005955697699999929,0.024809532099999976,-1,-1,-1,-1
172,126,0.8428871365,0.2696519084,0.008105509199999972,0.024407337500000015,-1,-1,-1,-1
173,126,0.848318386,0.270054103,0.006238567699999975,0.024507886199999995,-1,-1,-1,-1
174,126,0.8530707478,0.2707579436,0.0045979219999999765,0.024507886199999995,-1,-1,-1,-1
175,126,0.855786446,0.2712606869,0.005842549699999977,0.024910080800000012,-1,-1,-1,-1
176,126,0.8587848672,0.2715623329,0.006747733500000019,0.025614051900000046,-1,-1,-1,-1
177,126,0.8620663053,0.2717634302,0.008218657100000026,0.026217343900000023,-1,-1,-1,-1
178,126,0.8676107028,0.2727422779,0.00759634330000003,0.02513794749999998,-1,-1,-1,-1
