97,238,0.6157171642,0.7343163684,0.057063166499999984,0.11286821699999994,-1,-1,-1,-1
98,238,0.5655569055,0.6966935423,0.04417796379999994,0.11405207949999996,-1,-1,-1,-1
99,238,0.5094140581,0.6672496312,0.045098429900000014,0.10966189019999995,-1,-1,-1,-1
100,238,0.4546520568,0.6386235594,0.04187709249999999,0.10445399209999995,-1,-1,-1,-1
101,238,0.4083328043,0.6109823421,0.040153863600000006,0.10113888979999996,-1,-1,-1,-1
102,238,0.3753382683,0.5838569263,0.037011142,0.09724974620000004,-1,-1,-1,-1
103,238,0.3581988489,0.5591343623,0.0315463889,0.08854105719999994,-1,-1,-1,-1
104,238,0.357205204,0.5330874288,0.024094492899999986,0.07858230049999992,-1,-1,-1,-1
105,238,0.3628624556,0.5064908728,0.023138612999999975,0.0760001588,-1,-1,-1,-1
106,238,0.371074794,0.4834620966,0.02186121660000001,0.07016180759999996,-1,-1,-1,-1
107,238,0.3750896367,0.4620551571,0.020766326200000018,0.06497219109999997,-1,-1,-1,-1
108,238,0.3767321926,0.4409724544,0.018758757899999978,0.06075567670000004,-1,-1,-1,-1
109,238,0.3764193458,0.424013683,0.01728563009999995,0.056625869100000004,-1,-1,-1,-1
110,238,0.3722820976,0.4086946382,0.016058342000000003,0.05348470299999997,-1,-1,-1,-1
111,238,0.3673403232,0.3962350927,0.015368727199999987,0.0489912227,-1,-1,-1,-1
112,238,0.3649268917,0.3843882411,0.01421946710000005,0.04694877919999996,-1,-1,-1,-1
113,238,0.3685715789,0.3730083531,0.012454505700000007,0.045106649499999985,-1,-1,-1,-1
114,238,0.3754669925,0.3626788721,0.013045667099999991,0.04335592770000002,-1,-1,-1,-1
115,238,0.3867951616,0.3556758541,0.012947213700000015,0.04072977949999995,-1,-1,-1,-1
116,238,0.4024577796,0.3477974099,0.013735282000000015,0.040076474400000006,-1,-1,-1,-1
117,238,0.4217822774,0.342776245,0.01391999239999997,0.03636518440000003,-1,-1,-1,-1
118,238,0.4433669427,0.3367507689,0.013023919200000011,0.0375435623,-1,-1,-1,-1
119,238,0.465452104,0.332766561,0.013023919200000011,0.03552253439999997,-1,-1,-1,-1
120,238,0.4866239996,0.3280445611,0.012608651400000004,0.03522728689999999,-1,-1,-1,-1
121,238,0.5075466757,0.3234701196,0.01192697170000001,0.034806810700000024,-1,-1,-1,-1
122,238,0.5254281696,0.3193602912,0.012075092599999948,0.033313989700000046,-1,-1,-1,-1
123,238,0.5411135641,0.3151786423,0.011290844999999994,0.03136256230000001,-1,-1,-1,-1
124,238,0.5562499706,0.3108575312,0.010601964799999974,0.030651670200000036,-1,-1,-1,-1
125,238,0.5711064461,0.3077511,0.010601964799999974,0.02920951519999998,-1,-1,-1,-1
126,238,0.5873073252,0.3021356535,0.009728080400000061,0.030007636400000037,-1,-1,-1,-1
127,238,0.6037771144,0.2990292223,0.009055805099999925,0.029123330599999997,-1,-1,-1,-1
128,238,0.6181630706,0.2961617575,0.00919011330000008,0.028017948299999984,-1,-1,-1,-1
129,238,0.632750636,0.294188131,0.008988504099999961,0.02669305649999998,-1,-1,-1,-1
130,238,0.6474053554,0.2920376956,0.00898850419999997,0.02591151920000001,-1,-1,-1,-1
131,238,0.6592368125,0.2906040284,0.00898850419999997,0.02497041,-1,-1,-1,-1
132,238,0.6752359356,0.2898871296,0.007845709600000084,0.02183159429999998,-1,-1,-1,-1
133,238,0.6869329376,0.2843536889,0.008522540299999992,0.025654793799999964,-1,-1,-1,-1
134,238,0.6993020681,0.2821546767,0.008594690400000049,0.02394442200000002,-1,-1,-1,-1
135,238,0.7109317691,0.2788562891,0.00782543120000001,0.022722690400000023,-1,-1,-1,-1
136,238,0.7221678034,0.2798335698,0.007656003200000039,0.020890354399999977,-1,-1,-1,-1
137,238,0.7321361396,0.2744582647,0.008410714799999996,0.021989860599999966,-1,-1,-1,-1
138,238,0.7404911621,0.2745804901,0.007273063400000002,0.02037585869999997,-1,-1,-1,-1
139,238,0.7450430903,0.2723814779,0.006501599899999988,0.016803639199999998,-1,-1,-1,-1
140,238,0.7482122621,0.2708540525,0.005948644299999972,0.016897397500000022,-1,-1,-1,-1
141,238,0.7474631343,0.2671283983,0.006899822099999953,0.019086877199999963,-1,-1,-1,-1
142,238,0.7465411988,0.2686011096,0.005948644299999972,0.016897397599999975,-1,-1,-1,-1
143,238,0.7425275317,0.2627472191,0.006389774500000001,0.017528503600000023,-1,-1,-1,-1
144,238,0.7381888214,0.2612357247,0.005948644299999972,0.016897397599999975,-1,-1,-1,-1
