0,294,0.27391079684999997,0.6797060555,0.1927393365,0.4866169674
0,294,0.27457328825,0.67672011765,0.1908871055,0.4835618035
0,294,0.35060247335,0.77616171495,0.2484537365,0.5645248815
0,294,0.50431004525,0.64263327235,0.3433109429,0.4624881141
0,294,0.4997438956,0.6515452161499999,0.3407021526,0.4665464411
0,294,0.5187402318,0.6488372211,0.3561868354,0.4681096418
0,294,0.35968301165000005,0.76224466125,0.2541778317,0.5523863627
0,294,0.04818830195,0.6452752203500001,0.0367396005,0.4600760333
0,294,0.008400488900000001,0.8102150176,0.0191286958,0.5926923384
0,294,0.1049339093,1.069515134,0.091346648,0.7937659862
0,294,1.18517403425,0.66260414415,0.7982685353,0.4807936653
0,294,1.16536339085,0.663437583,0.7847269757,0.4774004804
0,294,1.23176102625,0.53991734905,0.8270069887,0.3818735675
0,294,0.08296174584999999,0.70676394755,0.0633251849,0.5047509779
0,294,0.3899277943,0.57584929535,0.2651297284,0.4058412607
0,294,0.98245078535,0.58051268625,0.6607382525,0.4157444297
0,294,0.42902365794999997,0.5134173537,0.2887478449,0.356494491
0,294,0.7233877684000001,0.52245360615,0.4869445132,0.3684436921
0,294,0.57014663075,0.7792454905999999,0.3873785767,0.5511414596
0,294,0.8075579433,1.5253448202,0.5648262578,1.1271682646
0,294,1.0356201291,0.94963475575,0.7067101704,0.7105726191
0,294,1.0869749858,0.9659978221000001,0.7445092314,0.7196567524
0,294,1.11349209085,0.859906426,0.7588780931,0.6452774912
0,294,1.1346413691000001,0.789890489,0.7681117246,0.5833145616
0,294,1.08461813865,0.50322625055,0.7269211047,0.3551148985
0,294,1.07665969985,0.50480573585,0.7212638827,0.3540943479
0,294,1.23562748805,0.71073215715,0.8316616945,0.5188986773
0,294,0.5696376341,0.80565471985,0.391526768,0.5899389927
0,294,0.7915990145999999,0.8162519670999999,0.5371769054,0.6036061964
0,294,0.91929986535,0.76652552405,0.6236839969,0.5594509347
0,294,1.32568733535,0.5659789552000001,0.8907663393,0.4031648618
0,294,1.3427808476499998,0.5650337294500001,0.9003261609,0.3975747357
0,294,1.3541822412,0.56458690605,0.9078205014,0.3988350801
0,294,1.36118766175,0.7114018408,0.9179071331,0.5224135756
0,294,1.2901488998,0.6653576196,0.8692084474,0.4852031188
0,294,1.2302792269,0.5543410448,0.8262794126,0.394897169
0,294,1.2238192329,0.6792101185,0.8254783926,0.4930285946
0,294,1.3474757066,0.55520380915,0.9040643514,0.3922371197
0,294,1.3330715101,0.5597022769,0.8938774098,0.3991099086
0,294,1.3511884911,0.5602233871,0.9062948256,0.3970960566
0,294,1.4155473656000002,0.55279354485,0.9487409998,0.3916916149
0,294,1.43331946705,0.5588654643,0.9608809935,0.3969621458
0,294,1.4293289684,0.55334255305,0.9589513034,0.3937991525
0,294,1.44288724625,0.5575158461,0.9663425597,0.3921078802
0,294,1.44363256275,0.5541355073500001,0.9675350369,0.3941300367
0,294,1.3408213711,0.5413736936,0.898976137,0.3850426594
0,294,1.35706290535,0.54774814495,0.9103853423,0.3902876279
0,294,1.38681460665,0.5478842616499999,0.9302165003,0.3907015575
0,294,1.3649911926,0.545634314,0.9147916822,0.3859893774
0,294,1.4000821753500001,0.5495129904,0.9385477797,0.3889350252
0,294,1.3854869226,0.5499977033000001,0.9275947148,0.3885780596
0,294,1.44159445905,0.52586618995,0.9651382555,0.3648681965
0,294,1.44227640645,0.53533135905,0.9660620713,0.3749352505
0,294,1.03433544545,1.2239658377,0.7140885777,0.931125873
0,294,1.1960697165,0.7361080546000001,0.8087483764,0.541869955
0,294,0.2915108236,0.71641214105,0.202485907,0.5144945439
0,294,0.28875963535000004,0.72725995195,0.2039596757,0.5198561653
0,294,1.097644058,1.2415791921,0.7539141346,0.9382660942
0,294,1.4303126489,0.67529426635,0.9670920376,0.4950541249
0,294,1.4303126489,0.67529426635,0.9670920376,0.4950541249
0,294,1.36397903975,0.70330958145,0.9172508107,0.5160400975
0,294,1.36397903975,0.70330958145,0.9172508107,0.5160400975
0,294,1.37215123945,0.5421648960500001,0.9197057047,0.3846114719
0,294,1.37215123945,0.5421648960500001,0.9197057047,0.3846114719
0,294,1.37215123945,0.5421648960500001,0.9197057047,0.3846114719
0,294,1.3808198058,0.5452785163,0.9255464632,0.3863379088
0,294,1.3808198058,0.5452785163,0.9255464632,0.3863379088
0,294,1.3808198058,0.5452785163,0.9255464632,0.3863379088
0,294,1.3185121032,0.7071116354,0.889047928,0.5169014344
0,294,1.3185121032,0.7071116354,0.889047928,0.5169014344
0,294,1.3185121032,0.7071116354,0.889047928,0.5169014344
0,294,1.3185121032,0.7071116354,0.889047928,0.5169014344
0,294,1.3185121032,0.7071116354,0.889047928,0.5169014344
0,294,1.3185121032,0.7071116354,0.889047928,0.5169014344
0,294,1.3185121032,0.7071116354,0.889047928,0.5169014344
0,294,1.3185121032,0.7071116354,0.889047928,0.5169014344
0,294,1.3185121032,0.7071116354,0.889047928,0.5169014344
0,294,1.3185121032,0.7071116354,0.889047928,0.5169014344
0,294,1.3185121032,0.7071116354,0.889047928,0.5169014344
0,294,1.3185121032,0.7071116354,0.889047928,0.5169014344
0,294,1.314027136,0.7408048583,0.8863582472,0.5459969242
0,294,1.314027136,0.7408048583,0.8863582472,0.5459969242
0,294,1.314027136,0.7408048583,0.8863582472,0.5459969242
0,294,1.314027136,0.7408048583,0.8863582472,0.5459969242
0,294,1.314027136,0.7408048583,0.8863582472,0.5459969242
0,294,1.314027136,0.7408048583,0.8863582472,0.5459969242
0,294,1.314027136,0.7408048583,0.8863582472,0.5459969242
0,294,1.314027136,0.7408048583,0.8863582472,0.5459969242
0,294,1.314027136,0.7408048583,0.8863582472,0.5459969242
0,294,1.4193397265,0.7167095475,0.9583409746,0.528496265
0,294,1.4193397265,0.7167095475,0.9583409746,0.528496265
