0,294,0.08000807595000001,1.02752859105,0.0707966017,0.7601181789
0,294,1.2038027862,0.56857607165,0.8095172738,0.4049825189
0,294,1.1963380859,0.5256069973499999,0.8028941848,0.3664643559
0,294,0.160882731,0.7053265476499999,0.1159501972,0.5099536451
0,294,0.14622111594999998,0.7036330045,0.1069818689,0.5065647422
0,294,0.39626041310000004,0.55209614025,0.268907116,0.3906168481
0,294,0.13944865704999998,0.59341684505,0.0975574001,0.4179496755
0,294,0.0028584667,0.61133286115,0.0061107122,0.4309442111
0,294,0.00391376955,1.1331729691499999,0.0293787145,0.8433775931
0,294,-0.02186433385,1.17370706035,0.0089857767,0.8656350693
0,294,0.9311233057500001,1.04433776715,0.6400422675,0.7788425905
0,294,1.256485692,1.4046356745000002,0.8703252906,1.0745758454
0,294,1.39802808335,0.5588382799,0.9376664533,0.3962649534
0,294,1.3868017576,0.56059663735,0.9295693766,0.3970362379
0,294,0.38977433605,0.5738604218500001,0.2647349129,0.4060752153
0,294,1.26982911375,0.54094438755,0.8510654763,0.3847902791
0,294,0.7549199359000001,0.5253044654,0.506823855,0.3704997156
0,294,0.4165767478,0.4966888874,0.2805218398,0.3430426864
0,294,0.45320143705000004,0.5446364063,0.3063565593,0.380927628
0,294,0.39514581304999996,0.5593331788,0.2693374925,0.3959807822
0,294,0.3969728731,0.5491006787,0.2683337628,0.3839586646
0,294,0.5701754941499999,0.78005721345,0.3873785767,0.5530300761
0,294,0.7459796419,0.90564305455,0.5130608892,0.6725005657
0,294,1.2291494616,0.71408407885,0.8290458956,0.5211951433
0,294,0.007697442800000001,0.8042764250500001,0.0170299242,0.5828295243
0,294,0.033215098,0.8225464223999999,0.0326743438,0.5968520068
0,294,1.0833652125,0.62990292505,0.7290143278,0.4550140243
0,294,1.0620879551,0.62615485065,0.713516942,0.4483854409
0,294,1.0695206057,0.6237028691,0.7190681594,0.450221394
0,294,1.34765384085,0.7114287657,0.9083071583,0.5190472508
0,294,1.13642650765,1.3831346254999999,0.7877286835,1.0426691376
0,294,0.9057789664,0.5895763177,0.6117716354,0.420173866
0,294,0.83326117925,1.10358238575,0.5776073887,0.8227456017
0,294,1.1854390454,0.64708794665,0.7966822646,0.4686644891
0,294,1.16233700715,0.6481807078999999,0.7813184795,0.4676255128
0,294,1.2076155156500001,0.654765952,0.8126692275,0.4757556616
0,294,0.9602762861499999,0.58429903935,0.6456996353,0.4207515509
0,294,0.9228940154,0.589938863,0.6248542804,0.4236923976
0,294,0.9354680286999999,0.59699629825,0.6283280438,0.4282513329
0,294,0.97662207275,0.5949099113,0.6567175293,0.4258943994
0,294,0.9801876775,0.5984947494499999,0.6593276338,0.4282318691
0,294,1.24865530555,0.6489436231,0.8395096753,0.465327879
0,294,1.0362909066500001,0.5769643102,0.6953060755,0.4111719996
0,294,1.33215718505,0.64409759705,0.8969232131,0.4671454063
0,294,1.3451844916,0.6476970331,0.9045117312,0.4665348926
0,294,1.31965756475,0.5768845087,0.8862261067,0.4142158746
0,294,1.4292785213,0.6281582572,0.9609228988,0.4522269414
0,294,1.45177227495,0.6144885231499999,0.9756667185,0.4430388715
0,294,1.44449235245,0.63201889695,0.9705497397,0.4551564991
0,294,1.33502346695,0.6551167541,0.8960505013,0.473621264
0,294,1.42081853265,0.5978866361999999,0.9581216651,0.431217223
0,294,1.42368072625,0.54394141975,0.9538571025,0.3872624381
0,294,1.4281808786499999,0.5456297076500001,0.9578933029,0.3887852839
0,294,1.43975624525,0.5423627128499999,0.9669585829,0.3847621215
0,294,0.6422887299,0.8696901522,0.4375673114,0.639359076
0,294,1.20801193735,0.7381019886,0.8166973973,0.5418698252
0,294,0.6373237493499999,0.88743281105,0.4363463619,0.6544749037
0,294,0.55749691035,0.86464527135,0.3815442427,0.6332487481
0,294,0.5948937094,0.9067617026499999,0.4093644288,0.6618240361
0,294,1.2670264199,0.7084795819,0.8568434498,0.5166457452
0,294,1.2670264199,0.7084795819,0.8568434498,0.5166457452
0,294,1.32321353275,0.7085385897,0.8923191733,0.5157112894
0,294,1.32321353275,0.7085385897,0.8923191733,0.5157112894
0,294,1.32321353275,0.7085385897,0.8923191733,0.5157112894
0,294,1.27223998535,0.6979595086,0.8574077849,0.5086830498
0,294,1.27223998535,0.6979595086,0.8574077849,0.5086830498
0,294,1.27223998535,0.6979595086,0.8574077849,0.5086830498
0,294,1.40711709025,0.62866567765,0.9462354397,0.4539006963
0,294,1.40711709025,0.62866567765,0.9462354397,0.4539006963
0,294,1.30244534495,0.7273573357500001,0.8798513835,0.5279070317
0,294,1.30244534495,0.7273573357500001,0.8798513835,0.5279070317
0,294,1.30244534495,0.7273573357500001,0.8798513835,0.5279070317
0,294,1.30244534495,0.7273573357500001,0.8798513835,0.5279070317
0,294,1.30244534495,0.7273573357500001,0.8798513835,0.5279070317
0,294,1.30244534495,0.7273573357500001,0.8798513835,0.5279070317
0,294,1.30244534495,0.7273573357500001,0.8798513835,0.5279070317
0,294,1.30244534495,0.7273573357500001,0.8798513835,0.5279070317
0,294,1.30244534495,0.7273573357500001,0.8798513835,0.5279070317
0,294,1.30244534495,0.7273573357500001,0.8798513835,0.5279070317
0,294,1.30244534495,0.7273573357500001,0.8798513835,0.5279070317
0,294,1.30244534495,0.7273573357500001,0.8798513835,0.5279070317
0,294,1.28368839475,0.75297412975,0.8676121019,0.5546884083
0,294,1.28368839475,0.75297412975,0.8676121019,0.5546884083
0,294,1.28368839475,0.75297412975,0.8676121019,0.5546884083
0,294,1.28368839475,0.75297412975,0.8676121019,0.5546884083
0,294,1.28368839475,0.75297412975,0.8676121019,0.5546884083
0,294,1.28368839475,0.75297412975,0.8676121019,0.5546884083
0,294,1.28368839475,0.75297412975,0.8676121019,0.5546884083
0,294,1.28368839475,0.75297412975,0.8676121019,0.5546884083
0,294,1.28368839475,0.75297412975,0.8676121019,0.5546884083
0,294,1.1013144477999999,0.8599537229,0.7476475034,0.6363704782
0,294,1.1013144477999999,0.8599537229,0.7476475034,0.6363704782
0,294,1.1160303576,0.88204173445,0.7562253532,0.6512395051
0,294,1.1160303576,0.88204173445,0.7562253532,0.6512395051
