0,294,0.08967028815,0.9705852394000001,0.0751789227,0.7159333322
0,294,1.1540667606500001,0.5751286815000001,0.7771498465,0.4083099162
0,294,1.2214085802999999,0.5444173739,0.8198271572,0.3812932874
0,294,0.23026904255,0.6959582432,0.1644921393,0.5022940006
0,294,0.2035612464,0.68860307705,0.1451791768,0.4960226423
0,294,0.39341681255000005,0.55574084815,0.2669278753,0.3926206303
0,294,0.17345875205,0.58885583365,0.1209041539,0.4157012201
0,294,0.00489677145,0.6128833308,0.0082879239,0.4326341328
0,294,0.9365102599499999,1.1971392402499998,0.6455238373,0.9030953113
0,294,1.1281464053499999,1.20686022825,0.7852475073,0.9251711255
0,294,1.42387010335,0.55543224895,0.9559009737,0.3948199627
0,294,1.4114748083,0.557872682,0.9472884758,0.396026068
0,294,0.38956800695000005,0.5753188685,0.2635500283,0.4059972304
0,294,1.30099530305,0.5382249089,0.8713459121,0.3827406138
0,294,0.74951546035,0.5241497444000001,0.5033388487,0.3698698678
0,294,0.46099999300000005,0.5494462296,0.3114706178,0.3841846962
0,294,0.39087263575,0.5557736436,0.2651008181,0.392421247
0,294,0.39671368399999996,0.5444017105000001,0.2678479202,0.3799352924
0,294,0.57015817615,0.7801651094500001,0.3873785767,0.5530867657
0,294,0.8433535053000001,0.8700687227,0.5750802188,0.6463755076
0,294,1.22620404135,0.7089270865999999,0.8271995781,0.5183822384
0,294,1.0496233775000001,0.6338189718,0.7093553176,0.4585498138
0,294,1.02847322325,0.6292290243,0.6946050735,0.4510497722
0,294,1.0366660106499999,0.62922221195,0.6993021227,0.4539006963
0,294,1.35419341115,0.7115510630999999,0.9106705031,0.5202941002
0,294,0.8657374581499999,0.59512063905,0.5830447169,0.4254005385
0,294,0.8404398426,1.2209725685000001,0.5848259132,0.919620965
0,294,1.1658890329,0.6603433617000001,0.7839969174,0.4790704724
0,294,1.13723117795,0.6634879293,0.7648644253,0.476631791
0,294,1.18363448725,0.6668543191,0.7971021941,0.4850441646
0,294,0.92254898985,0.58903269445,0.6235392993,0.4239491897
0,294,0.8782401448,0.5968673832,0.5927661734,0.4281951474
0,294,0.89619519895,0.6061999391499999,0.6031032151,0.4329898539
0,294,0.93886345685,0.59868121235,0.6318502831,0.4292167361
0,294,0.94340850795,0.6029621401,0.6354030389,0.4311115996
0,294,1.23071996305,0.6579733876,0.8282267701,0.4736093262
0,294,0.9981396653999999,0.58040803605,0.6706251402,0.4134525053
0,294,1.2980400270999999,0.6524059692,0.8750146012,0.471043222
0,294,1.31039816215,0.65877101305,0.8823373781,0.4747571699
0,294,1.3225796961,0.5694350081,0.88781997,0.4079203812
0,294,1.4162834104,0.63598263,0.9529773822,0.4600348998
0,294,1.4648900356499999,0.62770442675,0.9835252121,0.4518494739
0,294,1.433781521,0.6363785881,0.9646333472,0.4617769078
0,294,1.245943066,0.64795473345,0.8409527086,0.4663000297
0,294,1.395269558,0.6015955235,0.9379676754,0.4310363396
0,294,1.40463014665,0.54610235295,0.9418882345,0.3863301233
0,294,1.4078975956,0.5462085603,0.9436374542,0.3866611372
0,294,1.4233292762,0.547866874,0.9554687792,0.3919415298
0,294,1.4394540011,0.5388118715,0.9652119914,0.3840808894
0,294,1.43470935205,0.53236968615,0.9618805893,0.3799235567
0,294,0.61399802125,0.8572915325999999,0.4208476619,0.6299125272
0,294,1.23479945585,0.7455134051500001,0.8338229591,0.5485539453
0,294,0.6023033632,0.8691168792,0.4116013274,0.6416970648
0,294,0.5436561729,0.83449179565,0.373785475,0.6102852559
0,294,0.55595882355,0.8887469403000001,0.3882543547,0.648654586
0,294,1.26842754785,0.70778209755,0.8573831089,0.5161807557
0,294,1.26842754785,0.70778209755,0.8573831089,0.5161807557
0,294,1.30989770715,0.7091287962,0.8821147103,0.516890924
0,294,1.30989770715,0.7091287962,0.8821147103,0.516890924
0,294,1.30989770715,0.7091287962,0.8821147103,0.516890924
0,294,1.28194961485,0.70401929565,0.8639607883,0.5123031823
0,294,1.28194961485,0.70401929565,0.8639607883,0.5123031823
0,294,1.28194961485,0.70401929565,0.8639607883,0.5123031823
0,294,1.3947045658,0.63713897285,0.9384239618,0.4604676445
0,294,1.3947045658,0.63713897285,0.9384239618,0.4604676445
0,294,1.30110466585,0.72582566635,0.8798513835,0.5279070317
0,294,1.30110466585,0.72582566635,0.8798513835,0.5279070317
0,294,1.30110466585,0.72582566635,0.8798513835,0.5279070317
0,294,1.30110466585,0.72582566635,0.8798513835,0.5279070317
0,294,1.30110466585,0.72582566635,0.8798513835,0.5279070317
0,294,1.30110466585,0.72582566635,0.8798513835,0.5279070317
0,294,1.30110466585,0.72582566635,0.8798513835,0.5279070317
0,294,1.30110466585,0.72582566635,0.8798513835,0.5279070317
0,294,1.30110466585,0.72582566635,0.8798513835,0.5279070317
0,294,1.30110466585,0.72582566635,0.8798513835,0.5279070317
0,294,1.30110466585,0.72582566635,0.8798513835,0.5279070317
0,294,1.30110466585,0.72582566635,0.8798513835,0.5279070317
0,294,1.3160495435000001,0.74971277955,0.8911281562,0.5514750687
0,294,1.3160495435000001,0.74971277955,0.8911281562,0.5514750687
0,294,1.3160495435000001,0.74971277955,0.8911281562,0.5514750687
0,294,1.3160495435000001,0.74971277955,0.8911281562,0.5514750687
0,294,1.3160495435000001,0.74971277955,0.8911281562,0.5514750687
0,294,1.3160495435000001,0.74971277955,0.8911281562,0.5514750687
0,294,1.3160495435000001,0.74971277955,0.8911281562,0.5514750687
0,294,1.3160495435000001,0.74971277955,0.8911281562,0.5514750687
0,294,1.3160495435000001,0.74971277955,0.8911281562,0.5514750687
0,294,1.1252120819,0.83433984835,0.7624677898,0.6156416869
0,294,1.1252120819,0.83433984835,0.7624677898,0.6156416869
0,294,1.1350646569,0.84896097175,0.7693536998,0.6245336479
0,294,1.1350646569,0.84896097175,0.7693536998,0.6245336479
