60,170,0.9717273238,0.3890271538,0.010128974999999985,0.04213738719999999,-1,-1,-1,-1
61,170,0.9695989118,0.3900708014,0.009248086699999991,0.04278981310000002,-1,-1,-1,-1
62,170,0.9671034265,0.3921580967,0.008807715499999924,0.04344223879999998,-1,-1,-1,-1
63,170,0.9638006427,0.3924190411,0.009027608999999992,0.043181034900000026,-1,-1,-1,-1
64,170,0.960424415,0.3969849833,0.00954127810000005,0.042920090600000016,-1,-1,-1,-1
65,170,0.9560204113,0.395419447,0.01152324029999996,0.04644238510000004,-1,-1,-1,-1
66,170,0.9541854827,0.3951586324,0.01166998209999992,0.04970386510000002,-1,-1,-1,-1
67,170,0.9522766722,0.3969851131,0.01203749349999994,0.04983427239999999,-1,-1,-1,-1
68,170,0.9504417437,0.3992028157,0.01255116249999999,0.05035616110000002,-1,-1,-1,-1
69,170,0.9488170719,0.4020447865,0.01210582690000006,0.05018215490000005,-1,-1,-1,-1
70,170,0.9463859777,0.4031812114,0.012111375399999957,0.052329917700000006,-1,-1,-1,-1
71,170,0.9427967191,0.4052691555,0.01298700730000002,0.052213913599999995,-1,-1,-1,-1
72,170,0.9397947193,0.4059651801,0.01318266289999992,0.05406971970000002,-1,-1,-1,-1
73,170,0.9350306508,0.4074729739,0.014226938299999992,0.054533865900000034,-1,-1,-1,-1
74,170,0.9330727804,0.4090967718,0.01207341230000003,0.05546189880000002,-1,-1,-1,-1
75,170,0.9297444445,0.4116487323,0.013704946699999998,0.05499788240000003,-1,-1,-1,-1
76,170,0.9263508415,0.4131566559,0.013443877800000004,0.056041789499999994,-1,-1,-1,-1
77,170,0.9233488417,0.4146647092,0.014161817199999982,0.05743344950000001,-1,-1,-1,-1
78,170,0.9193679798,0.417564682,0.013052274500000016,0.0567374249,-1,-1,-1,-1
79,170,0.9164313932,0.420116383,0.01298700730000002,0.05824534840000001,-1,-1,-1,-1
80,170,0.9126460409,0.4225520799,0.013444169799999961,0.057317704800000036,-1,-1,-1,-1
81,170,0.9099705232,0.4249880363,0.013313635399999968,0.058825498700000034,-1,-1,-1,-1
82,170,0.9066421873,0.4270759804,0.013313635399999968,0.058825498600000026,-1,-1,-1,-1
83,170,0.9041986822,0.428969676,0.012177080600000001,0.05882536889999995,-1,-1,-1,-1
84,170,0.9012499766,0.4297366785,0.012177080600000001,0.05882536889999995,-1,-1,-1,-1
85,170,0.8985170764,0.4307593052,0.011529810900000048,0.05945430839999999,-1,-1,-1,-1
86,170,0.8978698067,0.4320374265,0.010810411399999942,0.060860501300000036,-1,-1,-1,-1
87,170,0.8934825942,0.4322930508,0.012824204299999975,0.060604877,-1,-1,-1,-1
88,170,0.8887870052,0.4345025786,0.013050522400000042,0.058765031199999984,-1,-1,-1,-1
89,170,0.8869376215,0.4328590574,0.013235519099999982,0.062216477599999986,-1,-1,-1,-1
90,170,0.8855375157,0.4344790923,0.013235519099999982,0.06221647760000004,-1,-1,-1,-1
91,170,0.8840251269,0.4341103186,0.01442507609999999,0.06150215710000001,-1,-1,-1,-1
92,170,0.882312118,0.4327132088,0.012886113300000002,0.0627200704,-1,-1,-1,-1
93,170,0.8830109298,0.4320921846,0.013497464100000078,0.0627200704,-1,-1,-1,-1
94,170,0.8855437942,0.4333341032,0.017515704999999993,0.0627200705,-1,-1,-1,-1
95,170,0.8855437942,0.4331789121,0.017515704999999993,0.06194385500000005,-1,-1,-1,-1
96,170,0.8867256125,0.4331789121,0.01624657169999999,0.06194385500000005,-1,-1,-1,-1
97,170,0.8869002425,0.4325578879,0.015722535800000048,0.06194385499999999,-1,-1,-1,-1
98,170,0.8883851811,0.4331789121,0.015023724000000072,0.0608571275,-1,-1,-1,-1
99,170,0.8875115933,0.4334894242,0.014062967300000007,0.06085712750000005,-1,-1,-1,-1
100,170,0.8882104051,0.4336446153,0.014849094099999904,0.060857127600000005,-1,-1,-1,-1
101,170,0.8891713079,0.4347313428,0.014849094000000007,0.060857127600000005,-1,-1,-1,-1
102,170,0.8838431963,0.4350418549,0.01624657169999999,0.0611676397,-1,-1,-1,-1
103,170,0.8820089978,0.4356628791,0.012665197600000067,0.0631857737,-1,-1,-1,-1
104,170,0.8802745253,0.4371931211,0.012665197599999956,0.061408860799999965,-1,-1,-1,-1
105,170,0.8775603145,0.4381246574,0.013657492799999948,0.06061045669999998,-1,-1,-1,-1
106,170,0.8724693259,0.4385239244,0.013058406999999939,0.06087646159999999,-1,-1,-1,-1
107,170,0.8676027572,0.4401208623,0.012833840999999957,0.06087646159999993,-1,-1,-1,-1
108,170,0.8624368646,0.4410523986,0.01268417909999997,0.05888038649999999,-1,-1,-1,-1
109,170,0.8548752126,0.4410523986,0.012384563200000032,0.06247313990000003,-1,-1,-1,-1
110,170,0.8480621624,0.4421169373,0.012983503000000063,0.06273927469999996,-1,-1,-1,-1
111,170,0.838329171,0.4431814761,0.016652192099999907,0.061674735899999944,-1,-1,-1,-1
112,170,0.8366072555,0.4428459206,0.011978942800000003,0.06280869549999996,-1,-1,-1,-1
113,170,0.8315910248,0.44337819,0.012652786600000021,0.06280869550000001,-1,-1,-1,-1
114,170,0.8250774446,0.4427126586,0.012652786600000021,0.06280869550000001,-1,-1,-1,-1
115,170,0.8191628042,0.4437771974,0.012652786600000021,0.06280869550000001,-1,-1,-1,-1
116,170,0.8156439231,0.444442599,0.01145490689999995,0.06280869549999996,-1,-1,-1,-1
117,170,0.8095045707,0.4445756015,0.011155437099999999,0.0628086954,-1,-1,-1,-1
118,170,0.8044135821,0.4457730129,0.01115543699999999,0.06280869550000007,-1,-1,-1,-1
119,170,0.7993225935,0.4468376815,0.011080387000000025,0.06280869540000006,-1,-1,-1,-1
120,170,0.7929586752,0.4477692178,0.011080387000000025,0.0628086954,-1,-1,-1,-1
121,170,0.7884664804,0.448966759,0.011529810900000048,0.06280869549999996,-1,-1,-1,-1
122,170,0.7853219732,0.4500314275,0.011529810900000048,0.06280869550000001,-1,-1,-1,-1
123,170,0.7801562266,0.4504305647,0.012353316700000061,0.06307521940000005,-1,-1,-1,-1
124,170,0.7763378757,0.4512289687,0.011978942699999995,0.0629420873,-1,-1,-1,-1
125,170,0.7748406721,0.4528259066,0.011978942800000003,0.06520429699999997,-1,-1,-1,-1
126,170,0.7685515117,0.4542895826,0.016470991599999985,0.06453902510000004,-1,-1,-1,-1
127,170,0.7680273299,0.4549548544,0.013251872400000031,0.06520442679999999,-1,-1,-1,-1
128,170,0.766915159,0.455734184,0.013219603899999988,0.06762351450000004,-1,-1,-1,-1
129,170,0.766915159,0.4567038693,0.013565067500000083,0.06738930039999996,-1,-1,-1,-1
130,170,0.7614763706,0.4583200115,0.015548489900000018,0.06674284350000004,-1,-1,-1,-1
131,170,0.759527845,0.4582681081,0.013918707699999922,0.06732299380000001,-1,-1,-1,-1
132,170,0.7582029352,0.459514698,0.013451178399999986,0.06690750710000004,-1,-1,-1,-1
133,170,0.7572677305,0.4610384521,0.013451178400000097,0.06690750709999999,-1,-1,-1,-1
134,170,0.7528710273,0.4628392406,0.015275886099999969,0.06787719240000006,-1,-1,-1,-1
135,170,0.7503770021,0.4633934392,0.014028800499999994,0.06870829560000002,-1,-1,-1,-1
136,170,0.7495197676,0.4647786112,0.01426256519999991,0.07064766620000001,-1,-1,-1,-1
137,170,0.7457006866,0.4675492148,0.015899355900000023,0.06995501530000003,-1,-1,-1,-1
138,170,0.7426611618,0.4685187703,0.014418505700000028,0.06995501540000004,-1,-1,-1,-1
139,170,0.7414143682,0.4711507918,0.013950684300000016,0.07203296799999998,-1,-1,-1,-1
140,170,0.7390759915,0.4732287445,0.015743269399999926,0.0707861186,-1,-1,-1,-1
141,170,0.7362589885,0.47500968,0.014852744299999943,0.07160255900000001,-1,-1,-1,-1
142,170,0.7334532284,0.4773503936,0.014594011599999956,0.07340568329999997,-1,-1,-1,-1
143,170,0.7330239541,0.4799455637,0.015195141700000026,0.07218452589999996,-1,-1,-1,-1
144,170,0.7298384177,0.4828459258,0.015460444799999973,0.07310062099999998,-1,-1,-1,-1
145,170,0.7257156324,0.4842198088,0.01571800940000001,0.0747799556,-1,-1,-1,-1
146,170,0.7236542397,0.4871203007,0.01511687940000006,0.07432203770000001,-1,-1,-1,-1
147,170,0.7165253663,0.4903261143,0.018466533000000007,0.07401671599999998,-1,-1,-1,-1
148,170,0.71489354,0.4912422093,0.01451560339999991,0.0766117563,-1,-1,-1,-1
149,170,0.7114578856,0.4947533447,0.015374443999999987,0.07615383850000002,-1,-1,-1,-1
150,170,0.7068196791,0.4987225275,0.017092417199999987,0.07661188610000003,-1,-1,-1,-1
151,170,0.7027969118,0.5005107295,0.0159170233,0.08033725270000003,-1,-1,-1,-1
152,170,0.7001465081,0.5052212227,0.015822407799999993,0.07949615809999999,-1,-1,-1,-1
153,170,0.6940089079,0.5090908808,0.017984694499999954,0.07932773160000006,-1,-1,-1,-1
154,170,0.6905066721,0.5107731998,0.01580766059999994,0.0825243323,-1,-1,-1,-1
155,170,0.685584473,0.5143062643,0.01580766059999994,0.08218773879999997,-1,-1,-1,-1
156,170,0.6768763375,0.5186804235,0.018173779499999987,0.08117834730000006,-1,-1,-1,-1
157,170,0.6729956395,0.5201945755,0.015996599700000003,0.08521604269999994,-1,-1,-1,-1
158,170,0.6689255644,0.5235593432,0.016469823500000036,0.08572067360000002,-1,-1,-1,-1
159,170,0.6621506233,0.5280055184,0.017402984000000066,0.08781744120000001,-1,-1,-1,-1
160,170,0.656413241,0.535236311,0.017777211900000034,0.09105815979999998,-1,-1,-1,-1
161,170,0.649050895,0.5439503731,0.019402321700000003,0.09068730999999997,-1,-1,-1,-1
162,170,0.6440771537,0.5510335005,0.018110848600000007,0.09432067789999998,-1,-1,-1,-1
163,170,0.6355833633,0.559589906,0.021030351800000013,0.09522159119999996,-1,-1,-1,-1
164,170,0.6300090761,0.5670207863,0.019256894099999977,0.10062551380000007,-1,-1,-1,-1
165,170,0.6239279824,0.5771536278,0.020270361000000015,0.09927446829999997,-1,-1,-1,-1
166,170,0.6155666245,0.5870610789,0.02128368199999997,0.10017525179999998,-1,-1,-1,-1
167,170,0.6097388611,0.59944549,0.022043818600000042,0.1044536492,-1,-1,-1,-1
168,170,0.603277845,0.6120552917,0.023184023799999953,0.10873178710000009,-1,-1,-1,-1
169,170,0.5987713411,0.6282034779,0.024157191400000055,0.11376641710000002,-1,-1,-1,-1
170,170,0.5915114952,0.6428442597,0.02597197039999999,0.11972207280000002,-1,-1,-1,-1
171,170,0.5843312257,0.6614200978,0.029283076900000093,0.1285931428,-1,-1,-1,-1
172,170,0.5728009768,0.6819135071,0.032511394699999974,0.13135090020000006,-1,-1,-1,-1
173,170,0.5670116144,0.7039139317,0.03143747889999993,0.1399287159,-1,-1,-1,-1
174,170,0.5584598573,0.7291558535,0.03064580369999992,0.14391411850000002,-1,-1,-1,-1
175,170,0.5522934928,0.755726113,0.03157998630000003,0.15421006659999992,-1,-1,-1,-1
176,170,0.5461268362,0.7862820348,0.032514315000000016,0.1615168977,-1,-1,-1,-1
177,170,0.5393996409,0.8198268139,0.034943803100000004,0.17314157279999998,-1,-1,-1,-1
178,170,0.5301097949,0.8586858526,0.03667856759999999,0.16632159550000003,-1,-1,-1,-1
179,170,0.5209944329,0.9013766599,0.03883019539999999,0.16622583369999988,-1,-1,-1,-1
180,170,0.5111568971,0.9489411966,0.042610145399999966,0.1662258337000001,-1,-1,-1,-1
