0,294,1.0076453166000001,0.59210401335,0.6799354278,0.4194537063
0,294,0.4263839851,0.55341744175,0.2895729568,0.3901160871
0,294,0.44313000475,0.5742261463,0.2997086483,0.404136234
0,294,0.45020286865000003,0.6080800749999999,0.3065411181,0.432662603
0,294,0.1066639285,0.7006271488,0.0783151072,0.5017405806
0,294,0.25243938035,0.55159009965,0.1718057175,0.3855476795
0,294,0.38865581375,0.5759784699,0.2637255343,0.405720196
0,294,0.7926184679999999,0.5075550591,0.534129934,0.356856647
0,294,0.5065024834,0.81070933265,0.3506435026,0.5974294321
0,294,0.57012180875,0.7772800386000001,0.3873931779,0.546379063
0,294,1.25789631065,0.78917941245,0.8498941707,0.5782586513
0,294,0.12317364965,1.1605041325499998,0.1092165043,0.8662091209
0,294,0.8170874673999999,0.60462525485,0.549754204,0.4324533025
0,294,0.8255423457000001,0.60380933335,0.5561703944,0.4319622963
0,294,1.24742975675,0.75319562755,0.8420910155,0.5520086357
0,294,1.3203860169000001,0.76170272485,0.8912833666,0.5601351513
0,294,0.42165174814999995,0.59244482415,0.2863639125,0.4219729677
0,294,1.1162462358,0.7579772283999999,0.7544645986,0.5532078638
0,294,1.0495560661,0.78566464385,0.7091199468,0.5795175683
0,294,1.0650280459,0.75427638615,0.7202203374,0.5530630533
0,294,1.3366075474999999,0.76579310215,0.9068612048,0.5598149073
0,294,0.1833008506,0.7090534714000001,0.1326044334,0.5096025186
0,294,0.183080081,0.7014108253,0.130308254,0.5072627132
0,294,1.11530898695,0.7682986091499999,0.7527883847,0.5599018455
0,294,0.70015205655,0.8174464589999999,0.4784422541,0.6013480092
0,294,0.61324963845,1.09482057255,0.4271943509,0.8234097057
0,294,0.34377328890000003,0.6781630322000001,0.2406019594,0.4862348286
0,294,0.3363911582,0.67577255615,0.2332428256,0.4837217957
0,294,1.2031427404,0.59754121905,0.8079226804,0.4301199851
0,294,1.11524393875,0.5646538614000001,0.7500560685,0.4007383778
0,294,1.1932226351,0.78324386915,0.808506289,0.5781003459
0,294,1.3055783902,0.59154871185,0.8792093702,0.4286269837
0,294,1.2883542704,0.5692766379,0.8666345538,0.4077466346
0,294,1.3017820139,0.57234445325,0.874724914,0.4093835381
0,294,1.3142165131,0.58569031,0.88323827,0.4184927148
0,294,1.3208903411500001,0.57637248165,0.8862874315,0.4124547921
0,294,1.3220366787,0.5579926437,0.887269798,0.3967440218
0,294,1.3425083898499999,0.55899145985,0.9001859897,0.3962757233
0,294,1.3382980705,0.5523578807,0.898675499,0.3964787954
0,294,1.3501291765499999,0.55904440125,0.9058605869,0.3977248663
0,294,1.36736621825,0.56019386695,0.9164749047,0.3989174767
0,294,1.4268696209,0.5596294175000001,0.9570865884,0.3995182586
0,294,1.4449327966499999,0.559537808,0.9707113747,0.397762107
0,294,1.42193851505,0.5356793065,0.9540457495,0.380874946
0,294,1.4361771343499998,0.5375454285,0.9635858595,0.3856219014
0,294,1.4488451061499998,0.52576076115,0.9699183853,0.3691760491
0,294,1.43846900635,0.5460250818000001,0.9648025747,0.3873304316
0,294,1.423702117,0.6002008792,0.957669321,0.4344012372
0,294,0.42142367799999997,0.580323693,0.2862123524,0.4126378814
0,294,0.5762684617,0.86565803655,0.396834876,0.6373919371
0,294,0.43234310765,0.78491911635,0.2999804345,0.5685271527
0,294,1.3381189653,0.66974016765,0.9032805608,0.4916161733
0,294,0.52743632145,0.8801471305999999,0.3672210827,0.6513993676
0,294,1.17199699275,0.6000029325,0.7875114181,0.4335524868
0,294,1.17199699275,0.6000029325,0.7875114181,0.4335524868
0,294,1.1709470229,0.59721688765,0.7881381002,0.4302662229
0,294,1.1709470229,0.59721688765,0.7881381002,0.4302662229
0,294,1.18870357415,0.5913240999,0.7986668551,0.4282460128
0,294,1.18870357415,0.5913240999,0.7986668551,0.4282460128
0,294,1.27296464125,0.7898482526,0.8660794175,0.5522795714
0,294,1.27296464125,0.7898482526,0.8660794175,0.5522795714
0,294,1.27296464125,0.7898482526,0.8660794175,0.5522795714
0,294,1.27296464125,0.7898482526,0.8660794175,0.5522795714
0,294,1.27296464125,0.7898482526,0.8660794175,0.5522795714
0,294,1.27296464125,0.7898482526,0.8660794175,0.5522795714
0,294,1.27296464125,0.7898482526,0.8660794175,0.5522795714
0,294,1.27296464125,0.7898482526,0.8660794175,0.5522795714
0,294,1.27296464125,0.7898482526,0.8660794175,0.5522795714
0,294,1.27296464125,0.7898482526,0.8660794175,0.5522795714
0,294,1.27296464125,0.7898482526,0.8660794175,0.5522795714
0,294,1.27296464125,0.7898482526,0.8660794175,0.5522795714
0,294,1.3542490415500001,0.75053162065,0.9170135417,0.5480293317
0,294,1.3542490415500001,0.75053162065,0.9170135417,0.5480293317
0,294,1.3542490415500001,0.75053162065,0.9170135417,0.5480293317
0,294,1.3542490415500001,0.75053162065,0.9170135417,0.5480293317
0,294,1.3542490415500001,0.75053162065,0.9170135417,0.5480293317
0,294,1.3542490415500001,0.75053162065,0.9170135417,0.5480293317
0,294,1.3542490415500001,0.75053162065,0.9170135417,0.5480293317
0,294,1.3542490415500001,0.75053162065,0.9170135417,0.5480293317
0,294,1.3542490415500001,0.75053162065,0.9170135417,0.5480293317
0,294,0.78230697115,0.7157735747,0.5289576023,0.5193667162
0,294,0.78230697115,0.7157735747,0.5289576023,0.5193667162
0,294,0.7777108616,0.7199884199,0.5246015816,0.5195111928
0,294,0.7777108616,0.7199884199,0.5246015816,0.5195111928
