0,294,0.0368875833,0.77097137475,0.034843785,0.5570523487
0,294,0.46631277330000004,0.6734852382000001,0.320512828,0.483303065
0,294,0.5055747253,0.68534295945,0.3457351746,0.4862670087
0,294,0.4281771554,0.5997367329500001,0.2909600676,0.4280448871
0,294,0.4015072754,0.60397919035,0.2739108032,0.4296804101
0,294,0.2525952478,0.55637994015,0.1732542992,0.3925739727
0,294,0.0466839187,0.60661770065,0.0355154798,0.4267569285
0,294,0.017805939649999998,0.7309285493,0.0210580209,0.5275751094
0,294,0.00936282535,0.60821136995,0.0117552485,0.4279526307
0,294,1.157414589,0.7263332167500001,0.7830684292,0.5354624801
0,294,1.077724417,0.97020186785,0.7365232696,0.7357517377
0,294,0.38979616485,0.5754592413,0.2637255343,0.4059972304
0,294,0.72486109905,0.52040828775,0.4874288339,0.3655561761
0,294,0.47530745679999997,0.60529681995,0.3230842394,0.4289491741
0,294,0.4001256162,0.5541744149,0.2703911434,0.3894737112
0,294,0.5708571675,0.77773211725,0.388159009,0.5509211297
0,294,1.2599942793,0.7881185069,0.8535054772,0.584091815
0,294,1.1258832245,0.74626924835,0.7610606754,0.5508672799
0,294,0.802633919,0.6731546134499999,0.5428332512,0.4872082769
0,294,0.80262296815,0.66404271185,0.5407108257,0.4783722419
0,294,0.8107136202999999,0.6643081977,0.5476589366,0.4818326416
0,294,1.3531751258,0.71179578765,0.9110778756,0.5201155525
0,294,0.54073447955,0.64308054995,0.3702639657,0.4588777135
0,294,0.96033330375,0.77997032155,0.6519149137,0.5743866575
0,294,0.93002938635,0.78831353395,0.6287441771,0.5781948101
0,294,0.97907025035,0.79676691115,0.6631522633,0.5873269541
0,294,0.6231360881,0.6321474228,0.423352492,0.4562206486
0,294,0.5411616367,0.64210411715,0.3693579634,0.4604594697
0,294,0.55168988055,0.6532246156,0.3777380107,0.4679720978
0,294,0.6277745866,0.6434022212,0.425982162,0.4633458178
0,294,0.62254882925,0.65256310665,0.4216882511,0.4682549713
0,294,1.0489265369,0.79782269125,0.709321881,0.5830634789
0,294,0.7080747224,0.61698877485,0.4810393636,0.4404614783
0,294,1.0569440372,0.7538156137500001,0.713880073,0.5528261143
0,294,1.0732679951,0.7601360855499999,0.7233968212,0.5536489129
0,294,1.3000101624,0.522510635,0.8714971802,0.3693215084
0,294,1.33126512675,0.6794983121,0.8965083939,0.494812255
0,294,1.3580154124,0.68308113905,0.9133337558,0.4981972651
0,294,0.80000110965,0.61039834045,0.5423918579,0.4342662883
0,294,1.15791197775,0.66230187175,0.7823209955,0.4805973407
0,294,1.2731461337,0.5809179869000001,0.8546878796,0.414805627
0,294,1.2714583119,0.58391450005,0.855430641,0.4178484639
0,294,1.2884096087999999,0.5815576964,0.8662160844,0.4165241486
0,294,1.333321263,0.5723350458,0.8945138746,0.4097122164
0,294,1.2400793106,0.5621568536,0.8311470034,0.400776397
0,294,1.23949745415,0.5572659312,0.8316700171,0.3981953706
0,294,1.24674174975,0.5609946067,0.8381446123,0.3988720612
0,294,1.30018296725,0.56462057835,0.8727273285,0.4042251185
0,294,1.30978761435,0.57076016685,0.8807906765,0.4075792461
0,294,1.4392170241,0.5706603825500001,0.965783189,0.4053829537
0,294,1.34217365815,0.5483564528,0.8997530651,0.3922916182
0,294,1.34292430405,0.5486478905000001,0.9010201543,0.3920391082
0,294,1.39052768325,0.55209109725,0.9325331213,0.3906435555
0,294,1.40503343085,0.5551726022,0.9423864263,0.3948640806
0,294,1.4423885434,0.53922657965,0.9673782204,0.3831149671
0,294,1.2514359517,0.68326078965,0.846291917,0.4942021305
0,294,1.3358514991500001,0.65843597665,0.9038951239,0.4803853153
0,294,1.36096725715,0.66496042885,0.9135733609,0.4880482037
0,294,0.4797999436,0.7425692495,0.329803112,0.539077552
0,294,1.2911113128,0.75476239655,0.8741238844,0.5570880323
0,294,0.49783880835,0.7390566219,0.3395365415,0.53665535
0,294,0.46388445339999995,0.7111340193,0.3166668808,0.510913858
0,294,0.47525146124999995,0.7840468797,0.3261909295,0.5671685812
0,294,1.1206316231,0.91040077985,0.7666786202,0.6878291973
0,294,1.2667542541999999,0.70399606875,0.8544573272,0.5127939289
0,294,1.2667542541999999,0.70399606875,0.8544573272,0.5127939289
0,294,1.2459540168499998,0.7139826726,0.8399753065,0.5145080388
0,294,1.2459540168499998,0.7139826726,0.8399753065,0.5145080388
0,294,1.2459540168499998,0.7139826726,0.8399753065,0.5145080388
0,294,1.23190419065,0.7189210216999999,0.8302065423,0.522705662
0,294,1.23190419065,0.7189210216999999,0.8302065423,0.522705662
0,294,1.23190419065,0.7189210216999999,0.8302065423,0.522705662
0,294,1.3358147772,0.68266772835,0.8996743648,0.4993017695
0,294,1.3358147772,0.68266772835,0.8996743648,0.4993017695
0,294,1.33655140605,0.7078110338,0.9005545231,0.5122604918
0,294,1.33655140605,0.7078110338,0.9005545231,0.5122604918
0,294,1.3638679248,0.70803824085,0.9191264764,0.5097408411
0,294,1.3638679248,0.70803824085,0.9191264764,0.5097408411
0,294,1.30227772355,0.72497821355,0.8798513835,0.5279070317
0,294,1.30227772355,0.72497821355,0.8798513835,0.5279070317
0,294,1.30227772355,0.72497821355,0.8798513835,0.5279070317
0,294,1.30227772355,0.72497821355,0.8798513835,0.5279070317
0,294,1.30227772355,0.72497821355,0.8798513835,0.5279070317
0,294,1.30227772355,0.72497821355,0.8798513835,0.5279070317
0,294,1.30227772355,0.72497821355,0.8798513835,0.5279070317
0,294,1.30227772355,0.72497821355,0.8798513835,0.5279070317
0,294,1.30227772355,0.72497821355,0.8798513835,0.5279070317
0,294,1.30227772355,0.72497821355,0.8798513835,0.5279070317
0,294,1.30227772355,0.72497821355,0.8798513835,0.5279070317
0,294,1.30227772355,0.72497821355,0.8798513835,0.5279070317
0,294,1.3017869783,0.74810494195,0.8777222414,0.5481841335
0,294,1.3017869783,0.74810494195,0.8777222414,0.5481841335
0,294,1.3017869783,0.74810494195,0.8777222414,0.5481841335
0,294,1.3017869783,0.74810494195,0.8777222414,0.5481841335
0,294,1.3017869783,0.74810494195,0.8777222414,0.5481841335
0,294,1.3017869783,0.74810494195,0.8777222414,0.5481841335
0,294,1.3017869783,0.74810494195,0.8777222414,0.5481841335
0,294,1.3017869783,0.74810494195,0.8777222414,0.5481841335
0,294,1.3017869783,0.74810494195,0.8777222414,0.5481841335
0,294,1.183406271,0.741096231,0.79895333,0.5429643382
0,294,1.183406271,0.741096231,0.79895333,0.5429643382
0,294,1.19293945065,0.740334772,0.8043635731,0.539467606
0,294,1.19293945065,0.740334772,0.8043635731,0.539467606
