0,294,0.0077062764500000006,1.289042063,0.0311365489,0.9644416284
0,294,0.01711249375,0.7023627985500001,0.0216314817,0.5074650067
0,294,0.0125151706,0.7096728087999999,0.0193639206,0.512775114
0,294,1.2115938954,0.5342821318,0.813188153,0.3769768708
0,294,0.2941411507,1.22112302355,0.218937333,0.9145745271
0,294,0.25838683684999997,1.2733975993,0.1976070733,0.9564453904
0,294,1.0119142596000001,0.84450493495,0.6873951636,0.6217889961
0,294,1.33107282945,0.5751439281999999,0.8916555503,0.4098611792
0,294,1.31501337175,0.57817794145,0.8829195265,0.4108439701
0,294,0.3899277943,0.57584929535,0.2651297284,0.4058412607
0,294,1.20497766895,0.5503629734000001,0.8079013627,0.3923260042
0,294,0.44170520885000003,0.4917923853,0.2968716417,0.339485876
0,294,0.77089784615,0.53349294065,0.5173968515,0.3774286899
0,294,0.4514607409,0.49120701955,0.3042364092,0.3381126683
0,294,0.39829884120000003,0.5517849921,0.269814814,0.3881091148
0,294,0.39439706345000003,0.5547258383,0.2671314417,0.388760255
0,294,0.42198414365000003,0.53755457645,0.2850052739,0.3746405689
0,294,0.57022744825,0.77971498415,0.3873785767,0.5528229249
0,294,0.39125577045,0.9546649090499999,0.2827731937,0.7059102663
0,294,1.235717267,0.7103912816,0.8319346998,0.518551184
0,294,0.1705059947,0.7677878796,0.1281621746,0.5589190546
0,294,0.14329759749999998,0.8678595842,0.1105090726,0.634166011
0,294,1.1816183582500002,0.61785608065,0.7955141713,0.4456930817
0,294,1.14142543595,0.61304508955,0.7670234997,0.4373175595
0,294,1.1522240204499998,0.6102317305,0.7762961163,0.4384712424
0,294,1.3623968574,0.7099512705,0.9182416458,0.5184312872
0,294,1.0903920238,0.96740116035,0.7437323034,0.7259118909
0,294,1.0221674906,0.5759112551000001,0.6877228138,0.4111651224
0,294,0.9375774591499999,0.90471022075,0.6389509763,0.6693217419
0,294,1.23214518285,0.6169372607,0.8275206577,0.4453211938
0,294,1.2174631992,0.62016656065,0.8175350662,0.4438388327
0,294,1.2541235153499999,0.62348033325,0.8432725419,0.4501827259
0,294,1.06295044595,0.57025086475,0.7137677901,0.4099133421
0,294,1.03459206095,0.5738975328,0.6984993505,0.4109211764
0,294,1.0524294297,0.5815083881,0.7060341364,0.4164203418
0,294,1.07798862515,0.5783649235,0.7254268213,0.4141964108
0,294,1.09162998365,0.58358439445,0.7348923193,0.4162186971
0,294,1.2607890938000001,0.61102948585,0.8473129766,0.4373908731
0,294,1.1365734684,0.5643947337,0.762131525,0.4009890712
0,294,1.40497290895,0.6128822426,0.9437818597,0.44189518
0,294,1.4169517057499998,0.6178772962,0.9510827349,0.4429760684
0,294,1.4117895364500002,0.5979644264,0.9471744407,0.4319351768
0,294,1.4626554732000001,0.6046094243,0.9818562988,0.431164541
0,294,0.7129879418,0.9030229060499999,0.4879481974,0.6678447009
0,294,1.20540183285,0.7455081499,0.8140414451,0.5418698252
0,294,0.69659024805,0.91994107925,0.4772823375,0.6783130979
0,294,0.6294645256,0.9709415562500001,0.4387494218,0.7163036629
0,294,0.70170802985,1.0164590228000001,0.4883706091,0.7500699398
0,294,1.27233708305,0.7103203685499999,0.8599075045,0.5178729363
0,294,1.27233708305,0.7103203685499999,0.8599075045,0.5178729363
0,294,1.2339563116,0.6577710941,0.8336864382,0.4745425494
0,294,1.2339563116,0.6577710941,0.8336864382,0.4745425494
0,294,1.2339563116,0.6577710941,0.8336864382,0.4745425494
0,294,1.21804753785,0.6463601961000001,0.8233060311,0.4669406474
0,294,1.21804753785,0.6463601961000001,0.8233060311,0.4669406474
0,294,1.21804753785,0.6463601961000001,0.8233060311,0.4669406474
0,294,1.4410642177000001,0.6035851107,0.967560443,0.4315475882
0,294,1.4410642177000001,0.6035851107,0.967560443,0.4315475882
0,294,1.3441467867,0.7189024014000001,0.9071416932,0.5182060264
0,294,1.3441467867,0.7189024014000001,0.9071416932,0.5182060264
0,294,1.3441467867,0.7189024014000001,0.9071416932,0.5182060264
0,294,1.3441467867,0.7189024014000001,0.9071416932,0.5182060264
0,294,1.3441467867,0.7189024014000001,0.9071416932,0.5182060264
0,294,1.3441467867,0.7189024014000001,0.9071416932,0.5182060264
0,294,1.3441467867,0.7189024014000001,0.9071416932,0.5182060264
0,294,1.3441467867,0.7189024014000001,0.9071416932,0.5182060264
0,294,1.3441467867,0.7189024014000001,0.9071416932,0.5182060264
0,294,1.3441467867,0.7189024014000001,0.9071416932,0.5182060264
0,294,1.3441467867,0.7189024014000001,0.9071416932,0.5182060264
0,294,1.3441467867,0.7189024014000001,0.9071416932,0.5182060264
0,294,1.28732839255,0.7513758294,0.8766235037,0.553733256
0,294,1.28732839255,0.7513758294,0.8766235037,0.553733256
0,294,1.28732839255,0.7513758294,0.8766235037,0.553733256
0,294,1.28732839255,0.7513758294,0.8766235037,0.553733256
0,294,1.28732839255,0.7513758294,0.8766235037,0.553733256
0,294,1.28732839255,0.7513758294,0.8766235037,0.553733256
0,294,1.28732839255,0.7513758294,0.8766235037,0.553733256
0,294,1.28732839255,0.7513758294,0.8766235037,0.553733256
0,294,1.28732839255,0.7513758294,0.8766235037,0.553733256
0,294,1.0236936775,0.9834294498,0.6976012328,0.733802765
0,294,1.0236936775,0.9834294498,0.6976012328,0.733802765
0,294,1.04051057065,1.00855971435,0.7093837899,0.7482717465
0,294,1.04051057065,1.00855971435,0.7093837899,0.7482717465
