0,294,1.04363824995,0.49184764625,0.6997278197,0.3423819885
0,294,0.41514838825,0.5305158278,0.2803431207,0.371562726
0,294,0.10847713779999998,0.60352762765,0.0767077378,0.4263312963
0,294,0.21889133225000001,0.5509403388999999,0.1496636899,0.3838799226
0,294,0.7143769507,0.6323027436499999,0.482208479,0.4556899363
0,294,0.2096198215,0.59533752015,0.1445750972,0.4172206293
0,294,0.36251286365,0.45238621995,0.2431597917,0.3073964683
0,294,0.3604731537,0.45250391095000003,0.2419792874,0.3071857405
0,294,0.0092814503,0.6079013503499999,0.0115835432,0.4308861343
0,294,1.4420086211,0.5823391021,0.9696443214,0.420100812
0,294,1.29449654305,0.6230300064000001,0.8714681239,0.4530292382
0,294,1.32706561235,0.9299461736500001,0.9068017781,0.7078003287
0,294,0.38979616485,0.5738600872,0.2637255343,0.4059972304
0,294,0.7552161206499999,0.5375498402500001,0.5083244169,0.3803806959
0,294,1.05885883415,0.6536411404,0.7182504941,0.4704180456
0,294,0.4379325595,0.51394105905,0.2951624292,0.3577975259
0,294,0.39385222280000004,0.5529007903000001,0.2660059444,0.385127781
0,294,0.39672417895,0.55563765485,0.2677130049,0.3873980983
0,294,0.37687216155000003,0.6478436602,0.2592109997,0.4570368296
0,294,0.42426477285,0.59995031545,0.2887155763,0.4224894065
0,294,0.43138181935,0.4904005307,0.2904288771,0.3395109194
0,294,0.4163015159,0.5297284518,0.2815074186,0.368362074
0,294,0.43416436355,0.49821536645,0.2922683321,0.3454790321
0,294,0.5706155531,0.77793930135,0.3886049262,0.5509211297
0,294,0.711926875,0.66018427785,0.4821433578,0.4773202897
0,294,0.21593390955000002,0.7661509112,0.1597768387,0.5561545496
0,294,0.240359361,0.7538950907499999,0.1711483,0.5431078511
0,294,0.23299077290000003,0.751534005,0.1687904306,0.5460100298
0,294,1.2067219973499999,0.8177122693500001,0.8159788739,0.6046652853
0,294,0.46677103090000005,0.62661108165,0.3174306678,0.4503899503
0,294,0.45543665665,0.631322029,0.3092912477,0.452159467
0,294,0.44260361865000003,0.6511366066,0.2997664689,0.4651383018
0,294,0.4336230253,0.5747112484,0.2932289428,0.4047695852
0,294,1.0801717915,0.48702259255,0.7226581482,0.3395312915
0,294,1.15698254045,0.7174130332499999,0.7801347629,0.5233576985
0,294,1.1788636291999999,0.7107539566,0.7961132572,0.518734403
0,294,0.4443284544,0.57407595075,0.3016646206,0.4048326479
0,294,0.86620717765,1.3079502127,0.6070826169,0.9888172824
0,294,1.0798897698999999,0.6935786668499999,0.7289566532,0.5044187961
0,294,1.0995513354000002,0.7090132462500001,0.7439078094,0.5189900273
0,294,1.0979261526,0.6958600159499999,0.7410706568,0.5077814877
0,294,1.1353839844,0.66483313575,0.7652972038,0.4821768909
0,294,0.90860232095,0.60805237155,0.6114266099,0.4353319949
0,294,0.9006134388,0.5953179369,0.607672066,0.4263611408
0,294,0.9032209881000001,0.6059670227,0.6102817324,0.4329421028
0,294,0.92753850035,0.6348207724,0.6257321025,0.4582634368
0,294,0.9239889568,0.6421924178,0.625187771,0.462338243
0,294,1.07994175015,0.5691896997,0.7252967249,0.4051730044
0,294,1.0826101862,0.57068672355,0.72706332,0.4073173935
0,294,1.04813252545,0.61449345395,0.7060614405,0.4388149727
0,294,1.0557663801500001,0.6148838973499999,0.7129267629,0.4408807281
0,294,1.2337074346499999,0.6021159200499999,0.8314841443,0.4309754829
0,294,1.2464850613,0.60562523875,0.837326655,0.4322351785
0,294,1.2613383896500001,0.6049943529,0.8471841943,0.4322842272
0,294,1.30190992015,0.5940862043,0.8748580767,0.4280784946
0,294,1.3109422746,0.5951813012,0.8823719828,0.43022483
0,294,1.318209202,0.59095331495,0.8850365496,0.4234157525
0,294,1.3355025312,0.5878029731500001,0.896747853,0.4216638829
0,294,1.16192488925,0.69116587235,0.7828818263,0.5037319843
0,294,1.32535267655,0.56987255375,0.8914747879,0.4082528225
0,294,1.3459075413,0.5740677111,0.9021387496,0.409782286
0,294,1.0469850198000001,0.7209461627,0.7069582442,0.5321588286
0,294,1.2721740610999999,0.57867738195,0.854630497,0.4141528119
0,294,1.26132459155,0.5519358411499999,0.8455714955,0.3934277837
0,294,1.28191092175,0.5531806145,0.8588080367,0.3909096902
0,294,1.28915470635,0.55560969365,0.8649773215,0.3962020205
0,294,1.4414293198,0.6186609078,0.96887557,0.4443751246
0,294,1.45560486205,0.6243030022,0.9765817735,0.446751392
0,294,1.4346081659999999,0.6049604210499999,0.965094014,0.4345852347
0,294,1.441018005,0.5890677942,0.9674502042,0.4224272522
0,294,0.5936099748,0.8215502015,0.4069464756,0.596950753
0,294,0.98212605535,1.0832950330000002,0.6747004717,0.8281637978
0,294,0.9281198458,1.0565938471,0.6387865672,0.8039596846
0,294,1.11672500805,0.8033319129000001,0.7546287157,0.5933391846
0,294,0.46106482215,0.68692724595,0.3144346545,0.4943461625
0,294,1.1790527872999998,0.76728843915,0.799215859,0.5658992835
0,294,0.39945670070000006,0.61201130895,0.2715373828,0.4333058897
0,294,0.3869855133,0.61327910895,0.2633168476,0.4324950847
0,294,0.44601411035000005,0.7825334414,0.3073245193,0.5634124618
0,294,1.18897968215,0.7265294116000001,0.8015792037,0.5348227706
0,294,1.2458228253499999,0.7136017665000001,0.8403381455,0.5144718362
0,294,1.2458228253499999,0.7136017665000001,0.8403381455,0.5144718362
0,294,1.2458228253499999,0.7136017665000001,0.8403381455,0.5144718362
0,294,1.2272414542,0.71849846315,0.825020208,0.5215628789
0,294,1.2272414542,0.71849846315,0.825020208,0.5215628789
0,294,1.2272414542,0.71849846315,0.825020208,0.5215628789
0,294,1.2045698584,0.7144819184,0.810371588,0.5191216024
0,294,1.2045698584,0.7144819184,0.810371588,0.5191216024
0,294,1.38365367325,0.73342374045,0.9325052331,0.5281853637
0,294,1.38365367325,0.73342374045,0.9325052331,0.5281853637
0,294,1.4003801121500001,0.7326414263000001,0.9418676469,0.5271366554
0,294,1.4003801121500001,0.7326414263000001,0.9418676469,0.5271366554
0,294,1.36708733605,0.7278705306,0.9223889611,0.5272836718
0,294,1.36708733605,0.7278705306,0.9223889611,0.5272836718
0,294,1.36708733605,0.7278705306,0.9223889611,0.5272836718
0,294,1.36708733605,0.7278705306,0.9223889611,0.5272836718
0,294,1.36708733605,0.7278705306,0.9223889611,0.5272836718
0,294,1.36708733605,0.7278705306,0.9223889611,0.5272836718
0,294,1.36708733605,0.7278705306,0.9223889611,0.5272836718
0,294,1.36708733605,0.7278705306,0.9223889611,0.5272836718
0,294,1.36708733605,0.7278705306,0.9223889611,0.5272836718
0,294,1.36708733605,0.7278705306,0.9223889611,0.5272836718
0,294,1.36708733605,0.7278705306,0.9223889611,0.5272836718
0,294,1.36708733605,0.7278705306,0.9223889611,0.5272836718
0,294,1.2865415356,0.74243319775,0.8701496386,0.5449515897
0,294,1.2865415356,0.74243319775,0.8701496386,0.5449515897
0,294,1.2865415356,0.74243319775,0.8701496386,0.5449515897
0,294,1.2865415356,0.74243319775,0.8701496386,0.5449515897
0,294,1.2865415356,0.74243319775,0.8701496386,0.5449515897
0,294,1.2865415356,0.74243319775,0.8701496386,0.5449515897
0,294,1.2865415356,0.74243319775,0.8701496386,0.5449515897
0,294,1.2865415356,0.74243319775,0.8701496386,0.5449515897
0,294,1.2865415356,0.74243319775,0.8701496386,0.5449515897
0,294,1.2028723998,0.73995561975,0.808981703,0.5422035641
0,294,1.2028723998,0.73995561975,0.808981703,0.5422035641
0,294,1.231207423,0.7507696626,0.8291219676,0.549015107
0,294,1.231207423,0.7507696626,0.8291219676,0.549015107
