198,244,0.9641637737,0.3459636801,0.0067490971000000455,0.033430461899999986,-1,-1,-1,-1
199,244,0.9616744209,0.3490118371,0.006749097000000037,0.033430461899999986,-1,-1,-1,-1
200,244,0.9587978451,0.3495033623,0.009570188400000013,0.0402148853,-1,-1,-1,-1
201,244,0.957193761,0.3496999464,0.008740258100000009,0.0402148853,-1,-1,-1,-1
202,244,0.9540400551,0.3515680796,0.009183257500000042,0.04031324219999999,-1,-1,-1,-1
203,244,0.9491718803,0.3526496167,0.009404465100000037,0.04149326609999998,-1,-1,-1,-1
204,244,0.9454100358,0.3533378558,0.009404465099999926,0.04149326610000004,-1,-1,-1,-1
205,244,0.9399334304,0.3539278678,0.009404465100000037,0.04149326599999997,-1,-1,-1,-1
206,244,0.9355631553,0.3551077618,0.009404465200000045,0.04149326610000004,-1,-1,-1,-1
207,244,0.9313034111,0.356975895,0.008961903799999948,0.04149326610000004,-1,-1,-1,-1
208,244,0.9270357822,0.3567231255,0.008175630999999961,0.04149326599999997,-1,-1,-1,-1
209,244,0.922376112,0.3586580843,0.008175630999999961,0.04149326599999997,-1,-1,-1,-1
210,244,0.9155306473,0.3583794928,0.008175630999999961,0.04149326600000003,-1,-1,-1,-1
211,244,0.9102529097,0.3586580843,0.008175631000000072,0.04149326599999997,-1,-1,-1,-1
212,244,0.9030418318,0.3594939885,0.008175631000000072,0.04149326610000004,-1,-1,-1,-1
213,244,0.8975548595,0.360236856,0.008678203100000004,0.04149326600000003,-1,-1,-1,-1
214,244,0.891914867,0.3613514815,0.009196982600000014,0.04149326609999998,-1,-1,-1,-1
215,244,0.8876297168,0.3619087943,0.009196982500000006,0.04149326609999998,-1,-1,-1,-1
216,244,0.8812025754,0.3638591944,0.012018365899999939,0.04409258840000002,-1,-1,-1,-1
217,244,0.8798962091,0.3655992559,0.009615013899999969,0.04476746240000001,-1,-1,-1,-1
218,244,0.877178786,0.3663421233,0.009981065199999972,0.0448603695,-1,-1,-1,-1
219,244,0.875663477,0.3680139319,0.010764709799999994,0.0453247752,-1,-1,-1,-1
220,244,0.8763428693,0.3696857405,0.011078196799999995,0.046717862399999976,-1,-1,-1,-1
221,244,0.8765516659,0.3712646419,0.01081698200000003,0.04755389649999997,-1,-1,-1,-1
222,244,0.8755437474,0.3730558283,0.011862279500000072,0.04649571590000001,-1,-1,-1,-1
223,244,0.8757453895,0.3723393019,0.011593471999999938,0.048525787700000045,-1,-1,-1,-1
224,244,0.8748719478,0.373294584,0.010921672299999963,0.0494810698,-1,-1,-1,-1
225,244,0.8714157057,0.3742498661,0.012832526999999927,0.05043648160000003,-1,-1,-1,-1
226,244,0.8688626918,0.3759216747,0.011959085199999997,0.05139176370000004,-1,-1,-1,-1
227,244,0.8659737051,0.37723522,0.01323566509999996,0.05139176370000004,-1,-1,-1,-1
228,244,0.8632862144,0.3786682729,0.01222789270000002,0.05246642369999999,-1,-1,-1,-1
229,244,0.8612708154,0.3805789669,0.012026250600000066,0.05270530910000004,-1,-1,-1,-1
230,244,0.856970772,0.3821313976,0.012563865499999993,0.05222753830000004,-1,-1,-1,-1
231,244,0.8545519428,0.3844002251,0.011757589100000021,0.053899346800000025,-1,-1,-1,-1
232,244,0.850923991,0.3869078081,0.011824754499999979,0.053063572400000036,-1,-1,-1,-1
233,244,0.8483036657,0.3888183724,0.011959085199999997,0.054616132799999995,-1,-1,-1,-1
234,244,0.8453475136,0.3903708031,0.012362223399999928,0.05449662519999998,-1,-1,-1,-1
