0,294,0.11630544355,0.7039652511500001,0.0897222683,0.5074918667
0,294,0.11981421335,0.6989101194,0.0908913107,0.502789159
0,294,0.2004674052,0.78182638725,0.1449600132,0.5680188887
0,294,0.39193092825000003,0.6586878379,0.2707222671,0.4740126156
0,294,0.38789582305,0.6680220158500001,0.2687165049,0.4786753577
0,294,0.41564614250000004,0.65672893865,0.2853494234,0.4728924105
0,294,0.20377033505000003,0.7704594126,0.1470037385,0.559037005
0,294,0.14215166145,0.6235563068500001,0.1015736699,0.4406079757
0,294,0.01525705065,0.98610292915,0.0309657153,0.7283102173
0,294,1.2400600371000001,0.63459641995,0.8334791016,0.4586181965
0,294,1.22308362615,0.6364047344,0.8233337733,0.4564683576
0,294,1.17955134415,0.51135763205,0.7913480205,0.3592195493
0,294,0.3899277943,0.57584929535,0.2651297284,0.4058412607
0,294,1.00959851465,0.5737253433,0.6793884681,0.4112193614
0,294,0.43914190109999995,0.50604629215,0.2951923616,0.3508912593
0,294,0.7500760720999999,0.5240443805,0.5054062278,0.3704997156
0,294,0.4439532774,0.4944415998,0.2993265358,0.3413952724
0,294,0.39721459395000003,0.53066708095,0.2689273869,0.3710014509
0,294,0.57014663075,0.7797228721,0.3873785767,0.5520962226
0,294,1.08425077325,1.22958217505,0.7442369197,0.9397042077
0,294,1.17305842455,1.2631304576,0.8138108927,0.9513318672
0,294,1.05406132895,1.0212122714,0.7275406321,0.774360602
0,294,1.0600304318,0.8920551334,0.721741925,0.6622208376
0,294,1.0480346246,0.49851737934999996,0.7013699398,0.3475202631
0,294,1.0399119083000001,0.50051623115,0.6963394876,0.3512346781
0,294,1.2361475816,0.71029461145,0.8315080902,0.5188986773
0,294,0.43203989385,0.76657204245,0.3012235193,0.5552995709
0,294,0.58822061135,0.80706779005,0.4044553707,0.5951443849
0,294,0.73213240685,0.80523949265,0.5033419149,0.5879028223
0,294,1.28137243075,0.57566990425,0.8608857827,0.4115832043
0,294,1.2963727929,0.57895999595,0.8711033868,0.4128502961
0,294,1.30767898695,0.5798772588500001,0.8780390867,0.4154187359
0,294,1.3622480715,0.71403827415,0.917379885,0.5266055539
0,294,1.19445241835,0.6934701239000001,0.8072048871,0.506556827
0,294,1.2093272834,0.55381986975,0.8109020484,0.3937460813
0,294,1.13593700355,0.7065958453,0.7673584505,0.5150308358
0,294,1.29636461625,0.568787059,0.8685940303,0.4069636718
0,294,1.2811421704,0.5702764920500001,0.8586690336,0.4051284973
0,294,1.31340206005,0.5743372844,0.8806649605,0.4100712582
0,294,1.4077433343,0.5549031586,0.9431239312,0.3893935918
0,294,1.41096026325,0.5537518763,0.9454767631,0.3886818664
0,294,1.42389689655,0.55647985425,0.9543779261,0.3948343659
0,294,1.25683758015,0.54992867175,0.8466433671,0.3930274787
0,294,1.2501412663,0.5539799918,0.8433062706,0.3953561248
0,294,1.2870303097,0.55498406305,0.8652995692,0.3944496319
0,294,1.2872279365,0.55213365795,0.8641853542,0.3944345799
0,294,1.3301812822499999,0.5583915863,0.8914777081,0.3961880066
0,294,1.3178232932,0.56005749075,0.8844098676,0.3955071637
0,294,1.38310393935,0.54587903855,0.9276649465,0.3864881691
0,294,0.9495895466000001,1.3219276041,0.6624144664,0.9998585632
0,294,1.20553798875,0.7358450990000001,0.8131278501,0.5418698252
0,294,0.1695103046,0.72815256075,0.1243968988,0.5220444127
0,294,0.16047426339999998,0.7346201138499999,0.1163285134,0.5264079317
0,294,0.99585538595,1.4453266992999998,0.6954487289,1.0892516434
0,294,1.0412517258,1.5687257480999999,0.7210363966,1.1413279018
0,294,1.28140886075,0.6997276629,0.8651874323,0.5107144192
0,294,1.28140886075,0.6997276629,0.8651874323,0.5107144192
0,294,1.29879373925,0.5521199685,0.8706672499,0.3912859898
0,294,1.29879373925,0.5521199685,0.8706672499,0.3912859898
0,294,1.29879373925,0.5521199685,0.8706672499,0.3912859898
0,294,1.3033503251999998,0.55525843745,0.8748776422,0.3938398967
0,294,1.3033503251999998,0.55525843745,0.8748776422,0.3938398967
0,294,1.3033503251999998,0.55525843745,0.8748776422,0.3938398967
0,294,1.3188968804,0.7070210315000001,0.8895553916,0.5168410318
0,294,1.3188968804,0.7070210315000001,0.8895553916,0.5168410318
0,294,1.3188968804,0.7070210315000001,0.8895553916,0.5168410318
0,294,1.3188968804,0.7070210315000001,0.8895553916,0.5168410318
0,294,1.3188968804,0.7070210315000001,0.8895553916,0.5168410318
0,294,1.3188968804,0.7070210315000001,0.8895553916,0.5168410318
0,294,1.3188968804,0.7070210315000001,0.8895553916,0.5168410318
0,294,1.3188968804,0.7070210315000001,0.8895553916,0.5168410318
0,294,1.3188968804,0.7070210315000001,0.8895553916,0.5168410318
0,294,1.3188968804,0.7070210315000001,0.8895553916,0.5168410318
0,294,1.3188968804,0.7070210315000001,0.8895553916,0.5168410318
0,294,1.3188968804,0.7070210315000001,0.8895553916,0.5168410318
0,294,1.3192912944,0.74314375525,0.8888021904,0.5466651805
0,294,1.3192912944,0.74314375525,0.8888021904,0.5466651805
0,294,1.3192912944,0.74314375525,0.8888021904,0.5466651805
0,294,1.3192912944,0.74314375525,0.8888021904,0.5466651805
0,294,1.3192912944,0.74314375525,0.8888021904,0.5466651805
0,294,1.3192912944,0.74314375525,0.8888021904,0.5466651805
0,294,1.3192912944,0.74314375525,0.8888021904,0.5466651805
0,294,1.3192912944,0.74314375525,0.8888021904,0.5466651805
0,294,1.3192912944,0.74314375525,0.8888021904,0.5466651805
