1,50,0.2705854542,0.7552713095,0.04396892989999995,0.16328706309999996,-1,-1,-1,-1
2,50,0.2578850678,0.7361028642,0.03948038540000004,0.15831757199999996,-1,-1,-1,-1
3,50,0.2399425707,0.7221278734,0.04159215200000002,0.152000409,-1,-1,-1,-1
4,50,0.2274854397,0.7047892826,0.03859307250000002,0.1455577695,-1,-1,-1,-1
5,50,0.2115460766,0.6924671555,0.04012809310000001,0.13978585179999992,-1,-1,-1,-1
6,50,0.2013359191,0.6784287128,0.03723823029999998,0.13430731790000006,-1,-1,-1,-1
7,50,0.1878781702,0.6684012351,0.03829754490000001,0.12896983169999998,-1,-1,-1,-1
8,50,0.1779706949,0.6554877985,0.03565546380000001,0.12838280419999992,-1,-1,-1,-1
9,50,0.1655862777,0.6475637062,0.03549039769999998,0.1228064325,-1,-1,-1,-1
10,50,0.1569699105,0.6372497218,0.03324400829999999,0.12652725760000005,-1,-1,-1,-1
11,50,0.14623433,0.6291058186,0.035099232499999994,0.12017116699999997,-1,-1,-1,-1
12,50,0.1386896884,0.6198327569,0.03295592729999999,0.12094725260000005,-1,-1,-1,-1
13,50,0.1314402824,0.6124511849,0.03168350859999999,0.11364613090000009,-1,-1,-1,-1
14,50,0.12362311,0.6042917106,0.031164437199999992,0.11177605140000002,-1,-1,-1,-1
15,50,0.1165378941,0.59609266,0.0311305625,0.1081528047,-1,-1,-1,-1
16,50,0.1098642851,0.5880439996,0.0313662983,0.10577277409999997,-1,-1,-1,-1
17,50,0.1049134676,0.5804712933,0.030292528600000007,0.10142339889999996,-1,-1,-1,-1
18,50,0.0972996895,0.5733828457,0.030899718000000007,0.09934998780000004,-1,-1,-1,-1
19,50,0.093286924,0.5705128471,0.028633398000000004,0.09268611009999994,-1,-1,-1,-1
20,50,0.0849825107,0.5649176604,0.028988279399999997,0.09275475229999997,-1,-1,-1,-1
21,50,0.0807356155,0.5547274656,0.0276080311,0.09294342119999999,-1,-1,-1,-1
22,50,0.0742591222,0.548877563,0.0281387835,0.09181101869999997,-1,-1,-1,-1
23,50,0.0701183775,0.5424613942,0.027183210200000002,0.08992407060000007,-1,-1,-1,-1
24,50,0.0659775598,0.5373660373,0.027077132699999992,0.08728231720000001,-1,-1,-1,-1
25,50,0.0639602626,0.5313274658,0.025696884500000003,0.0865273822,-1,-1,-1,-1
26,50,0.0633606657,0.5300463601,0.021497516100000003,0.08017557370000006,-1,-1,-1,-1
27,50,0.0570363896,0.5276508884,0.019735082299999998,0.07943841560000009,-1,-1,-1,-1
28,50,0.043143745,0.5270979874,0.028029201700000006,0.07630591549999999,-1,-1,-1,-1
29,50,0.0318147001,0.524482056,0.0245931093,0.07706811690000004,-1,-1,-1,-1
30,50,0.020157567,0.5214610185,0.024778617099999997,0.07780553449999994,-1,-1,-1,-1
31,50,0.007111498,0.5198658972,0.0238808644,0.0792018658,-1,-1,-1,-1
32,50,-0.001163859,0.5138688484,0.0202925548,0.07882349,-1,-1,-1,-1
33,50,-0.0128942899,0.5140175517,0.0202925548,0.07882349,-1,-1,-1,-1
