0,294,0.6516437701,0.6242953464500001,0.4399465714,0.4485054675
0,294,0.6520323071,0.6216675421,0.440479222,0.4460791132
0,294,0.80626479095,0.69781755285,0.5439636735,0.5066134017
0,294,0.7965478608500001,0.60020827535,0.5397170703,0.4302307989
0,294,0.8041749991,0.60337068475,0.5412938502,0.4314958145
0,294,0.8226080953500001,0.60124932785,0.5538318717,0.4329567655
0,294,0.7951716279500001,0.69277117975,0.5382103759,0.5019453395
0,294,0.42042649125,0.54660043095,0.2846043259,0.3801353225
0,294,0.42413504155000004,0.5756577069,0.2881994251,0.4057209746
0,294,0.23157351075,0.56977990625,0.1578281671,0.3968055273
0,294,0.23690111125,1.0037443114,0.1813335625,0.7492769856
0,294,1.39146719525,0.86253182975,0.9492171439,0.6536661189
0,294,1.4200756983,0.88832529,0.9655044528,0.6756761456
0,294,0.9915753460500001,0.8000676431,0.6707371311,0.5911684546
0,294,0.9613637079999999,0.7973756732,0.6514973204,0.5821964326
0,294,0.17081944515,0.6964601491,0.1270597135,0.5013753104
0,294,0.25119915730000003,0.6946530673,0.1789635012,0.5002408318
0,294,0.2518165676,0.6965189297,0.180313233,0.5029062012
0,294,0.7887034573,0.6414732314,0.5347101844,0.4598519404
0,294,0.4116669596,0.66297350175,0.2827730476,0.4713120817
0,294,0.3899277943,0.57584929535,0.2651297284,0.4058412607
0,294,0.7893213057,0.61115736285,0.5333480416,0.4378679951
0,294,0.43721622635,0.53419980005,0.2949880913,0.3728094169
0,294,0.67942066365,0.51493585255,0.4569675889,0.3620776101
0,294,0.57026937785,0.7788079017,0.3873785767,0.5502662818
0,294,1.1481877470000001,0.7883272234500001,0.7805919254,0.5823892537
0,294,1.1510141678,0.67990601335,0.7761063012,0.4957768797
0,294,1.1773356172,0.68661264645,0.7950289746,0.4983791865
0,294,1.3842358217,0.5554394505,0.9280369842,0.3931023494
0,294,1.26337444925,0.66549464465,0.8529488807,0.4860901479
0,294,1.292580505,0.65488247515,0.8719273306,0.4742426775
0,294,1.19645380015,0.50411509635,0.8016935309,0.3550144655
0,294,1.1714020682,0.5062381401,0.7874172406,0.3564050874
0,294,1.23353733105,0.7106325675,0.8298090985,0.515388061
0,294,1.0971380546,0.7141129501000001,0.7414886882,0.5204424142
0,294,1.3439071816000001,0.7514885896,0.9093371246,0.557021596
0,294,1.4077793991,0.6996632377,0.9490765346,0.5105035616
0,294,1.44221384055,0.5281464361,0.9672311867,0.3765436072
0,294,1.4649086522,0.6804631314,0.9864339104,0.4954219902
0,294,1.44999721115,0.5895779397,0.9766835437,0.4272141732
0,294,1.0781144141999999,0.756140367,0.7301025528,0.556065146
0,294,0.7656025872500001,0.76396850295,0.5205714371,0.5594395159
0,294,0.63209302755,0.7183622167499999,0.4292058075,0.5189350097
0,294,0.6136363503,0.7272299128999999,0.4177539668,0.5244038116
0,294,1.1041728235,0.75672162025,0.7453853014,0.5561986675
0,294,1.2894462187,0.7034466714000001,0.8699815792,0.5135506806
0,294,1.2894462187,0.7034466714000001,0.8699815792,0.5135506806
0,294,1.287648377,0.6937855019,0.8696066212,0.5111483316
0,294,1.287648377,0.6937855019,0.8696066212,0.5111483316
0,294,1.39960668845,0.70310138395,0.9471237747,0.5142443695
0,294,1.39960668845,0.70310138395,0.9471237747,0.5142443695
0,294,1.3281985168500001,0.70813244555,0.8978004511,0.5173496203
0,294,1.3281985168500001,0.70813244555,0.8978004511,0.5173496203
0,294,1.3281985168500001,0.70813244555,0.8978004511,0.5173496203
0,294,1.3281985168500001,0.70813244555,0.8978004511,0.5173496203
0,294,1.3281985168500001,0.70813244555,0.8978004511,0.5173496203
0,294,1.3281985168500001,0.70813244555,0.8978004511,0.5173496203
0,294,1.3281985168500001,0.70813244555,0.8978004511,0.5173496203
0,294,1.3281985168500001,0.70813244555,0.8978004511,0.5173496203
0,294,1.3281985168500001,0.70813244555,0.8978004511,0.5173496203
0,294,1.3281985168500001,0.70813244555,0.8978004511,0.5173496203
0,294,1.3281985168500001,0.70813244555,0.8978004511,0.5173496203
0,294,1.3281985168500001,0.70813244555,0.8978004511,0.5173496203
0,294,1.3177104261500001,0.7418603139,0.8871107913,0.546367255
0,294,1.3177104261500001,0.7418603139,0.8871107913,0.546367255
0,294,1.3177104261500001,0.7418603139,0.8871107913,0.546367255
0,294,1.3177104261500001,0.7418603139,0.8871107913,0.546367255
0,294,1.3177104261500001,0.7418603139,0.8871107913,0.546367255
0,294,1.3177104261500001,0.7418603139,0.8871107913,0.546367255
0,294,1.3177104261500001,0.7418603139,0.8871107913,0.546367255
0,294,1.3177104261500001,0.7418603139,0.8871107913,0.546367255
0,294,1.3177104261500001,0.7418603139,0.8871107913,0.546367255
0,294,1.47738826895,0.7079743997,0.9945571233,0.5025815454
0,294,1.47738826895,0.7079743997,0.9945571233,0.5025815454
