9,76,0.451885069,0.3328166782,0.00554435480000004,0.02627869220000001,-1,-1,-1,-1
10,76,0.4513014604,0.333248774,0.006030719599999956,0.02818056259999996,-1,-1,-1,-1
11,76,0.4509368692,0.3338970475,0.00603071970000002,0.028180562600000014,-1,-1,-1,-1
12,76,0.4516905814,0.3339402571,0.006030719699999965,0.02818056259999996,-1,-1,-1,-1
13,76,0.4525093175,0.3340554178,0.006030719699999965,0.028180562600000014,-1,-1,-1,-1
14,76,0.4536522968,0.3349198041,0.006030719699999965,0.028180562600000014,-1,-1,-1,-1
15,76,0.4561648168,0.334804838,0.00671186410000002,0.02852597969999998,-1,-1,-1,-1
16,76,0.4570403027,0.3354099019,0.005933621999999972,0.028525979800000045,-1,-1,-1,-1
17,76,0.4585480191,0.3354099019,0.005252623600000006,0.028525979800000045,-1,-1,-1,-1
18,76,0.4598126262,0.3359284169,0.006079341500000002,0.02861278819999996,-1,-1,-1,-1
19,76,0.4604448567,0.3364470616,0.006662950100000009,0.02818069240000004,-1,-1,-1,-1
20,76,0.4622740908,0.3371821436,0.00505346360000003,0.027913779100000036,-1,-1,-1,-1
21,76,0.4631009548,0.3371821436,0.004961768300000002,0.027913779100000036,-1,-1,-1,-1
22,76,0.4645250065,0.3379985841,0.00477808569999999,0.027750542900000008,-1,-1,-1,-1
23,76,0.4648926639,0.3382435681,0.007534493799999986,0.02758717700000002,-1,-1,-1,-1
24,76,0.4676490721,0.33816195,0.005237438300000008,0.028240381300000006,-1,-1,-1,-1
25,76,0.4687516061,0.3386517884,0.004410574300000025,0.028322129100000037,-1,-1,-1,-1
26,76,0.4697161592,0.3387334065,0.004640396600000041,0.02905708130000001,-1,-1,-1,-1
27,76,0.4711405029,0.3384884224,0.00794799890000003,0.02930206540000002,-1,-1,-1,-1
28,76,0.4733917107,0.3384068043,0.006707629800000003,0.028975333500000033,-1,-1,-1,-1
29,76,0.4755052296,0.3379866463,0.005145304899999981,0.030048825499999987,-1,-1,-1,-1
30,76,0.4766539033,0.3382315006,0.005328987600000001,0.030048955300000013,-1,-1,-1,-1
31,76,0.4781239487,0.3383948665,0.008315218199999974,0.029803841499999983,-1,-1,-1,-1
32,76,0.4799155118,0.3382317601,0.007029001399999957,0.030211931999999997,-1,-1,-1,-1
33,76,0.483085425,0.3370068398,0.005283285999999998,0.032008438500000014,-1,-1,-1,-1
34,76,0.4850609628,0.3383949963,0.005099457299999999,0.031028632,-1,-1,-1,-1
35,76,0.4868526719,0.3389667123,0.006339826400000026,0.030620152200000028,-1,-1,-1,-1
36,76,0.4918142942,0.3386401101,0.006753331400000007,0.030701900100000012,-1,-1,-1,-1
37,76,0.4924731426,0.3387907338,0.007311241999999996,0.031149631799999966,-1,-1,-1,-1
38,76,0.4951876016,0.3386894183,0.00786915249999992,0.031597363599999984,-1,-1,-1,-1
39,76,0.4973729582,0.3387945227,0.008033269600000004,0.03170519290000001,-1,-1,-1,-1
40,76,0.5003264821,0.3407893002,0.00513888039999999,0.03002533930000001,-1,-1,-1,-1
41,76,0.5015669972,0.3411042241,0.004784364100000049,0.03055034219999997,-1,-1,-1,-1
42,76,0.5022758838,0.3409992495,0.007619472600000066,0.030550342100000016,-1,-1,-1,-1
43,76,0.5042839822,0.3412091987,0.0072062594999999785,0.031075345099999985,-1,-1,-1,-1
44,76,0.5073556295,0.3408941451,0.005256857899999967,0.03139039869999999,-1,-1,-1,-1
45,76,0.5088322454,0.3416290973,0.005374981399999923,0.03055034209999996,-1,-1,-1,-1
46,76,0.5107815011,0.3417342016,0.008741864300000013,0.030970240699999985,-1,-1,-1,-1
47,76,0.5132031046,0.3420492553,0.006497518900000054,0.0312850348,-1,-1,-1,-1
48,76,0.5162744599,0.3419442807,0.006202283400000064,0.03159995860000003,-1,-1,-1,-1
49,76,0.5176920871,0.3421542299,0.0056115201999999975,0.03160008850000001,-1,-1,-1,-1
50,76,0.5192279838,0.3422592045,0.007856011500000037,0.031600088499999957,-1,-1,-1,-1
51,76,0.5211770935,0.342994027,0.006911023999999988,0.031810037700000016,-1,-1,-1,-1
52,76,0.5230082257,0.3430990016,0.005788632399999938,0.032125091299999964,-1,-1,-1,-1
53,76,0.5219451148,0.3434139255,0.007147124899999913,0.0330699928,-1,-1,-1,-1
54,76,0.5215905985,0.343833824,0.00661564240000001,0.032545119600000005,-1,-1,-1,-1
55,76,0.5220041035,0.3445687762,0.0059067557999999964,0.03306986300000003,-1,-1,-1,-1
56,76,0.5186373666,0.3449886747,0.008269370499999984,0.03275506890000002,-1,-1,-1,-1
57,76,0.5185192432,0.3448837,0.00738337170000003,0.0327549392,-1,-1,-1,-1
58,76,0.5140302606,0.3445686464,0.007855719499999969,0.0330699928,-1,-1,-1,-1
59,76,0.512908161,0.3448835703,0.008091820299999997,0.0323351704,-1,-1,-1,-1
60,76,0.5121994204,0.3447785957,0.005197431100000038,0.03265009419999998,-1,-1,-1,-1
61,76,0.5114906798,0.3441487479,0.005197431100000038,0.03265009419999998,-1,-1,-1,-1
62,76,0.5083600437,0.3437287196,0.008032685600000034,0.03286017330000002,-1,-1,-1,-1
63,76,0.50871456,0.343623745,0.005847183099999986,0.032335170299999993,-1,-1,-1,-1
64,76,0.5072379441,0.3426787138,0.006792170500000028,0.03265035380000003,-1,-1,-1,-1
65,76,0.5068834278,0.3434137957,0.006024441200000008,0.03128529429999999,-1,-1,-1,-1
66,76,0.5045206671,0.3424688943,0.006674193100000059,0.031600348,-1,-1,-1,-1
67,76,0.5027485235,0.3418391763,0.006733327800000022,0.031075215300000014,-1,-1,-1,-1
68,76,0.5016852666,0.3409993792,0.005670070899999935,0.031495113799999974,-1,-1,-1,-1
69,76,0.5015080084,0.3400546076,0.005315846600000063,0.030445108,-1,-1,-1,-1
70,76,0.5005038862,0.3401595822,0.005315846600000063,0.030970110900000014,-1,-1,-1,-1
71,76,0.4992046745,0.3394247598,0.005906317699999997,0.030235158700000042,-1,-1,-1,-1
72,76,0.497846036,0.3392148105,0.005492812700000016,0.030655057299999955,-1,-1,-1,-1
73,76,0.4973736152,0.3390047315,0.005492812800000024,0.03065505730000001,-1,-1,-1,-1
74,76,0.4961330271,0.3391097061,0.005492812799999969,0.030655057299999955,-1,-1,-1,-1
75,76,0.4953493825,0.3391097061,0.005492812799999969,0.030655057299999955,-1,-1,-1,-1
76,76,0.4941296423,0.3384008254,0.005492812700000016,0.03065505730000001,-1,-1,-1,-1
77,76,0.4928856847,0.3373375044,0.005492812700000016,0.03065505730000001,-1,-1,-1,-1
78,76,0.4916417271,0.3362741834,0.005492812700000016,0.03065505730000001,-1,-1,-1,-1
79,76,0.4903977695,0.3352108623,0.0054928126999999605,0.030655057299999955,-1,-1,-1,-1
80,76,0.4873102724,0.337063155,0.007159097899999967,0.027126664000000023,-1,-1,-1,-1
81,76,0.4865720375,0.3363105557,0.005540120500000023,0.028027447599999977,-1,-1,-1,-1
82,76,0.4855439694,0.3359045413,0.004683470000000023,0.028534933099999993,-1,-1,-1,-1
83,76,0.4842304485,0.3354983972,0.0045691428999999895,0.028230519600000004,-1,-1,-1,-1
84,76,0.4810891536,0.3354983972,0.0066251331000000135,0.028433591699999983,-1,-1,-1,-1
85,76,0.4800610854,0.3355998684,0.005026013500000037,0.028433591599999974,-1,-1,-1,-1
86,76,0.4779477126,0.3357014693,0.006168408699999961,0.028331990699999976,-1,-1,-1,-1
87,76,0.4776051693,0.3351939838,0.006054081499999975,0.028940947400000028,-1,-1,-1,-1
88,76,0.4765200106,0.335498527,0.005368702800000014,0.028331861000000014,-1,-1,-1,-1
89,76,0.4774338976,0.3355999981,0.005768482700000022,0.0288394763,-1,-1,-1,-1
90,76,0.4781194224,0.3362092143,0.006225207200000027,0.028331861000000014,-1,-1,-1,-1
91,76,0.4796615975,0.3368184305,0.004739976600000029,0.028027188000000036,-1,-1,-1,-1
92,76,0.4797757787,0.3367168296,0.006682077700000011,0.028433332099999986,-1,-1,-1,-1
93,76,0.4811466821,0.3376301997,0.006282151800000024,0.027925976399999997,-1,-1,-1,-1
94,76,0.4822890774,0.3369195124,0.005767898699999996,0.02873813479999998,-1,-1,-1,-1
95,76,0.4820608612,0.3379346131,0.005596334999999952,0.028636663800000017,-1,-1,-1,-1
96,76,0.4832031104,0.3374269979,0.00805239719999995,0.028738264599999952,-1,-1,-1,-1
97,76,0.4860588065,0.3374269979,0.005653571600000018,0.0284337214,-1,-1,-1,-1
98,76,0.4881149427,0.3375285988,0.006453131399999978,0.02873813489999999,-1,-1,-1,-1
99,76,0.4885718132,0.3377316708,0.006453131400000034,0.02873813489999999,-1,-1,-1,-1
100,76,0.4893142825,0.3376300699,0.006453131400000034,0.02873813489999999,-1,-1,-1,-1
101,76,0.4907462371,0.33797998,0.006453131400000034,0.02873813489999999,-1,-1,-1,-1
102,76,0.4913520669,0.3382002369,0.006453131399999978,0.02873813489999999,-1,-1,-1,-1
103,76,0.4919578966,0.3384204939,0.006453131399999978,0.02873813489999999,-1,-1,-1,-1
104,76,0.4925637264,0.3386407508,0.006453131399999978,0.02873813489999999,-1,-1,-1,-1
105,76,0.4931695562,0.3388610077,0.006453131399999978,0.02873813489999999,-1,-1,-1,-1
106,76,0.4949687301,0.3401825495,0.006453131500000042,0.028738134800000037,-1,-1,-1,-1
107,76,0.4986312867,0.3401812519,0.005067042700000024,0.030044413699999994,-1,-1,-1,-1
108,76,0.4992186916,0.3401812519,0.00822454490000002,0.03093274039999999,-1,-1,-1,-1
109,76,0.5025232275,0.3400507148,0.005213784499999985,0.03145488870000002,-1,-1,-1,-1
110,76,0.5037716272,0.340442326,0.005654301700000031,0.03093274039999999,-1,-1,-1,-1
111,76,0.5056074319,0.3410947517,0.005287082299999968,0.03080233320000003,-1,-1,-1,-1
112,76,0.5072962028,0.3412252888,0.008151247000000028,0.031063407299999957,-1,-1,-1,-1
113,76,0.5094990807,0.3414863629,0.006095110799999914,0.03067179609999998,-1,-1,-1,-1
114,76,0.5111146998,0.3410947517,0.0051404864999999855,0.03132435170000003,-1,-1,-1,-1
115,76,0.5119224363,0.3417473073,0.005067042700000024,0.03197703679999997,-1,-1,-1,-1
116,76,0.5121427679,0.3426609369,0.006241998499999957,0.030932870200000018,-1,-1,-1,-1
117,76,0.5128772065,0.3423999925,0.006388740300000029,0.03145488869999996,-1,-1,-1,-1
118,76,0.5133911676,0.3430526778,0.00653562799999996,0.03106327750000004,-1,-1,-1,-1
119,76,0.5132442798,0.3431832149,0.0055810038000000395,0.031846240299999995,-1,-1,-1,-1
120,76,0.5119224363,0.343444289,0.007049734999999946,0.0317157032,-1,-1,-1,-1
121,76,0.5107474804,0.3439663074,0.00653577400000005,0.03145475889999999,-1,-1,-1,-1
122,76,0.5097194123,0.3444231871,0.006939569300000059,0.03230305510000003,-1,-1,-1,-1
123,76,0.5079570515,0.3450104741,0.008224691000000006,0.03171583299999997,-1,-1,-1,-1
124,76,0.506635208,0.3451408814,0.008004359300000097,0.0326294627,-1,-1,-1,-1
125,76,0.5052397745,0.3455323628,0.0067562515999999295,0.032237981299999996,-1,-1,-1,-1
126,76,0.5043584481,0.3463153256,0.006315734500000003,0.03262959240000002,-1,-1,-1,-1
127,76,0.501714907,0.3469680109,0.008224982900000066,0.032238111000000014,-1,-1,-1,-1
128,76,0.5010539122,0.3473594923,0.007270504700000013,0.03302120359999999,-1,-1,-1,-1
129,76,0.5004665073,0.3474900294,0.006682953700000049,0.03262972209999998,-1,-1,-1,-1
130,76,0.501714761,0.3481427146,0.006389324299999943,0.03315161089999996,-1,-1,-1,-1
131,76,0.5013476876,0.3497090295,0.0076375780999999865,0.0321074442,-1,-1,-1,-1
132,76,0.5011275021,0.3503617148,0.006609509899999977,0.033020944100000005,-1,-1,-1,-1
133,76,0.5005399511,0.3503617148,0.006609509899999977,0.03315148109999999,-1,-1,-1,-1
134,76,0.5009806143,0.3510142703,0.00682969550000001,0.03341255520000003,-1,-1,-1,-1
135,76,0.5000994339,0.3514058815,0.00785776370000002,0.03354283269999997,-1,-1,-1,-1
136,76,0.5000259901,0.3512753444,0.006389178299999965,0.03419551809999999,-1,-1,-1,-1
137,76,0.4982634833,0.3521888443,0.006756397600000075,0.0338041664,-1,-1,-1,-1
138,76,0.497896264,0.3529720666,0.006976729200000031,0.03445659219999997,-1,-1,-1,-1
139,76,0.497896264,0.3533636778,0.006756543599999998,0.034064980999999994,-1,-1,-1,-1
140,76,0.4962804989,0.3542771777,0.006756543700000062,0.03341255519999997,-1,-1,-1,-1
141,76,0.4948853575,0.3549297332,0.006756543599999942,0.03341255520000003,-1,-1,-1,-1
142,76,0.4935786898,0.3558215867,0.007038997599999985,0.033894438299999996,-1,-1,-1,-1
143,76,0.4926099613,0.3561805336,0.007462678599999939,0.03461726309999996,-1,-1,-1,-1
144,76,0.4916412329,0.3565394806,0.007886359499999995,0.035340087799999975,-1,-1,-1,-1
145,76,0.4906725045,0.3568984275,0.008310040399999996,0.0360629126,-1,-1,-1,-1
146,76,0.4879828022,0.3572791406,0.008592494299999975,0.03654479580000003,-1,-1,-1,-1
147,76,0.4878359144,0.3588454555,0.008004943399999964,0.03667533289999997,-1,-1,-1,-1
148,76,0.4857064803,0.3598894925,0.006903285399999959,0.035500758799999976,-1,-1,-1,-1
149,76,0.4843846368,0.3613250108,0.007197060799999988,0.0355008886,-1,-1,-1,-1
150,76,0.4812269886,0.3615860849,0.008665792099999958,0.0355008886,-1,-1,-1,-1
151,76,0.4793175941,0.3621081034,0.007858201600000003,0.03563142559999999,-1,-1,-1,-1
152,76,0.4787301891,0.3638049553,0.006903431399999993,0.03563129589999997,-1,-1,-1,-1
153,76,0.4770414183,0.3643271035,0.008372016599999976,0.03523968479999995,-1,-1,-1,-1
154,76,0.4774820814,0.3647187147,0.006829841599999997,0.03706694399999999,-1,-1,-1,-1
155,76,0.4762336817,0.3655016775,0.008078241299999955,0.03628398119999998,-1,-1,-1,-1
156,76,0.4761602379,0.3666763813,0.007637577999999978,0.036936406899999996,-1,-1,-1,-1
157,76,0.4753525014,0.3683731034,0.008371870599999998,0.03615331439999997,-1,-1,-1,-1
158,76,0.4736634384,0.3691563258,0.009473528699999956,0.0368058698,-1,-1,-1,-1
159,76,0.4709465994,0.3703310295,0.008445314599999976,0.036022647500000005,-1,-1,-1,-1
160,76,0.4694780141,0.3700700852,0.006756251699999993,0.036544666,-1,-1,-1,-1
161,76,0.4648516346,0.3698091408,0.009399938800000007,0.03680561040000002,-1,-1,-1,-1
162,76,0.4628689423,0.3683731034,0.008371870599999998,0.03837218479999999,-1,-1,-1,-1
163,76,0.4622080935,0.3695478072,0.007490690300000047,0.03928568459999998,-1,-1,-1,-1
164,76,0.461914464,0.37033077,0.008224836999999985,0.038894333,-1,-1,-1,-1
165,76,0.4614739468,0.3708527885,0.008298280800000002,0.03798070330000003,-1,-1,-1,-1
166,76,0.4618411662,0.3712442699,0.006462330100000024,0.039024999800000015,-1,-1,-1,-1
167,76,0.4619880539,0.3718966956,0.009326202900000025,0.03928620370000002,-1,-1,-1,-1
168,76,0.4632365996,0.3713745474,0.009472944699999986,0.03876418520000002,-1,-1,-1,-1
169,76,0.4662473601,0.3709829362,0.006682369699999968,0.03928633349999999,-1,-1,-1,-1
170,76,0.4683036423,0.3716354918,0.0091055793,0.03837270370000001,-1,-1,-1,-1
171,76,0.4702130369,0.3720269732,0.007930477400000024,0.037981222300000006,-1,-1,-1,-1
172,76,0.47175492,0.3716354918,0.008004067299999973,0.0386337779,-1,-1,-1,-1
173,76,0.4735174268,0.3699386398,0.009105433300000021,0.0381117594,-1,-1,-1,-1
174,76,0.4763078557,0.3695470286,0.007930623400000003,0.03785081509999999,-1,-1,-1,-1
175,76,0.4782171042,0.368502862,0.007636847899999966,0.037720277999999996,-1,-1,-1,-1
176,76,0.4781436603,0.3668061398,0.008004067300000028,0.03732879659999999,-1,-1,-1,-1
177,76,0.4789515428,0.3665450656,0.008811657799999983,0.03706772260000002,-1,-1,-1,-1
178,76,0.4806401677,0.3641956582,0.008444876499999976,0.03602368560000002,-1,-1,-1,-1
179,76,0.4822557867,0.3635431027,0.007783881699999995,0.03667624110000001,-1,-1,-1,-1
180,76,0.4828430456,0.3615854361,0.008444876499999976,0.03654570410000002,-1,-1,-1,-1
181,76,0.4848993279,0.3606718065,0.008224544899999964,0.03693718549999997,-1,-1,-1,-1
182,76,0.4873959813,0.3588453258,0.00822454490000002,0.035500758799999976,-1,-1,-1,-1
183,76,0.4896723031,0.3584529361,0.00822454490000002,0.03693718540000002,-1,-1,-1,-1
184,76,0.4916989742,0.3579308398,0.008224544899999964,0.03693718539999996,-1,-1,-1,-1
185,76,0.4938578734,0.3571476953,0.00822454490000002,0.03693718539999996,-1,-1,-1,-1
186,76,0.4953264587,0.3567562139,0.00822454490000002,0.03693718540000002,-1,-1,-1,-1
187,76,0.4976029265,0.355189899,0.007931061500000058,0.0362847597,-1,-1,-1,-1
188,76,0.4982637753,0.3545372137,0.007343656600000026,0.03223888959999999,-1,-1,-1,-1
189,76,0.5007605747,0.3527098247,0.006315442499999935,0.03432735269999998,-1,-1,-1,-1
190,76,0.5023760478,0.3521876765,0.0066092179000000195,0.03445788970000002,-1,-1,-1,-1
191,76,0.5042852963,0.3507518986,0.008591910200000052,0.03367492690000001,-1,-1,-1,-1
192,76,0.5072960568,0.3493175481,0.007416954400000009,0.033020944100000005,-1,-1,-1,-1
193,76,0.5092787491,0.3493175481,0.007049881099999933,0.03236838860000002,-1,-1,-1,-1
194,76,0.5097928562,0.3474902889,0.006976291199999984,0.033020943999999997,-1,-1,-1,-1
195,76,0.510453705,0.3469681407,0.006902993299999993,0.03354309220000001,-1,-1,-1,-1
196,76,0.5125098412,0.346054511,0.00580148140000003,0.03302107379999997,-1,-1,-1,-1
197,76,0.5130239482,0.345923974,0.006021667000000064,0.033412685,-1,-1,-1,-1
198,76,0.5133177237,0.3444883259,0.00741680840000003,0.03302107380000002,-1,-1,-1,-1
199,76,0.5130973921,0.3443576591,0.008371432699999959,0.032760129400000004,-1,-1,-1,-1
200,76,0.5126568749,0.3434440294,0.01028068120000003,0.032499055399999977,-1,-1,-1,-1
201,76,0.5139051286,0.342922011,0.009326202899999969,0.03262959239999996,-1,-1,-1,-1
202,76,0.5165486698,0.3420081218,0.007857471599999943,0.032760389,-1,-1,-1,-1
203,76,0.5164019281,0.3414861034,0.008444876500000031,0.032238240699999976,-1,-1,-1,-1
204,76,0.515887967,0.3410944922,0.009840017899999998,0.03223824080000004,-1,-1,-1,-1
205,76,0.5155941915,0.3399199182,0.009546242500000024,0.032238240799999984,-1,-1,-1,-1
206,76,0.5150802305,0.3399199182,0.010353979000000013,0.03171609260000002,-1,-1,-1,-1
207,76,0.5168427373,0.3397893812,0.009105579199999991,0.03158568519999999,-1,-1,-1,-1
208,76,0.519192649,0.3397892514,0.0070494430000001,0.03158581500000002,-1,-1,-1,-1
209,76,0.5204409027,0.3396587144,0.007490106200000013,0.0310636668,-1,-1,-1,-1
210,76,0.5213956729,0.3386145477,0.0074899603000000425,0.030411111300000016,-1,-1,-1,-1
211,76,0.5237455846,0.3382229365,0.0071961848000000606,0.030672315199999967,-1,-1,-1,-1
212,76,0.5252877598,0.3358736588,0.00881151180000006,0.0305416483,-1,-1,-1,-1
213,76,0.5264627156,0.3357431218,0.009472506599999986,0.029497611400000012,-1,-1,-1,-1
214,76,0.527931593,0.3352211033,0.009398770699999948,0.02975855580000003,-1,-1,-1,-1
215,76,0.5285189979,0.3348296219,0.009986321600000014,0.02988896299999999,-1,-1,-1,-1
216,76,0.5299142853,0.333393844,0.01050028270000003,0.030150167000000005,-1,-1,-1,-1
217,76,0.5329984897,0.3331327699,0.008958107500000034,0.029628148500000007,-1,-1,-1,-1
218,76,0.5357887725,0.3318277887,0.006535044000000045,0.02949735189999997,-1,-1,-1,-1
219,76,0.5352013676,0.3313056404,0.0061678245999999826,0.02858385210000003,-1,-1,-1,-1
220,76,0.5353482553,0.3310445663,0.005653717599999997,0.02845331499999998,-1,-1,-1,-1
221,76,0.5361273736,0.3303733256,0.005555743700000004,0.028305260499999985,-1,-1,-1,-1
222,76,0.5315415853,0.3299897595,0.00906250580000001,0.028688826599999995,-1,-1,-1,-1
223,76,0.5284665797,0.3296061933,0.009871556400000037,0.028592935099999994,-1,-1,-1,-1
224,76,0.5295997762,0.3294144103,0.007875139000000031,0.028688826599999995,-1,-1,-1,-1
225,76,0.5307328267,0.3289349526,0.005932745900000036,0.028592935099999994,-1,-1,-1,-1
226,76,0.5286286526,0.3293185187,0.00631062409999994,0.02753812830000002,-1,-1,-1,-1
227,76,0.525553501,0.3291267356,0.008576432999999994,0.02772991140000003,-1,-1,-1,-1
228,76,0.5277114074,0.3281678203,0.005609329999999968,0.027921694399999974,-1,-1,-1,-1
229,76,0.5239349617,0.327208905,0.007551431200000014,0.02753812820000001,-1,-1,-1,-1
230,76,0.521884812,0.3271130134,0.00890014090000002,0.02782580290000003,-1,-1,-1,-1
231,76,0.5242586696,0.3262499896,0.0062027214,0.02734634520000001,-1,-1,-1,-1
232,76,0.5214532015,0.3263458812,0.008037065900000084,0.027058670499999993,-1,-1,-1,-1
233,76,0.5202122484,0.3256746404,0.00792916329999993,0.02734634520000001,-1,-1,-1,-1
234,76,0.522586106,0.3253869658,0.004799987399999983,0.026579212900000038,-1,-1,-1,-1
