0,294,0.00990966555,0.9960389270500001,0.0293830949,0.7357580959
0,294,0.3266555386,0.7129113863500001,0.230706457,0.5116626943
0,294,0.42648210594999997,0.4948409317,0.2868107081,0.343002072
0,294,0.21917403689999998,0.55186502645,0.1497911712,0.3844852117
0,294,1.2010615632,0.56005878835,0.8066174822,0.4011176619
0,294,0.40744879745,0.44613286114999995,0.2729359291,0.3030717657
0,294,0.40547087975,0.4462834654,0.2714487777,0.302951226
0,294,0.2022756323,0.690220586,0.1404523244,0.4927480208
0,294,0.7450001957,0.65535155215,0.50628478,0.4712712077
0,294,0.0988914357,0.60606881815,0.071901983,0.4271599341
0,294,0.19055091365,0.590438563,0.1315319777,0.4173747156
0,294,0.0109624077,0.608238244,0.0128702654,0.4302676702
0,294,1.2513061473,0.50876330545,0.8381765888,0.3600594761
0,294,0.38979616485,0.5749937975,0.2637255343,0.4059972304
0,294,0.69599291435,0.57637890475,0.4683034963,0.4102692697
0,294,1.0154435806,0.4859328806,0.682579261,0.3389556828
0,294,0.45814371285,0.5337889197500001,0.3104205019,0.3754374159
0,294,0.5708692783,0.7780444057,0.3886138218,0.5507804714
0,294,1.09393725995,0.7171775216,0.7372428151,0.5182423588
0,294,1.1132428489500001,0.7179296019,0.7520514639,0.5235051042
0,294,1.17484202995,0.7665575095,0.7929328311,0.5609370588
0,294,0.41107918975,0.576278796,0.2794981521,0.4089697382
0,294,0.2953186708,0.5613809952,0.2015786452,0.398815811
0,294,0.2884932356,0.5655819734499999,0.1982001474,0.4010969101
0,294,0.34961558049999997,0.679463472,0.2401786716,0.4855652748
0,294,0.93399177775,0.93067924425,0.6368503065,0.6872363307
0,294,0.9808998494500001,0.9576435803500001,0.6696823429,0.7145956517
0,294,0.41557350169999996,0.50816278305,0.279910343,0.3517058831
0,294,0.9495064660000001,1.1767905116000001,0.6546072228,0.8885517186
0,294,0.3428666295,0.6913279407,0.2384960332,0.4964320304
0,294,0.3638936959,0.6745586004499999,0.2505932454,0.4853176955
0,294,0.3558737863,0.6837456972,0.249374194,0.4910456252
0,294,0.4421239703,0.59814822935,0.3004135926,0.4267540495
0,294,0.4263477022,0.6016988113,0.2906100776,0.4282322584
0,294,0.90136912215,0.59544399725,0.6065347811,0.4246489773
0,294,0.8908995749499999,0.5928359163,0.5990267155,0.4228519518
0,294,0.43516520049999996,0.7175388341,0.3001347104,0.5170391082
0,294,0.4386215886,0.7213314156999999,0.3014178608,0.5190420604
0,294,0.8986791493,0.80125876125,0.6093700356,0.5871434755
0,294,0.9177840452,0.8054686462,0.6224810068,0.588302219
0,294,0.9402633437,0.80948051965,0.636831763,0.5924677265
0,294,0.9896433928,0.7714052872,0.669395722,0.5682372722
0,294,1.00555705785,0.7743028594000001,0.6813567053,0.572487512
0,294,1.330365257,0.67518909705,0.8955123024,0.4891876131
0,294,1.30879911535,0.6717476420499999,0.8824557935,0.4882834559
0,294,0.93084909575,1.4798059435500002,0.6459049277,1.1006170795
0,294,1.13129047445,0.6550205382000001,0.7653002701,0.4739138694
0,294,1.1526847602,0.6602376734500001,0.775240598,0.4765122835
0,294,0.81030690485,0.72253829955,0.5483284001,0.5315624585
0,294,0.8507049735000001,0.7857157687,0.577349094,0.5745065544
0,294,0.8255875363,0.60598479955,0.5572618316,0.4352032745
0,294,0.7640880081999999,0.6112999674,0.5149838628,0.4391292478
0,294,0.75962027035,0.6159172939499999,0.5119980703,0.4426166373
0,294,1.0750164846499999,0.7761875369,0.7274331675,0.5692156514
0,294,1.0907745743,0.7873185457,0.7384291598,0.5745434058
0,294,1.09665796825,0.758799573,0.7410614581,0.553466213
0,294,1.1103599947,0.82657795425,0.7529269498,0.6143010221
0,294,1.13621464475,0.75757595025,0.7698632805,0.5561914011
0,294,1.3211591486,0.7040614671500001,0.890963017,0.5125639969
0,294,1.4565167476,0.58723274775,0.9780540198,0.4195365017
0,294,1.44935609835,0.581066036,0.9732932989,0.4146311342
0,294,1.4498431535,0.58629740915,0.9730408678,0.4189359767
0,294,1.06579300105,0.63582620615,0.7178073487,0.4575498947
0,294,1.052333208,0.6271478276,0.7095328678,0.4549786002
0,294,1.39663082465,0.6690218701,0.9401482135,0.4831498202
0,294,1.45259513275,0.5834968925,0.9743534165,0.416821482
0,294,1.3182259933,0.6025620297500001,0.8868914818,0.4348378745
0,294,1.32034498755,0.6796610942,0.8936689051,0.4932788988
0,294,1.30689811655,0.6823592924499999,0.8809733371,0.4963941409
0,294,1.40191213955,0.61392219215,0.9434479311,0.4471601313
0,294,0.42446758305,0.85726460775,0.2945905015,0.6246883201
0,294,1.290252714,0.70390517305,0.8680167002,0.5132149953
0,294,0.65171363665,1.2015226122,0.4551675571,0.9140505622
0,294,0.01489454015,0.9765063145499999,0.0257877767,0.7168059581
0,294,0.1851475696,0.7847526362,0.1357891668,0.5719766528
0,294,0.43448902050000004,0.5289384171,0.2926478164,0.3698209488
0,294,0.4370098632,0.78380574515,0.301924132,0.5650464241
0,294,1.2443759228,0.7119444044000001,0.8387566932,0.5221809042
0,294,0.48662963905,0.90422142045,0.3400250965,0.6633492175
0,294,0.48662963905,0.90422142045,0.3400250965,0.6633492175
0,294,0.48662963905,0.90422142045,0.3400250965,0.6633492175
0,294,0.48558397655,0.9221273154,0.3440896231,0.6798887554
0,294,0.48558397655,0.9221273154,0.3440896231,0.6798887554
0,294,0.48558397655,0.9221273154,0.3440896231,0.6798887554
0,294,1.2363353525999998,0.74960443125,0.8338942128,0.5505589737
0,294,1.2363353525999998,0.74960443125,0.8338942128,0.5505589737
0,294,1.4288171975,0.671182933,0.961801743,0.4857090472
0,294,1.4288171975,0.671182933,0.961801743,0.4857090472
0,294,1.4175747375999999,0.66967611235,0.952573514,0.4844728379
0,294,1.4175747375999999,0.66967611235,0.952573514,0.4844728379
0,294,1.3305192993000001,0.7730956512,0.8998494328,0.5621079996
0,294,1.3305192993000001,0.7730956512,0.8998494328,0.5621079996
0,294,1.3305192993000001,0.7730956512,0.8998494328,0.5621079996
0,294,1.3305192993000001,0.7730956512,0.8998494328,0.5621079996
0,294,1.3305192993000001,0.7730956512,0.8998494328,0.5621079996
0,294,1.3305192993000001,0.7730956512,0.8998494328,0.5621079996
0,294,1.3305192993000001,0.7730956512,0.8998494328,0.5621079996
0,294,1.3305192993000001,0.7730956512,0.8998494328,0.5621079996
0,294,1.3305192993000001,0.7730956512,0.8998494328,0.5621079996
0,294,1.3305192993000001,0.7730956512,0.8998494328,0.5621079996
0,294,1.3305192993000001,0.7730956512,0.8998494328,0.5621079996
0,294,1.3305192993000001,0.7730956512,0.8998494328,0.5621079996
0,294,1.2998755396,0.7750745981,0.878555968,0.5692060492
0,294,1.2998755396,0.7750745981,0.878555968,0.5692060492
0,294,1.2998755396,0.7750745981,0.878555968,0.5692060492
0,294,1.2998755396,0.7750745981,0.878555968,0.5692060492
0,294,1.2998755396,0.7750745981,0.878555968,0.5692060492
0,294,1.2998755396,0.7750745981,0.878555968,0.5692060492
0,294,1.2998755396,0.7750745981,0.878555968,0.5692060492
0,294,1.2998755396,0.7750745981,0.878555968,0.5692060492
0,294,1.2998755396,0.7750745981,0.878555968,0.5692060492
0,294,1.2499022495999998,0.7818330457,0.842920001,0.576747534
0,294,1.2499022495999998,0.7818330457,0.842920001,0.576747534
0,294,1.2788305572,0.7946562145,0.8639826954,0.5830537822
0,294,1.2788305572,0.7946562145,0.8639826954,0.5830537822
