0,294,0.18683659595000002,0.68971796205,0.1365877775,0.4956411523
0,294,0.1928923202,0.684306773,0.1394309896,0.4909143096
0,294,0.25128822435,0.7878371903999999,0.1840230973,0.5741211716
0,294,0.43910488715,0.65257024345,0.2999735135,0.4698966759
0,294,0.43577406910000005,0.6594511423,0.2995147448,0.4721953478
0,294,0.4581282356,0.6542177872,0.314478166,0.471218396
0,294,0.27546965385,0.7620349066000001,0.1986537579,0.5496755778
0,294,0.1102616558,0.62933146865,0.0807616786,0.4450376715
0,294,0.0482568909,0.9983881398500001,0.0546418714,0.7363766547
0,294,1.2199128369,0.64646873905,0.8212090116,0.4685744367
0,294,1.2000053148,0.6474257728999999,0.8073268068,0.4645678834
0,294,1.2118378809500001,0.52356719365,0.8132445135,0.3683767367
0,294,0.3899277943,0.57584929535,0.2651297284,0.4058412607
0,294,0.9872566131,0.579381776,0.6637300314,0.415065663
0,294,0.43318900569999996,0.50920500345,0.2914308092,0.3534059791
0,294,0.741098107,0.5233111152000001,0.4985676256,0.3693420102
0,294,0.44010426395,0.49380818375,0.2961904973,0.3409729085
0,294,0.3832549153,0.5276733366,0.2592051592,0.3688185644
0,294,0.57014663075,0.77949336175,0.3873785767,0.5516372019
0,294,1.04841564205,1.0834674171,0.7184376811,0.818192246
0,294,1.0937731428,1.1078878377499999,0.7505558664,0.8324355775
0,294,1.06506608195,0.93631945715,0.7291680781,0.7038615093
0,294,1.1010137882,0.8446082876000001,0.7471127654,0.627781633
0,294,1.06612065125,0.49774622454999995,0.7134272909,0.3470061599
0,294,1.05635488925,0.5023985291,0.7077273423,0.3524895434
0,294,1.2353744498500001,0.71028462005,0.8308431531,0.5188986773
0,294,0.49066051005,0.78371041585,0.3392835033,0.5725286455
0,294,0.66892176815,0.8187285379,0.4571724433,0.6052572436
0,294,0.81219877795,0.78975411285,0.5548168663,0.5759250743
0,294,1.3010261845,0.57033682975,0.8734278924,0.4074680431
0,294,1.3169506545,0.57499379755,0.8836817074,0.4099351415
0,294,1.3237320201,0.57585558865,0.8895052366,0.4119864937
0,294,1.3619607935,0.71360552945,0.9169700302,0.5264083209
0,294,1.23771640385,0.68100111015,0.8341387823,0.4971921557
0,294,1.21216312195,0.55304962325,0.8138380509,0.3945197015
0,294,1.1707474979499999,0.6931759613999999,0.7893948225,0.504107765
0,294,1.313977784,0.563116288,0.8819638802,0.4023311634
0,294,1.2989327423,0.5635691452,0.871607565,0.4005988874
0,294,1.3270035573999999,0.56928638275,0.8909776182,0.4068719325
0,294,1.405561628,0.55383836035,0.9422055178,0.3911282035
0,294,1.4410539969,0.5590830693,0.9662054548,0.3971072158
0,294,1.41499084215,0.5538542558,0.9488164879,0.3927757472
0,294,1.4282224920000002,0.55468023355,0.9572616564,0.3936346187
0,294,1.29356389355,0.5475956139,0.8671212107,0.3906425174
0,294,1.2978464156,0.552808532,0.8731923756,0.3940678824
0,294,1.33066596795,0.55551425635,0.8920908111,0.3981308807
0,294,1.31989585565,0.5503522684,0.8847674501,0.391441181
0,294,1.3579375152000002,0.550263319,0.9119520474,0.3896851592
0,294,1.3437986949,0.5564196462,0.9004762608,0.3928594414
0,294,1.40912978805,0.54212648755,0.9435778815,0.3787427543
0,294,1.16115511575,1.4633893518,0.8013779997,1.1012140984
0,294,1.02868377205,1.4536841943,0.7145891057,1.0977038714
0,294,1.2061696352,0.7377415195,0.814391143,0.5418698252
0,294,0.22029626355,0.7235510646500001,0.1567946235,0.5177667939
0,294,0.21428244465000001,0.730153372,0.1523049839,0.5224600292
0,294,1.28408897775,1.4477159519,0.8938993115,1.0838010262
0,294,1.06313887405,1.59004150195,0.7380193051,1.1879173033
0,294,1.3019056128,0.6994238982000001,0.8805240592,0.510566754
0,294,1.3019056128,0.6994238982000001,0.8805240592,0.510566754
0,294,1.3266065517,0.5476803460999999,0.8893425796,0.3873396444
0,294,1.3266065517,0.5476803460999999,0.8893425796,0.3873396444
0,294,1.3266065517,0.5476803460999999,0.8893425796,0.3873396444
0,294,1.3303240817,0.549457843,0.892051826,0.391082269
0,294,1.3303240817,0.549457843,0.892051826,0.391082269
0,294,1.3303240817,0.549457843,0.892051826,0.391082269
0,294,1.3182704538999999,0.7069051247,0.8887369232,0.5167637606
0,294,1.3182704538999999,0.7069051247,0.8887369232,0.5167637606
0,294,1.3182704538999999,0.7069051247,0.8887369232,0.5167637606
0,294,1.3182704538999999,0.7069051247,0.8887369232,0.5167637606
0,294,1.3182704538999999,0.7069051247,0.8887369232,0.5167637606
0,294,1.3182704538999999,0.7069051247,0.8887369232,0.5167637606
0,294,1.3182704538999999,0.7069051247,0.8887369232,0.5167637606
0,294,1.3182704538999999,0.7069051247,0.8887369232,0.5167637606
0,294,1.3182704538999999,0.7069051247,0.8887369232,0.5167637606
0,294,1.3182704538999999,0.7069051247,0.8887369232,0.5167637606
0,294,1.3182704538999999,0.7069051247,0.8887369232,0.5167637606
0,294,1.3182704538999999,0.7069051247,0.8887369232,0.5167637606
0,294,1.3146852105,0.7403036661,0.8863582472,0.545997054
0,294,1.3146852105,0.7403036661,0.8863582472,0.545997054
0,294,1.3146852105,0.7403036661,0.8863582472,0.545997054
0,294,1.3146852105,0.7403036661,0.8863582472,0.545997054
0,294,1.3146852105,0.7403036661,0.8863582472,0.545997054
0,294,1.3146852105,0.7403036661,0.8863582472,0.545997054
0,294,1.3146852105,0.7403036661,0.8863582472,0.545997054
0,294,1.3146852105,0.7403036661,0.8863582472,0.545997054
0,294,1.3146852105,0.7403036661,0.8863582472,0.545997054
0,294,1.4687440865,0.7253451057,0.9879962352,0.5323093484
0,294,1.4687440865,0.7253451057,0.9879962352,0.5323093484
