1,8,0.6136272976,0.3743300568,0.00823082350000004,0.0445466135,-1,-1,-1,-1
2,8,0.6039611796,0.3749702853,0.010202710900000023,0.0443762405,-1,-1,-1,-1
3,8,0.5986140865,0.3764492727,0.007204507400000004,0.04439103299999997,-1,-1,-1,-1
4,8,0.5899087252,0.3774097452,0.009545950399999947,0.043110446299999994,-1,-1,-1,-1
5,8,0.5815635746,0.3775165364,0.007804761400000082,0.045564828400000035,-1,-1,-1,-1
6,8,0.5730382457,0.3785836704,0.007144350600000071,0.04599160409999997,-1,-1,-1,-1
7,8,0.5634321385,0.3794373516,0.009485793600000014,0.04567148980000002,-1,-1,-1,-1
8,8,0.5522050097,0.3795438833,0.011226982699999999,0.04535163520000002,-1,-1,-1,-1
9,8,0.5440398916,0.3832787223,0.010626582700000053,0.044497954000000006,-1,-1,-1,-1
10,8,0.5361749734,0.3841324035,0.011467171900000017,0.045138052699999986,-1,-1,-1,-1
11,8,0.5266893257,0.3850928759,0.013027744600000002,0.04513792299999997,-1,-1,-1,-1
12,8,0.5179236616,0.3853063287,0.01224745819999995,0.045884942600000034,-1,-1,-1,-1
13,8,0.5086779111,0.3863733329,0.01200726909999994,0.045884942600000034,-1,-1,-1,-1
14,8,0.5032744575,0.3869067701,0.008525183000000047,0.04780588749999998,-1,-1,-1,-1
15,8,0.4909065397,0.3892544907,0.009725982800000033,0.045778281099999985,-1,-1,-1,-1
16,8,0.48670374,0.3894679434,0.009125874899999997,0.04716539959999999,-1,-1,-1,-1
17,8,0.4776381679,0.3909618531,0.010866771999999969,0.0479124192,-1,-1,-1,-1
18,8,0.4661109852,0.3926690857,0.01392863649999998,0.04641863940000002,-1,-1,-1,-1
19,8,0.4593867101,0.3944832394,0.011286993600000017,0.04492459989999997,-1,-1,-1,-1
20,8,0.4458179924,0.3949100151,0.01044669640000001,0.047698966499999995,-1,-1,-1,-1
21,8,0.4378932094,0.3962972632,0.01224760420000004,0.04833932479999997,-1,-1,-1,-1
22,8,0.4261858483,0.3970442829,0.01506942560000002,0.04791241930000001,-1,-1,-1,-1
23,8,0.4185009625,0.3976847709,0.012367771799999983,0.04865917940000003,-1,-1,-1,-1
24,8,0.4072739798,0.3991785508,0.014108814899999989,0.04865917940000003,-1,-1,-1,-1
25,8,0.4004895479,0.4002456848,0.009726274899999998,0.04972644310000002,-1,-1,-1,-1
26,8,0.3923245757,0.4017394646,0.010926928800000013,0.04865943900000003,-1,-1,-1,-1
27,8,0.3784730334,0.4028217803,0.010926928800000013,0.04865943900000003,-1,-1,-1,-1
28,8,0.3685154761,0.4032747673,0.010463341699999962,0.0487552007,-1,-1,-1,-1
29,8,0.3624283959,0.4040979552,0.0099947903,0.04980546609999997,-1,-1,-1,-1
30,8,0.3530992727,0.4050387044,0.008737483899999954,0.050158279400000005,-1,-1,-1,-1
31,8,0.3428438516,0.4059795833,0.012971968099999953,0.050628524200000025,-1,-1,-1,-1
32,8,0.3326545738,0.4113892153,0.010656369100000007,0.051098898800000014,-1,-1,-1,-1
33,8,0.3208111298,0.4125652166,0.010325506700000042,0.05168683460000001,-1,-1,-1,-1
34,8,0.3106879953,0.4143291537,0.009134635599999996,0.052274900199999974,-1,-1,-1,-1
35,8,0.2997707033,0.4152699029,0.0103257987,0.0521572092,-1,-1,-1,-1
36,8,0.2891181304,0.4176219055,0.010855383100000005,0.052274770400000004,-1,-1,-1,-1
37,8,0.2753604736,0.4200351542,0.016276212000000012,0.04950870830000004,-1,-1,-1,-1
38,8,0.2692071041,0.4233277762,0.009858415400000042,0.04950870839999999,-1,-1,-1,-1
39,8,0.2565697947,0.4216815301,0.014152472400000005,0.05233108550000004,-1,-1,-1,-1
40,8,0.2463806629,0.4230926538,0.015283770799999985,0.05397759120000001,-1,-1,-1,-1
41,8,0.2328831988,0.4249742819,0.0179965215,0.05233121530000001,-1,-1,-1,-1
42,8,0.2221645557,0.4266206578,0.016144144500000013,0.05385990019999998,-1,-1,-1,-1
43,8,0.2086435108,0.4292111565,0.017363341800000015,0.05225063529999996,-1,-1,-1,-1
44,8,0.1975512968,0.4301694231,0.014673296000000002,0.05251196889999998,-1,-1,-1,-1
45,8,0.1880869669,0.4292774631,0.01273740029999998,0.05365111890000002,-1,-1,-1,-1
46,8,0.1773307988,0.4300320088,0.01265702090000001,0.05429056880000005,-1,-1,-1,-1
47,8,0.1661556502,0.4317173123,0.014146996899999986,0.05236456319999999,-1,-1,-1,-1
48,8,0.1542355501,0.4323191322,0.013545574899999996,0.05417028260000001,-1,-1,-1,-1
49,8,0.1418413502,0.43354003,0.014619490600000007,0.05315076999999996,-1,-1,-1,-1
50,8,0.1313048566,0.4346233837,0.0131488612,0.054234253600000004,-1,-1,-1,-1
51,8,0.1199782209,0.4359287543,0.017981847199999998,0.05545268590000002,-1,-1,-1,-1
52,8,0.1097526592,0.4379188605,0.019256967100000008,0.05359519289999998,-1,-1,-1,-1
53,8,0.0974370865,0.4397760939,0.0182121076,0.05691182030000003,-1,-1,-1,-1
54,8,0.0838525995,0.4415007142,0.019331797999999997,0.055983138700000046,-1,-1,-1,-1
55,8,0.069297938,0.4429599783,0.020600639399999995,0.05691182029999997,-1,-1,-1,-1
56,8,0.0569080454,0.4442864995,0.018883761199999995,0.057177176399999974,-1,-1,-1,-1
57,8,0.0469074876,0.4439312207,0.016461281799999998,0.05772047530000002,-1,-1,-1,-1
58,8,0.0312554024,0.4467506135,0.0161808664,0.057894611199999946,-1,-1,-1,-1
59,8,0.0197279277,0.4475024343,0.015123157899999996,0.05845880110000007,-1,-1,-1,-1
60,8,0.0062967529,0.4486302952,0.015334728799999999,0.05883471150000008,-1,-1,-1,-1
