204,277,0.6591468714,0.9898918125,0.03894671270000005,0.18316424939999987,-1,-1,-1,-1
205,277,0.6369036008,0.9504514558,0.036767780700000086,0.17627032220000005,-1,-1,-1,-1
206,277,0.596542035,0.9043961632,0.056461283999999945,0.2077103830999999,-1,-1,-1,-1
207,277,0.5849311876,0.8669214951,0.04229665830000007,0.19706978479999993,-1,-1,-1,-1
208,277,0.5569901039,0.835536676,0.045969435700000005,0.1869889992,-1,-1,-1,-1
209,277,0.5335314322,0.8052131517,0.04833905900000002,0.18025623150000003,-1,-1,-1,-1
210,277,0.5131531686,0.7786801328,0.04383693529999999,0.1794138393,-1,-1,-1,-1
211,277,0.5081770911,0.7534105725,0.033410826600000054,0.16593673180000001,-1,-1,-1,-1
212,277,0.4885097583,0.7298255371,0.03957164260000001,0.16130409369999998,-1,-1,-1,-1
213,277,0.4804531268,0.7096099407,0.03364780350000002,0.15119629559999992,-1,-1,-1,-1
214,277,0.4676575407,0.6923423278,0.031752134099999996,0.1478269862999999,-1,-1,-1,-1
215,277,0.4598380322,0.6750748447,0.030093441599999993,0.13771918809999995,-1,-1,-1,-1
216,277,0.4417620804,0.6624291,0.029725784300000002,0.13418106289999998,-1,-1,-1,-1
217,277,0.4296514351,0.649570162,0.027209419300000037,0.12719239970000007,-1,-1,-1,-1
218,277,0.4132944787,0.6375497235,0.028467601699999956,0.1274720291999999,-1,-1,-1,-1
219,277,0.4074751839,0.6249702853,0.023591834300000003,0.12020373640000004,-1,-1,-1,-1
220,277,0.3915329005,0.6148883091,0.026742036000000025,0.11829836249999992,-1,-1,-1,-1
221,277,0.3896581108,0.603313591,0.02273474580000001,0.11203037799999993,-1,-1,-1,-1
222,277,0.3775934591,0.5944064483,0.025187011800000048,0.10932530250000005,-1,-1,-1,-1
223,277,0.3729561288,0.5845293607,0.023496488699999984,0.10443029270000004,-1,-1,-1,-1
224,277,0.3640613903,0.5767934182,0.021247763099999983,0.10310078710000004,-1,-1,-1,-1
225,277,0.3555884796,0.5686844201,0.023594024499999977,0.09893034870000006,-1,-1,-1,-1
226,277,0.3481582381,0.5615020273,0.02072635549999996,0.09661364049999999,-1,-1,-1,-1
227,277,0.3438257801,0.5544474468,0.0233953026,0.09695192079999992,-1,-1,-1,-1
228,277,0.3427175515,0.5470064454,0.02068634829999999,0.09541999190000006,-1,-1,-1,-1
229,277,0.3439021442,0.5385897898,0.022157853700000008,0.0921077763,-1,-1,-1,-1
230,277,0.3453143689,0.5317215424,0.021175487400000026,0.09008380319999998,-1,-1,-1,-1
231,277,0.3402972622,0.5245700164,0.020804165799999996,0.08767121919999998,-1,-1,-1,-1
232,277,0.3366723767,0.5188328897,0.02125258149999998,0.08428846410000002,-1,-1,-1,-1
233,277,0.3308374586,0.5119504987,0.019394729099999952,0.082942544,-1,-1,-1,-1
