23,135,0.9619197205,0.3421995156,0.009490904000000078,0.04335426259999997,-1,-1,-1,-1
24,135,0.9591698828,0.3418842025,0.01064395819999997,0.04761086040000001,-1,-1,-1,-1
25,135,0.9550897329,0.3448795478,0.008781433400000038,0.04335426249999996,-1,-1,-1,-1
26,135,0.9491469123,0.3462981975,0.008337849899999972,0.04303920889999996,-1,-1,-1,-1
27,135,0.9418737793,0.3492938023,0.00833784999999998,0.03941297769999996,-1,-1,-1,-1
28,135,0.9340681419,0.3508702384,0.00833784999999998,0.03941297770000002,-1,-1,-1,-1
29,135,0.9261738754,0.3497665125,0.008515108100000002,0.03515663929999996,-1,-1,-1,-1
30,135,0.9189004504,0.3510277652,0.008515108100000002,0.035156639300000014,-1,-1,-1,-1
31,135,0.9102965672,0.3522890179,0.008515108100000002,0.035156639200000006,-1,-1,-1,-1
32,135,0.9018702342,0.352604331,0.008515108100000002,0.037683296899999996,-1,-1,-1,-1
33,135,0.8944194051,0.3530322746,0.008515108100000002,0.035156639200000006,-1,-1,-1,-1
34,135,0.8791881985,0.3534377699,0.011520612200000002,0.03644137820000004,-1,-1,-1,-1
35,135,0.8694373937,0.35448012,0.01144965050000002,0.03794683630000001,-1,-1,-1,-1
36,135,0.8612502278,0.3557745908,0.011942147799999914,0.0382932916,-1,-1,-1,-1
37,135,0.8490619043,0.3558838475,0.010957299200000103,0.03862184009999997,-1,-1,-1,-1
38,135,0.8393165019,0.3561376551,0.01371356130000001,0.03883451430000001,-1,-1,-1,-1
39,135,0.828488131,0.3563019294,0.014818139600000002,0.03905419539999999,-1,-1,-1,-1
40,135,0.8220358756,0.3561315564,0.010168106199999971,0.03971985659999999,-1,-1,-1,-1
41,135,0.8143146329,0.3561315564,0.01032725890000008,0.04022137320000002,-1,-1,-1,-1
42,135,0.8103644334,0.3561315564,0.007166836500000051,0.040823193199999996,-1,-1,-1,-1
43,135,0.8056241648,0.3577364096,0.00694110240000001,0.03992046319999998,-1,-1,-1,-1
44,135,0.7970461257,0.3597424761,0.010778726900000035,0.038716823300000036,-1,-1,-1,-1
45,135,0.7916526009,0.3602136292,0.009444472300000006,0.03903187699999999,-1,-1,-1,-1
46,135,0.7839253717,0.359440009,0.011802706700000054,0.039977557,-1,-1,-1,-1
47,135,0.7813641811,0.3580975275,0.007301459199999916,0.04051475719999997,-1,-1,-1,-1
48,135,0.7755231306,0.3589029386,0.00780490739999995,0.041230764600000025,-1,-1,-1,-1
49,135,0.767315523,0.3595294126,0.011376790699999972,0.041051827600000035,-1,-1,-1,-1
50,135,0.7614743265,0.3606929571,0.009617642199999943,0.04105169790000002,-1,-1,-1,-1
51,135,0.7534543439,0.3616246232,0.012192995900000003,0.04081826230000002,-1,-1,-1,-1
52,135,0.7480551247,0.3618221156,0.009519814299999929,0.041552436000000026,-1,-1,-1,-1
53,135,0.7418696326,0.3620084488,0.008471450599999986,0.042204602199999997,-1,-1,-1,-1
54,135,0.7358415411,0.3629401149,0.007527923299999961,0.042390935399999996,-1,-1,-1,-1
55,135,0.7287126677,0.3633127813,0.008156941500000014,0.04285676840000002,-1,-1,-1,-1
56,135,0.7202209215,0.364337614,0.010620596299999896,0.04322943480000002,-1,-1,-1,-1
57,135,0.7120961025,0.3655487799,0.009729487199999998,0.043136268199999994,-1,-1,-1,-1
58,135,0.7025879691,0.3663872793,0.013261947299999965,0.042763601799999995,-1,-1,-1,-1
59,135,0.6953542593,0.3675052786,0.010955401099999929,0.04304323139999999,-1,-1,-1,-1
60,135,0.6853423857,0.3684369446,0.01315696480000006,0.042484231799999994,-1,-1,-1,-1
61,135,0.6798908942,0.3693686107,0.008596582699999966,0.04350906440000002,-1,-1,-1,-1
62,135,0.6742821483,0.3699276103,0.006971618799999968,0.044068064100000026,-1,-1,-1,-1
63,135,0.6632835278,0.3705510999,0.009890099900000004,0.04533398799999999,-1,-1,-1,-1
64,135,0.6562170014,0.3714562953,0.007216334299999905,0.04250525259999999,-1,-1,-1,-1
65,135,0.6478135922,0.3727009388,0.007343802499999996,0.042165804400000007,-1,-1,-1,-1
66,135,0.6394739901,0.3748507777,0.00753463980000002,0.044768240999999986,-1,-1,-1,-1
67,135,0.6288650747,0.3770743194,0.011586463400000024,0.04288414749999997,-1,-1,-1,-1
68,135,0.6213529207,0.3775270469,0.010695208199999917,0.045373304800000014,-1,-1,-1,-1
69,135,0.6104668752,0.3780926642,0.014387405200000036,0.04559973340000001,-1,-1,-1,-1
70,135,0.6006795675,0.3798277949,0.013675306300000023,0.04526755160000001,-1,-1,-1,-1
71,135,0.5966503757,0.3801484282,0.008263091899999964,0.04569510589999998,-1,-1,-1,-1
72,135,0.5818570581,0.3827698095,0.01090911530000005,0.045425337899999974,-1,-1,-1,-1
73,135,0.5698302235,0.3835178672,0.015298809899999988,0.04574597130000002,-1,-1,-1,-1
74,135,0.5639970576,0.3840523425,0.008984681599999988,0.04649402900000005,-1,-1,-1,-1
75,135,0.5547606518,0.3840522127,0.009501416899999948,0.04788361289999998,-1,-1,-1,-1
76,135,0.5445978021,0.3848004003,0.008058091600000039,0.04873872139999996,-1,-1,-1,-1
77,135,0.5344949632,0.3864035666,0.00811839439999995,0.047242476099999986,-1,-1,-1,-1
78,135,0.5240916322,0.3877931504,0.009284589600000004,0.047242346300000015,-1,-1,-1,-1
79,135,0.5154922754,0.3895033675,0.00920077890000004,0.048204116300000044,-1,-1,-1,-1
80,135,0.5061713289,0.390465397,0.011185223399999944,0.04852474969999998,-1,-1,-1,-1
81,135,0.4967902256,0.3915342178,0.010944596199999934,0.047135295600000016,-1,-1,-1,-1
82,135,0.4845743059,0.3941489814,0.010497800499999987,0.048230976400000014,-1,-1,-1,-1
83,135,0.473094577,0.3950585886,0.015237047000000004,0.04978704030000003,-1,-1,-1,-1
84,135,0.46479396,0.3964455772,0.01264519399999997,0.04873379059999999,-1,-1,-1,-1
85,135,0.450120518,0.3986077432,0.012350834499999963,0.04873379050000004,-1,-1,-1,-1
86,135,0.4378694095,0.3991592168,0.01559360750000005,0.04861233660000003,-1,-1,-1,-1
87,135,0.4284614401,0.4005429615,0.013151854399999996,0.04952622569999998,-1,-1,-1,-1
88,135,0.4172579652,0.4020747606,0.014300966299999995,0.049270861,-1,-1,-1,-1
89,135,0.4068540502,0.4042447121,0.012352440700000022,0.0497814607,-1,-1,-1,-1
90,135,0.3954353542,0.4064149231,0.011418696000000006,0.049781201200000014,-1,-1,-1,-1
91,135,0.3817949447,0.4080959445,0.015029418499999947,0.050960187000000046,-1,-1,-1,-1
92,135,0.3698349835,0.4103141661,0.013484615000000033,0.04715255340000002,-1,-1,-1,-1
93,135,0.356482655,0.4118743823,0.012875308400000007,0.048585087400000004,-1,-1,-1,-1
94,135,0.3407025906,0.4168320655,0.020012358399999985,0.05139461849999999,-1,-1,-1,-1
95,135,0.3267872412,0.4187192732,0.018375713699999963,0.052236361799999964,-1,-1,-1,-1
96,135,0.3148815962,0.4199330342,0.01632863019999997,0.0516514106,-1,-1,-1,-1
97,135,0.2986982476,0.4216320921,0.018581882199999955,0.05335059809999998,-1,-1,-1,-1
98,135,0.2871579239,0.422794858,0.01639696359999998,0.052551934600000016,-1,-1,-1,-1
99,135,0.2755583194,0.4229160525,0.013998284100000036,0.05376569560000005,-1,-1,-1,-1
100,135,0.2648377051,0.4246152401,0.013998284100000036,0.054372576100000014,-1,-1,-1,-1
101,135,0.2520685472,0.4266785301,0.009354675199999996,0.055222104999999966,-1,-1,-1,-1
102,135,0.2390943889,0.4287416903,0.011335031399999973,0.05582898550000004,-1,-1,-1,-1
103,135,0.2250279174,0.4310476286,0.013451762400000011,0.0557076614,-1,-1,-1,-1
104,135,0.2116441234,0.4334748912,0.014407627800000017,0.05643599580000003,-1,-1,-1,-1
105,135,0.1971677242,0.4359022835,0.016319723499999994,0.0551009106,-1,-1,-1,-1
106,135,0.1826914709,0.4391793346,0.018436454599999985,0.05510078079999997,-1,-1,-1,-1
107,135,0.173677879,0.438693908,0.014271106899999997,0.05546488319999998,-1,-1,-1,-1
108,135,0.1553093929,0.4396648909,0.014544148600000001,0.05449390030000001,-1,-1,-1,-1
109,135,0.1462958739,0.4406358738,0.014817263499999983,0.0547365487,-1,-1,-1,-1
110,135,0.1294978162,0.4417283106,0.014271033900000007,0.056435476799999995,-1,-1,-1,-1
111,135,0.1152263444,0.4437914708,0.015022117799999998,0.05643560660000008,-1,-1,-1,-1
112,135,0.102388707,0.4477965968,0.017070807500000007,0.05764923780000003,-1,-1,-1,-1
113,135,0.086337572,0.4506524517,0.019786259299999998,0.05839872300000004,-1,-1,-1,-1
114,135,0.0725612256,0.4526080421,0.019866638800000003,0.058449458600000004,-1,-1,-1,-1
115,135,0.0572849745,0.4551493624,0.020543913799999994,0.05764690220000007,-1,-1,-1,-1
116,135,0.0403531701,0.4568881264,0.0162545293,0.05978700920000002,-1,-1,-1,-1
117,135,0.0220990841,0.4597923812,0.0233928204,0.05960054619999999,-1,-1,-1,-1
118,135,0.0084567765,0.460136371,0.0189422389,0.060288266300000004,-1,-1,-1,-1
