25,147,0.9598148163,0.35357739,0.00909798670000006,0.03346692410000002,-1,-1,-1,-1
26,147,0.9595844099,0.3540890278,0.00909798669999995,0.03346692409999996,-1,-1,-1,-1
27,147,0.9580873524,0.3536796397,0.009097986600000052,0.03346692410000002,-1,-1,-1,-1
28,147,0.9564752376,0.3548055543,0.00909798670000006,0.03346692400000001,-1,-1,-1,-1
29,147,0.956417855,0.3542937867,0.00909798670000006,0.036252190399999995,-1,-1,-1,-1
30,147,0.954114375,0.3559313391,0.00909798670000006,0.033466923999999953,-1,-1,-1,-1
31,147,0.9519262443,0.3560337185,0.009097986600000052,0.03346692410000002,-1,-1,-1,-1
32,147,0.9498533167,0.3564429768,0.00909798670000006,0.03735617570000005,-1,-1,-1,-1
33,147,0.9472045191,0.3564428471,0.008233889699999941,0.03530936499999998,-1,-1,-1,-1
34,147,0.9449587137,0.3568522352,0.008233889700000052,0.03530936500000004,-1,-1,-1,-1
35,147,0.9422523876,0.3569544849,0.008233889600000044,0.03530936500000004,-1,-1,-1,-1
36,147,0.9405825982,0.3574663822,0.008233889699999941,0.03530936500000004,-1,-1,-1,-1
37,147,0.93960359,0.3575687616,0.008233889699999941,0.03530936509999999,-1,-1,-1,-1
38,147,0.9374732799,0.3576710113,0.008233889600000044,0.03530936509999999,-1,-1,-1,-1
39,147,0.9382218817,0.3594109431,0.007254881399999968,0.02927092330000003,-1,-1,-1,-1
40,147,0.9382218817,0.3595133226,0.007254881399999968,0.029270923299999974,-1,-1,-1,-1
41,147,0.9370126131,0.3602297193,0.007254881400000079,0.02927092330000003,-1,-1,-1,-1
42,147,0.9386248738,0.3608437365,0.007254881499999977,0.029270923299999974,-1,-1,-1,-1
43,147,0.9397187932,0.3612531246,0.007254881500000088,0.02927092330000003,-1,-1,-1,-1
44,147,0.9411005016,0.3616625127,0.010940653799999978,0.03715154650000002,-1,-1,-1,-1
45,147,0.9443937946,0.3623789094,0.011102288800000082,0.04022202199999997,-1,-1,-1,-1
46,147,0.9483756787,0.3630932299,0.010550072600000071,0.040935564000000035,-1,-1,-1,-1
47,147,0.9481217644,0.3639954408,0.012263519500000042,0.04307865550000001,-1,-1,-1,-1
48,147,0.9527701917,0.3668152229,0.01097832480000005,0.0430786554,-1,-1,-1,-1
49,147,0.9537855568,0.3670407431,0.01097832480000005,0.04307865550000001,-1,-1,-1,-1
50,147,0.9567046219,0.3682814939,0.010978324899999947,0.04307865550000001,-1,-1,-1,-1
51,147,0.9585449529,0.3688454244,0.010407127200000033,0.04082280389999998,-1,-1,-1,-1
52,147,0.9603852839,0.3712139064,0.010216874000000042,0.03789026169999998,-1,-1,-1,-1
